0.0000 12.1941 13.1912
0.0190 12.1570 13.1446
0.0380 12.0466 13.0066
0.0569 11.8656 12.7819
0.0759 11.6182 12.4785
0.0949 11.3101 12.1066
0.1139 10.9483 11.6781
0.1329 10.5410 11.2061
0.1519 10.0968 10.7041
0.1708 9.6250 10.1852
0.1898 9.1350 9.6617
0.2088 8.6361 9.1445
0.2278 8.1368 8.6427
0.2468 7.6455 8.1637
0.2658 7.1691 7.7127
0.2847 6.7138 7.2933
0.3037 6.2847 6.9075
0.3227 5.8856 6.5555
0.3417 5.5191 6.2366
0.3607 5.1869 5.9492
0.3796 4.8895 5.6909
0.3986 4.6266 5.4588
0.4176 4.3972 5.2500
0.4366 4.1996 5.0612
0.4556 4.0315 4.8895
0.4746 3.8904 4.7318
0.4935 3.7735 4.5854
0.5125 3.6776 4.4480
0.5315 3.5998 4.3174
0.5505 3.5369 4.1918
0.5695 3.4859 4.0700
0.5884 3.4441 3.9510
0.6074 3.4088 3.8340
0.6264 3.3778 3.7189
0.6454 3.3489 3.6056
0.6644 3.3207 3.4944
0.6834 3.2915 3.3856
0.7023 3.2606 3.2798
0.7213 3.2272 3.1776
0.7403 3.1909 3.0793
0.7593 3.1515 2.9855
0.7783 3.1090 2.8963
0.7973 3.0637 2.8118
0.8162 3.0158 2.7319
0.8352 2.9656 2.6563
0.8542 2.9137 2.5845
0.8732 2.8602 2.5159
0.8922 2.8057 2.4498
0.9111 2.7503 2.3855
0.9301 2.6943 2.3223
0.9491 2.6380 2.2595
0.9681 2.5813 2.1968
0.9871 2.5244 2.1337
1.0061 2.4674 2.0702
1.0250 2.4101 2.0062
1.0440 2.3525 1.9419
1.0630 2.2946 1.8776
1.0820 2.2363 1.8139
1.1010 2.1777 1.7511
1.1199 2.1188 1.6898
1.1389 2.0597 1.6306
1.1579 2.0006 1.5738
1.1769 1.9418 1.5199
1.1959 1.8835 1.4691
1.2149 1.8261 1.4215
1.2338 1.7700 1.3773
1.2528 1.7155 1.3364
1.2718 1.6631 1.2985
1.2908 1.6129 1.2636
1.3098 1.5651 1.2314
1.3288 1.5200 1.2016
1.3477 1.4775 1.1739
1.3667 1.4376 1.1482
1.3857 1.4001 1.1243
1.4047 1.3647 1.1022
1.4237 1.3313 1.0818
1.4426 1.2996 1.0631
1.4616 1.2694 1.0463
1.4806 1.2404 1.0315
1.4996 1.2126 1.0189
1.5186 1.1859 1.0087
1.5376 1.1604 1.0011
1.5565 1.1363 0.9961
1.5755 1.1136 0.9939
1.5945 1.0928 0.9945
1.6135 1.0740 0.9977
1.6325 1.0575 1.0035
1.6515 1.0436 1.0116
1.6704 1.0324 1.0217
1.6894 1.0240 1.0334
1.7084 1.0184 1.0464
1.7274 1.0154 1.0602
1.7464 1.0148 1.0745
1.7653 1.0163 1.0889
1.7843 1.0195 1.1030
1.8033 1.0240 1.1165
1.8223 1.0294 1.1293
1.8413 1.0350 1.1411
1.8603 1.0406 1.1518
1.8792 1.0455 1.1614
1.8982 1.0495 1.1697
1.9172 1.0521 1.1767
1.9362 1.0532 1.1825
1.9552 1.0527 1.1869
1.9741 1.0504 1.1901
1.9931 1.0464 1.1918
2.0121 1.0409 1.1922
2.0311 1.0342 1.1911
2.0501 1.0265 1.1886
2.0691 1.0182 1.1845
2.0880 1.0097 1.1788
2.1070 1.0015 1.1716
2.1260 0.9939 1.1626
2.1450 0.9873 1.1520
2.1640 0.9820 1.1396
2.1830 0.9781 1.1256
2.2019 0.9759 1.1100
2.2209 0.9752 1.0929
2.2399 0.9760 1.0745
2.2589 0.9783 1.0548
2.2779 0.9817 1.0343
2.2968 0.9859 1.0131
2.3158 0.9908 0.9917
2.3348 0.9960 0.9704
2.3538 1.0012 0.9496
2.3728 1.0061 0.9298
2.3918 1.0105 0.9114
2.4107 1.0140 0.8947
2.4297 1.0165 0.8802
2.4487 1.0178 0.8681
2.4677 1.0177 0.8586
2.4867 1.0162 0.8518
2.5056 1.0131 0.8477
2.5246 1.0084 0.8462
2.5436 1.0022 0.8471
2.5626 0.9944 0.8501
2.5816 0.9853 0.8548
2.6006 0.9749 0.8608
2.6195 0.9635 0.8675
2.6385 0.9513 0.8744
2.6575 0.9386 0.8810
2.6765 0.9255 0.8868
2.6955 0.9124 0.8912
2.7145 0.8994 0.8937
2.7334 0.8868 0.8941
2.7524 0.8746 0.8921
2.7714 0.8630 0.8874
2.7904 0.8520 0.8801
2.8094 0.8417 0.8703
2.8283 0.8319 0.8581
2.8473 0.8227 0.8439
2.8663 0.8139 0.8282
2.8853 0.8055 0.8113
2.9043 0.7973 0.7939
2.9233 0.7894 0.7765
2.9422 0.7815 0.7595
2.9612 0.7738 0.7436
2.9802 0.7661 0.7291
2.9992 0.7585 0.7164
3.0182 0.7511 0.7059
3.0372 0.7438 0.6975
3.0561 0.7367 0.6915
3.0751 0.7299 0.6878
3.0941 0.7234 0.6862
3.1131 0.7172 0.6866
3.1321 0.7115 0.6887
3.1510 0.7061 0.6921
3.1700 0.7011 0.6967
3.1890 0.6964 0.7019
3.2080 0.6922 0.7075
3.2270 0.6883 0.7132
3.2460 0.6848 0.7187
3.2649 0.6816 0.7238
3.2839 0.6788 0.7282
3.3029 0.6764 0.7318
3.3219 0.6745 0.7346
3.3409 0.6732 0.7364
3.3598 0.6724 0.7372
3.3788 0.6723 0.7371
3.3978 0.6729 0.7360
3.4168 0.6743 0.7340
3.4358 0.6765 0.7312
3.4548 0.6795 0.7274
3.4737 0.6832 0.7228
3.4927 0.6877 0.7174
3.5117 0.6927 0.7111
3.5307 0.6983 0.7040
3.5497 0.7042 0.6960
3.5687 0.7104 0.6871
3.5876 0.7166 0.6775
3.6066 0.7228 0.6670
3.6256 0.7288 0.6557
3.6446 0.7345 0.6437
3.6636 0.7398 0.6312
3.6825 0.7445 0.6183
3.7015 0.7487 0.6051
3.7205 0.7523 0.5918
3.7395 0.7553 0.5787
3.7585 0.7578 0.5660
3.7775 0.7597 0.5540
3.7964 0.7612 0.5429
3.8154 0.7624 0.5330
3.8344 0.7634 0.5245
3.8534 0.7644 0.5176
3.8724 0.7654 0.5125
3.8913 0.7667 0.5093
3.9103 0.7684 0.5080
3.9293 0.7706 0.5088
3.9483 0.7734 0.5115
3.9673 0.7769 0.5160
3.9863 0.7812 0.5222
4.0052 0.7863 0.5298
4.0242 0.7921 0.5386
4.0432 0.7986 0.5483
4.0622 0.8057 0.5586
4.0812 0.8134 0.5691
4.1002 0.8215 0.5795
4.1191 0.8298 0.5896
4.1381 0.8382 0.5990
4.1571 0.8466 0.6076
4.1761 0.8548 0.6152
4.1951 0.8627 0.6216
4.2140 0.8702 0.6269
4.2330 0.8772 0.6310
4.2520 0.8836 0.6341
4.2710 0.8893 0.6361
4.2900 0.8943 0.6373
4.3090 0.8987 0.6378
4.3279 0.9024 0.6377
4.3469 0.9054 0.6374
4.3659 0.9078 0.6369
4.3849 0.9095 0.6364
4.4039 0.9107 0.6360
4.4229 0.9114 0.6360
4.4418 0.9117 0.6363
4.4608 0.9116 0.6370
4.4798 0.9111 0.6383
4.4988 0.9104 0.6400
4.5178 0.9094 0.6423
4.5367 0.9082 0.6451
4.5557 0.9069 0.6483
4.5747 0.9054 0.6520
4.5937 0.9038 0.6561
4.6127 0.9020 0.6605
4.6317 0.9000 0.6651
4.6506 0.8978 0.6700
4.6696 0.8953 0.6751
4.6886 0.8926 0.6803
4.7076 0.8895 0.6856
4.7266 0.8861 0.6909
4.7455 0.8823 0.6962
4.7645 0.8783 0.7015
4.7835 0.8739 0.7067
4.8025 0.8694 0.7117
4.8215 0.8649 0.7166
4.8405 0.8603 0.7214
4.8594 0.8558 0.7260
4.8784 0.8515 0.7304
4.8974 0.8475 0.7346
4.9164 0.8438 0.7385
4.9354 0.8405 0.7423
4.9544 0.8377 0.7459
4.9733 0.8352 0.7492
4.9923 0.8329 0.7524
5.0113 0.8310 0.7553
5.0303 0.8291 0.7579
5.0493 0.8273 0.7603
5.0682 0.8253 0.7624
5.0872 0.8231 0.7642
5.1062 0.8207 0.7656
5.1252 0.8179 0.7666
5.1442 0.8147 0.7673
5.1632 0.8111 0.7675
5.1821 0.8072 0.7673
5.2011 0.8029 0.7667
5.2201 0.7984 0.7658
5.2391 0.7939 0.7645
5.2581 0.7893 0.7629
5.2771 0.7848 0.7611
5.2960 0.7805 0.7591
5.3150 0.7765 0.7571
5.3340 0.7728 0.7551
5.3530 0.7695 0.7530
5.3720 0.7667 0.7511
5.3909 0.7643 0.7494
5.4099 0.7623 0.7478
5.4289 0.7606 0.7464
5.4479 0.7592 0.7452
5.4669 0.7581 0.7441
5.4859 0.7571 0.7433
5.5048 0.7562 0.7425
5.5238 0.7553 0.7419
5.5428 0.7544 0.7412
5.5618 0.7535 0.7406
5.5808 0.7525 0.7400
5.5997 0.7515 0.7393
5.6187 0.7506 0.7386
5.6377 0.7496 0.7379
5.6567 0.7489 0.7371
5.6757 0.7483 0.7363
5.6947 0.7480 0.7355
5.7136 0.7481 0.7348
5.7326 0.7487 0.7342
5.7516 0.7498 0.7337
5.7706 0.7516 0.7334
5.7896 0.7541 0.7333
5.8086 0.7572 0.7335
5.8275 0.7611 0.7339
5.8465 0.7656 0.7346
5.8655 0.7708 0.7356
5.8845 0.7766 0.7368
5.9035 0.7828 0.7383
5.9224 0.7895 0.7400
5.9414 0.7963 0.7420
5.9604 0.8034 0.7442
5.9794 0.8104 0.7466
5.9984 0.8174 0.7492
6.0174 0.8241 0.7520
6.0363 0.8305 0.7549
6.0553 0.8365 0.7578
6.0743 0.8419 0.7609
6.0933 0.8468 0.7639
6.1123 0.8510 0.7670
6.1312 0.8545 0.7699
6.1502 0.8573 0.7728
6.1692 0.8595 0.7754
6.1882 0.8609 0.7778
6.2072 0.8618 0.7799
6.2262 0.8620 0.7817
6.2451 0.8617 0.7832
6.2641 0.8609 0.7842
6.2831 0.8597 0.7848
6.3021 0.8581 0.7851
6.3211 0.8563 0.7849
6.3401 0.8543 0.7844
6.3590 0.8521 0.7836
6.3780 0.8499 0.7826
6.3970 0.8476 0.7813
6.4160 0.8453 0.7800
6.4350 0.8431 0.7786
6.4539 0.8410 0.7772
6.4729 0.8390 0.7760
6.4919 0.8371 0.7749
6.5109 0.8354 0.7741
6.5299 0.8338 0.7736
6.5489 0.8324 0.7734
6.5678 0.8312 0.7734
6.5868 0.8301 0.7739
6.6058 0.8293 0.7746
6.6248 0.8287 0.7756
6.6438 0.8283 0.7769
6.6628 0.8282 0.7784
6.6817 0.8283 0.7800
6.7007 0.8288 0.7818
6.7197 0.8296 0.7836
6.7387 0.8307 0.7854
6.7577 0.8323 0.7871
6.7766 0.8342 0.7888
6.7956 0.8365 0.7903
6.8146 0.8392 0.7916
6.8336 0.8422 0.7928
6.8526 0.8456 0.7938
6.8716 0.8493 0.7946
6.8905 0.8533 0.7952
6.9095 0.8576 0.7956
6.9285 0.8620 0.7959
6.9475 0.8665 0.7960
6.9665 0.8712 0.7961
6.9854 0.8758 0.7960
7.0044 0.8804 0.7959
7.0234 0.8849 0.7958
7.0424 0.8893 0.7957
7.0614 0.8934 0.7955
7.0804 0.8972 0.7954
7.0993 0.9007 0.7954
7.1183 0.9038 0.7953
7.1373 0.9064 0.7953
7.1563 0.9087 0.7954
7.1753 0.9104 0.7955
7.1943 0.9117 0.7956
7.2132 0.9125 0.7958
7.2322 0.9127 0.7959
7.2512 0.9126 0.7961
7.2702 0.9119 0.7962
7.2892 0.9109 0.7962
7.3081 0.9096 0.7963
7.3271 0.9079 0.7962
7.3461 0.9060 0.7962
7.3651 0.9039 0.7960
7.3841 0.9016 0.7959
7.4031 0.8993 0.7957
7.4220 0.8969 0.7955
7.4410 0.8946 0.7953
7.4600 0.8922 0.7952
7.4790 0.8899 0.7951
7.4980 0.8878 0.7952
7.5169 0.8857 0.7953
7.5359 0.8837 0.7956
7.5549 0.8819 0.7961
7.5739 0.8802 0.7967
7.5929 0.8787 0.7974
7.6119 0.8773 0.7983
7.6308 0.8760 0.7993
7.6498 0.8749 0.8004
7.6688 0.8740 0.8016
7.6878 0.8733 0.8030
7.7068 0.8726 0.8044
7.7258 0.8721 0.8059
7.7447 0.8718 0.8075
7.7637 0.8715 0.8090
7.7827 0.8713 0.8106
7.8017 0.8711 0.8122
7.8207 0.8709 0.8138
7.8396 0.8707 0.8154
7.8586 0.8704 0.8168
7.8776 0.8701 0.8182
7.8966 0.8696 0.8194
7.9156 0.8689 0.8205
7.9346 0.8681 0.8215
7.9535 0.8672 0.8222
7.9725 0.8661 0.8227
7.9915 0.8649 0.8231
8.0105 0.8636 0.8232
8.0295 0.8622 0.8231
8.0485 0.8608 0.8229
8.0674 0.8593 0.8225
8.0864 0.8578 0.8220
8.1054 0.8564 0.8214
8.1244 0.8551 0.8208
8.1434 0.8538 0.8202
8.1623 0.8527 0.8198
8.1813 0.8517 0.8194
8.2003 0.8508 0.8193
8.2193 0.8501 0.8194
8.2383 0.8494 0.8197
8.2573 0.8488 0.8203
8.2762 0.8482 0.8211
8.2952 0.8476 0.8222
8.3142 0.8470 0.8234
8.3332 0.8464 0.8249
8.3522 0.8456 0.8264
8.3711 0.8448 0.8280
8.3901 0.8439 0.8296
8.4091 0.8429 0.8311
8.4281 0.8417 0.8324
8.4471 0.8405 0.8336
8.4661 0.8392 0.8346
8.4850 0.8378 0.8353
8.5040 0.8364 0.8357
8.5230 0.8351 0.8359
8.5420 0.8338 0.8358
8.5610 0.8325 0.8355
8.5800 0.8314 0.8349
8.5989 0.8303 0.8342
8.6179 0.8294 0.8333
8.6369 0.8287 0.8323
8.6559 0.8281 0.8313
8.6749 0.8276 0.8302
8.6938 0.8273 0.8292
8.7128 0.8270 0.8282
8.7318 0.8269 0.8273
8.7508 0.8269 0.8264
8.7698 0.8269 0.8257
8.7888 0.8268 0.8250
8.8077 0.8268 0.8243
8.8267 0.8267 0.8237
8.8457 0.8265 0.8232
8.8647 0.8263 0.8227
8.8837 0.8259 0.8222
8.9026 0.8253 0.8217
8.9216 0.8247 0.8211
8.9406 0.8239 0.8206
8.9596 0.8229 0.8200
8.9786 0.8219 0.8194
8.9976 0.8207 0.8188
9.0165 0.8194 0.8182
9.0355 0.8180 0.8176
9.0545 0.8165 0.8170
9.0735 0.8149 0.8164
9.0925 0.8133 0.8159
9.1115 0.8116 0.8153
9.1304 0.8098 0.8149
9.1494 0.8080 0.8145
9.1684 0.8061 0.8141
9.1874 0.8041 0.8138
9.2064 0.8020 0.8136
9.2253 0.7998 0.8135
9.2443 0.7974 0.8134
9.2633 0.7948 0.8133
9.2823 0.7921 0.8133
9.3013 0.7893 0.8133
9.3203 0.7863 0.8133
9.3392 0.7832 0.8134
9.3582 0.7799 0.8134
9.3772 0.7767 0.8135
9.3962 0.7734 0.8135
9.4152 0.7702 0.8135
9.4342 0.7670 0.8135
9.4531 0.7641 0.8134
9.4721 0.7614 0.8133
9.4911 0.7591 0.8132
9.5101 0.7570 0.8129
9.5291 0.7554 0.8127
9.5480 0.7541 0.8124
9.5670 0.7533 0.8121
9.5860 0.7528 0.8117
9.6050 0.7528 0.8113
9.6240 0.7530 0.8110
9.6430 0.7536 0.8107
9.6619 0.7544 0.8104
9.6809 0.7554 0.8101
9.6999 0.7565 0.8099
9.7189 0.7578 0.8098
9.7379 0.7590 0.8097
9.7568 0.7603 0.8097
9.7758 0.7615 0.8098
9.7948 0.7627 0.8100
9.8138 0.7638 0.8103
9.8328 0.7648 0.8106
9.8518 0.7658 0.8111
9.8707 0.7666 0.8116
9.8897 0.7674 0.8121
9.9087 0.7681 0.8127
9.9277 0.7686 0.8133
9.9467 0.7691 0.8139
9.9657 0.7696 0.8145
9.9846 0.7699 0.8151
10.0036 0.7702 0.8156
10.0226 0.7703 0.8160
10.0416 0.7704 0.8163
10.0606 0.7704 0.8165
10.0795 0.7703 0.8166
10.0985 0.7702 0.8166
10.1175 0.7700 0.8165
10.1365 0.7697 0.8162
10.1555 0.7693 0.8158
10.1745 0.7690 0.8153
10.1934 0.7685 0.8147
10.2124 0.7681 0.8140
10.2314 0.7677 0.8132
10.2504 0.7672 0.8124
10.2694 0.7669 0.8116
10.2883 0.7665 0.8107
10.3073 0.7663 0.8098
10.3263 0.7661 0.8088
10.3453 0.7660 0.8079
10.3643 0.7660 0.8070
10.3833 0.7660 0.8061
10.4022 0.7662 0.8052
10.4212 0.7664 0.8043
10.4402 0.7668 0.8035
10.4592 0.7671 0.8027
10.4782 0.7675 0.8019
10.4972 0.7680 0.8012
10.5161 0.7684 0.8006
10.5351 0.7688 0.8000
10.5541 0.7692 0.7994
10.5731 0.7696 0.7989
10.5921 0.7699 0.7985
10.6110 0.7703 0.7982
10.6300 0.7706 0.7979
10.6490 0.7709 0.7977
10.6680 0.7712 0.7975
10.6870 0.7714 0.7974
10.7060 0.7717 0.7973
10.7249 0.7720 0.7972
10.7439 0.7724 0.7972
10.7629 0.7727 0.7972
10.7819 0.7731 0.7972
10.8009 0.7734 0.7972
10.8199 0.7738 0.7972
10.8388 0.7742 0.7972
10.8578 0.7746 0.7972
10.8768 0.7749 0.7972
10.8958 0.7753 0.7972
10.9148 0.7756 0.7973
10.9337 0.7758 0.7973
10.9527 0.7760 0.7974
10.9717 0.7762 0.7975
10.9907 0.7763 0.7977
11.0097 0.7764 0.7979
11.0287 0.7764 0.7981
11.0476 0.7763 0.7983
11.0666 0.7763 0.7985
11.0856 0.7762 0.7987
11.1046 0.7760 0.7990
11.1236 0.7759 0.7992
11.1425 0.7757 0.7993
11.1615 0.7756 0.7995
11.1805 0.7754 0.7996
11.1995 0.7752 0.7996
11.2185 0.7751 0.7996
11.2375 0.7749 0.7995
11.2564 0.7748 0.7994
11.2754 0.7746 0.7992
11.2944 0.7745 0.7989
11.3134 0.7744 0.7986
11.3324 0.7743 0.7983
11.3514 0.7742 0.7980
11.3703 0.7741 0.7976
11.3893 0.7740 0.7972
11.4083 0.7738 0.7969
11.4273 0.7737 0.7965
11.4463 0.7735 0.7962
11.4652 0.7733 0.7960
11.4842 0.7731 0.7958
11.5032 0.7730 0.7957
11.5222 0.7728 0.7956
11.5412 0.7726 0.7957
11.5602 0.7724 0.7958
11.5791 0.7723 0.7960
11.5981 0.7722 0.7962
11.6171 0.7721 0.7965
11.6361 0.7721 0.7969
11.6551 0.7721 0.7972
11.6740 0.7722 0.7976
11.6930 0.7723 0.7980
11.7120 0.7726 0.7983
11.7310 0.7728 0.7987
11.7500 0.7732 0.7989
11.7690 0.7736 0.7992
11.7879 0.7740 0.7993
11.8069 0.7746 0.7995
11.8259 0.7751 0.7996
11.8449 0.7757 0.7996
11.8639 0.7764 0.7996
11.8829 0.7771 0.7996
11.9018 0.7777 0.7996
11.9208 0.7784 0.7995
11.9398 0.7791 0.7995
11.9588 0.7797 0.7994
11.9778 0.7803 0.7994
11.9967 0.7809 0.7993
12.0157 0.7814 0.7993
12.0347 0.7818 0.7992
12.0537 0.7822 0.7991
12.0727 0.7826 0.7990
12.0917 0.7828 0.7989
12.1106 0.7830 0.7987
12.1296 0.7832 0.7986
12.1486 0.7833 0.7984
12.1676 0.7833 0.7982
12.1866 0.7834 0.7979
12.2056 0.7833 0.7977
12.2245 0.7833 0.7974
12.2435 0.7832 0.7971
12.2625 0.7831 0.7969
12.2815 0.7829 0.7966
12.3005 0.7827 0.7964
12.3194 0.7824 0.7962
12.3384 0.7822 0.7960
12.3574 0.7818 0.7959
12.3764 0.7814 0.7958
12.3954 0.7810 0.7957
12.4144 0.7805 0.7957
12.4333 0.7800 0.7958
12.4523 0.7795 0.7958
12.4713 0.7789 0.7960
12.4903 0.7784 0.7961
12.5093 0.7778 0.7963
12.5282 0.7773 0.7966
12.5472 0.7768 0.7968
12.5662 0.7764 0.7971
12.5852 0.7760 0.7974
12.6042 0.7758 0.7977
12.6232 0.7756 0.7981
12.6421 0.7755 0.7984
12.6611 0.7755 0.7988
12.6801 0.7756 0.7992
12.6991 0.7758 0.7995
12.7181 0.7761 0.7999
12.7371 0.7765 0.8003
12.7560 0.7769 0.8007
12.7750 0.7775 0.8010
12.7940 0.7781 0.8014
12.8130 0.7787 0.8018
12.8320 0.7794 0.8022
12.8509 0.7801 0.8025
12.8699 0.7808 0.8029
12.8889 0.7815 0.8033
12.9079 0.7822 0.8037
12.9269 0.7829 0.8041
12.9459 0.7835 0.8045
12.9648 0.7842 0.8050
12.9838 0.7847 0.8054
13.0028 0.7853 0.8058
13.0218 0.7858 0.8063
13.0408 0.7862 0.8067
13.0598 0.7866 0.8071
13.0787 0.7869 0.8076
13.0977 0.7872 0.8080
13.1167 0.7875 0.8083
13.1357 0.7877 0.8087
13.1547 0.7879 0.8090
13.1736 0.7881 0.8093
13.1926 0.7883 0.8095
13.2116 0.7885 0.8098
13.2306 0.7886 0.8100
13.2496 0.7888 0.8101
13.2686 0.7890 0.8103
13.2875 0.7892 0.8105
13.3065 0.7894 0.8106
13.3255 0.7896 0.8108
13.3445 0.7899 0.8109
13.3635 0.7901 0.8110
13.3824 0.7904 0.8112
13.4014 0.7907 0.8113
13.4204 0.7910 0.8115
13.4394 0.7913 0.8116
13.4584 0.7917 0.8117
13.4774 0.7921 0.8119
13.4963 0.7925 0.8120
13.5153 0.7929 0.8122
13.5343 0.7933 0.8123
13.5533 0.7938 0.8124
13.5723 0.7943 0.8126
13.5913 0.7948 0.8128
13.6102 0.7953 0.8130
13.6292 0.7959 0.8132
13.6482 0.7964 0.8135
13.6672 0.7970 0.8138
13.6862 0.7976 0.8142
13.7051 0.7982 0.8146
13.7241 0.7988 0.8150
13.7431 0.7994 0.8155
13.7621 0.8000 0.8161
13.7811 0.8006 0.8167
13.8001 0.8012 0.8173
13.8190 0.8018 0.8179
13.8380 0.8024 0.8186
13.8570 0.8029 0.8192
13.8760 0.8034 0.8199
13.8950 0.8039 0.8205
13.9139 0.8044 0.8211
13.9329 0.8048 0.8216
13.9519 0.8052 0.8221
13.9709 0.8055 0.8225
13.9899 0.8058 0.8229
14.0089 0.8061 0.8232
14.0278 0.8064 0.8235
14.0468 0.8066 0.8237
14.0658 0.8069 0.8238
14.0848 0.8071 0.8239
14.1038 0.8073 0.8240
14.1228 0.8076 0.8240
14.1417 0.8078 0.8240
14.1607 0.8081 0.8240
14.1797 0.8083 0.8240
14.1987 0.8087 0.8240
14.2177 0.8090 0.8240
14.2366 0.8093 0.8241
14.2556 0.8097 0.8242
14.2746 0.8101 0.8243
14.2936 0.8106 0.8244
14.3126 0.8110 0.8245
14.3316 0.8115 0.8247
14.3505 0.8120 0.8250
14.3695 0.8125 0.8252
14.3885 0.8130 0.8255
14.4075 0.8135 0.8259
14.4265 0.8140 0.8262
14.4455 0.8144 0.8266
14.4644 0.8149 0.8270
14.4834 0.8154 0.8274
14.5024 0.8158 0.8278
14.5214 0.8163 0.8282
14.5404 0.8167 0.8286
14.5593 0.8172 0.8291
14.5783 0.8176 0.8295
14.5973 0.8180 0.8300
14.6163 0.8184 0.8304
14.6353 0.8188 0.8308
14.6543 0.8192 0.8312
14.6732 0.8196 0.8316
14.6922 0.8200 0.8319
14.7112 0.8204 0.8322
14.7302 0.8207 0.8325
14.7492 0.8210 0.8327
14.7681 0.8213 0.8330
14.7871 0.8216 0.8331
14.8061 0.8218 0.8333
14.8251 0.8220 0.8334
14.8441 0.8222 0.8335
14.8631 0.8223 0.8335
14.8820 0.8224 0.8336
14.9010 0.8225 0.8336
14.9200 0.8225 0.8336
14.9390 0.8225 0.8336
14.9580 0.8225 0.8336
14.9770 0.8224 0.8336
14.9959 0.8223 0.8336
15.0149 0.8222 0.8336
15.0339 0.8221 0.8336
15.0529 0.8220 0.8337
15.0719 0.8219 0.8337
15.0908 0.8218 0.8338
15.1098 0.8217 0.8339
15.1288 0.8216 0.8340
15.1478 0.8216 0.8341
15.1668 0.8215 0.8343
15.1858 0.8215 0.8344
15.2047 0.8215 0.8346
15.2237 0.8216 0.8347
15.2427 0.8217 0.8349
15.2617 0.8218 0.8350
15.2807 0.8219 0.8352
15.2996 0.8221 0.8353
15.3186 0.8222 0.8355
15.3376 0.8224 0.8356
15.3566 0.8227 0.8357
15.3756 0.8229 0.8359
15.3946 0.8232 0.8360
15.4135 0.8234 0.8361
15.4325 0.8237 0.8362
15.4515 0.8240 0.8363
15.4705 0.8243 0.8364
15.4895 0.8246 0.8364
15.5085 0.8249 0.8365
15.5274 0.8252 0.8366
15.5464 0.8255 0.8367
15.5654 0.8258 0.8368
15.5844 0.8261 0.8368
15.6034 0.8264 0.8369
15.6223 0.8267 0.8369
15.6413 0.8270 0.8370
15.6603 0.8272 0.8370
15.6793 0.8274 0.8371
15.6983 0.8277 0.8371
15.7173 0.8279 0.8371
15.7362 0.8281 0.8372
15.7552 0.8282 0.8372
15.7742 0.8284 0.8372
15.7932 0.8285 0.8372
15.8122 0.8286 0.8373
15.8312 0.8287 0.8373
15.8501 0.8288 0.8374
15.8691 0.8289 0.8375
15.8881 0.8289 0.8376
15.9071 0.8290 0.8377
15.9261 0.8290 0.8378
15.9450 0.8291 0.8379
15.9640 0.8292 0.8381
15.9830 0.8292 0.8383
16.0020 0.8293 0.8384
16.0210 0.8293 0.8386
16.0400 0.8294 0.8388
16.0589 0.8295 0.8391
16.0779 0.8296 0.8393
16.0969 0.8297 0.8395
16.1159 0.8298 0.8397
16.1349 0.8299 0.8399
16.1538 0.8300 0.8401
16.1728 0.8301 0.8402
16.1918 0.8303 0.8404
16.2108 0.8304 0.8405
16.2298 0.8305 0.8406
16.2488 0.8307 0.8407
16.2677 0.8308 0.8408
16.2867 0.8310 0.8409
16.3057 0.8311 0.8409
16.3247 0.8313 0.8410
16.3437 0.8315 0.8410
16.3627 0.8316 0.8410
16.3816 0.8318 0.8411
16.4006 0.8320 0.8411
16.4196 0.8322 0.8412
16.4386 0.8325 0.8412
16.4576 0.8327 0.8413
16.4765 0.8329 0.8414
16.4955 0.8332 0.8416
16.5145 0.8334 0.8417
16.5335 0.8337 0.8418
16.5525 0.8339 0.8420
16.5715 0.8342 0.8422
16.5904 0.8344 0.8424
16.6094 0.8346 0.8426
16.6284 0.8348 0.8428
16.6474 0.8350 0.8430
16.6664 0.8352 0.8432
16.6853 0.8353 0.8434
16.7043 0.8355 0.8436
16.7233 0.8356 0.8438
16.7423 0.8357 0.8440
16.7613 0.8358 0.8441
16.7803 0.8359 0.8443
16.7992 0.8360 0.8444
16.8182 0.8361 0.8445
16.8372 0.8363 0.8447
16.8562 0.8364 0.8448
16.8752 0.8366 0.8449
16.8942 0.8367 0.8451
16.9131 0.8369 0.8452
16.9321 0.8371 0.8453
16.9511 0.8374 0.8455
16.9701 0.8376 0.8456
16.9891 0.8379 0.8458
17.0080 0.8382 0.8460
17.0270 0.8385 0.8462
17.0460 0.8388 0.8464
17.0650 0.8391 0.8466
17.0840 0.8394 0.8469
17.1030 0.8397 0.8471
17.1219 0.8400 0.8474
17.1409 0.8404 0.8477
17.1599 0.8407 0.8480
17.1789 0.8410 0.8483
17.1979 0.8413 0.8486
17.2169 0.8416 0.8489
17.2358 0.8419 0.8492
17.2548 0.8422 0.8496
17.2738 0.8425 0.8499
17.2928 0.8427 0.8502
17.3118 0.8430 0.8505
17.3307 0.8433 0.8509
17.3497 0.8436 0.8512
17.3687 0.8439 0.8515
17.3877 0.8441 0.8518
17.4067 0.8444 0.8521
17.4257 0.8447 0.8524
17.4446 0.8450 0.8527
17.4636 0.8452 0.8530
17.4826 0.8455 0.8533
17.5016 0.8458 0.8536
17.5206 0.8461 0.8539
17.5395 0.8464 0.8541
17.5585 0.8467 0.8544
17.5775 0.8469 0.8547
17.5965 0.8472 0.8550
17.6155 0.8475 0.8553
17.6345 0.8477 0.8556
17.6534 0.8480 0.8560
17.6724 0.8482 0.8563
17.6914 0.8485 0.8567
17.7104 0.8487 0.8570
17.7294 0.8489 0.8574
17.7484 0.8491 0.8577
17.7673 0.8494 0.8581
17.7863 0.8496 0.8584
17.8053 0.8498 0.8588
17.8243 0.8500 0.8591
17.8433 0.8503 0.8595
17.8622 0.8505 0.8598
17.8812 0.8508 0.8601
17.9002 0.8511 0.8604
17.9192 0.8513 0.8607
17.9382 0.8516 0.8609
17.9572 0.8519 0.8612
17.9761 0.8523 0.8614
17.9951 0.8526 0.8616
18.0141 0.8529 0.8619
18.0331 0.8533 0.8621
18.0521 0.8536 0.8623
18.0710 0.8540 0.8625
18.0900 0.8543 0.8628
18.1090 0.8547 0.8630
18.1280 0.8550 0.8633
18.1470 0.8554 0.8635
18.1660 0.8557 0.8638
18.1849 0.8561 0.8641
18.2039 0.8564 0.8644
18.2229 0.8568 0.8648
18.2419 0.8571 0.8651
18.2609 0.8574 0.8655
18.2799 0.8578 0.8659
18.2988 0.8581 0.8663
18.3178 0.8585 0.8666
18.3368 0.8588 0.8671
18.3558 0.8592 0.8675
18.3748 0.8596 0.8679
18.3937 0.8599 0.8683
18.4127 0.8603 0.8687
18.4317 0.8606 0.8691
18.4507 0.8610 0.8695
18.4697 0.8614 0.8700
18.4887 0.8618 0.8704
18.5076 0.8621 0.8708
18.5266 0.8625 0.8711
18.5456 0.8628 0.8715
18.5646 0.8632 0.8719
18.5836 0.8636 0.8722
18.6026 0.8639 0.8726
18.6215 0.8643 0.8729
18.6405 0.8646 0.8733
18.6595 0.8650 0.8736
18.6785 0.8653 0.8739
18.6975 0.8657 0.8742
18.7164 0.8660 0.8745
18.7354 0.8664 0.8748
18.7544 0.8667 0.8751
18.7734 0.8671 0.8753
18.7924 0.8674 0.8756
18.8114 0.8678 0.8759
18.8303 0.8681 0.8762
18.8493 0.8685 0.8765
18.8683 0.8688 0.8767
18.8873 0.8692 0.8770
18.9063 0.8696 0.8773
18.9252 0.8699 0.8776
18.9442 0.8703 0.8779
18.9632 0.8707 0.8782
18.9822 0.8710 0.8785
19.0012 0.8714 0.8788
19.0202 0.8718 0.8791
19.0391 0.8721 0.8794
19.0581 0.8725 0.8797
19.0771 0.8729 0.8800
19.0961 0.8732 0.8803
19.1151 0.8736 0.8806
19.1341 0.8739 0.8810
19.1530 0.8743 0.8813
19.1720 0.8746 0.8816
19.1910 0.8750 0.8819
19.2100 0.8753 0.8822
19.2290 0.8757 0.8825
19.2479 0.8761 0.8828
19.2669 0.8764 0.8832
19.2859 0.8768 0.8835
19.3049 0.8772 0.8838
19.3239 0.8776 0.8841
19.3429 0.8779 0.8844
19.3618 0.8783 0.8847
19.3808 0.8787 0.8850
19.3998 0.8791 0.8853
19.4188 0.8795 0.8856
19.4378 0.8799 0.8859
19.4567 0.8802 0.8862
19.4757 0.8806 0.8866
19.4947 0.8810 0.8869
19.5137 0.8814 0.8872
19.5327 0.8817 0.8875
19.5517 0.8821 0.8878
19.5706 0.8825 0.8881
19.5896 0.8828 0.8884
19.6086 0.8832 0.8887
19.6276 0.8836 0.8890
19.6466 0.8839 0.8893
19.6656 0.8843 0.8896
19.6845 0.8846 0.8899
19.7035 0.8850 0.8902
19.7225 0.8853 0.8905
19.7415 0.8857 0.8908
19.7605 0.8860 0.8911
19.7794 0.8863 0.8915
19.7984 0.8867 0.8918
19.8174 0.8870 0.8921
19.8364 0.8873 0.8924
19.8554 0.8876 0.8927
19.8744 0.8879 0.8931
19.8933 0.8882 0.8934
19.9123 0.8885 0.8937
19.9313 0.8888 0.8941
19.9503 0.8891 0.8944
19.9693 0.8894 0.8948
19.9883 0.8897 0.8951
20.0072 0.8900 0.8954
20.0262 0.8903 0.8958
20.0452 0.8907 0.8961
20.0642 0.8910 0.8964
20.0832 0.8913 0.8967
20.1021 0.8916 0.8971
20.1211 0.8919 0.8974
20.1401 0.8922 0.8977
20.1591 0.8925 0.8980
20.1781 0.8928 0.8983
20.1971 0.8931 0.8986
20.2160 0.8934 0.8989
20.2350 0.8937 0.8991
20.2540 0.8940 0.8994
20.2730 0.8943 0.8997
20.2920 0.8946 0.9000
20.3109 0.8949 0.9003
20.3299 0.8952 0.9005
20.3489 0.8955 0.9008
20.3679 0.8958 0.9011
20.3869 0.8960 0.9014
20.4059 0.8963 0.9016
20.4248 0.8966 0.9019
20.4438 0.8969 0.9022
20.4628 0.8971 0.9024
20.4818 0.8974 0.9027
20.5008 0.8977 0.9030
20.5198 0.8979 0.9033
20.5387 0.8982 0.9035
20.5577 0.8985 0.9038
20.5767 0.8987 0.9041
20.5957 0.8990 0.9043
20.6147 0.8993 0.9046
20.6336 0.8995 0.9049
20.6526 0.8998 0.9052
20.6716 0.9001 0.9054
20.6906 0.9003 0.9057
20.7096 0.9006 0.9060
20.7286 0.9008 0.9062
20.7475 0.9011 0.9065
20.7665 0.9014 0.9067
20.7855 0.9016 0.9070
20.8045 0.9019 0.9072
20.8235 0.9021 0.9075
20.8425 0.9024 0.9077
20.8614 0.9026 0.9080
20.8804 0.9029 0.9082
20.8994 0.9031 0.9085
20.9184 0.9034 0.9087
20.9374 0.9036 0.9090
20.9563 0.9039 0.9092
20.9753 0.9041 0.9094
20.9943 0.9044 0.9096
21.0133 0.9046 0.9099
21.0323 0.9049 0.9101
21.0513 0.9051 0.9103
21.0702 0.9054 0.9106
21.0892 0.9056 0.9108
21.1082 0.9059 0.9110
21.1272 0.9062 0.9112
21.1462 0.9064 0.9115
21.1651 0.9067 0.9117
21.1841 0.9069 0.9119
21.2031 0.9072 0.9121
21.2221 0.9074 0.9124
21.2411 0.9077 0.9126
21.2601 0.9079 0.9128
21.2790 0.9082 0.9130
21.2980 0.9084 0.9133
21.3170 0.9087 0.9135
21.3360 0.9089 0.9137
21.3550 0.9092 0.9139
21.3740 0.9094 0.9141
21.3929 0.9096 0.9144
21.4119 0.9099 0.9146
21.4309 0.9101 0.9148
21.4499 0.9103 0.9150
21.4689 0.9105 0.9152
21.4878 0.9107 0.9154
21.5068 0.9110 0.9156
21.5258 0.9112 0.9158
21.5448 0.9114 0.9160
21.5638 0.9116 0.9162
21.5828 0.9118 0.9164
21.6017 0.9120 0.9166
21.6207 0.9123 0.9168
21.6397 0.9125 0.9170
21.6587 0.9127 0.9172
21.6777 0.9129 0.9174
21.6966 0.9131 0.9176
21.7156 0.9133 0.9178
21.7346 0.9135 0.9180
21.7536 0.9137 0.9182
21.7726 0.9140 0.9184
21.7916 0.9142 0.9186
21.8105 0.9144 0.9188
21.8295 0.9146 0.9190
21.8485 0.9148 0.9192
21.8675 0.9150 0.9194
21.8865 0.9152 0.9196
21.9055 0.9154 0.9197
21.9244 0.9156 0.9199
21.9434 0.9158 0.9201
21.9624 0.9160 0.9203
21.9814 0.9162 0.9205
22.0004 0.9164 0.9207
22.0193 0.9166 0.9209
22.0383 0.9168 0.9211
22.0573 0.9170 0.9213
22.0763 0.9171 0.9215
22.0953 0.9173 0.9217
22.1143 0.9175 0.9218
22.1332 0.9177 0.9220
22.1522 0.9179 0.9222
22.1712 0.9181 0.9224
22.1902 0.9182 0.9226
22.2092 0.9184 0.9228
22.2282 0.9186 0.9230
22.2471 0.9188 0.9232
22.2661 0.9189 0.9233
22.2851 0.9191 0.9235
22.3041 0.9193 0.9237
22.3231 0.9195 0.9239
22.3420 0.9196 0.9241
22.3610 0.9198 0.9242
22.3800 0.9200 0.9244
22.3990 0.9202 0.9246
22.4180 0.9204 0.9248
22.4370 0.9205 0.9250
22.4559 0.9207 0.9251
22.4749 0.9209 0.9253
22.4939 0.9211 0.9255
22.5129 0.9213 0.9256
22.5319 0.9215 0.9258
22.5508 0.9217 0.9260
22.5698 0.9219 0.9261
22.5888 0.9221 0.9263
22.6078 0.9222 0.9265
22.6268 0.9224 0.9266
22.6458 0.9226 0.9268
22.6647 0.9228 0.9270
22.6837 0.9230 0.9271
22.7027 0.9232 0.9273
22.7217 0.9233 0.9274
22.7407 0.9235 0.9276
22.7597 0.9237 0.9278
22.7786 0.9239 0.9279
22.7976 0.9240 0.9281
22.8166 0.9242 0.9282
22.8356 0.9244 0.9284
22.8546 0.9246 0.9286
22.8735 0.9247 0.9287
22.8925 0.9249 0.9289
22.9115 0.9251 0.9291
22.9305 0.9252 0.9292
22.9495 0.9254 0.9294
22.9685 0.9255 0.9296
22.9874 0.9257 0.9297
23.0064 0.9259 0.9299
23.0254 0.9260 0.9301
23.0444 0.9262 0.9302
23.0634 0.9263 0.9304
23.0823 0.9265 0.9305
23.1013 0.9267 0.9307
23.1203 0.9268 0.9309
23.1393 0.9270 0.9310
23.1583 0.9271 0.9312
23.1773 0.9273 0.9313
23.1962 0.9275 0.9315
23.2152 0.9276 0.9316
23.2342 0.9278 0.9318
23.2532 0.9279 0.9319
23.2722 0.9281 0.9321
23.2912 0.9282 0.9322
23.3101 0.9284 0.9323
23.3291 0.9286 0.9325
23.3481 0.9287 0.9326
23.3671 0.9289 0.9327
23.3861 0.9290 0.9329
23.4050 0.9292 0.9330
23.4240 0.9293 0.9331
23.4430 0.9295 0.9333
23.4620 0.9296 0.9334
23.4810 0.9298 0.9335
23.5000 0.9299 0.9337
23.5189 0.9301 0.9338
23.5379 0.9302 0.9339
23.5569 0.9303 0.9341
23.5759 0.9305 0.9342
23.5949 0.9306 0.9343
23.6139 0.9308 0.9345
23.6328 0.9309 0.9346
23.6518 0.9310 0.9347
23.6708 0.9312 0.9349
23.6898 0.9313 0.9350
23.7088 0.9314 0.9351
23.7277 0.9315 0.9352
23.7467 0.9317 0.9354
23.7657 0.9318 0.9355
23.7847 0.9319 0.9356
23.8037 0.9320 0.9357
23.8227 0.9322 0.9359
23.8416 0.9323 0.9360
23.8606 0.9324 0.9361
23.8796 0.9325 0.9362
23.8986 0.9327 0.9363
23.9176 0.9328 0.9365
23.9365 0.9329 0.9366
23.9555 0.9330 0.9367
23.9745 0.9331 0.9368
23.9935 0.9333 0.9369
24.0125 0.9334 0.9371
24.0315 0.9335 0.9372
24.0504 0.9336 0.9373
24.0694 0.9338 0.9374
24.0884 0.9339 0.9375
24.1074 0.9340 0.9376
24.1264 0.9341 0.9378
24.1454 0.9343 0.9379
24.1643 0.9344 0.9380
24.1833 0.9345 0.9381
24.2023 0.9346 0.9382
24.2213 0.9348 0.9383
24.2403 0.9349 0.9384
24.2592 0.9350 0.9385
24.2782 0.9351 0.9386
24.2972 0.9352 0.9388
24.3162 0.9354 0.9389
24.3352 0.9355 0.9390
24.3542 0.9356 0.9391
24.3731 0.9357 0.9392
24.3921 0.9358 0.9393
24.4111 0.9360 0.9394
24.4301 0.9361 0.9395
24.4491 0.9362 0.9396
24.4680 0.9363 0.9397
24.4870 0.9364 0.9398
24.5060 0.9366 0.9399
24.5250 0.9367 0.9400
24.5440 0.9368 0.9401
24.5630 0.9369 0.9402
24.5819 0.9370 0.9403
24.6009 0.9372 0.9405
24.6199 0.9373 0.9406
24.6389 0.9374 0.9407
24.6579 0.9375 0.9408
24.6769 0.9376 0.9409
24.6958 0.9377 0.9410
24.7148 0.9379 0.9411
24.7338 0.9380 0.9412
24.7528 0.9381 0.9413
24.7718 0.9382 0.9414
24.7907 0.9383 0.9415
24.8097 0.9384 0.9416
24.8287 0.9386 0.9417
24.8477 0.9387 0.9418
24.8667 0.9388 0.9419
24.8857 0.9389 0.9420
24.9046 0.9390 0.9421
24.9236 0.9391 0.9422
24.9426 0.9392 0.9423
24.9616 0.9393 0.9424
24.9806 0.9394 0.9425
24.9996 0.9395 0.9426
25.0185 0.9396 0.9428
25.0375 0.9397 0.9429
25.0565 0.9399 0.9430
25.0755 0.9400 0.9431
25.0945 0.9401 0.9432
25.1134 0.9402 0.9433
25.1324 0.9403 0.9434
25.1514 0.9404 0.9435
25.1704 0.9405 0.9436
25.1894 0.9406 0.9437
25.2084 0.9407 0.9438
25.2273 0.9408 0.9439
25.2463 0.9409 0.9440
25.2653 0.9410 0.9441
25.2843 0.9412 0.9442
25.3033 0.9413 0.9443
25.3222 0.9414 0.9444
25.3412 0.9415 0.9445
25.3602 0.9416 0.9446
25.3792 0.9417 0.9447
25.3982 0.9418 0.9448
25.4172 0.9419 0.9449
25.4361 0.9420 0.9450
25.4551 0.9422 0.9451
25.4741 0.9423 0.9452
25.4931 0.9424 0.9453
25.5121 0.9425 0.9454
25.5311 0.9426 0.9454
25.5500 0.9427 0.9455
25.5690 0.9428 0.9456
25.5880 0.9429 0.9457
25.6070 0.9430 0.9458
25.6260 0.9431 0.9459
25.6449 0.9432 0.9460
25.6639 0.9433 0.9461
25.6829 0.9434 0.9462
25.7019 0.9435 0.9463
25.7209 0.9436 0.9464
25.7399 0.9437 0.9465
25.7588 0.9438 0.9466
25.7778 0.9439 0.9467
25.7968 0.9440 0.9468
25.8158 0.9441 0.9469
25.8348 0.9442 0.9470
25.8537 0.9443 0.9471
25.8727 0.9444 0.9471
25.8917 0.9445 0.9472
25.9107 0.9446 0.9473
25.9297 0.9447 0.9474
25.9487 0.9448 0.9475
25.9676 0.9448 0.9476
25.9866 0.9449 0.9477
26.0056 0.9450 0.9478
26.0246 0.9451 0.9479
26.0436 0.9452 0.9480
26.0626 0.9453 0.9481
26.0815 0.9454 0.9482
26.1005 0.9455 0.9483
26.1195 0.9456 0.9483
26.1385 0.9456 0.9484
26.1575 0.9457 0.9485
26.1764 0.9458 0.9486
26.1954 0.9459 0.9487
26.2144 0.9460 0.9488
26.2334 0.9461 0.9489
26.2524 0.9462 0.9490
26.2714 0.9463 0.9490
26.2903 0.9464 0.9491
26.3093 0.9465 0.9492
26.3283 0.9466 0.9493
26.3473 0.9467 0.9494
26.3663 0.9467 0.9495
26.3853 0.9468 0.9496
26.4042 0.9469 0.9496
26.4232 0.9470 0.9497
26.4422 0.9471 0.9498
26.4612 0.9472 0.9499
26.4802 0.9473 0.9500
26.4991 0.9474 0.9501
26.5181 0.9475 0.9502
26.5371 0.9476 0.9502
26.5561 0.9477 0.9503
26.5751 0.9477 0.9504
26.5941 0.9478 0.9505
26.6130 0.9479 0.9506
26.6320 0.9480 0.9507
26.6510 0.9481 0.9508
26.6700 0.9482 0.9508
26.6890 0.9483 0.9509
26.7079 0.9484 0.9510
26.7269 0.9485 0.9511
26.7459 0.9485 0.9512
26.7649 0.9486 0.9513
26.7839 0.9487 0.9513
26.8029 0.9488 0.9514
26.8218 0.9489 0.9515
26.8408 0.9490 0.9516
26.8598 0.9491 0.9517
26.8788 0.9492 0.9517
26.8978 0.9493 0.9518
26.9168 0.9494 0.9519
26.9357 0.9494 0.9520
26.9547 0.9495 0.9521
26.9737 0.9496 0.9521
26.9927 0.9497 0.9522
27.0117 0.9498 0.9523
27.0306 0.9499 0.9524
27.0496 0.9500 0.9525
27.0686 0.9500 0.9525
27.0876 0.9501 0.9526
27.1066 0.9502 0.9527
27.1256 0.9503 0.9528
27.1445 0.9504 0.9529
27.1635 0.9505 0.9529
27.1825 0.9505 0.9530
27.2015 0.9506 0.9531
27.2205 0.9507 0.9532
27.2394 0.9508 0.9533
27.2584 0.9509 0.9533
27.2774 0.9509 0.9534
27.2964 0.9510 0.9535
27.3154 0.9511 0.9536
27.3344 0.9512 0.9537
27.3533 0.9513 0.9537
27.3723 0.9513 0.9538
27.3913 0.9514 0.9539
27.4103 0.9515 0.9540
27.4293 0.9516 0.9541
27.4483 0.9517 0.9541
27.4672 0.9517 0.9542
27.4862 0.9518 0.9543
27.5052 0.9519 0.9544
27.5242 0.9520 0.9544
27.5432 0.9521 0.9545
27.5621 0.9521 0.9546
27.5811 0.9522 0.9546
27.6001 0.9523 0.9547
27.6191 0.9524 0.9548
27.6381 0.9525 0.9549
27.6571 0.9525 0.9549
27.6760 0.9526 0.9550
27.6950 0.9527 0.9551
27.7140 0.9528 0.9552
27.7330 0.9528 0.9552
27.7520 0.9529 0.9553
27.7710 0.9530 0.9554
27.7899 0.9531 0.9555
27.8089 0.9531 0.9555
27.8279 0.9532 0.9556
27.8469 0.9533 0.9557
27.8659 0.9534 0.9557
27.8848 0.9534 0.9558
27.9038 0.9535 0.9559
27.9228 0.9536 0.9560
27.9418 0.9537 0.9560
27.9608 0.9537 0.9561
27.9798 0.9538 0.9562
27.9987 0.9539 0.9562
28.0177 0.9540 0.9563
28.0367 0.9540 0.9564
28.0557 0.9541 0.9564
28.0747 0.9542 0.9565
28.0936 0.9543 0.9566
28.1126 0.9543 0.9567
28.1316 0.9544 0.9567
28.1506 0.9545 0.9568
28.1696 0.9546 0.9569
28.1886 0.9546 0.9569
28.2075 0.9547 0.9570
28.2265 0.9548 0.9571
28.2455 0.9548 0.9571
28.2645 0.9549 0.9572
28.2835 0.9550 0.9573
28.3025 0.9551 0.9573
28.3214 0.9551 0.9574
28.3404 0.9552 0.9575
28.3594 0.9553 0.9575
28.3784 0.9553 0.9576
28.3974 0.9554 0.9577
28.4163 0.9555 0.9577
28.4353 0.9555 0.9578
28.4543 0.9556 0.9579
28.4733 0.9557 0.9579
28.4923 0.9558 0.9580
28.5113 0.9558 0.9581
28.5302 0.9559 0.9581
28.5492 0.9560 0.9582
28.5682 0.9560 0.9583
28.5872 0.9561 0.9583
28.6062 0.9562 0.9584
28.6252 0.9562 0.9585
28.6441 0.9563 0.9585
28.6631 0.9564 0.9586
28.6821 0.9564 0.9586
28.7011 0.9565 0.9587
28.7201 0.9566 0.9588
28.7390 0.9566 0.9588
28.7580 0.9567 0.9589
28.7770 0.9568 0.9590
28.7960 0.9568 0.9590
28.8150 0.9569 0.9591
28.8340 0.9570 0.9592
28.8529 0.9570 0.9592
28.8719 0.9571 0.9593
28.8909 0.9572 0.9593
28.9099 0.9572 0.9594
28.9289 0.9573 0.9595
28.9478 0.9574 0.9595
28.9668 0.9574 0.9596
28.9858 0.9575 0.9597
29.0048 0.9576 0.9597
29.0238 0.9576 0.9598
29.0428 0.9577 0.9598
29.0617 0.9578 0.9599
29.0807 0.9578 0.9600
29.0997 0.9579 0.9600
29.1187 0.9580 0.9601
29.1377 0.9580 0.9601
29.1567 0.9581 0.9602
29.1756 0.9582 0.9603
29.1946 0.9582 0.9603
29.2136 0.9583 0.9604
29.2326 0.9583 0.9605
29.2516 0.9584 0.9605
29.2705 0.9585 0.9606
29.2895 0.9585 0.9606
29.3085 0.9586 0.9607
29.3275 0.9587 0.9608
29.3465 0.9587 0.9608
29.3655 0.9588 0.9609
29.3844 0.9589 0.9609
29.4034 0.9589 0.9610
29.4224 0.9590 0.9611
29.4414 0.9590 0.9611
29.4604 0.9591 0.9612
29.4793 0.9592 0.9612
29.4983 0.9592 0.9613
29.5173 0.9593 0.9614
29.5363 0.9594 0.9614
29.5553 0.9594 0.9615
29.5743 0.9595 0.9615
29.5932 0.9595 0.9616
29.6122 0.9596 0.9616
29.6312 0.9597 0.9617
29.6502 0.9597 0.9618
29.6692 0.9598 0.9618
29.6882 0.9598 0.9619
29.7071 0.9599 0.9619
29.7261 0.9600 0.9620
29.7451 0.9600 0.9620
29.7641 0.9601 0.9621
29.7831 0.9601 0.9622
29.8020 0.9602 0.9622
29.8210 0.9603 0.9623
29.8400 0.9603 0.9623
29.8590 0.9604 0.9624
29.8780 0.9604 0.9624
29.8970 0.9605 0.9625
29.9159 0.9605 0.9625
29.9349 0.9606 0.9626
29.9539 0.9607 0.9627
29.9729 0.9607 0.9627
29.9919 0.9608 0.9628
30.0109 0.9608 0.9628
30.0298 0.9609 0.9629
30.0488 0.9610 0.9629
30.0678 0.9610 0.9630
30.0868 0.9611 0.9630
30.1058 0.9611 0.9631
30.1247 0.9612 0.9631
30.1437 0.9612 0.9632
30.1627 0.9613 0.9632
30.1817 0.9613 0.9633
30.2007 0.9614 0.9634
30.2197 0.9615 0.9634
30.2386 0.9615 0.9635
30.2576 0.9616 0.9635
30.2766 0.9616 0.9636
30.2956 0.9617 0.9636
30.3146 0.9617 0.9637
30.3335 0.9618 0.9637
30.3525 0.9619 0.9638
30.3715 0.9619 0.9638
30.3905 0.9620 0.9639
30.4095 0.9620 0.9639
30.4285 0.9621 0.9640
30.4474 0.9621 0.9640
30.4664 0.9622 0.9641
30.4854 0.9622 0.9641
30.5044 0.9623 0.9642
30.5234 0.9623 0.9642
30.5424 0.9624 0.9643
30.5613 0.9625 0.9643
30.5803 0.9625 0.9644
30.5993 0.9626 0.9644
30.6183 0.9626 0.9645
30.6373 0.9627 0.9645
30.6562 0.9627 0.9646
30.6752 0.9628 0.9647
30.6942 0.9628 0.9647
30.7132 0.9629 0.9648
30.7322 0.9629 0.9648
30.7512 0.9630 0.9649
30.7701 0.9630 0.9649
30.7891 0.9631 0.9650
30.8081 0.9631 0.9650
30.8271 0.9632 0.9651
30.8461 0.9632 0.9651
30.8650 0.9633 0.9652
30.8840 0.9634 0.9652
30.9030 0.9634 0.9652
30.9220 0.9635 0.9653
30.9410 0.9635 0.9653
30.9600 0.9636 0.9654
30.9789 0.9636 0.9654
30.9979 0.9637 0.9655
31.0169 0.9637 0.9655
31.0359 0.9638 0.9656
31.0549 0.9638 0.9656
31.0739 0.9639 0.9657
31.0928 0.9639 0.9657
31.1118 0.9640 0.9658
31.1308 0.9640 0.9658
31.1498 0.9641 0.9659
31.1688 0.9641 0.9659
31.1877 0.9642 0.9660
31.2067 0.9642 0.9660
31.2257 0.9643 0.9661
31.2447 0.9643 0.9661
31.2637 0.9644 0.9662
31.2827 0.9644 0.9662
31.3016 0.9645 0.9663
31.3206 0.9645 0.9663
31.3396 0.9646 0.9663
31.3586 0.9646 0.9664
31.3776 0.9647 0.9664
31.3966 0.9647 0.9665
31.4155 0.9648 0.9665
31.4345 0.9648 0.9666
31.4535 0.9649 0.9666
31.4725 0.9649 0.9667
31.4915 0.9650 0.9667
31.5104 0.9650 0.9668
31.5294 0.9651 0.9668
31.5484 0.9651 0.9669
31.5674 0.9651 0.9669
31.5864 0.9652 0.9669
31.6054 0.9652 0.9670
31.6243 0.9653 0.9670
31.6433 0.9653 0.9671
31.6623 0.9654 0.9671
31.6813 0.9654 0.9672
31.7003 0.9655 0.9672
31.7192 0.9655 0.9673
31.7382 0.9656 0.9673
31.7572 0.9656 0.9673
31.7762 0.9657 0.9674
31.7952 0.9657 0.9674
31.8142 0.9658 0.9675
31.8331 0.9658 0.9675
31.8521 0.9659 0.9676
31.8711 0.9659 0.9676
31.8901 0.9659 0.9677
31.9091 0.9660 0.9677
31.9281 0.9660 0.9677
31.9470 0.9661 0.9678
31.9660 0.9661 0.9678
31.9850 0.9662 0.9679
32.0040 0.9662 0.9679
32.0230 0.9663 0.9680
32.0419 0.9663 0.9680
32.0609 0.9664 0.9680
32.0799 0.9664 0.9681
32.0989 0.9664 0.9681
32.1179 0.9665 0.9682
32.1369 0.9665 0.9682
32.1558 0.9666 0.9683
32.1748 0.9666 0.9683
32.1938 0.9667 0.9683
32.2128 0.9667 0.9684
32.2318 0.9668 0.9684
32.2507 0.9668 0.9685
32.2697 0.9668 0.9685
32.2887 0.9669 0.9685
32.3077 0.9669 0.9686
32.3267 0.9670 0.9686
32.3457 0.9670 0.9687
32.3646 0.9671 0.9687
32.3836 0.9671 0.9688
32.4026 0.9671 0.9688
32.4216 0.9672 0.9688
32.4406 0.9672 0.9689
32.4596 0.9673 0.9689
32.4785 0.9673 0.9690
32.4975 0.9674 0.9690
32.5165 0.9674 0.9690
32.5355 0.9674 0.9691
32.5545 0.9675 0.9691
32.5734 0.9675 0.9692
32.5924 0.9676 0.9692
32.6114 0.9676 0.9692
32.6304 0.9677 0.9693
32.6494 0.9677 0.9693
32.6684 0.9677 0.9694
32.6873 0.9678 0.9694
32.7063 0.9678 0.9694
32.7253 0.9679 0.9695
32.7443 0.9679 0.9695
32.7633 0.9680 0.9696
32.7823 0.9680 0.9696
32.8012 0.9680 0.9696
32.8202 0.9681 0.9697
32.8392 0.9681 0.9697
32.8582 0.9682 0.9698
32.8772 0.9682 0.9698
32.8961 0.9682 0.9698
32.9151 0.9683 0.9699
32.9341 0.9683 0.9699
32.9531 0.9684 0.9700
32.9721 0.9684 0.9700
32.9911 0.9684 0.9700
33.0100 0.9685 0.9701
33.0290 0.9685 0.9701
33.0480 0.9686 0.9701
33.0670 0.9686 0.9702
33.0860 0.9686 0.9702
33.1049 0.9687 0.9703
33.1239 0.9687 0.9703
33.1429 0.9688 0.9703
33.1619 0.9688 0.9704
33.1809 0.9688 0.9704
33.1999 0.9689 0.9704
33.2188 0.9689 0.9705
33.2378 0.9690 0.9705
33.2568 0.9690 0.9706
33.2758 0.9690 0.9706
33.2948 0.9691 0.9706
33.3138 0.9691 0.9707
33.3327 0.9692 0.9707
33.3517 0.9692 0.9707
33.3707 0.9692 0.9708
33.3897 0.9693 0.9708
33.4087 0.9693 0.9709
33.4276 0.9694 0.9709
33.4466 0.9694 0.9709
33.4656 0.9694 0.9710
33.4846 0.9695 0.9710
33.5036 0.9695 0.9710
33.5226 0.9695 0.9711
33.5415 0.9696 0.9711
33.5605 0.9696 0.9711
33.5795 0.9697 0.9712
33.5985 0.9697 0.9712
33.6175 0.9697 0.9713
33.6364 0.9698 0.9713
33.6554 0.9698 0.9713
33.6744 0.9699 0.9714
33.6934 0.9699 0.9714
33.7124 0.9699 0.9714
33.7314 0.9700 0.9715
33.7503 0.9700 0.9715
33.7693 0.9700 0.9715
33.7883 0.9701 0.9716
33.8073 0.9701 0.9716
33.8263 0.9702 0.9716
33.8453 0.9702 0.9717
33.8642 0.9702 0.9717
33.8832 0.9703 0.9718
33.9022 0.9703 0.9718
33.9212 0.9703 0.9718
33.9402 0.9704 0.9719
33.9591 0.9704 0.9719
33.9781 0.9704 0.9719
33.9971 0.9705 0.9720
34.0161 0.9705 0.9720
34.0351 0.9706 0.9720
34.0541 0.9706 0.9721
34.0730 0.9706 0.9721
34.0920 0.9707 0.9721
34.1110 0.9707 0.9722
34.1300 0.9707 0.9722
34.1490 0.9708 0.9722
34.1680 0.9708 0.9723
34.1869 0.9708 0.9723
34.2059 0.9709 0.9723
34.2249 0.9709 0.9724
34.2439 0.9709 0.9724
34.2629 0.9710 0.9724
34.2818 0.9710 0.9725
34.3008 0.9711 0.9725
34.3198 0.9711 0.9725
34.3388 0.9711 0.9726
34.3578 0.9712 0.9726
34.3768 0.9712 0.9726
34.3957 0.9712 0.9727
34.4147 0.9713 0.9727
34.4337 0.9713 0.9727
34.4527 0.9713 0.9728
34.4717 0.9714 0.9728
34.4906 0.9714 0.9728
34.5096 0.9714 0.9729
34.5286 0.9715 0.9729
34.5476 0.9715 0.9729
34.5666 0.9715 0.9730
34.5856 0.9716 0.9730
34.6045 0.9716 0.9730
34.6235 0.9716 0.9731
34.6425 0.9717 0.9731
34.6615 0.9717 0.9731
34.6805 0.9717 0.9732
34.6995 0.9718 0.9732
34.7184 0.9718 0.9732
34.7374 0.9719 0.9733
34.7564 0.9719 0.9733
34.7754 0.9719 0.9733
34.7944 0.9720 0.9734
34.8133 0.9720 0.9734
34.8323 0.9720 0.9734
34.8513 0.9721 0.9734
34.8703 0.9721 0.9735
34.8893 0.9721 0.9735
34.9083 0.9722 0.9735
34.9272 0.9722 0.9736
34.9462 0.9722 0.9736
34.9652 0.9723 0.9736
34.9842 0.9723 0.9737
35.0032 0.9723 0.9737
35.0221 0.9724 0.9737
35.0411 0.9724 0.9738
35.0601 0.9724 0.9738
35.0791 0.9724 0.9738
35.0981 0.9725 0.9739
35.1171 0.9725 0.9739
35.1360 0.9725 0.9739
35.1550 0.9726 0.9739
35.1740 0.9726 0.9740
35.1930 0.9726 0.9740
35.2120 0.9727 0.9740
35.2310 0.9727 0.9741
35.2499 0.9727 0.9741
35.2689 0.9728 0.9741
35.2879 0.9728 0.9742
35.3069 0.9728 0.9742
35.3259 0.9729 0.9742
35.3448 0.9729 0.9743
35.3638 0.9729 0.9743
35.3828 0.9730 0.9743
35.4018 0.9730 0.9743
35.4208 0.9730 0.9744
35.4398 0.9731 0.9744
35.4587 0.9731 0.9744
35.4777 0.9731 0.9745
35.4967 0.9732 0.9745
35.5157 0.9732 0.9745
35.5347 0.9732 0.9745
35.5537 0.9732 0.9746
35.5726 0.9733 0.9746
35.5916 0.9733 0.9746
35.6106 0.9733 0.9747
35.6296 0.9734 0.9747
35.6486 0.9734 0.9747
35.6675 0.9734 0.9748
35.6865 0.9735 0.9748
35.7055 0.9735 0.9748
35.7245 0.9735 0.9748
35.7435 0.9736 0.9749
35.7625 0.9736 0.9749
35.7814 0.9736 0.9749
35.8004 0.9736 0.9750
35.8194 0.9737 0.9750
35.8384 0.9737 0.9750
35.8574 0.9737 0.9750
35.8763 0.9738 0.9751
35.8953 0.9738 0.9751
35.9143 0.9738 0.9751
35.9333 0.9739 0.9752
35.9523 0.9739 0.9752
35.9713 0.9739 0.9752
35.9902 0.9739 0.9752
36.0092 0.9740 0.9753
36.0282 0.9740 0.9753
36.0472 0.9740 0.9753
36.0662 0.9741 0.9754
36.0852 0.9741 0.9754
36.1041 0.9741 0.9754
36.1231 0.9742 0.9754
36.1421 0.9742 0.9755
36.1611 0.9742 0.9755
36.1801 0.9742 0.9755
36.1990 0.9743 0.9756
36.2180 0.9743 0.9756
36.2370 0.9743 0.9756
36.2560 0.9744 0.9756
36.2750 0.9744 0.9757
36.2940 0.9744 0.9757
36.3129 0.9744 0.9757
36.3319 0.9745 0.9757
36.3509 0.9745 0.9758
36.3699 0.9745 0.9758
36.3889 0.9746 0.9758
36.4079 0.9746 0.9759
36.4268 0.9746 0.9759
36.4458 0.9747 0.9759
36.4648 0.9747 0.9759
36.4838 0.9747 0.9760
36.5028 0.9747 0.9760
36.5217 0.9748 0.9760
36.5407 0.9748 0.9760
36.5597 0.9748 0.9761
36.5787 0.9749 0.9761
36.5977 0.9749 0.9761
36.6167 0.9749 0.9762
36.6356 0.9749 0.9762
36.6546 0.9750 0.9762
36.6736 0.9750 0.9762
36.6926 0.9750 0.9763
36.7116 0.9750 0.9763
36.7305 0.9751 0.9763
36.7495 0.9751 0.9763
36.7685 0.9751 0.9764
36.7875 0.9752 0.9764
36.8065 0.9752 0.9764
36.8255 0.9752 0.9764
36.8444 0.9752 0.9765
36.8634 0.9753 0.9765
36.8824 0.9753 0.9765
36.9014 0.9753 0.9766
36.9204 0.9754 0.9766
36.9394 0.9754 0.9766
36.9583 0.9754 0.9766
36.9773 0.9754 0.9767
36.9963 0.9755 0.9767
37.0153 0.9755 0.9767
37.0343 0.9755 0.9767
37.0532 0.9755 0.9768
37.0722 0.9756 0.9768
37.0912 0.9756 0.9768
37.1102 0.9756 0.9768
37.1292 0.9757 0.9769
37.1482 0.9757 0.9769
37.1671 0.9757 0.9769
37.1861 0.9757 0.9769
37.2051 0.9758 0.9770
37.2241 0.9758 0.9770
37.2431 0.9758 0.9770
37.2620 0.9758 0.9770
37.2810 0.9759 0.9771
37.3000 0.9759 0.9771
37.3190 0.9759 0.9771
37.3380 0.9759 0.9771
37.3570 0.9760 0.9772
37.3759 0.9760 0.9772
37.3949 0.9760 0.9772
37.4139 0.9760 0.9772
37.4329 0.9761 0.9773
37.4519 0.9761 0.9773
37.4709 0.9761 0.9773
37.4898 0.9762 0.9773
37.5088 0.9762 0.9774
37.5278 0.9762 0.9774
37.5468 0.9762 0.9774
37.5658 0.9763 0.9774
37.5847 0.9763 0.9775
37.6037 0.9763 0.9775
37.6227 0.9763 0.9775
37.6417 0.9764 0.9775
37.6607 0.9764 0.9776
37.6797 0.9764 0.9776
37.6986 0.9764 0.9776
37.7176 0.9765 0.9776
37.7366 0.9765 0.9777
37.7556 0.9765 0.9777
37.7746 0.9765 0.9777
37.7936 0.9766 0.9777
37.8125 0.9766 0.9778
37.8315 0.9766 0.9778
37.8505 0.9766 0.9778
37.8695 0.9767 0.9778
37.8885 0.9767 0.9778
37.9074 0.9767 0.9779
37.9264 0.9767 0.9779
37.9454 0.9768 0.9779
  
  
  
  
  
dim="1">gridpoints</dimension>  
  
  
  
  
  
  
  
  
0.0000 1.6081 3.3331
0.0190 1.6081 3.3331
0.0380 1.6090 3.3304
0.0569 1.6105 3.3260
0.0759 1.6131 3.3197
0.0949 1.6168 3.3116
0.1139 1.6221 3.3017
0.1329 1.6294 3.2901
0.1519 1.6390 3.2768
0.1708 1.6512 3.2618
0.1898 1.6665 3.2453
0.2088 1.6850 3.2272
0.2278 1.7071 3.2076
0.2468 1.7328 3.1865
0.2658 1.7623 3.1640
0.2847 1.7955 3.1400
0.3037 1.8323 3.1142
0.3227 1.8725 3.0866
0.3417 1.9157 3.0568
0.3607 1.9615 3.0246
0.3796 2.0094 2.9896
0.3986 2.0586 2.9515
0.4176 2.1083 2.9100
0.4366 2.1578 2.8649
0.4556 2.2061 2.8161
0.4746 2.2523 2.7634
0.4935 2.2954 2.7071
0.5125 2.3346 2.6474
0.5315 2.3690 2.5848
0.5505 2.3980 2.5198
0.5695 2.4211 2.4532
0.5884 2.4378 2.3857
0.6074 2.4480 2.3181
0.6264 2.4517 2.2513
0.6454 2.4489 2.1862
0.6644 2.4401 2.1232
0.6834 2.4256 2.0632
0.7023 2.4060 2.0063
0.7213 2.3817 1.9529
0.7403 2.3535 1.9030
0.7593 2.3219 1.8564
0.7783 2.2874 1.8126
0.7973 2.2507 1.7714
0.8162 2.2122 1.7319
0.8352 2.1723 1.6936
0.8542 2.1313 1.6558
0.8732 2.0896 1.6178
0.8922 2.0472 1.5791
0.9111 2.0045 1.5393
0.9301 1.9613 1.4981
0.9491 1.9178 1.4555
0.9681 1.8739 1.4114
0.9871 1.8296 1.3661
1.0061 1.7848 1.3200
1.0250 1.7395 1.2736
1.0440 1.6936 1.2273
1.0630 1.6473 1.1819
1.0820 1.6004 1.1377
1.1010 1.5533 1.0954
1.1199 1.5061 1.0554
1.1389 1.4590 1.0180
1.1579 1.4124 0.9835
1.1769 1.3667 0.9519
1.1959 1.3221 0.9232
1.2149 1.2792 0.8975
1.2338 1.2381 0.8743
1.2528 1.1991 0.8537
1.2718 1.1625 0.8352
1.2908 1.1284 0.8186
1.3098 1.0967 0.8037
1.3288 1.0674 0.7903
1.3477 1.0403 0.7781
1.3667 1.0151 0.7673
1.3857 0.9917 0.7576
1.4047 0.9697 0.7493
1.4237 0.9489 0.7423
1.4426 0.9291 0.7369
1.4616 0.9102 0.7333
1.4806 0.8921 0.7316
1.4996 0.8748 0.7321
1.5186 0.8585 0.7348
1.5376 0.8435 0.7398
1.5565 0.8298 0.7473
1.5755 0.8179 0.7571
1.5945 0.8079 0.7692
1.6135 0.8002 0.7832
1.6325 0.7949 0.7990
1.6515 0.7921 0.8162
1.6704 0.7918 0.8345
1.6894 0.7940 0.8533
1.7084 0.7984 0.8725
1.7274 0.8048 0.8915
1.7464 0.8129 0.9100
1.7653 0.8221 0.9278
1.7843 0.8322 0.9447
1.8033 0.8425 0.9603
1.8223 0.8527 0.9747
1.8413 0.8622 0.9877
1.8603 0.8708 0.9993
1.8792 0.8780 1.0094
1.8982 0.8836 1.0181
1.9172 0.8874 1.0254
1.9362 0.8893 1.0312
1.9552 0.8893 1.0356
1.9741 0.8877 1.0386
1.9931 0.8844 1.0400
2.0121 0.8800 1.0400
2.0311 0.8746 1.0385
2.0501 0.8687 1.0353
2.0691 0.8627 1.0306
2.0880 0.8571 1.0242
2.1070 0.8522 1.0162
2.1260 0.8483 1.0065
2.1450 0.8458 0.9951
2.1640 0.8447 0.9821
2.1830 0.8451 0.9676
2.2019 0.8471 0.9517
2.2209 0.8505 0.9345
2.2399 0.8552 0.9163
2.2589 0.8609 0.8972
2.2779 0.8673 0.8777
2.2968 0.8742 0.8580
2.3158 0.8812 0.8386
2.3348 0.8881 0.8199
2.3538 0.8945 0.8022
2.3728 0.9003 0.7860
2.3918 0.9051 0.7717
2.4107 0.9088 0.7596
2.4297 0.9111 0.7498
2.4487 0.9121 0.7427
2.4677 0.9115 0.7383
2.4867 0.9093 0.7365
2.5056 0.9055 0.7372
2.5246 0.9001 0.7402
2.5436 0.8932 0.7452
2.5626 0.8850 0.7518
2.5816 0.8755 0.7596
2.6006 0.8651 0.7679
2.6195 0.8538 0.7764
2.6385 0.8421 0.7844
2.6575 0.8301 0.7915
2.6765 0.8180 0.7970
2.6955 0.8061 0.8007
2.7145 0.7946 0.8021
2.7334 0.7836 0.8011
2.7524 0.7732 0.7974
2.7714 0.7634 0.7910
2.7904 0.7543 0.7821
2.8094 0.7458 0.7709
2.8283 0.7378 0.7577
2.8473 0.7303 0.7429
2.8663 0.7231 0.7270
2.8853 0.7163 0.7105
2.9043 0.7096 0.6941
2.9233 0.7030 0.6782
2.9422 0.6965 0.6633
2.9612 0.6901 0.6498
2.9802 0.6837 0.6382
2.9992 0.6775 0.6287
3.0182 0.6714 0.6215
3.0372 0.6655 0.6165
3.0561 0.6599 0.6139
3.0751 0.6545 0.6134
3.0941 0.6495 0.6148
3.1131 0.6449 0.6180
3.1321 0.6406 0.6225
3.1510 0.6368 0.6281
3.1700 0.6333 0.6344
3.1890 0.6301 0.6411
3.2080 0.6274 0.6478
3.2270 0.6249 0.6542
3.2460 0.6228 0.6602
3.2649 0.6211 0.6655
3.2839 0.6197 0.6700
3.3029 0.6189 0.6736
3.3219 0.6185 0.6762
3.3409 0.6187 0.6778
3.3598 0.6195 0.6784
3.3788 0.6210 0.6780
3.3978 0.6232 0.6767
3.4168 0.6262 0.6745
3.4358 0.6300 0.6714
3.4548 0.6345 0.6675
3.4737 0.6397 0.6627
3.4927 0.6454 0.6571
3.5117 0.6517 0.6506
3.5307 0.6584 0.6433
3.5497 0.6653 0.6352
3.5687 0.6722 0.6263
3.5876 0.6792 0.6165
3.6066 0.6859 0.6060
3.6256 0.6923 0.5948
3.6446 0.6983 0.5831
3.6636 0.7038 0.5709
3.6825 0.7087 0.5585
3.7015 0.7130 0.5460
3.7205 0.7166 0.5336
3.7395 0.7197 0.5216
3.7585 0.7223 0.5102
3.7775 0.7244 0.4997
3.7964 0.7261 0.4904
3.8154 0.7276 0.4824
3.8344 0.7291 0.4759
3.8534 0.7305 0.4712
3.8724 0.7322 0.4684
3.8913 0.7342 0.4675
3.9103 0.7367 0.4687
3.9293 0.7398 0.4717
3.9483 0.7435 0.4766
3.9673 0.7480 0.4832
3.9863 0.7532 0.4912
4.0052 0.7592 0.5005
4.0242 0.7659 0.5107
4.0432 0.7732 0.5215
4.0622 0.7811 0.5327
4.0812 0.7894 0.5438
4.1002 0.7979 0.5546
4.1191 0.8066 0.5648
4.1381 0.8153 0.5742
4.1571 0.8238 0.5826
4.1761 0.8320 0.5898
4.1951 0.8399 0.5959
4.2140 0.8472 0.6008
4.2330 0.8539 0.6046
4.2520 0.8599 0.6073
4.2710 0.8653 0.6091
4.2900 0.8700 0.6101
4.3090 0.8740 0.6105
4.3279 0.8773 0.6106
4.3469 0.8799 0.6104
4.3659 0.8819 0.6102
4.3849 0.8834 0.6101
4.4039 0.8843 0.6103
4.4229 0.8848 0.6108
4.4418 0.8848 0.6117
4.4608 0.8845 0.6131
4.4798 0.8839 0.6150
4.4988 0.8830 0.6174
4.5178 0.8819 0.6204
4.5367 0.8807 0.6238
4.5557 0.8793 0.6276
4.5747 0.8778 0.6319
4.5937 0.8762 0.6365
4.6127 0.8743 0.6413
4.6317 0.8723 0.6464
4.6506 0.8700 0.6517
4.6696 0.8675 0.6572
4.6886 0.8646 0.6627
4.7076 0.8614 0.6682
4.7266 0.8579 0.6738
4.7455 0.8541 0.6793
4.7645 0.8500 0.6847
4.7835 0.8457 0.6900
4.8025 0.8413 0.6952
4.8215 0.8368 0.7001
4.8405 0.8324 0.7050
4.8594 0.8281 0.7096
4.8784 0.8242 0.7140
4.8974 0.8205 0.7182
4.9164 0.8172 0.7221
4.9354 0.8144 0.7259
4.9544 0.8119 0.7294
4.9733 0.8097 0.7328
4.9923 0.8078 0.7359
5.0113 0.8061 0.7387
5.0303 0.8044 0.7413
5.0493 0.8027 0.7436
5.0682 0.8009 0.7455
5.0872 0.7988 0.7472
5.1062 0.7963 0.7485
5.1252 0.7935 0.7494
5.1442 0.7903 0.7498
5.1632 0.7867 0.7499
5.1821 0.7827 0.7496
5.2011 0.7786 0.7489
5.2201 0.7742 0.7478
5.2391 0.7698 0.7464
5.2581 0.7655 0.7448
5.2771 0.7613 0.7430
5.2960 0.7573 0.7411
5.3150 0.7537 0.7391
5.3340 0.7505 0.7372
5.3530 0.7477 0.7353
5.3720 0.7453 0.7336
5.3909 0.7434 0.7320
5.4099 0.7418 0.7307
5.4289 0.7405 0.7295
5.4479 0.7395 0.7285
5.4669 0.7387 0.7277
5.4859 0.7380 0.7270
5.5048 0.7374 0.7265
5.5238 0.7368 0.7260
5.5428 0.7361 0.7255
5.5618 0.7354 0.7250
5.5808 0.7347 0.7245
5.5997 0.7340 0.7240
5.6187 0.7333 0.7234
5.6377 0.7327 0.7228
5.6567 0.7322 0.7222
5.6757 0.7320 0.7215
5.6947 0.7322 0.7209
5.7136 0.7327 0.7204
5.7326 0.7338 0.7200
5.7516 0.7355 0.7198
5.7706 0.7378 0.7197
5.7896 0.7409 0.7199
5.8086 0.7446 0.7203
5.8275 0.7490 0.7210
5.8465 0.7540 0.7220
5.8655 0.7597 0.7232
5.8845 0.7659 0.7247
5.9035 0.7725 0.7265
5.9224 0.7794 0.7285
5.9414 0.7865 0.7307
5.9604 0.7937 0.7332
5.9794 0.8008 0.7358
5.9984 0.8078 0.7386
6.0174 0.8144 0.7415
6.0363 0.8207 0.7445
6.0553 0.8265 0.7476
6.0743 0.8317 0.7508
6.0933 0.8363 0.7539
6.1123 0.8402 0.7570
6.1312 0.8434 0.7600
6.1502 0.8460 0.7628
6.1692 0.8478 0.7654
6.1882 0.8490 0.7677
6.2072 0.8495 0.7698
6.2262 0.8495 0.7714
6.2451 0.8490 0.7728
6.2641 0.8480 0.7737
6.2831 0.8466 0.7742
6.3021 0.8450 0.7743
6.3211 0.8431 0.7740
6.3401 0.8410 0.7734
6.3590 0.8388 0.7726
6.3780 0.8366 0.7715
6.3970 0.8344 0.7702
6.4160 0.8322 0.7689
6.4350 0.8301 0.7676
6.4539 0.8280 0.7663
6.4729 0.8262 0.7653
6.4919 0.8244 0.7644
6.5109 0.8229 0.7637
6.5299 0.8215 0.7634
6.5489 0.8202 0.7634
6.5678 0.8192 0.7637
6.5868 0.8183 0.7643
6.6058 0.8177 0.7653
6.6248 0.8173 0.7665
6.6438 0.8171 0.7679
6.6628 0.8172 0.7696
6.6817 0.8176 0.7713
6.7007 0.8183 0.7732
6.7197 0.8194 0.7751
6.7387 0.8208 0.7769
6.7577 0.8226 0.7787
6.7766 0.8248 0.7803
6.7956 0.8273 0.7818
6.8146 0.8303 0.7832
6.8336 0.8335 0.7843
6.8526 0.8372 0.7853
6.8716 0.8411 0.7860
6.8905 0.8452 0.7866
6.9095 0.8496 0.7870
6.9285 0.8542 0.7873
6.9475 0.8588 0.7874
6.9665 0.8635 0.7875
6.9854 0.8681 0.7875
7.0044 0.8727 0.7874
7.0234 0.8772 0.7873
7.0424 0.8814 0.7872
7.0614 0.8854 0.7871
7.0804 0.8891 0.7871
7.0993 0.8924 0.7871
7.1183 0.8954 0.7871
7.1373 0.8978 0.7872
7.1563 0.8999 0.7873
7.1753 0.9014 0.7874
7.1943 0.9024 0.7876
7.2132 0.9030 0.7878
7.2322 0.9030 0.7880
7.2512 0.9027 0.7882
7.2702 0.9018 0.7884
7.2892 0.9007 0.7885
7.3081 0.8991 0.7885
7.3271 0.8974 0.7885
7.3461 0.8953 0.7885
7.3651 0.8932 0.7884
7.3841 0.8909 0.7882
7.4031 0.8885 0.7881
7.4220 0.8861 0.7880
7.4410 0.8838 0.7879
7.4600 0.8815 0.7878
7.4790 0.8792 0.7879
7.4980 0.8771 0.7880
7.5169 0.8751 0.7883
7.5359 0.8732 0.7887
7.5549 0.8715 0.7892
7.5739 0.8698 0.7899
7.5929 0.8684 0.7907
7.6119 0.8671 0.7917
7.6308 0.8659 0.7928
7.6498 0.8649 0.7941
7.6688 0.8641 0.7954
7.6878 0.8634 0.7968
7.7068 0.8629 0.7983
7.7258 0.8625 0.7999
7.7447 0.8622 0.8015
7.7637 0.8620 0.8031
7.7827 0.8618 0.8047
7.8017 0.8617 0.8064
7.8207 0.8615 0.8079
7.8396 0.8613 0.8095
7.8586 0.8610 0.8109
7.8776 0.8606 0.8123
7.8966 0.8601 0.8135
7.9156 0.8595 0.8146
7.9346 0.8586 0.8155
7.9535 0.8577 0.8162
7.9725 0.8566 0.8166
7.9915 0.8554 0.8169
8.0105 0.8540 0.8170
8.0295 0.8526 0.8169
8.0485 0.8512 0.8166
8.0674 0.8498 0.8162
8.0864 0.8483 0.8156
8.1054 0.8470 0.8151
8.1244 0.8457 0.8145
8.1434 0.8446 0.8140
8.1623 0.8435 0.8136
8.1813 0.8426 0.8134
8.2003 0.8418 0.8133
8.2193 0.8411 0.8135
8.2383 0.8404 0.8139
8.2573 0.8399 0.8146
8.2762 0.8393 0.8156
8.2952 0.8388 0.8167
8.3142 0.8382 0.8181
8.3332 0.8376 0.8196
8.3522 0.8369 0.8212
8.3711 0.8360 0.8228
8.3901 0.8351 0.8244
8.4091 0.8341 0.8258
8.4281 0.8329 0.8272
8.4471 0.8317 0.8283
8.4661 0.8304 0.8292
8.4850 0.8291 0.8298
8.5040 0.8277 0.8302
8.5230 0.8264 0.8303
8.5420 0.8251 0.8301
8.5610 0.8240 0.8297
8.5800 0.8229 0.8290
8.5989 0.8219 0.8283
8.6179 0.8211 0.8274
8.6369 0.8204 0.8264
8.6559 0.8199 0.8253
8.6749 0.8195 0.8243
8.6938 0.8193 0.8233
8.7128 0.8191 0.8223
8.7318 0.8190 0.8215
8.7508 0.8190 0.8206
8.7698 0.8191 0.8199
8.7888 0.8191 0.8192
8.8077 0.8190 0.8186
8.8267 0.8190 0.8181
8.8457 0.8188 0.8176
8.8647 0.8185 0.8171
8.8837 0.8181 0.8166
8.9026 0.8175 0.8161
8.9216 0.8168 0.8156
8.9406 0.8160 0.8151
8.9596 0.8151 0.8145
8.9786 0.8140 0.8140
8.9976 0.8127 0.8134
9.0165 0.8114 0.8128
9.0355 0.8100 0.8122
9.0545 0.8085 0.8116
9.0735 0.8070 0.8111
9.0925 0.8053 0.8106
9.1115 0.8036 0.8101
9.1304 0.8019 0.8097
9.1494 0.8001 0.8093
9.1684 0.7982 0.8090
9.1874 0.7962 0.8088
9.2064 0.7940 0.8086
9.2253 0.7918 0.8085
9.2443 0.7894 0.8084
9.2633 0.7868 0.8084
9.2823 0.7841 0.8084
9.3013 0.7813 0.8085
9.3203 0.7783 0.8085
9.3392 0.7752 0.8086
9.3582 0.7720 0.8087
9.3772 0.7687 0.8088
9.3962 0.7655 0.8088
9.4152 0.7624 0.8089
9.4342 0.7594 0.8088
9.4531 0.7566 0.8088
9.4721 0.7541 0.8087
9.4911 0.7519 0.8085
9.5101 0.7500 0.8083
9.5291 0.7485 0.8080
9.5480 0.7475 0.8078
9.5670 0.7468 0.8074
9.5860 0.7466 0.8071
9.6050 0.7467 0.8068
9.6240 0.7471 0.8065
9.6430 0.7478 0.8062
9.6619 0.7487 0.8059
9.6809 0.7498 0.8057
9.6999 0.7511 0.8055
9.7189 0.7524 0.8055
9.7379 0.7537 0.8054
9.7568 0.7550 0.8055
9.7758 0.7563 0.8057
9.7948 0.7575 0.8059
9.8138 0.7586 0.8062
9.8328 0.7597 0.8066
9.8518 0.7606 0.8071
9.8707 0.7615 0.8076
9.8897 0.7622 0.8082
9.9087 0.7629 0.8088
9.9277 0.7635 0.8094
9.9467 0.7640 0.8100
9.9657 0.7645 0.8106
9.9846 0.7648 0.8112
10.0036 0.7651 0.8117
10.0226 0.7652 0.8121
10.0416 0.7653 0.8124
10.0606 0.7654 0.8126
10.0795 0.7653 0.8127
10.0985 0.7651 0.8126
10.1175 0.7649 0.8125
10.1365 0.7647 0.8122
10.1555 0.7643 0.8117
10.1745 0.7640 0.8112
10.1934 0.7636 0.8106
10.2124 0.7632 0.8099
10.2314 0.7628 0.8091
10.2504 0.7624 0.8083
10.2694 0.7621 0.8075
10.2883 0.7618 0.8066
10.3073 0.7616 0.8057
10.3263 0.7614 0.8048
10.3453 0.7614 0.8038
10.3643 0.7614 0.8029
10.3833 0.7616 0.8021
10.4022 0.7618 0.8012
10.4212 0.7621 0.8004
10.4402 0.7624 0.7996
10.4592 0.7629 0.7988
10.4782 0.7633 0.7981
10.4972 0.7638 0.7974
10.5161 0.7642 0.7968
10.5351 0.7647 0.7962
10.5541 0.7651 0.7957
10.5731 0.7655 0.7953
10.5921 0.7659 0.7949
10.6110 0.7662 0.7946
10.6300 0.7665 0.7944
10.6490 0.7669 0.7942
10.6680 0.7672 0.7940
10.6870 0.7675 0.7939
10.7060 0.7678 0.7939
10.7249 0.7681 0.7939
10.7439 0.7685 0.7939
10.7629 0.7688 0.7939
10.7819 0.7692 0.7939
10.8009 0.7696 0.7939
10.8199 0.7700 0.7940
10.8388 0.7704 0.7940
10.8578 0.7708 0.7940
10.8768 0.7712 0.7941
10.8958 0.7716 0.7941
10.9148 0.7719 0.7942
10.9337 0.7721 0.7943
10.9527 0.7723 0.7944
10.9717 0.7725 0.7945
10.9907 0.7726 0.7947
11.0097 0.7727 0.7949
11.0287 0.7727 0.7951
11.0476 0.7727 0.7953
11.0666 0.7726 0.7956
11.0856 0.7726 0.7958
11.1046 0.7724 0.7961
11.1236 0.7723 0.7963
11.1425 0.7722 0.7965
11.1615 0.7720 0.7966
11.1805 0.7719 0.7967
11.1995 0.7717 0.7968
11.2185 0.7716 0.7967
11.2375 0.7714 0.7967
11.2564 0.7713 0.7965
11.2754 0.7712 0.7963
11.2944 0.7711 0.7961
11.3134 0.7710 0.7958
11.3324 0.7709 0.7955
11.3514 0.7709 0.7952
11.3703 0.7708 0.7948
11.3893 0.7707 0.7944
11.4083 0.7705 0.7941
11.4273 0.7704 0.7938
11.4463 0.7703 0.7935
11.4652 0.7701 0.7933
11.4842 0.7699 0.7932
11.5032 0.7698 0.7931
11.5222 0.7696 0.7931
11.5412 0.7694 0.7931
11.5602 0.7693 0.7933
11.5791 0.7692 0.7935
11.5981 0.7691 0.7938
11.6171 0.7691 0.7941
11.6361 0.7691 0.7945
11.6551 0.7692 0.7949
11.6740 0.7693 0.7953
11.6930 0.7695 0.7957
11.7120 0.7697 0.7960
11.7310 0.7700 0.7963
11.7500 0.7704 0.7966
11.7690 0.7709 0.7969
11.7879 0.7714 0.7970
11.8069 0.7719 0.7972
11.8259 0.7725 0.7973
11.8449 0.7732 0.7973
11.8639 0.7738 0.7973
11.8829 0.7745 0.7973
11.9018 0.7752 0.7973
11.9208 0.7759 0.7973
11.9398 0.7766 0.7972
11.9588 0.7772 0.7972
11.9778 0.7778 0.7972
11.9967 0.7784 0.7971
12.0157 0.7789 0.7971
12.0347 0.7794 0.7970
12.0537 0.7797 0.7969
12.0727 0.7801 0.7968
12.0917 0.7803 0.7967
12.1106 0.7805 0.7966
12.1296 0.7807 0.7964
12.1486 0.7808 0.7962
12.1676 0.7809 0.7960
12.1866 0.7809 0.7958
12.2056 0.7809 0.7956
12.2245 0.7808 0.7953
12.2435 0.7807 0.7951
12.2625 0.7806 0.7948
12.2815 0.7804 0.7946
12.3005 0.7802 0.7944
12.3194 0.7800 0.7942
12.3384 0.7797 0.7940
12.3574 0.7794 0.7939
12.3764 0.7790 0.7939
12.3954 0.7786 0.7938
12.4144 0.7781 0.7939
12.4333 0.7776 0.7939
12.4523 0.7771 0.7940
12.4713 0.7765 0.7942
12.4903 0.7760 0.7944
12.5093 0.7755 0.7946
12.5282 0.7750 0.7949
12.5472 0.7745 0.7951
12.5662 0.7741 0.7954
12.5852 0.7738 0.7958
12.6042 0.7736 0.7961
12.6232 0.7734 0.7965
12.6421 0.7734 0.7969
12.6611 0.7734 0.7972
12.6801 0.7736 0.7976
12.6991 0.7738 0.7980
12.7181 0.7741 0.7984
12.7371 0.7746 0.7988
12.7560 0.7751 0.7992
12.7750 0.7756 0.7996
12.7940 0.7763 0.7999
12.8130 0.7769 0.8003
12.8320 0.7776 0.8007
12.8509 0.7784 0.8011
12.8699 0.7791 0.8015
12.8889 0.7798 0.8019
12.9079 0.7805 0.8023
12.9269 0.7812 0.8027
12.9459 0.7819 0.8032
12.9648 0.7825 0.8036
12.9838 0.7831 0.8041
13.0028 0.7836 0.8045
13.0218 0.7841 0.8050
13.0408 0.7845 0.8054
13.0598 0.7849 0.8059
13.0787 0.7853 0.8063
13.0977 0.7856 0.8067
13.1167 0.7859 0.8071
13.1357 0.7861 0.8074
13.1547 0.7863 0.8077
13.1736 0.7865 0.8080
13.1926 0.7867 0.8083
13.2116 0.7869 0.8085
13.2306 0.7871 0.8087
13.2496 0.7873 0.8089
13.2686 0.7874 0.8091
13.2875 0.7877 0.8092
13.3065 0.7879 0.8094
13.3255 0.7881 0.8095
13.3445 0.7884 0.8097
13.3635 0.7886 0.8098
13.3824 0.7889 0.8100
13.4014 0.7893 0.8101
13.4204 0.7896 0.8103
13.4394 0.7899 0.8104
13.4584 0.7903 0.8106
13.4774 0.7907 0.8107
13.4963 0.7911 0.8109
13.5153 0.7916 0.8110
13.5343 0.7920 0.8112
13.5533 0.7925 0.8113
13.5723 0.7930 0.8115
13.5913 0.7935 0.8117
13.6102 0.7941 0.8119
13.6292 0.7946 0.8122
13.6482 0.7952 0.8125
13.6672 0.7958 0.8128
13.6862 0.7964 0.8132
13.7051 0.7970 0.8136
13.7241 0.7977 0.8141
13.7431 0.7983 0.8146
13.7621 0.7989 0.8152
13.7811 0.7995 0.8158
13.8001 0.8001 0.8164
13.8190 0.8007 0.8170
13.8380 0.8013 0.8177
13.8570 0.8018 0.8184
13.8760 0.8023 0.8190
13.8950 0.8028 0.8196
13.9139 0.8032 0.8202
13.9329 0.8037 0.8207
13.9519 0.8040 0.8212
13.9709 0.8044 0.8217
13.9899 0.8047 0.8220
14.0089 0.8050 0.8223
14.0278 0.8053 0.8226
14.0468 0.8055 0.8228
14.0658 0.8058 0.8229
14.0848 0.8060 0.8230
14.1038 0.8063 0.8231
14.1228 0.8065 0.8231
14.1417 0.8067 0.8231
14.1607 0.8070 0.8231
14.1797 0.8073 0.8231
14.1987 0.8076 0.8231
14.2177 0.8080 0.8232
14.2366 0.8083 0.8232
14.2556 0.8087 0.8233
14.2746 0.8092 0.8234
14.2936 0.8096 0.8236
14.3126 0.8101 0.8237
14.3316 0.8106 0.8239
14.3505 0.8111 0.8242
14.3695 0.8116 0.8245
14.3885 0.8121 0.8248
14.4075 0.8126 0.8251
14.4265 0.8131 0.8255
14.4455 0.8135 0.8258
14.4644 0.8140 0.8262
14.4834 0.8145 0.8266
14.5024 0.8150 0.8271
14.5214 0.8154 0.8275
14.5404 0.8158 0.8280
14.5593 0.8163 0.8284
14.5783 0.8167 0.8289
14.5973 0.8171 0.8293
14.6163 0.8176 0.8297
14.6353 0.8180 0.8301
14.6543 0.8184 0.8305
14.6732 0.8188 0.8309
14.6922 0.8191 0.8312
14.7112 0.8195 0.8315
14.7302 0.8199 0.8318
14.7492 0.8202 0.8321
14.7681 0.8205 0.8323
14.7871 0.8207 0.8324
14.8061 0.8210 0.8326
14.8251 0.8212 0.8327
14.8441 0.8213 0.8328
14.8631 0.8214 0.8328
14.8820 0.8215 0.8329
14.9010 0.8216 0.8329
14.9200 0.8216 0.8329
14.9390 0.8216 0.8329
14.9580 0.8216 0.8329
14.9770 0.8215 0.8329
14.9959 0.8214 0.8329
15.0149 0.8213 0.8329
15.0339 0.8212 0.8330
15.0529 0.8211 0.8330
15.0719 0.8210 0.8331
15.0908 0.8209 0.8332
15.1098 0.8208 0.8333
15.1288 0.8208 0.8334
15.1478 0.8207 0.8335
15.1668 0.8207 0.8337
15.1858 0.8207 0.8338
15.2047 0.8207 0.8340
15.2237 0.8208 0.8341
15.2427 0.8209 0.8343
15.2617 0.8210 0.8345
15.2807 0.8211 0.8346
15.2996 0.8213 0.8348
15.3186 0.8215 0.8349
15.3376 0.8217 0.8350
15.3566 0.8220 0.8352
15.3756 0.8222 0.8353
15.3946 0.8225 0.8354
15.4135 0.8228 0.8355
15.4325 0.8231 0.8356
15.4515 0.8234 0.8357
15.4705 0.8237 0.8358
15.4895 0.8240 0.8359
15.5085 0.8243 0.8360
15.5274 0.8246 0.8361
15.5464 0.8249 0.8362
15.5654 0.8252 0.8362
15.5844 0.8255 0.8363
15.6034 0.8258 0.8364
15.6223 0.8261 0.8364
15.6413 0.8263 0.8365
15.6603 0.8266 0.8365
15.6793 0.8268 0.8366
15.6983 0.8271 0.8366
15.7173 0.8273 0.8366
15.7362 0.8274 0.8367
15.7552 0.8276 0.8367
15.7742 0.8278 0.8367
15.7932 0.8279 0.8368
15.8122 0.8280 0.8368
15.8312 0.8281 0.8369
15.8501 0.8282 0.8369
15.8691 0.8283 0.8370
15.8881 0.8283 0.8371
15.9071 0.8284 0.8372
15.9261 0.8285 0.8374
15.9450 0.8285 0.8375
15.9640 0.8286 0.8377
15.9830 0.8286 0.8379
16.0020 0.8287 0.8381
16.0210 0.8288 0.8383
16.0400 0.8289 0.8385
16.0589 0.8290 0.8387
16.0779 0.8291 0.8389
16.0969 0.8292 0.8391
16.1159 0.8293 0.8393
16.1349 0.8294 0.8395
16.1538 0.8295 0.8397
16.1728 0.8296 0.8399
16.1918 0.8298 0.8400
16.2108 0.8299 0.8402
16.2298 0.8300 0.8403
16.2488 0.8302 0.8404
16.2677 0.8303 0.8405
16.2867 0.8305 0.8405
16.3057 0.8307 0.8406
16.3247 0.8308 0.8406
16.3437 0.8310 0.8407
16.3627 0.8312 0.8407
16.3816 0.8314 0.8408
16.4006 0.8316 0.8408
16.4196 0.8318 0.8409
16.4386 0.8321 0.8410
16.4576 0.8323 0.8410
16.4765 0.8325 0.8412
16.4955 0.8328 0.8413
16.5145 0.8330 0.8414
16.5335 0.8333 0.8416
16.5525 0.8335 0.8418
16.5715 0.8338 0.8420
16.5904 0.8340 0.8422
16.6094 0.8342 0.8424
16.6284 0.8345 0.8426
16.6474 0.8346 0.8428
16.6664 0.8348 0.8430
16.6853 0.8350 0.8432
16.7043 0.8351 0.8434
16.7233 0.8352 0.8436
16.7423 0.8354 0.8438
16.7613 0.8355 0.8439
16.7803 0.8356 0.8441
16.7992 0.8357 0.8442
16.8182 0.8358 0.8444
16.8372 0.8360 0.8445
16.8562 0.8361 0.8446
16.8752 0.8363 0.8448
16.8942 0.8364 0.8449
16.9131 0.8367 0.8450
16.9321 0.8369 0.8452
16.9511 0.8371 0.8453
16.9701 0.8374 0.8455
16.9891 0.8377 0.8457
17.0080 0.8380 0.8459
17.0270 0.8383 0.8461
17.0460 0.8386 0.8463
17.0650 0.8389 0.8465
17.0840 0.8392 0.8468
17.1030 0.8395 0.8471
17.1219 0.8398 0.8473
17.1409 0.8402 0.8476
17.1599 0.8405 0.8479
17.1789 0.8408 0.8482
17.1979 0.8411 0.8485
17.2169 0.8414 0.8489
17.2358 0.8417 0.8492
17.2548 0.8420 0.8495
17.2738 0.8423 0.8499
17.2928 0.8426 0.8502
17.3118 0.8429 0.8505
17.3307 0.8431 0.8509
17.3497 0.8434 0.8512
17.3687 0.8437 0.8515
17.3877 0.8440 0.8518
17.4067 0.8443 0.8521
17.4257 0.8445 0.8524
17.4446 0.8448 0.8527
17.4636 0.8451 0.8530
17.4826 0.8454 0.8533
17.5016 0.8457 0.8536
17.5206 0.8460 0.8539
17.5395 0.8463 0.8542
17.5585 0.8466 0.8545
17.5775 0.8468 0.8548
17.5965 0.8471 0.8551
17.6155 0.8474 0.8554
17.6345 0.8476 0.8557
17.6534 0.8479 0.8560
17.6724 0.8481 0.8564
17.6914 0.8484 0.8567
17.7104 0.8486 0.8571
17.7294 0.8488 0.8574
17.7484 0.8491 0.8578
17.7673 0.8493 0.8582
17.7863 0.8495 0.8585
17.8053 0.8497 0.8589
17.8243 0.8500 0.8592
17.8433 0.8502 0.8596
17.8622 0.8505 0.8599
17.8812 0.8507 0.8602
17.9002 0.8510 0.8605
17.9192 0.8513 0.8607
17.9382 0.8516 0.8610
17.9572 0.8519 0.8612
17.9761 0.8522 0.8615
17.9951 0.8526 0.8617
18.0141 0.8529 0.8619
18.0331 0.8533 0.8622
18.0521 0.8536 0.8624
18.0710 0.8540 0.8626
18.0900 0.8543 0.8629
18.1090 0.8547 0.8631
18.1280 0.8550 0.8634
18.1470 0.8554 0.8637
18.1660 0.8557 0.8640
18.1849 0.8561 0.8643
18.2039 0.8564 0.8646
18.2229 0.8568 0.8649
18.2419 0.8571 0.8653
18.2609 0.8575 0.8656
18.2799 0.8578 0.8660
18.2988 0.8582 0.8664
18.3178 0.8585 0.8668
18.3368 0.8589 0.8672
18.3558 0.8593 0.8676
18.3748 0.8596 0.8681
18.3937 0.8600 0.8685
18.4127 0.8604 0.8689
18.4317 0.8607 0.8693
18.4507 0.8611 0.8697
18.4697 0.8615 0.8701
18.4887 0.8618 0.8705
18.5076 0.8622 0.8709
18.5266 0.8626 0.8713
18.5456 0.8629 0.8717
18.5646 0.8633 0.8721
18.5836 0.8637 0.8724
18.6026 0.8640 0.8728
18.6215 0.8644 0.8731
18.6405 0.8647 0.8735
18.6595 0.8651 0.8738
18.6785 0.8654 0.8741
18.6975 0.8658 0.8744
18.7164 0.8661 0.8747
18.7354 0.8665 0.8750
18.7544 0.8668 0.8753
18.7734 0.8672 0.8755
18.7924 0.8675 0.8758
18.8114 0.8679 0.8761
18.8303 0.8682 0.8764
18.8493 0.8686 0.8767
18.8683 0.8690 0.8769
18.8873 0.8693 0.8772
18.9063 0.8697 0.8775
18.9252 0.8701 0.8778
18.9442 0.8704 0.8781
18.9632 0.8708 0.8784
18.9822 0.8712 0.8787
19.0012 0.8716 0.8790
19.0202 0.8719 0.8793
19.0391 0.8723 0.8796
19.0581 0.8726 0.8799
19.0771 0.8730 0.8802
19.0961 0.8734 0.8806
19.1151 0.8737 0.8809
19.1341 0.8741 0.8812
19.1530 0.8744 0.8815
19.1720 0.8748 0.8818
19.1910 0.8752 0.8821
19.2100 0.8755 0.8825
19.2290 0.8759 0.8828
19.2479 0.8762 0.8831
19.2669 0.8766 0.8834
19.2859 0.8770 0.8837
19.3049 0.8774 0.8840
19.3239 0.8777 0.8843
19.3429 0.8781 0.8846
19.3618 0.8785 0.8850
19.3808 0.8789 0.8853
19.3998 0.8793 0.8856
19.4188 0.8797 0.8859
19.4378 0.8800 0.8862
19.4567 0.8804 0.8865
19.4757 0.8808 0.8868
19.4947 0.8812 0.8871
19.5137 0.8816 0.8874
19.5327 0.8819 0.8878
19.5517 0.8823 0.8881
19.5706 0.8827 0.8884
19.5896 0.8830 0.8887
19.6086 0.8834 0.8890
19.6276 0.8838 0.8893
19.6466 0.8841 0.8896
19.6656 0.8845 0.8899
19.6845 0.8848 0.8902
19.7035 0.8852 0.8905
19.7225 0.8855 0.8908
19.7415 0.8859 0.8911
19.7605 0.8862 0.8914
19.7794 0.8865 0.8917
19.7984 0.8869 0.8921
19.8174 0.8872 0.8924
19.8364 0.8875 0.8927
19.8554 0.8878 0.8930
19.8744 0.8881 0.8934
19.8933 0.8884 0.8937
19.9123 0.8887 0.8940
19.9313 0.8890 0.8944
19.9503 0.8893 0.8947
19.9693 0.8896 0.8951
19.9883 0.8899 0.8954
20.0072 0.8902 0.8957
20.0262 0.8906 0.8961
20.0452 0.8909 0.8964
20.0642 0.8912 0.8967
20.0832 0.8915 0.8970
20.1021 0.8918 0.8974
20.1211 0.8921 0.8977
20.1401 0.8924 0.8980
20.1591 0.8927 0.8983
20.1781 0.8930 0.8986
20.1971 0.8933 0.8989
20.2160 0.8936 0.8991
20.2350 0.8939 0.8994
20.2540 0.8942 0.8997
20.2730 0.8945 0.9000
20.2920 0.8948 0.9003
20.3109 0.8951 0.9005
20.3299 0.8954 0.9008
20.3489 0.8957 0.9011
20.3679 0.8960 0.9014
20.3869 0.8963 0.9016
20.4059 0.8965 0.9019
20.4248 0.8968 0.9022
20.4438 0.8971 0.9025
20.4628 0.8973 0.9027
20.4818 0.8976 0.9030
20.5008 0.8979 0.9033
20.5198 0.8981 0.9036
20.5387 0.8984 0.9038
20.5577 0.8987 0.9041
20.5767 0.8989 0.9044
20.5957 0.8992 0.9046
20.6147 0.8995 0.9049
20.6336 0.8997 0.9052
20.6526 0.9000 0.9054
20.6716 0.9003 0.9057
20.6906 0.9005 0.9060
20.7096 0.9008 0.9062
20.7286 0.9011 0.9065
20.7475 0.9013 0.9068
20.7665 0.9016 0.9070
20.7855 0.9018 0.9073
20.8045 0.9021 0.9075
20.8235 0.9023 0.9078
20.8425 0.9026 0.9080
20.8614 0.9028 0.9083
20.8804 0.9031 0.9085
20.8994 0.9033 0.9088
20.9184 0.9036 0.9090
20.9374 0.9038 0.9092
20.9563 0.9041 0.9095
20.9753 0.9043 0.9097
20.9943 0.9046 0.9099
21.0133 0.9048 0.9102
21.0323 0.9051 0.9104
21.0513 0.9054 0.9106
21.0702 0.9056 0.9108
21.0892 0.9059 0.9111
21.1082 0.9061 0.9113
21.1272 0.9064 0.9115
21.1462 0.9066 0.9117
21.1651 0.9069 0.9120
21.1841 0.9071 0.9122
21.2031 0.9074 0.9124
21.2221 0.9077 0.9126
21.2411 0.9079 0.9129
21.2601 0.9082 0.9131
21.2790 0.9084 0.9133
21.2980 0.9087 0.9136
21.3170 0.9089 0.9138
21.3360 0.9091 0.9140
21.3550 0.9094 0.9142
21.3740 0.9096 0.9144
21.3929 0.9098 0.9146
21.4119 0.9101 0.9149
21.4309 0.9103 0.9151
21.4499 0.9105 0.9153
21.4689 0.9107 0.9155
21.4878 0.9110 0.9157
21.5068 0.9112 0.9159
21.5258 0.9114 0.9161
21.5448 0.9116 0.9163
21.5638 0.9118 0.9165
21.5828 0.9121 0.9167
21.6017 0.9123 0.9169
21.6207 0.9125 0.9171
21.6397 0.9127 0.9173
21.6587 0.9129 0.9175
21.6777 0.9131 0.9177
21.6966 0.9133 0.9179
21.7156 0.9135 0.9181
21.7346 0.9137 0.9183
21.7536 0.9140 0.9185
21.7726 0.9142 0.9187
21.7916 0.9144 0.9189
21.8105 0.9146 0.9191
21.8295 0.9148 0.9193
21.8485 0.9150 0.9195
21.8675 0.9152 0.9196
21.8865 0.9154 0.9198
21.9055 0.9156 0.9200
21.9244 0.9158 0.9202
21.9434 0.9160 0.9204
21.9624 0.9162 0.9206
21.9814 0.9164 0.9208
22.0004 0.9166 0.9210
22.0193 0.9168 0.9212
22.0383 0.9170 0.9214
22.0573 0.9172 0.9215
22.0763 0.9174 0.9217
22.0953 0.9175 0.9219
22.1143 0.9177 0.9221
22.1332 0.9179 0.9223
22.1522 0.9181 0.9225
22.1712 0.9183 0.9227
22.1902 0.9184 0.9229
22.2092 0.9186 0.9231
22.2282 0.9188 0.9232
22.2471 0.9190 0.9234
22.2661 0.9191 0.9236
22.2851 0.9193 0.9238
22.3041 0.9195 0.9240
22.3231 0.9197 0.9242
22.3420 0.9198 0.9243
22.3610 0.9200 0.9245
22.3800 0.9202 0.9247
22.3990 0.9204 0.9249
22.4180 0.9206 0.9250
22.4370 0.9208 0.9252
22.4559 0.9209 0.9254
22.4749 0.9211 0.9256
22.4939 0.9213 0.9257
22.5129 0.9215 0.9259
22.5319 0.9217 0.9261
22.5508 0.9219 0.9262
22.5698 0.9221 0.9264
22.5888 0.9223 0.9266
22.6078 0.9224 0.9267
22.6268 0.9226 0.9269
22.6458 0.9228 0.9271
22.6647 0.9230 0.9272
22.6837 0.9232 0.9274
22.7027 0.9234 0.9275
22.7217 0.9235 0.9277
22.7407 0.9237 0.9279
22.7597 0.9239 0.9280
22.7786 0.9241 0.9282
22.7976 0.9242 0.9283
22.8166 0.9244 0.9285
22.8356 0.9246 0.9287
22.8546 0.9248 0.9288
22.8735 0.9249 0.9290
22.8925 0.9251 0.9292
22.9115 0.9253 0.9293
22.9305 0.9254 0.9295
22.9495 0.9256 0.9297
22.9685 0.9257 0.9298
22.9874 0.9259 0.9300
23.0064 0.9261 0.9302
23.0254 0.9262 0.9303
23.0444 0.9264 0.9305
23.0634 0.9265 0.9306
23.0823 0.9267 0.9308
23.1013 0.9269 0.9310
23.1203 0.9270 0.9311
23.1393 0.9272 0.9313
23.1583 0.9273 0.9314
23.1773 0.9275 0.9316
23.1962 0.9277 0.9317
23.2152 0.9278 0.9319
23.2342 0.9280 0.9320
23.2532 0.9281 0.9322
23.2722 0.9283 0.9323
23.2912 0.9284 0.9324
23.3101 0.9286 0.9326
23.3291 0.9287 0.9327
23.3481 0.9289 0.9329
23.3671 0.9291 0.9330
23.3861 0.9292 0.9331
23.4050 0.9294 0.9332
23.4240 0.9295 0.9334
23.4430 0.9297 0.9335
23.4620 0.9298 0.9336
23.4810 0.9300 0.9338
23.5000 0.9301 0.9339
23.5189 0.9302 0.9340
23.5379 0.9304 0.9342
23.5569 0.9305 0.9343
23.5759 0.9307 0.9344
23.5949 0.9308 0.9346
23.6139 0.9309 0.9347
23.6328 0.9311 0.9348
23.6518 0.9312 0.9350
23.6708 0.9313 0.9351
23.6898 0.9315 0.9352
23.7088 0.9316 0.9354
23.7277 0.9317 0.9355
23.7467 0.9319 0.9356
23.7657 0.9320 0.9357
23.7847 0.9321 0.9359
23.8037 0.9322 0.9360
23.8227 0.9323 0.9361
23.8416 0.9325 0.9362
23.8606 0.9326 0.9363
23.8796 0.9327 0.9365
23.8986 0.9328 0.9366
23.9176 0.9330 0.9367
23.9365 0.9331 0.9368
23.9555 0.9332 0.9369
23.9745 0.9333 0.9371
23.9935 0.9335 0.9372
24.0125 0.9336 0.9373
24.0315 0.9337 0.9374
24.0504 0.9338 0.9375
24.0694 0.9340 0.9376
24.0884 0.9341 0.9378
24.1074 0.9342 0.9379
24.1264 0.9343 0.9380
24.1454 0.9344 0.9381
24.1643 0.9346 0.9382
24.1833 0.9347 0.9383
24.2023 0.9348 0.9384
24.2213 0.9349 0.9386
24.2403 0.9351 0.9387
24.2592 0.9352 0.9388
24.2782 0.9353 0.9389
24.2972 0.9354 0.9390
24.3162 0.9355 0.9391
24.3352 0.9357 0.9392
24.3542 0.9358 0.9393
24.3731 0.9359 0.9394
24.3921 0.9360 0.9395
24.4111 0.9361 0.9396
24.4301 0.9363 0.9397
24.4491 0.9364 0.9398
24.4680 0.9365 0.9399
24.4870 0.9366 0.9400
24.5060 0.9367 0.9402
24.5250 0.9369 0.9403
24.5440 0.9370 0.9404
24.5630 0.9371 0.9405
24.5819 0.9372 0.9406
24.6009 0.9373 0.9407
24.6199 0.9375 0.9408
24.6389 0.9376 0.9409
24.6579 0.9377 0.9410
24.6769 0.9378 0.9411
24.6958 0.9379 0.9412
24.7148 0.9380 0.9413
24.7338 0.9382 0.9414
24.7528 0.9383 0.9415
24.7718 0.9384 0.9416
24.7907 0.9385 0.9417
24.8097 0.9386 0.9418
24.8287 0.9387 0.9419
24.8477 0.9388 0.9420
24.8667 0.9389 0.9421
24.8857 0.9391 0.9422
24.9046 0.9392 0.9423
24.9236 0.9393 0.9424
24.9426 0.9394 0.9426
24.9616 0.9395 0.9427
24.9806 0.9396 0.9428
24.9996 0.9397 0.9429
25.0185 0.9398 0.9430
25.0375 0.9399 0.9431
25.0565 0.9400 0.9432
25.0755 0.9401 0.9433
25.0945 0.9402 0.9434
25.1134 0.9403 0.9435
25.1324 0.9405 0.9436
25.1514 0.9406 0.9437
25.1704 0.9407 0.9438
25.1894 0.9408 0.9439
25.2084 0.9409 0.9440
25.2273 0.9410 0.9441
25.2463 0.9411 0.9442
25.2653 0.9412 0.9443
25.2843 0.9413 0.9444
25.3033 0.9414 0.9445
25.3222 0.9416 0.9446
25.3412 0.9417 0.9447
25.3602 0.9418 0.9448
25.3792 0.9419 0.9449
25.3982 0.9420 0.9450
25.4172 0.9421 0.9451
25.4361 0.9422 0.9452
25.4551 0.9423 0.9453
25.4741 0.9424 0.9454
25.4931 0.9425 0.9455
25.5121 0.9426 0.9456
25.5311 0.9428 0.9457
25.5500 0.9429 0.9458
25.5690 0.9430 0.9458
25.5880 0.9431 0.9459
25.6070 0.9432 0.9460
25.6260 0.9433 0.9461
25.6449 0.9434 0.9462
25.6639 0.9435 0.9463
25.6829 0.9436 0.9464
25.7019 0.9437 0.9465
25.7209 0.9438 0.9466
25.7399 0.9439 0.9467
25.7588 0.9440 0.9468
25.7778 0.9441 0.9469
25.7968 0.9442 0.9470
25.8158 0.9443 0.9471
25.8348 0.9444 0.9472
25.8537 0.9445 0.9473
25.8727 0.9445 0.9474
25.8917 0.9446 0.9474
25.9107 0.9447 0.9475
25.9297 0.9448 0.9476
25.9487 0.9449 0.9477
25.9676 0.9450 0.9478
25.9866 0.9451 0.9479
26.0056 0.9452 0.9480
26.0246 0.9453 0.9481
26.0436 0.9454 0.9482
26.0626 0.9454 0.9483
26.0815 0.9455 0.9484
26.1005 0.9456 0.9485
26.1195 0.9457 0.9486
26.1385 0.9458 0.9486
26.1575 0.9459 0.9487
26.1764 0.9460 0.9488
26.1954 0.9461 0.9489
26.2144 0.9462 0.9490
26.2334 0.9463 0.9491
26.2524 0.9464 0.9492
26.2714 0.9464 0.9492
26.2903 0.9465 0.9493
26.3093 0.9466 0.9494
26.3283 0.9467 0.9495
26.3473 0.9468 0.9496
26.3663 0.9469 0.9497
26.3853 0.9470 0.9498
26.4042 0.9471 0.9498
26.4232 0.9472 0.9499
26.4422 0.9473 0.9500
26.4612 0.9474 0.9501
26.4802 0.9475 0.9502
26.4991 0.9475 0.9503
26.5181 0.9476 0.9504
26.5371 0.9477 0.9504
26.5561 0.9478 0.9505
26.5751 0.9479 0.9506
26.5941 0.9480 0.9507
26.6130 0.9481 0.9508
26.6320 0.9482 0.9509
26.6510 0.9483 0.9510
26.6700 0.9483 0.9510
26.6890 0.9484 0.9511
26.7079 0.9485 0.9512
26.7269 0.9486 0.9513
26.7459 0.9487 0.9514
26.7649 0.9488 0.9515
26.7839 0.9489 0.9515
26.8029 0.9490 0.9516
26.8218 0.9491 0.9517
26.8408 0.9492 0.9518
26.8598 0.9492 0.9519
26.8788 0.9493 0.9519
26.8978 0.9494 0.9520
26.9168 0.9495 0.9521
26.9357 0.9496 0.9522
26.9547 0.9497 0.9523
26.9737 0.9498 0.9523
26.9927 0.9499 0.9524
27.0117 0.9499 0.9525
27.0306 0.9500 0.9526
27.0496 0.9501 0.9527
27.0686 0.9502 0.9527
27.0876 0.9503 0.9528
27.1066 0.9504 0.9529
27.1256 0.9504 0.9530
27.1445 0.9505 0.9531
27.1635 0.9506 0.9531
27.1825 0.9507 0.9532
27.2015 0.9508 0.9533
27.2205 0.9509 0.9534
27.2394 0.9509 0.9535
27.2584 0.9510 0.9535
27.2774 0.9511 0.9536
27.2964 0.9512 0.9537
27.3154 0.9513 0.9538
27.3344 0.9513 0.9539
27.3533 0.9514 0.9539
27.3723 0.9515 0.9540
27.3913 0.9516 0.9541
27.4103 0.9517 0.9542
27.4293 0.9517 0.9542
27.4483 0.9518 0.9543
27.4672 0.9519 0.9544
27.4862 0.9520 0.9545
27.5052 0.9521 0.9545
27.5242 0.9521 0.9546
27.5432 0.9522 0.9547
27.5621 0.9523 0.9548
27.5811 0.9524 0.9548
27.6001 0.9524 0.9549
27.6191 0.9525 0.9550
27.6381 0.9526 0.9551
27.6571 0.9527 0.9551
27.6760 0.9528 0.9552
27.6950 0.9528 0.9553
27.7140 0.9529 0.9553
27.7330 0.9530 0.9554
27.7520 0.9531 0.9555
27.7710 0.9531 0.9556
27.7899 0.9532 0.9556
27.8089 0.9533 0.9557
27.8279 0.9534 0.9558
27.8469 0.9534 0.9559
27.8659 0.9535 0.9559
27.8848 0.9536 0.9560
27.9038 0.9537 0.9561
27.9228 0.9537 0.9561
27.9418 0.9538 0.9562
27.9608 0.9539 0.9563
27.9798 0.9540 0.9564
27.9987 0.9540 0.9564
28.0177 0.9541 0.9565
28.0367 0.9542 0.9566
28.0557 0.9543 0.9566
28.0747 0.9543 0.9567
28.0936 0.9544 0.9568
28.1126 0.9545 0.9568
28.1316 0.9546 0.9569
28.1506 0.9546 0.9570
28.1696 0.9547 0.9570
28.1886 0.9548 0.9571
28.2075 0.9548 0.9572
28.2265 0.9549 0.9572
28.2455 0.9550 0.9573
28.2645 0.9551 0.9574
28.2835 0.9551 0.9574
28.3025 0.9552 0.9575
28.3214 0.9553 0.9576
28.3404 0.9553 0.9576
28.3594 0.9554 0.9577
28.3784 0.9555 0.9578
28.3974 0.9556 0.9578
28.4163 0.9556 0.9579
28.4353 0.9557 0.9580
28.4543 0.9558 0.9580
28.4733 0.9558 0.9581
28.4923 0.9559 0.9582
28.5113 0.9560 0.9582
28.5302 0.9560 0.9583
28.5492 0.9561 0.9584
28.5682 0.9562 0.9584
28.5872 0.9562 0.9585
28.6062 0.9563 0.9586
28.6252 0.9564 0.9586
28.6441 0.9564 0.9587
28.6631 0.9565 0.9588
28.6821 0.9566 0.9588
28.7011 0.9566 0.9589
28.7201 0.9567 0.9590
28.7390 0.9568 0.9590
28.7580 0.9568 0.9591
28.7770 0.9569 0.9591
28.7960 0.9570 0.9592
28.8150 0.9570 0.9593
28.8340 0.9571 0.9593
28.8529 0.9572 0.9594
28.8719 0.9572 0.9595
28.8909 0.9573 0.9595
28.9099 0.9574 0.9596
28.9289 0.9574 0.9596
28.9478 0.9575 0.9597
28.9668 0.9576 0.9598
28.9858 0.9576 0.9598
29.0048 0.9577 0.9599
29.0238 0.9578 0.9599
29.0428 0.9578 0.9600
29.0617 0.9579 0.9601
29.0807 0.9580 0.9601
29.0997 0.9580 0.9602
29.1187 0.9581 0.9603
29.1377 0.9582 0.9603
29.1567 0.9582 0.9604
29.1756 0.9583 0.9604
29.1946 0.9584 0.9605
29.2136 0.9584 0.9606
29.2326 0.9585 0.9606
29.2516 0.9585 0.9607
29.2705 0.9586 0.9607
29.2895 0.9587 0.9608
29.3085 0.9587 0.9609
29.3275 0.9588 0.9609
29.3465 0.9589 0.9610
29.3655 0.9589 0.9610
29.3844 0.9590 0.9611
29.4034 0.9591 0.9612
29.4224 0.9591 0.9612
29.4414 0.9592 0.9613
29.4604 0.9592 0.9613
29.4793 0.9593 0.9614
29.4983 0.9594 0.9615
29.5173 0.9594 0.9615
29.5363 0.9595 0.9616
29.5553 0.9595 0.9616
29.5743 0.9596 0.9617
29.5932 0.9597 0.9617
29.6122 0.9597 0.9618
29.6312 0.9598 0.9619
29.6502 0.9598 0.9619
29.6692 0.9599 0.9620
29.6882 0.9600 0.9620
29.7071 0.9600 0.9621
29.7261 0.9601 0.9621
29.7451 0.9601 0.9622
29.7641 0.9602 0.9623
29.7831 0.9603 0.9623
29.8020 0.9603 0.9624
29.8210 0.9604 0.9624
29.8400 0.9604 0.9625
29.8590 0.9605 0.9625
29.8780 0.9606 0.9626
29.8970 0.9606 0.9626
29.9159 0.9607 0.9627
29.9349 0.9607 0.9628
29.9539 0.9608 0.9628
29.9729 0.9609 0.9629
29.9919 0.9609 0.9629
30.0109 0.9610 0.9630
30.0298 0.9610 0.9630
30.0488 0.9611 0.9631
30.0678 0.9611 0.9631
30.0868 0.9612 0.9632
30.1058 0.9613 0.9632
30.1247 0.9613 0.9633
30.1437 0.9614 0.9634
30.1627 0.9614 0.9634
30.1817 0.9615 0.9635
30.2007 0.9615 0.9635
30.2197 0.9616 0.9636
30.2386 0.9616 0.9636
30.2576 0.9617 0.9637
30.2766 0.9618 0.9637
30.2956 0.9618 0.9638
30.3146 0.9619 0.9638
30.3335 0.9619 0.9639
30.3525 0.9620 0.9639
30.3715 0.9620 0.9640
30.3905 0.9621 0.9640
30.4095 0.9621 0.9641
30.4285 0.9622 0.9641
30.4474 0.9622 0.9642
30.4664 0.9623 0.9642
30.4854 0.9624 0.9643
30.5044 0.9624 0.9643
30.5234 0.9625 0.9644
30.5424 0.9625 0.9645
30.5613 0.9626 0.9645
30.5803 0.9626 0.9646
30.5993 0.9627 0.9646
30.6183 0.9627 0.9647
30.6373 0.9628 0.9647
30.6562 0.9628 0.9648
30.6752 0.9629 0.9648
30.6942 0.9629 0.9649
30.7132 0.9630 0.9649
30.7322 0.9631 0.9650
30.7512 0.9631 0.9650
30.7701 0.9632 0.9651
30.7891 0.9632 0.9651
30.8081 0.9633 0.9652
30.8271 0.9633 0.9652
30.8461 0.9634 0.9653
30.8650 0.9634 0.9653
30.8840 0.9635 0.9654
30.9030 0.9635 0.9654
30.9220 0.9636 0.9654
30.9410 0.9636 0.9655
30.9600 0.9637 0.9655
30.9789 0.9637 0.9656
30.9979 0.9638 0.9656
31.0169 0.9638 0.9657
31.0359 0.9639 0.9657
31.0549 0.9639 0.9658
31.0739 0.9640 0.9658
31.0928 0.9640 0.9659
31.1118 0.9641 0.9659
31.1308 0.9641 0.9660
31.1498 0.9642 0.9660
31.1688 0.9642 0.9661
31.1877 0.9643 0.9661
31.2067 0.9643 0.9662
31.2257 0.9644 0.9662
31.2447 0.9644 0.9663
31.2637 0.9645 0.9663
31.2827 0.9645 0.9664
31.3016 0.9646 0.9664
31.3206 0.9646 0.9665
31.3396 0.9647 0.9665
31.3586 0.9647 0.9665
31.3776 0.9648 0.9666
31.3966 0.9648 0.9666
31.4155 0.9649 0.9667
31.4345 0.9649 0.9667
31.4535 0.9650 0.9668
31.4725 0.9650 0.9668
31.4915 0.9651 0.9669
31.5104 0.9651 0.9669
31.5294 0.9652 0.9670
31.5484 0.9652 0.9670
31.5674 0.9653 0.9670
31.5864 0.9653 0.9671
31.6054 0.9654 0.9671
31.6243 0.9654 0.9672
31.6433 0.9655 0.9672
31.6623 0.9655 0.9673
31.6813 0.9655 0.9673
31.7003 0.9656 0.9674
31.7192 0.9656 0.9674
31.7382 0.9657 0.9674
31.7572 0.9657 0.9675
31.7762 0.9658 0.9675
31.7952 0.9658 0.9676
31.8142 0.9659 0.9676
31.8331 0.9659 0.9677
31.8521 0.9660 0.9677
31.8711 0.9660 0.9678
31.8901 0.9661 0.9678
31.9091 0.9661 0.9678
31.9281 0.9661 0.9679
31.9470 0.9662 0.9679
31.9660 0.9662 0.9680
31.9850 0.9663 0.9680
32.0040 0.9663 0.9681
32.0230 0.9664 0.9681
32.0419 0.9664 0.9681
32.0609 0.9665 0.9682
32.0799 0.9665 0.9682
32.0989 0.9666 0.9683
32.1179 0.9666 0.9683
32.1369 0.9666 0.9684
32.1558 0.9667 0.9684
32.1748 0.9667 0.9684
32.1938 0.9668 0.9685
32.2128 0.9668 0.9685
32.2318 0.9669 0.9686
32.2507 0.9669 0.9686
32.2697 0.9670 0.9686
32.2887 0.9670 0.9687
32.3077 0.9670 0.9687
32.3267 0.9671 0.9688
32.3457 0.9671 0.9688
32.3646 0.9672 0.9689
32.3836 0.9672 0.9689
32.4026 0.9673 0.9689
32.4216 0.9673 0.9690
32.4406 0.9673 0.9690
32.4596 0.9674 0.9691
32.4785 0.9674 0.9691
32.4975 0.9675 0.9691
32.5165 0.9675 0.9692
32.5355 0.9676 0.9692
32.5545 0.9676 0.9693
32.5734 0.9676 0.9693
32.5924 0.9677 0.9693
32.6114 0.9677 0.9694
32.6304 0.9678 0.9694
32.6494 0.9678 0.9695
32.6684 0.9679 0.9695
32.6873 0.9679 0.9695
32.7063 0.9679 0.9696
32.7253 0.9680 0.9696
32.7443 0.9680 0.9697
32.7633 0.9681 0.9697
32.7823 0.9681 0.9697
32.8012 0.9681 0.9698
32.8202 0.9682 0.9698
32.8392 0.9682 0.9699
32.8582 0.9683 0.9699
32.8772 0.9683 0.9699
32.8961 0.9683 0.9700
32.9151 0.9684 0.9700
32.9341 0.9684 0.9700
32.9531 0.9685 0.9701
32.9721 0.9685 0.9701
32.9911 0.9686 0.9702
33.0100 0.9686 0.9702
33.0290 0.9686 0.9702
33.0480 0.9687 0.9703
33.0670 0.9687 0.9703
33.0860 0.9688 0.9704
33.1049 0.9688 0.9704
33.1239 0.9688 0.9704
33.1429 0.9689 0.9705
33.1619 0.9689 0.9705
33.1809 0.9690 0.9705
33.1999 0.9690 0.9706
33.2188 0.9690 0.9706
33.2378 0.9691 0.9707
33.2568 0.9691 0.9707
33.2758 0.9691 0.9707
33.2948 0.9692 0.9708
33.3138 0.9692 0.9708
33.3327 0.9693 0.9708
33.3517 0.9693 0.9709
33.3707 0.9693 0.9709
33.3897 0.9694 0.9709
33.4087 0.9694 0.9710
33.4276 0.9695 0.9710
33.4466 0.9695 0.9711
33.4656 0.9695 0.9711
33.4846 0.9696 0.9711
33.5036 0.9696 0.9712
33.5226 0.9697 0.9712
33.5415 0.9697 0.9712
33.5605 0.9697 0.9713
33.5795 0.9698 0.9713
33.5985 0.9698 0.9713
33.6175 0.9698 0.9714
33.6364 0.9699 0.9714
33.6554 0.9699 0.9715
33.6744 0.9700 0.9715
33.6934 0.9700 0.9715
33.7124 0.9700 0.9716
33.7314 0.9701 0.9716
33.7503 0.9701 0.9716
33.7693 0.9701 0.9717
33.7883 0.9702 0.9717
33.8073 0.9702 0.9717
33.8263 0.9703 0.9718
33.8453 0.9703 0.9718
33.8642 0.9703 0.9718
33.8832 0.9704 0.9719
33.9022 0.9704 0.9719
33.9212 0.9704 0.9719
33.9402 0.9705 0.9720
33.9591 0.9705 0.9720
33.9781 0.9705 0.9720
33.9971 0.9706 0.9721
34.0161 0.9706 0.9721
34.0351 0.9707 0.9722
34.0541 0.9707 0.9722
34.0730 0.9707 0.9722
34.0920 0.9708 0.9723
34.1110 0.9708 0.9723
34.1300 0.9708 0.9723
34.1490 0.9709 0.9724
34.1680 0.9709 0.9724
34.1869 0.9709 0.9724
34.2059 0.9710 0.9725
34.2249 0.9710 0.9725
34.2439 0.9710 0.9725
34.2629 0.9711 0.9726
34.2818 0.9711 0.9726
34.3008 0.9712 0.9726
34.3198 0.9712 0.9727
34.3388 0.9712 0.9727
34.3578 0.9713 0.9727
34.3768 0.9713 0.9728
34.3957 0.9713 0.9728
34.4147 0.9714 0.9728
34.4337 0.9714 0.9729
34.4527 0.9714 0.9729
34.4717 0.9715 0.9729
34.4906 0.9715 0.9730
34.5096 0.9715 0.9730
34.5286 0.9716 0.9730
34.5476 0.9716 0.9731
34.5666 0.9716 0.9731
34.5856 0.9717 0.9731
34.6045 0.9717 0.9732
34.6235 0.9717 0.9732
34.6425 0.9718 0.9732
34.6615 0.9718 0.9732
34.6805 0.9718 0.9733
34.6995 0.9719 0.9733
34.7184 0.9719 0.9733
34.7374 0.9719 0.9734
34.7564 0.9720 0.9734
34.7754 0.9720 0.9734
34.7944 0.9720 0.9735
34.8133 0.9721 0.9735
34.8323 0.9721 0.9735
34.8513 0.9721 0.9736
34.8703 0.9722 0.9736
34.8893 0.9722 0.9736
34.9083 0.9722 0.9737
34.9272 0.9723 0.9737
34.9462 0.9723 0.9737
34.9652 0.9723 0.9738
34.9842 0.9724 0.9738
35.0032 0.9724 0.9738
35.0221 0.9724 0.9738
35.0411 0.9725 0.9739
35.0601 0.9725 0.9739
35.0791 0.9725 0.9739
35.0981 0.9726 0.9740
35.1171 0.9726 0.9740
35.1360 0.9726 0.9740
35.1550 0.9727 0.9741
35.1740 0.9727 0.9741
35.1930 0.9727 0.9741
35.2120 0.9728 0.9742
35.2310 0.9728 0.9742
35.2499 0.9728 0.9742
35.2689 0.9729 0.9742
35.2879 0.9729 0.9743
35.3069 0.9729 0.9743
35.3259 0.9730 0.9743
35.3448 0.9730 0.9744
35.3638 0.9730 0.9744
35.3828 0.9731 0.9744
35.4018 0.9731 0.9745
35.4208 0.9731 0.9745
35.4398 0.9731 0.9745
35.4587 0.9732 0.9745
35.4777 0.9732 0.9746
35.4967 0.9732 0.9746
35.5157 0.9733 0.9746
35.5347 0.9733 0.9747
35.5537 0.9733 0.9747
35.5726 0.9734 0.9747
35.5916 0.9734 0.9748
35.6106 0.9734 0.9748
35.6296 0.9735 0.9748
35.6486 0.9735 0.9748
35.6675 0.9735 0.9749
35.6865 0.9736 0.9749
35.7055 0.9736 0.9749
35.7245 0.9736 0.9750
35.7435 0.9736 0.9750
35.7625 0.9737 0.9750
35.7814 0.9737 0.9750
35.8004 0.9737 0.9751
35.8194 0.9738 0.9751
35.8384 0.9738 0.9751
35.8574 0.9738 0.9752
35.8763 0.9739 0.9752
35.8953 0.9739 0.9752
35.9143 0.9739 0.9752
35.9333 0.9739 0.9753
35.9523 0.9740 0.9753
35.9713 0.9740 0.9753
35.9902 0.9740 0.9754
36.0092 0.9741 0.9754
36.0282 0.9741 0.9754
36.0472 0.9741 0.9754
36.0662 0.9742 0.9755
36.0852 0.9742 0.9755
36.1041 0.9742 0.9755
36.1231 0.9742 0.9756
36.1421 0.9743 0.9756
36.1611 0.9743 0.9756
36.1801 0.9743 0.9756
36.1990 0.9744 0.9757
36.2180 0.9744 0.9757
36.2370 0.9744 0.9757
36.2560 0.9744 0.9757
36.2750 0.9745 0.9758
36.2940 0.9745 0.9758
36.3129 0.9745 0.9758
36.3319 0.9746 0.9759
36.3509 0.9746 0.9759
36.3699 0.9746 0.9759
36.3889 0.9747 0.9759
36.4079 0.9747 0.9760
36.4268 0.9747 0.9760
36.4458 0.9747 0.9760
36.4648 0.9748 0.9760
36.4838 0.9748 0.9761
36.5028 0.9748 0.9761
36.5217 0.9749 0.9761
36.5407 0.9749 0.9762
36.5597 0.9749 0.9762
36.5787 0.9749 0.9762
36.5977 0.9750 0.9762
36.6167 0.9750 0.9763
36.6356 0.9750 0.9763
36.6546 0.9750 0.9763
36.6736 0.9751 0.9763
36.6926 0.9751 0.9764
36.7116 0.9751 0.9764
36.7305 0.9752 0.9764
36.7495 0.9752 0.9764
36.7685 0.9752 0.9765
36.7875 0.9752 0.9765
36.8065 0.9753 0.9765
36.8255 0.9753 0.9766
36.8444 0.9753 0.9766
36.8634 0.9754 0.9766
36.8824 0.9754 0.9766
36.9014 0.9754 0.9767
36.9204 0.9754 0.9767
36.9394 0.9755 0.9767
36.9583 0.9755 0.9767
36.9773 0.9755 0.9768
36.9963 0.9755 0.9768
37.0153 0.9756 0.9768
37.0343 0.9756 0.9768
37.0532 0.9756 0.9769
37.0722 0.9757 0.9769
37.0912 0.9757 0.9769
37.1102 0.9757 0.9769
37.1292 0.9757 0.9770
37.1482 0.9758 0.9770
37.1671 0.9758 0.9770
37.1861 0.9758 0.9770
37.2051 0.9758 0.9771
37.2241 0.9759 0.9771
37.2431 0.9759 0.9771
37.2620 0.9759 0.9771
37.2810 0.9759 0.9772
37.3000 0.9760 0.9772
37.3190 0.9760 0.9772
37.3380 0.9760 0.9772
37.3570 0.9761 0.9773
37.3759 0.9761 0.9773
37.3949 0.9761 0.9773
37.4139 0.9761 0.9773
37.4329 0.9762 0.9774
37.4519 0.9762 0.9774
37.4709 0.9762 0.9774
37.4898 0.9762 0.9774
37.5088 0.9763 0.9775
37.5278 0.9763 0.9775
37.5468 0.9763 0.9775
37.5658 0.9763 0.9775
37.5847 0.9764 0.9776
37.6037 0.9764 0.9776
37.6227 0.9764 0.9776
37.6417 0.9764 0.9776
37.6607 0.9765 0.9777
37.6797 0.9765 0.9777
37.6986 0.9765 0.9777
37.7176 0.9765 0.9777
37.7366 0.9766 0.9778
37.7556 0.9766 0.9778
37.7746 0.9766 0.9778
37.7936 0.9766 0.9778
37.8125 0.9767 0.9779
37.8315 0.9767 0.9779
37.8505 0.9767 0.9779
37.8695 0.9767 0.9779
37.8885 0.9768 0.9779
37.9074 0.9768 0.9780
37.9264 0.9768 0.9780
37.9454 0.9768 0.9780
