0.0000 21.6148 25.1400
0.0168 21.5301 25.0340
0.0336 21.2783 24.7192
0.0504 20.8667 24.2045
0.0672 20.3070 23.5041
0.0840 19.6146 22.6373
0.1008 18.8080 21.6270
0.1175 17.9080 20.4988
0.1343 16.9364 19.2802
0.1511 15.9156 17.9988
0.1679 14.8671 16.6821
0.1847 13.8114 15.3556
0.2015 12.7667 14.0428
0.2183 11.7491 12.7641
0.2351 10.7719 11.5368
0.2519 9.8454 10.3746
0.2687 8.9775 9.2876
0.2855 8.1730 8.2829
0.3023 7.4348 7.3642
0.3191 6.7635 6.5327
0.3359 6.1579 5.7873
0.3526 5.6157 5.1251
0.3694 5.1332 4.5418
0.3862 4.7065 4.0320
0.4030 4.3308 3.5899
0.4198 4.0013 3.2091
0.4366 3.7132 2.8834
0.4534 3.4616 2.6066
0.4702 3.2422 2.3729
0.4870 3.0504 2.1767
0.5038 2.8825 2.0132
0.5206 2.7347 1.8777
0.5374 2.6039 1.7664
0.5542 2.4869 1.6756
0.5709 2.3814 1.6023
0.5877 2.2851 1.5437
0.6045 2.1960 1.4975
0.6213 2.1125 1.4616
0.6381 2.0334 1.4342
0.6549 1.9576 1.4138
0.6717 1.8843 1.3989
0.6885 1.8129 1.3882
0.7053 1.7432 1.3807
0.7221 1.6749 1.3754
0.7389 1.6080 1.3713
0.7557 1.5426 1.3678
0.7725 1.4788 1.3641
0.7892 1.4169 1.3597
0.8060 1.3571 1.3543
0.8228 1.2999 1.3474
0.8396 1.2453 1.3390
0.8564 1.1938 1.3288
0.8732 1.1455 1.3170
0.8900 1.1006 1.3036
0.9068 1.0593 1.2887
0.9236 1.0216 1.2726
0.9404 0.9877 1.2555
0.9572 0.9574 1.2376
0.9740 0.9309 1.2194
0.9908 0.9079 1.2010
1.0076 0.8883 1.1827
1.0243 0.8721 1.1649
1.0411 0.8590 1.1476
1.0579 0.8489 1.1311
1.0747 0.8415 1.1157
1.0915 0.8367 1.1013
1.1083 0.8341 1.0881
1.1251 0.8336 1.0762
1.1419 0.8348 1.0655
1.1587 0.8377 1.0561
1.1755 0.8418 1.0478
1.1923 0.8470 1.0407
1.2091 0.8531 1.0344
1.2259 0.8599 1.0290
1.2426 0.8672 1.0241
1.2594 0.8748 1.0196
1.2762 0.8827 1.0152
1.2930 0.8908 1.0107
1.3098 0.8990 1.0058
1.3266 0.9072 1.0002
1.3434 0.9156 0.9938
1.3602 0.9240 0.9863
1.3770 0.9324 0.9776
1.3938 0.9410 0.9675
1.4106 0.9498 0.9561
1.4274 0.9587 0.9432
1.4442 0.9678 0.9290
1.4609 0.9770 0.9135
1.4777 0.9864 0.8969
1.4945 0.9958 0.8794
1.5113 1.0052 0.8612
1.5281 1.0145 0.8425
1.5449 1.0235 0.8236
1.5617 1.0322 0.8048
1.5785 1.0403 0.7863
1.5953 1.0478 0.7682
1.6121 1.0544 0.7509
1.6289 1.0600 0.7343
1.6457 1.0646 0.7188
1.6625 1.0679 0.7042
1.6793 1.0698 0.6908
1.6960 1.0703 0.6783
1.7128 1.0694 0.6669
1.7296 1.0669 0.6565
1.7464 1.0631 0.6469
1.7632 1.0578 0.6380
1.7800 1.0513 0.6297
1.7968 1.0435 0.6220
1.8136 1.0348 0.6146
1.8304 1.0253 0.6075
1.8472 1.0151 0.6005
1.8640 1.0045 0.5936
1.8808 0.9937 0.5868
1.8976 0.9829 0.5799
1.9143 0.9723 0.5730
1.9311 0.9620 0.5661
1.9479 0.9522 0.5592
1.9647 0.9430 0.5523
1.9815 0.9345 0.5455
1.9983 0.9267 0.5389
2.0151 0.9196 0.5325
2.0319 0.9131 0.5265
2.0487 0.9073 0.5207
2.0655 0.9020 0.5154
2.0823 0.8972 0.5104
2.0991 0.8926 0.5059
2.1159 0.8882 0.5019
2.1327 0.8839 0.4982
2.1494 0.8796 0.4949
2.1662 0.8750 0.4919
2.1830 0.8703 0.4892
2.1998 0.8651 0.4866
2.2166 0.8597 0.4842
2.2334 0.8538 0.4818
2.2502 0.8476 0.4794
2.2670 0.8410 0.4769
2.2838 0.8341 0.4743
2.3006 0.8270 0.4715
2.3174 0.8197 0.4686
2.3342 0.8125 0.4655
2.3510 0.8054 0.4623
2.3677 0.7985 0.4590
2.3845 0.7919 0.4557
2.4013 0.7859 0.4525
2.4181 0.7805 0.4495
2.4349 0.7758 0.4467
2.4517 0.7718 0.4443
2.4685 0.7688 0.4424
2.4853 0.7665 0.4410
2.5021 0.7652 0.4403
2.5189 0.7647 0.4404
2.5357 0.7650 0.4412
2.5525 0.7660 0.4430
2.5693 0.7675 0.4456
2.5860 0.7695 0.4490
2.6028 0.7717 0.4534
2.6196 0.7740 0.4586
2.6364 0.7763 0.4646
2.6532 0.7783 0.4712
2.6700 0.7799 0.4785
2.6868 0.7810 0.4863
2.7036 0.7813 0.4945
2.7204 0.7809 0.5030
2.7372 0.7796 0.5117
2.7540 0.7773 0.5205
2.7708 0.7741 0.5293
2.7876 0.7700 0.5380
2.8044 0.7650 0.5464
2.8211 0.7591 0.5546
2.8379 0.7526 0.5624
2.8547 0.7455 0.5697
2.8715 0.7379 0.5766
2.8883 0.7301 0.5829
2.9051 0.7221 0.5887
2.9219 0.7140 0.5938
2.9387 0.7061 0.5984
2.9555 0.6985 0.6024
2.9723 0.6912 0.6058
2.9891 0.6845 0.6087
3.0059 0.6782 0.6110
3.0227 0.6726 0.6129
3.0394 0.6677 0.6143
3.0562 0.6635 0.6155
3.0730 0.6600 0.6163
3.0898 0.6571 0.6169
3.1066 0.6549 0.6174
3.1234 0.6534 0.6177
3.1402 0.6525 0.6181
3.1570 0.6521 0.6184
3.1738 0.6523 0.6188
3.1906 0.6528 0.6193
3.2074 0.6538 0.6198
3.2242 0.6552 0.6204
3.2410 0.6568 0.6212
3.2577 0.6587 0.6219
3.2745 0.6609 0.6227
3.2913 0.6632 0.6235
3.3081 0.6657 0.6243
3.3249 0.6683 0.6250
3.3417 0.6711 0.6257
3.3585 0.6740 0.6262
3.3753 0.6769 0.6267
3.3921 0.6800 0.6270
3.4089 0.6831 0.6273
3.4257 0.6862 0.6274
3.4425 0.6893 0.6275
3.4593 0.6923 0.6275
3.4761 0.6953 0.6275
3.4928 0.6982 0.6275
3.5096 0.7010 0.6275
3.5264 0.7037 0.6276
3.5432 0.7061 0.6278
3.5600 0.7083 0.6281
3.5768 0.7103 0.6286
3.5936 0.7120 0.6291
3.6104 0.7134 0.6298
3.6272 0.7146 0.6306
3.6440 0.7155 0.6316
3.6608 0.7161 0.6326
3.6776 0.7165 0.6338
3.6944 0.7167 0.6350
3.7111 0.7167 0.6362
3.7279 0.7164 0.6375
3.7447 0.7161 0.6388
3.7615 0.7155 0.6402
3.7783 0.7148 0.6415
3.7951 0.7140 0.6428
3.8119 0.7131 0.6442
3.8287 0.7120 0.6455
3.8455 0.7108 0.6469
3.8623 0.7094 0.6484
3.8791 0.7079 0.6500
3.8959 0.7062 0.6517
3.9127 0.7043 0.6535
3.9295 0.7022 0.6556
3.9462 0.6999 0.6579
3.9630 0.6973 0.6605
3.9798 0.6946 0.6633
3.9966 0.6916 0.6664
4.0134 0.6885 0.6699
4.0302 0.6853 0.6736
4.0470 0.6820 0.6776
4.0638 0.6786 0.6819
4.0806 0.6753 0.6863
4.0974 0.6720 0.6910
4.1142 0.6688 0.6958
4.1310 0.6658 0.7006
4.1478 0.6631 0.7055
4.1645 0.6607 0.7103
4.1813 0.6586 0.7150
4.1981 0.6569 0.7195
4.2149 0.6556 0.7238
4.2317 0.6547 0.7278
4.2485 0.6541 0.7315
4.2653 0.6540 0.7349
4.2821 0.6543 0.7380
4.2989 0.6549 0.7406
4.3157 0.6559 0.7430
4.3325 0.6572 0.7450
4.3493 0.6587 0.7466
4.3661 0.6604 0.7480
4.3828 0.6623 0.7491
4.3996 0.6643 0.7500
4.4164 0.6664 0.7507
4.4332 0.6686 0.7512
4.4500 0.6708 0.7516
4.4668 0.6731 0.7520
4.4836 0.6753 0.7523
4.5004 0.6774 0.7526
4.5172 0.6796 0.7530
4.5340 0.6816 0.7534
4.5508 0.6836 0.7539
4.5676 0.6855 0.7545
4.5844 0.6873 0.7552
4.6012 0.6890 0.7560
4.6179 0.6906 0.7569
4.6347 0.6921 0.7579
4.6515 0.6935 0.7590
4.6683 0.6947 0.7602
4.6851 0.6958 0.7615
4.7019 0.6968 0.7629
4.7187 0.6978 0.7643
4.7355 0.6986 0.7657
4.7523 0.6993 0.7672
4.7691 0.7000 0.7687
4.7859 0.7007 0.7703
4.8027 0.7013 0.7718
4.8195 0.7019 0.7734
4.8362 0.7026 0.7749
4.8530 0.7032 0.7764
4.8698 0.7040 0.7778
4.8866 0.7048 0.7792
4.9034 0.7057 0.7805
4.9202 0.7068 0.7817
4.9370 0.7079 0.7828
4.9538 0.7093 0.7838
4.9706 0.7107 0.7846
4.9874 0.7123 0.7854
5.0042 0.7141 0.7859
5.0210 0.7160 0.7864
5.0378 0.7179 0.7868
5.0545 0.7200 0.7870
5.0713 0.7222 0.7872
5.0881 0.7244 0.7873
5.1049 0.7267 0.7874
5.1217 0.7289 0.7874
5.1385 0.7311 0.7875
5.1553 0.7333 0.7875
5.1721 0.7354 0.7876
5.1889 0.7375 0.7876
5.2057 0.7394 0.7878
5.2225 0.7413 0.7879
5.2393 0.7430 0.7881
5.2561 0.7447 0.7883
5.2729 0.7464 0.7885
5.2896 0.7480 0.7887
5.3064 0.7496 0.7889
5.3232 0.7512 0.7891
5.3400 0.7529 0.7893
5.3568 0.7546 0.7894
5.3736 0.7564 0.7895
5.3904 0.7582 0.7896
5.4072 0.7602 0.7897
5.4240 0.7623 0.7898
5.4408 0.7644 0.7898
5.4576 0.7666 0.7898
5.4744 0.7689 0.7898
5.4912 0.7712 0.7898
5.5079 0.7736 0.7897
5.5247 0.7759 0.7897
5.5415 0.7782 0.7897
5.5583 0.7804 0.7896
5.5751 0.7826 0.7896
5.5919 0.7847 0.7895
5.6087 0.7867 0.7895
5.6255 0.7886 0.7895
5.6423 0.7904 0.7895
5.6591 0.7922 0.7894
5.6759 0.7938 0.7894
5.6927 0.7954 0.7893
5.7095 0.7970 0.7893
5.7263 0.7985 0.7892
5.7430 0.8000 0.7892
5.7598 0.8016 0.7891
5.7766 0.8031 0.7889
5.7934 0.8047 0.7888
5.8102 0.8063 0.7886
5.8270 0.8080 0.7884
5.8438 0.8098 0.7881
5.8606 0.8115 0.7878
5.8774 0.8134 0.7875
5.8942 0.8152 0.7872
5.9110 0.8171 0.7868
5.9278 0.8189 0.7864
5.9446 0.8208 0.7860
5.9613 0.8225 0.7856
5.9781 0.8243 0.7851
5.9949 0.8259 0.7847
6.0117 0.8274 0.7843
6.0285 0.8287 0.7839
6.0453 0.8299 0.7835
6.0621 0.8310 0.7832
6.0789 0.8319 0.7828
6.0957 0.8326 0.7825
6.1125 0.8331 0.7822
6.1293 0.8335 0.7818
6.1461 0.8337 0.7815
6.1629 0.8338 0.7811
6.1796 0.8338 0.7808
6.1964 0.8337 0.7804
6.2132 0.8335 0.7801
6.2300 0.8332 0.7797
6.2468 0.8329 0.7794
6.2636 0.8325 0.7791
6.2804 0.8321 0.7789
6.2972 0.8317 0.7787
6.3140 0.8313 0.7786
6.3308 0.8309 0.7786
6.3476 0.8304 0.7788
6.3644 0.8299 0.7790
6.3812 0.8294 0.7794
6.3980 0.8289 0.7800
6.4147 0.8284 0.7807
6.4315 0.8278 0.7815
6.4483 0.8272 0.7825
6.4651 0.8266 0.7837
6.4819 0.8259 0.7849
6.4987 0.8251 0.7863
6.5155 0.8243 0.7878
6.5323 0.8235 0.7893
6.5491 0.8226 0.7909
6.5659 0.8217 0.7926
6.5827 0.8208 0.7943
6.5995 0.8199 0.7960
6.6163 0.8189 0.7978
6.6330 0.8180 0.7995
6.6498 0.8172 0.8012
6.6666 0.8164 0.8030
6.6834 0.8157 0.8047
6.7002 0.8150 0.8063
6.7170 0.8145 0.8080
6.7338 0.8140 0.8095
6.7506 0.8137 0.8111
6.7674 0.8135 0.8126
6.7842 0.8135 0.8140
6.8010 0.8136 0.8154
6.8178 0.8138 0.8167
6.8346 0.8141 0.8179
6.8513 0.8146 0.8192
6.8681 0.8151 0.8203
6.8849 0.8158 0.8214
6.9017 0.8165 0.8225
6.9185 0.8173 0.8235
6.9353 0.8181 0.8245
6.9521 0.8190 0.8254
6.9689 0.8199 0.8264
6.9857 0.8208 0.8272
7.0025 0.8218 0.8281
7.0193 0.8227 0.8289
7.0361 0.8236 0.8297
7.0529 0.8246 0.8304
7.0697 0.8255 0.8311
7.0864 0.8264 0.8318
7.1032 0.8273 0.8324
7.1200 0.8282 0.8331
7.1368 0.8291 0.8337
7.1536 0.8300 0.8342
7.1704 0.8308 0.8348
7.1872 0.8317 0.8354
7.2040 0.8325 0.8359
7.2208 0.8333 0.8365
7.2376 0.8341 0.8371
7.2544 0.8348 0.8376
7.2712 0.8355 0.8383
7.2880 0.8361 0.8389
7.3047 0.8366 0.8396
7.3215 0.8370 0.8403
7.3383 0.8374 0.8411
7.3551 0.8376 0.8419
7.3719 0.8378 0.8428
7.3887 0.8378 0.8437
7.4055 0.8378 0.8446
7.4223 0.8376 0.8456
7.4391 0.8373 0.8466
7.4559 0.8370 0.8476
7.4727 0.8365 0.8487
7.4895 0.8361 0.8498
7.5063 0.8355 0.8509
7.5230 0.8350 0.8519
7.5398 0.8345 0.8530
7.5566 0.8340 0.8540
7.5734 0.8335 0.8551
7.5902 0.8331 0.8560
7.6070 0.8328 0.8570
7.6238 0.8327 0.8579
7.6406 0.8326 0.8587
7.6574 0.8327 0.8595
7.6742 0.8329 0.8601
7.6910 0.8333 0.8608
7.7078 0.8338 0.8613
7.7246 0.8344 0.8617
7.7414 0.8352 0.8621
7.7581 0.8361 0.8623
7.7749 0.8370 0.8624
7.7917 0.8381 0.8625
7.8085 0.8392 0.8624
7.8253 0.8404 0.8622
7.8421 0.8415 0.8620
7.8589 0.8427 0.8616
7.8757 0.8439 0.8612
7.8925 0.8450 0.8607
7.9093 0.8461 0.8602
7.9261 0.8471 0.8596
7.9429 0.8480 0.8589
7.9597 0.8489 0.8583
7.9764 0.8497 0.8576
7.9932 0.8504 0.8569
8.0100 0.8509 0.8563
8.0268 0.8514 0.8556
8.0436 0.8518 0.8550
8.0604 0.8522 0.8544
8.0772 0.8524 0.8539
8.0940 0.8526 0.8534
8.1108 0.8527 0.8529
8.1276 0.8527 0.8525
8.1444 0.8527 0.8522
8.1612 0.8527 0.8518
8.1780 0.8527 0.8515
8.1948 0.8527 0.8513
8.2115 0.8527 0.8511
8.2283 0.8527 0.8509
8.2451 0.8528 0.8507
8.2619 0.8528 0.8505
8.2787 0.8529 0.8504
8.2955 0.8531 0.8502
8.3123 0.8532 0.8501
8.3291 0.8534 0.8500
8.3459 0.8536 0.8499
8.3627 0.8539 0.8498
8.3795 0.8541 0.8497
8.3963 0.8542 0.8495
8.4131 0.8544 0.8494
8.4298 0.8545 0.8493
8.4466 0.8545 0.8491
8.4634 0.8545 0.8490
8.4802 0.8544 0.8488
8.4970 0.8542 0.8485
8.5138 0.8539 0.8483
8.5306 0.8534 0.8479
8.5474 0.8529 0.8476
8.5642 0.8523 0.8472
8.5810 0.8516 0.8467
8.5978 0.8508 0.8462
8.6146 0.8499 0.8457
8.6314 0.8490 0.8451
8.6481 0.8480 0.8445
8.6649 0.8469 0.8439
8.6817 0.8458 0.8432
8.6985 0.8447 0.8426
8.7153 0.8435 0.8420
8.7321 0.8423 0.8414
8.7489 0.8411 0.8408
8.7657 0.8399 0.8403
8.7825 0.8387 0.8399
8.7993 0.8375 0.8395
8.8161 0.8363 0.8392
8.8329 0.8351 0.8390
8.8497 0.8339 0.8388
8.8665 0.8328 0.8387
8.8832 0.8316 0.8388
8.9000 0.8305 0.8389
8.9168 0.8294 0.8390
8.9336 0.8283 0.8392
8.9504 0.8272 0.8395
8.9672 0.8263 0.8398
8.9840 0.8253 0.8402
9.0008 0.8244 0.8405
9.0176 0.8236 0.8409
9.0344 0.8229 0.8412
9.0512 0.8222 0.8415
9.0680 0.8216 0.8419
9.0848 0.8211 0.8421
9.1015 0.8207 0.8424
9.1183 0.8203 0.8426
9.1351 0.8201 0.8427
9.1519 0.8199 0.8428
9.1687 0.8197 0.8429
9.1855 0.8197 0.8430
9.2023 0.8197 0.8430
9.2191 0.8198 0.8430
9.2359 0.8199 0.8430
9.2527 0.8201 0.8430
9.2695 0.8203 0.8429
9.2863 0.8205 0.8429
9.3031 0.8208 0.8429
9.3198 0.8211 0.8428
9.3366 0.8215 0.8428
9.3534 0.8218 0.8427
9.3702 0.8222 0.8427
9.3870 0.8225 0.8426
9.4038 0.8229 0.8424
9.4206 0.8233 0.8422
9.4374 0.8236 0.8420
9.4542 0.8239 0.8417
9.4710 0.8242 0.8414
9.4878 0.8245 0.8410
9.5046 0.8248 0.8405
9.5214 0.8250 0.8399
9.5382 0.8251 0.8393
9.5549 0.8253 0.8386
9.5717 0.8253 0.8378
9.5885 0.8254 0.8370
9.6053 0.8253 0.8362
9.6221 0.8252 0.8353
9.6389 0.8251 0.8343
9.6557 0.8249 0.8334
9.6725 0.8247 0.8324
9.6893 0.8244 0.8314
9.7061 0.8240 0.8305
9.7229 0.8237 0.8296
9.7397 0.8233 0.8286
9.7565 0.8228 0.8277
9.7732 0.8224 0.8269
9.7900 0.8220 0.8260
9.8068 0.8216 0.8252
9.8236 0.8212 0.8243
9.8404 0.8208 0.8235
9.8572 0.8205 0.8228
9.8740 0.8202 0.8220
9.8908 0.8199 0.8212
9.9076 0.8198 0.8204
9.9244 0.8196 0.8196
9.9412 0.8196 0.8188
9.9580 0.8196 0.8181
9.9748 0.8196 0.8173
9.9916 0.8197 0.8165
10.0083 0.8198 0.8157
10.0251 0.8200 0.8150
10.0419 0.8202 0.8143
10.0587 0.8205 0.8136
10.0755 0.8208 0.8129
10.0923 0.8211 0.8123
10.1091 0.8214 0.8117
10.1259 0.8217 0.8112
10.1427 0.8221 0.8107
10.1595 0.8224 0.8103
10.1763 0.8228 0.8099
10.1931 0.8232 0.8096
10.2099 0.8236 0.8093
10.2266 0.8239 0.8090
10.2434 0.8243 0.8088
10.2602 0.8247 0.8087
10.2770 0.8250 0.8086
10.2938 0.8254 0.8085
10.3106 0.8257 0.8085
10.3274 0.8260 0.8084
10.3442 0.8262 0.8085
10.3610 0.8264 0.8085
10.3778 0.8266 0.8086
10.3946 0.8267 0.8087
10.4114 0.8267 0.8088
10.4282 0.8267 0.8090
10.4449 0.8267 0.8092
10.4617 0.8266 0.8094
10.4785 0.8265 0.8096
10.4953 0.8263 0.8098
10.5121 0.8261 0.8100
10.5289 0.8258 0.8103
10.5457 0.8255 0.8106
10.5625 0.8252 0.8108
10.5793 0.8248 0.8111
10.5961 0.8245 0.8113
10.6129 0.8241 0.8116
10.6297 0.8237 0.8118
10.6465 0.8233 0.8119
10.6633 0.8228 0.8121
10.6800 0.8224 0.8122
10.6968 0.8220 0.8123
10.7136 0.8215 0.8123
10.7304 0.8211 0.8123
10.7472 0.8207 0.8123
10.7640 0.8203 0.8123
10.7808 0.8199 0.8122
10.7976 0.8196 0.8121
10.8144 0.8192 0.8121
10.8312 0.8189 0.8120
10.8480 0.8186 0.8120
10.8648 0.8183 0.8120
10.8816 0.8180 0.8121
10.8983 0.8177 0.8122
10.9151 0.8174 0.8123
10.9319 0.8172 0.8125
10.9487 0.8169 0.8128
10.9655 0.8165 0.8131
10.9823 0.8162 0.8134
10.9991 0.8157 0.8138
11.0159 0.8153 0.8142
11.0327 0.8148 0.8147
11.0495 0.8142 0.8151
11.0663 0.8135 0.8156
11.0831 0.8128 0.8160
11.0999 0.8120 0.8163
11.1166 0.8112 0.8167
11.1334 0.8103 0.8169
11.1502 0.8094 0.8171
11.1670 0.8085 0.8171
11.1838 0.8075 0.8171
11.2006 0.8065 0.8169
11.2174 0.8056 0.8166
11.2342 0.8047 0.8162
11.2510 0.8037 0.8156
11.2678 0.8029 0.8150
11.2846 0.8021 0.8142
11.3014 0.8013 0.8133
11.3182 0.8006 0.8124
11.3350 0.7999 0.8114
11.3517 0.7994 0.8104
11.3685 0.7989 0.8093
11.3853 0.7984 0.8082
11.4021 0.7981 0.8072
11.4189 0.7978 0.8061
11.4357 0.7975 0.8051
11.4525 0.7973 0.8042
11.4693 0.7972 0.8033
11.4861 0.7971 0.8024
11.5029 0.7971 0.8017
11.5197 0.7971 0.8010
11.5365 0.7972 0.8004
11.5533 0.7972 0.7999
11.5700 0.7973 0.7995
11.5868 0.7975 0.7991
11.6036 0.7976 0.7988
11.6204 0.7977 0.7985
11.6372 0.7979 0.7983
11.6540 0.7980 0.7981
11.6708 0.7982 0.7980
11.6876 0.7983 0.7978
11.7044 0.7985 0.7976
11.7212 0.7986 0.7975
11.7380 0.7987 0.7973
11.7548 0.7989 0.7970
11.7716 0.7990 0.7967
11.7884 0.7991 0.7964
11.8051 0.7992 0.7960
11.8219 0.7993 0.7955
11.8387 0.7995 0.7950
11.8555 0.7996 0.7944
11.8723 0.7998 0.7937
11.8891 0.8000 0.7930
11.9059 0.8002 0.7922
11.9227 0.8004 0.7913
11.9395 0.8007 0.7905
11.9563 0.8010 0.7896
11.9731 0.8013 0.7887
11.9899 0.8016 0.7878
12.0067 0.8019 0.7869
12.0234 0.8023 0.7861
12.0402 0.8026 0.7853
12.0570 0.8029 0.7845
12.0738 0.8032 0.7838
12.0906 0.8035 0.7831
12.1074 0.8037 0.7826
12.1242 0.8039 0.7821
12.1410 0.8039 0.7816
12.1578 0.8039 0.7813
12.1746 0.8038 0.7810
12.1914 0.8036 0.7807
12.2082 0.8033 0.7805
12.2250 0.8028 0.7803
12.2417 0.8023 0.7802
12.2585 0.8016 0.7800
12.2753 0.8008 0.7799
12.2921 0.8000 0.7798
12.3089 0.7990 0.7796
12.3257 0.7980 0.7794
12.3425 0.7969 0.7792
12.3593 0.7958 0.7790
12.3761 0.7946 0.7787
12.3929 0.7934 0.7783
12.4097 0.7922 0.7780
12.4265 0.7911 0.7776
12.4433 0.7900 0.7771
12.4601 0.7889 0.7767
12.4768 0.7878 0.7762
12.4936 0.7869 0.7757
12.5104 0.7860 0.7752
12.5272 0.7851 0.7747
12.5440 0.7843 0.7741
12.5608 0.7836 0.7736
12.5776 0.7829 0.7731
12.5944 0.7823 0.7726
12.6112 0.7817 0.7721
12.6280 0.7811 0.7717
12.6448 0.7806 0.7712
12.6616 0.7801 0.7708
12.6784 0.7796 0.7704
12.6951 0.7790 0.7700
12.7119 0.7785 0.7697
12.7287 0.7780 0.7694
12.7455 0.7774 0.7691
12.7623 0.7769 0.7689
12.7791 0.7763 0.7687
12.7959 0.7757 0.7686
12.8127 0.7750 0.7684
12.8295 0.7744 0.7683
12.8463 0.7737 0.7683
12.8631 0.7731 0.7682
12.8799 0.7724 0.7682
12.8967 0.7717 0.7682
12.9134 0.7710 0.7682
12.9302 0.7703 0.7682
12.9470 0.7696 0.7683
12.9638 0.7690 0.7683
12.9806 0.7683 0.7684
12.9974 0.7677 0.7684
13.0142 0.7671 0.7684
13.0310 0.7665 0.7684
13.0478 0.7660 0.7683
13.0646 0.7655 0.7683
13.0814 0.7650 0.7681
13.0982 0.7645 0.7680
13.1150 0.7641 0.7678
13.1318 0.7637 0.7676
13.1485 0.7633 0.7673
13.1653 0.7630 0.7670
13.1821 0.7627 0.7667
13.1989 0.7624 0.7663
13.2157 0.7621 0.7659
13.2325 0.7618 0.7655
13.2493 0.7615 0.7651
13.2661 0.7613 0.7647
13.2829 0.7610 0.7643
13.2997 0.7608 0.7639
13.3165 0.7605 0.7635
13.3333 0.7603 0.7632
13.3501 0.7601 0.7628
13.3668 0.7599 0.7625
13.3836 0.7596 0.7622
13.4004 0.7594 0.7620
13.4172 0.7592 0.7617
13.4340 0.7589 0.7615
13.4508 0.7587 0.7613
13.4676 0.7584 0.7611
13.4844 0.7582 0.7609
13.5012 0.7579 0.7607
13.5180 0.7576 0.7605
13.5348 0.7574 0.7603
13.5516 0.7572 0.7601
13.5684 0.7569 0.7599
13.5852 0.7567 0.7597
13.6019 0.7565 0.7595
13.6187 0.7564 0.7593
13.6355 0.7562 0.7592
13.6523 0.7561 0.7590
13.6691 0.7561 0.7588
13.6859 0.7560 0.7587
13.7027 0.7560 0.7586
13.7195 0.7560 0.7586
13.7363 0.7561 0.7585
13.7531 0.7561 0.7585
13.7699 0.7562 0.7586
13.7867 0.7563 0.7586
13.8035 0.7563 0.7587
13.8202 0.7564 0.7588
13.8370 0.7564 0.7590
13.8538 0.7564 0.7591
13.8706 0.7564 0.7592
13.8874 0.7564 0.7593
13.9042 0.7563 0.7594
13.9210 0.7562 0.7595
13.9378 0.7560 0.7596
13.9546 0.7558 0.7596
13.9714 0.7555 0.7595
13.9882 0.7553 0.7595
14.0050 0.7550 0.7594
14.0218 0.7546 0.7592
14.0385 0.7543 0.7590
14.0553 0.7540 0.7588
14.0721 0.7536 0.7586
14.0889 0.7532 0.7583
14.1057 0.7529 0.7580
14.1225 0.7525 0.7578
14.1393 0.7522 0.7575
14.1561 0.7518 0.7572
14.1729 0.7515 0.7570
14.1897 0.7511 0.7567
14.2065 0.7508 0.7566
14.2233 0.7505 0.7564
14.2401 0.7503 0.7563
14.2569 0.7500 0.7562
14.2736 0.7498 0.7561
14.2904 0.7496 0.7561
14.3072 0.7494 0.7562
14.3240 0.7492 0.7563
14.3408 0.7491 0.7564
14.3576 0.7490 0.7565
14.3744 0.7489 0.7567
14.3912 0.7488 0.7569
14.4080 0.7488 0.7571
14.4248 0.7488 0.7573
14.4416 0.7488 0.7575
14.4584 0.7489 0.7578
14.4752 0.7489 0.7580
14.4919 0.7490 0.7583
14.5087 0.7490 0.7585
14.5255 0.7491 0.7587
14.5423 0.7492 0.7589
14.5591 0.7493 0.7591
14.5759 0.7493 0.7593
14.5927 0.7494 0.7595
14.6095 0.7494 0.7597
14.6263 0.7495 0.7598
14.6431 0.7495 0.7600
14.6599 0.7496 0.7602
14.6767 0.7496 0.7603
14.6935 0.7496 0.7604
14.7102 0.7496 0.7606
14.7270 0.7496 0.7607
14.7438 0.7496 0.7609
14.7606 0.7496 0.7610
14.7774 0.7497 0.7612
14.7942 0.7497 0.7613
14.8110 0.7497 0.7615
14.8278 0.7498 0.7617
14.8446 0.7498 0.7619
14.8614 0.7499 0.7620
14.8782 0.7500 0.7622
14.8950 0.7501 0.7624
14.9118 0.7502 0.7626
14.9286 0.7504 0.7628
14.9453 0.7505 0.7631
14.9621 0.7507 0.7633
14.9789 0.7509 0.7635
14.9957 0.7511 0.7638
15.0125 0.7514 0.7640
15.0293 0.7517 0.7643
15.0461 0.7519 0.7646
15.0629 0.7523 0.7648
15.0797 0.7526 0.7651
15.0965 0.7529 0.7654
15.1133 0.7533 0.7657
15.1301 0.7537 0.7659
15.1469 0.7540 0.7662
15.1636 0.7544 0.7665
15.1804 0.7549 0.7668
15.1972 0.7553 0.7671
15.2140 0.7557 0.7674
15.2308 0.7562 0.7677
15.2476 0.7566 0.7680
15.2644 0.7571 0.7682
15.2812 0.7575 0.7685
15.2980 0.7580 0.7688
15.3148 0.7585 0.7692
15.3316 0.7590 0.7695
15.3484 0.7595 0.7698
15.3652 0.7600 0.7702
15.3820 0.7605 0.7705
15.3987 0.7610 0.7709
15.4155 0.7615 0.7713
15.4323 0.7621 0.7717
15.4491 0.7626 0.7721
15.4659 0.7632 0.7726
15.4827 0.7638 0.7730
15.4995 0.7644 0.7735
15.5163 0.7650 0.7740
15.5331 0.7656 0.7745
15.5499 0.7662 0.7750
15.5667 0.7669 0.7755
15.5835 0.7675 0.7761
15.6003 0.7682 0.7766
15.6170 0.7688 0.7772
15.6338 0.7695 0.7777
15.6506 0.7702 0.7782
15.6674 0.7708 0.7788
15.6842 0.7715 0.7793
15.7010 0.7722 0.7798
15.7178 0.7728 0.7804
15.7346 0.7735 0.7809
15.7514 0.7742 0.7814
15.7682 0.7748 0.7819
15.7850 0.7755 0.7824
15.8018 0.7762 0.7830
15.8186 0.7768 0.7835
15.8353 0.7775 0.7840
15.8521 0.7782 0.7846
15.8689 0.7789 0.7851
15.8857 0.7796 0.7857
15.9025 0.7803 0.7863
15.9193 0.7810 0.7869
15.9361 0.7817 0.7875
15.9529 0.7825 0.7881
15.9697 0.7833 0.7888
15.9865 0.7841 0.7894
16.0033 0.7849 0.7901
16.0201 0.7857 0.7908
16.0369 0.7865 0.7914
16.0537 0.7873 0.7921
16.0704 0.7881 0.7928
16.0872 0.7890 0.7935
16.1040 0.7898 0.7942
16.1208 0.7907 0.7949
16.1376 0.7915 0.7956
16.1544 0.7923 0.7963
16.1712 0.7931 0.7970
16.1880 0.7939 0.7977
16.2048 0.7947 0.7984
16.2216 0.7955 0.7990
16.2384 0.7962 0.7997
16.2552 0.7970 0.8004
16.2720 0.7977 0.8011
16.2887 0.7985 0.8018
16.3055 0.7992 0.8024
16.3223 0.7999 0.8031
16.3391 0.8006 0.8038
16.3559 0.8013 0.8044
16.3727 0.8019 0.8051
16.3895 0.8026 0.8057
16.4063 0.8033 0.8064
16.4231 0.8039 0.8070
16.4399 0.8046 0.8077
16.4567 0.8052 0.8083
16.4735 0.8058 0.8089
16.4903 0.8065 0.8095
16.5070 0.8071 0.8102
16.5238 0.8077 0.8108
16.5406 0.8083 0.8114
16.5574 0.8089 0.8120
16.5742 0.8095 0.8126
16.5910 0.8101 0.8132
16.6078 0.8107 0.8138
16.6246 0.8113 0.8144
16.6414 0.8119 0.8150
16.6582 0.8125 0.8157
16.6750 0.8131 0.8163
16.6918 0.8137 0.8169
16.7086 0.8143 0.8175
16.7254 0.8148 0.8181
16.7421 0.8154 0.8187
16.7589 0.8160 0.8193
16.7757 0.8166 0.8200
16.7925 0.8172 0.8206
16.8093 0.8178 0.8212
16.8261 0.8183 0.8218
16.8429 0.8189 0.8224
16.8597 0.8195 0.8230
16.8765 0.8201 0.8236
16.8933 0.8207 0.8242
16.9101 0.8213 0.8248
16.9269 0.8218 0.8254
16.9437 0.8224 0.8260
16.9604 0.8230 0.8266
16.9772 0.8236 0.8271
16.9940 0.8242 0.8277
17.0108 0.8247 0.8283
17.0276 0.8253 0.8288
17.0444 0.8259 0.8294
17.0612 0.8265 0.8299
17.0780 0.8270 0.8305
17.0948 0.8276 0.8310
17.1116 0.8282 0.8315
17.1284 0.8287 0.8320
17.1452 0.8293 0.8326
17.1620 0.8298 0.8331
17.1788 0.8304 0.8336
17.1955 0.8309 0.8341
17.2123 0.8315 0.8346
17.2291 0.8320 0.8352
17.2459 0.8325 0.8357
17.2627 0.8331 0.8362
17.2795 0.8336 0.8367
17.2963 0.8341 0.8372
17.3131 0.8347 0.8377
17.3299 0.8352 0.8382
17.3467 0.8357 0.8387
17.3635 0.8362 0.8392
17.3803 0.8367 0.8397
17.3971 0.8373 0.8402
17.4138 0.8378 0.8407
17.4306 0.8383 0.8412
17.4474 0.8388 0.8417
17.4642 0.8393 0.8422
17.4810 0.8398 0.8427
17.4978 0.8403 0.8432
17.5146 0.8409 0.8437
17.5314 0.8414 0.8442
17.5482 0.8419 0.8446
17.5650 0.8424 0.8451
17.5818 0.8429 0.8456
17.5986 0.8434 0.8461
17.6154 0.8439 0.8465
17.6321 0.8444 0.8470
17.6489 0.8449 0.8475
17.6657 0.8454 0.8480
17.6825 0.8459 0.8484
17.6993 0.8463 0.8489
17.7161 0.8468 0.8493
17.7329 0.8473 0.8498
17.7497 0.8478 0.8503
17.7665 0.8482 0.8507
17.7833 0.8487 0.8512
17.8001 0.8492 0.8517
17.8169 0.8496 0.8521
17.8337 0.8501 0.8526
17.8505 0.8505 0.8530
17.8672 0.8509 0.8535
17.8840 0.8514 0.8540
17.9008 0.8518 0.8544
17.9176 0.8523 0.8549
17.9344 0.8527 0.8553
17.9512 0.8531 0.8558
17.9680 0.8536 0.8563
17.9848 0.8540 0.8567
18.0016 0.8544 0.8572
18.0184 0.8549 0.8576
18.0352 0.8553 0.8581
18.0520 0.8557 0.8585
18.0688 0.8562 0.8590
18.0855 0.8566 0.8594
18.1023 0.8570 0.8599
18.1191 0.8575 0.8603
18.1359 0.8579 0.8608
18.1527 0.8583 0.8612
18.1695 0.8588 0.8617
18.1863 0.8592 0.8621
18.2031 0.8596 0.8625
18.2199 0.8600 0.8630
18.2367 0.8605 0.8634
18.2535 0.8609 0.8638
18.2703 0.8613 0.8642
18.2871 0.8617 0.8646
18.3038 0.8621 0.8650
18.3206 0.8626 0.8654
18.3374 0.8630 0.8658
18.3542 0.8634 0.8662
18.3710 0.8638 0.8666
18.3878 0.8642 0.8670
18.4046 0.8646 0.8674
18.4214 0.8650 0.8677
18.4382 0.8653 0.8681
18.4550 0.8657 0.8685
18.4718 0.8661 0.8688
18.4886 0.8665 0.8692
18.5054 0.8669 0.8696
18.5222 0.8673 0.8699
18.5389 0.8676 0.8703
18.5557 0.8680 0.8706
18.5725 0.8684 0.8710
18.5893 0.8688 0.8713
18.6061 0.8691 0.8717
18.6229 0.8695 0.8720
18.6397 0.8698 0.8724
18.6565 0.8702 0.8727
18.6733 0.8706 0.8731
18.6901 0.8709 0.8734
18.7069 0.8713 0.8737
18.7237 0.8716 0.8741
18.7405 0.8720 0.8744
18.7572 0.8723 0.8747
18.7740 0.8727 0.8750
18.7908 0.8730 0.8754
18.8076 0.8733 0.8757
18.8244 0.8737 0.8760
18.8412 0.8740 0.8763
18.8580 0.8744 0.8766
18.8748 0.8747 0.8769
18.8916 0.8750 0.8772
18.9084 0.8754 0.8776
18.9252 0.8757 0.8779
18.9420 0.8760 0.8782
18.9588 0.8763 0.8785
18.9755 0.8767 0.8788
18.9923 0.8770 0.8791
19.0091 0.8773 0.8794
19.0259 0.8776 0.8797
19.0427 0.8780 0.8800
19.0595 0.8783 0.8803
19.0763 0.8786 0.8806
19.0931 0.8789 0.8809
19.1099 0.8792 0.8813
19.1267 0.8795 0.8816
19.1435 0.8799 0.8819
19.1603 0.8802 0.8822
19.1771 0.8805 0.8825
19.1939 0.8808 0.8828
19.2106 0.8811 0.8831
19.2274 0.8814 0.8834
19.2442 0.8817 0.8837
19.2610 0.8820 0.8840
19.2778 0.8823 0.8843
19.2946 0.8826 0.8846
19.3114 0.8829 0.8849
19.3282 0.8831 0.8852
19.3450 0.8834 0.8855
19.3618 0.8837 0.8858
19.3786 0.8840 0.8861
19.3954 0.8843 0.8864
19.4122 0.8846 0.8867
19.4289 0.8849 0.8870
19.4457 0.8851 0.8873
19.4625 0.8854 0.8876
19.4793 0.8857 0.8878
19.4961 0.8860 0.8881
19.5129 0.8863 0.8884
19.5297 0.8865 0.8887
19.5465 0.8868 0.8890
19.5633 0.8871 0.8892
19.5801 0.8874 0.8895
19.5969 0.8876 0.8898
19.6137 0.8879 0.8901
19.6305 0.8882 0.8903
19.6473 0.8885 0.8906
19.6640 0.8887 0.8909
19.6808 0.8890 0.8911
19.6976 0.8893 0.8914
19.7144 0.8895 0.8916
19.7312 0.8898 0.8919
19.7480 0.8901 0.8922
19.7648 0.8903 0.8924
19.7816 0.8906 0.8927
19.7984 0.8909 0.8929
19.8152 0.8911 0.8932
19.8320 0.8914 0.8935
19.8488 0.8917 0.8937
19.8656 0.8919 0.8940
19.8823 0.8922 0.8942
19.8991 0.8925 0.8945
19.9159 0.8927 0.8947
19.9327 0.8930 0.8950
19.9495 0.8933 0.8952
19.9663 0.8935 0.8955
19.9831 0.8938 0.8957
19.9999 0.8940 0.8960
20.0167 0.8943 0.8962
20.0335 0.8946 0.8965
20.0503 0.8948 0.8967
20.0671 0.8951 0.8969
20.0839 0.8953 0.8972
20.1006 0.8956 0.8974
20.1174 0.8958 0.8977
20.1342 0.8961 0.8979
20.1510 0.8963 0.8981
20.1678 0.8966 0.8984
20.1846 0.8968 0.8986
20.2014 0.8971 0.8989
20.2182 0.8973 0.8991
20.2350 0.8975 0.8993
20.2518 0.8978 0.8996
20.2686 0.8980 0.8998
20.2854 0.8983 0.9000
20.3022 0.8985 0.9003
20.3190 0.8987 0.9005
20.3357 0.8989 0.9007
20.3525 0.8992 0.9010
20.3693 0.8994 0.9012
20.3861 0.8996 0.9014
20.4029 0.8999 0.9017
20.4197 0.9001 0.9019
20.4365 0.9003 0.9021
20.4533 0.9005 0.9023
20.4701 0.9008 0.9026
20.4869 0.9010 0.9028
20.5037 0.9012 0.9030
20.5205 0.9014 0.9032
20.5373 0.9017 0.9035
20.5540 0.9019 0.9037
20.5708 0.9021 0.9039
20.5876 0.9023 0.9041
20.6044 0.9026 0.9043
20.6212 0.9028 0.9045
20.6380 0.9030 0.9047
20.6548 0.9032 0.9050
20.6716 0.9035 0.9052
20.6884 0.9037 0.9054
20.7052 0.9039 0.9056
20.7220 0.9041 0.9058
20.7388 0.9043 0.9060
20.7556 0.9045 0.9062
20.7723 0.9048 0.9064
20.7891 0.9050 0.9066
20.8059 0.9052 0.9068
20.8227 0.9054 0.9070
20.8395 0.9056 0.9072
20.8563 0.9058 0.9074
20.8731 0.9060 0.9076
20.8899 0.9062 0.9078
20.9067 0.9064 0.9080
20.9235 0.9066 0.9082
20.9403 0.9068 0.9084
20.9571 0.9070 0.9086
20.9739 0.9072 0.9088
20.9907 0.9074 0.9090
21.0074 0.9076 0.9092
21.0242 0.9078 0.9094
21.0410 0.9080 0.9095
21.0578 0.9082 0.9097
21.0746 0.9084 0.9099
21.0914 0.9085 0.9101
21.1082 0.9087 0.9103
21.1250 0.9089 0.9105
21.1418 0.9091 0.9107
21.1586 0.9093 0.9109
21.1754 0.9095 0.9111
21.1922 0.9097 0.9112
21.2090 0.9099 0.9114
21.2257 0.9101 0.9116
21.2425 0.9102 0.9118
21.2593 0.9104 0.9120
21.2761 0.9106 0.9122
21.2929 0.9108 0.9123
21.3097 0.9110 0.9125
21.3265 0.9112 0.9127
21.3433 0.9114 0.9129
21.3601 0.9116 0.9131
21.3769 0.9117 0.9133
21.3937 0.9119 0.9134
21.4105 0.9121 0.9136
21.4273 0.9123 0.9138
21.4441 0.9125 0.9140
21.4608 0.9127 0.9142
21.4776 0.9129 0.9143
21.4944 0.9130 0.9145
21.5112 0.9132 0.9147
21.5280 0.9134 0.9149
21.5448 0.9136 0.9150
21.5616 0.9138 0.9152
21.5784 0.9139 0.9154
21.5952 0.9141 0.9156
21.6120 0.9143 0.9157
21.6288 0.9145 0.9159
21.6456 0.9146 0.9161
21.6624 0.9148 0.9163
21.6791 0.9150 0.9164
21.6959 0.9152 0.9166
21.7127 0.9153 0.9168
21.7295 0.9155 0.9169
21.7463 0.9157 0.9171
21.7631 0.9158 0.9173
21.7799 0.9160 0.9174
21.7967 0.9162 0.9176
21.8135 0.9163 0.9178
21.8303 0.9165 0.9179
21.8471 0.9167 0.9181
21.8639 0.9168 0.9183
21.8807 0.9170 0.9184
21.8974 0.9171 0.9186
21.9142 0.9173 0.9188
21.9310 0.9175 0.9189
21.9478 0.9176 0.9191
21.9646 0.9178 0.9193
21.9814 0.9179 0.9194
21.9982 0.9181 0.9196
22.0150 0.9183 0.9197
22.0318 0.9184 0.9199
22.0486 0.9186 0.9201
22.0654 0.9187 0.9202
22.0822 0.9189 0.9204
22.0990 0.9190 0.9205
22.1158 0.9192 0.9207
22.1325 0.9194 0.9209
22.1493 0.9195 0.9210
22.1661 0.9197 0.9212
22.1829 0.9198 0.9213
22.1997 0.9200 0.9215
22.2165 0.9201 0.9216
22.2333 0.9203 0.9218
22.2501 0.9205 0.9219
22.2669 0.9206 0.9221
22.2837 0.9208 0.9222
22.3005 0.9209 0.9224
22.3173 0.9211 0.9225
22.3341 0.9212 0.9227
22.3508 0.9214 0.9228
22.3676 0.9215 0.9230
22.3844 0.9217 0.9231
22.4012 0.9218 0.9233
22.4180 0.9220 0.9234
22.4348 0.9221 0.9236
22.4516 0.9223 0.9237
22.4684 0.9224 0.9239
22.4852 0.9226 0.9240
22.5020 0.9227 0.9241
22.5188 0.9229 0.9243
22.5356 0.9230 0.9244
22.5524 0.9232 0.9246
22.5691 0.9233 0.9247
22.5859 0.9234 0.9249
22.6027 0.9236 0.9250
22.6195 0.9237 0.9251
22.6363 0.9239 0.9253
22.6531 0.9240 0.9254
22.6699 0.9241 0.9256
22.6867 0.9243 0.9257
22.7035 0.9244 0.9258
22.7203 0.9246 0.9260
22.7371 0.9247 0.9261
22.7539 0.9248 0.9263
22.7707 0.9250 0.9264
22.7875 0.9251 0.9265
22.8042 0.9252 0.9267
22.8210 0.9254 0.9268
22.8378 0.9255 0.9269
22.8546 0.9256 0.9271
22.8714 0.9258 0.9272
22.8882 0.9259 0.9274
22.9050 0.9261 0.9275
22.9218 0.9262 0.9276
22.9386 0.9263 0.9278
22.9554 0.9265 0.9279
22.9722 0.9266 0.9280
22.9890 0.9267 0.9282
23.0058 0.9269 0.9283
23.0225 0.9270 0.9284
23.0393 0.9271 0.9285
23.0561 0.9273 0.9287
23.0729 0.9274 0.9288
23.0897 0.9275 0.9289
23.1065 0.9277 0.9291
23.1233 0.9278 0.9292
23.1401 0.9279 0.9293
23.1569 0.9280 0.9294
23.1737 0.9282 0.9296
23.1905 0.9283 0.9297
23.2073 0.9284 0.9298
23.2241 0.9286 0.9299
23.2409 0.9287 0.9301
23.2576 0.9288 0.9302
23.2744 0.9289 0.9303
23.2912 0.9291 0.9304
23.3080 0.9292 0.9305
23.3248 0.9293 0.9307
23.3416 0.9294 0.9308
23.3584 0.9296 0.9309
23.3752 0.9297 0.9310
23.3920 0.9298 0.9311
23.4088 0.9299 0.9313
23.4256 0.9300 0.9314
23.4424 0.9302 0.9315
23.4592 0.9303 0.9316
23.4759 0.9304 0.9317
23.4927 0.9305 0.9318
23.5095 0.9306 0.9319
23.5263 0.9308 0.9320
23.5431 0.9309 0.9322
23.5599 0.9310 0.9323
23.5767 0.9311 0.9324
23.5935 0.9312 0.9325
23.6103 0.9313 0.9326
23.6271 0.9315 0.9327
23.6439 0.9316 0.9328
23.6607 0.9317 0.9329
23.6775 0.9318 0.9330
23.6942 0.9319 0.9331
23.7110 0.9320 0.9332
23.7278 0.9322 0.9333
23.7446 0.9323 0.9335
23.7614 0.9324 0.9336
23.7782 0.9325 0.9337
23.7950 0.9326 0.9338
23.8118 0.9327 0.9339
23.8286 0.9328 0.9340
23.8454 0.9330 0.9341
23.8622 0.9331 0.9342
23.8790 0.9332 0.9343
23.8958 0.9333 0.9344
23.9126 0.9334 0.9345
23.9293 0.9335 0.9346
23.9461 0.9336 0.9347
23.9629 0.9337 0.9348
23.9797 0.9339 0.9349
23.9965 0.9340 0.9350
24.0133 0.9341 0.9351
24.0301 0.9342 0.9353
24.0469 0.9343 0.9354
24.0637 0.9344 0.9355
24.0805 0.9345 0.9356
24.0973 0.9346 0.9357
24.1141 0.9347 0.9358
24.1309 0.9348 0.9359
24.1476 0.9349 0.9360
24.1644 0.9351 0.9361
24.1812 0.9352 0.9362
24.1980 0.9353 0.9363
24.2148 0.9354 0.9364
24.2316 0.9355 0.9365
24.2484 0.9356 0.9366
24.2652 0.9357 0.9367
24.2820 0.9358 0.9368
24.2988 0.9359 0.9369
24.3156 0.9360 0.9370
24.3324 0.9361 0.9371
24.3492 0.9362 0.9372
24.3659 0.9363 0.9373
24.3827 0.9364 0.9374
24.3995 0.9365 0.9375
24.4163 0.9366 0.9376
24.4331 0.9367 0.9377
24.4499 0.9368 0.9378
24.4667 0.9369 0.9379
24.4835 0.9370 0.9380
24.5003 0.9371 0.9381
24.5171 0.9372 0.9382
24.5339 0.9373 0.9383
24.5507 0.9374 0.9384
24.5675 0.9375 0.9385
24.5843 0.9376 0.9386
24.6010 0.9377 0.9387
24.6178 0.9378 0.9388
24.6346 0.9379 0.9389
24.6514 0.9380 0.9390
24.6682 0.9381 0.9391
24.6850 0.9382 0.9392
24.7018 0.9383 0.9393
24.7186 0.9384 0.9394
24.7354 0.9385 0.9395
24.7522 0.9386 0.9396
24.7690 0.9387 0.9397
24.7858 0.9388 0.9398
24.8026 0.9389 0.9399
24.8193 0.9390 0.9400
24.8361 0.9391 0.9401
24.8529 0.9392 0.9402
24.8697 0.9393 0.9403
24.8865 0.9394 0.9404
24.9033 0.9395 0.9405
24.9201 0.9396 0.9406
24.9369 0.9397 0.9407
24.9537 0.9398 0.9408
24.9705 0.9399 0.9409
24.9873 0.9400 0.9410
25.0041 0.9401 0.9411
25.0209 0.9402 0.9412
25.0377 0.9403 0.9413
25.0544 0.9404 0.9414
25.0712 0.9405 0.9415
25.0880 0.9406 0.9416
25.1048 0.9407 0.9416
25.1216 0.9408 0.9417
25.1384 0.9409 0.9418
25.1552 0.9410 0.9419
25.1720 0.9411 0.9420
25.1888 0.9411 0.9421
25.2056 0.9412 0.9422
25.2224 0.9413 0.9423
25.2392 0.9414 0.9424
25.2560 0.9415 0.9425
25.2727 0.9416 0.9426
25.2895 0.9417 0.9427
25.3063 0.9418 0.9427
25.3231 0.9419 0.9428
25.3399 0.9420 0.9429
25.3567 0.9421 0.9430
25.3735 0.9422 0.9431
25.3903 0.9422 0.9432
25.4071 0.9423 0.9433
25.4239 0.9424 0.9434
25.4407 0.9425 0.9435
25.4575 0.9426 0.9436
25.4743 0.9427 0.9436
25.4910 0.9428 0.9437
25.5078 0.9429 0.9438
25.5246 0.9430 0.9439
25.5414 0.9431 0.9440
25.5582 0.9431 0.9441
25.5750 0.9432 0.9442
25.5918 0.9433 0.9443
25.6086 0.9434 0.9443
25.6254 0.9435 0.9444
25.6422 0.9436 0.9445
25.6590 0.9437 0.9446
25.6758 0.9438 0.9447
25.6926 0.9438 0.9448
25.7094 0.9439 0.9449
25.7261 0.9440 0.9449
25.7429 0.9441 0.9450
25.7597 0.9442 0.9451
25.7765 0.9443 0.9452
25.7933 0.9444 0.9453
25.8101 0.9444 0.9454
25.8269 0.9445 0.9454
25.8437 0.9446 0.9455
25.8605 0.9447 0.9456
25.8773 0.9448 0.9457
25.8941 0.9449 0.9458
25.9109 0.9450 0.9459
25.9277 0.9450 0.9459
25.9444 0.9451 0.9460
25.9612 0.9452 0.9461
25.9780 0.9453 0.9462
25.9948 0.9454 0.9463
26.0116 0.9455 0.9464
26.0284 0.9455 0.9464
26.0452 0.9456 0.9465
26.0620 0.9457 0.9466
26.0788 0.9458 0.9467
26.0956 0.9459 0.9468
26.1124 0.9459 0.9468
26.1292 0.9460 0.9469
26.1460 0.9461 0.9470
26.1627 0.9462 0.9471
26.1795 0.9463 0.9472
26.1963 0.9464 0.9472
26.2131 0.9464 0.9473
26.2299 0.9465 0.9474
26.2467 0.9466 0.9475
26.2635 0.9467 0.9476
26.2803 0.9468 0.9476
26.2971 0.9468 0.9477
26.3139 0.9469 0.9478
26.3307 0.9470 0.9479
26.3475 0.9471 0.9480
26.3643 0.9472 0.9480
26.3811 0.9472 0.9481
26.3978 0.9473 0.9482
26.4146 0.9474 0.9483
26.4314 0.9475 0.9483
26.4482 0.9476 0.9484
26.4650 0.9476 0.9485
26.4818 0.9477 0.9486
26.4986 0.9478 0.9486
26.5154 0.9479 0.9487
26.5322 0.9479 0.9488
26.5490 0.9480 0.9489
26.5658 0.9481 0.9490
26.5826 0.9482 0.9490
26.5994 0.9483 0.9491
26.6161 0.9483 0.9492
26.6329 0.9484 0.9493
26.6497 0.9485 0.9493
26.6665 0.9486 0.9494
26.6833 0.9486 0.9495
26.7001 0.9487 0.9496
26.7169 0.9488 0.9496
26.7337 0.9489 0.9497
26.7505 0.9489 0.9498
26.7673 0.9490 0.9499
26.7841 0.9491 0.9499
26.8009 0.9492 0.9500
26.8177 0.9492 0.9501
26.8345 0.9493 0.9501
26.8512 0.9494 0.9502
26.8680 0.9495 0.9503
26.8848 0.9495 0.9504
26.9016 0.9496 0.9504
26.9184 0.9497 0.9505
26.9352 0.9498 0.9506
26.9520 0.9498 0.9507
26.9688 0.9499 0.9507
26.9856 0.9500 0.9508
27.0024 0.9501 0.9509
27.0192 0.9501 0.9509
27.0360 0.9502 0.9510
27.0528 0.9503 0.9511
27.0695 0.9503 0.9512
27.0863 0.9504 0.9512
27.1031 0.9505 0.9513
27.1199 0.9506 0.9514
27.1367 0.9506 0.9514
27.1535 0.9507 0.9515
27.1703 0.9508 0.9516
27.1871 0.9508 0.9517
27.2039 0.9509 0.9517
27.2207 0.9510 0.9518
27.2375 0.9511 0.9519
27.2543 0.9511 0.9519
27.2711 0.9512 0.9520
27.2878 0.9513 0.9521
27.3046 0.9513 0.9521
27.3214 0.9514 0.9522
27.3382 0.9515 0.9523
27.3550 0.9515 0.9523
27.3718 0.9516 0.9524
27.3886 0.9517 0.9525
27.4054 0.9518 0.9525
27.4222 0.9518 0.9526
27.4390 0.9519 0.9527
27.4558 0.9520 0.9527
27.4726 0.9520 0.9528
27.4894 0.9521 0.9529
27.5062 0.9522 0.9530
27.5229 0.9522 0.9530
27.5397 0.9523 0.9531
27.5565 0.9524 0.9531
27.5733 0.9524 0.9532
27.5901 0.9525 0.9533
27.6069 0.9526 0.9533
27.6237 0.9526 0.9534
27.6405 0.9527 0.9535
27.6573 0.9528 0.9535
27.6741 0.9528 0.9536
27.6909 0.9529 0.9537
27.7077 0.9530 0.9537
27.7245 0.9530 0.9538
27.7412 0.9531 0.9539
27.7580 0.9532 0.9539
27.7748 0.9532 0.9540
27.7916 0.9533 0.9541
27.8084 0.9534 0.9541
27.8252 0.9534 0.9542
27.8420 0.9535 0.9543
27.8588 0.9536 0.9543
27.8756 0.9536 0.9544
27.8924 0.9537 0.9544
27.9092 0.9538 0.9545
27.9260 0.9538 0.9546
27.9428 0.9539 0.9546
27.9595 0.9540 0.9547
27.9763 0.9540 0.9548
27.9931 0.9541 0.9548
28.0099 0.9541 0.9549
28.0267 0.9542 0.9550
28.0435 0.9543 0.9550
28.0603 0.9543 0.9551
28.0771 0.9544 0.9551
28.0939 0.9545 0.9552
28.1107 0.9545 0.9553
28.1275 0.9546 0.9553
28.1443 0.9547 0.9554
28.1611 0.9547 0.9554
28.1779 0.9548 0.9555
28.1946 0.9548 0.9556
28.2114 0.9549 0.9556
28.2282 0.9550 0.9557
28.2450 0.9550 0.9558
28.2618 0.9551 0.9558
28.2786 0.9551 0.9559
28.2954 0.9552 0.9559
28.3122 0.9553 0.9560
28.3290 0.9553 0.9561
28.3458 0.9554 0.9561
28.3626 0.9555 0.9562
28.3794 0.9555 0.9562
28.3962 0.9556 0.9563
28.4129 0.9556 0.9564
28.4297 0.9557 0.9564
28.4465 0.9558 0.9565
28.4633 0.9558 0.9565
28.4801 0.9559 0.9566
28.4969 0.9559 0.9566
28.5137 0.9560 0.9567
28.5305 0.9561 0.9568
28.5473 0.9561 0.9568
28.5641 0.9562 0.9569
28.5809 0.9562 0.9569
28.5977 0.9563 0.9570
28.6145 0.9563 0.9571
28.6313 0.9564 0.9571
28.6480 0.9565 0.9572
28.6648 0.9565 0.9572
28.6816 0.9566 0.9573
28.6984 0.9566 0.9573
28.7152 0.9567 0.9574
28.7320 0.9568 0.9575
28.7488 0.9568 0.9575
28.7656 0.9569 0.9576
28.7824 0.9569 0.9576
28.7992 0.9570 0.9577
28.8160 0.9570 0.9577
28.8328 0.9571 0.9578
28.8496 0.9572 0.9578
28.8663 0.9572 0.9579
28.8831 0.9573 0.9580
28.8999 0.9573 0.9580
28.9167 0.9574 0.9581
28.9335 0.9574 0.9581
28.9503 0.9575 0.9582
28.9671 0.9575 0.9582
28.9839 0.9576 0.9583
29.0007 0.9577 0.9583
29.0175 0.9577 0.9584
29.0343 0.9578 0.9585
29.0511 0.9578 0.9585
29.0679 0.9579 0.9586
29.0846 0.9579 0.9586
29.1014 0.9580 0.9587
29.1182 0.9580 0.9587
29.1350 0.9581 0.9588
29.1518 0.9582 0.9588
29.1686 0.9582 0.9589
29.1854 0.9583 0.9589
29.2022 0.9583 0.9590
29.2190 0.9584 0.9590
29.2358 0.9584 0.9591
29.2526 0.9585 0.9591
29.2694 0.9585 0.9592
29.2862 0.9586 0.9593
29.3030 0.9586 0.9593
29.3197 0.9587 0.9594
29.3365 0.9587 0.9594
29.3533 0.9588 0.9595
29.3701 0.9589 0.9595
29.3869 0.9589 0.9596
29.4037 0.9590 0.9596
29.4205 0.9590 0.9597
29.4373 0.9591 0.9597
29.4541 0.9591 0.9598
29.4709 0.9592 0.9598
29.4877 0.9592 0.9599
29.5045 0.9593 0.9599
29.5213 0.9593 0.9600
29.5380 0.9594 0.9600
29.5548 0.9594 0.9601
29.5716 0.9595 0.9601
29.5884 0.9595 0.9602
29.6052 0.9596 0.9602
29.6220 0.9596 0.9603
29.6388 0.9597 0.9603
29.6556 0.9597 0.9604
29.6724 0.9598 0.9604
29.6892 0.9598 0.9605
29.7060 0.9599 0.9605
29.7228 0.9599 0.9606
29.7396 0.9600 0.9606
29.7563 0.9600 0.9607
29.7731 0.9601 0.9607
29.7899 0.9602 0.9608
29.8067 0.9602 0.9608
29.8235 0.9603 0.9609
29.8403 0.9603 0.9609
29.8571 0.9604 0.9610
29.8739 0.9604 0.9610
29.8907 0.9605 0.9611
29.9075 0.9605 0.9611
29.9243 0.9606 0.9612
29.9411 0.9606 0.9612
29.9579 0.9606 0.9613
29.9747 0.9607 0.9613
29.9914 0.9607 0.9614
30.0082 0.9608 0.9614
30.0250 0.9608 0.9615
30.0418 0.9609 0.9615
30.0586 0.9609 0.9616
30.0754 0.9610 0.9616
30.0922 0.9610 0.9617
30.1090 0.9611 0.9617
30.1258 0.9611 0.9618
30.1426 0.9612 0.9618
30.1594 0.9612 0.9619
30.1762 0.9613 0.9619
30.1930 0.9613 0.9620
30.2097 0.9614 0.9620
30.2265 0.9614 0.9620
30.2433 0.9615 0.9621
30.2601 0.9615 0.9621
30.2769 0.9616 0.9622
30.2937 0.9616 0.9622
30.3105 0.9617 0.9623
30.3273 0.9617 0.9623
30.3441 0.9618 0.9624
30.3609 0.9618 0.9624
30.3777 0.9619 0.9625
30.3945 0.9619 0.9625
30.4113 0.9619 0.9626
30.4280 0.9620 0.9626
30.4448 0.9620 0.9626
30.4616 0.9621 0.9627
30.4784 0.9621 0.9627
30.4952 0.9622 0.9628
30.5120 0.9622 0.9628
30.5288 0.9623 0.9629
30.5456 0.9623 0.9629
30.5624 0.9624 0.9630
30.5792 0.9624 0.9630
30.5960 0.9625 0.9631
30.6128 0.9625 0.9631
30.6296 0.9626 0.9631
30.6464 0.9626 0.9632
30.6631 0.9626 0.9632
30.6799 0.9627 0.9633
30.6967 0.9627 0.9633
30.7135 0.9628 0.9634
30.7303 0.9628 0.9634
30.7471 0.9629 0.9635
30.7639 0.9629 0.9635
30.7807 0.9630 0.9635
30.7975 0.9630 0.9636
30.8143 0.9630 0.9636
30.8311 0.9631 0.9637
30.8479 0.9631 0.9637
30.8647 0.9632 0.9638
30.8814 0.9632 0.9638
30.8982 0.9633 0.9639
30.9150 0.9633 0.9639
30.9318 0.9634 0.9639
30.9486 0.9634 0.9640
30.9654 0.9634 0.9640
30.9822 0.9635 0.9641
30.9990 0.9635 0.9641
31.0158 0.9636 0.9642
31.0326 0.9636 0.9642
31.0494 0.9637 0.9642
31.0662 0.9637 0.9643
31.0830 0.9638 0.9643
31.0998 0.9638 0.9644
31.1165 0.9638 0.9644
31.1333 0.9639 0.9645
31.1501 0.9639 0.9645
31.1669 0.9640 0.9645
31.1837 0.9640 0.9646
31.2005 0.9641 0.9646
31.2173 0.9641 0.9647
31.2341 0.9641 0.9647
31.2509 0.9642 0.9648
31.2677 0.9642 0.9648
31.2845 0.9643 0.9648
31.3013 0.9643 0.9649
31.3181 0.9644 0.9649
31.3348 0.9644 0.9650
31.3516 0.9644 0.9650
31.3684 0.9645 0.9650
31.3852 0.9645 0.9651
31.4020 0.9646 0.9651
31.4188 0.9646 0.9652
31.4356 0.9646 0.9652
31.4524 0.9647 0.9652
31.4692 0.9647 0.9653
31.4860 0.9648 0.9653
31.5028 0.9648 0.9654
31.5196 0.9649 0.9654
31.5364 0.9649 0.9655
31.5531 0.9649 0.9655
31.5699 0.9650 0.9655
31.5867 0.9650 0.9656
31.6035 0.9651 0.9656
31.6203 0.9651 0.9657
31.6371 0.9651 0.9657
31.6539 0.9652 0.9657
31.6707 0.9652 0.9658
31.6875 0.9653 0.9658
31.7043 0.9653 0.9659
31.7211 0.9653 0.9659
31.7379 0.9654 0.9659
31.7547 0.9654 0.9660
31.7715 0.9655 0.9660
31.7882 0.9655 0.9661
31.8050 0.9655 0.9661
31.8218 0.9656 0.9661
31.8386 0.9656 0.9662
31.8554 0.9657 0.9662
31.8722 0.9657 0.9662
31.8890 0.9657 0.9663
31.9058 0.9658 0.9663
31.9226 0.9658 0.9664
31.9394 0.9659 0.9664
31.9562 0.9659 0.9664
31.9730 0.9659 0.9665
31.9898 0.9660 0.9665
32.0065 0.9660 0.9666
32.0233 0.9661 0.9666
32.0401 0.9661 0.9666
32.0569 0.9661 0.9667
32.0737 0.9662 0.9667
32.0905 0.9662 0.9668
32.1073 0.9663 0.9668
32.1241 0.9663 0.9668
32.1409 0.9663 0.9669
32.1577 0.9664 0.9669
32.1745 0.9664 0.9669
32.1913 0.9664 0.9670
32.2081 0.9665 0.9670
32.2248 0.9665 0.9671
32.2416 0.9666 0.9671
32.2584 0.9666 0.9671
32.2752 0.9666 0.9672
32.2920 0.9667 0.9672
32.3088 0.9667 0.9672
32.3256 0.9668 0.9673
32.3424 0.9668 0.9673
32.3592 0.9668 0.9674
32.3760 0.9669 0.9674
32.3928 0.9669 0.9674
32.4096 0.9669 0.9675
32.4264 0.9670 0.9675
32.4432 0.9670 0.9675
32.4599 0.9671 0.9676
32.4767 0.9671 0.9676
32.4935 0.9671 0.9676
32.5103 0.9672 0.9677
32.5271 0.9672 0.9677
32.5439 0.9672 0.9678
32.5607 0.9673 0.9678
32.5775 0.9673 0.9678
32.5943 0.9674 0.9679
32.6111 0.9674 0.9679
32.6279 0.9674 0.9679
32.6447 0.9675 0.9680
32.6615 0.9675 0.9680
32.6782 0.9675 0.9680
32.6950 0.9676 0.9681
32.7118 0.9676 0.9681
32.7286 0.9676 0.9682
32.7454 0.9677 0.9682
32.7622 0.9677 0.9682
32.7790 0.9678 0.9683
32.7958 0.9678 0.9683
32.8126 0.9678 0.9683
32.8294 0.9679 0.9684
32.8462 0.9679 0.9684
32.8630 0.9679 0.9684
32.8798 0.9680 0.9685
32.8966 0.9680 0.9685
32.9133 0.9680 0.9685
32.9301 0.9681 0.9686
32.9469 0.9681 0.9686
32.9637 0.9681 0.9686
32.9805 0.9682 0.9687
32.9973 0.9682 0.9687
33.0141 0.9683 0.9688
33.0309 0.9683 0.9688
33.0477 0.9683 0.9688
33.0645 0.9684 0.9689
33.0813 0.9684 0.9689
33.0981 0.9684 0.9689
33.1149 0.9685 0.9690
33.1316 0.9685 0.9690
33.1484 0.9685 0.9690
33.1652 0.9686 0.9691
33.1820 0.9686 0.9691
33.1988 0.9686 0.9691
33.2156 0.9687 0.9692
33.2324 0.9687 0.9692
33.2492 0.9687 0.9692
33.2660 0.9688 0.9693
33.2828 0.9688 0.9693
33.2996 0.9688 0.9693
33.3164 0.9689 0.9694
33.3332 0.9689 0.9694
33.3499 0.9689 0.9694
33.3667 0.9690 0.9695
33.3835 0.9690 0.9695
33.4003 0.9690 0.9695
33.4171 0.9691 0.9696
33.4339 0.9691 0.9696
33.4507 0.9691 0.9696
33.4675 0.9692 0.9697
33.4843 0.9692 0.9697
33.5011 0.9692 0.9697
33.5179 0.9693 0.9698
33.5347 0.9693 0.9698
33.5515 0.9693 0.9698
33.5683 0.9694 0.9699
  
  
  
  
  
dim="1">gridpoints</dimension>  
  
  
  
  
  
  
  
  
0.0000 0.8584 -0.7648
0.0168 0.8584 -0.7648
0.0336 0.8576 -0.7602
0.0504 0.8565 -0.7526
0.0672 0.8550 -0.7418
0.0840 0.8531 -0.7280
0.1008 0.8511 -0.7110
0.1175 0.8490 -0.6908
0.1343 0.8469 -0.6675
0.1511 0.8451 -0.6410
0.1679 0.8437 -0.6114
0.1847 0.8428 -0.5786
0.2015 0.8427 -0.5430
0.2183 0.8435 -0.5044
0.2351 0.8454 -0.4632
0.2519 0.8483 -0.4195
0.2687 0.8525 -0.3735
0.2855 0.8578 -0.3256
0.3023 0.8643 -0.2760
0.3191 0.8718 -0.2250
0.3359 0.8802 -0.1730
0.3526 0.8893 -0.1202
0.3694 0.8986 -0.0669
0.3862 0.9079 -0.0135
0.4030 0.9169 0.0399
0.4198 0.9250 0.0930
0.4366 0.9319 0.1457
0.4534 0.9372 0.1977
0.4702 0.9405 0.2490
0.4870 0.9414 0.2995
0.5038 0.9397 0.3489
0.5206 0.9351 0.3973
0.5374 0.9275 0.4445
0.5542 0.9168 0.4903
0.5709 0.9029 0.5347
0.5877 0.8861 0.5773
0.6045 0.8664 0.6181
0.6213 0.8442 0.6567
0.6381 0.8197 0.6929
0.6549 0.7934 0.7265
0.6717 0.7656 0.7573
0.6885 0.7369 0.7850
0.7053 0.7077 0.8095
0.7221 0.6785 0.8306
0.7389 0.6498 0.8483
0.7557 0.6220 0.8626
0.7725 0.5954 0.8736
0.7892 0.5706 0.8813
0.8060 0.5476 0.8860
0.8228 0.5269 0.8879
0.8396 0.5086 0.8872
0.8564 0.4929 0.8844
0.8732 0.4798 0.8798
0.8900 0.4693 0.8737
0.9068 0.4615 0.8664
0.9236 0.4564 0.8583
0.9404 0.4538 0.8498
0.9572 0.4536 0.8411
0.9740 0.4558 0.8325
0.9908 0.4601 0.8242
1.0076 0.4665 0.8165
1.0243 0.4747 0.8094
1.0411 0.4846 0.8031
1.0579 0.4959 0.7978
1.0747 0.5085 0.7934
1.0915 0.5221 0.7899
1.1083 0.5366 0.7875
1.1251 0.5518 0.7859
1.1419 0.5674 0.7852
1.1587 0.5833 0.7851
1.1755 0.5994 0.7857
1.1923 0.6154 0.7866
1.2091 0.6313 0.7877
1.2259 0.6470 0.7888
1.2426 0.6624 0.7897
1.2594 0.6774 0.7901
1.2762 0.6921 0.7897
1.2930 0.7065 0.7885
1.3098 0.7205 0.7861
1.3266 0.7343 0.7824
1.3434 0.7479 0.7772
1.3602 0.7612 0.7706
1.3770 0.7745 0.7625
1.3938 0.7876 0.7528
1.4106 0.8006 0.7417
1.4274 0.8136 0.7294
1.4442 0.8265 0.7158
1.4609 0.8392 0.7014
1.4777 0.8517 0.6862
1.4945 0.8639 0.6706
1.5113 0.8756 0.6547
1.5281 0.8869 0.6390
1.5449 0.8975 0.6235
1.5617 0.9072 0.6085
1.5785 0.9161 0.5942
1.5953 0.9238 0.5808
1.6121 0.9303 0.5683
1.6289 0.9355 0.5568
1.6457 0.9393 0.5463
1.6625 0.9416 0.5369
1.6793 0.9424 0.5285
1.6960 0.9417 0.5210
1.7128 0.9394 0.5143
1.7296 0.9358 0.5084
1.7464 0.9308 0.5030
1.7632 0.9247 0.4980
1.7800 0.9175 0.4934
1.7968 0.9094 0.4891
1.8136 0.9007 0.4848
1.8304 0.8915 0.4806
1.8472 0.8821 0.4763
1.8640 0.8726 0.4719
1.8808 0.8632 0.4675
1.8976 0.8542 0.4630
1.9143 0.8456 0.4583
1.9311 0.8376 0.4537
1.9479 0.8302 0.4491
1.9647 0.8236 0.4446
1.9815 0.8177 0.4402
1.9983 0.8125 0.4360
2.0151 0.8079 0.4322
2.0319 0.8039 0.4286
2.0487 0.8004 0.4255
2.0655 0.7972 0.4227
2.0823 0.7942 0.4203
2.0991 0.7913 0.4183
2.1159 0.7884 0.4167
2.1327 0.7854 0.4153
2.1494 0.7822 0.4142
2.1662 0.7786 0.4134
2.1830 0.7747 0.4126
2.1998 0.7703 0.4119
2.2166 0.7656 0.4111
2.2334 0.7604 0.4103
2.2502 0.7549 0.4093
2.2670 0.7491 0.4082
2.2838 0.7432 0.4069
2.3006 0.7371 0.4054
2.3174 0.7310 0.4038
2.3342 0.7251 0.4020
2.3510 0.7195 0.4001
2.3677 0.7143 0.3983
2.3845 0.7095 0.3965
2.4013 0.7055 0.3949
2.4181 0.7021 0.3936
2.4349 0.6995 0.3926
2.4517 0.6978 0.3922
2.4685 0.6969 0.3923
2.4853 0.6969 0.3930
2.5021 0.6976 0.3945
2.5189 0.6991 0.3969
2.5357 0.7012 0.4000
2.5525 0.7038 0.4040
2.5693 0.7068 0.4088
2.5860 0.7100 0.4145
2.6028 0.7132 0.4210
2.6196 0.7162 0.4281
2.6364 0.7190 0.4360
2.6532 0.7212 0.4443
2.6700 0.7229 0.4531
2.6868 0.7238 0.4623
2.7036 0.7239 0.4717
2.7204 0.7231 0.4812
2.7372 0.7213 0.4908
2.7540 0.7186 0.5002
2.7708 0.7149 0.5095
2.7876 0.7104 0.5186
2.8044 0.7050 0.5272
2.8211 0.6990 0.5355
2.8379 0.6924 0.5433
2.8547 0.6854 0.5505
2.8715 0.6781 0.5572
2.8883 0.6707 0.5633
2.9051 0.6633 0.5688
2.9219 0.6561 0.5737
2.9387 0.6491 0.5780
2.9555 0.6426 0.5816
2.9723 0.6365 0.5847
2.9891 0.6310 0.5873
3.0059 0.6262 0.5894
3.0227 0.6221 0.5911
3.0394 0.6186 0.5925
3.0562 0.6158 0.5936
3.0730 0.6138 0.5944
3.0898 0.6124 0.5951
3.1066 0.6116 0.5958
3.1234 0.6114 0.5964
3.1402 0.6118 0.5970
3.1570 0.6127 0.5976
3.1738 0.6140 0.5984
3.1906 0.6156 0.5992
3.2074 0.6176 0.6001
3.2242 0.6199 0.6011
3.2410 0.6225 0.6021
3.2577 0.6252 0.6032
3.2745 0.6281 0.6043
3.2913 0.6312 0.6053
3.3081 0.6344 0.6063
3.3249 0.6377 0.6073
3.3417 0.6410 0.6081
3.3585 0.6445 0.6088
3.3753 0.6479 0.6094
3.3921 0.6515 0.6100
3.4089 0.6550 0.6104
3.4257 0.6585 0.6107
3.4425 0.6619 0.6110
3.4593 0.6653 0.6113
3.4761 0.6686 0.6115
3.4928 0.6717 0.6118
3.5096 0.6747 0.6122
3.5264 0.6774 0.6126
3.5432 0.6800 0.6132
3.5600 0.6822 0.6138
3.5768 0.6843 0.6146
3.5936 0.6860 0.6156
3.6104 0.6874 0.6167
3.6272 0.6886 0.6178
3.6440 0.6895 0.6191
3.6608 0.6902 0.6205
3.6776 0.6906 0.6220
3.6944 0.6908 0.6235
3.7111 0.6908 0.6250
3.7279 0.6907 0.6266
3.7447 0.6903 0.6281
3.7615 0.6899 0.6297
3.7783 0.6893 0.6313
3.7951 0.6886 0.6329
3.8119 0.6877 0.6344
3.8287 0.6868 0.6361
3.8455 0.6856 0.6378
3.8623 0.6843 0.6395
3.8791 0.6829 0.6414
3.8959 0.6812 0.6435
3.9127 0.6794 0.6457
3.9295 0.6773 0.6482
3.9462 0.6751 0.6509
3.9630 0.6726 0.6538
3.9798 0.6700 0.6571
3.9966 0.6671 0.6606
4.0134 0.6642 0.6645
4.0302 0.6611 0.6686
4.0470 0.6580 0.6729
4.0638 0.6549 0.6775
4.0806 0.6519 0.6823
4.0974 0.6490 0.6872
4.1142 0.6462 0.6921
4.1310 0.6437 0.6971
4.1478 0.6415 0.7020
4.1645 0.6396 0.7069
4.1813 0.6381 0.7115
4.1981 0.6370 0.7159
4.2149 0.6363 0.7201
4.2317 0.6360 0.7239
4.2485 0.6361 0.7274
4.2653 0.6365 0.7306
4.2821 0.6374 0.7334
4.2989 0.6385 0.7359
4.3157 0.6400 0.7380
4.3325 0.6417 0.7397
4.3493 0.6437 0.7412
4.3661 0.6458 0.7424
4.3828 0.6480 0.7434
4.3996 0.6504 0.7441
4.4164 0.6528 0.7447
4.4332 0.6553 0.7452
4.4500 0.6577 0.7456
4.4668 0.6602 0.7459
4.4836 0.6626 0.7463
4.5004 0.6649 0.7467
4.5172 0.6672 0.7471
4.5340 0.6694 0.7476
4.5508 0.6715 0.7482
4.5676 0.6735 0.7489
4.5844 0.6754 0.7497
4.6012 0.6772 0.7506
4.6179 0.6789 0.7517
4.6347 0.6804 0.7528
4.6515 0.6819 0.7540
4.6683 0.6832 0.7553
4.6851 0.6844 0.7567
4.7019 0.6855 0.7581
4.7187 0.6865 0.7596
4.7355 0.6874 0.7612
4.7523 0.6883 0.7627
4.7691 0.6891 0.7643
4.7859 0.6899 0.7659
4.8027 0.6906 0.7674
4.8195 0.6914 0.7690
4.8362 0.6922 0.7705
4.8530 0.6931 0.7720
4.8698 0.6940 0.7734
4.8866 0.6950 0.7748
4.9034 0.6962 0.7761
4.9202 0.6974 0.7772
4.9370 0.6988 0.7782
4.9538 0.7004 0.7792
4.9706 0.7021 0.7799
4.9874 0.7039 0.7806
5.0042 0.7058 0.7811
5.0210 0.7079 0.7815
5.0378 0.7101 0.7819
5.0545 0.7124 0.7821
5.0713 0.7147 0.7822
5.0881 0.7170 0.7823
5.1049 0.7194 0.7824
5.1217 0.7217 0.7824
5.1385 0.7240 0.7825
5.1553 0.7263 0.7826
5.1721 0.7285 0.7827
5.1889 0.7305 0.7828
5.2057 0.7325 0.7829
5.2225 0.7344 0.7831
5.2393 0.7362 0.7833
5.2561 0.7380 0.7835
5.2729 0.7397 0.7838
5.2896 0.7414 0.7840
5.3064 0.7431 0.7842
5.3232 0.7448 0.7844
5.3400 0.7466 0.7846
5.3568 0.7484 0.7848
5.3736 0.7503 0.7849
5.3904 0.7523 0.7850
5.4072 0.7544 0.7851
5.4240 0.7565 0.7852
5.4408 0.7588 0.7852
5.4576 0.7611 0.7853
5.4744 0.7635 0.7853
5.4912 0.7659 0.7853
5.5079 0.7682 0.7852
5.5247 0.7706 0.7852
5.5415 0.7729 0.7852
5.5583 0.7752 0.7852
5.5751 0.7774 0.7852
5.5919 0.7795 0.7852
5.6087 0.7815 0.7852
5.6255 0.7834 0.7852
5.6423 0.7852 0.7852
5.6591 0.7869 0.7852
5.6759 0.7885 0.7852
5.6927 0.7902 0.7852
5.7095 0.7917 0.7851
5.7263 0.7933 0.7851
5.7430 0.7948 0.7850
5.7598 0.7964 0.7849
5.7766 0.7980 0.7848
5.7934 0.7996 0.7847
5.8102 0.8013 0.7845
5.8270 0.8030 0.7843
5.8438 0.8048 0.7841
5.8606 0.8066 0.7838
5.8774 0.8085 0.7835
5.8942 0.8104 0.7832
5.9110 0.8122 0.7828
5.9278 0.8141 0.7824
5.9446 0.8159 0.7820
5.9613 0.8176 0.7817
5.9781 0.8193 0.7813
5.9949 0.8209 0.7809
6.0117 0.8223 0.7805
6.0285 0.8236 0.7802
6.0453 0.8247 0.7799
6.0621 0.8257 0.7795
6.0789 0.8265 0.7792
6.0957 0.8271 0.7789
6.1125 0.8275 0.7786
6.1293 0.8278 0.7784
6.1461 0.8280 0.7781
6.1629 0.8280 0.7778
6.1796 0.8280 0.7775
6.1964 0.8278 0.7772
6.2132 0.8275 0.7769
6.2300 0.8272 0.7766
6.2468 0.8269 0.7763
6.2636 0.8265 0.7761
6.2804 0.8261 0.7759
6.2972 0.8257 0.7759
6.3140 0.8253 0.7759
6.3308 0.8248 0.7760
6.3476 0.8244 0.7762
6.3644 0.8239 0.7766
6.3812 0.8234 0.7772
6.3980 0.8229 0.7778
6.4147 0.8224 0.7787
6.4315 0.8218 0.7796
6.4483 0.8212 0.7808
6.4651 0.8205 0.7820
6.4819 0.8198 0.7834
6.4987 0.8191 0.7848
6.5155 0.8183 0.7864
6.5323 0.8175 0.7880
6.5491 0.8166 0.7897
6.5659 0.8157 0.7914
6.5827 0.8148 0.7931
6.5995 0.8139 0.7949
6.6163 0.8131 0.7967
6.6330 0.8122 0.7985
6.6498 0.8114 0.8002
6.6666 0.8107 0.8020
6.6834 0.8100 0.8037
6.7002 0.8095 0.8053
6.7170 0.8090 0.8070
6.7338 0.8087 0.8085
6.7506 0.8085 0.8101
6.7674 0.8084 0.8115
6.7842 0.8085 0.8130
6.8010 0.8087 0.8143
6.8178 0.8090 0.8156
6.8346 0.8094 0.8169
6.8513 0.8100 0.8180
6.8681 0.8106 0.8192
6.8849 0.8113 0.8203
6.9017 0.8121 0.8213
6.9185 0.8130 0.8223
6.9353 0.8139 0.8233
6.9521 0.8148 0.8242
6.9689 0.8158 0.8251
6.9857 0.8167 0.8260
7.0025 0.8177 0.8268
7.0193 0.8186 0.8276
7.0361 0.8196 0.8284
7.0529 0.8205 0.8291
7.0697 0.8215 0.8298
7.0864 0.8224 0.8305
7.1032 0.8233 0.8311
7.1200 0.8243 0.8317
7.1368 0.8252 0.8323
7.1536 0.8261 0.8329
7.1704 0.8269 0.8335
7.1872 0.8278 0.8340
7.2040 0.8286 0.8346
7.2208 0.8294 0.8352
7.2376 0.8302 0.8357
7.2544 0.8309 0.8363
7.2712 0.8315 0.8370
7.2880 0.8321 0.8376
7.3047 0.8326 0.8383
7.3215 0.8330 0.8391
7.3383 0.8333 0.8399
7.3551 0.8336 0.8407
7.3719 0.8337 0.8416
7.3887 0.8337 0.8425
7.4055 0.8336 0.8435
7.4223 0.8334 0.8445
7.4391 0.8331 0.8455
7.4559 0.8327 0.8465
7.4727 0.8323 0.8476
7.4895 0.8318 0.8487
7.5063 0.8313 0.8497
7.5230 0.8308 0.8508
7.5398 0.8302 0.8518
7.5566 0.8298 0.8529
7.5734 0.8294 0.8539
7.5902 0.8290 0.8548
7.6070 0.8288 0.8557
7.6238 0.8287 0.8566
7.6406 0.8287 0.8574
7.6574 0.8289 0.8581
7.6742 0.8292 0.8587
7.6910 0.8297 0.8593
7.7078 0.8302 0.8598
7.7246 0.8310 0.8601
7.7414 0.8318 0.8604
7.7581 0.8327 0.8606
7.7749 0.8338 0.8607
7.7917 0.8349 0.8606
7.8085 0.8360 0.8605
7.8253 0.8372 0.8603
7.8421 0.8384 0.8600
7.8589 0.8396 0.8596
7.8757 0.8407 0.8591
7.8925 0.8418 0.8586
7.9093 0.8429 0.8580
7.9261 0.8439 0.8574
7.9429 0.8448 0.8567
7.9597 0.8457 0.8561
7.9764 0.8464 0.8554
7.9932 0.8470 0.8547
8.0100 0.8476 0.8540
8.0268 0.8481 0.8534
8.0436 0.8484 0.8528
8.0604 0.8487 0.8522
8.0772 0.8489 0.8517
8.0940 0.8491 0.8512
8.1108 0.8491 0.8508
8.1276 0.8492 0.8504
8.1444 0.8492 0.8500
8.1612 0.8492 0.8497
8.1780 0.8492 0.8495
8.1948 0.8491 0.8492
8.2115 0.8491 0.8490
8.2283 0.8492 0.8488
8.2451 0.8492 0.8486
8.2619 0.8493 0.8485
8.2787 0.8494 0.8484
8.2955 0.8496 0.8482
8.3123 0.8498 0.8481
8.3291 0.8499 0.8480
8.3459 0.8502 0.8479
8.3627 0.8504 0.8478
8.3795 0.8506 0.8477
8.3963 0.8507 0.8476
8.4131 0.8509 0.8474
8.4298 0.8509 0.8473
8.4466 0.8509 0.8471
8.4634 0.8509 0.8469
8.4802 0.8507 0.8467
8.4970 0.8505 0.8465
8.5138 0.8501 0.8462
8.5306 0.8497 0.8459
8.5474 0.8491 0.8455
8.5642 0.8485 0.8451
8.5810 0.8477 0.8446
8.5978 0.8469 0.8441
8.6146 0.8460 0.8435
8.6314 0.8450 0.8430
8.6481 0.8440 0.8424
8.6649 0.8429 0.8417
8.6817 0.8418 0.8411
8.6985 0.8406 0.8405
8.7153 0.8395 0.8399
8.7321 0.8383 0.8393
8.7489 0.8371 0.8388
8.7657 0.8359 0.8383
8.7825 0.8347 0.8379
8.7993 0.8335 0.8375
8.8161 0.8323 0.8373
8.8329 0.8312 0.8371
8.8497 0.8300 0.8370
8.8665 0.8288 0.8369
8.8832 0.8277 0.8370
8.9000 0.8266 0.8371
8.9168 0.8255 0.8373
8.9336 0.8245 0.8375
8.9504 0.8234 0.8378
8.9672 0.8225 0.8382
8.9840 0.8216 0.8385
9.0008 0.8208 0.8389
9.0176 0.8200 0.8392
9.0344 0.8193 0.8396
9.0512 0.8187 0.8399
9.0680 0.8182 0.8402
9.0848 0.8177 0.8405
9.1015 0.8173 0.8407
9.1183 0.8170 0.8409
9.1351 0.8168 0.8410
9.1519 0.8167 0.8411
9.1687 0.8166 0.8412
9.1855 0.8166 0.8412
9.2023 0.8166 0.8413
9.2191 0.8167 0.8413
9.2359 0.8169 0.8412
9.2527 0.8171 0.8412
9.2695 0.8174 0.8412
9.2863 0.8176 0.8412
9.3031 0.8180 0.8411
9.3198 0.8183 0.8411
9.3366 0.8187 0.8410
9.3534 0.8190 0.8410
9.3702 0.8194 0.8409
9.3870 0.8198 0.8408
9.4038 0.8202 0.8406
9.4206 0.8205 0.8404
9.4374 0.8209 0.8402
9.4542 0.8212 0.8398
9.4710 0.8215 0.8395
9.4878 0.8218 0.8390
9.5046 0.8220 0.8385
9.5214 0.8223 0.8379
9.5382 0.8224 0.8373
9.5549 0.8225 0.8366
9.5717 0.8226 0.8358
9.5885 0.8226 0.8349
9.6053 0.8226 0.8341
9.6221 0.8225 0.8331
9.6389 0.8223 0.8322
9.6557 0.8221 0.8312
9.6725 0.8219 0.8303
9.6893 0.8216 0.8293
9.7061 0.8212 0.8284
9.7229 0.8209 0.8275
9.7397 0.8205 0.8265
9.7565 0.8201 0.8257
9.7732 0.8196 0.8248
9.7900 0.8192 0.8240
9.8068 0.8188 0.8231
9.8236 0.8184 0.8223
9.8404 0.8181 0.8215
9.8572 0.8178 0.8208
9.8740 0.8175 0.8200
9.8908 0.8173 0.8192
9.9076 0.8172 0.8184
9.9244 0.8171 0.8177
9.9412 0.8171 0.8169
9.9580 0.8171 0.8161
9.9748 0.8171 0.8154
9.9916 0.8173 0.8146
10.0083 0.8174 0.8139
10.0251 0.8176 0.8131
10.0419 0.8179 0.8124
10.0587 0.8182 0.8118
10.0755 0.8185 0.8111
10.0923 0.8188 0.8105
10.1091 0.8191 0.8100
10.1259 0.8195 0.8095
10.1427 0.8198 0.8090
10.1595 0.8202 0.8086
10.1763 0.8206 0.8083
10.1931 0.8210 0.8080
10.2099 0.8214 0.8077
10.2266 0.8217 0.8075
10.2434 0.8221 0.8073
10.2602 0.8225 0.8072
10.2770 0.8228 0.8071
10.2938 0.8232 0.8071
10.3106 0.8235 0.8071
10.3274 0.8237 0.8071
10.3442 0.8240 0.8071
10.3610 0.8242 0.8072
10.3778 0.8243 0.8073
10.3946 0.8244 0.8074
10.4114 0.8245 0.8076
10.4282 0.8245 0.8077
10.4449 0.8244 0.8079
10.4617 0.8243 0.8081
10.4785 0.8241 0.8084
10.4953 0.8239 0.8086
10.5121 0.8237 0.8089
10.5289 0.8234 0.8092
10.5457 0.8231 0.8094
10.5625 0.8228 0.8097
10.5793 0.8225 0.8100
10.5961 0.8221 0.8102
10.6129 0.8217 0.8104
10.6297 0.8213 0.8106
10.6465 0.8209 0.8108
10.6633 0.8205 0.8110
10.6800 0.8200 0.8111
10.6968 0.8196 0.8111
10.7136 0.8192 0.8112
10.7304 0.8188 0.8112
10.7472 0.8184 0.8112
10.7640 0.8180 0.8111
10.7808 0.8176 0.8111
10.7976 0.8172 0.8110
10.8144 0.8169 0.8110
10.8312 0.8166 0.8109
10.8480 0.8163 0.8109
10.8648 0.8160 0.8109
10.8816 0.8157 0.8110
10.8983 0.8155 0.8111
10.9151 0.8152 0.8113
10.9319 0.8149 0.8115
10.9487 0.8146 0.8118
10.9655 0.8142 0.8121
10.9823 0.8139 0.8125
10.9991 0.8135 0.8129
11.0159 0.8130 0.8133
11.0327 0.8124 0.8137
11.0495 0.8118 0.8142
11.0663 0.8112 0.8146
11.0831 0.8105 0.8150
11.0999 0.8097 0.8154
11.1166 0.8088 0.8157
11.1334 0.8080 0.8159
11.1502 0.8070 0.8160
11.1670 0.8061 0.8160
11.1838 0.8052 0.8159
11.2006 0.8042 0.8157
11.2174 0.8033 0.8154
11.2342 0.8023 0.8149
11.2510 0.8015 0.8143
11.2678 0.8006 0.8136
11.2846 0.7998 0.8129
11.3014 0.7991 0.8120
11.3182 0.7984 0.8110
11.3350 0.7978 0.8100
11.3517 0.7973 0.8089
11.3685 0.7968 0.8079
11.3853 0.7964 0.8068
11.4021 0.7960 0.8057
11.4189 0.7958 0.8047
11.4357 0.7956 0.8037
11.4525 0.7954 0.8028
11.4693 0.7953 0.8019
11.4861 0.7953 0.8011
11.5029 0.7953 0.8004
11.5197 0.7953 0.7998
11.5365 0.7954 0.7992
11.5533 0.7955 0.7987
11.5700 0.7956 0.7983
11.5868 0.7957 0.7980
11.6036 0.7959 0.7977
11.6204 0.7961 0.7974
11.6372 0.7962 0.7972
11.6540 0.7964 0.7971
11.6708 0.7965 0.7969
11.6876 0.7967 0.7967
11.7044 0.7968 0.7966
11.7212 0.7970 0.7964
11.7380 0.7971 0.7962
11.7548 0.7972 0.7960
11.7716 0.7974 0.7957
11.7884 0.7975 0.7953
11.8051 0.7976 0.7949
11.8219 0.7977 0.7944
11.8387 0.7979 0.7938
11.8555 0.7981 0.7932
11.8723 0.7982 0.7925
11.8891 0.7984 0.7918
11.9059 0.7987 0.7910
11.9227 0.7989 0.7902
11.9395 0.7992 0.7893
11.9563 0.7995 0.7884
11.9731 0.7998 0.7875
11.9899 0.8001 0.7867
12.0067 0.8005 0.7858
12.0234 0.8008 0.7850
12.0402 0.8011 0.7842
12.0570 0.8015 0.7834
12.0738 0.8018 0.7827
12.0906 0.8020 0.7821
12.1074 0.8022 0.7816
12.1242 0.8023 0.7811
12.1410 0.8024 0.7807
12.1578 0.8023 0.7804
12.1746 0.8022 0.7801
12.1914 0.8020 0.7799
12.2082 0.8016 0.7797
12.2250 0.8011 0.7795
12.2417 0.8006 0.7794
12.2585 0.7999 0.7793
12.2753 0.7991 0.7791
12.2921 0.7982 0.7790
12.3089 0.7972 0.7788
12.3257 0.7961 0.7786
12.3425 0.7950 0.7784
12.3593 0.7939 0.7782
12.3761 0.7927 0.7779
12.3929 0.7915 0.7776
12.4097 0.7904 0.7772
12.4265 0.7892 0.7768
12.4433 0.7881 0.7764
12.4601 0.7871 0.7759
12.4768 0.7861 0.7754
12.4936 0.7851 0.7749
12.5104 0.7842 0.7744
12.5272 0.7834 0.7739
12.5440 0.7826 0.7734
12.5608 0.7819 0.7729
12.5776 0.7813 0.7724
12.5944 0.7807 0.7719
12.6112 0.7801 0.7714
12.6280 0.7795 0.7710
12.6448 0.7790 0.7706
12.6616 0.7785 0.7702
12.6784 0.7780 0.7698
12.6951 0.7775 0.7694
12.7119 0.7770 0.7691
12.7287 0.7765 0.7689
12.7455 0.7759 0.7686
12.7623 0.7754 0.7684
12.7791 0.7748 0.7682
12.7959 0.7742 0.7681
12.8127 0.7736 0.7680
12.8295 0.7729 0.7679
12.8463 0.7723 0.7678
12.8631 0.7716 0.7678
12.8799 0.7709 0.7678
12.8967 0.7702 0.7678
12.9134 0.7696 0.7679
12.9302 0.7689 0.7679
12.9470 0.7682 0.7679
12.9638 0.7676 0.7680
12.9806 0.7669 0.7680
12.9974 0.7663 0.7681
13.0142 0.7658 0.7681
13.0310 0.7652 0.7681
13.0478 0.7647 0.7680
13.0646 0.7642 0.7679
13.0814 0.7637 0.7678
13.0982 0.7633 0.7677
13.1150 0.7629 0.7675
13.1318 0.7625 0.7673
13.1485 0.7622 0.7670
13.1653 0.7618 0.7667
13.1821 0.7615 0.7664
13.1989 0.7612 0.7660
13.2157 0.7610 0.7656
13.2325 0.7607 0.7652
13.2493 0.7604 0.7648
13.2661 0.7602 0.7644
13.2829 0.7600 0.7640
13.2997 0.7598 0.7636
13.3165 0.7595 0.7633
13.3333 0.7593 0.7629
13.3501 0.7591 0.7626
13.3668 0.7589 0.7623
13.3836 0.7587 0.7620
13.4004 0.7584 0.7618
13.4172 0.7582 0.7616
13.4340 0.7580 0.7613
13.4508 0.7578 0.7611
13.4676 0.7575 0.7609
13.4844 0.7573 0.7608
13.5012 0.7570 0.7606
13.5180 0.7568 0.7604
13.5348 0.7566 0.7602
13.5516 0.7563 0.7600
13.5684 0.7561 0.7598
13.5852 0.7559 0.7597
13.6019 0.7557 0.7595
13.6187 0.7556 0.7593
13.6355 0.7555 0.7591
13.6523 0.7554 0.7590
13.6691 0.7554 0.7589
13.6859 0.7553 0.7588
13.7027 0.7553 0.7587
13.7195 0.7554 0.7586
13.7363 0.7554 0.7586
13.7531 0.7555 0.7586
13.7699 0.7556 0.7587
13.7867 0.7557 0.7588
13.8035 0.7558 0.7589
13.8202 0.7558 0.7590
13.8370 0.7559 0.7591
13.8538 0.7559 0.7593
13.8706 0.7559 0.7594
13.8874 0.7558 0.7595
13.9042 0.7557 0.7596
13.9210 0.7556 0.7597
13.9378 0.7554 0.7598
13.9546 0.7552 0.7598
13.9714 0.7550 0.7597
13.9882 0.7547 0.7597
14.0050 0.7544 0.7596
14.0218 0.7541 0.7594
14.0385 0.7538 0.7592
14.0553 0.7534 0.7590
14.0721 0.7531 0.7588
14.0889 0.7527 0.7585
14.1057 0.7524 0.7583
14.1225 0.7520 0.7580
14.1393 0.7517 0.7577
14.1561 0.7513 0.7575
14.1729 0.7510 0.7572
14.1897 0.7507 0.7570
14.2065 0.7504 0.7569
14.2233 0.7501 0.7567
14.2401 0.7499 0.7566
14.2569 0.7496 0.7566
14.2736 0.7494 0.7565
14.2904 0.7492 0.7566
14.3072 0.7491 0.7566
14.3240 0.7489 0.7567
14.3408 0.7488 0.7568
14.3576 0.7487 0.7570
14.3744 0.7487 0.7572
14.3912 0.7486 0.7574
14.4080 0.7486 0.7576
14.4248 0.7486 0.7579
14.4416 0.7487 0.7581
14.4584 0.7487 0.7583
14.4752 0.7488 0.7586
14.4919 0.7489 0.7588
14.5087 0.7489 0.7591
14.5255 0.7490 0.7593
14.5423 0.7491 0.7595
14.5591 0.7492 0.7597
14.5759 0.7493 0.7599
14.5927 0.7494 0.7601
14.6095 0.7494 0.7603
14.6263 0.7495 0.7605
14.6431 0.7495 0.7606
14.6599 0.7496 0.7608
14.6767 0.7496 0.7610
14.6935 0.7496 0.7611
14.7102 0.7497 0.7613
14.7270 0.7497 0.7614
14.7438 0.7497 0.7616
14.7606 0.7497 0.7617
14.7774 0.7498 0.7619
14.7942 0.7498 0.7621
14.8110 0.7498 0.7622
14.8278 0.7499 0.7624
14.8446 0.7500 0.7626
14.8614 0.7501 0.7628
14.8782 0.7502 0.7630
14.8950 0.7503 0.7632
14.9118 0.7504 0.7634
14.9286 0.7506 0.7637
14.9453 0.7508 0.7639
14.9621 0.7510 0.7641
14.9789 0.7512 0.7644
14.9957 0.7515 0.7646
15.0125 0.7517 0.7649
15.0293 0.7520 0.7652
15.0461 0.7523 0.7654
15.0629 0.7526 0.7657
15.0797 0.7530 0.7660
15.0965 0.7533 0.7663
15.1133 0.7537 0.7666
15.1301 0.7541 0.7669
15.1469 0.7545 0.7672
15.1636 0.7549 0.7675
15.1804 0.7553 0.7677
15.1972 0.7558 0.7680
15.2140 0.7562 0.7683
15.2308 0.7567 0.7686
15.2476 0.7572 0.7689
15.2644 0.7576 0.7692
15.2812 0.7581 0.7695
15.2980 0.7586 0.7699
15.3148 0.7591 0.7702
15.3316 0.7596 0.7705
15.3484 0.7601 0.7709
15.3652 0.7606 0.7712
15.3820 0.7611 0.7716
15.3987 0.7617 0.7720
15.4155 0.7622 0.7724
15.4323 0.7628 0.7728
15.4491 0.7633 0.7732
15.4659 0.7639 0.7737
15.4827 0.7645 0.7742
15.4995 0.7651 0.7746
15.5163 0.7657 0.7751
15.5331 0.7664 0.7757
15.5499 0.7670 0.7762
15.5667 0.7676 0.7767
15.5835 0.7683 0.7773
15.6003 0.7690 0.7778
15.6170 0.7696 0.7784
15.6338 0.7703 0.7789
15.6506 0.7710 0.7795
15.6674 0.7717 0.7800
15.6842 0.7723 0.7805
15.7010 0.7730 0.7811
15.7178 0.7737 0.7816
15.7346 0.7744 0.7821
15.7514 0.7750 0.7827
15.7682 0.7757 0.7832
15.7850 0.7764 0.7837
15.8018 0.7771 0.7843
15.8186 0.7777 0.7848
15.8353 0.7784 0.7853
15.8521 0.7791 0.7859
15.8689 0.7798 0.7865
15.8857 0.7805 0.7870
15.9025 0.7812 0.7876
15.9193 0.7820 0.7882
15.9361 0.7827 0.7889
15.9529 0.7835 0.7895
15.9697 0.7843 0.7901
15.9865 0.7851 0.7908
16.0033 0.7859 0.7915
16.0201 0.7867 0.7922
16.0369 0.7875 0.7928
16.0537 0.7883 0.7935
16.0704 0.7892 0.7942
16.0872 0.7900 0.7949
16.1040 0.7909 0.7956
16.1208 0.7917 0.7963
16.1376 0.7925 0.7970
16.1544 0.7934 0.7977
16.1712 0.7942 0.7984
16.1880 0.7950 0.7991
16.2048 0.7958 0.7998
16.2216 0.7965 0.8005
16.2384 0.7973 0.8012
16.2552 0.7981 0.8018
16.2720 0.7988 0.8025
16.2887 0.7995 0.8032
16.3055 0.8002 0.8039
16.3223 0.8009 0.8045
16.3391 0.8016 0.8052
16.3559 0.8023 0.8059
16.3727 0.8030 0.8065
16.3895 0.8037 0.8072
16.4063 0.8043 0.8078
16.4231 0.8050 0.8085
16.4399 0.8056 0.8091
16.4567 0.8063 0.8098
16.4735 0.8069 0.8104
16.4903 0.8075 0.8110
16.5070 0.8082 0.8116
16.5238 0.8088 0.8122
16.5406 0.8094 0.8129
16.5574 0.8100 0.8135
16.5742 0.8106 0.8141
16.5910 0.8112 0.8147
16.6078 0.8118 0.8153
16.6246 0.8124 0.8159
16.6414 0.8130 0.8165
16.6582 0.8136 0.8171
16.6750 0.8142 0.8177
16.6918 0.8148 0.8184
16.7086 0.8154 0.8190
16.7254 0.8159 0.8196
16.7421 0.8165 0.8202
16.7589 0.8171 0.8208
16.7757 0.8177 0.8214
16.7925 0.8183 0.8221
16.8093 0.8189 0.8227
16.8261 0.8194 0.8233
16.8429 0.8200 0.8239
16.8597 0.8206 0.8245
16.8765 0.8212 0.8251
16.8933 0.8218 0.8257
16.9101 0.8224 0.8263
16.9269 0.8230 0.8269
16.9437 0.8235 0.8275
16.9604 0.8241 0.8281
16.9772 0.8247 0.8286
16.9940 0.8253 0.8292
17.0108 0.8259 0.8297
17.0276 0.8264 0.8303
17.0444 0.8270 0.8308
17.0612 0.8276 0.8314
17.0780 0.8281 0.8319
17.0948 0.8287 0.8325
17.1116 0.8293 0.8330
17.1284 0.8298 0.8335
17.1452 0.8304 0.8340
17.1620 0.8309 0.8346
17.1788 0.8315 0.8351
17.1955 0.8320 0.8356
17.2123 0.8326 0.8361
17.2291 0.8331 0.8366
17.2459 0.8337 0.8371
17.2627 0.8342 0.8376
17.2795 0.8347 0.8381
17.2963 0.8352 0.8387
17.3131 0.8358 0.8392
17.3299 0.8363 0.8397
17.3467 0.8368 0.8402
17.3635 0.8373 0.8407
17.3803 0.8379 0.8412
17.3971 0.8384 0.8417
17.4138 0.8389 0.8422
17.4306 0.8394 0.8427
17.4474 0.8399 0.8432
17.4642 0.8404 0.8437
17.4810 0.8410 0.8442
17.4978 0.8415 0.8446
17.5146 0.8420 0.8451
17.5314 0.8425 0.8456
17.5482 0.8430 0.8461
17.5650 0.8435 0.8466
17.5818 0.8440 0.8471
17.5986 0.8445 0.8475
17.6154 0.8450 0.8480
17.6321 0.8455 0.8485
17.6489 0.8460 0.8489
17.6657 0.8465 0.8494
17.6825 0.8470 0.8499
17.6993 0.8475 0.8503
17.7161 0.8479 0.8508
17.7329 0.8484 0.8513
17.7497 0.8489 0.8517
17.7665 0.8493 0.8522
17.7833 0.8498 0.8526
17.8001 0.8503 0.8531
17.8169 0.8507 0.8536
17.8337 0.8512 0.8540
17.8505 0.8516 0.8545
17.8672 0.8520 0.8549
17.8840 0.8525 0.8554
17.9008 0.8529 0.8559
17.9176 0.8534 0.8563
17.9344 0.8538 0.8568
17.9512 0.8542 0.8572
17.9680 0.8547 0.8577
17.9848 0.8551 0.8581
18.0016 0.8555 0.8586
18.0184 0.8560 0.8591
18.0352 0.8564 0.8595
18.0520 0.8568 0.8600
18.0688 0.8573 0.8604
18.0855 0.8577 0.8609
18.1023 0.8581 0.8613
18.1191 0.8586 0.8618
18.1359 0.8590 0.8622
18.1527 0.8594 0.8626
18.1695 0.8598 0.8631
18.1863 0.8603 0.8635
18.2031 0.8607 0.8639
18.2199 0.8611 0.8644
18.2367 0.8616 0.8648
18.2535 0.8620 0.8652
18.2703 0.8624 0.8656
18.2871 0.8628 0.8660
18.3038 0.8632 0.8664
18.3206 0.8636 0.8668
18.3374 0.8640 0.8672
18.3542 0.8644 0.8676
18.3710 0.8648 0.8680
18.3878 0.8652 0.8684
18.4046 0.8656 0.8687
18.4214 0.8660 0.8691
18.4382 0.8664 0.8695
18.4550 0.8668 0.8699
18.4718 0.8672 0.8702
18.4886 0.8676 0.8706
18.5054 0.8679 0.8709
18.5222 0.8683 0.8713
18.5389 0.8687 0.8716
18.5557 0.8691 0.8720
18.5725 0.8694 0.8724
18.5893 0.8698 0.8727
18.6061 0.8702 0.8730
18.6229 0.8705 0.8734
18.6397 0.8709 0.8737
18.6565 0.8713 0.8741
18.6733 0.8716 0.8744
18.6901 0.8720 0.8747
18.7069 0.8723 0.8751
18.7237 0.8727 0.8754
18.7405 0.8730 0.8757
18.7572 0.8734 0.8761
18.7740 0.8737 0.8764
18.7908 0.8740 0.8767
18.8076 0.8744 0.8770
18.8244 0.8747 0.8773
18.8412 0.8751 0.8776
18.8580 0.8754 0.8779
18.8748 0.8757 0.8783
18.8916 0.8761 0.8786
18.9084 0.8764 0.8789
18.9252 0.8767 0.8792
18.9420 0.8770 0.8795
18.9588 0.8774 0.8798
18.9755 0.8777 0.8801
18.9923 0.8780 0.8804
19.0091 0.8783 0.8807
19.0259 0.8787 0.8810
19.0427 0.8790 0.8813
19.0595 0.8793 0.8816
19.0763 0.8796 0.8819
19.0931 0.8799 0.8822
19.1099 0.8802 0.8826
19.1267 0.8805 0.8829
19.1435 0.8809 0.8832
19.1603 0.8812 0.8835
19.1771 0.8815 0.8838
19.1939 0.8818 0.8841
19.2106 0.8821 0.8844
19.2274 0.8824 0.8847
19.2442 0.8827 0.8850
19.2610 0.8830 0.8853
19.2778 0.8833 0.8856
19.2946 0.8836 0.8859
19.3114 0.8838 0.8862
19.3282 0.8841 0.8865
19.3450 0.8844 0.8868
19.3618 0.8847 0.8871
19.3786 0.8850 0.8874
19.3954 0.8853 0.8877
19.4122 0.8856 0.8880
19.4289 0.8858 0.8882
19.4457 0.8861 0.8885
19.4625 0.8864 0.8888
19.4793 0.8867 0.8891
19.4961 0.8869 0.8894
19.5129 0.8872 0.8897
19.5297 0.8875 0.8899
19.5465 0.8878 0.8902
19.5633 0.8881 0.8905
19.5801 0.8883 0.8908
19.5969 0.8886 0.8910
19.6137 0.8889 0.8913
19.6305 0.8891 0.8916
19.6473 0.8894 0.8918
19.6640 0.8897 0.8921
19.6808 0.8900 0.8924
19.6976 0.8902 0.8926
19.7144 0.8905 0.8929
19.7312 0.8908 0.8931
19.7480 0.8910 0.8934
19.7648 0.8913 0.8937
19.7816 0.8916 0.8939
19.7984 0.8918 0.8942
19.8152 0.8921 0.8944
19.8320 0.8924 0.8947
19.8488 0.8926 0.8949
19.8656 0.8929 0.8952
19.8823 0.8931 0.8954
19.8991 0.8934 0.8957
19.9159 0.8937 0.8959
19.9327 0.8939 0.8962
19.9495 0.8942 0.8964
19.9663 0.8945 0.8967
19.9831 0.8947 0.8969
19.9999 0.8950 0.8972
20.0167 0.8952 0.8974
20.0335 0.8955 0.8977
20.0503 0.8958 0.8979
20.0671 0.8960 0.8981
20.0839 0.8963 0.8984
20.1006 0.8965 0.8986
20.1174 0.8968 0.8989
20.1342 0.8970 0.8991
20.1510 0.8973 0.8993
20.1678 0.8975 0.8996
20.1846 0.8977 0.8998
20.2014 0.8980 0.9000
20.2182 0.8982 0.9003
20.2350 0.8985 0.9005
20.2518 0.8987 0.9007
20.2686 0.8989 0.9010
20.2854 0.8992 0.9012
20.3022 0.8994 0.9014
20.3190 0.8996 0.9017
20.3357 0.8999 0.9019
20.3525 0.9001 0.9021
20.3693 0.9003 0.9023
20.3861 0.9005 0.9026
20.4029 0.9008 0.9028
20.4197 0.9010 0.9030
20.4365 0.9012 0.9033
20.4533 0.9014 0.9035
20.4701 0.9017 0.9037
20.4869 0.9019 0.9039
20.5037 0.9021 0.9042
20.5205 0.9023 0.9044
20.5373 0.9026 0.9046
20.5540 0.9028 0.9048
20.5708 0.9030 0.9050
20.5876 0.9032 0.9052
20.6044 0.9035 0.9055
20.6212 0.9037 0.9057
20.6380 0.9039 0.9059
20.6548 0.9041 0.9061
20.6716 0.9043 0.9063
20.6884 0.9046 0.9065
20.7052 0.9048 0.9067
20.7220 0.9050 0.9069
20.7388 0.9052 0.9071
20.7556 0.9054 0.9073
20.7723 0.9056 0.9075
20.7891 0.9058 0.9077
20.8059 0.9060 0.9079
20.8227 0.9063 0.9081
20.8395 0.9065 0.9083
20.8563 0.9067 0.9085
20.8731 0.9069 0.9087
20.8899 0.9071 0.9089
20.9067 0.9073 0.9091
20.9235 0.9075 0.9093
20.9403 0.9077 0.9095
20.9571 0.9079 0.9097
20.9739 0.9081 0.9099
20.9907 0.9083 0.9101
21.0074 0.9084 0.9103
21.0242 0.9086 0.9104
21.0410 0.9088 0.9106
21.0578 0.9090 0.9108
21.0746 0.9092 0.9110
21.0914 0.9094 0.9112
21.1082 0.9096 0.9114
21.1250 0.9098 0.9116
21.1418 0.9100 0.9118
21.1586 0.9101 0.9119
21.1754 0.9103 0.9121
21.1922 0.9105 0.9123
21.2090 0.9107 0.9125
21.2257 0.9109 0.9127
21.2425 0.9111 0.9129
21.2593 0.9113 0.9130
21.2761 0.9115 0.9132
21.2929 0.9116 0.9134
21.3097 0.9118 0.9136
21.3265 0.9120 0.9138
21.3433 0.9122 0.9140
21.3601 0.9124 0.9141
21.3769 0.9126 0.9143
21.3937 0.9128 0.9145
21.4105 0.9129 0.9147
21.4273 0.9131 0.9149
21.4441 0.9133 0.9150
21.4608 0.9135 0.9152
21.4776 0.9137 0.9154
21.4944 0.9139 0.9156
21.5112 0.9140 0.9157
21.5280 0.9142 0.9159
21.5448 0.9144 0.9161
21.5616 0.9146 0.9163
21.5784 0.9147 0.9164
21.5952 0.9149 0.9166
21.6120 0.9151 0.9168
21.6288 0.9153 0.9169
21.6456 0.9154 0.9171
21.6624 0.9156 0.9173
21.6791 0.9158 0.9175
21.6959 0.9160 0.9176
21.7127 0.9161 0.9178
21.7295 0.9163 0.9180
21.7463 0.9165 0.9181
21.7631 0.9166 0.9183
21.7799 0.9168 0.9185
21.7967 0.9170 0.9186
21.8135 0.9171 0.9188
21.8303 0.9173 0.9189
21.8471 0.9174 0.9191
21.8639 0.9176 0.9193
21.8807 0.9178 0.9194
21.8974 0.9179 0.9196
21.9142 0.9181 0.9198
21.9310 0.9182 0.9199
21.9478 0.9184 0.9201
21.9646 0.9186 0.9203
21.9814 0.9187 0.9204
21.9982 0.9189 0.9206
22.0150 0.9190 0.9207
22.0318 0.9192 0.9209
22.0486 0.9194 0.9211
22.0654 0.9195 0.9212
22.0822 0.9197 0.9214
22.0990 0.9198 0.9215
22.1158 0.9200 0.9217
22.1325 0.9201 0.9218
22.1493 0.9203 0.9220
22.1661 0.9204 0.9222
22.1829 0.9206 0.9223
22.1997 0.9208 0.9225
22.2165 0.9209 0.9226
22.2333 0.9211 0.9228
22.2501 0.9212 0.9229
22.2669 0.9214 0.9231
22.2837 0.9215 0.9232
22.3005 0.9217 0.9234
22.3173 0.9218 0.9235
22.3341 0.9220 0.9237
22.3508 0.9221 0.9238
22.3676 0.9223 0.9240
22.3844 0.9224 0.9241
22.4012 0.9226 0.9242
22.4180 0.9227 0.9244
22.4348 0.9229 0.9245
22.4516 0.9230 0.9247
22.4684 0.9232 0.9248
22.4852 0.9233 0.9250
22.5020 0.9235 0.9251
22.5188 0.9236 0.9252
22.5356 0.9238 0.9254
22.5524 0.9239 0.9255
22.5691 0.9240 0.9257
22.5859 0.9242 0.9258
22.6027 0.9243 0.9259
22.6195 0.9245 0.9261
22.6363 0.9246 0.9262
22.6531 0.9247 0.9264
22.6699 0.9249 0.9265
22.6867 0.9250 0.9266
22.7035 0.9252 0.9268
22.7203 0.9253 0.9269
22.7371 0.9254 0.9271
22.7539 0.9256 0.9272
22.7707 0.9257 0.9273
22.7875 0.9258 0.9275
22.8042 0.9260 0.9276
22.8210 0.9261 0.9277
22.8378 0.9262 0.9279
22.8546 0.9264 0.9280
22.8714 0.9265 0.9281
22.8882 0.9266 0.9283
22.9050 0.9268 0.9284
22.9218 0.9269 0.9285
22.9386 0.9270 0.9287
22.9554 0.9272 0.9288
22.9722 0.9273 0.9289
22.9890 0.9274 0.9291
23.0058 0.9276 0.9292
23.0225 0.9277 0.9293
23.0393 0.9278 0.9295
23.0561 0.9280 0.9296
23.0729 0.9281 0.9297
23.0897 0.9282 0.9298
23.1065 0.9284 0.9300
23.1233 0.9285 0.9301
23.1401 0.9286 0.9302
23.1569 0.9288 0.9303
23.1737 0.9289 0.9305
23.1905 0.9290 0.9306
23.2073 0.9291 0.9307
23.2241 0.9293 0.9308
23.2409 0.9294 0.9310
23.2576 0.9295 0.9311
23.2744 0.9296 0.9312
23.2912 0.9298 0.9313
23.3080 0.9299 0.9314
23.3248 0.9300 0.9316
23.3416 0.9301 0.9317
23.3584 0.9302 0.9318
23.3752 0.9304 0.9319
23.3920 0.9305 0.9320
23.4088 0.9306 0.9321
23.4256 0.9307 0.9322
23.4424 0.9309 0.9324
23.4592 0.9310 0.9325
23.4759 0.9311 0.9326
23.4927 0.9312 0.9327
23.5095 0.9313 0.9328
23.5263 0.9314 0.9329
23.5431 0.9316 0.9330
23.5599 0.9317 0.9331
23.5767 0.9318 0.9332
23.5935 0.9319 0.9334
23.6103 0.9320 0.9335
23.6271 0.9321 0.9336
23.6439 0.9323 0.9337
23.6607 0.9324 0.9338
23.6775 0.9325 0.9339
23.6942 0.9326 0.9340
23.7110 0.9327 0.9341
23.7278 0.9328 0.9342
23.7446 0.9329 0.9343
23.7614 0.9331 0.9344
23.7782 0.9332 0.9345
23.7950 0.9333 0.9346
23.8118 0.9334 0.9347
23.8286 0.9335 0.9348
23.8454 0.9336 0.9349
23.8622 0.9337 0.9350
23.8790 0.9338 0.9351
23.8958 0.9340 0.9353
23.9126 0.9341 0.9354
23.9293 0.9342 0.9355
23.9461 0.9343 0.9356
23.9629 0.9344 0.9357
23.9797 0.9345 0.9358
23.9965 0.9346 0.9359
24.0133 0.9347 0.9360
24.0301 0.9348 0.9361
24.0469 0.9350 0.9362
24.0637 0.9351 0.9363
24.0805 0.9352 0.9364
24.0973 0.9353 0.9365
24.1141 0.9354 0.9366
24.1309 0.9355 0.9367
24.1476 0.9356 0.9368
24.1644 0.9357 0.9369
24.1812 0.9358 0.9370
24.1980 0.9359 0.9371
24.2148 0.9360 0.9372
24.2316 0.9361 0.9373
24.2484 0.9362 0.9374
24.2652 0.9363 0.9375
24.2820 0.9364 0.9376
24.2988 0.9365 0.9377
24.3156 0.9366 0.9378
24.3324 0.9367 0.9379
24.3492 0.9368 0.9380
24.3659 0.9369 0.9381
24.3827 0.9370 0.9382
24.3995 0.9371 0.9383
24.4163 0.9372 0.9384
24.4331 0.9373 0.9385
24.4499 0.9374 0.9386
24.4667 0.9375 0.9387
24.4835 0.9376 0.9388
24.5003 0.9377 0.9389
24.5171 0.9378 0.9390
24.5339 0.9379 0.9391
24.5507 0.9380 0.9392
24.5675 0.9381 0.9393
24.5843 0.9382 0.9394
24.6010 0.9383 0.9395
24.6178 0.9384 0.9396
24.6346 0.9385 0.9397
24.6514 0.9386 0.9398
24.6682 0.9387 0.9399
24.6850 0.9388 0.9400
24.7018 0.9389 0.9401
24.7186 0.9390 0.9402
24.7354 0.9391 0.9403
24.7522 0.9392 0.9404
24.7690 0.9393 0.9405
24.7858 0.9394 0.9406
24.8026 0.9395 0.9407
24.8193 0.9396 0.9408
24.8361 0.9397 0.9409
24.8529 0.9398 0.9410
24.8697 0.9399 0.9411
24.8865 0.9400 0.9412
24.9033 0.9401 0.9413
24.9201 0.9402 0.9414
24.9369 0.9403 0.9415
24.9537 0.9404 0.9416
24.9705 0.9405 0.9417
24.9873 0.9406 0.9418
25.0041 0.9407 0.9419
25.0209 0.9408 0.9420
25.0377 0.9409 0.9421
25.0544 0.9410 0.9421
25.0712 0.9411 0.9422
25.0880 0.9412 0.9423
25.1048 0.9413 0.9424
25.1216 0.9414 0.9425
25.1384 0.9415 0.9426
25.1552 0.9416 0.9427
25.1720 0.9417 0.9428
25.1888 0.9417 0.9429
25.2056 0.9418 0.9430
25.2224 0.9419 0.9431
25.2392 0.9420 0.9431
25.2560 0.9421 0.9432
25.2727 0.9422 0.9433
25.2895 0.9423 0.9434
25.3063 0.9424 0.9435
25.3231 0.9425 0.9436
25.3399 0.9426 0.9437
25.3567 0.9427 0.9438
25.3735 0.9427 0.9439
25.3903 0.9428 0.9440
25.4071 0.9429 0.9440
25.4239 0.9430 0.9441
25.4407 0.9431 0.9442
25.4575 0.9432 0.9443
25.4743 0.9433 0.9444
25.4910 0.9434 0.9445
25.5078 0.9435 0.9446
25.5246 0.9435 0.9447
25.5414 0.9436 0.9447
25.5582 0.9437 0.9448
25.5750 0.9438 0.9449
25.5918 0.9439 0.9450
25.6086 0.9440 0.9451
25.6254 0.9441 0.9452
25.6422 0.9442 0.9453
25.6590 0.9442 0.9453
25.6758 0.9443 0.9454
25.6926 0.9444 0.9455
25.7094 0.9445 0.9456
25.7261 0.9446 0.9457
25.7429 0.9447 0.9458
25.7597 0.9448 0.9458
25.7765 0.9449 0.9459
25.7933 0.9449 0.9460
25.8101 0.9450 0.9461
25.8269 0.9451 0.9462
25.8437 0.9452 0.9463
25.8605 0.9453 0.9463
25.8773 0.9454 0.9464
25.8941 0.9454 0.9465
25.9109 0.9455 0.9466
25.9277 0.9456 0.9467
25.9444 0.9457 0.9468
25.9612 0.9458 0.9468
25.9780 0.9459 0.9469
25.9948 0.9459 0.9470
26.0116 0.9460 0.9471
26.0284 0.9461 0.9472
26.0452 0.9462 0.9472
26.0620 0.9463 0.9473
26.0788 0.9463 0.9474
26.0956 0.9464 0.9475
26.1124 0.9465 0.9476
26.1292 0.9466 0.9476
26.1460 0.9467 0.9477
26.1627 0.9467 0.9478
26.1795 0.9468 0.9479
26.1963 0.9469 0.9480
26.2131 0.9470 0.9480
26.2299 0.9471 0.9481
26.2467 0.9471 0.9482
26.2635 0.9472 0.9483
26.2803 0.9473 0.9483
26.2971 0.9474 0.9484
26.3139 0.9475 0.9485
26.3307 0.9475 0.9486
26.3475 0.9476 0.9487
26.3643 0.9477 0.9487
26.3811 0.9478 0.9488
26.3978 0.9479 0.9489
26.4146 0.9479 0.9490
26.4314 0.9480 0.9490
26.4482 0.9481 0.9491
26.4650 0.9482 0.9492
26.4818 0.9483 0.9493
26.4986 0.9483 0.9493
26.5154 0.9484 0.9494
26.5322 0.9485 0.9495
26.5490 0.9486 0.9496
26.5658 0.9486 0.9496
26.5826 0.9487 0.9497
26.5994 0.9488 0.9498
26.6161 0.9489 0.9499
26.6329 0.9489 0.9499
26.6497 0.9490 0.9500
26.6665 0.9491 0.9501
26.6833 0.9492 0.9502
26.7001 0.9493 0.9502
26.7169 0.9493 0.9503
26.7337 0.9494 0.9504
26.7505 0.9495 0.9505
26.7673 0.9496 0.9505
26.7841 0.9496 0.9506
26.8009 0.9497 0.9507
26.8177 0.9498 0.9508
26.8345 0.9498 0.9508
26.8512 0.9499 0.9509
26.8680 0.9500 0.9510
26.8848 0.9501 0.9510
26.9016 0.9501 0.9511
26.9184 0.9502 0.9512
26.9352 0.9503 0.9513
26.9520 0.9504 0.9513
26.9688 0.9504 0.9514
26.9856 0.9505 0.9515
27.0024 0.9506 0.9515
27.0192 0.9507 0.9516
27.0360 0.9507 0.9517
27.0528 0.9508 0.9518
27.0695 0.9509 0.9518
27.0863 0.9509 0.9519
27.1031 0.9510 0.9520
27.1199 0.9511 0.9520
27.1367 0.9512 0.9521
27.1535 0.9512 0.9522
27.1703 0.9513 0.9522
27.1871 0.9514 0.9523
27.2039 0.9514 0.9524
27.2207 0.9515 0.9525
27.2375 0.9516 0.9525
27.2543 0.9516 0.9526
27.2711 0.9517 0.9527
27.2878 0.9518 0.9527
27.3046 0.9519 0.9528
27.3214 0.9519 0.9529
27.3382 0.9520 0.9529
27.3550 0.9521 0.9530
27.3718 0.9521 0.9531
27.3886 0.9522 0.9531
27.4054 0.9523 0.9532
27.4222 0.9523 0.9533
27.4390 0.9524 0.9533
27.4558 0.9525 0.9534
27.4726 0.9525 0.9535
27.4894 0.9526 0.9535
27.5062 0.9527 0.9536
27.5229 0.9527 0.9537
27.5397 0.9528 0.9537
27.5565 0.9529 0.9538
27.5733 0.9529 0.9539
27.5901 0.9530 0.9539
27.6069 0.9531 0.9540
27.6237 0.9531 0.9541
27.6405 0.9532 0.9541
27.6573 0.9533 0.9542
27.6741 0.9533 0.9542
27.6909 0.9534 0.9543
27.7077 0.9535 0.9544
27.7245 0.9535 0.9544
27.7412 0.9536 0.9545
27.7580 0.9537 0.9546
27.7748 0.9537 0.9546
27.7916 0.9538 0.9547
27.8084 0.9539 0.9548
27.8252 0.9539 0.9548
27.8420 0.9540 0.9549
27.8588 0.9541 0.9549
27.8756 0.9541 0.9550
27.8924 0.9542 0.9551
27.9092 0.9542 0.9551
27.9260 0.9543 0.9552
27.9428 0.9544 0.9553
27.9595 0.9544 0.9553
27.9763 0.9545 0.9554
27.9931 0.9546 0.9555
28.0099 0.9546 0.9555
28.0267 0.9547 0.9556
28.0435 0.9548 0.9556
28.0603 0.9548 0.9557
28.0771 0.9549 0.9558
28.0939 0.9549 0.9558
28.1107 0.9550 0.9559
28.1275 0.9551 0.9559
28.1443 0.9551 0.9560
28.1611 0.9552 0.9561
28.1779 0.9553 0.9561
28.1946 0.9553 0.9562
28.2114 0.9554 0.9562
28.2282 0.9554 0.9563
28.2450 0.9555 0.9564
28.2618 0.9556 0.9564
28.2786 0.9556 0.9565
28.2954 0.9557 0.9565
28.3122 0.9557 0.9566
28.3290 0.9558 0.9567
28.3458 0.9559 0.9567
28.3626 0.9559 0.9568
28.3794 0.9560 0.9568
28.3962 0.9560 0.9569
28.4129 0.9561 0.9570
28.4297 0.9562 0.9570
28.4465 0.9562 0.9571
28.4633 0.9563 0.9571
28.4801 0.9563 0.9572
28.4969 0.9564 0.9572
28.5137 0.9565 0.9573
28.5305 0.9565 0.9574
28.5473 0.9566 0.9574
28.5641 0.9566 0.9575
28.5809 0.9567 0.9575
28.5977 0.9568 0.9576
28.6145 0.9568 0.9576
28.6313 0.9569 0.9577
28.6480 0.9569 0.9578
28.6648 0.9570 0.9578
28.6816 0.9570 0.9579
28.6984 0.9571 0.9579
28.7152 0.9572 0.9580
28.7320 0.9572 0.9580
28.7488 0.9573 0.9581
28.7656 0.9573 0.9582
28.7824 0.9574 0.9582
28.7992 0.9574 0.9583
28.8160 0.9575 0.9583
28.8328 0.9576 0.9584
28.8496 0.9576 0.9584
28.8663 0.9577 0.9585
28.8831 0.9577 0.9585
28.8999 0.9578 0.9586
28.9167 0.9578 0.9586
28.9335 0.9579 0.9587
28.9503 0.9579 0.9588
28.9671 0.9580 0.9588
28.9839 0.9581 0.9589
29.0007 0.9581 0.9589
29.0175 0.9582 0.9590
29.0343 0.9582 0.9590
29.0511 0.9583 0.9591
29.0679 0.9583 0.9591
29.0846 0.9584 0.9592
29.1014 0.9584 0.9592
29.1182 0.9585 0.9593
29.1350 0.9586 0.9593
29.1518 0.9586 0.9594
29.1686 0.9587 0.9595
29.1854 0.9587 0.9595
29.2022 0.9588 0.9596
29.2190 0.9588 0.9596
29.2358 0.9589 0.9597
29.2526 0.9589 0.9597
29.2694 0.9590 0.9598
29.2862 0.9590 0.9598
29.3030 0.9591 0.9599
29.3197 0.9591 0.9599
29.3365 0.9592 0.9600
29.3533 0.9592 0.9600
29.3701 0.9593 0.9601
29.3869 0.9594 0.9601
29.4037 0.9594 0.9602
29.4205 0.9595 0.9602
29.4373 0.9595 0.9603
29.4541 0.9596 0.9603
29.4709 0.9596 0.9604
29.4877 0.9597 0.9604
29.5045 0.9597 0.9605
29.5213 0.9598 0.9605
29.5380 0.9598 0.9606
29.5548 0.9599 0.9606
29.5716 0.9599 0.9607
29.5884 0.9600 0.9607
29.6052 0.9600 0.9608
29.6220 0.9601 0.9608
29.6388 0.9601 0.9609
29.6556 0.9602 0.9609
29.6724 0.9602 0.9610
29.6892 0.9603 0.9610
29.7060 0.9603 0.9611
29.7228 0.9604 0.9611
29.7396 0.9604 0.9612
29.7563 0.9605 0.9612
29.7731 0.9605 0.9613
29.7899 0.9606 0.9613
29.8067 0.9606 0.9614
29.8235 0.9607 0.9614
29.8403 0.9607 0.9615
29.8571 0.9608 0.9615
29.8739 0.9608 0.9616
29.8907 0.9609 0.9616
29.9075 0.9609 0.9617
29.9243 0.9610 0.9617
29.9411 0.9610 0.9618
29.9579 0.9611 0.9618
29.9747 0.9611 0.9619
29.9914 0.9612 0.9619
30.0082 0.9612 0.9620
30.0250 0.9613 0.9620
30.0418 0.9613 0.9621
30.0586 0.9614 0.9621
30.0754 0.9614 0.9622
30.0922 0.9615 0.9622
30.1090 0.9615 0.9623
30.1258 0.9616 0.9623
30.1426 0.9616 0.9623
30.1594 0.9617 0.9624
30.1762 0.9617 0.9624
30.1930 0.9618 0.9625
30.2097 0.9618 0.9625
30.2265 0.9618 0.9626
30.2433 0.9619 0.9626
30.2601 0.9619 0.9627
30.2769 0.9620 0.9627
30.2937 0.9620 0.9628
30.3105 0.9621 0.9628
30.3273 0.9621 0.9629
30.3441 0.9622 0.9629
30.3609 0.9622 0.9629
30.3777 0.9623 0.9630
30.3945 0.9623 0.9630
30.4113 0.9624 0.9631
30.4280 0.9624 0.9631
30.4448 0.9625 0.9632
30.4616 0.9625 0.9632
30.4784 0.9625 0.9633
30.4952 0.9626 0.9633
30.5120 0.9626 0.9634
30.5288 0.9627 0.9634
30.5456 0.9627 0.9634
30.5624 0.9628 0.9635
30.5792 0.9628 0.9635
30.5960 0.9629 0.9636
30.6128 0.9629 0.9636
30.6296 0.9630 0.9637
30.6464 0.9630 0.9637
30.6631 0.9630 0.9638
30.6799 0.9631 0.9638
30.6967 0.9631 0.9638
30.7135 0.9632 0.9639
30.7303 0.9632 0.9639
30.7471 0.9633 0.9640
30.7639 0.9633 0.9640
30.7807 0.9634 0.9641
30.7975 0.9634 0.9641
30.8143 0.9635 0.9641
30.8311 0.9635 0.9642
30.8479 0.9635 0.9642
30.8647 0.9636 0.9643
30.8814 0.9636 0.9643
30.8982 0.9637 0.9644
30.9150 0.9637 0.9644
30.9318 0.9638 0.9645
30.9486 0.9638 0.9645
30.9654 0.9638 0.9645
30.9822 0.9639 0.9646
30.9990 0.9639 0.9646
31.0158 0.9640 0.9647
31.0326 0.9640 0.9647
31.0494 0.9641 0.9647
31.0662 0.9641 0.9648
31.0830 0.9641 0.9648
31.0998 0.9642 0.9649
31.1165 0.9642 0.9649
31.1333 0.9643 0.9650
31.1501 0.9643 0.9650
31.1669 0.9644 0.9650
31.1837 0.9644 0.9651
31.2005 0.9644 0.9651
31.2173 0.9645 0.9652
31.2341 0.9645 0.9652
31.2509 0.9646 0.9653
31.2677 0.9646 0.9653
31.2845 0.9647 0.9653
31.3013 0.9647 0.9654
31.3181 0.9647 0.9654
31.3348 0.9648 0.9655
31.3516 0.9648 0.9655
31.3684 0.9649 0.9655
31.3852 0.9649 0.9656
31.4020 0.9650 0.9656
31.4188 0.9650 0.9657
31.4356 0.9650 0.9657
31.4524 0.9651 0.9657
31.4692 0.9651 0.9658
31.4860 0.9652 0.9658
31.5028 0.9652 0.9659
31.5196 0.9652 0.9659
31.5364 0.9653 0.9659
31.5531 0.9653 0.9660
31.5699 0.9654 0.9660
31.5867 0.9654 0.9661
31.6035 0.9654 0.9661
31.6203 0.9655 0.9661
31.6371 0.9655 0.9662
31.6539 0.9656 0.9662
31.6707 0.9656 0.9663
31.6875 0.9656 0.9663
31.7043 0.9657 0.9663
31.7211 0.9657 0.9664
31.7379 0.9658 0.9664
31.7547 0.9658 0.9665
31.7715 0.9658 0.9665
31.7882 0.9659 0.9665
31.8050 0.9659 0.9666
31.8218 0.9660 0.9666
31.8386 0.9660 0.9667
31.8554 0.9660 0.9667
31.8722 0.9661 0.9667
31.8890 0.9661 0.9668
31.9058 0.9662 0.9668
31.9226 0.9662 0.9668
31.9394 0.9662 0.9669
31.9562 0.9663 0.9669
31.9730 0.9663 0.9670
31.9898 0.9664 0.9670
32.0065 0.9664 0.9670
32.0233 0.9664 0.9671
32.0401 0.9665 0.9671
32.0569 0.9665 0.9671
32.0737 0.9665 0.9672
32.0905 0.9666 0.9672
32.1073 0.9666 0.9673
32.1241 0.9667 0.9673
32.1409 0.9667 0.9673
32.1577 0.9667 0.9674
32.1745 0.9668 0.9674
32.1913 0.9668 0.9674
32.2081 0.9669 0.9675
32.2248 0.9669 0.9675
32.2416 0.9669 0.9676
32.2584 0.9670 0.9676
32.2752 0.9670 0.9676
32.2920 0.9670 0.9677
32.3088 0.9671 0.9677
32.3256 0.9671 0.9677
32.3424 0.9672 0.9678
32.3592 0.9672 0.9678
32.3760 0.9672 0.9679
32.3928 0.9673 0.9679
32.4096 0.9673 0.9679
32.4264 0.9673 0.9680
32.4432 0.9674 0.9680
32.4599 0.9674 0.9680
32.4767 0.9675 0.9681
32.4935 0.9675 0.9681
32.5103 0.9675 0.9681
32.5271 0.9676 0.9682
32.5439 0.9676 0.9682
32.5607 0.9676 0.9683
32.5775 0.9677 0.9683
32.5943 0.9677 0.9683
32.6111 0.9677 0.9684
32.6279 0.9678 0.9684
32.6447 0.9678 0.9684
32.6615 0.9679 0.9685
32.6782 0.9679 0.9685
32.6950 0.9679 0.9685
32.7118 0.9680 0.9686
32.7286 0.9680 0.9686
32.7454 0.9680 0.9686
32.7622 0.9681 0.9687
32.7790 0.9681 0.9687
32.7958 0.9681 0.9687
32.8126 0.9682 0.9688
32.8294 0.9682 0.9688
32.8462 0.9683 0.9689
32.8630 0.9683 0.9689
32.8798 0.9683 0.9689
32.8966 0.9684 0.9690
32.9133 0.9684 0.9690
32.9301 0.9684 0.9690
32.9469 0.9685 0.9691
32.9637 0.9685 0.9691
32.9805 0.9685 0.9691
32.9973 0.9686 0.9692
33.0141 0.9686 0.9692
33.0309 0.9686 0.9692
33.0477 0.9687 0.9693
33.0645 0.9687 0.9693
33.0813 0.9687 0.9693
33.0981 0.9688 0.9694
33.1149 0.9688 0.9694
33.1316 0.9688 0.9694
33.1484 0.9689 0.9695
33.1652 0.9689 0.9695
33.1820 0.9689 0.9695
33.1988 0.9690 0.9696
33.2156 0.9690 0.9696
33.2324 0.9691 0.9696
33.2492 0.9691 0.9697
33.2660 0.9691 0.9697
33.2828 0.9692 0.9697
33.2996 0.9692 0.9698
33.3164 0.9692 0.9698
33.3332 0.9693 0.9698
33.3499 0.9693 0.9699
33.3667 0.9693 0.9699
33.3835 0.9694 0.9699
33.4003 0.9694 0.9700
33.4171 0.9694 0.9700
33.4339 0.9695 0.9700
33.4507 0.9695 0.9701
33.4675 0.9695 0.9701
33.4843 0.9696 0.9701
33.5011 0.9696 0.9702
33.5179 0.9696 0.9702
33.5347 0.9697 0.9702
33.5515 0.9697 0.9703
33.5683 0.9697 0.9703
