0.0000 60.3377 55.9442
0.0188 60.0405 55.7012
0.0376 59.1584 54.9795
0.0564 57.7206 53.8013
0.0752 55.7734 52.2018
0.0940 53.3780 50.2278
0.1128 50.6072 47.9352
0.1316 47.5413 45.3858
0.1504 44.2645 42.6448
0.1692 40.8605 39.7775
0.1880 37.4093 36.8473
0.2068 33.9840 33.9125
0.2256 30.6485 31.0255
0.2444 27.4562 28.2309
0.2632 24.4488 25.5652
0.2820 21.6565 23.0563
0.3008 19.0984 20.7242
0.3196 16.7839 18.5810
0.3384 14.7134 16.6321
0.3572 12.8804 14.8768
0.3760 11.2726 13.3098
0.3948 9.8739 11.9218
0.4136 8.6657 10.7004
0.4324 7.6279 9.6313
0.4512 6.7403 8.6990
0.4700 5.9832 7.8872
0.4888 5.3382 7.1798
0.5076 4.7885 6.5613
0.5264 4.3192 6.0169
0.5452 3.9174 5.5334
0.5640 3.5723 5.0991
0.5829 3.2751 4.7040
0.6017 3.0186 4.3402
0.6205 2.7973 4.0014
0.6393 2.6070 3.6832
0.6581 2.4442 3.3827
0.6769 2.3066 3.0987
0.6957 2.1921 2.8307
0.7145 2.0987 2.5793
0.7333 2.0249 2.3454
0.7521 1.9686 2.1303
0.7709 1.9278 1.9348
0.7897 1.9002 1.7598
0.8085 1.8830 1.6053
0.8273 1.8735 1.4709
0.8461 1.8687 1.3553
0.8649 1.8653 1.2569
0.8837 1.8604 1.1732
0.9025 1.8511 1.1014
0.9213 1.8347 1.0386
0.9401 1.8090 0.9817
0.9589 1.7723 0.9277
0.9777 1.7234 0.8739
0.9965 1.6616 0.8182
1.0153 1.5869 0.7589
1.0341 1.4998 0.6950
1.0529 1.4012 0.6262
1.0717 1.2929 0.5528
1.0905 1.1764 0.4754
1.1093 1.0541 0.3955
1.1281 0.9282 0.3146
1.1469 0.8011 0.2344
1.1657 0.6749 0.1568
1.1845 0.5520 0.0834
1.2033 0.4342 0.0157
1.2221 0.3232 -0.0451
1.2409 0.2203 -0.0981
1.2597 0.1264 -0.1431
1.2785 0.0423 -0.1798
1.2973 -0.0318 -0.2087
1.3161 -0.0958 -0.2304
1.3349 -0.1500 -0.2456
1.3537 -0.1948 -0.2555
1.3725 -0.2309 -0.2613
1.3913 -0.2588 -0.2640
1.4101 -0.2795 -0.2650
1.4289 -0.2937 -0.2653
1.4477 -0.3022 -0.2658
1.4665 -0.3057 -0.2675
1.4853 -0.3050 -0.2709
1.5041 -0.3005 -0.2766
1.5229 -0.2929 -0.2847
1.5417 -0.2826 -0.2952
1.5605 -0.2697 -0.3080
1.5793 -0.2547 -0.3227
1.5981 -0.2375 -0.3387
1.6169 -0.2182 -0.3553
1.6357 -0.1969 -0.3719
1.6545 -0.1734 -0.3875
1.6733 -0.1479 -0.4015
1.6921 -0.1202 -0.4131
1.7110 -0.0904 -0.4217
1.7298 -0.0584 -0.4268
1.7486 -0.0245 -0.4281
1.7674 0.0112 -0.4254
1.7862 0.0485 -0.4187
1.8050 0.0871 -0.4082
1.8238 0.1265 -0.3942
1.8426 0.1664 -0.3770
1.8614 0.2062 -0.3570
1.8802 0.2455 -0.3347
1.8990 0.2836 -0.3106
1.9178 0.3200 -0.2851
1.9366 0.3541 -0.2586
1.9554 0.3853 -0.2315
1.9742 0.4130 -0.2040
1.9930 0.4367 -0.1764
2.0118 0.4560 -0.1488
2.0306 0.4705 -0.1215
2.0494 0.4799 -0.0945
2.0682 0.4842 -0.0680
2.0870 0.4832 -0.0422
2.1058 0.4771 -0.0172
2.1246 0.4663 0.0068
2.1434 0.4510 0.0296
2.1622 0.4320 0.0508
2.1810 0.4098 0.0703
2.1998 0.3853 0.0878
2.2186 0.3590 0.1032
2.2374 0.3319 0.1161
2.2562 0.3046 0.1266
2.2750 0.2778 0.1345
2.2938 0.2520 0.1399
2.3126 0.2274 0.1428
2.3314 0.2043 0.1435
2.3502 0.1827 0.1420
2.3690 0.1623 0.1386
2.3878 0.1426 0.1334
2.4066 0.1232 0.1267
2.4254 0.1034 0.1186
2.4442 0.0824 0.1091
2.4630 0.0595 0.0983
2.4818 0.0340 0.0861
2.5006 0.0053 0.0723
2.5194 -0.0270 0.0569
2.5382 -0.0632 0.0396
2.5570 -0.1032 0.0201
2.5758 -0.1468 -0.0016
2.5946 -0.1937 -0.0258
2.6134 -0.2431 -0.0525
2.6322 -0.2941 -0.0818
2.6510 -0.3459 -0.1136
2.6698 -0.3974 -0.1479
2.6886 -0.4475 -0.1843
2.7074 -0.4951 -0.2227
2.7262 -0.5394 -0.2627
2.7450 -0.5795 -0.3037
2.7638 -0.6148 -0.3454
2.7826 -0.6448 -0.3871
2.8014 -0.6692 -0.4283
2.8202 -0.6879 -0.4683
2.8391 -0.7009 -0.5064
2.8579 -0.7085 -0.5421
2.8767 -0.7110 -0.5746
2.8955 -0.7088 -0.6034
2.9143 -0.7024 -0.6279
2.9331 -0.6924 -0.6477
2.9519 -0.6792 -0.6626
2.9707 -0.6635 -0.6723
2.9895 -0.6456 -0.6767
3.0083 -0.6262 -0.6759
3.0271 -0.6055 -0.6703
3.0459 -0.5841 -0.6601
3.0647 -0.5622 -0.6458
3.0835 -0.5403 -0.6280
3.1023 -0.5185 -0.6074
3.1211 -0.4971 -0.5846
3.1399 -0.4764 -0.5602
3.1587 -0.4565 -0.5350
3.1775 -0.4377 -0.5095
3.1963 -0.4201 -0.4842
3.2151 -0.4038 -0.4596
3.2339 -0.3890 -0.4359
3.2527 -0.3757 -0.4134
3.2715 -0.3641 -0.3922
3.2903 -0.3541 -0.3723
3.3091 -0.3457 -0.3536
3.3279 -0.3388 -0.3360
3.3467 -0.3333 -0.3194
3.3655 -0.3290 -0.3035
3.3843 -0.3257 -0.2880
3.4031 -0.3232 -0.2729
3.4219 -0.3210 -0.2578
3.4407 -0.3190 -0.2427
3.4595 -0.3167 -0.2273
3.4783 -0.3138 -0.2117
3.4971 -0.3101 -0.1957
3.5159 -0.3052 -0.1793
3.5347 -0.2989 -0.1626
3.5535 -0.2911 -0.1457
3.5723 -0.2816 -0.1285
3.5911 -0.2703 -0.1112
3.6099 -0.2574 -0.0940
3.6287 -0.2428 -0.0769
3.6475 -0.2267 -0.0601
3.6663 -0.2093 -0.0438
3.6851 -0.1908 -0.0281
3.7039 -0.1714 -0.0132
3.7227 -0.1513 0.0009
3.7415 -0.1309 0.0140
3.7603 -0.1103 0.0260
3.7791 -0.0898 0.0369
3.7979 -0.0697 0.0467
3.8167 -0.0502 0.0553
3.8355 -0.0314 0.0628
3.8543 -0.0135 0.0692
3.8731 0.0033 0.0747
3.8919 0.0189 0.0794
3.9107 0.0331 0.0835
3.9295 0.0459 0.0871
3.9483 0.0573 0.0903
3.9672 0.0671 0.0935
3.9860 0.0754 0.0967
4.0048 0.0823 0.1000
4.0236 0.0879 0.1036
4.0424 0.0922 0.1077
4.0612 0.0954 0.1121
4.0800 0.0977 0.1170
4.0988 0.0993 0.1224
4.1176 0.1004 0.1282
4.1364 0.1013 0.1344
4.1552 0.1020 0.1410
4.1740 0.1028 0.1479
4.1928 0.1039 0.1550
4.2116 0.1054 0.1624
4.2304 0.1073 0.1698
4.2492 0.1098 0.1774
4.2680 0.1129 0.1850
4.2868 0.1166 0.1927
4.3056 0.1207 0.2004
4.3244 0.1254 0.2081
4.3432 0.1305 0.2158
4.3620 0.1359 0.2235
4.3808 0.1415 0.2310
4.3996 0.1473 0.2384
4.4184 0.1531 0.2456
4.4372 0.1589 0.2524
4.4560 0.1647 0.2588
4.4748 0.1703 0.2647
4.4936 0.1758 0.2700
4.5124 0.1810 0.2745
4.5312 0.1861 0.2782
4.5500 0.1909 0.2811
4.5688 0.1954 0.2830
4.5876 0.1998 0.2841
4.6064 0.2040 0.2845
4.6252 0.2080 0.2841
4.6440 0.2119 0.2831
4.6628 0.2158 0.2818
4.6816 0.2196 0.2803
4.7004 0.2235 0.2787
4.7192 0.2276 0.2773
4.7380 0.2317 0.2762
4.7568 0.2360 0.2756
4.7756 0.2405 0.2755
4.7944 0.2452 0.2761
4.8132 0.2500 0.2773
4.8320 0.2550 0.2792
4.8508 0.2600 0.2816
4.8696 0.2649 0.2845
4.8884 0.2698 0.2879
4.9072 0.2745 0.2915
4.9260 0.2790 0.2952
4.9448 0.2832 0.2990
4.9636 0.2871 0.3027
4.9824 0.2906 0.3062
5.0012 0.2938 0.3096
5.0200 0.2968 0.3127
5.0388 0.2995 0.3157
5.0576 0.3022 0.3185
5.0764 0.3050 0.3212
5.0953 0.3079 0.3238
5.1141 0.3113 0.3266
5.1329 0.3152 0.3294
5.1517 0.3197 0.3326
5.1705 0.3251 0.3360
5.1893 0.3314 0.3399
5.2081 0.3387 0.3443
5.2269 0.3470 0.3491
5.2457 0.3563 0.3545
5.2645 0.3667 0.3605
5.2833 0.3779 0.3670
5.3021 0.3899 0.3740
5.3209 0.4026 0.3815
5.3397 0.4158 0.3895
5.3585 0.4294 0.3979
5.3773 0.4431 0.4067
5.3961 0.4568 0.4158
5.4149 0.4703 0.4251
5.4337 0.4834 0.4346
5.4525 0.4960 0.4441
5.4713 0.5079 0.4538
5.4901 0.5190 0.4634
5.5089 0.5292 0.4730
5.5277 0.5384 0.4824
5.5465 0.5466 0.4917
5.5653 0.5538 0.5009
5.5841 0.5598 0.5098
5.6029 0.5648 0.5185
5.6217 0.5687 0.5270
5.6405 0.5717 0.5352
5.6593 0.5737 0.5431
5.6781 0.5748 0.5507
5.6969 0.5751 0.5579
5.7157 0.5747 0.5648
5.7345 0.5736 0.5712
5.7533 0.5719 0.5772
5.7721 0.5697 0.5828
5.7909 0.5670 0.5879
5.8097 0.5640 0.5924
5.8285 0.5607 0.5965
5.8473 0.5572 0.6000
5.8661 0.5536 0.6031
5.8849 0.5499 0.6057
5.9037 0.5463 0.6078
5.9225 0.5428 0.6096
5.9413 0.5396 0.6109
5.9601 0.5365 0.6118
5.9789 0.5337 0.6124
5.9977 0.5312 0.6125
6.0165 0.5289 0.6121
6.0353 0.5268 0.6111
6.0541 0.5250 0.6095
6.0729 0.5232 0.6071
6.0917 0.5214 0.6037
6.1105 0.5196 0.5993
6.1293 0.5177 0.5938
6.1481 0.5155 0.5869
6.1669 0.5131 0.5788
6.1857 0.5104 0.5693
6.2045 0.5074 0.5584
6.2234 0.5041 0.5464
6.2422 0.5006 0.5334
6.2610 0.4970 0.5195
6.2798 0.4934 0.5050
6.2986 0.4899 0.4902
6.3174 0.4866 0.4755
6.3362 0.4837 0.4612
6.3550 0.4814 0.4476
6.3738 0.4798 0.4350
6.3926 0.4789 0.4236
6.4114 0.4790 0.4137
6.4302 0.4801 0.4055
6.4490 0.4822 0.3989
6.4678 0.4853 0.3940
6.4866 0.4895 0.3909
6.5054 0.4948 0.3893
6.5242 0.5009 0.3893
6.5430 0.5080 0.3907
6.5618 0.5158 0.3933
6.5806 0.5243 0.3969
6.5994 0.5334 0.4015
6.6182 0.5429 0.4068
6.6370 0.5526 0.4128
6.6558 0.5625 0.4192
6.6746 0.5725 0.4261
6.6934 0.5824 0.4333
6.7122 0.5921 0.4408
6.7310 0.6016 0.4485
6.7498 0.6107 0.4563
6.7686 0.6194 0.4643
6.7874 0.6277 0.4723
6.8062 0.6355 0.4803
6.8250 0.6428 0.4884
6.8438 0.6495 0.4964
6.8626 0.6557 0.5043
6.8814 0.6614 0.5120
6.9002 0.6665 0.5195
6.9190 0.6712 0.5268
6.9378 0.6753 0.5338
6.9566 0.6790 0.5404
6.9754 0.6822 0.5466
6.9942 0.6849 0.5524
7.0130 0.6872 0.5577
7.0318 0.6891 0.5627
7.0506 0.6906 0.5671
7.0694 0.6917 0.5712
7.0882 0.6924 0.5748
7.1070 0.6928 0.5781
7.1258 0.6930 0.5810
7.1446 0.6928 0.5837
7.1634 0.6925 0.5862
7.1822 0.6920 0.5885
7.2010 0.6914 0.5907
7.2198 0.6908 0.5927
7.2386 0.6901 0.5947
7.2574 0.6894 0.5966
7.2762 0.6887 0.5985
7.2950 0.6881 0.6002
7.3138 0.6876 0.6019
7.3326 0.6873 0.6035
7.3515 0.6870 0.6049
7.3703 0.6868 0.6062
7.3891 0.6867 0.6073
7.4079 0.6868 0.6082
7.4267 0.6869 0.6090
7.4455 0.6870 0.6096
7.4643 0.6872 0.6100
7.4831 0.6875 0.6104
7.5019 0.6877 0.6106
7.5207 0.6880 0.6109
7.5395 0.6884 0.6112
7.5583 0.6887 0.6115
7.5771 0.6891 0.6121
7.5959 0.6896 0.6129
7.6147 0.6902 0.6140
7.6335 0.6909 0.6155
7.6523 0.6917 0.6174
7.6711 0.6927 0.6198
7.6899 0.6939 0.6227
7.7087 0.6952 0.6262
7.7275 0.6969 0.6302
7.7463 0.6987 0.6348
7.7651 0.7007 0.6400
7.7839 0.7030 0.6458
7.8027 0.7055 0.6521
7.8215 0.7081 0.6589
7.8403 0.7109 0.6661
7.8591 0.7138 0.6738
7.8779 0.7167 0.6819
7.8967 0.7197 0.6903
7.9155 0.7227 0.6990
7.9343 0.7256 0.7079
7.9531 0.7285 0.7169
7.9719 0.7313 0.7260
7.9907 0.7340 0.7351
8.0095 0.7366 0.7442
8.0283 0.7390 0.7532
8.0471 0.7413 0.7620
8.0659 0.7435 0.7705
8.0847 0.7455 0.7787
8.1035 0.7473 0.7864
8.1223 0.7490 0.7936
8.1411 0.7505 0.8003
8.1599 0.7519 0.8063
8.1787 0.7532 0.8115
8.1975 0.7543 0.8160
8.2163 0.7554 0.8197
8.2351 0.7565 0.8226
8.2539 0.7575 0.8246
8.2727 0.7585 0.8258
8.2915 0.7596 0.8263
8.3103 0.7608 0.8260
8.3291 0.7621 0.8251
8.3479 0.7636 0.8238
8.3667 0.7651 0.8219
8.3855 0.7669 0.8198
8.4043 0.7687 0.8175
8.4231 0.7707 0.8152
8.4419 0.7727 0.8128
8.4607 0.7748 0.8105
8.4796 0.7768 0.8084
8.4984 0.7788 0.8064
8.5172 0.7806 0.8046
8.5360 0.7822 0.8029
8.5548 0.7836 0.8014
8.5736 0.7848 0.8000
8.5924 0.7856 0.7986
8.6112 0.7861 0.7972
8.6300 0.7864 0.7956
8.6488 0.7865 0.7940
8.6676 0.7863 0.7921
8.6864 0.7861 0.7901
8.7052 0.7857 0.7878
8.7240 0.7855 0.7853
8.7428 0.7853 0.7827
8.7616 0.7853 0.7799
8.7804 0.7856 0.7771
8.7992 0.7862 0.7742
8.8180 0.7872 0.7714
8.8368 0.7887 0.7687
8.8556 0.7905 0.7662
8.8744 0.7928 0.7638
8.8932 0.7955 0.7617
8.9120 0.7986 0.7598
8.9308 0.8021 0.7582
8.9496 0.8058 0.7568
8.9684 0.8097 0.7556
8.9872 0.8138 0.7546
9.0060 0.8178 0.7536
9.0248 0.8219 0.7527
9.0436 0.8258 0.7518
9.0624 0.8295 0.7509
9.0812 0.8329 0.7499
9.1000 0.8360 0.7488
9.1188 0.8388 0.7476
9.1376 0.8411 0.7463
9.1564 0.8430 0.7450
9.1752 0.8444 0.7436
9.1940 0.8454 0.7423
9.2128 0.8460 0.7411
9.2316 0.8461 0.7400
9.2504 0.8459 0.7392
9.2692 0.8454 0.7385
9.2880 0.8445 0.7382
9.3068 0.8434 0.7381
9.3256 0.8421 0.7384
9.3444 0.8407 0.7390
9.3632 0.8392 0.7398
9.3820 0.8377 0.7410
9.4008 0.8362 0.7424
9.4196 0.8347 0.7440
9.4384 0.8334 0.7458
9.4572 0.8322 0.7476
9.4760 0.8311 0.7495
9.4948 0.8302 0.7515
9.5136 0.8295 0.7534
9.5324 0.8291 0.7552
9.5512 0.8288 0.7570
9.5700 0.8288 0.7586
9.5888 0.8290 0.7602
9.6076 0.8294 0.7617
9.6265 0.8299 0.7632
9.6453 0.8307 0.7646
9.6641 0.8315 0.7659
9.6829 0.8325 0.7673
9.7017 0.8334 0.7687
9.7205 0.8344 0.7702
9.7393 0.8353 0.7718
9.7581 0.8361 0.7735
9.7769 0.8368 0.7754
9.7957 0.8374 0.7774
9.8145 0.8377 0.7795
9.8333 0.8379 0.7819
9.8521 0.8379 0.7845
9.8709 0.8378 0.7873
9.8897 0.8376 0.7904
9.9085 0.8374 0.7937
9.9273 0.8371 0.7972
9.9461 0.8370 0.8011
9.9649 0.8370 0.8052
9.9837 0.8373 0.8096
10.0025 0.8378 0.8143
10.0213 0.8387 0.8193
10.0401 0.8400 0.8246
10.0589 0.8416 0.8302
10.0777 0.8438 0.8360
10.0965 0.8463 0.8420
10.1153 0.8492 0.8482
10.1341 0.8526 0.8546
10.1529 0.8562 0.8611
10.1717 0.8601 0.8676
10.1905 0.8643 0.8742
10.2093 0.8686 0.8807
10.2281 0.8730 0.8872
10.2469 0.8775 0.8936
10.2657 0.8820 0.8999
10.2845 0.8865 0.9060
10.3033 0.8910 0.9119
10.3221 0.8955 0.9176
10.3409 0.8999 0.9231
10.3597 0.9044 0.9284
10.3785 0.9089 0.9335
10.3973 0.9134 0.9384
10.4161 0.9181 0.9432
10.4349 0.9228 0.9478
10.4537 0.9277 0.9524
10.4725 0.9328 0.9569
10.4913 0.9380 0.9614
10.5101 0.9435 0.9659
10.5289 0.9491 0.9704
10.5477 0.9548 0.9750
10.5665 0.9607 0.9796
10.5853 0.9666 0.9843
10.6041 0.9726 0.9890
10.6229 0.9787 0.9937
10.6417 0.9846 0.9984
10.6605 0.9905 1.0030
10.6793 0.9962 1.0076
10.6981 1.0017 1.0119
10.7169 1.0069 1.0160
10.7357 1.0119 1.0199
10.7546 1.0165 1.0234
10.7734 1.0207 1.0265
10.7922 1.0246 1.0292
10.8110 1.0281 1.0313
10.8298 1.0311 1.0330
10.8486 1.0337 1.0340
10.8674 1.0358 1.0345
10.8862 1.0375 1.0343
10.9050 1.0388 1.0336
10.9238 1.0395 1.0322
10.9426 1.0399 1.0302
10.9614 1.0398 1.0276
10.9802 1.0392 1.0245
10.9990 1.0382 1.0208
11.0178 1.0368 1.0167
11.0366 1.0350 1.0122
11.0554 1.0328 1.0074
11.0742 1.0302 1.0023
11.0930 1.0272 0.9970
11.1118 1.0239 0.9916
11.1306 1.0201 0.9861
11.1494 1.0159 0.9805
11.1682 1.0114 0.9751
11.1870 1.0066 0.9696
11.2058 1.0014 0.9644
11.2246 0.9960 0.9592
11.2434 0.9903 0.9543
11.2622 0.9844 0.9495
11.2810 0.9784 0.9448
11.2998 0.9723 0.9404
11.3186 0.9663 0.9360
11.3374 0.9603 0.9318
11.3562 0.9545 0.9277
11.3750 0.9488 0.9236
11.3938 0.9434 0.9196
11.4126 0.9383 0.9154
11.4314 0.9335 0.9112
11.4502 0.9290 0.9069
11.4690 0.9249 0.9024
11.4878 0.9211 0.8977
11.5066 0.9176 0.8929
11.5254 0.9144 0.8878
11.5442 0.9114 0.8825
11.5630 0.9087 0.8769
11.5818 0.9061 0.8713
11.6006 0.9037 0.8654
11.6194 0.9013 0.8595
11.6382 0.8991 0.8535
11.6570 0.8969 0.8474
11.6758 0.8947 0.8414
11.6946 0.8925 0.8354
11.7134 0.8902 0.8295
11.7322 0.8880 0.8237
11.7510 0.8857 0.8180
11.7698 0.8834 0.8124
11.7886 0.8811 0.8071
11.8074 0.8787 0.8019
11.8262 0.8764 0.7968
11.8450 0.8740 0.7919
11.8638 0.8717 0.7872
11.8827 0.8694 0.7827
11.9015 0.8672 0.7783
11.9203 0.8651 0.7741
11.9391 0.8630 0.7701
11.9579 0.8610 0.7662
11.9767 0.8592 0.7626
11.9955 0.8574 0.7592
12.0143 0.8557 0.7559
12.0331 0.8541 0.7529
12.0519 0.8526 0.7501
12.0707 0.8511 0.7475
12.0895 0.8496 0.7451
12.1083 0.8482 0.7430
12.1271 0.8467 0.7410
12.1459 0.8452 0.7392
12.1647 0.8436 0.7375
12.1835 0.8420 0.7358
12.2023 0.8402 0.7342
12.2211 0.8382 0.7326
12.2399 0.8361 0.7308
12.2587 0.8338 0.7290
12.2775 0.8313 0.7270
12.2963 0.8285 0.7247
12.3151 0.8256 0.7222
12.3339 0.8223 0.7195
12.3527 0.8188 0.7164
12.3715 0.8150 0.7131
12.3903 0.8109 0.7095
12.4091 0.8066 0.7057
12.4279 0.8019 0.7016
12.4467 0.7970 0.6973
12.4655 0.7919 0.6929
12.4843 0.7864 0.6884
12.5031 0.7808 0.6838
12.5219 0.7749 0.6791
12.5407 0.7689 0.6744
12.5595 0.7626 0.6697
12.5783 0.7562 0.6650
12.5971 0.7496 0.6603
12.6159 0.7429 0.6556
12.6347 0.7360 0.6508
12.6535 0.7289 0.6461
12.6723 0.7217 0.6413
12.6911 0.7144 0.6365
12.7099 0.7069 0.6316
12.7287 0.6993 0.6267
12.7475 0.6916 0.6217
12.7663 0.6839 0.6167
12.7851 0.6760 0.6117
12.8039 0.6681 0.6067
12.8227 0.6603 0.6018
12.8415 0.6525 0.5968
12.8603 0.6448 0.5920
12.8791 0.6373 0.5873
12.8979 0.6300 0.5828
12.9167 0.6230 0.5784
12.9355 0.6163 0.5743
12.9543 0.6100 0.5703
12.9731 0.6042 0.5666
12.9919 0.5988 0.5632
13.0108 0.5938 0.5600
13.0296 0.5893 0.5570
13.0484 0.5852 0.5542
13.0672 0.5815 0.5517
13.0860 0.5782 0.5494
13.1048 0.5753 0.5472
13.1236 0.5726 0.5453
13.1424 0.5702 0.5435
13.1612 0.5679 0.5418
13.1800 0.5657 0.5402
13.1988 0.5635 0.5388
13.2176 0.5614 0.5374
13.2364 0.5591 0.5361
13.2552 0.5568 0.5348
13.2740 0.5543 0.5336
13.2928 0.5516 0.5323
13.3116 0.5487 0.5310
13.3304 0.5457 0.5297
13.3492 0.5424 0.5283
13.3680 0.5390 0.5269
13.3868 0.5355 0.5253
13.4056 0.5318 0.5236
13.4244 0.5281 0.5217
13.4432 0.5243 0.5197
13.4620 0.5205 0.5176
13.4808 0.5168 0.5153
13.4996 0.5131 0.5128
13.5184 0.5095 0.5103
13.5372 0.5060 0.5075
13.5560 0.5027 0.5047
13.5748 0.4996 0.5018
13.5936 0.4965 0.4988
13.6124 0.4937 0.4958
13.6312 0.4910 0.4928
13.6500 0.4884 0.4897
13.6688 0.4860 0.4866
13.6876 0.4836 0.4836
13.7064 0.4814 0.4806
13.7252 0.4792 0.4776
13.7440 0.4770 0.4746
13.7628 0.4749 0.4717
13.7816 0.4728 0.4688
13.8004 0.4707 0.4659
13.8192 0.4686 0.4630
13.8380 0.4666 0.4601
13.8568 0.4645 0.4571
13.8756 0.4624 0.4542
13.8944 0.4603 0.4512
13.9132 0.4582 0.4481
13.9320 0.4561 0.4450
13.9508 0.4539 0.4419
13.9696 0.4517 0.4387
13.9884 0.4494 0.4355
14.0072 0.4470 0.4323
14.0260 0.4445 0.4290
14.0448 0.4420 0.4258
14.0636 0.4393 0.4226
14.0824 0.4366 0.4195
14.1012 0.4337 0.4164
14.1200 0.4307 0.4134
14.1389 0.4276 0.4106
14.1577 0.4243 0.4079
14.1765 0.4210 0.4053
14.1953 0.4176 0.4029
14.2141 0.4141 0.4007
14.2329 0.4106 0.3986
14.2517 0.4069 0.3966
14.2705 0.4033 0.3948
14.2893 0.3996 0.3931
14.3081 0.3959 0.3915
14.3269 0.3923 0.3900
14.3457 0.3886 0.3886
14.3645 0.3849 0.3872
14.3833 0.3813 0.3858
14.4021 0.3776 0.3845
14.4209 0.3740 0.3831
14.4397 0.3704 0.3818
14.4585 0.3669 0.3804
14.4773 0.3633 0.3790
14.4961 0.3599 0.3776
14.5149 0.3564 0.3761
14.5337 0.3530 0.3746
14.5525 0.3497 0.3730
14.5713 0.3465 0.3715
14.5901 0.3433 0.3699
14.6089 0.3403 0.3683
14.6277 0.3374 0.3667
14.6465 0.3347 0.3651
14.6653 0.3321 0.3636
14.6841 0.3297 0.3621
14.7029 0.3276 0.3607
14.7217 0.3256 0.3593
14.7405 0.3238 0.3581
14.7593 0.3221 0.3569
14.7781 0.3207 0.3558
14.7969 0.3194 0.3549
14.8157 0.3183 0.3540
14.8345 0.3173 0.3532
14.8533 0.3165 0.3525
14.8721 0.3157 0.3520
14.8909 0.3149 0.3515
14.9097 0.3142 0.3511
14.9285 0.3135 0.3508
14.9473 0.3127 0.3506
14.9661 0.3120 0.3505
14.9849 0.3112 0.3504
15.0037 0.3103 0.3504
15.0225 0.3093 0.3505
15.0413 0.3083 0.3506
15.0601 0.3072 0.3508
15.0789 0.3061 0.3511
15.0977 0.3048 0.3514
15.1165 0.3035 0.3517
15.1353 0.3022 0.3521
15.1541 0.3008 0.3526
15.1729 0.2994 0.3531
15.1917 0.2980 0.3537
15.2105 0.2967 0.3543
15.2293 0.2953 0.3550
15.2481 0.2941 0.3557
15.2670 0.2929 0.3564
15.2858 0.2919 0.3572
15.3046 0.2910 0.3580
15.3234 0.2902 0.3588
15.3422 0.2896 0.3596
15.3610 0.2892 0.3605
15.3798 0.2889 0.3613
15.3986 0.2888 0.3621
15.4174 0.2889 0.3629
15.4362 0.2891 0.3637
15.4550 0.2895 0.3644
15.4738 0.2900 0.3651
15.4926 0.2906 0.3657
15.5114 0.2914 0.3663
15.5302 0.2922 0.3668
15.5490 0.2930 0.3673
15.5678 0.2940 0.3676
15.5866 0.2949 0.3680
15.6054 0.2959 0.3682
15.6242 0.2969 0.3685
15.6430 0.2978 0.3687
15.6618 0.2988 0.3689
15.6806 0.2998 0.3690
15.6994 0.3007 0.3692
15.7182 0.3016 0.3695
15.7370 0.3025 0.3697
15.7558 0.3034 0.3701
15.7746 0.3043 0.3705
15.7934 0.3052 0.3710
15.8122 0.3061 0.3715
15.8310 0.3070 0.3722
15.8498 0.3079 0.3730
15.8686 0.3088 0.3738
15.8874 0.3098 0.3748
15.9062 0.3108 0.3758
15.9250 0.3118 0.3769
15.9438 0.3129 0.3781
15.9626 0.3141 0.3794
15.9814 0.3153 0.3807
16.0002 0.3167 0.3820
16.0190 0.3181 0.3834
16.0378 0.3195 0.3848
16.0566 0.3211 0.3862
16.0754 0.3228 0.3876
16.0942 0.3245 0.3890
16.1130 0.3263 0.3904
16.1318 0.3282 0.3918
16.1506 0.3301 0.3932
16.1694 0.3321 0.3947
16.1882 0.3342 0.3961
16.2070 0.3363 0.3976
16.2258 0.3385 0.3991
16.2446 0.3406 0.4006
16.2634 0.3429 0.4022
16.2822 0.3451 0.4038
16.3010 0.3473 0.4054
16.3198 0.3496 0.4070
16.3386 0.3519 0.4087
16.3574 0.3542 0.4105
16.3762 0.3565 0.4123
16.3951 0.3588 0.4141
16.4139 0.3611 0.4159
16.4327 0.3634 0.4178
16.4515 0.3657 0.4197
16.4703 0.3679 0.4216
16.4891 0.3702 0.4235
16.5079 0.3724 0.4254
16.5267 0.3747 0.4273
16.5455 0.3769 0.4292
16.5643 0.3790 0.4310
16.5831 0.3812 0.4329
16.6019 0.3833 0.4347
16.6207 0.3854 0.4366
16.6395 0.3874 0.4383
16.6583 0.3894 0.4401
16.6771 0.3913 0.4418
16.6959 0.3932 0.4435
16.7147 0.3951 0.4451
16.7335 0.3969 0.4467
16.7523 0.3986 0.4483
16.7711 0.4002 0.4498
16.7899 0.4018 0.4514
16.8087 0.4034 0.4529
16.8275 0.4049 0.4544
16.8463 0.4063 0.4558
16.8651 0.4076 0.4573
16.8839 0.4090 0.4587
16.9027 0.4103 0.4601
16.9215 0.4115 0.4615
16.9403 0.4128 0.4629
16.9591 0.4141 0.4643
16.9779 0.4153 0.4656
16.9967 0.4166 0.4670
17.0155 0.4178 0.4683
17.0343 0.4191 0.4697
17.0531 0.4205 0.4710
17.0719 0.4218 0.4723
17.0907 0.4231 0.4737
17.1095 0.4245 0.4750
17.1283 0.4259 0.4763
17.1471 0.4273 0.4776
17.1659 0.4287 0.4790
17.1847 0.4301 0.4803
17.2035 0.4316 0.4816
17.2223 0.4330 0.4830
17.2411 0.4345 0.4843
17.2599 0.4359 0.4856
17.2787 0.4374 0.4870
17.2975 0.4389 0.4883
17.3163 0.4404 0.4897
17.3351 0.4419 0.4911
17.3539 0.4434 0.4925
17.3727 0.4449 0.4938
17.3915 0.4464 0.4952
17.4103 0.4480 0.4966
17.4291 0.4496 0.4980
17.4479 0.4512 0.4994
17.4667 0.4528 0.5008
17.4855 0.4544 0.5022
17.5043 0.4561 0.5036
17.5231 0.4577 0.5050
17.5420 0.4594 0.5064
17.5608 0.4611 0.5078
17.5796 0.4628 0.5092
17.5984 0.4645 0.5106
17.6172 0.4662 0.5120
17.6360 0.4680 0.5134
17.6548 0.4697 0.5148
17.6736 0.4715 0.5162
17.6924 0.4732 0.5176
17.7112 0.4750 0.5190
17.7300 0.4767 0.5203
17.7488 0.4785 0.5217
17.7676 0.4803 0.5231
17.7864 0.4820 0.5244
17.8052 0.4838 0.5258
17.8240 0.4856 0.5271
17.8428 0.4874 0.5284
17.8616 0.4892 0.5298
17.8804 0.4911 0.5311
17.8992 0.4929 0.5325
17.9180 0.4948 0.5339
17.9368 0.4967 0.5352
17.9556 0.4985 0.5366
17.9744 0.5004 0.5380
17.9932 0.5024 0.5394
18.0120 0.5043 0.5408
18.0308 0.5062 0.5423
18.0496 0.5081 0.5437
18.0684 0.5100 0.5451
18.0872 0.5119 0.5466
18.1060 0.5138 0.5480
18.1248 0.5156 0.5495
18.1436 0.5175 0.5509
18.1624 0.5193 0.5523
18.1812 0.5211 0.5538
18.2000 0.5228 0.5552
18.2188 0.5245 0.5566
18.2376 0.5262 0.5580
18.2564 0.5278 0.5594
18.2752 0.5294 0.5607
18.2940 0.5310 0.5621
18.3128 0.5325 0.5634
18.3316 0.5340 0.5648
18.3504 0.5355 0.5661
18.3692 0.5370 0.5674
18.3880 0.5384 0.5687
18.4068 0.5398 0.5700
18.4256 0.5413 0.5713
18.4444 0.5427 0.5725
18.4632 0.5441 0.5738
18.4820 0.5454 0.5751
18.5008 0.5468 0.5764
18.5196 0.5482 0.5777
18.5384 0.5495 0.5790
18.5572 0.5509 0.5803
18.5760 0.5523 0.5816
18.5948 0.5536 0.5829
18.6136 0.5549 0.5843
18.6324 0.5563 0.5856
18.6512 0.5576 0.5869
18.6701 0.5590 0.5883
18.6889 0.5603 0.5896
18.7077 0.5617 0.5910
18.7265 0.5630 0.5923
18.7453 0.5644 0.5937
18.7641 0.5658 0.5951
18.7829 0.5671 0.5965
18.8017 0.5685 0.5978
18.8205 0.5699 0.5992
18.8393 0.5712 0.6006
18.8581 0.5726 0.6020
18.8769 0.5740 0.6034
18.8957 0.5753 0.6047
18.9145 0.5767 0.6061
18.9333 0.5780 0.6075
18.9521 0.5794 0.6088
18.9709 0.5807 0.6102
18.9897 0.5820 0.6115
19.0085 0.5833 0.6128
19.0273 0.5846 0.6142
19.0461 0.5859 0.6155
19.0649 0.5872 0.6167
19.0837 0.5885 0.6180
19.1025 0.5898 0.6193
19.1213 0.5910 0.6205
19.1401 0.5923 0.6217
19.1589 0.5935 0.6229
19.1777 0.5947 0.6241
19.1965 0.5959 0.6253
19.2153 0.5972 0.6265
19.2341 0.5984 0.6277
19.2529 0.5995 0.6289
19.2717 0.6007 0.6300
19.2905 0.6019 0.6312
19.3093 0.6031 0.6323
19.3281 0.6042 0.6335
19.3469 0.6054 0.6346
19.3657 0.6065 0.6357
19.3845 0.6077 0.6368
19.4033 0.6088 0.6379
19.4221 0.6100 0.6390
19.4409 0.6111 0.6401
19.4597 0.6123 0.6412
19.4785 0.6135 0.6423
19.4973 0.6146 0.6434
19.5161 0.6158 0.6445
19.5349 0.6170 0.6456
19.5537 0.6182 0.6466
19.5725 0.6194 0.6477
19.5913 0.6206 0.6488
19.6101 0.6218 0.6498
19.6289 0.6230 0.6509
19.6477 0.6242 0.6519
19.6665 0.6254 0.6530
19.6853 0.6266 0.6540
19.7041 0.6278 0.6551
19.7229 0.6290 0.6561
19.7417 0.6302 0.6572
19.7605 0.6314 0.6582
19.7793 0.6326 0.6592
19.7982 0.6338 0.6603
19.8170 0.6349 0.6613
19.8358 0.6361 0.6623
19.8546 0.6373 0.6634
19.8734 0.6384 0.6644
19.8922 0.6396 0.6654
19.9110 0.6407 0.6664
19.9298 0.6418 0.6674
19.9486 0.6429 0.6684
19.9674 0.6440 0.6693
19.9862 0.6451 0.6703
20.0050 0.6462 0.6713
20.0238 0.6472 0.6722
20.0426 0.6483 0.6732
20.0614 0.6493 0.6741
20.0802 0.6504 0.6751
20.0990 0.6514 0.6760
20.1178 0.6524 0.6769
20.1366 0.6534 0.6779
20.1554 0.6544 0.6788
20.1742 0.6553 0.6797
20.1930 0.6563 0.6806
20.2118 0.6572 0.6816
20.2306 0.6582 0.6825
20.2494 0.6591 0.6834
20.2682 0.6601 0.6843
20.2870 0.6610 0.6852
20.3058 0.6619 0.6861
20.3246 0.6628 0.6870
20.3434 0.6637 0.6879
20.3622 0.6646 0.6889
20.3810 0.6655 0.6898
20.3998 0.6664 0.6906
20.4186 0.6673 0.6915
20.4374 0.6682 0.6924
20.4562 0.6691 0.6933
20.4750 0.6700 0.6942
20.4938 0.6708 0.6950
20.5126 0.6717 0.6959
20.5314 0.6726 0.6967
20.5502 0.6734 0.6976
20.5690 0.6743 0.6984
20.5878 0.6751 0.6992
20.6066 0.6760 0.7001
20.6254 0.6769 0.7009
20.6442 0.6777 0.7017
20.6630 0.6786 0.7025
20.6818 0.6794 0.7033
20.7006 0.6803 0.7041
20.7194 0.6812 0.7049
20.7382 0.6821 0.7057
20.7570 0.6829 0.7065
20.7758 0.6838 0.7073
20.7946 0.6847 0.7081
20.8134 0.6856 0.7089
20.8322 0.6864 0.7097
20.8510 0.6873 0.7105
20.8698 0.6882 0.7113
20.8886 0.6891 0.7121
20.9074 0.6899 0.7129
20.9263 0.6908 0.7136
20.9451 0.6917 0.7144
20.9639 0.6926 0.7152
20.9827 0.6934 0.7159
21.0015 0.6943 0.7167
21.0203 0.6951 0.7175
21.0391 0.6960 0.7182
21.0579 0.6968 0.7189
21.0767 0.6976 0.7197
21.0955 0.6985 0.7204
21.1143 0.6993 0.7211
21.1331 0.7001 0.7219
21.1519 0.7009 0.7226
21.1707 0.7017 0.7233
21.1895 0.7025 0.7240
21.2083 0.7033 0.7247
21.2271 0.7041 0.7254
21.2459 0.7049 0.7262
21.2647 0.7057 0.7269
21.2835 0.7065 0.7276
21.3023 0.7073 0.7283
21.3211 0.7081 0.7290
21.3399 0.7089 0.7297
21.3587 0.7097 0.7304
21.3775 0.7105 0.7311
21.3963 0.7113 0.7318
21.4151 0.7121 0.7325
21.4339 0.7129 0.7333
21.4527 0.7136 0.7340
21.4715 0.7144 0.7347
21.4903 0.7152 0.7354
21.5091 0.7160 0.7361
21.5279 0.7168 0.7368
21.5467 0.7175 0.7375
21.5655 0.7183 0.7382
21.5843 0.7191 0.7389
21.6031 0.7198 0.7396
21.6219 0.7206 0.7403
21.6407 0.7213 0.7410
21.6595 0.7221 0.7417
21.6783 0.7228 0.7424
21.6971 0.7235 0.7430
21.7159 0.7243 0.7437
21.7347 0.7250 0.7444
21.7535 0.7257 0.7450
21.7723 0.7264 0.7457
21.7911 0.7271 0.7463
21.8099 0.7278 0.7470
21.8287 0.7285 0.7476
21.8475 0.7292 0.7483
21.8663 0.7299 0.7489
21.8851 0.7306 0.7495
21.9039 0.7313 0.7502
21.9227 0.7320 0.7508
21.9415 0.7326 0.7514
21.9603 0.7333 0.7520
21.9791 0.7340 0.7527
21.9979 0.7346 0.7533
22.0167 0.7353 0.7539
22.0355 0.7360 0.7545
22.0544 0.7366 0.7551
22.0732 0.7373 0.7558
22.0920 0.7379 0.7564
22.1108 0.7386 0.7570
22.1296 0.7393 0.7576
22.1484 0.7399 0.7582
22.1672 0.7406 0.7588
22.1860 0.7412 0.7594
22.2048 0.7419 0.7601
22.2236 0.7425 0.7607
22.2424 0.7432 0.7613
22.2612 0.7438 0.7619
22.2800 0.7445 0.7624
22.2988 0.7451 0.7630
22.3176 0.7457 0.7636
22.3364 0.7464 0.7642
22.3552 0.7470 0.7648
22.3740 0.7476 0.7653
22.3928 0.7483 0.7659
22.4116 0.7489 0.7665
22.4304 0.7495 0.7670
22.4492 0.7501 0.7676
22.4680 0.7507 0.7682
22.4868 0.7513 0.7687
22.5056 0.7519 0.7693
22.5244 0.7525 0.7698
22.5432 0.7531 0.7704
22.5620 0.7537 0.7709
22.5808 0.7543 0.7714
22.5996 0.7549 0.7720
22.6184 0.7555 0.7725
22.6372 0.7560 0.7731
22.6560 0.7566 0.7736
22.6748 0.7572 0.7742
22.6936 0.7578 0.7747
22.7124 0.7583 0.7752
22.7312 0.7589 0.7758
22.7500 0.7594 0.7763
22.7688 0.7600 0.7768
22.7876 0.7605 0.7774
22.8064 0.7611 0.7779
22.8252 0.7616 0.7784
22.8440 0.7622 0.7790
22.8628 0.7627 0.7795
22.8816 0.7632 0.7800
22.9004 0.7638 0.7805
22.9192 0.7643 0.7810
22.9380 0.7649 0.7815
22.9568 0.7654 0.7820
22.9756 0.7659 0.7825
22.9944 0.7665 0.7830
23.0132 0.7670 0.7835
23.0320 0.7675 0.7840
23.0508 0.7680 0.7845
23.0696 0.7686 0.7849
23.0884 0.7691 0.7854
23.1072 0.7696 0.7858
23.1260 0.7701 0.7863
23.1448 0.7706 0.7867
23.1636 0.7711 0.7872
23.1825 0.7716 0.7876
23.2013 0.7722 0.7880
23.2201 0.7727 0.7885
23.2389 0.7732 0.7889
23.2577 0.7736 0.7893
23.2765 0.7741 0.7897
23.2953 0.7746 0.7901
23.3141 0.7751 0.7905
23.3329 0.7756 0.7909
23.3517 0.7761 0.7913
23.3705 0.7765 0.7917
23.3893 0.7770 0.7921
23.4081 0.7775 0.7925
23.4269 0.7779 0.7929
23.4457 0.7784 0.7933
23.4645 0.7789 0.7937
23.4833 0.7793 0.7941
23.5021 0.7798 0.7945
23.5209 0.7802 0.7948
23.5397 0.7807 0.7952
23.5585 0.7811 0.7956
23.5773 0.7816 0.7960
23.5961 0.7820 0.7963
23.6149 0.7825 0.7967
23.6337 0.7829 0.7971
23.6525 0.7833 0.7974
23.6713 0.7838 0.7978
23.6901 0.7842 0.7982
23.7089 0.7846 0.7985
23.7277 0.7851 0.7989
23.7465 0.7855 0.7993
23.7653 0.7859 0.7996
23.7841 0.7863 0.8000
23.8029 0.7867 0.8004
23.8217 0.7871 0.8007
23.8405 0.7875 0.8011
23.8593 0.7879 0.8015
23.8781 0.7883 0.8018
23.8969 0.7887 0.8022
23.9157 0.7891 0.8026
23.9345 0.7895 0.8029
23.9533 0.7899 0.8033
23.9721 0.7902 0.8036
23.9909 0.7906 0.8040
24.0097 0.7910 0.8044
24.0285 0.7914 0.8047
24.0473 0.7918 0.8051
24.0661 0.7921 0.8054
24.0849 0.7925 0.8058
24.1037 0.7929 0.8062
24.1225 0.7933 0.8065
24.1413 0.7937 0.8069
24.1601 0.7941 0.8072
24.1789 0.7944 0.8076
24.1977 0.7948 0.8080
24.2165 0.7952 0.8083
24.2353 0.7956 0.8087
24.2541 0.7959 0.8090
24.2729 0.7963 0.8094
24.2917 0.7967 0.8098
24.3106 0.7971 0.8101
24.3294 0.7974 0.8105
24.3482 0.7978 0.8108
24.3670 0.7982 0.8112
24.3858 0.7985 0.8115
24.4046 0.7989 0.8119
24.4234 0.7993 0.8122
24.4422 0.7996 0.8126
24.4610 0.8000 0.8129
24.4798 0.8004 0.8133
24.4986 0.8007 0.8137
24.5174 0.8011 0.8140
24.5362 0.8014 0.8144
24.5550 0.8018 0.8147
24.5738 0.8021 0.8151
24.5926 0.8025 0.8154
24.6114 0.8029 0.8157
24.6302 0.8032 0.8161
24.6490 0.8036 0.8164
24.6678 0.8039 0.8168
24.6866 0.8043 0.8171
24.7054 0.8046 0.8174
24.7242 0.8050 0.8178
24.7430 0.8054 0.8181
24.7618 0.8057 0.8184
24.7806 0.8061 0.8188
24.7994 0.8064 0.8191
24.8182 0.8068 0.8194
24.8370 0.8072 0.8197
24.8558 0.8075 0.8200
24.8746 0.8079 0.8204
24.8934 0.8083 0.8207
24.9122 0.8086 0.8210
24.9310 0.8090 0.8213
24.9498 0.8093 0.8216
24.9686 0.8097 0.8219
24.9874 0.8101 0.8222
25.0062 0.8104 0.8226
25.0250 0.8108 0.8229
25.0438 0.8111 0.8232
25.0626 0.8115 0.8235
25.0814 0.8118 0.8238
25.1002 0.8122 0.8241
25.1190 0.8125 0.8245
25.1378 0.8129 0.8248
25.1566 0.8132 0.8251
25.1754 0.8136 0.8254
25.1942 0.8139 0.8258
25.2130 0.8143 0.8261
25.2318 0.8146 0.8264
25.2506 0.8150 0.8267
25.2694 0.8153 0.8271
25.2882 0.8157 0.8274
25.3070 0.8160 0.8277
25.3258 0.8164 0.8281
25.3446 0.8167 0.8284
25.3634 0.8170 0.8287
25.3822 0.8174 0.8290
25.4010 0.8177 0.8294
25.4198 0.8181 0.8297
25.4387 0.8184 0.8300
25.4575 0.8188 0.8304
25.4763 0.8191 0.8307
25.4951 0.8195 0.8310
25.5139 0.8199 0.8313
25.5327 0.8202 0.8316
25.5515 0.8206 0.8320
25.5703 0.8209 0.8323
25.5891 0.8213 0.8326
25.6079 0.8216 0.8329
25.6267 0.8220 0.8332
25.6455 0.8223 0.8336
25.6643 0.8227 0.8339
25.6831 0.8230 0.8342
25.7019 0.8233 0.8345
25.7207 0.8237 0.8348
25.7395 0.8240 0.8351
25.7583 0.8244 0.8354
25.7771 0.8247 0.8357
25.7959 0.8250 0.8361
25.8147 0.8254 0.8364
25.8335 0.8257 0.8367
25.8523 0.8260 0.8370
25.8711 0.8263 0.8373
25.8899 0.8266 0.8376
25.9087 0.8269 0.8379
25.9275 0.8273 0.8382
25.9463 0.8276 0.8385
25.9651 0.8279 0.8388
25.9839 0.8282 0.8391
26.0027 0.8285 0.8394
26.0215 0.8288 0.8397
26.0403 0.8291 0.8400
26.0591 0.8294 0.8403
26.0779 0.8297 0.8406
26.0967 0.8300 0.8409
26.1155 0.8303 0.8411
26.1343 0.8306 0.8414
26.1531 0.8309 0.8417
26.1719 0.8312 0.8420
26.1907 0.8314 0.8422
26.2095 0.8317 0.8425
26.2283 0.8320 0.8428
26.2471 0.8323 0.8431
26.2659 0.8326 0.8433
26.2847 0.8329 0.8436
26.3035 0.8332 0.8438
26.3223 0.8334 0.8441
26.3411 0.8337 0.8444
26.3599 0.8340 0.8446
26.3787 0.8343 0.8449
26.3975 0.8346 0.8451
26.4163 0.8348 0.8454
26.4351 0.8351 0.8456
26.4539 0.8354 0.8459
26.4727 0.8357 0.8461
26.4915 0.8360 0.8464
26.5103 0.8362 0.8466
26.5291 0.8365 0.8469
26.5479 0.8368 0.8472
26.5667 0.8370 0.8474
26.5856 0.8373 0.8477
26.6044 0.8376 0.8479
26.6232 0.8379 0.8482
26.6420 0.8381 0.8484
26.6608 0.8384 0.8487
26.6796 0.8387 0.8489
26.6984 0.8389 0.8492
26.7172 0.8392 0.8494
26.7360 0.8395 0.8497
26.7548 0.8397 0.8499
26.7736 0.8400 0.8502
26.7924 0.8403 0.8504
26.8112 0.8405 0.8507
26.8300 0.8408 0.8509
26.8488 0.8411 0.8512
26.8676 0.8414 0.8514
26.8864 0.8416 0.8517
26.9052 0.8419 0.8519
26.9240 0.8422 0.8522
26.9428 0.8424 0.8524
26.9616 0.8427 0.8527
26.9804 0.8430 0.8529
26.9992 0.8432 0.8532
27.0180 0.8435 0.8534
27.0368 0.8438 0.8537
27.0556 0.8440 0.8539
27.0744 0.8443 0.8542
27.0932 0.8446 0.8544
27.1120 0.8448 0.8547
27.1308 0.8451 0.8549
27.1496 0.8454 0.8551
27.1684 0.8456 0.8554
27.1872 0.8459 0.8556
27.2060 0.8462 0.8559
27.2248 0.8464 0.8561
27.2436 0.8467 0.8564
27.2624 0.8470 0.8566
27.2812 0.8472 0.8569
27.3000 0.8475 0.8571
27.3188 0.8478 0.8573
27.3376 0.8480 0.8576
27.3564 0.8483 0.8578
27.3752 0.8486 0.8581
27.3940 0.8488 0.8583
27.4128 0.8491 0.8586
27.4316 0.8494 0.8588
27.4504 0.8496 0.8590
27.4692 0.8499 0.8593
27.4880 0.8502 0.8595
27.5068 0.8504 0.8598
27.5256 0.8507 0.8600
27.5444 0.8509 0.8602
27.5632 0.8512 0.8605
27.5820 0.8515 0.8607
27.6008 0.8517 0.8610
27.6196 0.8520 0.8612
27.6384 0.8522 0.8614
27.6572 0.8525 0.8617
27.6760 0.8527 0.8619
27.6948 0.8530 0.8621
27.7137 0.8533 0.8624
27.7325 0.8535 0.8626
27.7513 0.8538 0.8629
27.7701 0.8540 0.8631
27.7889 0.8543 0.8633
27.8077 0.8545 0.8636
27.8265 0.8548 0.8638
27.8453 0.8550 0.8640
27.8641 0.8552 0.8643
27.8829 0.8555 0.8645
27.9017 0.8557 0.8647
27.9205 0.8560 0.8650
27.9393 0.8562 0.8652
27.9581 0.8565 0.8654
27.9769 0.8567 0.8656
27.9957 0.8569 0.8659
28.0145 0.8572 0.8661
28.0333 0.8574 0.8663
28.0521 0.8577 0.8666
28.0709 0.8579 0.8668
28.0897 0.8581 0.8670
28.1085 0.8584 0.8672
28.1273 0.8586 0.8674
28.1461 0.8588 0.8677
28.1649 0.8591 0.8679
28.1837 0.8593 0.8681
28.2025 0.8595 0.8683
28.2213 0.8598 0.8685
28.2401 0.8600 0.8688
28.2589 0.8602 0.8690
28.2777 0.8605 0.8692
28.2965 0.8607 0.8694
28.3153 0.8609 0.8696
28.3341 0.8611 0.8698
28.3529 0.8614 0.8700
28.3717 0.8616 0.8702
28.3905 0.8618 0.8705
28.4093 0.8621 0.8707
28.4281 0.8623 0.8709
28.4469 0.8625 0.8711
28.4657 0.8627 0.8713
28.4845 0.8630 0.8715
28.5033 0.8632 0.8717
28.5221 0.8634 0.8719
28.5409 0.8636 0.8721
28.5597 0.8639 0.8723
28.5785 0.8641 0.8725
28.5973 0.8643 0.8727
28.6161 0.8645 0.8729
28.6349 0.8647 0.8731
28.6537 0.8650 0.8733
28.6725 0.8652 0.8735
28.6913 0.8654 0.8737
28.7101 0.8656 0.8739
28.7289 0.8658 0.8741
28.7477 0.8660 0.8743
28.7665 0.8663 0.8745
28.7853 0.8665 0.8747
28.8041 0.8667 0.8749
28.8229 0.8669 0.8751
28.8418 0.8671 0.8753
28.8606 0.8673 0.8755
28.8794 0.8675 0.8757
28.8982 0.8678 0.8759
28.9170 0.8680 0.8761
28.9358 0.8682 0.8763
28.9546 0.8684 0.8765
28.9734 0.8686 0.8767
28.9922 0.8688 0.8769
29.0110 0.8690 0.8771
29.0298 0.8692 0.8773
29.0486 0.8695 0.8775
29.0674 0.8697 0.8777
29.0862 0.8699 0.8779
29.1050 0.8701 0.8781
29.1238 0.8703 0.8783
29.1426 0.8705 0.8785
29.1614 0.8707 0.8787
29.1802 0.8709 0.8789
29.1990 0.8711 0.8790
29.2178 0.8713 0.8792
29.2366 0.8715 0.8794
29.2554 0.8717 0.8796
29.2742 0.8719 0.8798
29.2930 0.8721 0.8800
29.3118 0.8723 0.8802
29.3306 0.8725 0.8804
29.3494 0.8727 0.8805
29.3682 0.8729 0.8807
29.3870 0.8731 0.8809
29.4058 0.8733 0.8811
29.4246 0.8735 0.8813
29.4434 0.8737 0.8815
29.4622 0.8739 0.8817
29.4810 0.8741 0.8818
29.4998 0.8743 0.8820
29.5186 0.8745 0.8822
29.5374 0.8747 0.8824
29.5562 0.8749 0.8826
29.5750 0.8751 0.8827
29.5938 0.8753 0.8829
29.6126 0.8755 0.8831
29.6314 0.8757 0.8833
29.6502 0.8758 0.8835
29.6690 0.8760 0.8836
29.6878 0.8762 0.8838
29.7066 0.8764 0.8840
29.7254 0.8766 0.8842
29.7442 0.8768 0.8843
29.7630 0.8770 0.8845
29.7818 0.8772 0.8847
29.8006 0.8774 0.8849
29.8194 0.8776 0.8850
29.8382 0.8777 0.8852
29.8570 0.8779 0.8854
29.8758 0.8781 0.8856
29.8946 0.8783 0.8857
29.9134 0.8785 0.8859
29.9322 0.8787 0.8861
29.9510 0.8789 0.8863
29.9699 0.8790 0.8864
29.9887 0.8792 0.8866
30.0075 0.8794 0.8868
30.0263 0.8796 0.8869
30.0451 0.8798 0.8871
30.0639 0.8800 0.8873
30.0827 0.8801 0.8874
30.1015 0.8803 0.8876
30.1203 0.8805 0.8878
30.1391 0.8807 0.8879
30.1579 0.8809 0.8881
30.1767 0.8810 0.8883
30.1955 0.8812 0.8884
30.2143 0.8814 0.8886
30.2331 0.8816 0.8888
30.2519 0.8817 0.8889
30.2707 0.8819 0.8891
30.2895 0.8821 0.8893
30.3083 0.8823 0.8894
30.3271 0.8825 0.8896
30.3459 0.8826 0.8897
30.3647 0.8828 0.8899
30.3835 0.8830 0.8901
30.4023 0.8832 0.8902
30.4211 0.8833 0.8904
30.4399 0.8835 0.8906
30.4587 0.8837 0.8907
30.4775 0.8838 0.8909
30.4963 0.8840 0.8910
30.5151 0.8842 0.8912
30.5339 0.8844 0.8914
30.5527 0.8845 0.8915
30.5715 0.8847 0.8917
30.5903 0.8849 0.8918
30.6091 0.8850 0.8920
30.6279 0.8852 0.8921
30.6467 0.8854 0.8923
30.6655 0.8856 0.8925
30.6843 0.8857 0.8926
30.7031 0.8859 0.8928
30.7219 0.8861 0.8929
30.7407 0.8862 0.8931
30.7595 0.8864 0.8932
30.7783 0.8866 0.8934
30.7971 0.8867 0.8936
30.8159 0.8869 0.8937
30.8347 0.8870 0.8939
30.8535 0.8872 0.8940
30.8723 0.8874 0.8942
30.8911 0.8875 0.8943
30.9099 0.8877 0.8945
30.9287 0.8879 0.8946
30.9475 0.8880 0.8948
30.9663 0.8882 0.8949
30.9851 0.8884 0.8951
31.0039 0.8885 0.8952
31.0227 0.8887 0.8954
31.0415 0.8888 0.8955
31.0603 0.8890 0.8957
31.0791 0.8892 0.8958
31.0980 0.8893 0.8960
31.1168 0.8895 0.8961
31.1356 0.8896 0.8963
31.1544 0.8898 0.8964
31.1732 0.8899 0.8966
31.1920 0.8901 0.8967
31.2108 0.8903 0.8969
31.2296 0.8904 0.8970
31.2484 0.8906 0.8972
31.2672 0.8907 0.8973
31.2860 0.8909 0.8974
31.3048 0.8910 0.8976
31.3236 0.8912 0.8977
31.3424 0.8913 0.8979
31.3612 0.8915 0.8980
31.3800 0.8917 0.8982
31.3988 0.8918 0.8983
31.4176 0.8920 0.8984
31.4364 0.8921 0.8986
31.4552 0.8923 0.8987
31.4740 0.8924 0.8989
31.4928 0.8926 0.8990
31.5116 0.8927 0.8992
31.5304 0.8929 0.8993
31.5492 0.8930 0.8994
31.5680 0.8932 0.8996
31.5868 0.8933 0.8997
31.6056 0.8935 0.8999
31.6244 0.8936 0.9000
31.6432 0.8938 0.9001
31.6620 0.8939 0.9003
31.6808 0.8941 0.9004
31.6996 0.8942 0.9006
31.7184 0.8944 0.9007
31.7372 0.8945 0.9008
31.7560 0.8946 0.9010
31.7748 0.8948 0.9011
31.7936 0.8949 0.9012
31.8124 0.8951 0.9014
31.8312 0.8952 0.9015
31.8500 0.8954 0.9016
31.8688 0.8955 0.9018
31.8876 0.8957 0.9019
31.9064 0.8958 0.9020
31.9252 0.8959 0.9022
31.9440 0.8961 0.9023
31.9628 0.8962 0.9024
31.9816 0.8964 0.9026
32.0004 0.8965 0.9027
32.0192 0.8967 0.9028
32.0380 0.8968 0.9030
32.0568 0.8969 0.9031
32.0756 0.8971 0.9032
32.0944 0.8972 0.9034
32.1132 0.8974 0.9035
32.1320 0.8975 0.9036
32.1508 0.8976 0.9038
32.1696 0.8978 0.9039
32.1884 0.8979 0.9040
32.2072 0.8981 0.9041
32.2261 0.8982 0.9043
32.2449 0.8983 0.9044
32.2637 0.8985 0.9045
32.2825 0.8986 0.9047
32.3013 0.8987 0.9048
32.3201 0.8989 0.9049
32.3389 0.8990 0.9050
32.3577 0.8991 0.9052
32.3765 0.8993 0.9053
32.3953 0.8994 0.9054
32.4141 0.8996 0.9055
32.4329 0.8997 0.9057
32.4517 0.8998 0.9058
32.4705 0.9000 0.9059
32.4893 0.9001 0.9061
32.5081 0.9002 0.9062
32.5269 0.9004 0.9063
32.5457 0.9005 0.9064
32.5645 0.9006 0.9065
32.5833 0.9008 0.9067
32.6021 0.9009 0.9068
32.6209 0.9010 0.9069
32.6397 0.9011 0.9070
32.6585 0.9013 0.9072
32.6773 0.9014 0.9073
32.6961 0.9015 0.9074
32.7149 0.9017 0.9075
32.7337 0.9018 0.9077
32.7525 0.9019 0.9078
32.7713 0.9021 0.9079
32.7901 0.9022 0.9080
32.8089 0.9023 0.9081
32.8277 0.9024 0.9083
32.8465 0.9026 0.9084
32.8653 0.9027 0.9085
32.8841 0.9028 0.9086
32.9029 0.9030 0.9087
32.9217 0.9031 0.9089
32.9405 0.9032 0.9090
32.9593 0.9033 0.9091
32.9781 0.9035 0.9092
32.9969 0.9036 0.9093
33.0157 0.9037 0.9094
33.0345 0.9038 0.9096
33.0533 0.9040 0.9097
33.0721 0.9041 0.9098
33.0909 0.9042 0.9099
33.1097 0.9043 0.9100
33.1285 0.9045 0.9101
33.1473 0.9046 0.9103
33.1661 0.9047 0.9104
33.1849 0.9048 0.9105
33.2037 0.9050 0.9106
33.2225 0.9051 0.9107
33.2413 0.9052 0.9108
33.2601 0.9053 0.9110
33.2789 0.9054 0.9111
33.2977 0.9056 0.9112
33.3165 0.9057 0.9113
33.3353 0.9058 0.9114
33.3542 0.9059 0.9115
33.3730 0.9061 0.9116
33.3918 0.9062 0.9117
33.4106 0.9063 0.9119
33.4294 0.9064 0.9120
33.4482 0.9065 0.9121
33.4670 0.9067 0.9122
33.4858 0.9068 0.9123
33.5046 0.9069 0.9124
33.5234 0.9070 0.9125
33.5422 0.9071 0.9126
33.5610 0.9073 0.9128
33.5798 0.9074 0.9129
33.5986 0.9075 0.9130
33.6174 0.9076 0.9131
33.6362 0.9077 0.9132
33.6550 0.9078 0.9133
33.6738 0.9080 0.9134
33.6926 0.9081 0.9135
33.7114 0.9082 0.9136
33.7302 0.9083 0.9137
33.7490 0.9084 0.9138
33.7678 0.9085 0.9140
33.7866 0.9087 0.9141
33.8054 0.9088 0.9142
33.8242 0.9089 0.9143
33.8430 0.9090 0.9144
33.8618 0.9091 0.9145
33.8806 0.9092 0.9146
33.8994 0.9093 0.9147
33.9182 0.9095 0.9148
33.9370 0.9096 0.9149
33.9558 0.9097 0.9150
33.9746 0.9098 0.9151
33.9934 0.9099 0.9152
34.0122 0.9100 0.9153
34.0310 0.9101 0.9154
34.0498 0.9102 0.9156
34.0686 0.9104 0.9157
34.0874 0.9105 0.9158
34.1062 0.9106 0.9159
34.1250 0.9107 0.9160
34.1438 0.9108 0.9161
34.1626 0.9109 0.9162
34.1814 0.9110 0.9163
34.2002 0.9111 0.9164
34.2190 0.9112 0.9165
34.2378 0.9114 0.9166
34.2566 0.9115 0.9167
34.2754 0.9116 0.9168
34.2942 0.9117 0.9169
34.3130 0.9118 0.9170
34.3318 0.9119 0.9171
34.3506 0.9120 0.9172
34.3694 0.9121 0.9173
34.3882 0.9122 0.9174
34.4070 0.9123 0.9175
34.4258 0.9124 0.9176
34.4446 0.9126 0.9177
34.4634 0.9127 0.9178
34.4822 0.9128 0.9179
34.5011 0.9129 0.9180
34.5199 0.9130 0.9181
34.5387 0.9131 0.9182
34.5575 0.9132 0.9183
34.5763 0.9133 0.9184
34.5951 0.9134 0.9185
34.6139 0.9135 0.9186
34.6327 0.9136 0.9187
34.6515 0.9137 0.9188
34.6703 0.9138 0.9189
34.6891 0.9139 0.9190
34.7079 0.9140 0.9191
34.7267 0.9141 0.9192
34.7455 0.9142 0.9193
34.7643 0.9144 0.9194
34.7831 0.9145 0.9195
34.8019 0.9146 0.9196
34.8207 0.9147 0.9197
34.8395 0.9148 0.9198
34.8583 0.9149 0.9199
34.8771 0.9150 0.9200
34.8959 0.9151 0.9201
34.9147 0.9152 0.9202
34.9335 0.9153 0.9203
34.9523 0.9154 0.9204
34.9711 0.9155 0.9205
34.9899 0.9156 0.9206
35.0087 0.9157 0.9207
35.0275 0.9158 0.9207
35.0463 0.9159 0.9208
35.0651 0.9160 0.9209
35.0839 0.9161 0.9210
35.1027 0.9162 0.9211
35.1215 0.9163 0.9212
35.1403 0.9164 0.9213
35.1591 0.9165 0.9214
35.1779 0.9166 0.9215
35.1967 0.9167 0.9216
35.2155 0.9168 0.9217
35.2343 0.9169 0.9218
35.2531 0.9170 0.9219
35.2719 0.9171 0.9220
35.2907 0.9172 0.9221
35.3095 0.9173 0.9221
35.3283 0.9174 0.9222
35.3471 0.9175 0.9223
35.3659 0.9176 0.9224
35.3847 0.9177 0.9225
35.4035 0.9178 0.9226
35.4223 0.9179 0.9227
35.4411 0.9180 0.9228
35.4599 0.9181 0.9229
35.4787 0.9182 0.9230
35.4975 0.9183 0.9231
35.5163 0.9184 0.9232
35.5351 0.9185 0.9232
35.5539 0.9186 0.9233
35.5727 0.9186 0.9234
35.5915 0.9187 0.9235
35.6103 0.9188 0.9236
35.6292 0.9189 0.9237
35.6480 0.9190 0.9238
35.6668 0.9191 0.9239
35.6856 0.9192 0.9240
35.7044 0.9193 0.9240
35.7232 0.9194 0.9241
35.7420 0.9195 0.9242
35.7608 0.9196 0.9243
35.7796 0.9197 0.9244
35.7984 0.9198 0.9245
35.8172 0.9199 0.9246
35.8360 0.9200 0.9247
35.8548 0.9201 0.9248
35.8736 0.9202 0.9248
35.8924 0.9203 0.9249
35.9112 0.9203 0.9250
35.9300 0.9204 0.9251
35.9488 0.9205 0.9252
35.9676 0.9206 0.9253
35.9864 0.9207 0.9254
36.0052 0.9208 0.9254
36.0240 0.9209 0.9255
36.0428 0.9210 0.9256
36.0616 0.9211 0.9257
36.0804 0.9212 0.9258
36.0992 0.9213 0.9259
36.1180 0.9214 0.9260
36.1368 0.9214 0.9260
36.1556 0.9215 0.9261
36.1744 0.9216 0.9262
36.1932 0.9217 0.9263
36.2120 0.9218 0.9264
36.2308 0.9219 0.9265
36.2496 0.9220 0.9266
36.2684 0.9221 0.9266
36.2872 0.9222 0.9267
36.3060 0.9223 0.9268
36.3248 0.9223 0.9269
36.3436 0.9224 0.9270
36.3624 0.9225 0.9271
36.3812 0.9226 0.9271
36.4000 0.9227 0.9272
36.4188 0.9228 0.9273
36.4376 0.9229 0.9274
36.4564 0.9230 0.9275
36.4752 0.9231 0.9276
36.4940 0.9231 0.9276
36.5128 0.9232 0.9277
36.5316 0.9233 0.9278
36.5504 0.9234 0.9279
36.5692 0.9235 0.9280
36.5880 0.9236 0.9280
36.6068 0.9237 0.9281
36.6256 0.9238 0.9282
36.6444 0.9238 0.9283
36.6632 0.9239 0.9284
36.6820 0.9240 0.9285
36.7008 0.9241 0.9285
36.7196 0.9242 0.9286
36.7384 0.9243 0.9287
36.7573 0.9244 0.9288
36.7761 0.9244 0.9289
36.7949 0.9245 0.9289
36.8137 0.9246 0.9290
36.8325 0.9247 0.9291
36.8513 0.9248 0.9292
36.8701 0.9249 0.9293
36.8889 0.9249 0.9293
36.9077 0.9250 0.9294
36.9265 0.9251 0.9295
36.9453 0.9252 0.9296
36.9641 0.9253 0.9296
36.9829 0.9254 0.9297
37.0017 0.9255 0.9298
37.0205 0.9255 0.9299
37.0393 0.9256 0.9300
37.0581 0.9257 0.9300
37.0769 0.9258 0.9301
37.0957 0.9259 0.9302
37.1145 0.9260 0.9303
37.1333 0.9260 0.9303
37.1521 0.9261 0.9304
37.1709 0.9262 0.9305
37.1897 0.9263 0.9306
37.2085 0.9264 0.9307
37.2273 0.9264 0.9307
37.2461 0.9265 0.9308
37.2649 0.9266 0.9309
37.2837 0.9267 0.9310
37.3025 0.9268 0.9310
37.3213 0.9269 0.9311
37.3401 0.9269 0.9312
37.3589 0.9270 0.9313
37.3777 0.9271 0.9313
37.3965 0.9272 0.9314
37.4153 0.9273 0.9315
37.4341 0.9273 0.9316
37.4529 0.9274 0.9316
37.4717 0.9275 0.9317
37.4905 0.9276 0.9318
37.5093 0.9277 0.9319
37.5281 0.9277 0.9319
37.5469 0.9278 0.9320
37.5657 0.9279 0.9321
37.5845 0.9280 0.9322
  
  
  
  
  
dim="1">gridpoints</dimension>  
  
  
  
  
  
  
  
  
0.0000 -3.4464 -1.2883
0.0188 -3.4464 -1.2883
0.0376 -3.4234 -1.2899
0.0564 -3.3856 -1.2922
0.0752 -3.3331 -1.2944
0.0940 -3.2668 -1.2958
0.1128 -3.1873 -1.2951
0.1316 -3.0955 -1.2914
0.1504 -2.9926 -1.2832
0.1692 -2.8796 -1.2693
0.1880 -2.7579 -1.2485
0.2068 -2.6289 -1.2198
0.2256 -2.4940 -1.1826
0.2444 -2.3549 -1.1363
0.2632 -2.2132 -1.0811
0.2820 -2.0706 -1.0174
0.3008 -1.9287 -0.9464
0.3196 -1.7894 -0.8695
0.3384 -1.6541 -0.7888
0.3572 -1.5242 -0.7067
0.3760 -1.4012 -0.6259
0.3948 -1.2859 -0.5494
0.4136 -1.1790 -0.4801
0.4324 -1.0809 -0.4207
0.4512 -0.9915 -0.3736
0.4700 -0.9105 -0.3407
0.4888 -0.8369 -0.3234
0.5076 -0.7699 -0.3221
0.5264 -0.7078 -0.3368
0.5452 -0.6493 -0.3663
0.5640 -0.5926 -0.4089
0.5829 -0.5362 -0.4623
0.6017 -0.4784 -0.5234
0.6205 -0.4181 -0.5892
0.6393 -0.3543 -0.6560
0.6581 -0.2864 -0.7206
0.6769 -0.2142 -0.7800
0.6957 -0.1382 -0.8313
0.7145 -0.0590 -0.8726
0.7333 0.0219 -0.9025
0.7521 0.1030 -0.9204
0.7709 0.1823 -0.9263
0.7897 0.2578 -0.9213
0.8085 0.3271 -0.9067
0.8273 0.3881 -0.8847
0.8461 0.4387 -0.8577
0.8649 0.4770 -0.8283
0.8837 0.5016 -0.7993
0.9025 0.5115 -0.7730
0.9213 0.5058 -0.7519
0.9401 0.4846 -0.7376
0.9589 0.4481 -0.7314
0.9777 0.3973 -0.7340
0.9965 0.3333 -0.7456
1.0153 0.2580 -0.7655
1.0341 0.1731 -0.7927
1.0529 0.0810 -0.8259
1.0717 -0.0160 -0.8631
1.0905 -0.1155 -0.9025
1.1093 -0.2151 -0.9420
1.1281 -0.3126 -0.9798
1.1469 -0.4062 -1.0140
1.1657 -0.4939 -1.0433
1.1845 -0.5744 -1.0665
1.2033 -0.6466 -1.0830
1.2221 -0.7098 -1.0924
1.2409 -0.7635 -1.0948
1.2597 -0.8077 -1.0906
1.2785 -0.8424 -1.0806
1.2973 -0.8681 -1.0655
1.3161 -0.8854 -1.0465
1.3349 -0.8948 -1.0248
1.3537 -0.8973 -1.0014
1.3725 -0.8935 -0.9775
1.3913 -0.8843 -0.9542
1.4101 -0.8705 -0.9323
1.4289 -0.8529 -0.9126
1.4477 -0.8320 -0.8957
1.4665 -0.8085 -0.8819
1.4853 -0.7828 -0.8715
1.5041 -0.7554 -0.8643
1.5229 -0.7264 -0.8601
1.5417 -0.6961 -0.8586
1.5605 -0.6645 -0.8591
1.5793 -0.6318 -0.8610
1.5981 -0.5978 -0.8635
1.6169 -0.5625 -0.8658
1.6357 -0.5259 -0.8670
1.6545 -0.4878 -0.8664
1.6733 -0.4482 -0.8634
1.6921 -0.4072 -0.8574
1.7110 -0.3648 -0.8480
1.7298 -0.3211 -0.8351
1.7486 -0.2764 -0.8185
1.7674 -0.2308 -0.7984
1.7862 -0.1847 -0.7750
1.8050 -0.1384 -0.7487
1.8238 -0.0925 -0.7199
1.8426 -0.0474 -0.6889
1.8614 -0.0036 -0.6564
1.8802 0.0384 -0.6228
1.8990 0.0780 -0.5885
1.9178 0.1146 -0.5537
1.9366 0.1478 -0.5190
1.9554 0.1770 -0.4844
1.9742 0.2017 -0.4502
1.9930 0.2217 -0.4166
2.0118 0.2366 -0.3835
2.0306 0.2463 -0.3513
2.0494 0.2506 -0.3199
2.0682 0.2497 -0.2896
2.0870 0.2437 -0.2604
2.1058 0.2331 -0.2326
2.1246 0.2183 -0.2063
2.1434 0.1999 -0.1818
2.1622 0.1787 -0.1594
2.1810 0.1553 -0.1392
2.1998 0.1305 -0.1213
2.2186 0.1051 -0.1061
2.2374 0.0798 -0.0935
2.2562 0.0552 -0.0836
2.2750 0.0318 -0.0762
2.2938 0.0098 -0.0715
2.3126 -0.0107 -0.0690
2.3314 -0.0297 -0.0687
2.3502 -0.0474 -0.0704
2.3690 -0.0645 -0.0738
2.3878 -0.0813 -0.0787
2.4066 -0.0986 -0.0850
2.4254 -0.1172 -0.0927
2.4442 -0.1378 -0.1017
2.4630 -0.1609 -0.1121
2.4818 -0.1873 -0.1241
2.5006 -0.2173 -0.1376
2.5194 -0.2511 -0.1531
2.5382 -0.2886 -0.1706
2.5570 -0.3297 -0.1904
2.5758 -0.3739 -0.2125
2.5946 -0.4204 -0.2372
2.6134 -0.4684 -0.2643
2.6322 -0.5169 -0.2939
2.6510 -0.5650 -0.3257
2.6698 -0.6115 -0.3597
2.6886 -0.6554 -0.3955
2.7074 -0.6957 -0.4326
2.7262 -0.7318 -0.4708
2.7450 -0.7630 -0.5094
2.7638 -0.7887 -0.5480
2.7826 -0.8089 -0.5859
2.8014 -0.8233 -0.6225
2.8202 -0.8321 -0.6571
2.8391 -0.8355 -0.6892
2.8579 -0.8339 -0.7181
2.8767 -0.8277 -0.7433
2.8955 -0.8174 -0.7641
2.9143 -0.8035 -0.7803
2.9331 -0.7867 -0.7915
2.9519 -0.7674 -0.7976
2.9707 -0.7462 -0.7985
2.9895 -0.7235 -0.7942
3.0083 -0.6998 -0.7851
3.0271 -0.6755 -0.7716
3.0459 -0.6509 -0.7540
3.0647 -0.6263 -0.7330
3.0835 -0.6021 -0.7093
3.1023 -0.5783 -0.6834
3.1211 -0.5554 -0.6561
3.1399 -0.5334 -0.6281
3.1587 -0.5126 -0.5998
3.1775 -0.4930 -0.5719
3.1963 -0.4748 -0.5448
3.2151 -0.4582 -0.5187
3.2339 -0.4432 -0.4939
3.2527 -0.4299 -0.4705
3.2715 -0.4182 -0.4486
3.2903 -0.4082 -0.4280
3.3091 -0.3998 -0.4086
3.3279 -0.3927 -0.3902
3.3467 -0.3870 -0.3727
3.3655 -0.3823 -0.3558
3.3843 -0.3783 -0.3392
3.4031 -0.3749 -0.3229
3.4219 -0.3716 -0.3065
3.4407 -0.3681 -0.2900
3.4595 -0.3641 -0.2733
3.4783 -0.3593 -0.2562
3.4971 -0.3534 -0.2388
3.5159 -0.3462 -0.2211
3.5347 -0.3375 -0.2032
3.5535 -0.3271 -0.1851
3.5723 -0.3150 -0.1669
3.5911 -0.3013 -0.1488
3.6099 -0.2859 -0.1308
3.6287 -0.2690 -0.1132
3.6475 -0.2508 -0.0961
3.6663 -0.2315 -0.0795
3.6851 -0.2113 -0.0637
3.7039 -0.1904 -0.0488
3.7227 -0.1692 -0.0348
3.7415 -0.1478 -0.0220
3.7603 -0.1266 -0.0102
3.7791 -0.1057 0.0003
3.7979 -0.0854 0.0097
3.8167 -0.0658 0.0180
3.8355 -0.0472 0.0251
3.8543 -0.0297 0.0313
3.8731 -0.0133 0.0367
3.8919 0.0016 0.0414
3.9107 0.0152 0.0455
3.9295 0.0272 0.0493
3.9483 0.0378 0.0530
3.9672 0.0468 0.0566
3.9860 0.0544 0.0604
4.0048 0.0605 0.0644
4.0236 0.0654 0.0687
4.0424 0.0692 0.0735
4.0612 0.0720 0.0788
4.0800 0.0741 0.0845
4.0988 0.0756 0.0907
4.1176 0.0767 0.0973
4.1364 0.0777 0.1043
4.1552 0.0788 0.1115
4.1740 0.0801 0.1191
4.1928 0.0817 0.1268
4.2116 0.0839 0.1346
4.2304 0.0866 0.1426
4.2492 0.0898 0.1506
4.2680 0.0936 0.1587
4.2868 0.0980 0.1667
4.3056 0.1029 0.1748
4.3244 0.1082 0.1829
4.3432 0.1139 0.1908
4.3620 0.1198 0.1987
4.3808 0.1259 0.2065
4.3996 0.1321 0.2140
4.4184 0.1383 0.2213
4.4372 0.1444 0.2281
4.4560 0.1504 0.2344
4.4748 0.1562 0.2402
4.4936 0.1619 0.2452
4.5124 0.1673 0.2495
4.5312 0.1725 0.2529
4.5500 0.1774 0.2554
4.5688 0.1821 0.2571
4.5876 0.1867 0.2579
4.6064 0.1910 0.2580
4.6252 0.1952 0.2575
4.6440 0.1994 0.2566
4.6628 0.2035 0.2554
4.6816 0.2076 0.2540
4.7004 0.2119 0.2528
4.7192 0.2162 0.2518
4.7380 0.2207 0.2513
4.7568 0.2254 0.2513
4.7756 0.2303 0.2519
4.7944 0.2353 0.2532
4.8132 0.2404 0.2551
4.8320 0.2456 0.2576
4.8508 0.2509 0.2607
4.8696 0.2560 0.2642
4.8884 0.2611 0.2681
4.9072 0.2659 0.2721
4.9260 0.2705 0.2762
4.9448 0.2747 0.2803
4.9636 0.2786 0.2842
4.9824 0.2822 0.2880
5.0012 0.2855 0.2915
5.0200 0.2886 0.2949
5.0388 0.2915 0.2980
5.0576 0.2945 0.3010
5.0764 0.2976 0.3040
5.0953 0.3010 0.3070
5.1141 0.3048 0.3101
5.1329 0.3093 0.3134
5.1517 0.3145 0.3170
5.1705 0.3206 0.3209
5.1893 0.3277 0.3253
5.2081 0.3357 0.3302
5.2269 0.3448 0.3356
5.2457 0.3549 0.3416
5.2645 0.3659 0.3481
5.2833 0.3777 0.3552
5.3021 0.3903 0.3627
5.3209 0.4034 0.3707
5.3397 0.4169 0.3792
5.3585 0.4307 0.3880
5.3773 0.4445 0.3971
5.3961 0.4581 0.4065
5.4149 0.4714 0.4161
5.4337 0.4843 0.4258
5.4525 0.4965 0.4355
5.4713 0.5080 0.4453
5.4901 0.5185 0.4550
5.5089 0.5282 0.4646
5.5277 0.5368 0.4741
5.5465 0.5443 0.4834
5.5653 0.5508 0.4924
5.5841 0.5561 0.5013
5.6029 0.5604 0.5099
5.6217 0.5637 0.5182
5.6405 0.5660 0.5263
5.6593 0.5675 0.5340
5.6781 0.5680 0.5414
5.6969 0.5678 0.5484
5.7157 0.5669 0.5550
5.7345 0.5654 0.5612
5.7533 0.5633 0.5669
5.7721 0.5608 0.5721
5.7909 0.5579 0.5769
5.8097 0.5546 0.5811
5.8285 0.5512 0.5848
5.8473 0.5476 0.5880
5.8661 0.5439 0.5908
5.8849 0.5403 0.5930
5.9037 0.5367 0.5948
5.9225 0.5334 0.5963
5.9413 0.5302 0.5973
5.9601 0.5273 0.5979
5.9789 0.5247 0.5981
5.9977 0.5223 0.5979
6.0165 0.5202 0.5972
6.0353 0.5183 0.5958
6.0541 0.5166 0.5937
6.0729 0.5149 0.5908
6.0917 0.5132 0.5869
6.1105 0.5114 0.5819
6.1293 0.5095 0.5757
6.1481 0.5073 0.5682
6.1669 0.5049 0.5594
6.1857 0.5022 0.5493
6.2045 0.4992 0.5379
6.2234 0.4960 0.5255
6.2422 0.4926 0.5121
6.2610 0.4891 0.4980
6.2798 0.4857 0.4834
6.2986 0.4824 0.4688
6.3174 0.4795 0.4544
6.3362 0.4770 0.4406
6.3550 0.4752 0.4276
6.3738 0.4741 0.4158
6.3926 0.4738 0.4053
6.4114 0.4745 0.3964
6.4302 0.4763 0.3892
6.4490 0.4790 0.3837
6.4678 0.4829 0.3799
6.4866 0.4877 0.3778
6.5054 0.4936 0.3773
6.5242 0.5003 0.3783
6.5430 0.5079 0.3805
6.5618 0.5162 0.3839
6.5806 0.5251 0.3883
6.5994 0.5345 0.3936
6.6182 0.5443 0.3995
6.6370 0.5542 0.4060
6.6558 0.5643 0.4129
6.6746 0.5743 0.4202
6.6934 0.5842 0.4278
6.7122 0.5939 0.4356
6.7310 0.6032 0.4436
6.7498 0.6122 0.4517
6.7686 0.6207 0.4599
6.7874 0.6288 0.4681
6.8062 0.6363 0.4763
6.8250 0.6434 0.4845
6.8438 0.6498 0.4926
6.8626 0.6558 0.5005
6.8814 0.6612 0.5083
6.9002 0.6661 0.5158
6.9190 0.6705 0.5230
6.9378 0.6743 0.5299
6.9566 0.6777 0.5364
6.9754 0.6807 0.5426
6.9942 0.6832 0.5482
7.0130 0.6852 0.5535
7.0318 0.6869 0.5582
7.0506 0.6882 0.5625
7.0694 0.6890 0.5665
7.0882 0.6896 0.5700
7.1070 0.6898 0.5731
7.1258 0.6898 0.5760
7.1446 0.6896 0.5787
7.1634 0.6891 0.5811
7.1822 0.6886 0.5834
7.2010 0.6879 0.5855
7.2198 0.6872 0.5876
7.2386 0.6865 0.5896
7.2574 0.6858 0.5915
7.2762 0.6851 0.5933
7.2950 0.6846 0.5951
7.3138 0.6841 0.5968
7.3326 0.6838 0.5983
7.3515 0.6836 0.5997
7.3703 0.6835 0.6010
7.3891 0.6834 0.6021
7.4079 0.6835 0.6030
7.4267 0.6837 0.6038
7.4455 0.6839 0.6044
7.4643 0.6841 0.6048
7.4831 0.6844 0.6052
7.5019 0.6847 0.6055
7.5207 0.6850 0.6059
7.5395 0.6854 0.6062
7.5583 0.6858 0.6068
7.5771 0.6863 0.6075
7.5959 0.6868 0.6085
7.6147 0.6875 0.6098
7.6335 0.6882 0.6116
7.6523 0.6892 0.6137
7.6711 0.6903 0.6164
7.6899 0.6916 0.6196
7.7087 0.6931 0.6234
7.7275 0.6948 0.6277
7.7463 0.6967 0.6327
7.7651 0.6989 0.6382
7.7839 0.7013 0.6442
7.8027 0.7038 0.6508
7.8215 0.7065 0.6578
7.8403 0.7094 0.6653
7.8591 0.7123 0.6732
7.8779 0.7153 0.6814
7.8967 0.7183 0.6900
7.9155 0.7213 0.6987
7.9343 0.7242 0.7077
7.9531 0.7271 0.7168
7.9719 0.7299 0.7259
7.9907 0.7326 0.7350
8.0095 0.7351 0.7440
8.0283 0.7375 0.7529
8.0471 0.7397 0.7615
8.0659 0.7418 0.7699
8.0847 0.7438 0.7778
8.1035 0.7455 0.7853
8.1223 0.7472 0.7923
8.1411 0.7486 0.7986
8.1599 0.7500 0.8043
8.1787 0.7512 0.8092
8.1975 0.7523 0.8133
8.2163 0.7534 0.8166
8.2351 0.7544 0.8190
8.2539 0.7555 0.8207
8.2727 0.7565 0.8215
8.2915 0.7576 0.8216
8.3103 0.7589 0.8210
8.3291 0.7602 0.8199
8.3479 0.7617 0.8182
8.3667 0.7633 0.8162
8.3855 0.7651 0.8139
8.4043 0.7670 0.8115
8.4231 0.7690 0.8091
8.4419 0.7710 0.8067
8.4607 0.7731 0.8043
8.4796 0.7751 0.8022
8.4984 0.7770 0.8002
8.5172 0.7788 0.7984
8.5360 0.7803 0.7968
8.5548 0.7816 0.7953
8.5736 0.7826 0.7938
8.5924 0.7834 0.7924
8.6112 0.7838 0.7909
8.6300 0.7840 0.7893
8.6488 0.7840 0.7876
8.6676 0.7838 0.7857
8.6864 0.7835 0.7835
8.7052 0.7832 0.7812
8.7240 0.7830 0.7787
8.7428 0.7829 0.7760
8.7616 0.7830 0.7732
8.7804 0.7834 0.7703
8.7992 0.7841 0.7675
8.8180 0.7853 0.7647
8.8368 0.7869 0.7621
8.8556 0.7889 0.7596
8.8744 0.7913 0.7573
8.8932 0.7942 0.7553
8.9120 0.7974 0.7536
8.9308 0.8009 0.7520
8.9496 0.8047 0.7507
8.9684 0.8087 0.7496
8.9872 0.8127 0.7486
9.0060 0.8168 0.7478
9.0248 0.8208 0.7469
9.0436 0.8246 0.7460
9.0624 0.8282 0.7451
9.0812 0.8316 0.7441
9.1000 0.8345 0.7430
9.1188 0.8371 0.7418
9.1376 0.8392 0.7406
9.1564 0.8410 0.7393
9.1752 0.8422 0.7380
9.1940 0.8430 0.7368
9.2128 0.8434 0.7357
9.2316 0.8434 0.7347
9.2504 0.8431 0.7339
9.2692 0.8424 0.7334
9.2880 0.8414 0.7332
9.3068 0.8402 0.7333
9.3256 0.8389 0.7337
9.3444 0.8374 0.7345
9.3632 0.8359 0.7355
9.3820 0.8343 0.7368
9.4008 0.8328 0.7383
9.4196 0.8314 0.7400
9.4384 0.8301 0.7419
9.4572 0.8289 0.7438
9.4760 0.8279 0.7458
9.4948 0.8270 0.7478
9.5136 0.8264 0.7497
9.5324 0.8260 0.7515
9.5512 0.8259 0.7533
9.5700 0.8259 0.7550
9.5888 0.8262 0.7566
9.6076 0.8266 0.7582
9.6265 0.8273 0.7596
9.6453 0.8280 0.7611
9.6641 0.8289 0.7625
9.6829 0.8299 0.7639
9.7017 0.8309 0.7654
9.7205 0.8318 0.7670
9.7393 0.8327 0.7686
9.7581 0.8335 0.7704
9.7769 0.8342 0.7723
9.7957 0.8347 0.7744
9.8145 0.8350 0.7767
9.8333 0.8352 0.7792
9.8521 0.8352 0.7819
9.8709 0.8351 0.7848
9.8897 0.8349 0.7880
9.9085 0.8346 0.7914
9.9273 0.8344 0.7951
9.9461 0.8344 0.7990
9.9649 0.8345 0.8033
9.9837 0.8348 0.8078
10.0025 0.8355 0.8126
10.0213 0.8365 0.8177
10.0401 0.8379 0.8231
10.0589 0.8397 0.8287
10.0777 0.8420 0.8346
10.0965 0.8447 0.8407
10.1153 0.8478 0.8470
10.1341 0.8512 0.8534
10.1529 0.8549 0.8599
10.1717 0.8589 0.8665
10.1905 0.8632 0.8730
10.2093 0.8675 0.8795
10.2281 0.8720 0.8860
10.2469 0.8765 0.8923
10.2657 0.8810 0.8985
10.2845 0.8855 0.9045
10.3033 0.8900 0.9103
10.3221 0.8945 0.9159
10.3409 0.8989 0.9213
10.3597 0.9034 0.9265
10.3785 0.9079 0.9315
10.3973 0.9124 0.9363
10.4161 0.9171 0.9410
10.4349 0.9218 0.9455
10.4537 0.9267 0.9500
10.4725 0.9318 0.9545
10.4913 0.9371 0.9589
10.5101 0.9425 0.9633
10.5289 0.9481 0.9678
10.5477 0.9538 0.9723
10.5665 0.9597 0.9768
10.5853 0.9656 0.9814
10.6041 0.9715 0.9861
10.6229 0.9775 0.9907
10.6417 0.9833 0.9953
10.6605 0.9891 0.9997
10.6793 0.9946 1.0041
10.6981 1.0000 1.0083
10.7169 1.0051 1.0122
10.7357 1.0098 1.0159
10.7546 1.0143 1.0192
10.7734 1.0183 1.0221
10.7922 1.0220 1.0245
10.8110 1.0252 1.0264
10.8298 1.0280 1.0277
10.8486 1.0304 1.0285
10.8674 1.0323 1.0287
10.8862 1.0337 1.0283
10.9050 1.0347 1.0272
10.9238 1.0352 1.0255
10.9426 1.0353 1.0232
10.9614 1.0350 1.0204
10.9802 1.0342 1.0170
10.9990 1.0330 1.0131
11.0178 1.0314 1.0088
11.0366 1.0294 1.0041
11.0554 1.0269 0.9991
11.0742 1.0241 0.9938
11.0930 1.0209 0.9884
11.1118 1.0173 0.9829
11.1306 1.0134 0.9773
11.1494 1.0090 0.9717
11.1682 1.0043 0.9661
11.1870 0.9993 0.9607
11.2058 0.9940 0.9554
11.2246 0.9884 0.9502
11.2434 0.9826 0.9452
11.2622 0.9766 0.9404
11.2810 0.9705 0.9358
11.2998 0.9644 0.9313
11.3186 0.9583 0.9270
11.3374 0.9523 0.9227
11.3562 0.9465 0.9186
11.3750 0.9409 0.9145
11.3938 0.9355 0.9103
11.4126 0.9304 0.9062
11.4314 0.9257 0.9019
11.4502 0.9213 0.8975
11.4690 0.9172 0.8929
11.4878 0.9134 0.8882
11.5066 0.9100 0.8832
11.5254 0.9068 0.8780
11.5442 0.9039 0.8726
11.5630 0.9012 0.8671
11.5818 0.8987 0.8613
11.6006 0.8962 0.8555
11.6194 0.8939 0.8495
11.6382 0.8917 0.8434
11.6570 0.8894 0.8374
11.6758 0.8872 0.8313
11.6946 0.8850 0.8254
11.7134 0.8828 0.8195
11.7322 0.8805 0.8137
11.7510 0.8782 0.8080
11.7698 0.8759 0.8025
11.7886 0.8735 0.7972
11.8074 0.8712 0.7920
11.8262 0.8688 0.7870
11.8450 0.8665 0.7822
11.8638 0.8641 0.7776
11.8827 0.8618 0.7731
11.9015 0.8596 0.7688
11.9203 0.8575 0.7647
11.9391 0.8554 0.7607
11.9579 0.8535 0.7569
11.9767 0.8516 0.7534
11.9955 0.8498 0.7500
12.0143 0.8481 0.7468
12.0331 0.8465 0.7439
12.0519 0.8450 0.7411
12.0707 0.8435 0.7386
12.0895 0.8420 0.7363
12.1083 0.8405 0.7342
12.1271 0.8390 0.7323
12.1459 0.8375 0.7305
12.1647 0.8358 0.7288
12.1835 0.8341 0.7272
12.2023 0.8323 0.7256
12.2211 0.8302 0.7240
12.2399 0.8281 0.7222
12.2587 0.8257 0.7204
12.2775 0.8231 0.7183
12.2963 0.8202 0.7160
12.3151 0.8171 0.7135
12.3339 0.8138 0.7106
12.3527 0.8102 0.7075
12.3715 0.8063 0.7041
12.3903 0.8021 0.7005
12.4091 0.7976 0.6966
12.4279 0.7929 0.6925
12.4467 0.7879 0.6882
12.4655 0.7827 0.6838
12.4843 0.7772 0.6792
12.5031 0.7714 0.6746
12.5219 0.7655 0.6699
12.5407 0.7594 0.6652
12.5595 0.7530 0.6605
12.5783 0.7466 0.6558
12.5971 0.7399 0.6511
12.6159 0.7331 0.6464
12.6347 0.7262 0.6417
12.6535 0.7191 0.6370
12.6723 0.7119 0.6322
12.6911 0.7045 0.6274
12.7099 0.6970 0.6226
12.7287 0.6894 0.6177
12.7475 0.6817 0.6127
12.7663 0.6739 0.6078
12.7851 0.6661 0.6028
12.8039 0.6582 0.5978
12.8227 0.6504 0.5929
12.8415 0.6427 0.5880
12.8603 0.6350 0.5833
12.8791 0.6276 0.5787
12.8979 0.6204 0.5742
12.9167 0.6135 0.5699
12.9355 0.6070 0.5659
12.9543 0.6009 0.5620
12.9731 0.5952 0.5584
12.9919 0.5899 0.5551
13.0108 0.5851 0.5520
13.0296 0.5807 0.5491
13.0484 0.5768 0.5464
13.0672 0.5732 0.5440
13.0860 0.5701 0.5418
13.1048 0.5673 0.5397
13.1236 0.5647 0.5379
13.1424 0.5623 0.5361
13.1612 0.5601 0.5345
13.1800 0.5580 0.5330
13.1988 0.5559 0.5316
13.2176 0.5538 0.5303
13.2364 0.5515 0.5291
13.2552 0.5492 0.5278
13.2740 0.5467 0.5266
13.2928 0.5440 0.5254
13.3116 0.5411 0.5242
13.3304 0.5381 0.5229
13.3492 0.5348 0.5215
13.3680 0.5315 0.5200
13.3868 0.5279 0.5185
13.4056 0.5243 0.5168
13.4244 0.5206 0.5149
13.4432 0.5168 0.5129
13.4620 0.5131 0.5108
13.4808 0.5094 0.5085
13.4996 0.5058 0.5060
13.5184 0.5022 0.5034
13.5372 0.4988 0.5007
13.5560 0.4956 0.4979
13.5748 0.4925 0.4950
13.5936 0.4896 0.4921
13.6124 0.4868 0.4890
13.6312 0.4842 0.4860
13.6500 0.4817 0.4830
13.6688 0.4793 0.4800
13.6876 0.4770 0.4770
13.7064 0.4748 0.4740
13.7252 0.4727 0.4710
13.7440 0.4706 0.4681
13.7628 0.4685 0.4652
13.7816 0.4664 0.4623
13.8004 0.4644 0.4595
13.8192 0.4624 0.4566
13.8380 0.4603 0.4537
13.8568 0.4583 0.4508
13.8756 0.4563 0.4479
13.8944 0.4542 0.4449
13.9132 0.4521 0.4419
13.9320 0.4500 0.4389
13.9508 0.4478 0.4358
13.9696 0.4456 0.4326
13.9884 0.4434 0.4295
14.0072 0.4410 0.4263
14.0260 0.4386 0.4231
14.0448 0.4360 0.4199
14.0636 0.4334 0.4168
14.0824 0.4306 0.4137
14.1012 0.4278 0.4107
14.1200 0.4248 0.4078
14.1389 0.4217 0.4051
14.1577 0.4184 0.4024
14.1765 0.4151 0.4000
14.1953 0.4117 0.3976
14.2141 0.4083 0.3955
14.2329 0.4047 0.3934
14.2517 0.4012 0.3916
14.2705 0.3975 0.3898
14.2893 0.3939 0.3882
14.3081 0.3903 0.3867
14.3269 0.3866 0.3852
14.3457 0.3830 0.3839
14.3645 0.3794 0.3825
14.3833 0.3758 0.3812
14.4021 0.3722 0.3800
14.4209 0.3686 0.3787
14.4397 0.3651 0.3774
14.4585 0.3616 0.3760
14.4773 0.3581 0.3747
14.4961 0.3547 0.3733
14.5149 0.3513 0.3719
14.5337 0.3480 0.3704
14.5525 0.3448 0.3689
14.5713 0.3416 0.3674
14.5901 0.3386 0.3658
14.6089 0.3356 0.3643
14.6277 0.3328 0.3628
14.6465 0.3302 0.3612
14.6653 0.3277 0.3598
14.6841 0.3254 0.3584
14.7029 0.3233 0.3570
14.7217 0.3214 0.3557
14.7405 0.3197 0.3545
14.7593 0.3182 0.3534
14.7781 0.3169 0.3524
14.7969 0.3157 0.3515
14.8157 0.3147 0.3507
14.8345 0.3138 0.3500
14.8533 0.3130 0.3494
14.8721 0.3123 0.3489
14.8909 0.3116 0.3485
14.9097 0.3109 0.3482
14.9285 0.3102 0.3480
14.9473 0.3096 0.3479
14.9661 0.3088 0.3478
14.9849 0.3081 0.3478
15.0037 0.3072 0.3479
15.0225 0.3063 0.3480
15.0413 0.3054 0.3482
15.0601 0.3043 0.3485
15.0789 0.3032 0.3488
15.0977 0.3020 0.3491
15.1165 0.3007 0.3496
15.1353 0.2994 0.3500
15.1541 0.2981 0.3506
15.1729 0.2968 0.3511
15.1917 0.2955 0.3518
15.2105 0.2941 0.3524
15.2293 0.2929 0.3532
15.2481 0.2917 0.3539
15.2670 0.2906 0.3547
15.2858 0.2897 0.3555
15.3046 0.2889 0.3564
15.3234 0.2882 0.3572
15.3422 0.2877 0.3581
15.3610 0.2873 0.3590
15.3798 0.2871 0.3598
15.3986 0.2871 0.3607
15.4174 0.2873 0.3615
15.4362 0.2876 0.3623
15.4550 0.2881 0.3631
15.4738 0.2887 0.3638
15.4926 0.2894 0.3645
15.5114 0.2902 0.3651
15.5302 0.2910 0.3656
15.5490 0.2920 0.3661
15.5678 0.2930 0.3665
15.5866 0.2940 0.3668
15.6054 0.2950 0.3671
15.6242 0.2960 0.3674
15.6430 0.2970 0.3676
15.6618 0.2981 0.3678
15.6806 0.2991 0.3681
15.6994 0.3001 0.3683
15.7182 0.3010 0.3686
15.7370 0.3020 0.3689
15.7558 0.3029 0.3693
15.7746 0.3038 0.3697
15.7934 0.3048 0.3703
15.8122 0.3057 0.3709
15.8310 0.3066 0.3716
15.8498 0.3076 0.3724
15.8686 0.3086 0.3734
15.8874 0.3096 0.3744
15.9062 0.3106 0.3755
15.9250 0.3118 0.3766
15.9438 0.3129 0.3779
15.9626 0.3141 0.3792
15.9814 0.3154 0.3805
16.0002 0.3168 0.3819
16.0190 0.3183 0.3833
16.0378 0.3198 0.3847
16.0566 0.3214 0.3861
16.0754 0.3232 0.3876
16.0942 0.3249 0.3890
16.1130 0.3268 0.3905
16.1318 0.3287 0.3919
16.1506 0.3307 0.3934
16.1694 0.3328 0.3949
16.1882 0.3349 0.3963
16.2070 0.3370 0.3978
16.2258 0.3392 0.3994
16.2446 0.3415 0.4009
16.2634 0.3437 0.4025
16.2822 0.3460 0.4041
16.3010 0.3483 0.4058
16.3198 0.3506 0.4075
16.3386 0.3529 0.4092
16.3574 0.3552 0.4110
16.3762 0.3576 0.4128
16.3951 0.3599 0.4147
16.4139 0.3622 0.4165
16.4327 0.3645 0.4184
16.4515 0.3668 0.4203
16.4703 0.3691 0.4222
16.4891 0.3714 0.4242
16.5079 0.3737 0.4261
16.5267 0.3759 0.4280
16.5455 0.3781 0.4299
16.5643 0.3803 0.4318
16.5831 0.3825 0.4337
16.6019 0.3846 0.4356
16.6207 0.3867 0.4374
16.6395 0.3887 0.4392
16.6583 0.3907 0.4409
16.6771 0.3927 0.4427
16.6959 0.3946 0.4443
16.7147 0.3965 0.4460
16.7335 0.3982 0.4476
16.7523 0.4000 0.4492
16.7711 0.4016 0.4508
16.7899 0.4032 0.4523
16.8087 0.4048 0.4538
16.8275 0.4063 0.4553
16.8463 0.4077 0.4568
16.8651 0.4091 0.4583
16.8839 0.4104 0.4597
16.9027 0.4117 0.4611
16.9215 0.4130 0.4625
16.9403 0.4143 0.4639
16.9591 0.4155 0.4653
16.9779 0.4168 0.4667
16.9967 0.4181 0.4681
17.0155 0.4194 0.4694
17.0343 0.4207 0.4708
17.0531 0.4220 0.4721
17.0719 0.4234 0.4735
17.0907 0.4248 0.4748
17.1095 0.4262 0.4762
17.1283 0.4276 0.4775
17.1471 0.4290 0.4788
17.1659 0.4304 0.4802
17.1847 0.4319 0.4815
17.2035 0.4333 0.4829
17.2223 0.4348 0.4842
17.2411 0.4362 0.4856
17.2599 0.4377 0.4869
17.2787 0.4392 0.4883
17.2975 0.4407 0.4896
17.3163 0.4422 0.4910
17.3351 0.4437 0.4924
17.3539 0.4452 0.4938
17.3727 0.4468 0.4952
17.3915 0.4484 0.4966
17.4103 0.4499 0.4980
17.4291 0.4515 0.4994
17.4479 0.4531 0.5008
17.4667 0.4548 0.5022
17.4855 0.4564 0.5036
17.5043 0.4581 0.5050
17.5231 0.4598 0.5064
17.5420 0.4615 0.5079
17.5608 0.4632 0.5093
17.5796 0.4649 0.5107
17.5984 0.4666 0.5121
17.6172 0.4684 0.5135
17.6360 0.4701 0.5149
17.6548 0.4719 0.5164
17.6736 0.4736 0.5178
17.6924 0.4754 0.5191
17.7112 0.4771 0.5205
17.7300 0.4789 0.5219
17.7488 0.4807 0.5233
17.7676 0.4825 0.5246
17.7864 0.4843 0.5260
17.8052 0.4861 0.5273
17.8240 0.4879 0.5287
17.8428 0.4897 0.5301
17.8616 0.4915 0.5314
17.8804 0.4934 0.5328
17.8992 0.4952 0.5341
17.9180 0.4971 0.5355
17.9368 0.4990 0.5369
17.9556 0.5009 0.5383
17.9744 0.5028 0.5397
17.9932 0.5047 0.5411
18.0120 0.5066 0.5425
18.0308 0.5086 0.5440
18.0496 0.5105 0.5454
18.0684 0.5124 0.5469
18.0872 0.5143 0.5483
18.1060 0.5162 0.5498
18.1248 0.5180 0.5512
18.1436 0.5199 0.5527
18.1624 0.5217 0.5541
18.1812 0.5234 0.5555
18.2000 0.5252 0.5570
18.2188 0.5269 0.5584
18.2376 0.5286 0.5598
18.2564 0.5302 0.5612
18.2752 0.5318 0.5625
18.2940 0.5334 0.5639
18.3128 0.5349 0.5652
18.3316 0.5364 0.5666
18.3504 0.5379 0.5679
18.3692 0.5393 0.5692
18.3880 0.5408 0.5705
18.4068 0.5422 0.5718
18.4256 0.5436 0.5731
18.4444 0.5450 0.5744
18.4632 0.5464 0.5757
18.4820 0.5478 0.5769
18.5008 0.5492 0.5782
18.5196 0.5506 0.5795
18.5384 0.5519 0.5808
18.5572 0.5533 0.5822
18.5760 0.5546 0.5835
18.5948 0.5560 0.5848
18.6136 0.5573 0.5861
18.6324 0.5587 0.5875
18.6512 0.5600 0.5888
18.6701 0.5614 0.5902
18.6889 0.5627 0.5915
18.7077 0.5641 0.5929
18.7265 0.5655 0.5943
18.7453 0.5668 0.5956
18.7641 0.5682 0.5970
18.7829 0.5696 0.5984
18.8017 0.5709 0.5998
18.8205 0.5723 0.6012
18.8393 0.5737 0.6025
18.8581 0.5750 0.6039
18.8769 0.5764 0.6053
18.8957 0.5778 0.6067
18.9145 0.5791 0.6081
18.9333 0.5805 0.6094
18.9521 0.5818 0.6108
18.9709 0.5831 0.6121
18.9897 0.5845 0.6135
19.0085 0.5858 0.6148
19.0273 0.5871 0.6161
19.0461 0.5884 0.6174
19.0649 0.5897 0.6187
19.0837 0.5909 0.6200
19.1025 0.5922 0.6212
19.1213 0.5935 0.6224
19.1401 0.5947 0.6237
19.1589 0.5959 0.6249
19.1777 0.5972 0.6261
19.1965 0.5984 0.6273
19.2153 0.5996 0.6285
19.2341 0.6008 0.6296
19.2529 0.6020 0.6308
19.2717 0.6032 0.6320
19.2905 0.6043 0.6331
19.3093 0.6055 0.6343
19.3281 0.6067 0.6354
19.3469 0.6078 0.6365
19.3657 0.6090 0.6376
19.3845 0.6101 0.6388
19.4033 0.6113 0.6399
19.4221 0.6124 0.6410
19.4409 0.6136 0.6421
19.4597 0.6147 0.6432
19.4785 0.6159 0.6443
19.4973 0.6171 0.6453
19.5161 0.6182 0.6464
19.5349 0.6194 0.6475
19.5537 0.6206 0.6486
19.5725 0.6218 0.6496
19.5913 0.6230 0.6507
19.6101 0.6242 0.6517
19.6289 0.6254 0.6528
19.6477 0.6266 0.6538
19.6665 0.6278 0.6549
19.6853 0.6290 0.6559
19.7041 0.6302 0.6570
19.7229 0.6314 0.6580
19.7417 0.6326 0.6591
19.7605 0.6338 0.6601
19.7793 0.6350 0.6612
19.7982 0.6362 0.6622
19.8170 0.6374 0.6632
19.8358 0.6386 0.6643
19.8546 0.6397 0.6653
19.8734 0.6409 0.6663
19.8922 0.6420 0.6673
19.9110 0.6431 0.6683
19.9298 0.6442 0.6693
19.9486 0.6453 0.6703
19.9674 0.6464 0.6713
19.9862 0.6475 0.6722
20.0050 0.6486 0.6732
20.0238 0.6496 0.6742
20.0426 0.6507 0.6751
20.0614 0.6517 0.6760
20.0802 0.6528 0.6770
20.0990 0.6538 0.6779
20.1178 0.6548 0.6788
20.1366 0.6558 0.6798
20.1554 0.6567 0.6807
20.1742 0.6577 0.6816
20.1930 0.6587 0.6825
20.2118 0.6596 0.6835
20.2306 0.6606 0.6844
20.2494 0.6615 0.6853
20.2682 0.6624 0.6862
20.2870 0.6634 0.6871
20.3058 0.6643 0.6880
20.3246 0.6652 0.6889
20.3434 0.6661 0.6898
20.3622 0.6670 0.6907
20.3810 0.6679 0.6916
20.3998 0.6688 0.6925
20.4186 0.6697 0.6934
20.4374 0.6706 0.6943
20.4562 0.6714 0.6952
20.4750 0.6723 0.6960
20.4938 0.6732 0.6969
20.5126 0.6740 0.6978
20.5314 0.6749 0.6986
20.5502 0.6758 0.6994
20.5690 0.6766 0.7003
20.5878 0.6775 0.7011
20.6066 0.6783 0.7019
20.6254 0.6792 0.7027
20.6442 0.6800 0.7036
20.6630 0.6809 0.7044
20.6818 0.6818 0.7052
20.7006 0.6826 0.7060
20.7194 0.6835 0.7068
20.7382 0.6844 0.7076
20.7570 0.6852 0.7084
20.7758 0.6861 0.7092
20.7946 0.6870 0.7100
20.8134 0.6879 0.7108
20.8322 0.6887 0.7116
20.8510 0.6896 0.7124
20.8698 0.6905 0.7131
20.8886 0.6914 0.7139
20.9074 0.6923 0.7147
20.9263 0.6931 0.7155
20.9451 0.6940 0.7162
20.9639 0.6948 0.7170
20.9827 0.6957 0.7178
21.0015 0.6966 0.7185
21.0203 0.6974 0.7193
21.0391 0.6982 0.7200
21.0579 0.6991 0.7208
21.0767 0.6999 0.7215
21.0955 0.7007 0.7222
21.1143 0.7015 0.7229
21.1331 0.7024 0.7237
21.1519 0.7032 0.7244
21.1707 0.7040 0.7251
21.1895 0.7048 0.7258
21.2083 0.7056 0.7265
21.2271 0.7064 0.7272
21.2459 0.7072 0.7279
21.2647 0.7080 0.7287
21.2835 0.7088 0.7294
21.3023 0.7096 0.7301
21.3211 0.7103 0.7308
21.3399 0.7111 0.7315
21.3587 0.7119 0.7322
21.3775 0.7127 0.7329
21.3963 0.7135 0.7336
21.4151 0.7143 0.7343
21.4339 0.7151 0.7350
21.4527 0.7159 0.7357
21.4715 0.7167 0.7364
21.4903 0.7174 0.7371
21.5091 0.7182 0.7379
21.5279 0.7190 0.7386
21.5467 0.7198 0.7393
21.5655 0.7205 0.7400
21.5843 0.7213 0.7407
21.6031 0.7220 0.7414
21.6219 0.7228 0.7421
21.6407 0.7235 0.7427
21.6595 0.7243 0.7434
21.6783 0.7250 0.7441
21.6971 0.7257 0.7448
21.7159 0.7265 0.7454
21.7347 0.7272 0.7461
21.7535 0.7279 0.7468
21.7723 0.7286 0.7474
21.7911 0.7293 0.7481
21.8099 0.7300 0.7487
21.8287 0.7307 0.7494
21.8475 0.7314 0.7500
21.8663 0.7321 0.7506
21.8851 0.7328 0.7512
21.9039 0.7334 0.7519
21.9227 0.7341 0.7525
21.9415 0.7348 0.7531
21.9603 0.7354 0.7537
21.9791 0.7361 0.7544
21.9979 0.7368 0.7550
22.0167 0.7374 0.7556
22.0355 0.7381 0.7562
22.0544 0.7388 0.7568
22.0732 0.7394 0.7575
22.0920 0.7401 0.7581
22.1108 0.7407 0.7587
22.1296 0.7414 0.7593
22.1484 0.7420 0.7599
22.1672 0.7427 0.7605
22.1860 0.7433 0.7611
22.2048 0.7440 0.7617
22.2236 0.7446 0.7623
22.2424 0.7453 0.7629
22.2612 0.7459 0.7635
22.2800 0.7465 0.7641
22.2988 0.7472 0.7647
22.3176 0.7478 0.7653
22.3364 0.7485 0.7659
22.3552 0.7491 0.7664
22.3740 0.7497 0.7670
22.3928 0.7503 0.7676
22.4116 0.7509 0.7681
22.4304 0.7516 0.7687
22.4492 0.7522 0.7692
22.4680 0.7528 0.7698
22.4868 0.7534 0.7703
22.5056 0.7540 0.7709
22.5244 0.7546 0.7714
22.5432 0.7552 0.7720
22.5620 0.7558 0.7725
22.5808 0.7563 0.7731
22.5996 0.7569 0.7736
22.6184 0.7575 0.7742
22.6372 0.7581 0.7747
22.6560 0.7586 0.7752
22.6748 0.7592 0.7758
22.6936 0.7598 0.7763
22.7124 0.7603 0.7768
22.7312 0.7609 0.7774
22.7500 0.7614 0.7779
22.7688 0.7620 0.7784
22.7876 0.7625 0.7790
22.8064 0.7631 0.7795
22.8252 0.7636 0.7800
22.8440 0.7642 0.7806
22.8628 0.7647 0.7811
22.8816 0.7652 0.7816
22.9004 0.7658 0.7821
22.9192 0.7663 0.7826
22.9380 0.7668 0.7831
22.9568 0.7674 0.7836
22.9756 0.7679 0.7841
22.9944 0.7684 0.7846
23.0132 0.7690 0.7851
23.0320 0.7695 0.7855
23.0508 0.7700 0.7860
23.0696 0.7705 0.7865
23.0884 0.7710 0.7869
23.1072 0.7716 0.7874
23.1260 0.7721 0.7878
23.1448 0.7726 0.7883
23.1636 0.7731 0.7887
23.1825 0.7736 0.7891
23.2013 0.7741 0.7896
23.2201 0.7746 0.7900
23.2389 0.7751 0.7904
23.2577 0.7756 0.7908
23.2765 0.7761 0.7912
23.2953 0.7765 0.7916
23.3141 0.7770 0.7921
23.3329 0.7775 0.7925
23.3517 0.7780 0.7929
23.3705 0.7784 0.7932
23.3893 0.7789 0.7936
23.4081 0.7794 0.7940
23.4269 0.7798 0.7944
23.4457 0.7803 0.7948
23.4645 0.7808 0.7952
23.4833 0.7812 0.7956
23.5021 0.7817 0.7959
23.5209 0.7821 0.7963
23.5397 0.7826 0.7967
23.5585 0.7830 0.7971
23.5773 0.7835 0.7974
23.5961 0.7839 0.7978
23.6149 0.7843 0.7982
23.6337 0.7848 0.7985
23.6525 0.7852 0.7989
23.6713 0.7856 0.7993
23.6901 0.7861 0.7996
23.7089 0.7865 0.8000
23.7277 0.7869 0.8004
23.7465 0.7873 0.8007
23.7653 0.7877 0.8011
23.7841 0.7881 0.8015
23.8029 0.7885 0.8018
23.8217 0.7889 0.8022
23.8405 0.7893 0.8026
23.8593 0.7897 0.8029
23.8781 0.7901 0.8033
23.8969 0.7905 0.8036
23.9157 0.7909 0.8040
23.9345 0.7913 0.8044
23.9533 0.7917 0.8047
23.9721 0.7920 0.8051
23.9909 0.7924 0.8054
24.0097 0.7928 0.8058
24.0285 0.7932 0.8062
24.0473 0.7936 0.8065
24.0661 0.7939 0.8069
24.0849 0.7943 0.8072
24.1037 0.7947 0.8076
24.1225 0.7951 0.8080
24.1413 0.7955 0.8083
24.1601 0.7958 0.8087
24.1789 0.7962 0.8090
24.1977 0.7966 0.8094
24.2165 0.7970 0.8097
24.2353 0.7973 0.8101
24.2541 0.7977 0.8104
24.2729 0.7981 0.8108
24.2917 0.7985 0.8112
24.3106 0.7988 0.8115
24.3294 0.7992 0.8119
24.3482 0.7996 0.8122
24.3670 0.7999 0.8126
24.3858 0.8003 0.8129
24.4046 0.8007 0.8133
24.4234 0.8010 0.8136
24.4422 0.8014 0.8140
24.4610 0.8017 0.8143
24.4798 0.8021 0.8147
24.4986 0.8025 0.8150
24.5174 0.8028 0.8154
24.5362 0.8032 0.8157
24.5550 0.8035 0.8161
24.5738 0.8039 0.8164
24.5926 0.8042 0.8168
24.6114 0.8046 0.8171
24.6302 0.8049 0.8175
24.6490 0.8053 0.8178
24.6678 0.8057 0.8181
24.6866 0.8060 0.8185
24.7054 0.8064 0.8188
24.7242 0.8067 0.8191
24.7430 0.8071 0.8195
24.7618 0.8074 0.8198
24.7806 0.8078 0.8201
24.7994 0.8082 0.8204
24.8182 0.8085 0.8208
24.8370 0.8089 0.8211
24.8558 0.8092 0.8214
24.8746 0.8096 0.8217
24.8934 0.8100 0.8220
24.9122 0.8103 0.8223
24.9310 0.8107 0.8227
24.9498 0.8110 0.8230
24.9686 0.8114 0.8233
24.9874 0.8118 0.8236
25.0062 0.8121 0.8239
25.0250 0.8125 0.8242
25.0438 0.8128 0.8245
25.0626 0.8132 0.8248
25.0814 0.8135 0.8252
25.1002 0.8139 0.8255
25.1190 0.8142 0.8258
25.1378 0.8146 0.8261
25.1566 0.8149 0.8264
25.1754 0.8153 0.8268
25.1942 0.8156 0.8271
25.2130 0.8159 0.8274
25.2318 0.8163 0.8277
25.2506 0.8166 0.8281
25.2694 0.8170 0.8284
25.2882 0.8173 0.8287
25.3070 0.8177 0.8291
25.3258 0.8180 0.8294
25.3446 0.8183 0.8297
25.3634 0.8187 0.8300
25.3822 0.8190 0.8304
25.4010 0.8194 0.8307
25.4198 0.8197 0.8310
25.4387 0.8201 0.8313
25.4575 0.8204 0.8317
25.4763 0.8208 0.8320
25.4951 0.8211 0.8323
25.5139 0.8215 0.8326
25.5327 0.8218 0.8329
25.5515 0.8222 0.8333
25.5703 0.8225 0.8336
25.5891 0.8229 0.8339
25.6079 0.8232 0.8342
25.6267 0.8236 0.8345
25.6455 0.8239 0.8348
25.6643 0.8243 0.8352
25.6831 0.8246 0.8355
25.7019 0.8250 0.8358
25.7207 0.8253 0.8361
25.7395 0.8256 0.8364
25.7583 0.8260 0.8367
25.7771 0.8263 0.8370
25.7959 0.8266 0.8373
25.8147 0.8269 0.8376
25.8335 0.8273 0.8379
25.8523 0.8276 0.8382
25.8711 0.8279 0.8386
25.8899 0.8282 0.8389
25.9087 0.8285 0.8392
25.9275 0.8288 0.8395
25.9463 0.8291 0.8398
25.9651 0.8295 0.8401
25.9839 0.8298 0.8404
26.0027 0.8301 0.8407
26.0215 0.8304 0.8409
26.0403 0.8307 0.8412
26.0591 0.8310 0.8415
26.0779 0.8313 0.8418
26.0967 0.8315 0.8421
26.1155 0.8318 0.8424
26.1343 0.8321 0.8427
26.1531 0.8324 0.8429
26.1719 0.8327 0.8432
26.1907 0.8330 0.8435
26.2095 0.8333 0.8438
26.2283 0.8336 0.8440
26.2471 0.8339 0.8443
26.2659 0.8341 0.8445
26.2847 0.8344 0.8448
26.3035 0.8347 0.8451
26.3223 0.8350 0.8453
26.3411 0.8353 0.8456
26.3599 0.8355 0.8458
26.3787 0.8358 0.8461
26.3975 0.8361 0.8463
26.4163 0.8364 0.8466
26.4351 0.8366 0.8468
26.4539 0.8369 0.8471
26.4727 0.8372 0.8474
26.4915 0.8375 0.8476
26.5103 0.8377 0.8479
26.5291 0.8380 0.8481
26.5479 0.8383 0.8484
26.5667 0.8386 0.8486
26.5856 0.8388 0.8489
26.6044 0.8391 0.8491
26.6232 0.8394 0.8494
26.6420 0.8396 0.8496
26.6608 0.8399 0.8499
26.6796 0.8402 0.8501
26.6984 0.8404 0.8504
26.7172 0.8407 0.8506
26.7360 0.8410 0.8509
26.7548 0.8412 0.8511
26.7736 0.8415 0.8514
26.7924 0.8418 0.8516
26.8112 0.8420 0.8519
26.8300 0.8423 0.8521
26.8488 0.8426 0.8524
26.8676 0.8428 0.8526
26.8864 0.8431 0.8529
26.9052 0.8434 0.8531
26.9240 0.8436 0.8534
26.9428 0.8439 0.8536
26.9616 0.8442 0.8539
26.9804 0.8444 0.8541
26.9992 0.8447 0.8543
27.0180 0.8450 0.8546
27.0368 0.8452 0.8548
27.0556 0.8455 0.8551
27.0744 0.8458 0.8553
27.0932 0.8460 0.8556
27.1120 0.8463 0.8558
27.1308 0.8466 0.8561
27.1496 0.8468 0.8563
27.1684 0.8471 0.8566
27.1872 0.8473 0.8568
27.2060 0.8476 0.8570
27.2248 0.8479 0.8573
27.2436 0.8481 0.8575
27.2624 0.8484 0.8578
27.2812 0.8487 0.8580
27.3000 0.8489 0.8583
27.3188 0.8492 0.8585
27.3376 0.8495 0.8587
27.3564 0.8497 0.8590
27.3752 0.8500 0.8592
27.3940 0.8503 0.8595
27.4128 0.8505 0.8597
27.4316 0.8508 0.8599
27.4504 0.8510 0.8602
27.4692 0.8513 0.8604
27.4880 0.8516 0.8606
27.5068 0.8518 0.8609
27.5256 0.8521 0.8611
27.5444 0.8524 0.8614
27.5632 0.8526 0.8616
27.5820 0.8529 0.8618
27.6008 0.8531 0.8621
27.6196 0.8534 0.8623
27.6384 0.8536 0.8626
27.6572 0.8539 0.8628
27.6760 0.8541 0.8630
27.6948 0.8544 0.8633
27.7137 0.8547 0.8635
27.7325 0.8549 0.8637
27.7513 0.8552 0.8640
27.7701 0.8554 0.8642
27.7889 0.8557 0.8644
27.8077 0.8559 0.8647
27.8265 0.8561 0.8649
27.8453 0.8564 0.8651
27.8641 0.8566 0.8654
27.8829 0.8569 0.8656
27.9017 0.8571 0.8658
27.9205 0.8574 0.8661
27.9393 0.8576 0.8663
27.9581 0.8578 0.8665
27.9769 0.8581 0.8667
27.9957 0.8583 0.8670
28.0145 0.8586 0.8672
28.0333 0.8588 0.8674
28.0521 0.8590 0.8676
28.0709 0.8593 0.8679
28.0897 0.8595 0.8681
28.1085 0.8597 0.8683
28.1273 0.8600 0.8685
28.1461 0.8602 0.8688
28.1649 0.8604 0.8690
28.1837 0.8607 0.8692
28.2025 0.8609 0.8694
28.2213 0.8611 0.8696
28.2401 0.8613 0.8698
28.2589 0.8616 0.8701
28.2777 0.8618 0.8703
28.2965 0.8620 0.8705
28.3153 0.8623 0.8707
28.3341 0.8625 0.8709
28.3529 0.8627 0.8711
28.3717 0.8629 0.8713
28.3905 0.8632 0.8715
28.4093 0.8634 0.8717
28.4281 0.8636 0.8719
28.4469 0.8638 0.8721
28.4657 0.8641 0.8723
28.4845 0.8643 0.8725
28.5033 0.8645 0.8728
28.5221 0.8647 0.8730
28.5409 0.8650 0.8732
28.5597 0.8652 0.8734
28.5785 0.8654 0.8736
28.5973 0.8656 0.8738
28.6161 0.8658 0.8740
28.6349 0.8661 0.8742
28.6537 0.8663 0.8744
28.6725 0.8665 0.8746
28.6913 0.8667 0.8748
28.7101 0.8669 0.8750
28.7289 0.8671 0.8752
28.7477 0.8673 0.8754
28.7665 0.8676 0.8756
28.7853 0.8678 0.8758
28.8041 0.8680 0.8760
28.8229 0.8682 0.8762
28.8418 0.8684 0.8764
28.8606 0.8686 0.8766
28.8794 0.8688 0.8768
28.8982 0.8691 0.8770
28.9170 0.8693 0.8772
28.9358 0.8695 0.8774
28.9546 0.8697 0.8776
28.9734 0.8699 0.8778
28.9922 0.8701 0.8779
29.0110 0.8703 0.8781
29.0298 0.8705 0.8783
29.0486 0.8707 0.8785
29.0674 0.8709 0.8787
29.0862 0.8711 0.8789
29.1050 0.8714 0.8791
29.1238 0.8716 0.8793
29.1426 0.8718 0.8795
29.1614 0.8720 0.8797
29.1802 0.8722 0.8799
29.1990 0.8724 0.8801
29.2178 0.8726 0.8802
29.2366 0.8728 0.8804
29.2554 0.8730 0.8806
29.2742 0.8732 0.8808
29.2930 0.8734 0.8810
29.3118 0.8736 0.8812
29.3306 0.8738 0.8814
29.3494 0.8740 0.8815
29.3682 0.8742 0.8817
29.3870 0.8744 0.8819
29.4058 0.8746 0.8821
29.4246 0.8748 0.8823
29.4434 0.8750 0.8825
29.4622 0.8751 0.8826
29.4810 0.8753 0.8828
29.4998 0.8755 0.8830
29.5186 0.8757 0.8832
29.5374 0.8759 0.8834
29.5562 0.8761 0.8836
29.5750 0.8763 0.8837
29.5938 0.8765 0.8839
29.6126 0.8767 0.8841
29.6314 0.8769 0.8843
29.6502 0.8771 0.8844
29.6690 0.8773 0.8846
29.6878 0.8775 0.8848
29.7066 0.8776 0.8850
29.7254 0.8778 0.8851
29.7442 0.8780 0.8853
29.7630 0.8782 0.8855
29.7818 0.8784 0.8857
29.8006 0.8786 0.8858
29.8194 0.8788 0.8860
29.8382 0.8790 0.8862
29.8570 0.8791 0.8864
29.8758 0.8793 0.8865
29.8946 0.8795 0.8867
29.9134 0.8797 0.8869
29.9322 0.8799 0.8870
29.9510 0.8801 0.8872
29.9699 0.8802 0.8874
29.9887 0.8804 0.8876
30.0075 0.8806 0.8877
30.0263 0.8808 0.8879
30.0451 0.8810 0.8881
30.0639 0.8811 0.8882
30.0827 0.8813 0.8884
30.1015 0.8815 0.8886
30.1203 0.8817 0.8887
30.1391 0.8819 0.8889
30.1579 0.8820 0.8891
30.1767 0.8822 0.8892
30.1955 0.8824 0.8894
30.2143 0.8826 0.8895
30.2331 0.8827 0.8897
30.2519 0.8829 0.8899
30.2707 0.8831 0.8900
30.2895 0.8833 0.8902
30.3083 0.8835 0.8904
30.3271 0.8836 0.8905
30.3459 0.8838 0.8907
30.3647 0.8840 0.8908
30.3835 0.8841 0.8910
30.4023 0.8843 0.8912
30.4211 0.8845 0.8913
30.4399 0.8847 0.8915
30.4587 0.8848 0.8916
30.4775 0.8850 0.8918
30.4963 0.8852 0.8920
30.5151 0.8854 0.8921
30.5339 0.8855 0.8923
30.5527 0.8857 0.8924
30.5715 0.8859 0.8926
30.5903 0.8860 0.8928
30.6091 0.8862 0.8929
30.6279 0.8864 0.8931
30.6467 0.8865 0.8932
30.6655 0.8867 0.8934
30.6843 0.8869 0.8935
30.7031 0.8870 0.8937
30.7219 0.8872 0.8938
30.7407 0.8874 0.8940
30.7595 0.8875 0.8942
30.7783 0.8877 0.8943
30.7971 0.8879 0.8945
30.8159 0.8880 0.8946
30.8347 0.8882 0.8948
30.8535 0.8883 0.8949
30.8723 0.8885 0.8951
30.8911 0.8887 0.8952
30.9099 0.8888 0.8954
30.9287 0.8890 0.8955
30.9475 0.8892 0.8957
30.9663 0.8893 0.8958
30.9851 0.8895 0.8960
31.0039 0.8896 0.8961
31.0227 0.8898 0.8963
31.0415 0.8900 0.8964
31.0603 0.8901 0.8966
31.0791 0.8903 0.8967
31.0980 0.8904 0.8969
31.1168 0.8906 0.8970
31.1356 0.8907 0.8972
31.1544 0.8909 0.8973
31.1732 0.8911 0.8975
31.1920 0.8912 0.8976
31.2108 0.8914 0.8977
31.2296 0.8915 0.8979
31.2484 0.8917 0.8980
31.2672 0.8918 0.8982
31.2860 0.8920 0.8983
31.3048 0.8921 0.8985
31.3236 0.8923 0.8986
31.3424 0.8924 0.8988
31.3612 0.8926 0.8989
31.3800 0.8928 0.8990
31.3988 0.8929 0.8992
31.4176 0.8931 0.8993
31.4364 0.8932 0.8995
31.4552 0.8934 0.8996
31.4740 0.8935 0.8997
31.4928 0.8937 0.8999
31.5116 0.8938 0.9000
31.5304 0.8940 0.9002
31.5492 0.8941 0.9003
31.5680 0.8943 0.9004
31.5868 0.8944 0.9006
31.6056 0.8945 0.9007
31.6244 0.8947 0.9009
31.6432 0.8948 0.9010
31.6620 0.8950 0.9011
31.6808 0.8951 0.9013
31.6996 0.8953 0.9014
31.7184 0.8954 0.9015
31.7372 0.8956 0.9017
31.7560 0.8957 0.9018
31.7748 0.8959 0.9020
31.7936 0.8960 0.9021
31.8124 0.8961 0.9022
31.8312 0.8963 0.9024
31.8500 0.8964 0.9025
31.8688 0.8966 0.9026
31.8876 0.8967 0.9028
31.9064 0.8969 0.9029
31.9252 0.8970 0.9030
31.9440 0.8971 0.9032
31.9628 0.8973 0.9033
31.9816 0.8974 0.9034
32.0004 0.8976 0.9036
32.0192 0.8977 0.9037
32.0380 0.8978 0.9038
32.0568 0.8980 0.9039
32.0756 0.8981 0.9041
32.0944 0.8983 0.9042
32.1132 0.8984 0.9043
32.1320 0.8985 0.9045
32.1508 0.8987 0.9046
32.1696 0.8988 0.9047
32.1884 0.8990 0.9049
32.2072 0.8991 0.9050
32.2261 0.8992 0.9051
32.2449 0.8994 0.9052
32.2637 0.8995 0.9054
32.2825 0.8996 0.9055
32.3013 0.8998 0.9056
32.3201 0.8999 0.9057
32.3389 0.9000 0.9059
32.3577 0.9002 0.9060
32.3765 0.9003 0.9061
32.3953 0.9004 0.9062
32.4141 0.9006 0.9064
32.4329 0.9007 0.9065
32.4517 0.9008 0.9066
32.4705 0.9010 0.9067
32.4893 0.9011 0.9069
32.5081 0.9012 0.9070
32.5269 0.9014 0.9071
32.5457 0.9015 0.9072
32.5645 0.9016 0.9074
32.5833 0.9018 0.9075
32.6021 0.9019 0.9076
32.6209 0.9020 0.9077
32.6397 0.9022 0.9079
32.6585 0.9023 0.9080
32.6773 0.9024 0.9081
32.6961 0.9025 0.9082
32.7149 0.9027 0.9083
32.7337 0.9028 0.9085
32.7525 0.9029 0.9086
32.7713 0.9031 0.9087
32.7901 0.9032 0.9088
32.8089 0.9033 0.9089
32.8277 0.9034 0.9091
32.8465 0.9036 0.9092
32.8653 0.9037 0.9093
32.8841 0.9038 0.9094
32.9029 0.9040 0.9095
32.9217 0.9041 0.9096
32.9405 0.9042 0.9098
32.9593 0.9043 0.9099
32.9781 0.9045 0.9100
32.9969 0.9046 0.9101
33.0157 0.9047 0.9102
33.0345 0.9048 0.9104
33.0533 0.9050 0.9105
33.0721 0.9051 0.9106
33.0909 0.9052 0.9107
33.1097 0.9053 0.9108
33.1285 0.9054 0.9109
33.1473 0.9056 0.9110
33.1661 0.9057 0.9112
33.1849 0.9058 0.9113
33.2037 0.9059 0.9114
33.2225 0.9061 0.9115
33.2413 0.9062 0.9116
33.2601 0.9063 0.9117
33.2789 0.9064 0.9118
33.2977 0.9065 0.9120
33.3165 0.9067 0.9121
33.3353 0.9068 0.9122
33.3542 0.9069 0.9123
33.3730 0.9070 0.9124
33.3918 0.9071 0.9125
33.4106 0.9073 0.9126
33.4294 0.9074 0.9127
33.4482 0.9075 0.9129
33.4670 0.9076 0.9130
33.4858 0.9077 0.9131
33.5046 0.9079 0.9132
33.5234 0.9080 0.9133
33.5422 0.9081 0.9134
33.5610 0.9082 0.9135
33.5798 0.9083 0.9136
33.5986 0.9084 0.9137
33.6174 0.9086 0.9138
33.6362 0.9087 0.9140
33.6550 0.9088 0.9141
33.6738 0.9089 0.9142
33.6926 0.9090 0.9143
33.7114 0.9091 0.9144
33.7302 0.9093 0.9145
33.7490 0.9094 0.9146
33.7678 0.9095 0.9147
33.7866 0.9096 0.9148
33.8054 0.9097 0.9149
33.8242 0.9098 0.9150
33.8430 0.9099 0.9151
33.8618 0.9101 0.9152
33.8806 0.9102 0.9154
33.8994 0.9103 0.9155
33.9182 0.9104 0.9156
33.9370 0.9105 0.9157
33.9558 0.9106 0.9158
33.9746 0.9107 0.9159
33.9934 0.9108 0.9160
34.0122 0.9110 0.9161
34.0310 0.9111 0.9162
34.0498 0.9112 0.9163
34.0686 0.9113 0.9164
34.0874 0.9114 0.9165
34.1062 0.9115 0.9166
34.1250 0.9116 0.9167
34.1438 0.9117 0.9168
34.1626 0.9118 0.9169
34.1814 0.9119 0.9170
34.2002 0.9121 0.9171
34.2190 0.9122 0.9172
34.2378 0.9123 0.9173
34.2566 0.9124 0.9174
34.2754 0.9125 0.9175
34.2942 0.9126 0.9176
34.3130 0.9127 0.9177
34.3318 0.9128 0.9178
34.3506 0.9129 0.9179
34.3694 0.9130 0.9180
34.3882 0.9131 0.9181
34.4070 0.9132 0.9182
34.4258 0.9134 0.9183
34.4446 0.9135 0.9184
34.4634 0.9136 0.9185
34.4822 0.9137 0.9186
34.5011 0.9138 0.9187
34.5199 0.9139 0.9188
34.5387 0.9140 0.9189
34.5575 0.9141 0.9190
34.5763 0.9142 0.9191
34.5951 0.9143 0.9192
34.6139 0.9144 0.9193
34.6327 0.9145 0.9194
34.6515 0.9146 0.9195
34.6703 0.9147 0.9196
34.6891 0.9148 0.9197
34.7079 0.9149 0.9198
34.7267 0.9150 0.9199
34.7455 0.9151 0.9200
34.7643 0.9152 0.9201
34.7831 0.9153 0.9202
34.8019 0.9155 0.9203
34.8207 0.9156 0.9204
34.8395 0.9157 0.9205
34.8583 0.9158 0.9206
34.8771 0.9159 0.9207
34.8959 0.9160 0.9208
34.9147 0.9161 0.9209
34.9335 0.9162 0.9210
34.9523 0.9163 0.9211
34.9711 0.9164 0.9212
34.9899 0.9165 0.9213
35.0087 0.9166 0.9214
35.0275 0.9167 0.9214
35.0463 0.9168 0.9215
35.0651 0.9169 0.9216
35.0839 0.9170 0.9217
35.1027 0.9171 0.9218
35.1215 0.9172 0.9219
35.1403 0.9173 0.9220
35.1591 0.9174 0.9221
35.1779 0.9175 0.9222
35.1967 0.9176 0.9223
35.2155 0.9177 0.9224
35.2343 0.9178 0.9225
35.2531 0.9179 0.9226
35.2719 0.9180 0.9227
35.2907 0.9181 0.9228
35.3095 0.9182 0.9228
35.3283 0.9183 0.9229
35.3471 0.9183 0.9230
35.3659 0.9184 0.9231
35.3847 0.9185 0.9232
35.4035 0.9186 0.9233
35.4223 0.9187 0.9234
35.4411 0.9188 0.9235
35.4599 0.9189 0.9236
35.4787 0.9190 0.9237
35.4975 0.9191 0.9237
35.5163 0.9192 0.9238
35.5351 0.9193 0.9239
35.5539 0.9194 0.9240
35.5727 0.9195 0.9241
35.5915 0.9196 0.9242
35.6103 0.9197 0.9243
35.6292 0.9198 0.9244
35.6480 0.9199 0.9245
35.6668 0.9200 0.9246
35.6856 0.9201 0.9246
35.7044 0.9202 0.9247
35.7232 0.9203 0.9248
35.7420 0.9203 0.9249
35.7608 0.9204 0.9250
35.7796 0.9205 0.9251
35.7984 0.9206 0.9252
35.8172 0.9207 0.9253
35.8360 0.9208 0.9253
35.8548 0.9209 0.9254
35.8736 0.9210 0.9255
35.8924 0.9211 0.9256
35.9112 0.9212 0.9257
35.9300 0.9213 0.9258
35.9488 0.9214 0.9259
35.9676 0.9215 0.9259
35.9864 0.9215 0.9260
36.0052 0.9216 0.9261
36.0240 0.9217 0.9262
36.0428 0.9218 0.9263
36.0616 0.9219 0.9264
36.0804 0.9220 0.9265
36.0992 0.9221 0.9265
36.1180 0.9222 0.9266
36.1368 0.9223 0.9267
36.1556 0.9224 0.9268
36.1744 0.9225 0.9269
36.1932 0.9225 0.9270
36.2120 0.9226 0.9270
36.2308 0.9227 0.9271
36.2496 0.9228 0.9272
36.2684 0.9229 0.9273
36.2872 0.9230 0.9274
36.3060 0.9231 0.9275
36.3248 0.9232 0.9275
36.3436 0.9233 0.9276
36.3624 0.9233 0.9277
36.3812 0.9234 0.9278
36.4000 0.9235 0.9279
36.4188 0.9236 0.9280
36.4376 0.9237 0.9280
36.4564 0.9238 0.9281
36.4752 0.9239 0.9282
36.4940 0.9240 0.9283
36.5128 0.9240 0.9284
36.5316 0.9241 0.9284
36.5504 0.9242 0.9285
36.5692 0.9243 0.9286
36.5880 0.9244 0.9287
36.6068 0.9245 0.9288
36.6256 0.9246 0.9289
36.6444 0.9246 0.9289
36.6632 0.9247 0.9290
36.6820 0.9248 0.9291
36.7008 0.9249 0.9292
36.7196 0.9250 0.9293
36.7384 0.9251 0.9293
36.7573 0.9252 0.9294
36.7761 0.9252 0.9295
36.7949 0.9253 0.9296
36.8137 0.9254 0.9296
36.8325 0.9255 0.9297
36.8513 0.9256 0.9298
36.8701 0.9257 0.9299
36.8889 0.9257 0.9300
36.9077 0.9258 0.9300
36.9265 0.9259 0.9301
36.9453 0.9260 0.9302
36.9641 0.9261 0.9303
36.9829 0.9262 0.9304
37.0017 0.9262 0.9304
37.0205 0.9263 0.9305
37.0393 0.9264 0.9306
37.0581 0.9265 0.9307
37.0769 0.9266 0.9307
37.0957 0.9267 0.9308
37.1145 0.9267 0.9309
37.1333 0.9268 0.9310
37.1521 0.9269 0.9311
37.1709 0.9270 0.9311
37.1897 0.9271 0.9312
37.2085 0.9271 0.9313
37.2273 0.9272 0.9314
37.2461 0.9273 0.9314
37.2649 0.9274 0.9315
37.2837 0.9275 0.9316
37.3025 0.9275 0.9317
37.3213 0.9276 0.9317
37.3401 0.9277 0.9318
37.3589 0.9278 0.9319
37.3777 0.9279 0.9320
37.3965 0.9279 0.9320
37.4153 0.9280 0.9321
37.4341 0.9281 0.9322
37.4529 0.9282 0.9323
37.4717 0.9283 0.9323
37.4905 0.9283 0.9324
37.5093 0.9284 0.9325
37.5281 0.9285 0.9326
37.5469 0.9286 0.9326
37.5657 0.9287 0.9327
37.5845 0.9287 0.9328
