0.0000 41.6695 39.3172
0.0184 41.5022 39.1863
0.0368 41.0056 38.7973
0.0552 40.1943 38.1609
0.0736 39.0920 37.2947
0.0921 37.7301 36.2218
0.1105 36.1460 34.9698
0.1289 34.3809 33.5694
0.1473 32.4784 32.0531
0.1657 30.4821 30.4536
0.1841 28.4339 28.8025
0.2025 26.3728 27.1295
0.2209 24.3332 25.4610
0.2394 22.3448 23.8200
0.2578 20.4318 22.2254
0.2762 18.6128 20.6920
0.2946 16.9012 19.2307
0.3130 15.3057 17.8488
0.3314 13.8307 16.5502
0.3498 12.4770 15.3365
0.3682 11.2428 14.2068
0.3866 10.1238 13.1587
0.4051 9.1144 12.1886
0.4235 8.2077 11.2922
0.4419 7.3964 10.4648
0.4603 6.6726 9.7015
0.4787 6.0288 8.9975
0.4971 5.4572 8.3482
0.5155 4.9507 7.7492
0.5339 4.5024 7.1963
0.5523 4.1060 6.6858
0.5708 3.7557 6.2141
0.5892 3.4462 5.7779
0.6076 3.1729 5.3742
0.6260 2.9314 5.0001
0.6444 2.7180 4.6531
0.6628 2.5295 4.3308
0.6812 2.3630 4.0311
0.6996 2.2159 3.7519
0.7181 2.0859 3.4916
0.7365 1.9710 3.2488
0.7549 1.8694 3.0221
0.7733 1.7795 2.8105
0.7917 1.6998 2.6130
0.8101 1.6290 2.4291
0.8285 1.5661 2.2582
0.8469 1.5100 2.0997
0.8653 1.4600 1.9535
0.8838 1.4155 1.8192
0.9022 1.3760 1.6965
0.9206 1.3413 1.5852
0.9390 1.3111 1.4850
0.9574 1.2854 1.3957
0.9758 1.2643 1.3169
0.9942 1.2479 1.2482
1.0126 1.2362 1.1890
1.0310 1.2295 1.1390
1.0495 1.2277 1.0974
1.0679 1.2309 1.0636
1.0863 1.2389 1.0368
1.1047 1.2515 1.0163
1.1231 1.2684 1.0012
1.1415 1.2893 0.9907
1.1599 1.3136 0.9838
1.1783 1.3407 0.9798
1.1968 1.3701 0.9776
1.2152 1.4012 0.9765
1.2336 1.4332 0.9754
1.2520 1.4656 0.9737
1.2704 1.4978 0.9705
1.2888 1.5292 0.9652
1.3072 1.5592 0.9571
1.3256 1.5874 0.9459
1.3440 1.6132 0.9310
1.3625 1.6363 0.9124
1.3809 1.6563 0.8900
1.3993 1.6728 0.8638
1.4177 1.6857 0.8343
1.4361 1.6947 0.8017
1.4545 1.6998 0.7666
1.4729 1.7010 0.7298
1.4913 1.6984 0.6920
1.5097 1.6924 0.6539
1.5282 1.6833 0.6165
1.5466 1.6714 0.5805
1.5650 1.6575 0.5468
1.5834 1.6421 0.5159
1.6018 1.6258 0.4884
1.6202 1.6094 0.4648
1.6386 1.5934 0.4454
1.6570 1.5785 0.4303
1.6755 1.5651 0.4197
1.6939 1.5535 0.4136
1.7123 1.5442 0.4118
1.7307 1.5373 0.4141
1.7491 1.5328 0.4203
1.7675 1.5308 0.4302
1.7859 1.5311 0.4436
1.8043 1.5335 0.4601
1.8227 1.5379 0.4794
1.8412 1.5440 0.5014
1.8596 1.5516 0.5256
1.8780 1.5603 0.5519
1.8964 1.5701 0.5797
1.9148 1.5805 0.6087
1.9332 1.5914 0.6385
1.9516 1.6025 0.6686
1.9700 1.6136 0.6985
1.9884 1.6242 0.7278
2.0069 1.6342 0.7557
2.0253 1.6431 0.7819
2.0437 1.6507 0.8058
2.0621 1.6564 0.8269
2.0805 1.6600 0.8448
2.0989 1.6610 0.8592
2.1173 1.6591 0.8697
2.1357 1.6538 0.8762
2.1542 1.6450 0.8787
2.1726 1.6323 0.8770
2.1910 1.6156 0.8714
2.2094 1.5947 0.8620
2.2278 1.5697 0.8492
2.2462 1.5407 0.8333
2.2646 1.5078 0.8148
2.2830 1.4713 0.7942
2.3014 1.4315 0.7720
2.3199 1.3889 0.7487
2.3383 1.3439 0.7251
2.3567 1.2970 0.7015
2.3751 1.2489 0.6786
2.3935 1.2002 0.6568
2.4119 1.1514 0.6365
2.4303 1.1033 0.6180
2.4487 1.0564 0.6016
2.4671 1.0112 0.5873
2.4856 0.9682 0.5753
2.5040 0.9278 0.5654
2.5224 0.8902 0.5574
2.5408 0.8555 0.5512
2.5592 0.8237 0.5464
2.5776 0.7948 0.5425
2.5960 0.7684 0.5392
2.6144 0.7442 0.5360
2.6329 0.7218 0.5324
2.6513 0.7007 0.5279
2.6697 0.6804 0.5223
2.6881 0.6603 0.5151
2.7065 0.6402 0.5060
2.7249 0.6195 0.4949
2.7433 0.5980 0.4817
2.7617 0.5756 0.4664
2.7801 0.5522 0.4491
2.7986 0.5278 0.4300
2.8170 0.5026 0.4094
2.8354 0.4769 0.3877
2.8538 0.4510 0.3653
2.8722 0.4251 0.3426
2.8906 0.3997 0.3202
2.9090 0.3751 0.2983
2.9274 0.3514 0.2775
2.9458 0.3290 0.2582
2.9643 0.3079 0.2406
2.9827 0.2882 0.2249
3.0011 0.2698 0.2114
3.0195 0.2528 0.2000
3.0379 0.2369 0.1909
3.0563 0.2220 0.1839
3.0747 0.2080 0.1789
3.0931 0.1946 0.1758
3.1116 0.1819 0.1743
3.1300 0.1697 0.1744
3.1484 0.1580 0.1757
3.1668 0.1468 0.1782
3.1852 0.1362 0.1816
3.2036 0.1263 0.1858
3.2220 0.1173 0.1908
3.2404 0.1093 0.1966
3.2588 0.1025 0.2030
3.2773 0.0971 0.2101
3.2957 0.0931 0.2179
3.3141 0.0907 0.2265
3.3325 0.0898 0.2357
3.3509 0.0904 0.2457
3.3693 0.0925 0.2563
3.3877 0.0959 0.2675
3.4061 0.1004 0.2793
3.4245 0.1057 0.2914
3.4430 0.1117 0.3037
3.4614 0.1180 0.3160
3.4798 0.1245 0.3281
3.4982 0.1307 0.3399
3.5166 0.1366 0.3510
3.5350 0.1419 0.3612
3.5534 0.1464 0.3704
3.5718 0.1500 0.3784
3.5903 0.1528 0.3851
3.6087 0.1545 0.3902
3.6271 0.1554 0.3936
3.6455 0.1553 0.3953
3.6639 0.1544 0.3951
3.6823 0.1528 0.3931
3.7007 0.1505 0.3890
3.7191 0.1477 0.3829
3.7375 0.1445 0.3747
3.7560 0.1409 0.3643
3.7744 0.1370 0.3518
3.7928 0.1328 0.3372
3.8112 0.1285 0.3204
3.8296 0.1240 0.3015
3.8480 0.1193 0.2807
3.8664 0.1146 0.2580
3.8848 0.1098 0.2338
3.9032 0.1050 0.2082
3.9217 0.1003 0.1814
3.9401 0.0957 0.1539
3.9585 0.0913 0.1260
3.9769 0.0872 0.0980
3.9953 0.0835 0.0703
4.0137 0.0803 0.0433
4.0321 0.0777 0.0173
4.0505 0.0758 -0.0073
4.0690 0.0747 -0.0304
4.0874 0.0744 -0.0517
4.1058 0.0750 -0.0710
4.1242 0.0764 -0.0883
4.1426 0.0788 -0.1035
4.1610 0.0820 -0.1166
4.1794 0.0861 -0.1278
4.1978 0.0909 -0.1372
4.2162 0.0964 -0.1449
4.2347 0.1025 -0.1512
4.2531 0.1091 -0.1561
4.2715 0.1162 -0.1599
4.2899 0.1236 -0.1627
4.3083 0.1313 -0.1648
4.3267 0.1392 -0.1663
4.3451 0.1472 -0.1672
4.3635 0.1553 -0.1677
4.3820 0.1634 -0.1678
4.4004 0.1716 -0.1677
4.4188 0.1796 -0.1673
4.4372 0.1876 -0.1667
4.4556 0.1954 -0.1659
4.4740 0.2029 -0.1649
4.4924 0.2103 -0.1637
4.5108 0.2172 -0.1625
4.5292 0.2238 -0.1611
4.5477 0.2298 -0.1596
4.5661 0.2353 -0.1581
4.5845 0.2400 -0.1565
4.6029 0.2440 -0.1549
4.6213 0.2470 -0.1533
4.6397 0.2490 -0.1517
4.6581 0.2500 -0.1501
4.6765 0.2499 -0.1486
4.6949 0.2486 -0.1471
4.7134 0.2460 -0.1458
4.7318 0.2424 -0.1446
4.7502 0.2375 -0.1436
4.7686 0.2316 -0.1428
4.7870 0.2248 -0.1423
4.8054 0.2170 -0.1421
4.8238 0.2085 -0.1422
4.8422 0.1994 -0.1426
4.8607 0.1899 -0.1434
4.8791 0.1800 -0.1445
4.8975 0.1699 -0.1459
4.9159 0.1598 -0.1475
4.9343 0.1497 -0.1494
4.9527 0.1398 -0.1512
4.9711 0.1301 -0.1531
4.9895 0.1205 -0.1548
5.0079 0.1113 -0.1563
5.0264 0.1023 -0.1574
5.0448 0.0935 -0.1581
5.0632 0.0850 -0.1582
5.0816 0.0767 -0.1578
5.1000 0.0686 -0.1569
5.1184 0.0606 -0.1554
5.1368 0.0527 -0.1534
5.1552 0.0448 -0.1511
5.1736 0.0370 -0.1485
5.1921 0.0293 -0.1458
5.2105 0.0215 -0.1432
5.2289 0.0138 -0.1409
5.2473 0.0062 -0.1391
5.2657 -0.0014 -0.1379
5.2841 -0.0089 -0.1375
5.3025 -0.0162 -0.1381
5.3209 -0.0233 -0.1398
5.3394 -0.0300 -0.1424
5.3578 -0.0364 -0.1461
5.3762 -0.0424 -0.1507
5.3946 -0.0478 -0.1560
5.4130 -0.0526 -0.1620
5.4314 -0.0566 -0.1683
5.4498 -0.0598 -0.1747
5.4682 -0.0622 -0.1809
5.4866 -0.0637 -0.1867
5.5051 -0.0642 -0.1918
5.5235 -0.0639 -0.1960
5.5419 -0.0626 -0.1991
5.5603 -0.0606 -0.2011
5.5787 -0.0578 -0.2017
5.5971 -0.0544 -0.2010
5.6155 -0.0507 -0.1991
5.6339 -0.0466 -0.1959
5.6523 -0.0425 -0.1917
5.6708 -0.0386 -0.1866
5.6892 -0.0349 -0.1808
5.7076 -0.0318 -0.1744
5.7260 -0.0293 -0.1676
5.7444 -0.0276 -0.1607
5.7628 -0.0269 -0.1538
5.7812 -0.0271 -0.1471
5.7996 -0.0283 -0.1407
5.8181 -0.0306 -0.1347
5.8365 -0.0339 -0.1291
5.8549 -0.0382 -0.1240
5.8733 -0.0434 -0.1194
5.8917 -0.0493 -0.1153
5.9101 -0.0560 -0.1116
5.9285 -0.0631 -0.1081
5.9469 -0.0706 -0.1049
5.9653 -0.0782 -0.1017
5.9838 -0.0859 -0.0984
6.0022 -0.0932 -0.0949
6.0206 -0.1002 -0.0912
6.0390 -0.1065 -0.0870
6.0574 -0.1121 -0.0822
6.0758 -0.1166 -0.0769
6.0942 -0.1200 -0.0709
6.1126 -0.1221 -0.0643
6.1310 -0.1229 -0.0570
6.1495 -0.1222 -0.0491
6.1679 -0.1200 -0.0406
6.1863 -0.1164 -0.0316
6.2047 -0.1113 -0.0222
6.2231 -0.1049 -0.0125
6.2415 -0.0973 -0.0025
6.2599 -0.0885 0.0076
6.2783 -0.0788 0.0176
6.2968 -0.0684 0.0276
6.3152 -0.0573 0.0374
6.3336 -0.0459 0.0469
6.3520 -0.0342 0.0560
6.3704 -0.0225 0.0647
6.3888 -0.0110 0.0730
6.4072 0.0004 0.0807
6.4256 0.0114 0.0879
6.4440 0.0219 0.0946
6.4625 0.0320 0.1008
6.4809 0.0416 0.1065
6.4993 0.0506 0.1117
6.5177 0.0591 0.1165
6.5361 0.0671 0.1209
6.5545 0.0746 0.1251
6.5729 0.0817 0.1290
6.5913 0.0884 0.1328
6.6097 0.0948 0.1364
6.6282 0.1008 0.1401
6.6466 0.1065 0.1437
6.6650 0.1119 0.1474
6.6834 0.1171 0.1512
6.7018 0.1220 0.1550
6.7202 0.1266 0.1590
6.7386 0.1310 0.1631
6.7570 0.1350 0.1672
6.7755 0.1388 0.1714
6.7939 0.1423 0.1757
6.8123 0.1456 0.1800
6.8307 0.1486 0.1842
6.8491 0.1514 0.1884
6.8675 0.1540 0.1925
6.8859 0.1565 0.1966
6.9043 0.1588 0.2005
6.9227 0.1612 0.2044
6.9412 0.1635 0.2083
6.9596 0.1659 0.2120
6.9780 0.1684 0.2157
6.9964 0.1711 0.2194
7.0148 0.1738 0.2231
7.0332 0.1768 0.2268
7.0516 0.1799 0.2305
7.0700 0.1831 0.2342
7.0884 0.1866 0.2380
7.1069 0.1901 0.2418
7.1253 0.1938 0.2456
7.1437 0.1976 0.2495
7.1621 0.2014 0.2533
7.1805 0.2053 0.2572
7.1989 0.2092 0.2610
7.2173 0.2131 0.2648
7.2357 0.2169 0.2684
7.2542 0.2207 0.2720
7.2726 0.2243 0.2754
7.2910 0.2279 0.2787
7.3094 0.2314 0.2819
7.3278 0.2347 0.2848
7.3462 0.2379 0.2876
7.3646 0.2410 0.2903
7.3830 0.2439 0.2927
7.4014 0.2467 0.2951
7.4199 0.2493 0.2973
7.4383 0.2518 0.2994
7.4567 0.2542 0.3014
7.4751 0.2564 0.3034
7.4935 0.2585 0.3053
7.5119 0.2605 0.3074
7.5303 0.2625 0.3094
7.5487 0.2644 0.3116
7.5671 0.2662 0.3139
7.5856 0.2681 0.3163
7.6040 0.2699 0.3189
7.6224 0.2718 0.3217
7.6408 0.2737 0.3247
7.6592 0.2756 0.3278
7.6776 0.2776 0.3311
7.6960 0.2796 0.3346
7.7144 0.2817 0.3383
7.7329 0.2839 0.3420
7.7513 0.2861 0.3459
7.7697 0.2884 0.3498
7.7881 0.2907 0.3538
7.8065 0.2931 0.3577
7.8249 0.2955 0.3617
7.8433 0.2979 0.3656
7.8617 0.3004 0.3694
7.8801 0.3029 0.3732
7.8986 0.3054 0.3768
7.9170 0.3079 0.3803
7.9354 0.3104 0.3837
7.9538 0.3129 0.3870
7.9722 0.3155 0.3902
7.9906 0.3180 0.3932
8.0090 0.3206 0.3961
8.0274 0.3232 0.3990
8.0458 0.3260 0.4017
8.0643 0.3287 0.4043
8.0827 0.3316 0.4069
8.1011 0.3346 0.4095
8.1195 0.3377 0.4119
8.1379 0.3410 0.4144
8.1563 0.3444 0.4168
8.1747 0.3480 0.4193
8.1931 0.3517 0.4217
8.2116 0.3556 0.4241
8.2300 0.3596 0.4265
8.2484 0.3637 0.4289
8.2668 0.3680 0.4313
8.2852 0.3724 0.4336
8.3036 0.3768 0.4360
8.3220 0.3813 0.4383
8.3404 0.3858 0.4407
8.3588 0.3902 0.4430
8.3773 0.3946 0.4452
8.3957 0.3989 0.4475
8.4141 0.4030 0.4497
8.4325 0.4071 0.4519
8.4509 0.4109 0.4541
8.4693 0.4146 0.4563
8.4877 0.4181 0.4585
8.5061 0.4214 0.4606
8.5245 0.4244 0.4628
8.5430 0.4273 0.4649
8.5614 0.4300 0.4670
8.5798 0.4326 0.4691
8.5982 0.4349 0.4712
8.6166 0.4371 0.4733
8.6350 0.4392 0.4754
8.6534 0.4411 0.4775
8.6718 0.4429 0.4795
8.6903 0.4446 0.4815
8.7087 0.4462 0.4835
8.7271 0.4477 0.4854
8.7455 0.4490 0.4873
8.7639 0.4502 0.4891
8.7823 0.4513 0.4908
8.8007 0.4523 0.4925
8.8191 0.4532 0.4941
8.8375 0.4539 0.4956
8.8560 0.4546 0.4970
8.8744 0.4551 0.4984
8.8928 0.4556 0.4996
8.9112 0.4560 0.5008
8.9296 0.4564 0.5019
8.9480 0.4568 0.5028
8.9664 0.4571 0.5037
8.9848 0.4576 0.5045
9.0033 0.4581 0.5053
9.0217 0.4586 0.5059
9.0401 0.4593 0.5065
9.0585 0.4602 0.5071
9.0769 0.4611 0.5076
9.0953 0.4623 0.5082
9.1137 0.4636 0.5087
9.1321 0.4651 0.5093
9.1505 0.4669 0.5099
9.1690 0.4687 0.5106
9.1874 0.4708 0.5114
9.2058 0.4731 0.5124
9.2242 0.4755 0.5135
9.2426 0.4780 0.5147
9.2610 0.4807 0.5162
9.2794 0.4835 0.5178
9.2978 0.4863 0.5197
9.3162 0.4893 0.5217
9.3347 0.4922 0.5240
9.3531 0.4952 0.5264
9.3715 0.4982 0.5291
9.3899 0.5012 0.5319
9.4083 0.5041 0.5348
9.4267 0.5070 0.5379
9.4451 0.5098 0.5410
9.4635 0.5125 0.5442
9.4820 0.5151 0.5474
9.5004 0.5177 0.5505
9.5188 0.5201 0.5536
9.5372 0.5224 0.5566
9.5556 0.5246 0.5595
9.5740 0.5267 0.5622
9.5924 0.5287 0.5648
9.6108 0.5306 0.5672
9.6292 0.5324 0.5694
9.6477 0.5341 0.5714
9.6661 0.5358 0.5732
9.6845 0.5373 0.5748
9.7029 0.5389 0.5762
9.7213 0.5404 0.5775
9.7397 0.5419 0.5785
9.7581 0.5435 0.5794
9.7765 0.5450 0.5801
9.7949 0.5467 0.5806
9.8134 0.5484 0.5810
9.8318 0.5501 0.5813
9.8502 0.5520 0.5814
9.8686 0.5539 0.5814
9.8870 0.5559 0.5814
9.9054 0.5580 0.5812
9.9238 0.5602 0.5810
9.9422 0.5624 0.5808
9.9607 0.5647 0.5805
9.9791 0.5671 0.5802
9.9975 0.5694 0.5800
10.0159 0.5717 0.5797
10.0343 0.5741 0.5796
10.0527 0.5764 0.5795
10.0711 0.5786 0.5794
10.0895 0.5808 0.5795
10.1079 0.5829 0.5797
10.1264 0.5849 0.5800
10.1448 0.5868 0.5805
10.1632 0.5887 0.5811
10.1816 0.5905 0.5819
10.2000 0.5922 0.5828
10.2184 0.5939 0.5839
10.2368 0.5956 0.5852
10.2552 0.5972 0.5867
10.2736 0.5988 0.5884
10.2921 0.6005 0.5902
10.3105 0.6022 0.5922
10.3289 0.6040 0.5944
10.3473 0.6058 0.5967
10.3657 0.6078 0.5992
10.3841 0.6099 0.6018
10.4025 0.6121 0.6045
10.4209 0.6144 0.6074
10.4394 0.6169 0.6103
10.4578 0.6195 0.6133
10.4762 0.6222 0.6163
10.4946 0.6250 0.6193
10.5130 0.6279 0.6223
10.5314 0.6308 0.6253
10.5498 0.6338 0.6282
10.5682 0.6368 0.6310
10.5866 0.6398 0.6338
10.6051 0.6428 0.6364
10.6235 0.6457 0.6389
10.6419 0.6485 0.6413
10.6603 0.6513 0.6436
10.6787 0.6540 0.6457
10.6971 0.6565 0.6477
10.7155 0.6589 0.6495
10.7339 0.6613 0.6513
10.7523 0.6635 0.6529
10.7708 0.6655 0.6544
10.7892 0.6675 0.6558
10.8076 0.6693 0.6571
10.8260 0.6710 0.6583
10.8444 0.6726 0.6595
10.8628 0.6741 0.6606
10.8812 0.6755 0.6616
10.8996 0.6769 0.6625
10.9181 0.6781 0.6634
10.9365 0.6793 0.6642
10.9549 0.6804 0.6650
10.9733 0.6814 0.6657
10.9917 0.6824 0.6664
11.0101 0.6833 0.6670
11.0285 0.6841 0.6675
11.0469 0.6849 0.6680
11.0653 0.6856 0.6684
11.0838 0.6863 0.6688
11.1022 0.6868 0.6692
11.1206 0.6874 0.6695
11.1390 0.6878 0.6698
11.1574 0.6881 0.6700
11.1758 0.6884 0.6703
11.1942 0.6886 0.6705
11.2126 0.6888 0.6708
11.2310 0.6889 0.6710
11.2495 0.6889 0.6713
11.2679 0.6889 0.6717
11.2863 0.6889 0.6721
11.3047 0.6889 0.6726
11.3231 0.6889 0.6731
11.3415 0.6889 0.6737
11.3599 0.6889 0.6745
11.3783 0.6890 0.6753
11.3968 0.6891 0.6762
11.4152 0.6893 0.6772
11.4336 0.6896 0.6782
11.4520 0.6900 0.6794
11.4704 0.6904 0.6805
11.4888 0.6909 0.6817
11.5072 0.6915 0.6829
11.5256 0.6921 0.6841
11.5440 0.6927 0.6852
11.5625 0.6934 0.6863
11.5809 0.6940 0.6873
11.5993 0.6947 0.6881
11.6177 0.6954 0.6888
11.6361 0.6960 0.6894
11.6545 0.6966 0.6897
11.6729 0.6972 0.6900
11.6913 0.6978 0.6900
11.7097 0.6984 0.6899
11.7282 0.6990 0.6896
11.7466 0.6995 0.6892
11.7650 0.7001 0.6887
11.7834 0.7007 0.6882
11.8018 0.7013 0.6875
11.8202 0.7019 0.6868
11.8386 0.7025 0.6861
11.8570 0.7032 0.6855
11.8755 0.7040 0.6848
11.8939 0.7048 0.6843
11.9123 0.7056 0.6838
11.9307 0.7065 0.6835
11.9491 0.7074 0.6832
11.9675 0.7084 0.6831
11.9859 0.7094 0.6832
12.0043 0.7104 0.6833
12.0227 0.7114 0.6836
12.0412 0.7124 0.6841
12.0596 0.7135 0.6847
12.0780 0.7146 0.6853
12.0964 0.7157 0.6862
12.1148 0.7168 0.6871
12.1332 0.7180 0.6881
12.1516 0.7192 0.6891
12.1700 0.7205 0.6903
12.1884 0.7218 0.6915
12.2069 0.7231 0.6928
12.2253 0.7245 0.6941
12.2437 0.7259 0.6954
12.2621 0.7274 0.6967
12.2805 0.7289 0.6980
12.2989 0.7304 0.6993
12.3173 0.7319 0.7005
12.3357 0.7334 0.7017
12.3542 0.7349 0.7028
12.3726 0.7363 0.7038
12.3910 0.7376 0.7048
12.4094 0.7389 0.7056
12.4278 0.7401 0.7063
12.4462 0.7411 0.7069
12.4646 0.7421 0.7074
12.4830 0.7429 0.7077
12.5014 0.7436 0.7079
12.5199 0.7442 0.7079
12.5383 0.7446 0.7078
12.5567 0.7450 0.7075
12.5751 0.7452 0.7071
12.5935 0.7453 0.7065
12.6119 0.7452 0.7058
12.6303 0.7451 0.7049
12.6487 0.7448 0.7038
12.6671 0.7444 0.7026
12.6856 0.7439 0.7012
12.7040 0.7432 0.6997
12.7224 0.7424 0.6980
12.7408 0.7414 0.6962
12.7592 0.7403 0.6942
12.7776 0.7390 0.6921
12.7960 0.7375 0.6899
12.8144 0.7358 0.6876
12.8329 0.7340 0.6852
12.8513 0.7319 0.6827
12.8697 0.7297 0.6801
12.8881 0.7273 0.6774
12.9065 0.7248 0.6748
12.9249 0.7222 0.6721
12.9433 0.7194 0.6694
12.9617 0.7165 0.6667
12.9801 0.7136 0.6640
12.9986 0.7107 0.6614
13.0170 0.7078 0.6587
13.0354 0.7048 0.6562
13.0538 0.7020 0.6536
13.0722 0.6992 0.6512
13.0906 0.6964 0.6488
13.1090 0.6938 0.6464
13.1274 0.6912 0.6441
13.1459 0.6888 0.6419
13.1643 0.6864 0.6398
13.1827 0.6841 0.6377
13.2011 0.6819 0.6357
13.2195 0.6798 0.6338
13.2379 0.6777 0.6319
13.2563 0.6757 0.6301
13.2747 0.6736 0.6284
13.2931 0.6716 0.6268
13.3116 0.6696 0.6252
13.3300 0.6677 0.6237
13.3484 0.6657 0.6222
13.3668 0.6637 0.6208
13.3852 0.6616 0.6195
13.4036 0.6596 0.6182
13.4220 0.6576 0.6170
13.4404 0.6555 0.6158
13.4588 0.6534 0.6147
13.4773 0.6514 0.6137
13.4957 0.6493 0.6127
13.5141 0.6472 0.6117
13.5325 0.6451 0.6108
13.5509 0.6430 0.6099
13.5693 0.6409 0.6091
13.5877 0.6388 0.6083
13.6061 0.6366 0.6076
13.6246 0.6345 0.6069
13.6430 0.6324 0.6063
13.6614 0.6302 0.6057
13.6798 0.6280 0.6051
13.6982 0.6258 0.6045
13.7166 0.6235 0.6040
13.7350 0.6212 0.6034
13.7534 0.6188 0.6029
13.7718 0.6164 0.6023
13.7903 0.6139 0.6017
13.8087 0.6113 0.6011
13.8271 0.6086 0.6004
13.8455 0.6058 0.5997
13.8639 0.6030 0.5990
13.8823 0.6000 0.5982
13.9007 0.5970 0.5974
13.9191 0.5939 0.5966
13.9375 0.5907 0.5958
13.9560 0.5875 0.5949
13.9744 0.5843 0.5941
13.9928 0.5810 0.5933
14.0112 0.5778 0.5925
14.0296 0.5746 0.5917
14.0480 0.5714 0.5909
14.0664 0.5683 0.5902
14.0848 0.5653 0.5896
14.1033 0.5624 0.5890
14.1217 0.5597 0.5884
14.1401 0.5572 0.5880
14.1585 0.5548 0.5875
14.1769 0.5527 0.5872
14.1953 0.5508 0.5869
14.2137 0.5491 0.5866
14.2321 0.5477 0.5865
14.2505 0.5466 0.5863
14.2690 0.5457 0.5862
14.2874 0.5450 0.5862
14.3058 0.5446 0.5861
14.3242 0.5444 0.5861
14.3426 0.5444 0.5862
14.3610 0.5446 0.5862
14.3794 0.5450 0.5863
14.3978 0.5456 0.5864
14.4162 0.5463 0.5865
14.4347 0.5471 0.5867
14.4531 0.5481 0.5868
14.4715 0.5492 0.5870
14.4899 0.5504 0.5873
14.5083 0.5516 0.5875
14.5267 0.5529 0.5878
14.5451 0.5543 0.5881
14.5635 0.5557 0.5885
14.5820 0.5571 0.5888
14.6004 0.5585 0.5892
14.6188 0.5600 0.5896
14.6372 0.5614 0.5900
14.6556 0.5629 0.5904
14.6740 0.5643 0.5908
14.6924 0.5656 0.5912
14.7108 0.5669 0.5917
14.7292 0.5682 0.5921
14.7477 0.5694 0.5925
14.7661 0.5706 0.5929
14.7845 0.5717 0.5933
14.8029 0.5727 0.5937
14.8213 0.5737 0.5941
14.8397 0.5746 0.5945
14.8581 0.5754 0.5949
14.8765 0.5762 0.5953
14.8949 0.5769 0.5957
14.9134 0.5776 0.5962
14.9318 0.5782 0.5966
14.9502 0.5788 0.5971
14.9686 0.5794 0.5975
14.9870 0.5799 0.5980
15.0054 0.5804 0.5985
15.0238 0.5809 0.5990
15.0422 0.5813 0.5995
15.0607 0.5817 0.6001
15.0791 0.5822 0.6006
15.0975 0.5826 0.6012
15.1159 0.5830 0.6018
15.1343 0.5834 0.6024
15.1527 0.5838 0.6031
15.1711 0.5842 0.6037
15.1895 0.5846 0.6044
15.2079 0.5850 0.6050
15.2264 0.5854 0.6057
15.2448 0.5858 0.6064
15.2632 0.5862 0.6071
15.2816 0.5867 0.6079
15.3000 0.5871 0.6086
15.3184 0.5876 0.6094
15.3368 0.5881 0.6101
15.3552 0.5886 0.6109
15.3736 0.5892 0.6117
15.3921 0.5897 0.6125
15.4105 0.5903 0.6133
15.4289 0.5909 0.6141
15.4473 0.5916 0.6149
15.4657 0.5922 0.6157
15.4841 0.5929 0.6165
15.5025 0.5936 0.6173
15.5209 0.5943 0.6181
15.5394 0.5950 0.6190
15.5578 0.5958 0.6198
15.5762 0.5965 0.6206
15.5946 0.5973 0.6215
15.6130 0.5982 0.6223
15.6314 0.5990 0.6232
15.6498 0.5998 0.6240
15.6682 0.6007 0.6249
15.6866 0.6016 0.6258
15.7051 0.6025 0.6268
15.7235 0.6035 0.6277
15.7419 0.6045 0.6287
15.7603 0.6054 0.6297
15.7787 0.6064 0.6307
15.7971 0.6075 0.6318
15.8155 0.6085 0.6329
15.8339 0.6096 0.6340
15.8523 0.6107 0.6351
15.8708 0.6117 0.6363
15.8892 0.6128 0.6375
15.9076 0.6139 0.6387
15.9260 0.6151 0.6400
15.9444 0.6162 0.6412
15.9628 0.6173 0.6425
15.9812 0.6184 0.6437
15.9996 0.6195 0.6450
16.0181 0.6207 0.6462
16.0365 0.6218 0.6475
16.0549 0.6229 0.6487
16.0733 0.6241 0.6499
16.0917 0.6252 0.6511
16.1101 0.6264 0.6523
16.1285 0.6275 0.6534
16.1469 0.6287 0.6546
16.1653 0.6298 0.6557
16.1838 0.6309 0.6568
16.2022 0.6321 0.6579
16.2206 0.6332 0.6590
16.2390 0.6344 0.6601
16.2574 0.6355 0.6612
16.2758 0.6367 0.6623
16.2942 0.6378 0.6633
16.3126 0.6389 0.6644
16.3310 0.6401 0.6655
16.3495 0.6412 0.6666
16.3679 0.6423 0.6677
16.3863 0.6434 0.6688
16.4047 0.6445 0.6699
16.4231 0.6456 0.6711
16.4415 0.6467 0.6722
16.4599 0.6479 0.6733
16.4783 0.6490 0.6745
16.4968 0.6501 0.6756
16.5152 0.6512 0.6767
16.5336 0.6523 0.6779
16.5520 0.6534 0.6790
16.5704 0.6546 0.6801
16.5888 0.6557 0.6812
16.6072 0.6568 0.6823
16.6256 0.6579 0.6834
16.6440 0.6591 0.6845
16.6625 0.6602 0.6856
16.6809 0.6614 0.6866
16.6993 0.6625 0.6876
16.7177 0.6637 0.6886
16.7361 0.6648 0.6896
16.7545 0.6660 0.6906
16.7729 0.6671 0.6916
16.7913 0.6683 0.6925
16.8097 0.6694 0.6935
16.8282 0.6706 0.6944
16.8466 0.6717 0.6953
16.8650 0.6729 0.6963
16.8834 0.6740 0.6972
16.9018 0.6751 0.6981
16.9202 0.6763 0.6991
16.9386 0.6774 0.7000
16.9570 0.6785 0.7009
16.9755 0.6797 0.7019
16.9939 0.6808 0.7028
17.0123 0.6819 0.7038
17.0307 0.6830 0.7047
17.0491 0.6842 0.7057
17.0675 0.6853 0.7066
17.0859 0.6864 0.7076
17.1043 0.6876 0.7085
17.1227 0.6887 0.7095
17.1412 0.6898 0.7105
17.1596 0.6909 0.7114
17.1780 0.6921 0.7124
17.1964 0.6932 0.7134
17.2148 0.6943 0.7143
17.2332 0.6954 0.7153
17.2516 0.6965 0.7163
17.2700 0.6976 0.7172
17.2884 0.6987 0.7182
17.3069 0.6998 0.7191
17.3253 0.7009 0.7201
17.3437 0.7020 0.7210
17.3621 0.7031 0.7220
17.3805 0.7042 0.7229
17.3989 0.7053 0.7239
17.4173 0.7063 0.7248
17.4357 0.7074 0.7257
17.4542 0.7085 0.7266
17.4726 0.7095 0.7275
17.4910 0.7106 0.7284
17.5094 0.7116 0.7293
17.5278 0.7127 0.7302
17.5462 0.7137 0.7311
17.5646 0.7147 0.7320
17.5830 0.7158 0.7328
17.6014 0.7168 0.7337
17.6199 0.7178 0.7345
17.6383 0.7189 0.7354
17.6567 0.7199 0.7362
17.6751 0.7209 0.7370
17.6935 0.7219 0.7378
17.7119 0.7229 0.7386
17.7303 0.7239 0.7394
17.7487 0.7249 0.7402
17.7672 0.7258 0.7410
17.7856 0.7268 0.7418
17.8040 0.7278 0.7426
17.8224 0.7287 0.7433
17.8408 0.7297 0.7441
17.8592 0.7306 0.7449
17.8776 0.7316 0.7457
17.8960 0.7325 0.7464
17.9144 0.7334 0.7472
17.9329 0.7343 0.7480
17.9513 0.7352 0.7487
17.9697 0.7361 0.7495
17.9881 0.7370 0.7503
18.0065 0.7378 0.7510
18.0249 0.7387 0.7518
18.0433 0.7395 0.7526
18.0617 0.7404 0.7533
18.0801 0.7412 0.7541
18.0986 0.7420 0.7549
18.1170 0.7428 0.7556
18.1354 0.7436 0.7564
18.1538 0.7444 0.7571
18.1722 0.7452 0.7579
18.1906 0.7460 0.7586
18.2090 0.7467 0.7594
18.2274 0.7475 0.7601
18.2459 0.7482 0.7608
18.2643 0.7490 0.7615
18.2827 0.7497 0.7623
18.3011 0.7504 0.7630
18.3195 0.7512 0.7637
18.3379 0.7519 0.7644
18.3563 0.7526 0.7650
18.3747 0.7533 0.7657
18.3931 0.7540 0.7664
18.4116 0.7547 0.7671
18.4300 0.7554 0.7678
18.4484 0.7560 0.7684
18.4668 0.7567 0.7691
18.4852 0.7574 0.7698
18.5036 0.7581 0.7704
18.5220 0.7588 0.7711
18.5404 0.7594 0.7718
18.5588 0.7601 0.7725
18.5773 0.7608 0.7731
18.5957 0.7615 0.7738
18.6141 0.7622 0.7745
18.6325 0.7628 0.7751
18.6509 0.7635 0.7758
18.6693 0.7642 0.7765
18.6877 0.7649 0.7771
18.7061 0.7656 0.7778
18.7246 0.7662 0.7785
18.7430 0.7669 0.7791
18.7614 0.7676 0.7798
18.7798 0.7682 0.7805
18.7982 0.7689 0.7811
18.8166 0.7696 0.7817
18.8350 0.7702 0.7824
18.8534 0.7709 0.7830
18.8718 0.7715 0.7836
18.8903 0.7721 0.7842
18.9087 0.7728 0.7848
18.9271 0.7734 0.7854
18.9455 0.7740 0.7860
18.9639 0.7746 0.7866
18.9823 0.7753 0.7872
19.0007 0.7759 0.7878
19.0191 0.7765 0.7883
19.0375 0.7771 0.7889
19.0560 0.7777 0.7894
19.0744 0.7783 0.7899
19.0928 0.7789 0.7905
19.1112 0.7795 0.7910
19.1296 0.7801 0.7915
19.1480 0.7807 0.7920
19.1664 0.7813 0.7925
19.1848 0.7819 0.7930
19.2033 0.7824 0.7935
19.2217 0.7830 0.7940
19.2401 0.7836 0.7945
19.2585 0.7842 0.7950
19.2769 0.7848 0.7955
19.2953 0.7853 0.7960
19.3137 0.7859 0.7965
19.3321 0.7865 0.7970
19.3505 0.7871 0.7975
19.3690 0.7876 0.7979
19.3874 0.7882 0.7984
19.4058 0.7887 0.7989
19.4242 0.7893 0.7994
19.4426 0.7899 0.7998
19.4610 0.7904 0.8003
19.4794 0.7910 0.8008
19.4978 0.7915 0.8013
19.5162 0.7920 0.8017
19.5347 0.7926 0.8022
19.5531 0.7931 0.8027
19.5715 0.7936 0.8032
19.5899 0.7942 0.8037
19.6083 0.7947 0.8041
19.6267 0.7952 0.8046
19.6451 0.7957 0.8051
19.6635 0.7962 0.8056
19.6820 0.7967 0.8060
19.7004 0.7972 0.8065
19.7188 0.7977 0.8070
19.7372 0.7982 0.8075
19.7556 0.7987 0.8080
19.7740 0.7991 0.8084
19.7924 0.7996 0.8089
19.8108 0.8001 0.8094
19.8292 0.8006 0.8098
19.8477 0.8010 0.8103
19.8661 0.8015 0.8108
19.8845 0.8019 0.8112
19.9029 0.8024 0.8117
19.9213 0.8028 0.8122
19.9397 0.8033 0.8126
19.9581 0.8037 0.8131
19.9765 0.8042 0.8135
19.9949 0.8046 0.8140
20.0134 0.8051 0.8144
20.0318 0.8055 0.8149
20.0502 0.8060 0.8153
20.0686 0.8064 0.8158
20.0870 0.8068 0.8162
20.1054 0.8073 0.8167
20.1238 0.8077 0.8171
20.1422 0.8082 0.8175
20.1607 0.8086 0.8180
20.1791 0.8091 0.8184
20.1975 0.8095 0.8189
20.2159 0.8100 0.8193
20.2343 0.8104 0.8198
20.2527 0.8109 0.8202
20.2711 0.8113 0.8207
20.2895 0.8118 0.8211
20.3079 0.8123 0.8215
20.3264 0.8127 0.8220
20.3448 0.8132 0.8224
20.3632 0.8137 0.8229
20.3816 0.8141 0.8233
20.4000 0.8146 0.8238
20.4184 0.8151 0.8242
20.4368 0.8155 0.8246
20.4552 0.8160 0.8251
20.4736 0.8164 0.8255
20.4921 0.8169 0.8259
20.5105 0.8174 0.8264
20.5289 0.8178 0.8268
20.5473 0.8183 0.8272
20.5657 0.8187 0.8277
20.5841 0.8191 0.8281
20.6025 0.8196 0.8285
20.6209 0.8200 0.8289
20.6394 0.8205 0.8293
20.6578 0.8209 0.8297
20.6762 0.8213 0.8301
20.6946 0.8217 0.8305
20.7130 0.8222 0.8309
20.7314 0.8226 0.8313
20.7498 0.8230 0.8317
20.7682 0.8234 0.8321
20.7866 0.8239 0.8324
20.8051 0.8243 0.8328
20.8235 0.8247 0.8332
20.8419 0.8251 0.8336
20.8603 0.8256 0.8339
20.8787 0.8260 0.8343
20.8971 0.8264 0.8347
20.9155 0.8268 0.8351
20.9339 0.8273 0.8354
20.9523 0.8277 0.8358
20.9708 0.8281 0.8362
20.9892 0.8285 0.8366
21.0076 0.8290 0.8370
21.0260 0.8294 0.8373
21.0444 0.8298 0.8377
21.0628 0.8302 0.8381
21.0812 0.8306 0.8385
21.0996 0.8310 0.8389
21.1181 0.8315 0.8393
21.1365 0.8319 0.8397
21.1549 0.8323 0.8401
21.1733 0.8327 0.8405
21.1917 0.8331 0.8408
21.2101 0.8335 0.8412
21.2285 0.8339 0.8416
21.2469 0.8343 0.8420
21.2653 0.8346 0.8424
21.2838 0.8350 0.8427
21.3022 0.8354 0.8431
21.3206 0.8358 0.8435
21.3390 0.8361 0.8438
21.3574 0.8365 0.8442
21.3758 0.8369 0.8446
21.3942 0.8372 0.8449
21.4126 0.8376 0.8453
21.4310 0.8379 0.8457
21.4495 0.8383 0.8460
21.4679 0.8386 0.8464
21.4863 0.8390 0.8467
21.5047 0.8393 0.8471
21.5231 0.8396 0.8474
21.5415 0.8400 0.8478
21.5599 0.8403 0.8481
21.5783 0.8407 0.8484
21.5968 0.8410 0.8488
21.6152 0.8413 0.8491
21.6336 0.8417 0.8494
21.6520 0.8420 0.8497
21.6704 0.8423 0.8501
21.6888 0.8427 0.8504
21.7072 0.8430 0.8507
21.7256 0.8434 0.8510
21.7440 0.8437 0.8513
21.7625 0.8440 0.8516
21.7809 0.8444 0.8519
21.7993 0.8447 0.8522
21.8177 0.8450 0.8525
21.8361 0.8454 0.8528
21.8545 0.8457 0.8531
21.8729 0.8460 0.8534
21.8913 0.8464 0.8536
21.9098 0.8467 0.8539
21.9282 0.8470 0.8542
21.9466 0.8473 0.8545
21.9650 0.8477 0.8547
21.9834 0.8480 0.8550
22.0018 0.8483 0.8553
22.0202 0.8486 0.8556
22.0386 0.8489 0.8558
22.0570 0.8492 0.8561
22.0755 0.8495 0.8564
22.0939 0.8497 0.8567
22.1123 0.8500 0.8570
22.1307 0.8503 0.8572
22.1491 0.8506 0.8575
22.1675 0.8509 0.8578
22.1859 0.8511 0.8581
22.2043 0.8514 0.8584
22.2227 0.8517 0.8587
22.2412 0.8520 0.8590
22.2596 0.8522 0.8593
22.2780 0.8525 0.8596
22.2964 0.8528 0.8599
22.3148 0.8531 0.8602
22.3332 0.8533 0.8605
22.3516 0.8536 0.8608
22.3700 0.8539 0.8611
22.3885 0.8542 0.8614
22.4069 0.8545 0.8617
22.4253 0.8548 0.8620
22.4437 0.8551 0.8622
22.4621 0.8554 0.8625
22.4805 0.8557 0.8628
22.4989 0.8560 0.8631
22.5173 0.8563 0.8634
22.5357 0.8566 0.8636
22.5542 0.8569 0.8639
22.5726 0.8572 0.8642
22.5910 0.8575 0.8645
22.6094 0.8578 0.8647
22.6278 0.8581 0.8650
22.6462 0.8585 0.8653
22.6646 0.8588 0.8656
22.6830 0.8591 0.8658
22.7014 0.8594 0.8661
22.7199 0.8597 0.8664
22.7383 0.8600 0.8666
22.7567 0.8603 0.8669
22.7751 0.8607 0.8672
22.7935 0.8610 0.8674
22.8119 0.8613 0.8677
22.8303 0.8616 0.8680
22.8487 0.8619 0.8683
22.8672 0.8622 0.8685
22.8856 0.8625 0.8688
22.9040 0.8628 0.8691
22.9224 0.8631 0.8693
22.9408 0.8633 0.8696
22.9592 0.8636 0.8699
22.9776 0.8639 0.8701
22.9960 0.8642 0.8704
23.0144 0.8644 0.8706
23.0329 0.8647 0.8709
23.0513 0.8650 0.8712
23.0697 0.8652 0.8714
23.0881 0.8655 0.8717
23.1065 0.8657 0.8719
23.1249 0.8660 0.8722
23.1433 0.8662 0.8724
23.1617 0.8665 0.8727
23.1801 0.8667 0.8730
23.1986 0.8670 0.8732
23.2170 0.8672 0.8734
23.2354 0.8675 0.8737
23.2538 0.8677 0.8739
23.2722 0.8680 0.8742
23.2906 0.8682 0.8744
23.3090 0.8685 0.8747
23.3274 0.8687 0.8749
23.3459 0.8690 0.8752
23.3643 0.8692 0.8754
23.3827 0.8695 0.8756
23.4011 0.8697 0.8759
23.4195 0.8700 0.8761
23.4379 0.8702 0.8763
23.4563 0.8705 0.8766
23.4747 0.8707 0.8768
23.4931 0.8709 0.8770
23.5116 0.8712 0.8772
23.5300 0.8714 0.8774
23.5484 0.8716 0.8777
23.5668 0.8718 0.8779
23.5852 0.8720 0.8781
23.6036 0.8723 0.8783
23.6220 0.8725 0.8785
23.6404 0.8727 0.8787
23.6588 0.8729 0.8789
23.6773 0.8731 0.8791
23.6957 0.8733 0.8793
23.7141 0.8735 0.8795
23.7325 0.8737 0.8797
23.7509 0.8739 0.8799
23.7693 0.8741 0.8801
23.7877 0.8743 0.8803
23.8061 0.8745 0.8805
23.8246 0.8747 0.8807
23.8430 0.8749 0.8809
23.8614 0.8751 0.8811
23.8798 0.8753 0.8813
23.8982 0.8755 0.8815
23.9166 0.8757 0.8816
23.9350 0.8759 0.8818
23.9534 0.8761 0.8820
23.9718 0.8763 0.8822
23.9903 0.8765 0.8824
24.0087 0.8767 0.8825
24.0271 0.8769 0.8827
24.0455 0.8771 0.8829
24.0639 0.8773 0.8831
24.0823 0.8775 0.8833
24.1007 0.8777 0.8834
24.1191 0.8779 0.8836
24.1375 0.8780 0.8838
24.1560 0.8782 0.8840
24.1744 0.8784 0.8841
24.1928 0.8786 0.8843
24.2112 0.8788 0.8845
24.2296 0.8789 0.8846
24.2480 0.8791 0.8848
24.2664 0.8793 0.8850
24.2848 0.8794 0.8852
24.3033 0.8796 0.8853
24.3217 0.8798 0.8855
24.3401 0.8799 0.8857
24.3585 0.8801 0.8858
24.3769 0.8803 0.8860
24.3953 0.8805 0.8862
24.4137 0.8806 0.8863
24.4321 0.8808 0.8865
24.4505 0.8810 0.8867
24.4690 0.8812 0.8868
24.4874 0.8814 0.8870
24.5058 0.8816 0.8872
24.5242 0.8818 0.8874
24.5426 0.8820 0.8875
24.5610 0.8822 0.8877
24.5794 0.8823 0.8879
24.5978 0.8825 0.8881
24.6162 0.8827 0.8882
24.6347 0.8829 0.8884
24.6531 0.8831 0.8886
24.6715 0.8833 0.8888
24.6899 0.8835 0.8889
24.7083 0.8838 0.8891
24.7267 0.8839 0.8893
24.7451 0.8841 0.8895
24.7635 0.8843 0.8896
24.7820 0.8845 0.8898
24.8004 0.8847 0.8900
24.8188 0.8849 0.8902
24.8372 0.8851 0.8903
24.8556 0.8853 0.8905
24.8740 0.8855 0.8907
24.8924 0.8857 0.8909
24.9108 0.8859 0.8910
24.9292 0.8861 0.8912
24.9477 0.8863 0.8914
24.9661 0.8865 0.8916
24.9845 0.8867 0.8918
25.0029 0.8869 0.8919
25.0213 0.8871 0.8921
25.0397 0.8873 0.8923
25.0581 0.8875 0.8925
25.0765 0.8877 0.8927
25.0949 0.8879 0.8929
25.1134 0.8881 0.8930
25.1318 0.8883 0.8932
25.1502 0.8885 0.8934
25.1686 0.8887 0.8936
25.1870 0.8889 0.8938
25.2054 0.8891 0.8940
25.2238 0.8893 0.8941
25.2422 0.8895 0.8943
25.2607 0.8896 0.8945
25.2791 0.8898 0.8947
25.2975 0.8900 0.8949
25.3159 0.8902 0.8951
25.3343 0.8904 0.8952
25.3527 0.8906 0.8954
25.3711 0.8908 0.8956
25.3895 0.8910 0.8958
25.4079 0.8912 0.8960
25.4264 0.8914 0.8961
25.4448 0.8916 0.8963
25.4632 0.8917 0.8965
25.4816 0.8919 0.8967
25.5000 0.8921 0.8969
25.5184 0.8923 0.8971
25.5368 0.8925 0.8972
25.5552 0.8927 0.8974
25.5736 0.8929 0.8976
25.5921 0.8931 0.8978
25.6105 0.8933 0.8980
25.6289 0.8935 0.8981
25.6473 0.8937 0.8983
25.6657 0.8938 0.8985
25.6841 0.8940 0.8987
25.7025 0.8942 0.8989
25.7209 0.8944 0.8990
25.7394 0.8946 0.8992
25.7578 0.8948 0.8994
25.7762 0.8950 0.8996
25.7946 0.8952 0.8997
25.8130 0.8953 0.8999
25.8314 0.8955 0.9001
25.8498 0.8957 0.9002
25.8682 0.8959 0.9004
25.8866 0.8961 0.9006
25.9051 0.8962 0.9007
25.9235 0.8964 0.9009
25.9419 0.8966 0.9011
25.9603 0.8967 0.9012
25.9787 0.8969 0.9014
25.9971 0.8971 0.9015
26.0155 0.8973 0.9017
26.0339 0.8974 0.9019
26.0524 0.8976 0.9020
26.0708 0.8978 0.9022
26.0892 0.8979 0.9023
26.1076 0.8981 0.9025
26.1260 0.8983 0.9027
26.1444 0.8984 0.9028
26.1628 0.8986 0.9030
26.1812 0.8987 0.9031
26.1996 0.8989 0.9033
26.2181 0.8991 0.9035
26.2365 0.8992 0.9036
26.2549 0.8994 0.9038
26.2733 0.8995 0.9039
26.2917 0.8997 0.9041
26.3101 0.8998 0.9042
26.3285 0.9000 0.9044
26.3469 0.9002 0.9045
26.3653 0.9003 0.9047
26.3838 0.9005 0.9048
26.4022 0.9006 0.9050
26.4206 0.9008 0.9051
26.4390 0.9009 0.9053
26.4574 0.9011 0.9054
26.4758 0.9012 0.9055
26.4942 0.9014 0.9057
26.5126 0.9015 0.9058
26.5311 0.9017 0.9060
26.5495 0.9018 0.9061
26.5679 0.9020 0.9062
26.5863 0.9021 0.9064
26.6047 0.9023 0.9065
26.6231 0.9024 0.9066
26.6415 0.9026 0.9067
26.6599 0.9027 0.9069
26.6783 0.9029 0.9070
26.6968 0.9030 0.9071
26.7152 0.9032 0.9073
26.7336 0.9033 0.9074
26.7520 0.9035 0.9075
26.7704 0.9036 0.9076
26.7888 0.9038 0.9078
26.8072 0.9039 0.9079
26.8256 0.9041 0.9080
26.8440 0.9042 0.9082
26.8625 0.9044 0.9083
26.8809 0.9046 0.9084
26.8993 0.9047 0.9086
26.9177 0.9049 0.9087
26.9361 0.9050 0.9089
26.9545 0.9052 0.9090
26.9729 0.9053 0.9091
26.9913 0.9054 0.9093
27.0098 0.9056 0.9094
27.0282 0.9057 0.9096
27.0466 0.9059 0.9097
27.0650 0.9060 0.9098
27.0834 0.9062 0.9100
27.1018 0.9063 0.9101
27.1202 0.9065 0.9103
27.1386 0.9066 0.9104
27.1570 0.9068 0.9105
27.1755 0.9069 0.9107
27.1939 0.9071 0.9108
27.2123 0.9072 0.9110
27.2307 0.9073 0.9111
27.2491 0.9075 0.9112
27.2675 0.9076 0.9114
27.2859 0.9078 0.9115
27.3043 0.9079 0.9117
27.3227 0.9081 0.9118
27.3412 0.9082 0.9119
27.3596 0.9084 0.9121
27.3780 0.9085 0.9122
27.3964 0.9086 0.9124
27.4148 0.9088 0.9125
27.4332 0.9089 0.9126
27.4516 0.9091 0.9128
27.4700 0.9092 0.9129
27.4885 0.9093 0.9130
27.5069 0.9095 0.9132
27.5253 0.9096 0.9133
27.5437 0.9098 0.9135
27.5621 0.9099 0.9136
27.5805 0.9101 0.9137
27.5989 0.9102 0.9139
27.6173 0.9103 0.9140
27.6357 0.9105 0.9141
27.6542 0.9106 0.9143
27.6726 0.9108 0.9144
27.6910 0.9109 0.9145
27.7094 0.9110 0.9147
27.7278 0.9112 0.9148
27.7462 0.9113 0.9149
27.7646 0.9114 0.9151
27.7830 0.9116 0.9152
27.8014 0.9117 0.9153
27.8199 0.9119 0.9155
27.8383 0.9120 0.9156
27.8567 0.9121 0.9157
27.8751 0.9123 0.9158
27.8935 0.9124 0.9160
27.9119 0.9125 0.9161
27.9303 0.9127 0.9162
27.9487 0.9128 0.9164
27.9672 0.9129 0.9165
27.9856 0.9131 0.9166
28.0040 0.9132 0.9168
28.0224 0.9133 0.9169
28.0408 0.9135 0.9170
28.0592 0.9136 0.9171
28.0776 0.9137 0.9173
28.0960 0.9139 0.9174
28.1144 0.9140 0.9175
28.1329 0.9141 0.9176
28.1513 0.9143 0.9178
28.1697 0.9144 0.9179
28.1881 0.9145 0.9180
28.2065 0.9147 0.9182
28.2249 0.9148 0.9183
28.2433 0.9149 0.9184
28.2617 0.9151 0.9185
28.2801 0.9152 0.9186
28.2986 0.9153 0.9188
28.3170 0.9155 0.9189
28.3354 0.9156 0.9190
28.3538 0.9157 0.9191
28.3722 0.9158 0.9193
28.3906 0.9160 0.9194
28.4090 0.9161 0.9195
28.4274 0.9162 0.9196
28.4459 0.9163 0.9197
28.4643 0.9165 0.9199
28.4827 0.9166 0.9200
28.5011 0.9167 0.9201
28.5195 0.9168 0.9202
28.5379 0.9170 0.9203
28.5563 0.9171 0.9204
28.5747 0.9172 0.9206
28.5931 0.9173 0.9207
28.6116 0.9175 0.9208
28.6300 0.9176 0.9209
28.6484 0.9177 0.9210
28.6668 0.9178 0.9211
28.6852 0.9180 0.9213
28.7036 0.9181 0.9214
28.7220 0.9182 0.9215
28.7404 0.9183 0.9216
28.7588 0.9184 0.9217
28.7773 0.9186 0.9218
28.7957 0.9187 0.9219
28.8141 0.9188 0.9221
28.8325 0.9189 0.9222
28.8509 0.9190 0.9223
28.8693 0.9192 0.9224
28.8877 0.9193 0.9225
28.9061 0.9194 0.9226
28.9246 0.9195 0.9227
28.9430 0.9196 0.9228
28.9614 0.9197 0.9230
28.9798 0.9199 0.9231
28.9982 0.9200 0.9232
29.0166 0.9201 0.9233
29.0350 0.9202 0.9234
29.0534 0.9203 0.9235
29.0718 0.9204 0.9236
29.0903 0.9206 0.9237
29.1087 0.9207 0.9238
29.1271 0.9208 0.9240
29.1455 0.9209 0.9241
29.1639 0.9210 0.9242
29.1823 0.9211 0.9243
29.2007 0.9212 0.9244
29.2191 0.9214 0.9245
29.2375 0.9215 0.9246
29.2560 0.9216 0.9247
29.2744 0.9217 0.9248
29.2928 0.9218 0.9249
29.3112 0.9219 0.9250
29.3296 0.9220 0.9251
29.3480 0.9221 0.9253
29.3664 0.9223 0.9254
29.3848 0.9224 0.9255
29.4033 0.9225 0.9256
29.4217 0.9226 0.9257
29.4401 0.9227 0.9258
29.4585 0.9228 0.9259
29.4769 0.9229 0.9260
29.4953 0.9230 0.9261
29.5137 0.9231 0.9262
29.5321 0.9232 0.9263
29.5505 0.9234 0.9264
29.5690 0.9235 0.9265
29.5874 0.9236 0.9266
29.6058 0.9237 0.9267
29.6242 0.9238 0.9268
29.6426 0.9239 0.9269
29.6610 0.9240 0.9270
29.6794 0.9241 0.9271
29.6978 0.9242 0.9272
29.7162 0.9243 0.9273
29.7347 0.9244 0.9274
29.7531 0.9245 0.9275
29.7715 0.9246 0.9276
29.7899 0.9247 0.9277
29.8083 0.9248 0.9278
29.8267 0.9250 0.9279
29.8451 0.9251 0.9280
29.8635 0.9252 0.9281
29.8820 0.9253 0.9282
29.9004 0.9254 0.9283
29.9188 0.9255 0.9284
29.9372 0.9256 0.9285
29.9556 0.9257 0.9286
29.9740 0.9258 0.9287
29.9924 0.9259 0.9288
30.0108 0.9260 0.9289
30.0292 0.9261 0.9290
30.0477 0.9262 0.9291
30.0661 0.9263 0.9292
30.0845 0.9264 0.9293
30.1029 0.9265 0.9294
30.1213 0.9266 0.9295
30.1397 0.9267 0.9296
30.1581 0.9268 0.9297
30.1765 0.9269 0.9298
30.1949 0.9270 0.9299
30.2134 0.9271 0.9300
30.2318 0.9272 0.9301
30.2502 0.9273 0.9302
30.2686 0.9274 0.9303
30.2870 0.9275 0.9304
30.3054 0.9276 0.9305
30.3238 0.9277 0.9306
30.3422 0.9278 0.9307
30.3607 0.9279 0.9307
30.3791 0.9280 0.9308
30.3975 0.9281 0.9309
30.4159 0.9282 0.9310
30.4343 0.9283 0.9311
30.4527 0.9284 0.9312
30.4711 0.9285 0.9313
30.4895 0.9286 0.9314
30.5079 0.9287 0.9315
30.5264 0.9288 0.9316
30.5448 0.9289 0.9317
30.5632 0.9290 0.9318
30.5816 0.9291 0.9319
30.6000 0.9291 0.9319
30.6184 0.9292 0.9320
30.6368 0.9293 0.9321
30.6552 0.9294 0.9322
30.6737 0.9295 0.9323
30.6921 0.9296 0.9324
30.7105 0.9297 0.9325
30.7289 0.9298 0.9326
30.7473 0.9299 0.9327
30.7657 0.9300 0.9328
30.7841 0.9301 0.9328
30.8025 0.9302 0.9329
30.8209 0.9303 0.9330
30.8394 0.9304 0.9331
30.8578 0.9305 0.9332
30.8762 0.9306 0.9333
30.8946 0.9306 0.9334
30.9130 0.9307 0.9335
30.9314 0.9308 0.9336
30.9498 0.9309 0.9336
30.9682 0.9310 0.9337
30.9866 0.9311 0.9338
31.0051 0.9312 0.9339
31.0235 0.9313 0.9340
31.0419 0.9314 0.9341
31.0603 0.9315 0.9342
31.0787 0.9316 0.9342
31.0971 0.9316 0.9343
31.1155 0.9317 0.9344
31.1339 0.9318 0.9345
31.1524 0.9319 0.9346
31.1708 0.9320 0.9347
31.1892 0.9321 0.9348
31.2076 0.9322 0.9348
31.2260 0.9323 0.9349
31.2444 0.9324 0.9350
31.2628 0.9324 0.9351
31.2812 0.9325 0.9352
31.2996 0.9326 0.9353
31.3181 0.9327 0.9353
31.3365 0.9328 0.9354
31.3549 0.9329 0.9355
31.3733 0.9330 0.9356
31.3917 0.9331 0.9357
31.4101 0.9331 0.9358
31.4285 0.9332 0.9358
31.4469 0.9333 0.9359
31.4653 0.9334 0.9360
31.4838 0.9335 0.9361
31.5022 0.9336 0.9362
31.5206 0.9337 0.9363
31.5390 0.9337 0.9363
31.5574 0.9338 0.9364
31.5758 0.9339 0.9365
31.5942 0.9340 0.9366
31.6126 0.9341 0.9367
31.6311 0.9342 0.9367
31.6495 0.9343 0.9368
31.6679 0.9343 0.9369
31.6863 0.9344 0.9370
31.7047 0.9345 0.9371
31.7231 0.9346 0.9371
31.7415 0.9347 0.9372
31.7599 0.9348 0.9373
31.7783 0.9348 0.9374
31.7968 0.9349 0.9375
31.8152 0.9350 0.9375
31.8336 0.9351 0.9376
31.8520 0.9352 0.9377
31.8704 0.9353 0.9378
31.8888 0.9353 0.9379
31.9072 0.9354 0.9379
31.9256 0.9355 0.9380
31.9440 0.9356 0.9381
31.9625 0.9357 0.9382
31.9809 0.9357 0.9382
31.9993 0.9358 0.9383
32.0177 0.9359 0.9384
32.0361 0.9360 0.9385
32.0545 0.9361 0.9386
32.0729 0.9361 0.9386
32.0913 0.9362 0.9387
32.1098 0.9363 0.9388
32.1282 0.9364 0.9389
32.1466 0.9365 0.9389
32.1650 0.9365 0.9390
32.1834 0.9366 0.9391
32.2018 0.9367 0.9392
32.2202 0.9368 0.9392
32.2386 0.9369 0.9393
32.2570 0.9369 0.9394
32.2755 0.9370 0.9395
32.2939 0.9371 0.9395
32.3123 0.9372 0.9396
32.3307 0.9373 0.9397
32.3491 0.9373 0.9398
32.3675 0.9374 0.9398
32.3859 0.9375 0.9399
32.4043 0.9376 0.9400
32.4227 0.9376 0.9401
32.4412 0.9377 0.9401
32.4596 0.9378 0.9402
32.4780 0.9379 0.9403
32.4964 0.9380 0.9404
32.5148 0.9380 0.9404
32.5332 0.9381 0.9405
32.5516 0.9382 0.9406
32.5700 0.9383 0.9407
32.5885 0.9383 0.9407
32.6069 0.9384 0.9408
32.6253 0.9385 0.9409
32.6437 0.9386 0.9409
32.6621 0.9386 0.9410
32.6805 0.9387 0.9411
32.6989 0.9388 0.9412
32.7173 0.9389 0.9412
32.7357 0.9389 0.9413
32.7542 0.9390 0.9414
32.7726 0.9391 0.9415
32.7910 0.9392 0.9415
32.8094 0.9392 0.9416
32.8278 0.9393 0.9417
32.8462 0.9394 0.9417
32.8646 0.9395 0.9418
32.8830 0.9395 0.9419
32.9014 0.9396 0.9419
32.9199 0.9397 0.9420
32.9383 0.9398 0.9421
32.9567 0.9398 0.9422
32.9751 0.9399 0.9422
32.9935 0.9400 0.9423
33.0119 0.9400 0.9424
33.0303 0.9401 0.9424
33.0487 0.9402 0.9425
33.0672 0.9403 0.9426
33.0856 0.9403 0.9426
33.1040 0.9404 0.9427
33.1224 0.9405 0.9428
33.1408 0.9406 0.9429
33.1592 0.9406 0.9429
33.1776 0.9407 0.9430
33.1960 0.9408 0.9431
33.2144 0.9408 0.9431
33.2329 0.9409 0.9432
33.2513 0.9410 0.9433
33.2697 0.9411 0.9433
33.2881 0.9411 0.9434
33.3065 0.9412 0.9435
33.3249 0.9413 0.9435
33.3433 0.9413 0.9436
33.3617 0.9414 0.9437
33.3801 0.9415 0.9437
33.3986 0.9415 0.9438
33.4170 0.9416 0.9439
33.4354 0.9417 0.9439
33.4538 0.9418 0.9440
33.4722 0.9418 0.9441
33.4906 0.9419 0.9441
33.5090 0.9420 0.9442
33.5274 0.9420 0.9443
33.5459 0.9421 0.9443
33.5643 0.9422 0.9444
33.5827 0.9422 0.9445
33.6011 0.9423 0.9445
33.6195 0.9424 0.9446
33.6379 0.9424 0.9447
33.6563 0.9425 0.9447
33.6747 0.9426 0.9448
33.6931 0.9426 0.9449
33.7116 0.9427 0.9449
33.7300 0.9428 0.9450
33.7484 0.9428 0.9451
33.7668 0.9429 0.9451
33.7852 0.9430 0.9452
33.8036 0.9431 0.9452
33.8220 0.9431 0.9453
33.8404 0.9432 0.9454
33.8588 0.9433 0.9454
33.8773 0.9433 0.9455
33.8957 0.9434 0.9456
33.9141 0.9435 0.9456
33.9325 0.9435 0.9457
33.9509 0.9436 0.9458
33.9693 0.9436 0.9458
33.9877 0.9437 0.9459
34.0061 0.9438 0.9459
34.0246 0.9438 0.9460
34.0430 0.9439 0.9461
34.0614 0.9440 0.9461
34.0798 0.9440 0.9462
34.0982 0.9441 0.9463
34.1166 0.9442 0.9463
34.1350 0.9442 0.9464
34.1534 0.9443 0.9464
34.1718 0.9444 0.9465
34.1903 0.9444 0.9466
34.2087 0.9445 0.9466
34.2271 0.9446 0.9467
34.2455 0.9446 0.9468
34.2639 0.9447 0.9468
34.2823 0.9448 0.9469
34.3007 0.9448 0.9469
34.3191 0.9449 0.9470
34.3375 0.9449 0.9471
34.3560 0.9450 0.9471
34.3744 0.9451 0.9472
34.3928 0.9451 0.9472
34.4112 0.9452 0.9473
34.4296 0.9453 0.9474
34.4480 0.9453 0.9474
34.4664 0.9454 0.9475
34.4848 0.9455 0.9475
34.5033 0.9455 0.9476
34.5217 0.9456 0.9477
34.5401 0.9456 0.9477
34.5585 0.9457 0.9478
34.5769 0.9458 0.9478
34.5953 0.9458 0.9479
34.6137 0.9459 0.9480
34.6321 0.9459 0.9480
34.6505 0.9460 0.9481
34.6690 0.9461 0.9481
34.6874 0.9461 0.9482
34.7058 0.9462 0.9483
34.7242 0.9463 0.9483
34.7426 0.9463 0.9484
34.7610 0.9464 0.9484
34.7794 0.9464 0.9485
34.7978 0.9465 0.9485
34.8163 0.9466 0.9486
34.8347 0.9466 0.9487
34.8531 0.9467 0.9487
34.8715 0.9467 0.9488
34.8899 0.9468 0.9488
34.9083 0.9469 0.9489
34.9267 0.9469 0.9490
34.9451 0.9470 0.9490
34.9635 0.9470 0.9491
34.9820 0.9471 0.9491
35.0004 0.9472 0.9492
35.0188 0.9472 0.9492
35.0372 0.9473 0.9493
35.0556 0.9473 0.9494
35.0740 0.9474 0.9494
35.0924 0.9475 0.9495
35.1108 0.9475 0.9495
35.1292 0.9476 0.9496
35.1477 0.9476 0.9496
35.1661 0.9477 0.9497
35.1845 0.9478 0.9498
35.2029 0.9478 0.9498
35.2213 0.9479 0.9499
35.2397 0.9479 0.9499
35.2581 0.9480 0.9500
35.2765 0.9480 0.9500
35.2950 0.9481 0.9501
35.3134 0.9482 0.9501
35.3318 0.9482 0.9502
35.3502 0.9483 0.9503
35.3686 0.9483 0.9503
35.3870 0.9484 0.9504
35.4054 0.9485 0.9504
35.4238 0.9485 0.9505
35.4422 0.9486 0.9505
35.4607 0.9486 0.9506
35.4791 0.9487 0.9506
35.4975 0.9487 0.9507
35.5159 0.9488 0.9507
35.5343 0.9489 0.9508
35.5527 0.9489 0.9509
35.5711 0.9490 0.9509
35.5895 0.9490 0.9510
35.6079 0.9491 0.9510
35.6264 0.9491 0.9511
35.6448 0.9492 0.9511
35.6632 0.9492 0.9512
35.6816 0.9493 0.9512
35.7000 0.9494 0.9513
35.7184 0.9494 0.9513
35.7368 0.9495 0.9514
35.7552 0.9495 0.9514
35.7737 0.9496 0.9515
35.7921 0.9496 0.9516
35.8105 0.9497 0.9516
35.8289 0.9497 0.9517
35.8473 0.9498 0.9517
35.8657 0.9499 0.9518
35.8841 0.9499 0.9518
35.9025 0.9500 0.9519
35.9209 0.9500 0.9519
35.9394 0.9501 0.9520
35.9578 0.9501 0.9520
35.9762 0.9502 0.9521
35.9946 0.9502 0.9521
36.0130 0.9503 0.9522
36.0314 0.9503 0.9522
36.0498 0.9504 0.9523
36.0682 0.9505 0.9523
36.0866 0.9505 0.9524
36.1051 0.9506 0.9524
36.1235 0.9506 0.9525
36.1419 0.9507 0.9525
36.1603 0.9507 0.9526
36.1787 0.9508 0.9526
36.1971 0.9508 0.9527
36.2155 0.9509 0.9528
36.2339 0.9509 0.9528
36.2524 0.9510 0.9529
36.2708 0.9510 0.9529
36.2892 0.9511 0.9530
36.3076 0.9512 0.9530
36.3260 0.9512 0.9531
36.3444 0.9513 0.9531
36.3628 0.9513 0.9532
36.3812 0.9514 0.9532
36.3996 0.9514 0.9533
36.4181 0.9515 0.9533
36.4365 0.9515 0.9534
36.4549 0.9516 0.9534
36.4733 0.9516 0.9535
36.4917 0.9517 0.9535
36.5101 0.9517 0.9536
36.5285 0.9518 0.9536
36.5469 0.9518 0.9537
36.5653 0.9519 0.9537
36.5838 0.9519 0.9538
36.6022 0.9520 0.9538
36.6206 0.9520 0.9539
36.6390 0.9521 0.9539
36.6574 0.9521 0.9540
36.6758 0.9522 0.9540
36.6942 0.9522 0.9540
36.7126 0.9523 0.9541
36.7311 0.9523 0.9541
36.7495 0.9524 0.9542
36.7679 0.9524 0.9542
36.7863 0.9525 0.9543
36.8047 0.9525 0.9543
  
  
  
  
  
dim="1">gridpoints</dimension>  
  
  
  
  
  
  
  
  
0.0000 0.6542 3.9983
0.0184 0.6542 3.9983
0.0368 0.6391 3.9782
0.0552 0.6141 3.9449
0.0736 0.5798 3.8986
0.0921 0.5368 3.8395
0.1105 0.4857 3.7681
0.1289 0.4277 3.6849
0.1473 0.3637 3.5904
0.1657 0.2950 3.4853
0.1841 0.2231 3.3704
0.2025 0.1492 3.2466
0.2209 0.0748 3.1150
0.2394 0.0015 2.9766
0.2578 -0.0694 2.8326
0.2762 -0.1366 2.6842
0.2946 -0.1990 2.5328
0.3130 -0.2556 2.3795
0.3314 -0.3057 2.2256
0.3498 -0.3489 2.0725
0.3682 -0.3848 1.9211
0.3866 -0.4134 1.7726
0.4051 -0.4350 1.6279
0.4235 -0.4499 1.4877
0.4419 -0.4585 1.3527
0.4603 -0.4614 1.2233
0.4787 -0.4593 1.0997
0.4971 -0.4527 0.9821
0.5155 -0.4422 0.8706
0.5339 -0.4282 0.7649
0.5523 -0.4112 0.6648
0.5708 -0.3915 0.5702
0.5892 -0.3696 0.4807
0.6076 -0.3456 0.3960
0.6260 -0.3198 0.3158
0.6444 -0.2924 0.2398
0.6628 -0.2637 0.1680
0.6812 -0.2339 0.1001
0.6996 -0.2034 0.0362
0.7181 -0.1724 -0.0237
0.7365 -0.1411 -0.0795
0.7549 -0.1099 -0.1309
0.7733 -0.0789 -0.1779
0.7917 -0.0484 -0.2200
0.8101 -0.0183 -0.2572
0.8285 0.0113 -0.2890
0.8469 0.0406 -0.3154
0.8653 0.0696 -0.3361
0.8838 0.0988 -0.3511
0.9022 0.1284 -0.3603
0.9206 0.1588 -0.3638
0.9390 0.1904 -0.3617
0.9574 0.2236 -0.3542
0.9758 0.2588 -0.3416
0.9942 0.2961 -0.3243
1.0126 0.3358 -0.3027
1.0310 0.3780 -0.2774
1.0495 0.4226 -0.2488
1.0679 0.4695 -0.2176
1.0863 0.5185 -0.1844
1.1047 0.5692 -0.1499
1.1231 0.6213 -0.1147
1.1415 0.6741 -0.0797
1.1599 0.7273 -0.0454
1.1783 0.7803 -0.0126
1.1968 0.8326 0.0181
1.2152 0.8836 0.0461
1.2336 0.9329 0.0708
1.2520 0.9800 0.0916
1.2704 1.0245 0.1083
1.2888 1.0661 0.1204
1.3072 1.1043 0.1278
1.3256 1.1389 0.1304
1.3440 1.1697 0.1284
1.3625 1.1963 0.1218
1.3809 1.2187 0.1111
1.3993 1.2368 0.0968
1.4177 1.2505 0.0795
1.4361 1.2600 0.0599
1.4545 1.2654 0.0388
1.4729 1.2671 0.0170
1.4913 1.2653 -0.0045
1.5097 1.2607 -0.0250
1.5282 1.2536 -0.0438
1.5466 1.2449 -0.0600
1.5650 1.2351 -0.0733
1.5834 1.2249 -0.0830
1.6018 1.2149 -0.0890
1.6202 1.2058 -0.0910
1.6386 1.1980 -0.0889
1.6570 1.1919 -0.0828
1.6755 1.1879 -0.0727
1.6939 1.1861 -0.0589
1.7123 1.1866 -0.0417
1.7307 1.1895 -0.0211
1.7491 1.1945 0.0024
1.7675 1.2015 0.0286
1.7859 1.2104 0.0573
1.8043 1.2208 0.0881
1.8227 1.2326 0.1208
1.8412 1.2454 0.1551
1.8596 1.2590 0.1906
1.8780 1.2732 0.2270
1.8964 1.2876 0.2640
1.9148 1.3022 0.3010
1.9332 1.3165 0.3377
1.9516 1.3304 0.3735
1.9700 1.3435 0.4080
1.9884 1.3556 0.4406
2.0069 1.3664 0.4709
2.0253 1.3754 0.4984
2.0437 1.3823 0.5226
2.0621 1.3867 0.5433
2.0805 1.3883 0.5601
2.0989 1.3867 0.5728
2.1173 1.3817 0.5814
2.1357 1.3729 0.5857
2.1542 1.3602 0.5858
2.1726 1.3435 0.5820
2.1910 1.3226 0.5745
2.2094 1.2977 0.5637
2.2278 1.2688 0.5499
2.2462 1.2362 0.5336
2.2646 1.2002 0.5154
2.2830 1.1611 0.4958
2.3014 1.1194 0.4754
2.3199 1.0757 0.4547
2.3383 1.0303 0.4343
2.3567 0.9840 0.4147
2.3751 0.9373 0.3963
2.3935 0.8909 0.3795
2.4119 0.8454 0.3646
2.4303 0.8012 0.3518
2.4487 0.7590 0.3412
2.4671 0.7192 0.3328
2.4856 0.6820 0.3264
2.5040 0.6477 0.3219
2.5224 0.6165 0.3191
2.5408 0.5881 0.3175
2.5592 0.5626 0.3168
2.5776 0.5396 0.3165
2.5960 0.5188 0.3162
2.6144 0.4997 0.3154
2.6329 0.4818 0.3136
2.6513 0.4647 0.3105
2.6697 0.4477 0.3058
2.6881 0.4306 0.2991
2.7065 0.4128 0.2904
2.7249 0.3942 0.2795
2.7433 0.3746 0.2665
2.7617 0.3540 0.2515
2.7801 0.3323 0.2348
2.7986 0.3098 0.2165
2.8170 0.2868 0.1972
2.8354 0.2635 0.1771
2.8538 0.2403 0.1569
2.8722 0.2175 0.1368
2.8906 0.1955 0.1174
2.9090 0.1744 0.0991
2.9274 0.1546 0.0822
2.9458 0.1361 0.0671
2.9643 0.1191 0.0540
2.9827 0.1033 0.0429
3.0011 0.0889 0.0341
3.0195 0.0757 0.0275
3.0379 0.0634 0.0230
3.0563 0.0520 0.0205
3.0747 0.0412 0.0198
3.0931 0.0311 0.0208
3.1116 0.0214 0.0232
3.1300 0.0122 0.0268
3.1484 0.0034 0.0315
3.1668 -0.0048 0.0371
3.1852 -0.0123 0.0435
3.2036 -0.0191 0.0506
3.2220 -0.0248 0.0583
3.2404 -0.0295 0.0666
3.2588 -0.0329 0.0756
3.2773 -0.0348 0.0851
3.2957 -0.0353 0.0953
3.3141 -0.0343 0.1060
3.3325 -0.0319 0.1175
3.3509 -0.0280 0.1295
3.3693 -0.0229 0.1420
3.3877 -0.0166 0.1550
3.4061 -0.0096 0.1683
3.4245 -0.0019 0.1818
3.4430 0.0061 0.1952
3.4614 0.0142 0.2085
3.4798 0.0221 0.2212
3.4982 0.0295 0.2333
3.5166 0.0364 0.2446
3.5350 0.0424 0.2548
3.5534 0.0476 0.2637
3.5718 0.0518 0.2712
3.5903 0.0550 0.2772
3.6087 0.0572 0.2815
3.6271 0.0584 0.2840
3.6455 0.0588 0.2847
3.6639 0.0584 0.2835
3.6823 0.0574 0.2803
3.7007 0.0558 0.2750
3.7191 0.0536 0.2677
3.7375 0.0512 0.2582
3.7560 0.0483 0.2466
3.7744 0.0453 0.2329
3.7928 0.0420 0.2171
3.8112 0.0386 0.1992
3.8296 0.0350 0.1794
3.8480 0.0313 0.1578
3.8664 0.0276 0.1346
3.8848 0.0239 0.1100
3.9032 0.0202 0.0843
3.9217 0.0165 0.0577
3.9401 0.0131 0.0307
3.9585 0.0100 0.0036
3.9769 0.0072 -0.0232
3.9953 0.0049 -0.0494
4.0137 0.0031 -0.0746
4.0321 0.0020 -0.0985
4.0505 0.0017 -0.1209
4.0690 0.0022 -0.1414
4.0874 0.0035 -0.1601
4.1058 0.0057 -0.1766
4.1242 0.0087 -0.1911
4.1426 0.0127 -0.2036
4.1610 0.0174 -0.2140
4.1794 0.0229 -0.2225
4.1978 0.0290 -0.2294
4.2162 0.0358 -0.2347
4.2347 0.0431 -0.2386
4.2531 0.0508 -0.2414
4.2715 0.0589 -0.2433
4.2899 0.0673 -0.2443
4.3083 0.0758 -0.2447
4.3267 0.0844 -0.2445
4.3451 0.0932 -0.2440
4.3635 0.1019 -0.2431
4.3820 0.1106 -0.2419
4.4004 0.1192 -0.2405
4.4188 0.1277 -0.2388
4.4372 0.1360 -0.2370
4.4556 0.1441 -0.2351
4.4740 0.1519 -0.2330
4.4924 0.1594 -0.2308
4.5108 0.1664 -0.2285
4.5292 0.1730 -0.2262
4.5477 0.1789 -0.2238
4.5661 0.1842 -0.2213
4.5845 0.1887 -0.2189
4.6029 0.1924 -0.2164
4.6213 0.1950 -0.2140
4.6397 0.1966 -0.2117
4.6581 0.1971 -0.2093
4.6765 0.1965 -0.2071
4.6949 0.1946 -0.2050
4.7134 0.1916 -0.2030
4.7318 0.1874 -0.2013
4.7502 0.1821 -0.1997
4.7686 0.1758 -0.1984
4.7870 0.1686 -0.1974
4.8054 0.1606 -0.1967
4.8238 0.1520 -0.1963
4.8422 0.1429 -0.1963
4.8607 0.1334 -0.1966
4.8791 0.1237 -0.1973
4.8975 0.1139 -0.1982
4.9159 0.1041 -0.1993
4.9343 0.0945 -0.2005
4.9527 0.0850 -0.2018
4.9711 0.0757 -0.2030
4.9895 0.0668 -0.2039
5.0079 0.0581 -0.2046
5.0264 0.0497 -0.2049
5.0448 0.0415 -0.2047
5.0632 0.0335 -0.2040
5.0816 0.0258 -0.2027
5.1000 0.0182 -0.2009
5.1184 0.0107 -0.1985
5.1368 0.0034 -0.1958
5.1552 -0.0040 -0.1927
5.1736 -0.0112 -0.1895
5.1921 -0.0185 -0.1864
5.2105 -0.0257 -0.1834
5.2289 -0.0328 -0.1808
5.2473 -0.0399 -0.1788
5.2657 -0.0469 -0.1776
5.2841 -0.0538 -0.1773
5.3025 -0.0604 -0.1779
5.3209 -0.0668 -0.1796
5.3394 -0.0728 -0.1823
5.3578 -0.0785 -0.1860
5.3762 -0.0836 -0.1905
5.3946 -0.0881 -0.1957
5.4130 -0.0919 -0.2014
5.4314 -0.0950 -0.2073
5.4498 -0.0972 -0.2131
5.4682 -0.0986 -0.2186
5.4866 -0.0990 -0.2235
5.5051 -0.0986 -0.2276
5.5235 -0.0972 -0.2307
5.5419 -0.0950 -0.2327
5.5603 -0.0921 -0.2334
5.5787 -0.0885 -0.2327
5.5971 -0.0845 -0.2308
5.6155 -0.0801 -0.2277
5.6339 -0.0756 -0.2234
5.6523 -0.0711 -0.2182
5.6708 -0.0669 -0.2121
5.6892 -0.0631 -0.2054
5.7076 -0.0599 -0.1983
5.7260 -0.0574 -0.1909
5.7444 -0.0559 -0.1835
5.7628 -0.0552 -0.1761
5.7812 -0.0556 -0.1691
5.7996 -0.0570 -0.1624
5.8181 -0.0595 -0.1561
5.8365 -0.0630 -0.1504
5.8549 -0.0673 -0.1451
5.8733 -0.0726 -0.1404
5.8917 -0.0785 -0.1360
5.9101 -0.0850 -0.1320
5.9285 -0.0920 -0.1283
5.9469 -0.0992 -0.1247
5.9653 -0.1064 -0.1211
5.9838 -0.1135 -0.1174
6.0022 -0.1203 -0.1134
6.0206 -0.1265 -0.1091
6.0390 -0.1320 -0.1043
6.0574 -0.1366 -0.0989
6.0758 -0.1401 -0.0929
6.0942 -0.1424 -0.0863
6.1126 -0.1434 -0.0790
6.1310 -0.1430 -0.0710
6.1495 -0.1411 -0.0625
6.1679 -0.1377 -0.0535
6.1863 -0.1329 -0.0440
6.2047 -0.1267 -0.0341
6.2231 -0.1192 -0.0239
6.2415 -0.1106 -0.0136
6.2599 -0.1009 -0.0033
6.2783 -0.0904 0.0070
6.2968 -0.0793 0.0171
6.3152 -0.0676 0.0270
6.3336 -0.0557 0.0365
6.3520 -0.0436 0.0457
6.3704 -0.0316 0.0544
6.3888 -0.0198 0.0626
6.4072 -0.0084 0.0702
6.4256 0.0027 0.0774
6.4440 0.0133 0.0840
6.4625 0.0234 0.0900
6.4809 0.0329 0.0956
6.4993 0.0419 0.1008
6.5177 0.0504 0.1056
6.5361 0.0583 0.1100
6.5545 0.0658 0.1142
6.5729 0.0729 0.1181
6.5913 0.0796 0.1220
6.6097 0.0859 0.1257
6.6282 0.0919 0.1295
6.6466 0.0976 0.1333
6.6650 0.1031 0.1371
6.6834 0.1082 0.1411
6.7018 0.1131 0.1451
6.7202 0.1178 0.1492
6.7386 0.1221 0.1535
6.7570 0.1262 0.1578
6.7755 0.1299 0.1621
6.7939 0.1334 0.1665
6.8123 0.1367 0.1709
6.8307 0.1397 0.1752
6.8491 0.1425 0.1795
6.8675 0.1452 0.1837
6.8859 0.1478 0.1879
6.9043 0.1502 0.1919
6.9227 0.1527 0.1959
6.9412 0.1552 0.1998
6.9596 0.1577 0.2037
6.9780 0.1604 0.2075
6.9964 0.1632 0.2112
7.0148 0.1662 0.2150
7.0332 0.1693 0.2188
7.0516 0.1726 0.2226
7.0700 0.1760 0.2264
7.0884 0.1796 0.2303
7.1069 0.1834 0.2342
7.1253 0.1872 0.2382
7.1437 0.1911 0.2421
7.1621 0.1951 0.2461
7.1805 0.1991 0.2500
7.1989 0.2031 0.2539
7.2173 0.2070 0.2577
7.2357 0.2109 0.2614
7.2542 0.2148 0.2650
7.2726 0.2185 0.2685
7.2910 0.2221 0.2718
7.3094 0.2256 0.2749
7.3278 0.2290 0.2779
7.3462 0.2322 0.2807
7.3646 0.2353 0.2834
7.3830 0.2383 0.2859
7.4014 0.2411 0.2882
7.4199 0.2437 0.2904
7.4383 0.2462 0.2926
7.4567 0.2486 0.2947
7.4751 0.2509 0.2967
7.4935 0.2530 0.2988
7.5119 0.2551 0.3009
7.5303 0.2571 0.3031
7.5487 0.2591 0.3054
7.5671 0.2610 0.3078
7.5856 0.2629 0.3104
7.6040 0.2649 0.3131
7.6224 0.2668 0.3161
7.6408 0.2688 0.3192
7.6592 0.2708 0.3225
7.6776 0.2729 0.3259
7.6960 0.2751 0.3296
7.7144 0.2773 0.3333
7.7329 0.2795 0.3372
7.7513 0.2819 0.3412
7.7697 0.2842 0.3452
7.7881 0.2867 0.3492
7.8065 0.2891 0.3532
7.8249 0.2916 0.3572
7.8433 0.2942 0.3612
7.8617 0.2967 0.3650
7.8801 0.2993 0.3688
7.8986 0.3019 0.3725
7.9170 0.3045 0.3760
7.9354 0.3071 0.3794
7.9538 0.3097 0.3827
7.9722 0.3123 0.3858
7.9906 0.3150 0.3889
8.0090 0.3177 0.3918
8.0274 0.3204 0.3946
8.0458 0.3232 0.3973
8.0643 0.3261 0.4000
8.0827 0.3291 0.4026
8.1011 0.3322 0.4052
8.1195 0.3354 0.4077
8.1379 0.3388 0.4102
8.1563 0.3424 0.4126
8.1747 0.3460 0.4151
8.1931 0.3499 0.4175
8.2116 0.3539 0.4200
8.2300 0.3580 0.4224
8.2484 0.3623 0.4248
8.2668 0.3666 0.4272
8.2852 0.3711 0.4296
8.3036 0.3756 0.4320
8.3220 0.3801 0.4344
8.3404 0.3846 0.4368
8.3588 0.3891 0.4391
8.3773 0.3934 0.4414
8.3957 0.3977 0.4437
8.4141 0.4019 0.4459
8.4325 0.4059 0.4482
8.4509 0.4097 0.4504
8.4693 0.4133 0.4526
8.4877 0.4168 0.4547
8.5061 0.4200 0.4569
8.5245 0.4230 0.4591
8.5430 0.4258 0.4612
8.5614 0.4285 0.4634
8.5798 0.4310 0.4655
8.5982 0.4333 0.4677
8.6166 0.4355 0.4698
8.6350 0.4375 0.4719
8.6534 0.4394 0.4740
8.6718 0.4412 0.4760
8.6903 0.4428 0.4780
8.7087 0.4444 0.4800
8.7271 0.4458 0.4819
8.7455 0.4471 0.4838
8.7639 0.4483 0.4856
8.7823 0.4494 0.4873
8.8007 0.4504 0.4890
8.8191 0.4512 0.4906
8.8375 0.4519 0.4921
8.8560 0.4526 0.4935
8.8744 0.4531 0.4948
8.8928 0.4536 0.4961
8.9112 0.4540 0.4972
8.9296 0.4544 0.4983
8.9480 0.4548 0.4993
8.9664 0.4553 0.5002
8.9848 0.4557 0.5010
9.0033 0.4563 0.5017
9.0217 0.4569 0.5024
9.0401 0.4577 0.5030
9.0585 0.4586 0.5036
9.0769 0.4597 0.5041
9.0953 0.4610 0.5047
9.1137 0.4624 0.5053
9.1321 0.4640 0.5059
9.1505 0.4658 0.5066
9.1690 0.4678 0.5074
9.1874 0.4700 0.5083
9.2058 0.4724 0.5093
9.2242 0.4748 0.5105
9.2426 0.4775 0.5118
9.2610 0.4802 0.5134
9.2794 0.4831 0.5151
9.2978 0.4860 0.5171
9.3162 0.4890 0.5192
9.3347 0.4920 0.5216
9.3531 0.4950 0.5241
9.3715 0.4980 0.5269
9.3899 0.5010 0.5297
9.4083 0.5039 0.5328
9.4267 0.5068 0.5359
9.4451 0.5096 0.5390
9.4635 0.5123 0.5422
9.4820 0.5149 0.5454
9.5004 0.5175 0.5486
9.5188 0.5199 0.5517
9.5372 0.5222 0.5547
9.5556 0.5244 0.5575
9.5740 0.5265 0.5602
9.5924 0.5284 0.5627
9.6108 0.5303 0.5651
9.6292 0.5321 0.5672
9.6477 0.5338 0.5691
9.6661 0.5354 0.5709
9.6845 0.5370 0.5724
9.7029 0.5385 0.5738
9.7213 0.5401 0.5750
9.7397 0.5416 0.5759
9.7581 0.5432 0.5768
9.7765 0.5448 0.5774
9.7949 0.5464 0.5779
9.8134 0.5482 0.5783
9.8318 0.5500 0.5785
9.8502 0.5519 0.5786
9.8686 0.5538 0.5786
9.8870 0.5559 0.5785
9.9054 0.5580 0.5784
9.9238 0.5603 0.5782
9.9422 0.5625 0.5779
9.9607 0.5648 0.5777
9.9791 0.5672 0.5774
9.9975 0.5695 0.5772
10.0159 0.5719 0.5770
10.0343 0.5742 0.5769
10.0527 0.5765 0.5768
10.0711 0.5787 0.5768
10.0895 0.5809 0.5770
10.1079 0.5830 0.5772
10.1264 0.5850 0.5776
10.1448 0.5869 0.5782
10.1632 0.5888 0.5789
10.1816 0.5906 0.5797
10.2000 0.5923 0.5807
10.2184 0.5940 0.5819
10.2368 0.5956 0.5833
10.2552 0.5972 0.5849
10.2736 0.5989 0.5866
10.2921 0.6006 0.5885
10.3105 0.6023 0.5906
10.3289 0.6041 0.5928
10.3473 0.6060 0.5952
10.3657 0.6080 0.5978
10.3841 0.6102 0.6005
10.4025 0.6124 0.6032
10.4209 0.6148 0.6061
10.4394 0.6173 0.6091
10.4578 0.6199 0.6121
10.4762 0.6227 0.6151
10.4946 0.6255 0.6182
10.5130 0.6284 0.6212
10.5314 0.6314 0.6241
10.5498 0.6343 0.6270
10.5682 0.6373 0.6298
10.5866 0.6403 0.6326
10.6051 0.6433 0.6352
10.6235 0.6462 0.6376
10.6419 0.6490 0.6400
10.6603 0.6517 0.6422
10.6787 0.6543 0.6443
10.6971 0.6568 0.6462
10.7155 0.6592 0.6480
10.7339 0.6615 0.6497
10.7523 0.6636 0.6513
10.7708 0.6656 0.6528
10.7892 0.6675 0.6541
10.8076 0.6693 0.6554
10.8260 0.6710 0.6566
10.8444 0.6725 0.6577
10.8628 0.6740 0.6588
10.8812 0.6754 0.6598
10.8996 0.6766 0.6607
10.9181 0.6778 0.6616
10.9365 0.6790 0.6624
10.9549 0.6800 0.6631
10.9733 0.6810 0.6638
10.9917 0.6819 0.6644
11.0101 0.6828 0.6650
11.0285 0.6836 0.6655
11.0469 0.6844 0.6660
11.0653 0.6850 0.6664
11.0838 0.6857 0.6668
11.1022 0.6862 0.6671
11.1206 0.6867 0.6674
11.1390 0.6871 0.6677
11.1574 0.6874 0.6679
11.1758 0.6877 0.6682
11.1942 0.6878 0.6684
11.2126 0.6880 0.6687
11.2310 0.6880 0.6689
11.2495 0.6880 0.6692
11.2679 0.6880 0.6696
11.2863 0.6880 0.6700
11.3047 0.6880 0.6705
11.3231 0.6879 0.6711
11.3415 0.6879 0.6718
11.3599 0.6880 0.6725
11.3783 0.6881 0.6733
11.3968 0.6882 0.6743
11.4152 0.6885 0.6753
11.4336 0.6888 0.6764
11.4520 0.6891 0.6775
11.4704 0.6896 0.6787
11.4888 0.6901 0.6799
11.5072 0.6906 0.6811
11.5256 0.6912 0.6822
11.5440 0.6919 0.6833
11.5625 0.6925 0.6844
11.5809 0.6932 0.6853
11.5993 0.6939 0.6861
11.6177 0.6945 0.6867
11.6361 0.6952 0.6872
11.6545 0.6958 0.6876
11.6729 0.6964 0.6877
11.6913 0.6970 0.6878
11.7097 0.6976 0.6876
11.7282 0.6981 0.6873
11.7466 0.6987 0.6869
11.7650 0.6992 0.6863
11.7834 0.6998 0.6857
11.8018 0.7004 0.6851
11.8202 0.7010 0.6844
11.8386 0.7017 0.6837
11.8570 0.7024 0.6830
11.8755 0.7032 0.6824
11.8939 0.7040 0.6819
11.9123 0.7048 0.6815
11.9307 0.7057 0.6811
11.9491 0.7066 0.6809
11.9675 0.7076 0.6809
11.9859 0.7086 0.6809
12.0043 0.7096 0.6812
12.0227 0.7106 0.6815
12.0412 0.7116 0.6820
12.0596 0.7127 0.6826
12.0780 0.7138 0.6833
12.0964 0.7149 0.6841
12.1148 0.7160 0.6851
12.1332 0.7172 0.6861
12.1516 0.7184 0.6872
12.1700 0.7197 0.6884
12.1884 0.7210 0.6896
12.2069 0.7223 0.6909
12.2253 0.7237 0.6922
12.2437 0.7251 0.6935
12.2621 0.7266 0.6948
12.2805 0.7281 0.6961
12.2989 0.7296 0.6973
12.3173 0.7311 0.6985
12.3357 0.7325 0.6997
12.3542 0.7340 0.7008
12.3726 0.7353 0.7018
12.3910 0.7366 0.7027
12.4094 0.7379 0.7035
12.4278 0.7390 0.7041
12.4462 0.7400 0.7047
12.4646 0.7409 0.7051
12.4830 0.7416 0.7054
12.5014 0.7423 0.7055
12.5199 0.7428 0.7055
12.5383 0.7432 0.7053
12.5567 0.7435 0.7050
12.5751 0.7436 0.7045
12.5935 0.7436 0.7039
12.6119 0.7436 0.7030
12.6303 0.7433 0.7021
12.6487 0.7430 0.7010
12.6671 0.7425 0.6997
12.6856 0.7419 0.6983
12.7040 0.7412 0.6967
12.7224 0.7403 0.6949
12.7408 0.7393 0.6931
12.7592 0.7381 0.6911
12.7776 0.7367 0.6889
12.7960 0.7351 0.6867
12.8144 0.7334 0.6843
12.8329 0.7315 0.6819
12.8513 0.7294 0.6793
12.8697 0.7271 0.6767
12.8881 0.7247 0.6741
12.9065 0.7221 0.6714
12.9249 0.7194 0.6687
12.9433 0.7166 0.6660
12.9617 0.7137 0.6633
12.9801 0.7108 0.6607
12.9986 0.7078 0.6580
13.0170 0.7049 0.6554
13.0354 0.7019 0.6529
13.0538 0.6991 0.6504
13.0722 0.6963 0.6479
13.0906 0.6936 0.6456
13.1090 0.6909 0.6432
13.1274 0.6884 0.6410
13.1459 0.6860 0.6388
13.1643 0.6836 0.6367
13.1827 0.6814 0.6347
13.2011 0.6792 0.6327
13.2195 0.6770 0.6308
13.2379 0.6750 0.6290
13.2563 0.6729 0.6272
13.2747 0.6709 0.6256
13.2931 0.6689 0.6239
13.3116 0.6670 0.6224
13.3300 0.6650 0.6209
13.3484 0.6630 0.6195
13.3668 0.6610 0.6182
13.3852 0.6590 0.6169
13.4036 0.6569 0.6156
13.4220 0.6549 0.6145
13.4404 0.6528 0.6133
13.4588 0.6508 0.6122
13.4773 0.6487 0.6112
13.4957 0.6466 0.6102
13.5141 0.6445 0.6093
13.5325 0.6424 0.6084
13.5509 0.6404 0.6076
13.5693 0.6383 0.6068
13.5877 0.6362 0.6061
13.6061 0.6340 0.6054
13.6246 0.6319 0.6048
13.6430 0.6298 0.6042
13.6614 0.6276 0.6036
13.6798 0.6255 0.6030
13.6982 0.6232 0.6025
13.7166 0.6210 0.6020
13.7350 0.6187 0.6014
13.7534 0.6163 0.6009
13.7718 0.6138 0.6003
13.7903 0.6113 0.5997
13.8087 0.6087 0.5991
13.8271 0.6060 0.5985
13.8455 0.6033 0.5978
13.8639 0.6004 0.5971
13.8823 0.5975 0.5963
13.9007 0.5945 0.5956
13.9191 0.5914 0.5948
13.9375 0.5882 0.5940
13.9560 0.5850 0.5931
13.9744 0.5818 0.5923
13.9928 0.5786 0.5915
14.0112 0.5754 0.5908
14.0296 0.5722 0.5900
14.0480 0.5691 0.5893
14.0664 0.5661 0.5886
14.0848 0.5631 0.5880
14.1033 0.5603 0.5874
14.1217 0.5577 0.5869
14.1401 0.5552 0.5865
14.1585 0.5530 0.5861
14.1769 0.5509 0.5858
14.1953 0.5491 0.5856
14.2137 0.5476 0.5854
14.2321 0.5463 0.5852
14.2505 0.5452 0.5851
14.2690 0.5444 0.5850
14.2874 0.5438 0.5850
14.3058 0.5435 0.5850
14.3242 0.5434 0.5851
14.3426 0.5435 0.5851
14.3610 0.5438 0.5852
14.3794 0.5443 0.5853
14.3978 0.5449 0.5854
14.4162 0.5457 0.5856
14.4347 0.5466 0.5858
14.4531 0.5477 0.5860
14.4715 0.5488 0.5862
14.4899 0.5500 0.5865
14.5083 0.5513 0.5868
14.5267 0.5527 0.5871
14.5451 0.5541 0.5874
14.5635 0.5555 0.5878
14.5820 0.5570 0.5882
14.6004 0.5585 0.5886
14.6188 0.5600 0.5890
14.6372 0.5614 0.5894
14.6556 0.5629 0.5899
14.6740 0.5643 0.5903
14.6924 0.5657 0.5907
14.7108 0.5670 0.5912
14.7292 0.5683 0.5916
14.7477 0.5695 0.5921
14.7661 0.5707 0.5925
14.7845 0.5718 0.5929
14.8029 0.5729 0.5933
14.8213 0.5738 0.5938
14.8397 0.5747 0.5942
14.8581 0.5756 0.5946
14.8765 0.5764 0.5950
14.8949 0.5771 0.5955
14.9134 0.5778 0.5959
14.9318 0.5784 0.5964
14.9502 0.5790 0.5969
14.9686 0.5796 0.5973
14.9870 0.5801 0.5978
15.0054 0.5806 0.5984
15.0238 0.5811 0.5989
15.0422 0.5816 0.5994
15.0607 0.5820 0.6000
15.0791 0.5824 0.6006
15.0975 0.5829 0.6012
15.1159 0.5833 0.6018
15.1343 0.5837 0.6025
15.1527 0.5841 0.6031
15.1711 0.5845 0.6038
15.1895 0.5850 0.6044
15.2079 0.5854 0.6051
15.2264 0.5858 0.6059
15.2448 0.5862 0.6066
15.2632 0.5867 0.6073
15.2816 0.5872 0.6081
15.3000 0.5877 0.6088
15.3184 0.5882 0.6096
15.3368 0.5887 0.6104
15.3552 0.5892 0.6112
15.3736 0.5898 0.6120
15.3921 0.5904 0.6128
15.4105 0.5910 0.6136
15.4289 0.5916 0.6144
15.4473 0.5922 0.6152
15.4657 0.5929 0.6161
15.4841 0.5936 0.6169
15.5025 0.5943 0.6177
15.5209 0.5951 0.6186
15.5394 0.5958 0.6194
15.5578 0.5966 0.6202
15.5762 0.5974 0.6211
15.5946 0.5982 0.6220
15.6130 0.5990 0.6228
15.6314 0.5999 0.6237
15.6498 0.6008 0.6246
15.6682 0.6017 0.6255
15.6866 0.6026 0.6264
15.7051 0.6035 0.6274
15.7235 0.6045 0.6283
15.7419 0.6055 0.6293
15.7603 0.6065 0.6304
15.7787 0.6075 0.6314
15.7971 0.6086 0.6325
15.8155 0.6096 0.6336
15.8339 0.6107 0.6347
15.8523 0.6118 0.6359
15.8708 0.6129 0.6371
15.8892 0.6140 0.6383
15.9076 0.6151 0.6395
15.9260 0.6163 0.6408
15.9444 0.6174 0.6421
15.9628 0.6185 0.6433
15.9812 0.6197 0.6446
15.9996 0.6208 0.6458
16.0181 0.6219 0.6471
16.0365 0.6231 0.6484
16.0549 0.6242 0.6496
16.0733 0.6254 0.6508
16.0917 0.6265 0.6520
16.1101 0.6277 0.6532
16.1285 0.6288 0.6544
16.1469 0.6300 0.6555
16.1653 0.6312 0.6567
16.1838 0.6323 0.6578
16.2022 0.6335 0.6589
16.2206 0.6346 0.6600
16.2390 0.6358 0.6611
16.2574 0.6369 0.6622
16.2758 0.6381 0.6632
16.2942 0.6392 0.6643
16.3126 0.6404 0.6654
16.3310 0.6415 0.6665
16.3495 0.6426 0.6676
16.3679 0.6438 0.6687
16.3863 0.6449 0.6698
16.4047 0.6460 0.6710
16.4231 0.6471 0.6721
16.4415 0.6482 0.6732
16.4599 0.6494 0.6744
16.4783 0.6505 0.6755
16.4968 0.6516 0.6767
16.5152 0.6527 0.6778
16.5336 0.6538 0.6790
16.5520 0.6550 0.6801
16.5704 0.6561 0.6812
16.5888 0.6572 0.6823
16.6072 0.6584 0.6834
16.6256 0.6595 0.6845
16.6440 0.6607 0.6856
16.6625 0.6618 0.6867
16.6809 0.6630 0.6877
16.6993 0.6641 0.6887
16.7177 0.6653 0.6897
16.7361 0.6664 0.6907
16.7545 0.6676 0.6917
16.7729 0.6688 0.6927
16.7913 0.6699 0.6936
16.8097 0.6711 0.6946
16.8282 0.6722 0.6955
16.8466 0.6734 0.6965
16.8650 0.6745 0.6974
16.8834 0.6757 0.6983
16.9018 0.6768 0.6993
16.9202 0.6779 0.7002
16.9386 0.6791 0.7011
16.9570 0.6802 0.7021
16.9755 0.6813 0.7030
16.9939 0.6825 0.7040
17.0123 0.6836 0.7049
17.0307 0.6847 0.7059
17.0491 0.6859 0.7068
17.0675 0.6870 0.7078
17.0859 0.6881 0.7088
17.1043 0.6893 0.7097
17.1227 0.6904 0.7107
17.1412 0.6915 0.7117
17.1596 0.6926 0.7126
17.1780 0.6938 0.7136
17.1964 0.6949 0.7146
17.2148 0.6960 0.7155
17.2332 0.6971 0.7165
17.2516 0.6982 0.7175
17.2700 0.6993 0.7184
17.2884 0.7005 0.7194
17.3069 0.7016 0.7203
17.3253 0.7026 0.7213
17.3437 0.7037 0.7222
17.3621 0.7048 0.7232
17.3805 0.7059 0.7241
17.3989 0.7070 0.7251
17.4173 0.7081 0.7260
17.4357 0.7091 0.7269
17.4542 0.7102 0.7278
17.4726 0.7112 0.7288
17.4910 0.7123 0.7297
17.5094 0.7134 0.7306
17.5278 0.7144 0.7314
17.5462 0.7154 0.7323
17.5646 0.7165 0.7332
17.5830 0.7175 0.7341
17.6014 0.7185 0.7349
17.6199 0.7196 0.7358
17.6383 0.7206 0.7366
17.6567 0.7216 0.7374
17.6751 0.7226 0.7382
17.6935 0.7236 0.7390
17.7119 0.7246 0.7398
17.7303 0.7256 0.7406
17.7487 0.7266 0.7414
17.7672 0.7276 0.7422
17.7856 0.7285 0.7430
17.8040 0.7295 0.7438
17.8224 0.7305 0.7446
17.8408 0.7314 0.7453
17.8592 0.7324 0.7461
17.8776 0.7333 0.7469
17.8960 0.7342 0.7476
17.9144 0.7351 0.7484
17.9329 0.7360 0.7492
17.9513 0.7369 0.7499
17.9697 0.7378 0.7507
17.9881 0.7387 0.7515
18.0065 0.7395 0.7522
18.0249 0.7404 0.7530
18.0433 0.7412 0.7538
18.0617 0.7421 0.7545
18.0801 0.7429 0.7553
18.0986 0.7437 0.7561
18.1170 0.7445 0.7568
18.1354 0.7453 0.7576
18.1538 0.7461 0.7583
18.1722 0.7469 0.7591
18.1906 0.7476 0.7598
18.2090 0.7484 0.7606
18.2274 0.7491 0.7613
18.2459 0.7499 0.7620
18.2643 0.7506 0.7627
18.2827 0.7514 0.7635
18.3011 0.7521 0.7642
18.3195 0.7528 0.7649
18.3379 0.7535 0.7655
18.3563 0.7542 0.7662
18.3747 0.7549 0.7669
18.3931 0.7556 0.7676
18.4116 0.7563 0.7683
18.4300 0.7570 0.7689
18.4484 0.7577 0.7696
18.4668 0.7583 0.7703
18.4852 0.7590 0.7710
18.5036 0.7597 0.7716
18.5220 0.7604 0.7723
18.5404 0.7611 0.7730
18.5588 0.7617 0.7736
18.5773 0.7624 0.7743
18.5957 0.7631 0.7750
18.6141 0.7638 0.7756
18.6325 0.7645 0.7763
18.6509 0.7651 0.7770
18.6693 0.7658 0.7777
18.6877 0.7665 0.7783
18.7061 0.7672 0.7790
18.7246 0.7678 0.7797
18.7430 0.7685 0.7803
18.7614 0.7692 0.7810
18.7798 0.7698 0.7816
18.7982 0.7705 0.7823
18.8166 0.7711 0.7829
18.8350 0.7718 0.7835
18.8534 0.7724 0.7842
18.8718 0.7731 0.7848
18.8903 0.7737 0.7854
18.9087 0.7744 0.7860
18.9271 0.7750 0.7866
18.9455 0.7756 0.7872
18.9639 0.7762 0.7878
18.9823 0.7768 0.7883
19.0007 0.7775 0.7889
19.0191 0.7781 0.7895
19.0375 0.7787 0.7900
19.0560 0.7793 0.7905
19.0744 0.7799 0.7911
19.0928 0.7805 0.7916
19.1112 0.7811 0.7921
19.1296 0.7816 0.7926
19.1480 0.7822 0.7931
19.1664 0.7828 0.7937
19.1848 0.7834 0.7942
19.2033 0.7840 0.7947
19.2217 0.7846 0.7952
19.2401 0.7852 0.7956
19.2585 0.7857 0.7961
19.2769 0.7863 0.7966
19.2953 0.7869 0.7971
19.3137 0.7875 0.7976
19.3321 0.7880 0.7981
19.3505 0.7886 0.7986
19.3690 0.7892 0.7990
19.3874 0.7897 0.7995
19.4058 0.7903 0.8000
19.4242 0.7908 0.8005
19.4426 0.7914 0.8009
19.4610 0.7919 0.8014
19.4794 0.7925 0.8019
19.4978 0.7930 0.8024
19.5162 0.7935 0.8028
19.5347 0.7941 0.8033
19.5531 0.7946 0.8038
19.5715 0.7951 0.8043
19.5899 0.7957 0.8047
19.6083 0.7962 0.8052
19.6267 0.7967 0.8057
19.6451 0.7972 0.8062
19.6635 0.7977 0.8067
19.6820 0.7982 0.8071
19.7004 0.7987 0.8076
19.7188 0.7992 0.8081
19.7372 0.7997 0.8086
19.7556 0.8001 0.8090
19.7740 0.8006 0.8095
19.7924 0.8011 0.8100
19.8108 0.8016 0.8105
19.8292 0.8020 0.8109
19.8477 0.8025 0.8114
19.8661 0.8029 0.8119
19.8845 0.8034 0.8123
19.9029 0.8039 0.8128
19.9213 0.8043 0.8132
19.9397 0.8047 0.8137
19.9581 0.8052 0.8141
19.9765 0.8056 0.8146
19.9949 0.8061 0.8150
20.0134 0.8065 0.8155
20.0318 0.8070 0.8159
20.0502 0.8074 0.8164
20.0686 0.8078 0.8168
20.0870 0.8083 0.8173
20.1054 0.8087 0.8177
20.1238 0.8092 0.8182
20.1422 0.8096 0.8186
20.1607 0.8101 0.8190
20.1791 0.8105 0.8195
20.1975 0.8110 0.8199
20.2159 0.8114 0.8204
20.2343 0.8119 0.8208
20.2527 0.8123 0.8213
20.2711 0.8128 0.8217
20.2895 0.8132 0.8221
20.3079 0.8137 0.8226
20.3264 0.8142 0.8230
20.3448 0.8146 0.8235
20.3632 0.8151 0.8239
20.3816 0.8155 0.8244
20.4000 0.8160 0.8248
20.4184 0.8165 0.8252
20.4368 0.8169 0.8257
20.4552 0.8174 0.8261
20.4736 0.8178 0.8265
20.4921 0.8183 0.8270
20.5105 0.8188 0.8274
20.5289 0.8192 0.8278
20.5473 0.8197 0.8283
20.5657 0.8201 0.8287
20.5841 0.8205 0.8291
20.6025 0.8210 0.8295
20.6209 0.8214 0.8299
20.6394 0.8218 0.8303
20.6578 0.8223 0.8307
20.6762 0.8227 0.8311
20.6946 0.8231 0.8315
20.7130 0.8236 0.8319
20.7314 0.8240 0.8323
20.7498 0.8244 0.8327
20.7682 0.8248 0.8331
20.7866 0.8252 0.8335
20.8051 0.8257 0.8338
20.8235 0.8261 0.8342
20.8419 0.8265 0.8346
20.8603 0.8269 0.8349
20.8787 0.8273 0.8353
20.8971 0.8278 0.8357
20.9155 0.8282 0.8361
20.9339 0.8286 0.8364
20.9523 0.8290 0.8368
20.9708 0.8295 0.8372
20.9892 0.8299 0.8376
21.0076 0.8303 0.8380
21.0260 0.8307 0.8383
21.0444 0.8311 0.8387
21.0628 0.8316 0.8391
21.0812 0.8320 0.8395
21.0996 0.8324 0.8399
21.1181 0.8328 0.8403
21.1365 0.8332 0.8407
21.1549 0.8336 0.8411
21.1733 0.8340 0.8414
21.1917 0.8344 0.8418
21.2101 0.8348 0.8422
21.2285 0.8352 0.8426
21.2469 0.8356 0.8430
21.2653 0.8360 0.8433
21.2838 0.8363 0.8437
21.3022 0.8367 0.8441
21.3206 0.8371 0.8444
21.3390 0.8374 0.8448
21.3574 0.8378 0.8452
21.3758 0.8382 0.8455
21.3942 0.8385 0.8459
21.4126 0.8389 0.8463
21.4310 0.8392 0.8466
21.4495 0.8396 0.8470
21.4679 0.8399 0.8473
21.4863 0.8402 0.8477
21.5047 0.8406 0.8480
21.5231 0.8409 0.8484
21.5415 0.8413 0.8487
21.5599 0.8416 0.8490
21.5783 0.8419 0.8494
21.5968 0.8423 0.8497
21.6152 0.8426 0.8500
21.6336 0.8429 0.8504
21.6520 0.8433 0.8507
21.6704 0.8436 0.8510
21.6888 0.8439 0.8513
21.7072 0.8443 0.8516
21.7256 0.8446 0.8519
21.7440 0.8450 0.8522
21.7625 0.8453 0.8525
21.7809 0.8456 0.8528
21.7993 0.8460 0.8531
21.8177 0.8463 0.8534
21.8361 0.8466 0.8537
21.8545 0.8470 0.8540
21.8729 0.8473 0.8543
21.8913 0.8476 0.8545
21.9098 0.8479 0.8548
21.9282 0.8483 0.8551
21.9466 0.8486 0.8554
21.9650 0.8489 0.8556
21.9834 0.8492 0.8559
22.0018 0.8495 0.8562
22.0202 0.8498 0.8565
22.0386 0.8501 0.8567
22.0570 0.8504 0.8570
22.0755 0.8507 0.8573
22.0939 0.8510 0.8576
22.1123 0.8512 0.8578
22.1307 0.8515 0.8581
22.1491 0.8518 0.8584
22.1675 0.8521 0.8587
22.1859 0.8523 0.8590
22.2043 0.8526 0.8593
22.2227 0.8529 0.8596
22.2412 0.8532 0.8599
22.2596 0.8534 0.8602
22.2780 0.8537 0.8605
22.2964 0.8540 0.8608
22.3148 0.8543 0.8611
22.3332 0.8545 0.8614
22.3516 0.8548 0.8617
22.3700 0.8551 0.8620
22.3885 0.8554 0.8623
22.4069 0.8557 0.8625
22.4253 0.8560 0.8628
22.4437 0.8563 0.8631
22.4621 0.8565 0.8634
22.4805 0.8568 0.8637
22.4989 0.8571 0.8640
22.5173 0.8575 0.8642
22.5357 0.8578 0.8645
22.5542 0.8581 0.8648
22.5726 0.8584 0.8651
22.5910 0.8587 0.8653
22.6094 0.8590 0.8656
22.6278 0.8593 0.8659
22.6462 0.8596 0.8662
22.6646 0.8599 0.8664
22.6830 0.8603 0.8667
22.7014 0.8606 0.8670
22.7199 0.8609 0.8672
22.7383 0.8612 0.8675
22.7567 0.8615 0.8678
22.7751 0.8618 0.8680
22.7935 0.8621 0.8683
22.8119 0.8624 0.8686
22.8303 0.8627 0.8688
22.8487 0.8630 0.8691
22.8672 0.8633 0.8694
22.8856 0.8636 0.8696
22.9040 0.8639 0.8699
22.9224 0.8642 0.8702
22.9408 0.8645 0.8704
22.9592 0.8648 0.8707
22.9776 0.8650 0.8710
22.9960 0.8653 0.8712
23.0144 0.8656 0.8715
23.0329 0.8658 0.8717
23.0513 0.8661 0.8720
23.0697 0.8663 0.8723
23.0881 0.8666 0.8725
23.1065 0.8669 0.8728
23.1249 0.8671 0.8730
23.1433 0.8674 0.8733
23.1617 0.8676 0.8735
23.1801 0.8679 0.8738
23.1986 0.8681 0.8740
23.2170 0.8683 0.8743
23.2354 0.8686 0.8745
23.2538 0.8688 0.8748
23.2722 0.8691 0.8750
23.2906 0.8693 0.8752
23.3090 0.8696 0.8755
23.3274 0.8698 0.8757
23.3459 0.8701 0.8760
23.3643 0.8703 0.8762
23.3827 0.8706 0.8764
23.4011 0.8708 0.8767
23.4195 0.8711 0.8769
23.4379 0.8713 0.8771
23.4563 0.8715 0.8774
23.4747 0.8718 0.8776
23.4931 0.8720 0.8778
23.5116 0.8722 0.8780
23.5300 0.8725 0.8782
23.5484 0.8727 0.8785
23.5668 0.8729 0.8787
23.5852 0.8731 0.8789
23.6036 0.8733 0.8791
23.6220 0.8735 0.8793
23.6404 0.8737 0.8795
23.6588 0.8739 0.8797
23.6773 0.8741 0.8799
23.6957 0.8744 0.8801
23.7141 0.8745 0.8803
23.7325 0.8747 0.8805
23.7509 0.8749 0.8807
23.7693 0.8751 0.8809
23.7877 0.8753 0.8811
23.8061 0.8755 0.8813
23.8246 0.8757 0.8815
23.8430 0.8759 0.8817
23.8614 0.8761 0.8818
23.8798 0.8763 0.8820
23.8982 0.8765 0.8822
23.9166 0.8767 0.8824
23.9350 0.8769 0.8826
23.9534 0.8771 0.8828
23.9718 0.8773 0.8829
23.9903 0.8775 0.8831
24.0087 0.8777 0.8833
24.0271 0.8779 0.8835
24.0455 0.8781 0.8837
24.0639 0.8783 0.8838
24.0823 0.8785 0.8840
24.1007 0.8787 0.8842
24.1191 0.8789 0.8844
24.1375 0.8791 0.8845
24.1560 0.8792 0.8847
24.1744 0.8794 0.8849
24.1928 0.8796 0.8850
24.2112 0.8798 0.8852
24.2296 0.8799 0.8854
24.2480 0.8801 0.8856
24.2664 0.8803 0.8857
24.2848 0.8804 0.8859
24.3033 0.8806 0.8861
24.3217 0.8808 0.8862
24.3401 0.8809 0.8864
24.3585 0.8811 0.8866
24.3769 0.8813 0.8867
24.3953 0.8815 0.8869
24.4137 0.8816 0.8871
24.4321 0.8818 0.8872
24.4505 0.8820 0.8874
24.4690 0.8822 0.8876
24.4874 0.8824 0.8877
24.5058 0.8826 0.8879
24.5242 0.8828 0.8881
24.5426 0.8829 0.8883
24.5610 0.8831 0.8884
24.5794 0.8833 0.8886
24.5978 0.8835 0.8888
24.6162 0.8837 0.8890
24.6347 0.8839 0.8891
24.6531 0.8841 0.8893
24.6715 0.8843 0.8895
24.6899 0.8845 0.8897
24.7083 0.8847 0.8898
24.7267 0.8849 0.8900
24.7451 0.8851 0.8902
24.7635 0.8853 0.8904
24.7820 0.8855 0.8905
24.8004 0.8857 0.8907
24.8188 0.8859 0.8909
24.8372 0.8861 0.8911
24.8556 0.8863 0.8912
24.8740 0.8865 0.8914
24.8924 0.8867 0.8916
24.9108 0.8869 0.8917
24.9292 0.8871 0.8919
24.9477 0.8873 0.8921
24.9661 0.8875 0.8923
24.9845 0.8877 0.8925
25.0029 0.8879 0.8926
25.0213 0.8881 0.8928
25.0397 0.8883 0.8930
25.0581 0.8885 0.8932
25.0765 0.8887 0.8934
25.0949 0.8889 0.8936
25.1134 0.8890 0.8937
25.1318 0.8892 0.8939
25.1502 0.8894 0.8941
25.1686 0.8896 0.8943
25.1870 0.8898 0.8945
25.2054 0.8900 0.8947
25.2238 0.8902 0.8948
25.2422 0.8904 0.8950
25.2607 0.8906 0.8952
25.2791 0.8908 0.8954
25.2975 0.8910 0.8956
25.3159 0.8912 0.8957
25.3343 0.8914 0.8959
25.3527 0.8915 0.8961
25.3711 0.8917 0.8963
25.3895 0.8919 0.8965
25.4079 0.8921 0.8967
25.4264 0.8923 0.8968
25.4448 0.8925 0.8970
25.4632 0.8927 0.8972
25.4816 0.8929 0.8974
25.5000 0.8931 0.8976
25.5184 0.8932 0.8977
25.5368 0.8934 0.8979
25.5552 0.8936 0.8981
25.5736 0.8938 0.8983
25.5921 0.8940 0.8985
25.6105 0.8942 0.8986
25.6289 0.8944 0.8988
25.6473 0.8946 0.8990
25.6657 0.8948 0.8992
25.6841 0.8950 0.8994
25.7025 0.8951 0.8995
25.7209 0.8953 0.8997
25.7394 0.8955 0.8999
25.7578 0.8957 0.9001
25.7762 0.8959 0.9002
25.7946 0.8961 0.9004
25.8130 0.8963 0.9006
25.8314 0.8964 0.9007
25.8498 0.8966 0.9009
25.8682 0.8968 0.9011
25.8866 0.8970 0.9012
25.9051 0.8971 0.9014
25.9235 0.8973 0.9016
25.9419 0.8975 0.9017
25.9603 0.8977 0.9019
25.9787 0.8978 0.9020
25.9971 0.8980 0.9022
26.0155 0.8982 0.9024
26.0339 0.8983 0.9025
26.0524 0.8985 0.9027
26.0708 0.8987 0.9028
26.0892 0.8988 0.9030
26.1076 0.8990 0.9032
26.1260 0.8991 0.9033
26.1444 0.8993 0.9035
26.1628 0.8995 0.9036
26.1812 0.8996 0.9038
26.1996 0.8998 0.9039
26.2181 0.8999 0.9041
26.2365 0.9001 0.9043
26.2549 0.9003 0.9044
26.2733 0.9004 0.9046
26.2917 0.9006 0.9047
26.3101 0.9007 0.9049
26.3285 0.9009 0.9050
26.3469 0.9010 0.9052
26.3653 0.9012 0.9053
26.3838 0.9013 0.9055
26.4022 0.9015 0.9056
26.4206 0.9016 0.9058
26.4390 0.9018 0.9059
26.4574 0.9019 0.9060
26.4758 0.9021 0.9062
26.4942 0.9023 0.9063
26.5126 0.9024 0.9065
26.5311 0.9026 0.9066
26.5495 0.9027 0.9067
26.5679 0.9029 0.9069
26.5863 0.9030 0.9070
26.6047 0.9032 0.9071
26.6231 0.9033 0.9072
26.6415 0.9035 0.9074
26.6599 0.9036 0.9075
26.6783 0.9038 0.9076
26.6968 0.9039 0.9078
26.7152 0.9041 0.9079
26.7336 0.9042 0.9080
26.7520 0.9043 0.9081
26.7704 0.9045 0.9083
26.7888 0.9046 0.9084
26.8072 0.9048 0.9085
26.8256 0.9049 0.9087
26.8440 0.9051 0.9088
26.8625 0.9052 0.9089
26.8809 0.9054 0.9091
26.8993 0.9055 0.9092
26.9177 0.9057 0.9093
26.9361 0.9058 0.9095
26.9545 0.9060 0.9096
26.9729 0.9061 0.9097
26.9913 0.9063 0.9099
27.0098 0.9064 0.9100
27.0282 0.9066 0.9102
27.0466 0.9067 0.9103
27.0650 0.9069 0.9104
27.0834 0.9070 0.9106
27.1018 0.9072 0.9107
27.1202 0.9073 0.9109
27.1386 0.9075 0.9110
27.1570 0.9076 0.9111
27.1755 0.9077 0.9113
27.1939 0.9079 0.9114
27.2123 0.9080 0.9116
27.2307 0.9082 0.9117
27.2491 0.9083 0.9118
27.2675 0.9085 0.9120
27.2859 0.9086 0.9121
27.3043 0.9087 0.9123
27.3227 0.9089 0.9124
27.3412 0.9090 0.9125
27.3596 0.9092 0.9127
27.3780 0.9093 0.9128
27.3964 0.9095 0.9130
27.4148 0.9096 0.9131
27.4332 0.9097 0.9132
27.4516 0.9099 0.9134
27.4700 0.9100 0.9135
27.4885 0.9102 0.9136
27.5069 0.9103 0.9138
27.5253 0.9104 0.9139
27.5437 0.9106 0.9140
27.5621 0.9107 0.9142
27.5805 0.9109 0.9143
27.5989 0.9110 0.9145
27.6173 0.9111 0.9146
27.6357 0.9113 0.9147
27.6542 0.9114 0.9149
27.6726 0.9115 0.9150
27.6910 0.9117 0.9151
27.7094 0.9118 0.9152
27.7278 0.9120 0.9154
27.7462 0.9121 0.9155
27.7646 0.9122 0.9156
27.7830 0.9124 0.9158
27.8014 0.9125 0.9159
27.8199 0.9126 0.9160
27.8383 0.9128 0.9162
27.8567 0.9129 0.9163
27.8751 0.9131 0.9164
27.8935 0.9132 0.9166
27.9119 0.9133 0.9167
27.9303 0.9135 0.9168
27.9487 0.9136 0.9169
27.9672 0.9137 0.9171
27.9856 0.9139 0.9172
28.0040 0.9140 0.9173
28.0224 0.9141 0.9175
28.0408 0.9143 0.9176
28.0592 0.9144 0.9177
28.0776 0.9145 0.9178
28.0960 0.9147 0.9180
28.1144 0.9148 0.9181
28.1329 0.9149 0.9182
28.1513 0.9150 0.9183
28.1697 0.9152 0.9185
28.1881 0.9153 0.9186
28.2065 0.9154 0.9187
28.2249 0.9156 0.9188
28.2433 0.9157 0.9190
28.2617 0.9158 0.9191
28.2801 0.9160 0.9192
28.2986 0.9161 0.9193
28.3170 0.9162 0.9195
28.3354 0.9163 0.9196
28.3538 0.9165 0.9197
28.3722 0.9166 0.9198
28.3906 0.9167 0.9199
28.4090 0.9168 0.9201
28.4274 0.9170 0.9202
28.4459 0.9171 0.9203
28.4643 0.9172 0.9204
28.4827 0.9174 0.9205
28.5011 0.9175 0.9206
28.5195 0.9176 0.9208
28.5379 0.9177 0.9209
28.5563 0.9178 0.9210
28.5747 0.9180 0.9211
28.5931 0.9181 0.9212
28.6116 0.9182 0.9213
28.6300 0.9183 0.9215
28.6484 0.9185 0.9216
28.6668 0.9186 0.9217
28.6852 0.9187 0.9218
28.7036 0.9188 0.9219
28.7220 0.9189 0.9220
28.7404 0.9191 0.9221
28.7588 0.9192 0.9223
28.7773 0.9193 0.9224
28.7957 0.9194 0.9225
28.8141 0.9195 0.9226
28.8325 0.9197 0.9227
28.8509 0.9198 0.9228
28.8693 0.9199 0.9229
28.8877 0.9200 0.9230
28.9061 0.9201 0.9232
28.9246 0.9202 0.9233
28.9430 0.9204 0.9234
28.9614 0.9205 0.9235
28.9798 0.9206 0.9236
28.9982 0.9207 0.9237
29.0166 0.9208 0.9238
29.0350 0.9209 0.9239
29.0534 0.9210 0.9240
29.0718 0.9212 0.9242
29.0903 0.9213 0.9243
29.1087 0.9214 0.9244
29.1271 0.9215 0.9245
29.1455 0.9216 0.9246
29.1639 0.9217 0.9247
29.1823 0.9218 0.9248
29.2007 0.9220 0.9249
29.2191 0.9221 0.9250
29.2375 0.9222 0.9251
29.2560 0.9223 0.9252
29.2744 0.9224 0.9254
29.2928 0.9225 0.9255
29.3112 0.9226 0.9256
29.3296 0.9227 0.9257
29.3480 0.9229 0.9258
29.3664 0.9230 0.9259
29.3848 0.9231 0.9260
29.4033 0.9232 0.9261
29.4217 0.9233 0.9262
29.4401 0.9234 0.9263
29.4585 0.9235 0.9264
29.4769 0.9236 0.9265
29.4953 0.9237 0.9266
29.5137 0.9238 0.9267
29.5321 0.9239 0.9268
29.5505 0.9241 0.9269
29.5690 0.9242 0.9270
29.5874 0.9243 0.9271
29.6058 0.9244 0.9272
29.6242 0.9245 0.9273
29.6426 0.9246 0.9274
29.6610 0.9247 0.9275
29.6794 0.9248 0.9276
29.6978 0.9249 0.9277
29.7162 0.9250 0.9278
29.7347 0.9251 0.9279
29.7531 0.9252 0.9280
29.7715 0.9253 0.9281
29.7899 0.9254 0.9282
29.8083 0.9255 0.9283
29.8267 0.9256 0.9284
29.8451 0.9257 0.9285
29.8635 0.9258 0.9286
29.8820 0.9260 0.9287
29.9004 0.9261 0.9288
29.9188 0.9262 0.9289
29.9372 0.9263 0.9290
29.9556 0.9264 0.9291
29.9740 0.9265 0.9292
29.9924 0.9266 0.9293
30.0108 0.9267 0.9294
30.0292 0.9268 0.9295
30.0477 0.9269 0.9296
30.0661 0.9270 0.9297
30.0845 0.9271 0.9298
30.1029 0.9272 0.9299
30.1213 0.9273 0.9300
30.1397 0.9274 0.9301
30.1581 0.9275 0.9302
30.1765 0.9276 0.9303
30.1949 0.9277 0.9304
30.2134 0.9278 0.9305
30.2318 0.9279 0.9306
30.2502 0.9280 0.9307
30.2686 0.9281 0.9308
30.2870 0.9282 0.9309
30.3054 0.9283 0.9310
30.3238 0.9284 0.9310
30.3422 0.9285 0.9311
30.3607 0.9286 0.9312
30.3791 0.9287 0.9313
30.3975 0.9288 0.9314
30.4159 0.9288 0.9315
30.4343 0.9289 0.9316
30.4527 0.9290 0.9317
30.4711 0.9291 0.9318
30.4895 0.9292 0.9319
30.5079 0.9293 0.9320
30.5264 0.9294 0.9321
30.5448 0.9295 0.9322
30.5632 0.9296 0.9322
30.5816 0.9297 0.9323
30.6000 0.9298 0.9324
30.6184 0.9299 0.9325
30.6368 0.9300 0.9326
30.6552 0.9301 0.9327
30.6737 0.9302 0.9328
30.6921 0.9303 0.9329
30.7105 0.9304 0.9330
30.7289 0.9305 0.9331
30.7473 0.9305 0.9331
30.7657 0.9306 0.9332
30.7841 0.9307 0.9333
30.8025 0.9308 0.9334
30.8209 0.9309 0.9335
30.8394 0.9310 0.9336
30.8578 0.9311 0.9337
30.8762 0.9312 0.9338
30.8946 0.9313 0.9338
30.9130 0.9314 0.9339
30.9314 0.9315 0.9340
30.9498 0.9316 0.9341
30.9682 0.9316 0.9342
30.9866 0.9317 0.9343
31.0051 0.9318 0.9344
31.0235 0.9319 0.9345
31.0419 0.9320 0.9345
31.0603 0.9321 0.9346
31.0787 0.9322 0.9347
31.0971 0.9323 0.9348
31.1155 0.9324 0.9349
31.1339 0.9325 0.9350
31.1524 0.9325 0.9351
31.1708 0.9326 0.9351
31.1892 0.9327 0.9352
31.2076 0.9328 0.9353
31.2260 0.9329 0.9354
31.2444 0.9330 0.9355
31.2628 0.9331 0.9356
31.2812 0.9332 0.9356
31.2996 0.9332 0.9357
31.3181 0.9333 0.9358
31.3365 0.9334 0.9359
31.3549 0.9335 0.9360
31.3733 0.9336 0.9361
31.3917 0.9337 0.9361
31.4101 0.9338 0.9362
31.4285 0.9338 0.9363
31.4469 0.9339 0.9364
31.4653 0.9340 0.9365
31.4838 0.9341 0.9365
31.5022 0.9342 0.9366
31.5206 0.9343 0.9367
31.5390 0.9344 0.9368
31.5574 0.9344 0.9369
31.5758 0.9345 0.9370
31.5942 0.9346 0.9370
31.6126 0.9347 0.9371
31.6311 0.9348 0.9372
31.6495 0.9349 0.9373
31.6679 0.9349 0.9374
31.6863 0.9350 0.9374
31.7047 0.9351 0.9375
31.7231 0.9352 0.9376
31.7415 0.9353 0.9377
31.7599 0.9354 0.9378
31.7783 0.9354 0.9378
31.7968 0.9355 0.9379
31.8152 0.9356 0.9380
31.8336 0.9357 0.9381
31.8520 0.9358 0.9381
31.8704 0.9359 0.9382
31.8888 0.9359 0.9383
31.9072 0.9360 0.9384
31.9256 0.9361 0.9385
31.9440 0.9362 0.9385
31.9625 0.9363 0.9386
31.9809 0.9363 0.9387
31.9993 0.9364 0.9388
32.0177 0.9365 0.9388
32.0361 0.9366 0.9389
32.0545 0.9367 0.9390
32.0729 0.9367 0.9391
32.0913 0.9368 0.9392
32.1098 0.9369 0.9392
32.1282 0.9370 0.9393
32.1466 0.9371 0.9394
32.1650 0.9371 0.9395
32.1834 0.9372 0.9395
32.2018 0.9373 0.9396
32.2202 0.9374 0.9397
32.2386 0.9375 0.9398
32.2570 0.9375 0.9398
32.2755 0.9376 0.9399
32.2939 0.9377 0.9400
32.3123 0.9378 0.9401
32.3307 0.9378 0.9401
32.3491 0.9379 0.9402
32.3675 0.9380 0.9403
32.3859 0.9381 0.9404
32.4043 0.9381 0.9404
32.4227 0.9382 0.9405
32.4412 0.9383 0.9406
32.4596 0.9384 0.9406
32.4780 0.9385 0.9407
32.4964 0.9385 0.9408
32.5148 0.9386 0.9409
32.5332 0.9387 0.9409
32.5516 0.9388 0.9410
32.5700 0.9388 0.9411
32.5885 0.9389 0.9412
32.6069 0.9390 0.9412
32.6253 0.9391 0.9413
32.6437 0.9391 0.9414
32.6621 0.9392 0.9414
32.6805 0.9393 0.9415
32.6989 0.9394 0.9416
32.7173 0.9394 0.9417
32.7357 0.9395 0.9417
32.7542 0.9396 0.9418
32.7726 0.9397 0.9419
32.7910 0.9397 0.9419
32.8094 0.9398 0.9420
32.8278 0.9399 0.9421
32.8462 0.9400 0.9422
32.8646 0.9400 0.9422
32.8830 0.9401 0.9423
32.9014 0.9402 0.9424
32.9199 0.9402 0.9424
32.9383 0.9403 0.9425
32.9567 0.9404 0.9426
32.9751 0.9405 0.9426
32.9935 0.9405 0.9427
33.0119 0.9406 0.9428
33.0303 0.9407 0.9429
33.0487 0.9408 0.9429
33.0672 0.9408 0.9430
33.0856 0.9409 0.9431
33.1040 0.9410 0.9431
33.1224 0.9410 0.9432
33.1408 0.9411 0.9433
33.1592 0.9412 0.9433
33.1776 0.9413 0.9434
33.1960 0.9413 0.9435
33.2144 0.9414 0.9435
33.2329 0.9415 0.9436
33.2513 0.9415 0.9437
33.2697 0.9416 0.9437
33.2881 0.9417 0.9438
33.3065 0.9417 0.9439
33.3249 0.9418 0.9439
33.3433 0.9419 0.9440
33.3617 0.9420 0.9441
33.3801 0.9420 0.9441
33.3986 0.9421 0.9442
33.4170 0.9422 0.9443
33.4354 0.9422 0.9443
33.4538 0.9423 0.9444
33.4722 0.9424 0.9445
33.4906 0.9424 0.9445
33.5090 0.9425 0.9446
33.5274 0.9426 0.9447
33.5459 0.9426 0.9447
33.5643 0.9427 0.9448
33.5827 0.9428 0.9449
33.6011 0.9428 0.9449
33.6195 0.9429 0.9450
33.6379 0.9430 0.9451
33.6563 0.9431 0.9451
33.6747 0.9431 0.9452
33.6931 0.9432 0.9453
33.7116 0.9433 0.9453
33.7300 0.9433 0.9454
33.7484 0.9434 0.9454
33.7668 0.9435 0.9455
33.7852 0.9435 0.9456
33.8036 0.9436 0.9456
33.8220 0.9437 0.9457
33.8404 0.9437 0.9458
33.8588 0.9438 0.9458
33.8773 0.9439 0.9459
33.8957 0.9439 0.9460
33.9141 0.9440 0.9460
33.9325 0.9440 0.9461
33.9509 0.9441 0.9461
33.9693 0.9442 0.9462
33.9877 0.9442 0.9463
34.0061 0.9443 0.9463
34.0246 0.9444 0.9464
34.0430 0.9444 0.9465
34.0614 0.9445 0.9465
34.0798 0.9446 0.9466
34.0982 0.9446 0.9466
34.1166 0.9447 0.9467
34.1350 0.9448 0.9468
34.1534 0.9448 0.9468
34.1718 0.9449 0.9469
34.1903 0.9450 0.9470
34.2087 0.9450 0.9470
34.2271 0.9451 0.9471
34.2455 0.9451 0.9471
34.2639 0.9452 0.9472
34.2823 0.9453 0.9473
34.3007 0.9453 0.9473
34.3191 0.9454 0.9474
34.3375 0.9455 0.9474
34.3560 0.9455 0.9475
34.3744 0.9456 0.9476
34.3928 0.9457 0.9476
34.4112 0.9457 0.9477
34.4296 0.9458 0.9477
34.4480 0.9458 0.9478
34.4664 0.9459 0.9479
34.4848 0.9460 0.9479
34.5033 0.9460 0.9480
34.5217 0.9461 0.9480
34.5401 0.9462 0.9481
34.5585 0.9462 0.9482
34.5769 0.9463 0.9482
34.5953 0.9463 0.9483
34.6137 0.9464 0.9483
34.6321 0.9465 0.9484
34.6505 0.9465 0.9485
34.6690 0.9466 0.9485
34.6874 0.9466 0.9486
34.7058 0.9467 0.9486
34.7242 0.9468 0.9487
34.7426 0.9468 0.9487
34.7610 0.9469 0.9488
34.7794 0.9469 0.9489
34.7978 0.9470 0.9489
34.8163 0.9471 0.9490
34.8347 0.9471 0.9490
34.8531 0.9472 0.9491
34.8715 0.9472 0.9492
34.8899 0.9473 0.9492
34.9083 0.9474 0.9493
34.9267 0.9474 0.9493
34.9451 0.9475 0.9494
34.9635 0.9475 0.9494
34.9820 0.9476 0.9495
35.0004 0.9477 0.9496
35.0188 0.9477 0.9496
35.0372 0.9478 0.9497
35.0556 0.9478 0.9497
35.0740 0.9479 0.9498
35.0924 0.9480 0.9498
35.1108 0.9480 0.9499
35.1292 0.9481 0.9499
35.1477 0.9481 0.9500
35.1661 0.9482 0.9501
35.1845 0.9483 0.9501
35.2029 0.9483 0.9502
35.2213 0.9484 0.9502
35.2397 0.9484 0.9503
35.2581 0.9485 0.9503
35.2765 0.9485 0.9504
35.2950 0.9486 0.9504
35.3134 0.9487 0.9505
35.3318 0.9487 0.9506
35.3502 0.9488 0.9506
35.3686 0.9488 0.9507
35.3870 0.9489 0.9507
35.4054 0.9489 0.9508
35.4238 0.9490 0.9508
35.4422 0.9491 0.9509
35.4607 0.9491 0.9509
35.4791 0.9492 0.9510
35.4975 0.9492 0.9510
35.5159 0.9493 0.9511
35.5343 0.9493 0.9512
35.5527 0.9494 0.9512
35.5711 0.9494 0.9513
35.5895 0.9495 0.9513
35.6079 0.9496 0.9514
35.6264 0.9496 0.9514
35.6448 0.9497 0.9515
35.6632 0.9497 0.9515
35.6816 0.9498 0.9516
35.7000 0.9498 0.9516
35.7184 0.9499 0.9517
35.7368 0.9500 0.9517
35.7552 0.9500 0.9518
35.7737 0.9501 0.9519
35.7921 0.9501 0.9519
35.8105 0.9502 0.9520
35.8289 0.9502 0.9520
35.8473 0.9503 0.9521
35.8657 0.9503 0.9521
35.8841 0.9504 0.9522
35.9025 0.9504 0.9522
35.9209 0.9505 0.9523
35.9394 0.9506 0.9523
35.9578 0.9506 0.9524
35.9762 0.9507 0.9524
35.9946 0.9507 0.9525
36.0130 0.9508 0.9525
36.0314 0.9508 0.9526
36.0498 0.9509 0.9526
36.0682 0.9509 0.9527
36.0866 0.9510 0.9527
36.1051 0.9510 0.9528
36.1235 0.9511 0.9528
36.1419 0.9511 0.9529
36.1603 0.9512 0.9529
36.1787 0.9512 0.9530
36.1971 0.9513 0.9530
36.2155 0.9514 0.9531
36.2339 0.9514 0.9531
36.2524 0.9515 0.9532
36.2708 0.9515 0.9532
36.2892 0.9516 0.9533
36.3076 0.9516 0.9533
36.3260 0.9517 0.9534
36.3444 0.9517 0.9534
36.3628 0.9518 0.9535
36.3812 0.9518 0.9535
36.3996 0.9519 0.9536
36.4181 0.9519 0.9536
36.4365 0.9520 0.9537
36.4549 0.9520 0.9537
36.4733 0.9521 0.9538
36.4917 0.9521 0.9538
36.5101 0.9522 0.9539
36.5285 0.9522 0.9539
36.5469 0.9523 0.9540
36.5653 0.9523 0.9540
36.5838 0.9524 0.9541
36.6022 0.9524 0.9541
36.6206 0.9525 0.9542
36.6390 0.9525 0.9542
36.6574 0.9526 0.9543
36.6758 0.9526 0.9543
36.6942 0.9527 0.9544
36.7126 0.9527 0.9544
36.7311 0.9528 0.9545
36.7495 0.9528 0.9545
36.7679 0.9529 0.9546
36.7863 0.9529 0.9546
36.8047 0.9530 0.9547
