0.0000 34.3949 35.8897
0.0175 34.1556 35.6490
0.0350 33.4472 34.9364
0.0525 32.2980 33.7807
0.0700 30.7529 32.2272
0.0875 28.8709 30.3358
0.1050 26.7214 28.1766
0.1225 24.3798 25.8263
0.1400 21.9238 23.3635
0.1575 19.4290 20.8651
0.1750 16.9656 18.4021
0.1925 14.5952 16.0371
0.2100 12.3691 13.8221
0.2275 10.3270 11.7968
0.2450 8.4965 9.9890
0.2625 6.8938 8.4141
0.2800 5.5245 7.0768
0.2975 4.3851 5.9721
0.3150 3.4650 5.0872
0.3325 2.7478 4.4035
0.3500 2.2136 3.8983
0.3675 1.8403 3.5467
0.3850 1.6048 3.3229
0.4025 1.4848 3.2017
0.4200 1.4589 3.1594
0.4376 1.5074 3.1746
0.4551 1.6130 3.2284
0.4726 1.7603 3.3049
0.4901 1.9364 3.3914
0.5076 2.1303 3.4776
0.5251 2.3333 3.5562
0.5426 2.5380 3.6221
0.5601 2.7389 3.6722
0.5776 2.9317 3.7048
0.5951 3.1132 3.7195
0.6126 3.2813 3.7170
0.6301 3.4345 3.6981
0.6476 3.5722 3.6642
0.6651 3.6942 3.6168
0.6826 3.8010 3.5571
0.7001 3.8932 3.4864
0.7176 3.9716 3.4058
0.7351 4.0375 3.3163
0.7526 4.0920 3.2191
0.7701 4.1362 3.1150
0.7876 4.1713 3.0054
0.8051 4.1983 2.8916
0.8226 4.2179 2.7753
0.8401 4.2307 2.6585
0.8576 4.2371 2.5432
0.8751 4.2374 2.4319
0.8926 4.2315 2.3269
0.9101 4.2193 2.2309
0.9276 4.2006 2.1460
0.9451 4.1751 2.0744
0.9626 4.1426 2.0178
0.9801 4.1028 1.9773
0.9976 4.0556 1.9537
1.0151 4.0009 1.9470
1.0326 3.9386 1.9568
1.0501 3.8691 1.9820
1.0676 3.7925 2.0210
1.0851 3.7092 2.0718
1.1026 3.6197 2.1320
1.1201 3.5244 2.1990
1.1376 3.4238 2.2702
1.1551 3.3187 2.3429
1.1726 3.2096 2.4146
1.1901 3.0973 2.4831
1.2076 2.9826 2.5462
1.2251 2.8663 2.6025
1.2426 2.7495 2.6509
1.2601 2.6331 2.6904
1.2776 2.5185 2.7209
1.2951 2.4068 2.7422
1.3127 2.2995 2.7547
1.3302 2.1979 2.7589
1.3477 2.1034 2.7554
1.3652 2.0174 2.7451
1.3827 1.9410 2.7285
1.4002 1.8753 2.7065
1.4177 1.8211 2.6796
1.4352 1.7789 2.6482
1.4527 1.7490 2.6127
1.4702 1.7314 2.5732
1.4877 1.7256 2.5300
1.5052 1.7312 2.4831
1.5227 1.7471 2.4327
1.5402 1.7724 2.3790
1.5577 1.8058 2.3224
1.5752 1.8459 2.2633
1.5927 1.8914 2.2026
1.6102 1.9407 2.1411
1.6277 1.9926 2.0798
1.6452 2.0458 2.0202
1.6627 2.0989 1.9635
1.6802 2.1510 1.9111
1.6977 2.2011 1.8645
1.7152 2.2484 1.8251
1.7327 2.2923 1.7939
1.7502 2.3325 1.7721
1.7677 2.3684 1.7602
1.7852 2.4001 1.7586
1.8027 2.4274 1.7675
1.8202 2.4504 1.7864
1.8377 2.4692 1.8147
1.8552 2.4841 1.8515
1.8727 2.4953 1.8956
1.8902 2.5030 1.9453
1.9077 2.5077 1.9993
1.9252 2.5095 2.0556
1.9427 2.5089 2.1125
1.9602 2.5061 2.1684
1.9777 2.5014 2.2217
1.9952 2.4952 2.2708
2.0127 2.4876 2.3145
2.0302 2.4791 2.3519
2.0477 2.4699 2.3821
2.0652 2.4603 2.4046
2.0827 2.4505 2.4194
2.1002 2.4408 2.4264
2.1177 2.4313 2.4261
2.1352 2.4223 2.4189
2.1527 2.4137 2.4057
2.1702 2.4058 2.3873
2.1878 2.3983 2.3648
2.2053 2.3914 2.3394
2.2228 2.3848 2.3120
2.2403 2.3784 2.2839
2.2578 2.3720 2.2560
2.2753 2.3654 2.2294
2.2928 2.3583 2.2047
2.3103 2.3507 2.1826
2.3278 2.3422 2.1637
2.3453 2.3328 2.1483
2.3628 2.3224 2.1364
2.3803 2.3109 2.1280
2.3978 2.2981 2.1229
2.4153 2.2841 2.1208
2.4328 2.2688 2.1211
2.4503 2.2523 2.1234
2.4678 2.2344 2.1271
2.4853 2.2151 2.1314
2.5028 2.1945 2.1356
2.5203 2.1724 2.1393
2.5378 2.1489 2.1417
2.5553 2.1239 2.1423
2.5728 2.0975 2.1408
2.5903 2.0697 2.1369
2.6078 2.0409 2.1303
2.6253 2.0111 2.1210
2.6428 1.9809 2.1091
2.6603 1.9507 2.0949
2.6778 1.9210 2.0786
2.6953 1.8924 2.0607
2.7128 1.8659 2.0417
2.7303 1.8419 2.0222
2.7478 1.8214 2.0027
2.7653 1.8049 1.9840
2.7828 1.7933 1.9665
2.8003 1.7869 1.9509
2.8178 1.7862 1.9376
2.8353 1.7914 1.9271
2.8528 1.8027 1.9197
2.8703 1.8200 1.9155
2.8878 1.8431 1.9148
2.9053 1.8715 1.9175
2.9228 1.9048 1.9235
2.9403 1.9423 1.9326
2.9578 1.9833 1.9446
2.9753 2.0271 1.9593
2.9928 2.0729 1.9762
3.0103 2.1197 1.9952
3.0278 2.1670 2.0158
3.0454 2.2138 2.0380
3.0629 2.2595 2.0614
3.0804 2.3035 2.0859
3.0979 2.3452 2.1114
3.1154 2.3841 2.1379
3.1329 2.4199 2.1652
3.1504 2.4522 2.1932
3.1679 2.4808 2.2220
3.1854 2.5055 2.2514
3.2029 2.5264 2.2811
3.2204 2.5432 2.3109
3.2379 2.5561 2.3403
3.2554 2.5649 2.3688
3.2729 2.5698 2.3958
3.2904 2.5707 2.4205
3.3079 2.5675 2.4422
3.3254 2.5602 2.4599
3.3429 2.5488 2.4728
3.3604 2.5331 2.4800
3.3779 2.5130 2.4809
3.3954 2.4885 2.4747
3.4129 2.4595 2.4612
3.4304 2.4259 2.4400
3.4479 2.3880 2.4112
3.4654 2.3457 2.3749
3.4829 2.2995 2.3318
3.5004 2.2496 2.2824
3.5179 2.1965 2.2277
3.5354 2.1407 2.1686
3.5529 2.0829 2.1061
3.5704 2.0238 2.0415
3.5879 1.9639 1.9757
3.6054 1.9039 1.9097
3.6229 1.8444 1.8443
3.6404 1.7858 1.7802
3.6579 1.7286 1.7179
3.6754 1.6730 1.6576
3.6929 1.6191 1.5994
3.7104 1.5669 1.5432
3.7279 1.5161 1.4887
3.7454 1.4663 1.4355
3.7629 1.4171 1.3831
3.7804 1.3679 1.3308
3.7979 1.3181 1.2781
3.8154 1.2668 1.2242
3.8329 1.2133 1.1686
3.8504 1.1569 1.1105
3.8679 1.0969 1.0495
3.8854 1.0326 0.9851
3.9029 0.9635 0.9167
3.9205 0.8892 0.8443
3.9380 0.8093 0.7675
3.9555 0.7237 0.6864
3.9730 0.6325 0.6011
3.9905 0.5358 0.5117
4.0080 0.4341 0.4188
4.0255 0.3280 0.3228
4.0430 0.2181 0.2245
4.0605 0.1053 0.1245
4.0780 -0.0091 0.0237
4.0955 -0.1242 -0.0771
4.1130 -0.2387 -0.1769
4.1305 -0.3513 -0.2748
4.1480 -0.4607 -0.3702
4.1655 -0.5657 -0.4623
4.1830 -0.6651 -0.5506
4.2005 -0.7579 -0.6345
4.2180 -0.8433 -0.7138
4.2355 -0.9206 -0.7883
4.2530 -0.9892 -0.8580
4.2705 -1.0489 -0.9228
4.2880 -1.0996 -0.9829
4.3055 -1.1415 -1.0385
4.3230 -1.1749 -1.0898
4.3405 -1.2004 -1.1370
4.3580 -1.2185 -1.1802
4.3755 -1.2300 -1.2197
4.3930 -1.2357 -1.2555
4.4105 -1.2366 -1.2876
4.4280 -1.2336 -1.3162
4.4455 -1.2274 -1.3411
4.4630 -1.2191 -1.3624
4.4805 -1.2095 -1.3799
4.4980 -1.1992 -1.3938
4.5155 -1.1890 -1.4039
4.5330 -1.1794 -1.4104
4.5505 -1.1710 -1.4132
4.5680 -1.1642 -1.4127
4.5855 -1.1591 -1.4088
4.6030 -1.1560 -1.4019
4.6205 -1.1549 -1.3923
4.6380 -1.1558 -1.3801
4.6555 -1.1586 -1.3657
4.6730 -1.1629 -1.3494
4.6905 -1.1684 -1.3314
4.7080 -1.1749 -1.3121
4.7255 -1.1819 -1.2915
4.7430 -1.1888 -1.2700
4.7605 -1.1953 -1.2476
4.7780 -1.2008 -1.2245
4.7956 -1.2050 -1.2008
4.8131 -1.2074 -1.1767
4.8306 -1.2076 -1.1521
4.8481 -1.2055 -1.1273
4.8656 -1.2007 -1.1023
4.8831 -1.1931 -1.0772
4.9006 -1.1826 -1.0523
4.9181 -1.1693 -1.0277
4.9356 -1.1532 -1.0036
4.9531 -1.1345 -0.9803
4.9706 -1.1133 -0.9579
4.9881 -1.0899 -0.9367
5.0056 -1.0646 -0.9168
5.0231 -1.0377 -0.8986
5.0406 -1.0095 -0.8820
5.0581 -0.9803 -0.8672
5.0756 -0.9505 -0.8542
5.0931 -0.9204 -0.8429
5.1106 -0.8903 -0.8332
5.1281 -0.8604 -0.8249
5.1456 -0.8310 -0.8178
5.1631 -0.8024 -0.8114
5.1806 -0.7748 -0.8056
5.1981 -0.7482 -0.7999
5.2156 -0.7230 -0.7940
5.2331 -0.6991 -0.7876
5.2506 -0.6769 -0.7803
5.2681 -0.6562 -0.7720
5.2856 -0.6374 -0.7624
5.3031 -0.6204 -0.7515
5.3206 -0.6054 -0.7392
5.3381 -0.5923 -0.7256
5.3556 -0.5812 -0.7109
5.3731 -0.5721 -0.6952
5.3906 -0.5649 -0.6787
5.4081 -0.5594 -0.6617
5.4256 -0.5556 -0.6445
5.4431 -0.5532 -0.6272
5.4606 -0.5520 -0.6101
5.4781 -0.5517 -0.5933
5.4956 -0.5518 -0.5771
5.5131 -0.5522 -0.5616
5.5306 -0.5524 -0.5467
5.5481 -0.5521 -0.5325
5.5656 -0.5510 -0.5190
5.5831 -0.5489 -0.5061
5.6006 -0.5454 -0.4936
5.6181 -0.5405 -0.4816
5.6356 -0.5340 -0.4698
5.6531 -0.5259 -0.4582
5.6707 -0.5161 -0.4466
5.6882 -0.5048 -0.4351
5.7057 -0.4920 -0.4235
5.7232 -0.4779 -0.4118
5.7407 -0.4627 -0.4001
5.7582 -0.4464 -0.3883
5.7757 -0.4294 -0.3765
5.7932 -0.4118 -0.3648
5.8107 -0.3938 -0.3533
5.8282 -0.3755 -0.3419
5.8457 -0.3571 -0.3309
5.8632 -0.3388 -0.3202
5.8807 -0.3205 -0.3101
5.8982 -0.3025 -0.3004
5.9157 -0.2849 -0.2913
5.9332 -0.2676 -0.2828
5.9507 -0.2508 -0.2750
5.9682 -0.2346 -0.2677
5.9857 -0.2189 -0.2610
6.0032 -0.2040 -0.2548
6.0207 -0.1897 -0.2491
6.0382 -0.1762 -0.2437
6.0557 -0.1636 -0.2387
6.0732 -0.1518 -0.2339
6.0907 -0.1409 -0.2291
6.1082 -0.1310 -0.2244
6.1257 -0.1220 -0.2194
6.1432 -0.1139 -0.2143
6.1607 -0.1068 -0.2087
6.1782 -0.1007 -0.2027
6.1957 -0.0954 -0.1961
6.2132 -0.0910 -0.1889
6.2307 -0.0873 -0.1810
6.2482 -0.0845 -0.1724
6.2657 -0.0823 -0.1631
6.2832 -0.0806 -0.1530
6.3007 -0.0795 -0.1423
6.3182 -0.0788 -0.1309
6.3357 -0.0783 -0.1190
6.3532 -0.0780 -0.1067
6.3707 -0.0778 -0.0940
6.3882 -0.0774 -0.0811
6.4057 -0.0768 -0.0682
6.4232 -0.0759 -0.0553
6.4407 -0.0745 -0.0426
6.4582 -0.0726 -0.0303
6.4757 -0.0700 -0.0185
6.4932 -0.0668 -0.0072
6.5107 -0.0628 0.0034
6.5283 -0.0581 0.0131
6.5458 -0.0526 0.0221
6.5633 -0.0464 0.0302
6.5808 -0.0395 0.0375
6.5983 -0.0320 0.0439
6.6158 -0.0239 0.0495
6.6333 -0.0153 0.0545
6.6508 -0.0063 0.0588
6.6683 0.0031 0.0626
6.6858 0.0129 0.0660
6.7033 0.0228 0.0691
6.7208 0.0330 0.0722
6.7383 0.0433 0.0752
6.7558 0.0538 0.0783
6.7733 0.0644 0.0816
6.7908 0.0750 0.0852
6.8083 0.0858 0.0892
6.8258 0.0966 0.0936
6.8433 0.1074 0.0984
6.8608 0.1183 0.1037
6.8783 0.1291 0.1094
6.8958 0.1399 0.1155
6.9133 0.1506 0.1219
6.9308 0.1611 0.1286
6.9483 0.1715 0.1356
6.9658 0.1817 0.1427
6.9833 0.1915 0.1498
7.0008 0.2011 0.1570
7.0183 0.2102 0.1641
7.0358 0.2190 0.1712
7.0533 0.2274 0.1780
7.0708 0.2353 0.1846
7.0883 0.2427 0.1910
7.1058 0.2496 0.1972
7.1233 0.2560 0.2031
7.1408 0.2619 0.2088
7.1583 0.2673 0.2143
7.1758 0.2722 0.2196
7.1933 0.2766 0.2247
7.2108 0.2805 0.2297
7.2283 0.2839 0.2346
7.2458 0.2868 0.2394
7.2633 0.2893 0.2443
7.2808 0.2914 0.2492
7.2983 0.2930 0.2541
7.3158 0.2944 0.2591
7.3333 0.2954 0.2641
7.3508 0.2962 0.2693
7.3683 0.2967 0.2745
7.3858 0.2971 0.2798
7.4034 0.2974 0.2851
7.4209 0.2977 0.2905
7.4384 0.2980 0.2959
7.4559 0.2985 0.3013
7.4734 0.2991 0.3066
7.4909 0.3000 0.3119
7.5084 0.3011 0.3171
7.5259 0.3026 0.3222
7.5434 0.3044 0.3271
7.5609 0.3067 0.3319
7.5784 0.3093 0.3366
7.5959 0.3124 0.3411
7.6134 0.3159 0.3454
7.6309 0.3198 0.3496
7.6484 0.3241 0.3536
7.6659 0.3288 0.3575
7.6834 0.3338 0.3611
7.7009 0.3391 0.3647
7.7184 0.3447 0.3681
7.7359 0.3505 0.3714
7.7534 0.3565 0.3747
7.7709 0.3627 0.3778
7.7884 0.3689 0.3809
7.8059 0.3753 0.3841
7.8234 0.3817 0.3873
7.8409 0.3882 0.3905
7.8584 0.3947 0.3938
7.8759 0.4012 0.3973
7.8934 0.4077 0.4010
7.9109 0.4141 0.4049
7.9284 0.4206 0.4090
7.9459 0.4269 0.4133
7.9634 0.4333 0.4178
7.9809 0.4395 0.4226
7.9984 0.4457 0.4276
8.0159 0.4517 0.4328
8.0334 0.4577 0.4382
8.0509 0.4635 0.4436
8.0684 0.4691 0.4492
8.0859 0.4746 0.4548
8.1034 0.4798 0.4604
8.1209 0.4849 0.4658
8.1384 0.4898 0.4712
8.1559 0.4944 0.4764
8.1734 0.4988 0.4814
8.1909 0.5029 0.4861
8.2084 0.5068 0.4906
8.2259 0.5104 0.4947
8.2434 0.5138 0.4986
8.2609 0.5168 0.5021
8.2785 0.5196 0.5053
8.2960 0.5222 0.5083
8.3135 0.5245 0.5110
8.3310 0.5265 0.5134
8.3485 0.5283 0.5157
8.3660 0.5300 0.5178
8.3835 0.5315 0.5197
8.4010 0.5329 0.5216
8.4185 0.5341 0.5235
8.4360 0.5354 0.5253
8.4535 0.5367 0.5272
8.4710 0.5380 0.5292
8.4885 0.5393 0.5312
8.5060 0.5409 0.5334
8.5235 0.5425 0.5358
8.5410 0.5444 0.5384
8.5585 0.5464 0.5411
8.5760 0.5487 0.5440
8.5935 0.5512 0.5471
8.6110 0.5539 0.5504
8.6285 0.5568 0.5539
8.6460 0.5599 0.5575
8.6635 0.5632 0.5612
8.6810 0.5667 0.5650
8.6985 0.5703 0.5689
8.7160 0.5740 0.5728
8.7335 0.5778 0.5767
8.7510 0.5816 0.5807
8.7685 0.5855 0.5846
8.7860 0.5893 0.5884
8.8035 0.5932 0.5922
8.8210 0.5970 0.5959
8.8385 0.6008 0.5995
8.8560 0.6046 0.6030
8.8735 0.6082 0.6065
8.8910 0.6118 0.6098
8.9085 0.6154 0.6130
8.9260 0.6189 0.6162
8.9435 0.6223 0.6193
8.9610 0.6256 0.6223
8.9785 0.6289 0.6253
8.9960 0.6322 0.6282
9.0135 0.6354 0.6311
9.0310 0.6386 0.6339
9.0485 0.6417 0.6367
9.0660 0.6448 0.6395
9.0835 0.6480 0.6423
9.1010 0.6510 0.6451
9.1185 0.6541 0.6478
9.1361 0.6572 0.6506
9.1536 0.6602 0.6533
9.1711 0.6633 0.6560
9.1886 0.6663 0.6586
9.2061 0.6693 0.6613
9.2236 0.6723 0.6639
9.2411 0.6752 0.6665
9.2586 0.6781 0.6691
9.2761 0.6809 0.6716
9.2936 0.6837 0.6742
9.3111 0.6864 0.6767
9.3286 0.6891 0.6793
9.3461 0.6916 0.6818
9.3636 0.6941 0.6844
9.3811 0.6965 0.6869
9.3986 0.6987 0.6894
9.4161 0.7009 0.6920
9.4336 0.7030 0.6945
9.4511 0.7050 0.6971
9.4686 0.7070 0.6996
9.4861 0.7089 0.7021
9.5036 0.7107 0.7046
9.5211 0.7125 0.7071
9.5386 0.7143 0.7096
9.5561 0.7162 0.7122
9.5736 0.7180 0.7147
9.5911 0.7199 0.7172
9.6086 0.7218 0.7198
9.6261 0.7239 0.7223
9.6436 0.7260 0.7250
9.6611 0.7282 0.7276
9.6786 0.7305 0.7303
9.6961 0.7329 0.7331
9.7136 0.7354 0.7359
9.7311 0.7381 0.7387
9.7486 0.7408 0.7417
9.7661 0.7436 0.7446
9.7836 0.7466 0.7476
9.8011 0.7496 0.7506
9.8186 0.7526 0.7536
9.8361 0.7557 0.7565
9.8536 0.7589 0.7595
9.8711 0.7621 0.7624
9.8886 0.7653 0.7653
9.9061 0.7686 0.7681
9.9236 0.7718 0.7709
9.9411 0.7750 0.7735
9.9586 0.7781 0.7761
9.9761 0.7813 0.7785
9.9936 0.7844 0.7809
10.0112 0.7874 0.7832
10.0287 0.7904 0.7853
10.0462 0.7933 0.7874
10.0637 0.7962 0.7895
10.0812 0.7990 0.7914
10.0987 0.8017 0.7933
10.1162 0.8044 0.7952
10.1337 0.8070 0.7970
10.1512 0.8096 0.7989
10.1687 0.8121 0.8007
10.1862 0.8146 0.8026
10.2037 0.8170 0.8045
10.2212 0.8194 0.8065
10.2387 0.8218 0.8086
10.2562 0.8242 0.8107
10.2737 0.8266 0.8130
10.2912 0.8289 0.8153
10.3087 0.8313 0.8177
10.3262 0.8336 0.8202
10.3437 0.8359 0.8228
10.3612 0.8381 0.8254
10.3787 0.8404 0.8282
10.3962 0.8426 0.8310
10.4137 0.8448 0.8339
10.4312 0.8469 0.8368
10.4487 0.8491 0.8398
10.4662 0.8511 0.8427
10.4837 0.8532 0.8457
10.5012 0.8552 0.8487
10.5187 0.8573 0.8517
10.5362 0.8593 0.8547
10.5537 0.8613 0.8577
10.5712 0.8633 0.8607
10.5887 0.8653 0.8636
10.6062 0.8674 0.8664
10.6237 0.8695 0.8693
10.6412 0.8716 0.8721
10.6587 0.8738 0.8748
10.6762 0.8760 0.8776
10.6937 0.8784 0.8802
10.7112 0.8807 0.8829
10.7287 0.8832 0.8855
10.7462 0.8857 0.8881
10.7637 0.8883 0.8907
10.7812 0.8909 0.8933
10.7987 0.8936 0.8958
10.8162 0.8964 0.8984
10.8337 0.8992 0.9010
10.8512 0.9021 0.9035
10.8687 0.9050 0.9061
10.8863 0.9080 0.9087
10.9038 0.9109 0.9114
10.9213 0.9140 0.9140
10.9388 0.9170 0.9167
10.9563 0.9201 0.9193
10.9738 0.9231 0.9220
10.9913 0.9262 0.9247
11.0088 0.9293 0.9274
11.0263 0.9324 0.9301
11.0438 0.9355 0.9328
11.0613 0.9386 0.9354
11.0788 0.9417 0.9381
11.0963 0.9448 0.9408
11.1138 0.9478 0.9435
11.1313 0.9509 0.9462
11.1488 0.9539 0.9489
11.1663 0.9569 0.9516
11.1838 0.9599 0.9544
11.2013 0.9629 0.9571
11.2188 0.9658 0.9598
11.2363 0.9687 0.9625
11.2538 0.9716 0.9652
11.2713 0.9745 0.9679
11.2888 0.9773 0.9707
11.3063 0.9802 0.9734
11.3238 0.9829 0.9761
11.3413 0.9857 0.9788
11.3588 0.9884 0.9815
11.3763 0.9912 0.9841
11.3938 0.9939 0.9868
11.4113 0.9965 0.9894
11.4288 0.9992 0.9920
11.4463 1.0019 0.9946
11.4638 1.0045 0.9972
11.4813 1.0071 0.9997
11.4988 1.0097 1.0023
11.5163 1.0123 1.0048
11.5338 1.0149 1.0074
11.5513 1.0175 1.0099
11.5688 1.0201 1.0124
11.5863 1.0226 1.0150
11.6038 1.0252 1.0176
11.6213 1.0277 1.0201
11.6388 1.0303 1.0227
11.6563 1.0328 1.0254
11.6738 1.0353 1.0280
11.6913 1.0378 1.0307
11.7088 1.0403 1.0334
11.7263 1.0428 1.0362
11.7438 1.0453 1.0389
11.7614 1.0478 1.0417
11.7789 1.0503 1.0446
11.7964 1.0528 1.0474
11.8139 1.0553 1.0502
11.8314 1.0579 1.0531
11.8489 1.0604 1.0560
11.8664 1.0630 1.0588
11.8839 1.0657 1.0617
11.9014 1.0683 1.0645
11.9189 1.0710 1.0674
11.9364 1.0738 1.0702
11.9539 1.0766 1.0729
11.9714 1.0794 1.0757
11.9889 1.0823 1.0785
12.0064 1.0852 1.0812
12.0239 1.0882 1.0839
12.0414 1.0912 1.0866
12.0589 1.0942 1.0893
12.0764 1.0972 1.0921
12.0939 1.1003 1.0948
12.1114 1.1034 1.0975
12.1289 1.1065 1.1003
12.1464 1.1096 1.1031
12.1639 1.1127 1.1059
12.1814 1.1159 1.1088
12.1989 1.1190 1.1117
12.2164 1.1221 1.1146
12.2339 1.1252 1.1176
12.2514 1.1282 1.1206
12.2689 1.1313 1.1237
12.2864 1.1343 1.1267
12.3039 1.1373 1.1298
12.3214 1.1403 1.1330
12.3389 1.1433 1.1361
12.3564 1.1462 1.1393
12.3739 1.1492 1.1424
12.3914 1.1521 1.1456
12.4089 1.1550 1.1487
12.4264 1.1579 1.1518
12.4439 1.1609 1.1549
12.4614 1.1638 1.1579
12.4789 1.1667 1.1610
12.4964 1.1697 1.1640
12.5139 1.1727 1.1670
12.5314 1.1757 1.1700
12.5489 1.1788 1.1730
12.5664 1.1818 1.1760
12.5839 1.1850 1.1789
12.6014 1.1881 1.1819
12.6190 1.1913 1.1849
12.6365 1.1945 1.1879
12.6540 1.1977 1.1909
12.6715 1.2010 1.1939
12.6890 1.2043 1.1969
12.7065 1.2076 1.2000
12.7240 1.2109 1.2030
12.7415 1.2142 1.2061
12.7590 1.2175 1.2092
12.7765 1.2208 1.2123
12.7940 1.2241 1.2155
12.8115 1.2275 1.2186
12.8290 1.2308 1.2218
12.8465 1.2341 1.2250
12.8640 1.2375 1.2283
12.8815 1.2409 1.2316
12.8990 1.2444 1.2350
12.9165 1.2479 1.2385
12.9340 1.2514 1.2420
12.9515 1.2551 1.2457
12.9690 1.2589 1.2494
12.9865 1.2627 1.2533
13.0040 1.2668 1.2573
13.0215 1.2709 1.2615
13.0390 1.2753 1.2658
13.0565 1.2798 1.2703
13.0740 1.2845 1.2750
13.0915 1.2894 1.2798
13.1090 1.2945 1.2849
13.1265 1.2999 1.2901
13.1440 1.3054 1.2956
13.1615 1.3112 1.3012
13.1790 1.3172 1.3070
13.1965 1.3234 1.3129
13.2140 1.3298 1.3190
13.2315 1.3364 1.3253
13.2490 1.3432 1.3318
13.2665 1.3501 1.3383
13.2840 1.3572 1.3450
13.3015 1.3645 1.3518
13.3190 1.3718 1.3587
13.3365 1.3793 1.3656
13.3540 1.3868 1.3727
13.3715 1.3945 1.3798
13.3890 1.4022 1.3870
13.4065 1.4099 1.3942
13.4240 1.4177 1.4015
13.4415 1.4254 1.4088
13.4590 1.4332 1.4161
13.4765 1.4408 1.4233
13.4941 1.4484 1.4305
13.5116 1.4558 1.4376
13.5291 1.4631 1.4446
13.5466 1.4701 1.4515
13.5641 1.4768 1.4580
13.5816 1.4831 1.4643
13.5991 1.4890 1.4702
13.6166 1.4944 1.4757
13.6341 1.4991 1.4805
13.6516 1.5030 1.4847
13.6691 1.5060 1.4880
13.6866 1.5080 1.4904
13.7041 1.5087 1.4916
13.7216 1.5081 1.4916
13.7391 1.5059 1.4901
13.7566 1.5019 1.4870
13.7741 1.4960 1.4821
13.7916 1.4880 1.4753
13.8091 1.4776 1.4663
13.8266 1.4647 1.4551
13.8441 1.4491 1.4415
13.8616 1.4306 1.4255
13.8791 1.4093 1.4069
13.8966 1.3850 1.3858
13.9141 1.3577 1.3622
13.9316 1.3275 1.3360
13.9491 1.2943 1.3075
13.9666 1.2585 1.2766
13.9841 1.2201 1.2437
14.0016 1.1795 1.2088
14.0191 1.1369 1.1722
14.0366 1.0927 1.1340
14.0541 1.0473 1.0947
14.0716 1.0011 1.0542
14.0891 0.9545 1.0131
14.1066 0.9080 0.9714
14.1241 0.8620 0.9294
14.1416 0.8169 0.8873
14.1591 0.7730 0.8454
14.1766 0.7307 0.8037
14.1941 0.6903 0.7626
14.2116 0.6519 0.7222
14.2291 0.6157 0.6825
14.2466 0.5818 0.6438
14.2641 0.5503 0.6062
14.2816 0.5212 0.5699
14.2991 0.4944 0.5349
14.3166 0.4698 0.5013
14.3341 0.4473 0.4694
14.3516 0.4269 0.4391
14.3692 0.4083 0.4106
14.3867 0.3914 0.3840
14.4042 0.3760 0.3594
14.4217 0.3621 0.3367
14.4392 0.3495 0.3161
14.4567 0.3380 0.2976
14.4742 0.3276 0.2811
14.4917 0.3182 0.2667
14.5092 0.3096 0.2544
14.5267 0.3020 0.2440
14.5442 0.2951 0.2354
14.5617 0.2889 0.2287
14.5792 0.2834 0.2236
14.5967 0.2787 0.2201
14.6142 0.2745 0.2180
14.6317 0.2710 0.2172
14.6492 0.2681 0.2175
14.6667 0.2657 0.2189
14.6842 0.2638 0.2212
14.7017 0.2624 0.2242
14.7192 0.2615 0.2278
14.7367 0.2609 0.2319
14.7542 0.2607 0.2364
14.7717 0.2608 0.2412
14.7892 0.2611 0.2462
14.8067 0.2617 0.2513
14.8242 0.2624 0.2565
14.8417 0.2632 0.2616
14.8592 0.2641 0.2666
14.8767 0.2651 0.2715
14.8942 0.2662 0.2763
14.9117 0.2673 0.2808
14.9292 0.2684 0.2851
14.9467 0.2696 0.2892
14.9642 0.2708 0.2930
14.9817 0.2721 0.2966
14.9992 0.2735 0.2999
15.0167 0.2750 0.3030
15.0342 0.2766 0.3058
15.0517 0.2784 0.3084
15.0692 0.2802 0.3108
15.0867 0.2823 0.3130
15.1042 0.2845 0.3151
15.1217 0.2869 0.3170
15.1392 0.2894 0.3189
15.1567 0.2922 0.3207
15.1742 0.2951 0.3225
15.1917 0.2982 0.3242
15.2092 0.3015 0.3261
15.2268 0.3049 0.3279
15.2443 0.3084 0.3299
15.2618 0.3121 0.3319
15.2793 0.3158 0.3340
15.2968 0.3197 0.3362
15.3143 0.3236 0.3385
15.3318 0.3275 0.3409
15.3493 0.3315 0.3434
15.3668 0.3355 0.3460
15.3843 0.3396 0.3486
15.4018 0.3436 0.3513
15.4193 0.3475 0.3541
15.4368 0.3515 0.3569
15.4543 0.3554 0.3597
15.4718 0.3593 0.3625
15.4893 0.3631 0.3653
15.5068 0.3669 0.3682
15.5243 0.3707 0.3710
15.5418 0.3744 0.3739
15.5593 0.3781 0.3767
15.5768 0.3818 0.3796
15.5943 0.3854 0.3825
15.6118 0.3890 0.3854
15.6293 0.3926 0.3883
15.6468 0.3962 0.3913
15.6643 0.3998 0.3943
15.6818 0.4034 0.3973
15.6993 0.4070 0.4004
15.7168 0.4106 0.4035
15.7343 0.4142 0.4067
15.7518 0.4177 0.4100
15.7693 0.4213 0.4133
15.7868 0.4249 0.4166
15.8043 0.4285 0.4200
15.8218 0.4321 0.4235
15.8393 0.4357 0.4270
15.8568 0.4392 0.4305
15.8743 0.4428 0.4341
15.8918 0.4463 0.4378
15.9093 0.4498 0.4414
15.9268 0.4533 0.4451
15.9443 0.4568 0.4488
15.9618 0.4602 0.4526
15.9793 0.4637 0.4563
15.9968 0.4670 0.4601
16.0143 0.4704 0.4638
16.0318 0.4738 0.4676
16.0493 0.4771 0.4714
16.0668 0.4804 0.4751
16.0843 0.4837 0.4789
16.1019 0.4870 0.4827
16.1194 0.4902 0.4864
16.1369 0.4935 0.4902
16.1544 0.4967 0.4939
16.1719 0.4999 0.4976
16.1894 0.5032 0.5013
16.2069 0.5064 0.5050
16.2244 0.5095 0.5087
16.2419 0.5127 0.5123
16.2594 0.5159 0.5159
16.2769 0.5191 0.5195
16.2944 0.5222 0.5230
16.3119 0.5254 0.5265
16.3294 0.5285 0.5300
16.3469 0.5316 0.5334
16.3644 0.5347 0.5367
16.3819 0.5378 0.5400
16.3994 0.5408 0.5432
16.4169 0.5439 0.5464
16.4344 0.5469 0.5495
16.4519 0.5499 0.5526
16.4694 0.5528 0.5556
16.4869 0.5558 0.5586
16.5044 0.5587 0.5615
16.5219 0.5616 0.5643
16.5394 0.5645 0.5671
16.5569 0.5673 0.5699
16.5744 0.5701 0.5726
16.5919 0.5729 0.5753
16.6094 0.5757 0.5779
16.6269 0.5785 0.5805
16.6444 0.5812 0.5831
16.6619 0.5839 0.5856
16.6794 0.5866 0.5881
16.6969 0.5893 0.5906
16.7144 0.5919 0.5931
16.7319 0.5946 0.5956
16.7494 0.5972 0.5980
16.7669 0.5998 0.6005
16.7844 0.6024 0.6029
16.8019 0.6049 0.6053
16.8194 0.6075 0.6078
16.8369 0.6100 0.6102
16.8544 0.6125 0.6126
16.8719 0.6150 0.6150
16.8894 0.6175 0.6174
16.9069 0.6199 0.6197
16.9244 0.6223 0.6221
16.9419 0.6247 0.6244
16.9594 0.6271 0.6268
16.9770 0.6294 0.6291
16.9945 0.6318 0.6313
17.0120 0.6341 0.6336
17.0295 0.6363 0.6358
17.0470 0.6385 0.6381
17.0645 0.6407 0.6402
17.0820 0.6429 0.6424
17.0995 0.6451 0.6445
17.1170 0.6472 0.6466
17.1345 0.6493 0.6487
17.1520 0.6513 0.6507
17.1695 0.6533 0.6528
17.1870 0.6553 0.6548
17.2045 0.6573 0.6567
17.2220 0.6592 0.6586
17.2395 0.6611 0.6606
17.2570 0.6630 0.6624
17.2745 0.6649 0.6643
17.2920 0.6667 0.6661
17.3095 0.6685 0.6679
17.3270 0.6703 0.6697
17.3445 0.6720 0.6714
17.3620 0.6738 0.6731
17.3795 0.6755 0.6748
17.3970 0.6771 0.6765
17.4145 0.6788 0.6781
17.4320 0.6804 0.6797
17.4495 0.6820 0.6813
17.4670 0.6836 0.6829
17.4845 0.6851 0.6844
17.5020 0.6866 0.6859
17.5195 0.6881 0.6874
17.5370 0.6896 0.6889
17.5545 0.6911 0.6903
17.5720 0.6925 0.6917
17.5895 0.6939 0.6932
17.6070 0.6953 0.6945
17.6245 0.6967 0.6959
17.6420 0.6981 0.6973
17.6595 0.6994 0.6986
17.6770 0.7007 0.7000
17.6945 0.7020 0.7013
17.7120 0.7033 0.7026
17.7295 0.7046 0.7039
17.7470 0.7059 0.7051
17.7645 0.7071 0.7064
17.7820 0.7084 0.7077
17.7995 0.7096 0.7089
17.8170 0.7108 0.7101
17.8345 0.7120 0.7114
17.8521 0.7132 0.7126
17.8696 0.7144 0.7138
17.8871 0.7156 0.7150
17.9046 0.7168 0.7161
17.9221 0.7179 0.7173
17.9396 0.7191 0.7185
17.9571 0.7202 0.7197
17.9746 0.7214 0.7208
17.9921 0.7225 0.7220
18.0096 0.7236 0.7231
18.0271 0.7247 0.7242
18.0446 0.7258 0.7253
18.0621 0.7269 0.7265
18.0796 0.7280 0.7276
18.0971 0.7290 0.7286
18.1146 0.7301 0.7297
18.1321 0.7311 0.7308
18.1496 0.7322 0.7319
18.1671 0.7332 0.7329
18.1846 0.7342 0.7339
18.2021 0.7352 0.7350
18.2196 0.7362 0.7360
18.2371 0.7372 0.7370
18.2546 0.7381 0.7380
18.2721 0.7391 0.7390
18.2896 0.7400 0.7399
18.3071 0.7410 0.7409
18.3246 0.7419 0.7418
18.3421 0.7428 0.7428
18.3596 0.7437 0.7437
18.3771 0.7446 0.7446
18.3946 0.7456 0.7455
18.4121 0.7465 0.7464
18.4296 0.7473 0.7473
18.4471 0.7482 0.7482
18.4646 0.7491 0.7491
18.4821 0.7500 0.7499
18.4996 0.7509 0.7508
18.5171 0.7517 0.7516
18.5346 0.7526 0.7525
18.5521 0.7535 0.7533
18.5696 0.7544 0.7542
18.5871 0.7552 0.7550
18.6046 0.7561 0.7559
18.6221 0.7569 0.7567
18.6396 0.7578 0.7575
18.6571 0.7587 0.7583
18.6746 0.7595 0.7592
18.6921 0.7604 0.7600
18.7097 0.7612 0.7608
18.7272 0.7621 0.7616
18.7447 0.7629 0.7624
18.7622 0.7637 0.7632
18.7797 0.7645 0.7640
18.7972 0.7654 0.7649
18.8147 0.7662 0.7656
18.8322 0.7670 0.7664
18.8497 0.7678 0.7672
18.8672 0.7686 0.7680
18.8847 0.7693 0.7688
18.9022 0.7701 0.7696
18.9197 0.7709 0.7703
18.9372 0.7716 0.7711
18.9547 0.7723 0.7718
18.9722 0.7731 0.7726
18.9897 0.7738 0.7733
19.0072 0.7745 0.7740
19.0247 0.7752 0.7748
19.0422 0.7759 0.7755
19.0597 0.7766 0.7762
19.0772 0.7773 0.7769
19.0947 0.7780 0.7776
19.1122 0.7787 0.7783
19.1297 0.7793 0.7790
19.1472 0.7800 0.7796
19.1647 0.7807 0.7803
19.1822 0.7813 0.7810
19.1997 0.7820 0.7816
19.2172 0.7826 0.7823
19.2347 0.7833 0.7829
19.2522 0.7839 0.7836
19.2697 0.7846 0.7842
19.2872 0.7852 0.7849
19.3047 0.7859 0.7855
19.3222 0.7865 0.7861
19.3397 0.7871 0.7868
19.3572 0.7878 0.7874
19.3747 0.7884 0.7881
19.3922 0.7890 0.7887
19.4097 0.7897 0.7893
19.4272 0.7903 0.7899
19.4447 0.7909 0.7906
19.4622 0.7916 0.7912
19.4797 0.7922 0.7918
19.4972 0.7928 0.7925
19.5147 0.7935 0.7931
19.5322 0.7941 0.7937
19.5497 0.7947 0.7943
19.5672 0.7953 0.7949
19.5848 0.7960 0.7955
19.6023 0.7966 0.7961
19.6198 0.7972 0.7967
19.6373 0.7978 0.7973
19.6548 0.7984 0.7979
19.6723 0.7990 0.7985
19.6898 0.7996 0.7991
19.7073 0.8002 0.7997
19.7248 0.8008 0.8002
19.7423 0.8014 0.8008
19.7598 0.8020 0.8014
19.7773 0.8025 0.8019
19.7948 0.8031 0.8025
19.8123 0.8036 0.8030
19.8298 0.8042 0.8036
19.8473 0.8047 0.8041
19.8648 0.8053 0.8047
19.8823 0.8058 0.8052
19.8998 0.8064 0.8057
19.9173 0.8069 0.8063
19.9348 0.8074 0.8068
19.9523 0.8079 0.8073
19.9698 0.8084 0.8078
19.9873 0.8089 0.8084
20.0048 0.8095 0.8089
20.0223 0.8100 0.8094
20.0398 0.8105 0.8099
20.0573 0.8110 0.8104
20.0748 0.8115 0.8109
20.0923 0.8120 0.8114
20.1098 0.8125 0.8119
20.1273 0.8130 0.8124
20.1448 0.8135 0.8129
20.1623 0.8140 0.8134
20.1798 0.8144 0.8139
20.1973 0.8149 0.8144
20.2148 0.8154 0.8149
20.2323 0.8159 0.8154
20.2498 0.8164 0.8159
20.2673 0.8169 0.8164
20.2848 0.8174 0.8169
20.3023 0.8179 0.8174
20.3198 0.8183 0.8179
20.3373 0.8188 0.8183
20.3548 0.8193 0.8188
20.3723 0.8198 0.8193
20.3898 0.8202 0.8198
20.4073 0.8207 0.8203
20.4248 0.8212 0.8208
20.4423 0.8217 0.8212
20.4599 0.8221 0.8217
20.4774 0.8226 0.8222
20.4949 0.8231 0.8226
20.5124 0.8235 0.8231
20.5299 0.8240 0.8236
20.5474 0.8244 0.8240
20.5649 0.8249 0.8245
20.5824 0.8253 0.8249
20.5999 0.8258 0.8254
20.6174 0.8262 0.8258
20.6349 0.8267 0.8262
20.6524 0.8271 0.8267
20.6699 0.8276 0.8271
20.6874 0.8280 0.8275
20.7049 0.8284 0.8280
20.7224 0.8289 0.8284
20.7399 0.8293 0.8288
20.7574 0.8298 0.8293
20.7749 0.8302 0.8297
20.7924 0.8306 0.8301
20.8099 0.8311 0.8305
20.8274 0.8315 0.8310
20.8449 0.8319 0.8314
20.8624 0.8323 0.8318
20.8799 0.8328 0.8323
20.8974 0.8332 0.8327
20.9149 0.8336 0.8331
20.9324 0.8340 0.8335
20.9499 0.8345 0.8340
20.9674 0.8349 0.8344
20.9849 0.8353 0.8348
21.0024 0.8357 0.8353
21.0199 0.8362 0.8357
21.0374 0.8366 0.8361
21.0549 0.8370 0.8365
21.0724 0.8374 0.8370
21.0899 0.8378 0.8374
21.1074 0.8383 0.8378
21.1249 0.8387 0.8382
21.1424 0.8391 0.8387
21.1599 0.8395 0.8391
21.1774 0.8399 0.8395
21.1949 0.8403 0.8399
21.2124 0.8407 0.8403
21.2299 0.8411 0.8407
21.2474 0.8416 0.8411
21.2649 0.8420 0.8415
21.2824 0.8424 0.8419
21.2999 0.8428 0.8424
21.3175 0.8432 0.8428
21.3350 0.8436 0.8432
21.3525 0.8440 0.8436
21.3700 0.8444 0.8440
21.3875 0.8448 0.8444
21.4050 0.8452 0.8448
21.4225 0.8456 0.8452
21.4400 0.8460 0.8456
21.4575 0.8464 0.8460
21.4750 0.8468 0.8464
21.4925 0.8472 0.8468
21.5100 0.8476 0.8472
21.5275 0.8480 0.8476
21.5450 0.8484 0.8480
21.5625 0.8488 0.8484
21.5800 0.8492 0.8487
21.5975 0.8496 0.8491
21.6150 0.8500 0.8495
21.6325 0.8504 0.8499
21.6500 0.8507 0.8503
21.6675 0.8511 0.8507
21.6850 0.8515 0.8511
21.7025 0.8519 0.8515
21.7200 0.8523 0.8518
21.7375 0.8526 0.8522
21.7550 0.8530 0.8526
21.7725 0.8534 0.8529
21.7900 0.8537 0.8533
21.8075 0.8541 0.8537
21.8250 0.8545 0.8540
21.8425 0.8548 0.8544
21.8600 0.8552 0.8547
21.8775 0.8555 0.8551
21.8950 0.8558 0.8554
21.9125 0.8562 0.8557
21.9300 0.8565 0.8561
21.9475 0.8568 0.8564
21.9650 0.8571 0.8567
21.9825 0.8575 0.8570
22.0000 0.8578 0.8573
22.0175 0.8581 0.8576
22.0350 0.8584 0.8579
22.0525 0.8587 0.8582
22.0700 0.8590 0.8585
22.0875 0.8593 0.8588
22.1050 0.8596 0.8591
22.1225 0.8598 0.8594
22.1400 0.8601 0.8597
22.1575 0.8604 0.8600
22.1750 0.8607 0.8602
22.1926 0.8610 0.8605
22.2101 0.8613 0.8608
22.2276 0.8616 0.8611
22.2451 0.8619 0.8614
22.2626 0.8622 0.8617
22.2801 0.8624 0.8620
22.2976 0.8627 0.8623
22.3151 0.8630 0.8626
22.3326 0.8633 0.8629
22.3501 0.8636 0.8632
22.3676 0.8639 0.8635
22.3851 0.8642 0.8638
22.4026 0.8645 0.8641
22.4201 0.8648 0.8644
22.4376 0.8651 0.8647
22.4551 0.8653 0.8650
22.4726 0.8656 0.8652
22.4901 0.8659 0.8655
22.5076 0.8662 0.8658
22.5251 0.8665 0.8661
22.5426 0.8668 0.8664
22.5601 0.8671 0.8667
22.5776 0.8674 0.8670
22.5951 0.8677 0.8673
22.6126 0.8679 0.8676
22.6301 0.8682 0.8679
22.6476 0.8685 0.8682
22.6651 0.8688 0.8684
22.6826 0.8691 0.8687
22.7001 0.8694 0.8690
22.7176 0.8697 0.8693
22.7351 0.8699 0.8696
22.7526 0.8702 0.8698
22.7701 0.8705 0.8701
22.7876 0.8708 0.8704
22.8051 0.8711 0.8707
22.8226 0.8713 0.8710
22.8401 0.8716 0.8712
22.8576 0.8719 0.8715
22.8751 0.8722 0.8718
22.8926 0.8725 0.8721
22.9101 0.8727 0.8723
22.9276 0.8730 0.8726
22.9451 0.8733 0.8729
22.9626 0.8736 0.8731
22.9801 0.8738 0.8734
22.9976 0.8741 0.8737
23.0151 0.8744 0.8739
23.0326 0.8746 0.8742
23.0501 0.8749 0.8745
23.0677 0.8752 0.8747
23.0852 0.8754 0.8750
23.1027 0.8757 0.8752
23.1202 0.8759 0.8755
23.1377 0.8762 0.8757
23.1552 0.8764 0.8760
23.1727 0.8767 0.8762
23.1902 0.8769 0.8765
23.2077 0.8772 0.8767
23.2252 0.8774 0.8769
23.2427 0.8776 0.8772
23.2602 0.8779 0.8774
23.2777 0.8781 0.8776
23.2952 0.8783 0.8779
23.3127 0.8785 0.8781
23.3302 0.8787 0.8783
23.3477 0.8790 0.8785
23.3652 0.8792 0.8788
23.3827 0.8794 0.8790
23.4002 0.8796 0.8792
23.4177 0.8798 0.8794
23.4352 0.8800 0.8796
23.4527 0.8802 0.8798
23.4702 0.8804 0.8800
23.4877 0.8806 0.8802
23.5052 0.8808 0.8805
23.5227 0.8810 0.8807
23.5402 0.8812 0.8809
23.5577 0.8814 0.8810
23.5752 0.8816 0.8812
23.5927 0.8818 0.8814
23.6102 0.8820 0.8816
23.6277 0.8822 0.8818
23.6452 0.8824 0.8820
23.6627 0.8826 0.8822
23.6802 0.8827 0.8824
23.6977 0.8829 0.8825
23.7152 0.8831 0.8827
23.7327 0.8833 0.8829
23.7502 0.8835 0.8831
23.7677 0.8836 0.8832
23.7852 0.8838 0.8834
23.8027 0.8840 0.8836
23.8202 0.8841 0.8837
23.8377 0.8843 0.8839
23.8552 0.8844 0.8841
23.8727 0.8846 0.8842
23.8902 0.8848 0.8844
23.9077 0.8849 0.8845
23.9252 0.8851 0.8847
23.9428 0.8852 0.8848
23.9603 0.8853 0.8850
23.9778 0.8855 0.8851
23.9953 0.8856 0.8852
24.0128 0.8857 0.8853
24.0303 0.8859 0.8855
24.0478 0.8860 0.8856
24.0653 0.8861 0.8857
24.0828 0.8862 0.8858
24.1003 0.8863 0.8859
24.1178 0.8864 0.8860
24.1353 0.8865 0.8860
24.1528 0.8865 0.8861
24.1703 0.8866 0.8862
24.1878 0.8867 0.8863
24.2053 0.8867 0.8863
24.2228 0.8868 0.8864
24.2403 0.8868 0.8864
24.2578 0.8869 0.8865
24.2753 0.8869 0.8865
24.2928 0.8870 0.8866
24.3103 0.8870 0.8866
24.3278 0.8871 0.8867
24.3453 0.8872 0.8867
24.3628 0.8872 0.8868
24.3803 0.8873 0.8869
24.3978 0.8874 0.8869
24.4153 0.8874 0.8870
24.4328 0.8875 0.8871
24.4503 0.8876 0.8872
24.4678 0.8877 0.8873
24.4853 0.8879 0.8875
24.5028 0.8880 0.8876
24.5203 0.8881 0.8877
24.5378 0.8883 0.8879
24.5553 0.8885 0.8881
24.5728 0.8886 0.8883
24.5903 0.8888 0.8884
24.6078 0.8890 0.8887
24.6253 0.8892 0.8889
24.6428 0.8894 0.8891
24.6603 0.8897 0.8893
24.6778 0.8899 0.8895
24.6953 0.8901 0.8898
24.7128 0.8904 0.8900
24.7303 0.8906 0.8903
24.7478 0.8908 0.8905
24.7653 0.8911 0.8908
24.7828 0.8914 0.8910
24.8004 0.8916 0.8913
24.8179 0.8919 0.8915
24.8354 0.8921 0.8918
24.8529 0.8924 0.8920
24.8704 0.8926 0.8923
24.8879 0.8929 0.8925
24.9054 0.8931 0.8928
24.9229 0.8934 0.8930
24.9404 0.8936 0.8933
24.9579 0.8939 0.8935
24.9754 0.8941 0.8938
24.9929 0.8944 0.8940
25.0104 0.8946 0.8943
25.0279 0.8948 0.8945
25.0454 0.8951 0.8947
25.0629 0.8953 0.8950
25.0804 0.8955 0.8952
25.0979 0.8958 0.8954
25.1154 0.8960 0.8957
25.1329 0.8962 0.8959
25.1504 0.8964 0.8961
25.1679 0.8967 0.8963
25.1854 0.8969 0.8966
25.2029 0.8971 0.8968
25.2204 0.8973 0.8970
25.2379 0.8976 0.8972
25.2554 0.8978 0.8974
25.2729 0.8980 0.8977
25.2904 0.8982 0.8979
25.3079 0.8984 0.8981
25.3254 0.8986 0.8983
25.3429 0.8989 0.8985
25.3604 0.8991 0.8987
25.3779 0.8993 0.8989
25.3954 0.8995 0.8991
25.4129 0.8997 0.8994
25.4304 0.8999 0.8996
25.4479 0.9001 0.8998
25.4654 0.9003 0.9000
25.4829 0.9005 0.9002
25.5004 0.9007 0.9004
25.5179 0.9009 0.9006
25.5354 0.9011 0.9008
25.5529 0.9013 0.9010
25.5704 0.9015 0.9012
25.5879 0.9017 0.9014
25.6054 0.9019 0.9016
25.6229 0.9021 0.9017
25.6404 0.9023 0.9019
25.6579 0.9024 0.9021
25.6755 0.9026 0.9023
25.6930 0.9028 0.9025
25.7105 0.9030 0.9026
25.7280 0.9031 0.9028
25.7455 0.9033 0.9030
25.7630 0.9034 0.9031
25.7805 0.9036 0.9033
25.7980 0.9038 0.9034
25.8155 0.9039 0.9036
25.8330 0.9040 0.9037
25.8505 0.9042 0.9039
25.8680 0.9043 0.9040
25.8855 0.9045 0.9041
25.9030 0.9046 0.9043
25.9205 0.9047 0.9044
25.9380 0.9048 0.9045
25.9555 0.9050 0.9046
25.9730 0.9051 0.9048
25.9905 0.9052 0.9049
26.0080 0.9053 0.9050
26.0255 0.9054 0.9051
26.0430 0.9055 0.9052
26.0605 0.9056 0.9053
26.0780 0.9058 0.9054
26.0955 0.9059 0.9055
26.1130 0.9060 0.9056
26.1305 0.9061 0.9057
26.1480 0.9062 0.9058
26.1655 0.9063 0.9059
26.1830 0.9064 0.9060
26.2005 0.9065 0.9062
26.2180 0.9066 0.9063
26.2355 0.9067 0.9064
26.2530 0.9068 0.9065
26.2705 0.9069 0.9066
26.2880 0.9070 0.9067
26.3055 0.9071 0.9068
26.3230 0.9073 0.9069
26.3405 0.9074 0.9070
26.3580 0.9075 0.9071
26.3755 0.9076 0.9073
26.3930 0.9077 0.9074
26.4105 0.9078 0.9075
26.4280 0.9080 0.9076
26.4455 0.9081 0.9078
26.4630 0.9082 0.9079
26.4805 0.9084 0.9080
26.4980 0.9085 0.9082
26.5155 0.9086 0.9083
26.5330 0.9088 0.9085
26.5506 0.9089 0.9086
26.5681 0.9091 0.9088
26.5856 0.9092 0.9089
26.6031 0.9094 0.9091
26.6206 0.9095 0.9092
26.6381 0.9097 0.9094
26.6556 0.9098 0.9095
26.6731 0.9100 0.9097
26.6906 0.9102 0.9098
26.7081 0.9103 0.9100
26.7256 0.9105 0.9102
26.7431 0.9106 0.9103
26.7606 0.9108 0.9105
26.7781 0.9109 0.9106
26.7956 0.9111 0.9108
26.8131 0.9113 0.9109
26.8306 0.9114 0.9111
26.8481 0.9116 0.9113
26.8656 0.9117 0.9114
26.8831 0.9119 0.9116
26.9006 0.9121 0.9117
26.9181 0.9122 0.9119
26.9356 0.9124 0.9120
26.9531 0.9125 0.9122
26.9706 0.9127 0.9123
26.9881 0.9128 0.9125
27.0056 0.9130 0.9127
27.0231 0.9131 0.9128
27.0406 0.9133 0.9130
27.0581 0.9134 0.9131
27.0756 0.9136 0.9132
27.0931 0.9137 0.9134
27.1106 0.9139 0.9135
27.1281 0.9140 0.9137
27.1456 0.9142 0.9138
27.1631 0.9143 0.9140
27.1806 0.9144 0.9141
27.1981 0.9146 0.9143
27.2156 0.9147 0.9144
27.2331 0.9149 0.9145
27.2506 0.9150 0.9147
27.2681 0.9151 0.9148
27.2856 0.9153 0.9150
27.3031 0.9154 0.9151
27.3206 0.9156 0.9152
27.3381 0.9157 0.9154
27.3556 0.9158 0.9155
27.3731 0.9160 0.9157
27.3906 0.9161 0.9158
27.4082 0.9162 0.9159
27.4257 0.9164 0.9161
27.4432 0.9165 0.9162
27.4607 0.9166 0.9163
27.4782 0.9168 0.9165
27.4957 0.9169 0.9166
27.5132 0.9170 0.9167
27.5307 0.9172 0.9169
27.5482 0.9173 0.9170
27.5657 0.9174 0.9171
27.5832 0.9176 0.9173
27.6007 0.9177 0.9174
27.6182 0.9178 0.9175
27.6357 0.9179 0.9176
27.6532 0.9181 0.9178
27.6707 0.9182 0.9179
27.6882 0.9183 0.9180
27.7057 0.9185 0.9181
27.7232 0.9186 0.9183
27.7407 0.9187 0.9184
27.7582 0.9188 0.9185
27.7757 0.9190 0.9187
27.7932 0.9191 0.9188
27.8107 0.9192 0.9189
27.8282 0.9193 0.9190
27.8457 0.9195 0.9192
27.8632 0.9196 0.9193
27.8807 0.9197 0.9194
27.8982 0.9198 0.9195
27.9157 0.9199 0.9196
27.9332 0.9201 0.9198
27.9507 0.9202 0.9199
27.9682 0.9203 0.9200
27.9857 0.9204 0.9201
28.0032 0.9206 0.9202
28.0207 0.9207 0.9204
28.0382 0.9208 0.9205
28.0557 0.9209 0.9206
28.0732 0.9210 0.9207
28.0907 0.9211 0.9208
28.1082 0.9213 0.9210
28.1257 0.9214 0.9211
28.1432 0.9215 0.9212
28.1607 0.9216 0.9213
28.1782 0.9217 0.9214
28.1957 0.9219 0.9216
28.2132 0.9220 0.9217
28.2307 0.9221 0.9218
28.2482 0.9222 0.9219
28.2657 0.9223 0.9220
28.2833 0.9224 0.9221
28.3008 0.9225 0.9222
28.3183 0.9227 0.9224
28.3358 0.9228 0.9225
28.3533 0.9229 0.9226
28.3708 0.9230 0.9227
28.3883 0.9231 0.9228
28.4058 0.9232 0.9229
28.4233 0.9233 0.9230
28.4408 0.9234 0.9232
28.4583 0.9236 0.9233
28.4758 0.9237 0.9234
28.4933 0.9238 0.9235
28.5108 0.9239 0.9236
28.5283 0.9240 0.9237
28.5458 0.9241 0.9238
28.5633 0.9242 0.9239
28.5808 0.9243 0.9240
28.5983 0.9244 0.9242
28.6158 0.9246 0.9243
28.6333 0.9247 0.9244
28.6508 0.9248 0.9245
28.6683 0.9249 0.9246
28.6858 0.9250 0.9247
28.7033 0.9251 0.9248
28.7208 0.9252 0.9249
28.7383 0.9253 0.9250
28.7558 0.9254 0.9251
28.7733 0.9255 0.9252
28.7908 0.9256 0.9253
28.8083 0.9257 0.9254
28.8258 0.9258 0.9256
28.8433 0.9259 0.9257
28.8608 0.9261 0.9258
28.8783 0.9262 0.9259
28.8958 0.9263 0.9260
28.9133 0.9264 0.9261
28.9308 0.9265 0.9262
28.9483 0.9266 0.9263
28.9658 0.9267 0.9264
28.9833 0.9268 0.9265
29.0008 0.9269 0.9266
29.0183 0.9270 0.9267
29.0358 0.9271 0.9268
29.0533 0.9272 0.9269
29.0708 0.9273 0.9270
29.0883 0.9274 0.9271
29.1058 0.9275 0.9272
29.1233 0.9276 0.9273
29.1408 0.9277 0.9274
29.1584 0.9278 0.9275
29.1759 0.9279 0.9276
29.1934 0.9280 0.9277
29.2109 0.9281 0.9278
29.2284 0.9282 0.9279
29.2459 0.9283 0.9280
29.2634 0.9284 0.9281
29.2809 0.9285 0.9282
29.2984 0.9286 0.9283
29.3159 0.9287 0.9284
29.3334 0.9288 0.9285
29.3509 0.9289 0.9286
29.3684 0.9290 0.9287
29.3859 0.9291 0.9288
29.4034 0.9292 0.9289
29.4209 0.9293 0.9290
29.4384 0.9294 0.9291
29.4559 0.9295 0.9292
29.4734 0.9296 0.9293
29.4909 0.9297 0.9294
29.5084 0.9298 0.9295
29.5259 0.9299 0.9296
29.5434 0.9300 0.9297
29.5609 0.9301 0.9298
29.5784 0.9302 0.9299
29.5959 0.9303 0.9300
29.6134 0.9304 0.9301
29.6309 0.9305 0.9302
29.6484 0.9306 0.9303
29.6659 0.9307 0.9304
29.6834 0.9308 0.9305
29.7009 0.9309 0.9306
29.7184 0.9310 0.9307
29.7359 0.9311 0.9308
29.7534 0.9311 0.9309
29.7709 0.9312 0.9310
29.7884 0.9313 0.9311
29.8059 0.9314 0.9312
29.8234 0.9315 0.9313
29.8409 0.9316 0.9313
29.8584 0.9317 0.9314
29.8759 0.9318 0.9315
29.8934 0.9319 0.9316
29.9109 0.9320 0.9317
29.9284 0.9321 0.9318
29.9459 0.9322 0.9319
29.9634 0.9323 0.9320
29.9809 0.9324 0.9321
29.9984 0.9324 0.9322
30.0159 0.9325 0.9323
30.0335 0.9326 0.9324
30.0510 0.9327 0.9324
30.0685 0.9328 0.9325
30.0860 0.9329 0.9326
30.1035 0.9330 0.9327
30.1210 0.9331 0.9328
30.1385 0.9332 0.9329
30.1560 0.9333 0.9330
30.1735 0.9333 0.9331
30.1910 0.9334 0.9332
30.2085 0.9335 0.9333
30.2260 0.9336 0.9333
30.2435 0.9337 0.9334
30.2610 0.9338 0.9335
30.2785 0.9339 0.9336
30.2960 0.9340 0.9337
30.3135 0.9341 0.9338
30.3310 0.9341 0.9339
30.3485 0.9342 0.9340
30.3660 0.9343 0.9340
30.3835 0.9344 0.9341
30.4010 0.9345 0.9342
30.4185 0.9346 0.9343
30.4360 0.9347 0.9344
30.4535 0.9347 0.9345
30.4710 0.9348 0.9346
30.4885 0.9349 0.9347
30.5060 0.9350 0.9347
30.5235 0.9351 0.9348
30.5410 0.9352 0.9349
30.5585 0.9353 0.9350
30.5760 0.9353 0.9351
30.5935 0.9354 0.9352
30.6110 0.9355 0.9353
30.6285 0.9356 0.9353
30.6460 0.9357 0.9354
30.6635 0.9358 0.9355
30.6810 0.9358 0.9356
30.6985 0.9359 0.9357
30.7160 0.9360 0.9358
30.7335 0.9361 0.9358
30.7510 0.9362 0.9359
30.7685 0.9363 0.9360
30.7860 0.9363 0.9361
30.8035 0.9364 0.9362
30.8210 0.9365 0.9363
30.8385 0.9366 0.9363
30.8560 0.9367 0.9364
30.8735 0.9368 0.9365
30.8911 0.9368 0.9366
30.9086 0.9369 0.9367
30.9261 0.9370 0.9367
30.9436 0.9371 0.9368
30.9611 0.9372 0.9369
30.9786 0.9372 0.9370
30.9961 0.9373 0.9371
31.0136 0.9374 0.9372
31.0311 0.9375 0.9372
31.0486 0.9376 0.9373
31.0661 0.9376 0.9374
31.0836 0.9377 0.9375
31.1011 0.9378 0.9376
31.1186 0.9379 0.9376
31.1361 0.9380 0.9377
31.1536 0.9380 0.9378
31.1711 0.9381 0.9379
31.1886 0.9382 0.9379
31.2061 0.9383 0.9380
31.2236 0.9384 0.9381
31.2411 0.9384 0.9382
31.2586 0.9385 0.9383
31.2761 0.9386 0.9383
31.2936 0.9387 0.9384
31.3111 0.9387 0.9385
31.3286 0.9388 0.9386
31.3461 0.9389 0.9387
31.3636 0.9390 0.9387
31.3811 0.9391 0.9388
31.3986 0.9391 0.9389
31.4161 0.9392 0.9390
31.4336 0.9393 0.9390
31.4511 0.9394 0.9391
31.4686 0.9394 0.9392
31.4861 0.9395 0.9393
31.5036 0.9396 0.9393
31.5211 0.9397 0.9394
31.5386 0.9397 0.9395
31.5561 0.9398 0.9396
31.5736 0.9399 0.9396
31.5911 0.9400 0.9397
31.6086 0.9400 0.9398
31.6261 0.9401 0.9399
31.6436 0.9402 0.9399
31.6611 0.9403 0.9400
31.6786 0.9403 0.9401
31.6961 0.9404 0.9402
31.7136 0.9405 0.9402
31.7311 0.9406 0.9403
31.7486 0.9406 0.9404
31.7662 0.9407 0.9405
31.7837 0.9408 0.9405
31.8012 0.9409 0.9406
31.8187 0.9409 0.9407
31.8362 0.9410 0.9408
31.8537 0.9411 0.9408
31.8712 0.9412 0.9409
31.8887 0.9412 0.9410
31.9062 0.9413 0.9411
31.9237 0.9414 0.9411
31.9412 0.9414 0.9412
31.9587 0.9415 0.9413
31.9762 0.9416 0.9413
31.9937 0.9417 0.9414
32.0112 0.9417 0.9415
32.0287 0.9418 0.9416
32.0462 0.9419 0.9416
32.0637 0.9419 0.9417
32.0812 0.9420 0.9418
32.0987 0.9421 0.9418
32.1162 0.9422 0.9419
32.1337 0.9422 0.9420
32.1512 0.9423 0.9421
32.1687 0.9424 0.9421
32.1862 0.9424 0.9422
32.2037 0.9425 0.9423
32.2212 0.9426 0.9423
32.2387 0.9426 0.9424
32.2562 0.9427 0.9425
32.2737 0.9428 0.9426
32.2912 0.9429 0.9426
32.3087 0.9429 0.9427
32.3262 0.9430 0.9428
32.3437 0.9431 0.9428
32.3612 0.9431 0.9429
32.3787 0.9432 0.9430
32.3962 0.9433 0.9430
32.4137 0.9433 0.9431
32.4312 0.9434 0.9432
32.4487 0.9435 0.9432
32.4662 0.9435 0.9433
32.4837 0.9436 0.9434
32.5012 0.9437 0.9434
32.5187 0.9437 0.9435
32.5362 0.9438 0.9436
32.5537 0.9439 0.9437
32.5712 0.9440 0.9437
32.5887 0.9440 0.9438
32.6062 0.9441 0.9439
32.6237 0.9442 0.9439
32.6413 0.9442 0.9440
32.6588 0.9443 0.9441
32.6763 0.9444 0.9441
32.6938 0.9444 0.9442
32.7113 0.9445 0.9443
32.7288 0.9446 0.9443
32.7463 0.9446 0.9444
32.7638 0.9447 0.9445
32.7813 0.9448 0.9445
32.7988 0.9448 0.9446
32.8163 0.9449 0.9447
32.8338 0.9449 0.9447
32.8513 0.9450 0.9448
32.8688 0.9451 0.9448
32.8863 0.9451 0.9449
32.9038 0.9452 0.9450
32.9213 0.9453 0.9450
32.9388 0.9453 0.9451
32.9563 0.9454 0.9452
32.9738 0.9455 0.9452
32.9913 0.9455 0.9453
33.0088 0.9456 0.9454
33.0263 0.9457 0.9454
33.0438 0.9457 0.9455
33.0613 0.9458 0.9456
33.0788 0.9459 0.9456
33.0963 0.9459 0.9457
33.1138 0.9460 0.9458
33.1313 0.9460 0.9458
33.1488 0.9461 0.9459
33.1663 0.9462 0.9459
33.1838 0.9462 0.9460
33.2013 0.9463 0.9461
33.2188 0.9464 0.9461
33.2363 0.9464 0.9462
33.2538 0.9465 0.9463
33.2713 0.9465 0.9463
33.2888 0.9466 0.9464
33.3063 0.9467 0.9464
33.3238 0.9467 0.9465
33.3413 0.9468 0.9466
33.3588 0.9469 0.9466
33.3763 0.9469 0.9467
33.3938 0.9470 0.9468
33.4113 0.9470 0.9468
33.4288 0.9471 0.9469
33.4463 0.9472 0.9469
33.4638 0.9472 0.9470
33.4813 0.9473 0.9471
33.4989 0.9473 0.9471
33.5164 0.9474 0.9472
33.5339 0.9475 0.9472
33.5514 0.9475 0.9473
33.5689 0.9476 0.9474
33.5864 0.9477 0.9474
33.6039 0.9477 0.9475
33.6214 0.9478 0.9476
33.6389 0.9478 0.9476
33.6564 0.9479 0.9477
33.6739 0.9480 0.9477
33.6914 0.9480 0.9478
33.7089 0.9481 0.9479
33.7264 0.9481 0.9479
33.7439 0.9482 0.9480
33.7614 0.9483 0.9480
33.7789 0.9483 0.9481
33.7964 0.9484 0.9481
33.8139 0.9484 0.9482
33.8314 0.9485 0.9483
33.8489 0.9485 0.9483
33.8664 0.9486 0.9484
33.8839 0.9487 0.9484
33.9014 0.9487 0.9485
33.9189 0.9488 0.9486
33.9364 0.9488 0.9486
33.9539 0.9489 0.9487
33.9714 0.9490 0.9487
33.9889 0.9490 0.9488
34.0064 0.9491 0.9489
34.0239 0.9491 0.9489
34.0414 0.9492 0.9490
34.0589 0.9492 0.9490
34.0764 0.9493 0.9491
34.0939 0.9494 0.9491
34.1114 0.9494 0.9492
34.1289 0.9495 0.9493
34.1464 0.9495 0.9493
34.1639 0.9496 0.9494
34.1814 0.9496 0.9494
34.1989 0.9497 0.9495
34.2164 0.9498 0.9495
34.2339 0.9498 0.9496
34.2514 0.9499 0.9497
34.2689 0.9499 0.9497
34.2864 0.9500 0.9498
34.3039 0.9500 0.9498
34.3214 0.9501 0.9499
34.3389 0.9502 0.9499
34.3564 0.9502 0.9500
34.3740 0.9503 0.9501
34.3915 0.9503 0.9501
34.4090 0.9504 0.9502
34.4265 0.9504 0.9502
34.4440 0.9505 0.9503
34.4615 0.9505 0.9503
34.4790 0.9506 0.9504
34.4965 0.9507 0.9504
34.5140 0.9507 0.9505
34.5315 0.9508 0.9505
34.5490 0.9508 0.9506
34.5665 0.9509 0.9507
34.5840 0.9509 0.9507
34.6015 0.9510 0.9508
34.6190 0.9510 0.9508
34.6365 0.9511 0.9509
34.6540 0.9511 0.9509
34.6715 0.9512 0.9510
34.6890 0.9513 0.9510
34.7065 0.9513 0.9511
34.7240 0.9514 0.9511
34.7415 0.9514 0.9512
34.7590 0.9515 0.9513
34.7765 0.9515 0.9513
34.7940 0.9516 0.9514
34.8115 0.9516 0.9514
34.8290 0.9517 0.9515
34.8465 0.9517 0.9515
34.8640 0.9518 0.9516
34.8815 0.9518 0.9516
34.8990 0.9519 0.9517
34.9165 0.9519 0.9517
34.9340 0.9520 0.9518
34.9515 0.9521 0.9518
34.9690 0.9521 0.9519
34.9865 0.9522 0.9519
  
  
  
  
  
dim="1">gridpoints</dimension>  
  
  
  
  
  
  
  
  
0.0000 2.3756 3.7614
0.0175 2.3756 3.7614
0.0350 2.3957 3.7892
0.0525 2.4290 3.8349
0.0700 2.4751 3.8976
0.0875 2.5335 3.9764
0.1050 2.6036 4.0695
0.1225 2.6848 4.1754
0.1400 2.7760 4.2917
0.1575 2.8765 4.4162
0.1750 2.9851 4.5462
0.1925 3.1007 4.6788
0.2100 3.2222 4.8112
0.2275 3.3484 4.9402
0.2450 3.4780 5.0629
0.2625 3.6098 5.1762
0.2800 3.7427 5.2775
0.2975 3.8753 5.3643
0.3150 4.0066 5.4344
0.3325 4.1354 5.4860
0.3500 4.2606 5.5181
0.3675 4.3812 5.5298
0.3850 4.4961 5.5211
0.4025 4.6044 5.4923
0.4200 4.7053 5.4443
0.4376 4.7978 5.3784
0.4551 4.8814 5.2963
0.4726 4.9553 5.2001
0.4901 5.0192 5.0918
0.5076 5.0726 4.9737
0.5251 5.1155 4.8479
0.5426 5.1479 4.7163
0.5601 5.1700 4.5805
0.5776 5.1822 4.4421
0.5951 5.1850 4.3020
0.6126 5.1791 4.1609
0.6301 5.1654 4.0192
0.6476 5.1449 3.8772
0.6651 5.1184 3.7347
0.6826 5.0870 3.5920
0.7001 5.0514 3.4489
0.7176 5.0126 3.3059
0.7351 4.9712 3.1634
0.7526 4.9277 3.0221
0.7701 4.8823 2.8833
0.7876 4.8353 2.7483
0.8051 4.7865 2.6190
0.8226 4.7358 2.4971
0.8401 4.6827 2.3848
0.8576 4.6268 2.2841
0.8751 4.5677 2.1967
0.8926 4.5047 2.1244
0.9101 4.4375 2.0685
0.9276 4.3656 2.0297
0.9451 4.2887 2.0084
0.9626 4.2067 2.0043
0.9801 4.1194 2.0169
0.9976 4.0270 2.0447
1.0151 3.9296 2.0861
1.0326 3.8276 2.1390
1.0501 3.7213 2.2010
1.0676 3.6111 2.2695
1.0851 3.4975 2.3417
1.1026 3.3810 2.4151
1.1201 3.2622 2.4872
1.1376 3.1416 2.5556
1.1551 3.0200 2.6185
1.1726 2.8979 2.6742
1.1901 2.7762 2.7214
1.2076 2.6557 2.7595
1.2251 2.5375 2.7879
1.2426 2.4225 2.8068
1.2601 2.3119 2.8163
1.2776 2.2069 2.8171
1.2951 2.1088 2.8099
1.3127 2.0188 2.7955
1.3302 1.9380 2.7748
1.3477 1.8675 2.7487
1.3652 1.8082 2.7178
1.3827 1.7606 2.6828
1.4002 1.7252 2.6442
1.4177 1.7021 2.6022
1.4352 1.6911 2.5572
1.4527 1.6918 2.5092
1.4702 1.7034 2.4583
1.4877 1.7249 2.4046
1.5052 1.7554 2.3482
1.5227 1.7934 2.2895
1.5402 1.8376 2.2290
1.5577 1.8866 2.1671
1.5752 1.9390 2.1049
1.5927 1.9933 2.0432
1.6102 2.0484 1.9832
1.6277 2.1029 1.9262
1.6452 2.1560 1.8737
1.6627 2.2066 1.8269
1.6802 2.2541 1.7871
1.6977 2.2979 1.7555
1.7152 2.3375 1.7331
1.7327 2.3727 1.7205
1.7502 2.4033 1.7182
1.7677 2.4293 1.7262
1.7852 2.4509 1.7443
1.8027 2.4680 1.7718
1.8202 2.4811 1.8080
1.8377 2.4904 1.8516
1.8552 2.4962 1.9011
1.8727 2.4988 1.9550
1.8902 2.4986 2.0117
1.9077 2.4959 2.0693
1.9252 2.4910 2.1261
1.9427 2.4842 2.1806
1.9602 2.4758 2.2312
1.9777 2.4662 2.2766
1.9952 2.4556 2.3158
2.0127 2.4442 2.3479
2.0302 2.4325 2.3724
2.0477 2.4205 2.3889
2.0652 2.4086 2.3976
2.0827 2.3970 2.3985
2.1002 2.3858 2.3923
2.1177 2.3752 2.3797
2.1352 2.3652 2.3614
2.1527 2.3559 2.3386
2.1702 2.3471 2.3122
2.1878 2.3389 2.2835
2.2053 2.3310 2.2535
2.2228 2.3234 2.2234
2.2403 2.3156 2.1940
2.2578 2.3077 2.1663
2.2753 2.2993 2.1411
2.2928 2.2902 2.1189
2.3103 2.2804 2.1001
2.3278 2.2696 2.0849
2.3453 2.2578 2.0734
2.3628 2.2448 2.0654
2.3803 2.2307 2.0608
2.3978 2.2154 2.0590
2.4153 2.1989 2.0596
2.4328 2.1811 2.0621
2.4503 2.1622 2.0656
2.4678 2.1419 2.0697
2.4853 2.1204 2.0736
2.5028 2.0975 2.0767
2.5203 2.0733 2.0784
2.5378 2.0478 2.0782
2.5553 2.0209 2.0759
2.5728 1.9930 2.0710
2.5903 1.9640 2.0634
2.6078 1.9343 2.0532
2.6253 1.9044 2.0405
2.6428 1.8746 2.0254
2.6603 1.8455 2.0084
2.6778 1.8178 1.9899
2.6953 1.7921 1.9704
2.7128 1.7693 1.9505
2.7303 1.7499 1.9308
2.7478 1.7348 1.9119
2.7653 1.7245 1.8945
2.7828 1.7195 1.8790
2.8003 1.7202 1.8659
2.8178 1.7268 1.8557
2.8353 1.7394 1.8486
2.8528 1.7578 1.8448
2.8703 1.7819 1.8444
2.8878 1.8113 1.8475
2.9053 1.8453 1.8538
2.9228 1.8833 1.8632
2.9403 1.9246 1.8754
2.9578 1.9685 1.8902
2.9753 2.0141 1.9072
2.9928 2.0605 1.9261
3.0103 2.1072 1.9466
3.0278 2.1531 1.9685
3.0454 2.1978 1.9914
3.0629 2.2405 2.0154
3.0804 2.2807 2.0402
3.0979 2.3180 2.0657
3.1154 2.3520 2.0919
3.1329 2.3823 2.1188
3.1504 2.4088 2.1462
3.1679 2.4314 2.1740
3.1854 2.4499 2.2021
3.2029 2.4644 2.2301
3.2204 2.4748 2.2576
3.2379 2.4811 2.2842
3.2554 2.4835 2.3092
3.2729 2.4818 2.3318
3.2904 2.4761 2.3514
3.3079 2.4664 2.3671
3.3254 2.4525 2.3779
3.3429 2.4345 2.3832
3.3604 2.4122 2.3822
3.3779 2.3855 2.3742
3.3954 2.3544 2.3589
3.4129 2.3189 2.3359
3.4304 2.2791 2.3054
3.4479 2.2351 2.2675
3.4654 2.1871 2.2227
3.4829 2.1356 2.1717
3.5004 2.0810 2.1152
3.5179 2.0237 2.0544
3.5354 1.9645 1.9903
3.5529 1.9038 1.9239
3.5704 1.8425 1.8564
3.5879 1.7811 1.7887
3.6054 1.7202 1.7216
3.6229 1.6603 1.6560
3.6404 1.6018 1.5921
3.6579 1.5450 1.5304
3.6754 1.4900 1.4709
3.6929 1.4367 1.4136
3.7104 1.3849 1.3582
3.7279 1.3344 1.3042
3.7454 1.2846 1.2512
3.7629 1.2350 1.1986
3.7804 1.1850 1.1457
3.7979 1.1337 1.0919
3.8154 1.0804 1.0365
3.8329 1.0245 0.9789
3.8504 0.9651 0.9185
3.8679 0.9017 0.8548
3.8854 0.8337 0.7875
3.9029 0.7607 0.7162
3.9205 0.6822 0.6407
3.9380 0.5983 0.5609
3.9555 0.5088 0.4770
3.9730 0.4140 0.3892
3.9905 0.3142 0.2979
4.0080 0.2100 0.2035
4.0255 0.1020 0.1067
4.0430 -0.0088 0.0082
4.0605 -0.1214 -0.0911
4.0780 -0.2348 -0.1904
4.0955 -0.3476 -0.2889
4.1130 -0.4587 -0.3855
4.1305 -0.5667 -0.4797
4.1480 -0.6705 -0.5705
4.1655 -0.7688 -0.6575
4.1830 -0.8607 -0.7402
4.2005 -0.9452 -0.8182
4.2180 -1.0216 -0.8913
4.2355 -1.0894 -0.9594
4.2530 -1.1483 -1.0226
4.2705 -1.1981 -1.0809
4.2880 -1.2391 -1.1347
4.3055 -1.2715 -1.1840
4.3230 -1.2957 -1.2291
4.3405 -1.3124 -1.2702
4.3580 -1.3223 -1.3075
4.3755 -1.3264 -1.3411
4.3930 -1.3254 -1.3711
4.4105 -1.3202 -1.3975
4.4280 -1.3118 -1.4204
4.4455 -1.3012 -1.4396
4.4630 -1.2890 -1.4552
4.4805 -1.2761 -1.4671
4.4980 -1.2631 -1.4754
4.5155 -1.2508 -1.4801
4.5330 -1.2396 -1.4812
4.5505 -1.2299 -1.4788
4.5680 -1.2220 -1.4732
4.5855 -1.2161 -1.4646
4.6030 -1.2123 -1.4532
4.6205 -1.2106 -1.4393
4.6380 -1.2108 -1.4231
4.6555 -1.2127 -1.4050
4.6730 -1.2161 -1.3853
4.6905 -1.2205 -1.3641
4.7080 -1.2255 -1.3418
4.7255 -1.2308 -1.3186
4.7430 -1.2357 -1.2945
4.7605 -1.2399 -1.2698
4.7780 -1.2429 -1.2446
4.7956 -1.2443 -1.2189
4.8131 -1.2437 -1.1929
4.8306 -1.2407 -1.1667
4.8481 -1.2353 -1.1403
4.8656 -1.2271 -1.1139
4.8831 -1.2160 -1.0877
4.9006 -1.2022 -1.0618
4.9181 -1.1856 -1.0363
4.9356 -1.1663 -1.0116
4.9531 -1.1445 -0.9878
4.9706 -1.1205 -0.9651
4.9881 -1.0945 -0.9438
5.0056 -1.0669 -0.9241
5.0231 -1.0379 -0.9060
5.0406 -1.0079 -0.8896
5.0581 -0.9772 -0.8751
5.0756 -0.9461 -0.8624
5.0931 -0.9150 -0.8514
5.1106 -0.8841 -0.8418
5.1281 -0.8536 -0.8336
5.1456 -0.8240 -0.8263
5.1631 -0.7952 -0.8196
5.1806 -0.7675 -0.8132
5.1981 -0.7412 -0.8068
5.2156 -0.7162 -0.8000
5.2331 -0.6928 -0.7925
5.2506 -0.6710 -0.7839
5.2681 -0.6510 -0.7743
5.2856 -0.6329 -0.7633
5.3031 -0.6166 -0.7509
5.3206 -0.6024 -0.7373
5.3381 -0.5901 -0.7225
5.3556 -0.5799 -0.7066
5.3731 -0.5715 -0.6898
5.3906 -0.5650 -0.6724
5.4081 -0.5602 -0.6547
5.4256 -0.5570 -0.6368
5.4431 -0.5549 -0.6191
5.4606 -0.5539 -0.6017
5.4781 -0.5535 -0.5848
5.4956 -0.5535 -0.5685
5.5131 -0.5534 -0.5529
5.5306 -0.5530 -0.5380
5.5481 -0.5519 -0.5238
5.5656 -0.5499 -0.5103
5.5831 -0.5466 -0.4973
5.6006 -0.5419 -0.4848
5.6181 -0.5357 -0.4726
5.6356 -0.5278 -0.4606
5.6531 -0.5184 -0.4488
5.6707 -0.5073 -0.4370
5.6882 -0.4947 -0.4252
5.7057 -0.4808 -0.4134
5.7232 -0.4656 -0.4014
5.7407 -0.4494 -0.3895
5.7582 -0.4323 -0.3775
5.7757 -0.4146 -0.3655
5.7932 -0.3964 -0.3537
5.8107 -0.3779 -0.3420
5.8282 -0.3592 -0.3306
5.8457 -0.3405 -0.3196
5.8632 -0.3220 -0.3090
5.8807 -0.3036 -0.2990
5.8982 -0.2856 -0.2894
5.9157 -0.2680 -0.2805
5.9332 -0.2508 -0.2722
5.9507 -0.2342 -0.2644
5.9682 -0.2181 -0.2573
5.9857 -0.2028 -0.2507
6.0032 -0.1881 -0.2446
6.0207 -0.1742 -0.2390
6.0382 -0.1611 -0.2336
6.0557 -0.1488 -0.2286
6.0732 -0.1375 -0.2236
6.0907 -0.1271 -0.2187
6.1082 -0.1176 -0.2137
6.1257 -0.1091 -0.2085
6.1432 -0.1015 -0.2030
6.1607 -0.0949 -0.1970
6.1782 -0.0892 -0.1906
6.1957 -0.0843 -0.1835
6.2132 -0.0803 -0.1758
6.2307 -0.0771 -0.1674
6.2482 -0.0745 -0.1583
6.2657 -0.0726 -0.1484
6.2832 -0.0712 -0.1379
6.3007 -0.0702 -0.1267
6.3182 -0.0696 -0.1149
6.3357 -0.0691 -0.1027
6.3532 -0.0688 -0.0900
6.3707 -0.0684 -0.0771
6.3882 -0.0678 -0.0641
6.4057 -0.0670 -0.0511
6.4232 -0.0657 -0.0382
6.4407 -0.0640 -0.0256
6.4582 -0.0616 -0.0135
6.4757 -0.0586 -0.0019
6.4932 -0.0549 0.0091
6.5107 -0.0504 0.0193
6.5283 -0.0451 0.0288
6.5458 -0.0392 0.0373
6.5633 -0.0325 0.0450
6.5808 -0.0251 0.0519
6.5983 -0.0172 0.0579
6.6158 -0.0087 0.0632
6.6333 0.0003 0.0679
6.6508 0.0096 0.0719
6.6683 0.0193 0.0755
6.6858 0.0293 0.0788
6.7033 0.0395 0.0819
6.7208 0.0498 0.0849
6.7383 0.0603 0.0879
6.7558 0.0709 0.0912
6.7733 0.0816 0.0946
6.7908 0.0924 0.0984
6.8083 0.1033 0.1026
6.8258 0.1141 0.1072
6.8433 0.1250 0.1123
6.8608 0.1359 0.1178
6.8783 0.1467 0.1237
6.8958 0.1575 0.1300
6.9133 0.1681 0.1366
6.9308 0.1785 0.1435
6.9483 0.1888 0.1505
6.9658 0.1988 0.1577
6.9833 0.2085 0.1649
7.0008 0.2178 0.1721
7.0183 0.2268 0.1792
7.0358 0.2353 0.1862
7.0533 0.2434 0.1930
7.0708 0.2511 0.1995
7.0883 0.2582 0.2058
7.1058 0.2648 0.2119
7.1233 0.2709 0.2177
7.1408 0.2765 0.2233
7.1583 0.2816 0.2287
7.1758 0.2862 0.2339
7.1933 0.2903 0.2390
7.2108 0.2939 0.2439
7.2283 0.2971 0.2488
7.2458 0.2997 0.2536
7.2633 0.3020 0.2585
7.2808 0.3038 0.2634
7.2983 0.3053 0.2683
7.3158 0.3065 0.2733
7.3333 0.3073 0.2784
7.3508 0.3079 0.2836
7.3683 0.3084 0.2888
7.3858 0.3087 0.2941
7.4034 0.3090 0.2995
7.4209 0.3093 0.3049
7.4384 0.3097 0.3102
7.4559 0.3102 0.3156
7.4734 0.3109 0.3209
7.4909 0.3119 0.3261
7.5084 0.3132 0.3313
7.5259 0.3149 0.3363
7.5434 0.3169 0.3412
7.5609 0.3193 0.3459
7.5784 0.3222 0.3505
7.5959 0.3255 0.3549
7.6134 0.3292 0.3591
7.6309 0.3333 0.3632
7.6484 0.3378 0.3671
7.6659 0.3427 0.3709
7.6834 0.3479 0.3745
7.7009 0.3533 0.3780
7.7184 0.3590 0.3813
7.7359 0.3649 0.3846
7.7534 0.3710 0.3878
7.7709 0.3772 0.3909
7.7884 0.3836 0.3940
7.8059 0.3900 0.3972
7.8234 0.3964 0.4003
7.8409 0.4029 0.4036
7.8584 0.4094 0.4070
7.8759 0.4159 0.4106
7.8934 0.4224 0.4143
7.9109 0.4288 0.4182
7.9284 0.4352 0.4224
7.9459 0.4416 0.4268
7.9634 0.4478 0.4314
7.9809 0.4540 0.4363
7.9984 0.4601 0.4414
8.0159 0.4661 0.4466
8.0334 0.4719 0.4520
8.0509 0.4776 0.4575
8.0684 0.4831 0.4630
8.0859 0.4885 0.4686
8.1034 0.4936 0.4741
8.1209 0.4986 0.4795
8.1384 0.5033 0.4848
8.1559 0.5078 0.4899
8.1734 0.5120 0.4947
8.1909 0.5160 0.4993
8.2084 0.5197 0.5036
8.2259 0.5232 0.5076
8.2434 0.5264 0.5113
8.2609 0.5293 0.5147
8.2785 0.5319 0.5178
8.2960 0.5343 0.5206
8.3135 0.5365 0.5232
8.3310 0.5384 0.5255
8.3485 0.5401 0.5277
8.3660 0.5416 0.5297
8.3835 0.5430 0.5316
8.4010 0.5443 0.5334
8.4185 0.5456 0.5352
8.4360 0.5468 0.5370
8.4535 0.5480 0.5389
8.4710 0.5493 0.5409
8.4885 0.5508 0.5430
8.5060 0.5523 0.5452
8.5235 0.5540 0.5476
8.5410 0.5559 0.5502
8.5585 0.5580 0.5530
8.5760 0.5603 0.5560
8.5935 0.5629 0.5592
8.6110 0.5657 0.5625
8.6285 0.5687 0.5660
8.6460 0.5718 0.5696
8.6635 0.5752 0.5733
8.6810 0.5787 0.5772
8.6985 0.5823 0.5810
8.7160 0.5860 0.5849
8.7335 0.5898 0.5889
8.7510 0.5937 0.5928
8.7685 0.5975 0.5966
8.7860 0.6014 0.6004
8.8035 0.6052 0.6042
8.8210 0.6090 0.6078
8.8385 0.6128 0.6113
8.8560 0.6165 0.6148
8.8735 0.6201 0.6182
8.8910 0.6236 0.6214
8.9085 0.6271 0.6246
8.9260 0.6306 0.6277
8.9435 0.6339 0.6308
8.9610 0.6372 0.6337
8.9785 0.6405 0.6366
8.9960 0.6437 0.6395
9.0135 0.6469 0.6424
9.0310 0.6500 0.6452
9.0485 0.6531 0.6479
9.0660 0.6562 0.6507
9.0835 0.6592 0.6535
9.1010 0.6623 0.6562
9.1185 0.6653 0.6589
9.1361 0.6684 0.6616
9.1536 0.6714 0.6642
9.1711 0.6744 0.6669
9.1886 0.6774 0.6695
9.2061 0.6803 0.6721
9.2236 0.6833 0.6747
9.2411 0.6861 0.6773
9.2586 0.6890 0.6798
9.2761 0.6918 0.6823
9.2936 0.6945 0.6849
9.3111 0.6971 0.6874
9.3286 0.6997 0.6899
9.3461 0.7022 0.6924
9.3636 0.7046 0.6949
9.3811 0.7069 0.6974
9.3986 0.7091 0.6999
9.4161 0.7112 0.7025
9.4336 0.7133 0.7050
9.4511 0.7152 0.7075
9.4686 0.7171 0.7100
9.4861 0.7190 0.7125
9.5036 0.7208 0.7150
9.5211 0.7226 0.7174
9.5386 0.7244 0.7199
9.5561 0.7262 0.7224
9.5736 0.7280 0.7249
9.5911 0.7299 0.7274
9.6086 0.7318 0.7300
9.6261 0.7338 0.7325
9.6436 0.7360 0.7351
9.6611 0.7382 0.7378
9.6786 0.7405 0.7405
9.6961 0.7429 0.7432
9.7136 0.7455 0.7460
9.7311 0.7481 0.7489
9.7486 0.7509 0.7517
9.7661 0.7537 0.7547
9.7836 0.7566 0.7576
9.8011 0.7596 0.7606
9.8186 0.7627 0.7636
9.8361 0.7658 0.7665
9.8536 0.7690 0.7694
9.8711 0.7722 0.7723
9.8886 0.7754 0.7751
9.9061 0.7785 0.7779
9.9236 0.7817 0.7806
9.9411 0.7849 0.7832
9.9586 0.7880 0.7857
9.9761 0.7911 0.7881
9.9936 0.7942 0.7904
10.0112 0.7972 0.7926
10.0287 0.8001 0.7947
10.0462 0.8030 0.7967
10.0637 0.8058 0.7987
10.0812 0.8085 0.8006
10.0987 0.8112 0.8025
10.1162 0.8138 0.8043
10.1337 0.8164 0.8061
10.1512 0.8189 0.8079
10.1687 0.8214 0.8098
10.1862 0.8238 0.8116
10.2037 0.8262 0.8136
10.2212 0.8286 0.8155
10.2387 0.8310 0.8176
10.2562 0.8333 0.8197
10.2737 0.8356 0.8220
10.2912 0.8379 0.8243
10.3087 0.8402 0.8267
10.3262 0.8425 0.8292
10.3437 0.8448 0.8318
10.3612 0.8470 0.8345
10.3787 0.8492 0.8372
10.3962 0.8514 0.8400
10.4137 0.8535 0.8429
10.4312 0.8556 0.8458
10.4487 0.8577 0.8487
10.4662 0.8597 0.8517
10.4837 0.8618 0.8547
10.5012 0.8638 0.8577
10.5187 0.8658 0.8606
10.5362 0.8677 0.8636
10.5537 0.8697 0.8665
10.5712 0.8717 0.8694
10.5887 0.8737 0.8723
10.6062 0.8758 0.8751
10.6237 0.8778 0.8779
10.6412 0.8800 0.8807
10.6587 0.8822 0.8834
10.6762 0.8844 0.8861
10.6937 0.8867 0.8887
10.7112 0.8891 0.8913
10.7287 0.8915 0.8939
10.7462 0.8940 0.8965
10.7637 0.8966 0.8990
10.7812 0.8992 0.9016
10.7987 0.9019 0.9041
10.8162 0.9047 0.9066
10.8337 0.9075 0.9092
10.8512 0.9104 0.9117
10.8687 0.9133 0.9143
10.8863 0.9162 0.9168
10.9038 0.9192 0.9194
10.9213 0.9222 0.9220
10.9388 0.9252 0.9247
10.9563 0.9282 0.9273
10.9738 0.9313 0.9299
10.9913 0.9343 0.9326
11.0088 0.9374 0.9352
11.0263 0.9405 0.9379
11.0438 0.9435 0.9406
11.0613 0.9466 0.9432
11.0788 0.9496 0.9459
11.0963 0.9527 0.9485
11.1138 0.9557 0.9512
11.1313 0.9587 0.9539
11.1488 0.9617 0.9565
11.1663 0.9646 0.9592
11.1838 0.9676 0.9619
11.2013 0.9705 0.9646
11.2188 0.9734 0.9672
11.2363 0.9763 0.9699
11.2538 0.9791 0.9726
11.2713 0.9819 0.9753
11.2888 0.9847 0.9780
11.3063 0.9875 0.9807
11.3238 0.9902 0.9833
11.3413 0.9930 0.9860
11.3588 0.9957 0.9886
11.3763 0.9983 0.9912
11.3938 1.0010 0.9938
11.4113 1.0036 0.9964
11.4288 1.0062 0.9990
11.4463 1.0088 1.0015
11.4638 1.0114 1.0041
11.4813 1.0140 1.0066
11.4988 1.0166 1.0091
11.5163 1.0191 1.0116
11.5338 1.0217 1.0141
11.5513 1.0242 1.0166
11.5688 1.0267 1.0191
11.5863 1.0293 1.0216
11.6038 1.0318 1.0241
11.6213 1.0343 1.0267
11.6388 1.0367 1.0292
11.6563 1.0392 1.0318
11.6738 1.0417 1.0344
11.6913 1.0441 1.0371
11.7088 1.0466 1.0398
11.7263 1.0490 1.0425
11.7438 1.0515 1.0452
11.7614 1.0539 1.0480
11.7789 1.0564 1.0508
11.7964 1.0589 1.0536
11.8139 1.0614 1.0564
11.8314 1.0639 1.0592
11.8489 1.0664 1.0620
11.8664 1.0690 1.0648
11.8839 1.0716 1.0677
11.9014 1.0742 1.0704
11.9189 1.0769 1.0732
11.9364 1.0796 1.0760
11.9539 1.0824 1.0787
11.9714 1.0852 1.0814
11.9889 1.0880 1.0841
12.0064 1.0909 1.0868
12.0239 1.0938 1.0895
12.0414 1.0968 1.0921
12.0589 1.0997 1.0948
12.0764 1.1028 1.0975
12.0939 1.1058 1.1002
12.1114 1.1088 1.1029
12.1289 1.1119 1.1056
12.1464 1.1150 1.1083
12.1639 1.1180 1.1111
12.1814 1.1211 1.1139
12.1989 1.1242 1.1168
12.2164 1.1272 1.1197
12.2339 1.1303 1.1226
12.2514 1.1333 1.1256
12.2689 1.1363 1.1286
12.2864 1.1392 1.1317
12.3039 1.1422 1.1347
12.3214 1.1451 1.1378
12.3389 1.1480 1.1409
12.3564 1.1509 1.1440
12.3739 1.1538 1.1471
12.3914 1.1567 1.1502
12.4089 1.1595 1.1532
12.4264 1.1624 1.1563
12.4439 1.1652 1.1593
12.4614 1.1681 1.1623
12.4789 1.1710 1.1653
12.4964 1.1739 1.1682
12.5139 1.1769 1.1712
12.5314 1.1798 1.1741
12.5489 1.1828 1.1770
12.5664 1.1858 1.1799
12.5839 1.1889 1.1828
12.6014 1.1920 1.1857
12.6190 1.1951 1.1887
12.6365 1.1983 1.1916
12.6540 1.2015 1.1945
12.6715 1.2047 1.1975
12.6890 1.2079 1.2005
12.7065 1.2111 1.2034
12.7240 1.2144 1.2064
12.7415 1.2176 1.2095
12.7590 1.2208 1.2125
12.7765 1.2241 1.2155
12.7940 1.2273 1.2186
12.8115 1.2306 1.2217
12.8290 1.2339 1.2249
12.8465 1.2372 1.2280
12.8640 1.2405 1.2312
12.8815 1.2438 1.2345
12.8990 1.2472 1.2378
12.9165 1.2506 1.2412
12.9340 1.2541 1.2447
12.9515 1.2577 1.2483
12.9690 1.2615 1.2520
12.9865 1.2653 1.2559
13.0040 1.2693 1.2598
13.0215 1.2734 1.2640
13.0390 1.2777 1.2682
13.0565 1.2821 1.2727
13.0740 1.2868 1.2773
13.0915 1.2917 1.2822
13.1090 1.2968 1.2872
13.1265 1.3021 1.2923
13.1440 1.3076 1.2977
13.1615 1.3133 1.3033
13.1790 1.3193 1.3090
13.1965 1.3254 1.3149
13.2140 1.3317 1.3209
13.2315 1.3383 1.3271
13.2490 1.3449 1.3335
13.2665 1.3518 1.3399
13.2840 1.3588 1.3465
13.3015 1.3659 1.3532
13.3190 1.3732 1.3600
13.3365 1.3805 1.3668
13.3540 1.3879 1.3737
13.3715 1.3954 1.3807
13.3890 1.4029 1.3878
13.4065 1.4105 1.3948
13.4240 1.4181 1.4019
13.4415 1.4256 1.4090
13.4590 1.4331 1.4161
13.4765 1.4406 1.4231
13.4941 1.4479 1.4301
13.5116 1.4551 1.4370
13.5291 1.4620 1.4437
13.5466 1.4687 1.4502
13.5641 1.4751 1.4565
13.5816 1.4811 1.4625
13.5991 1.4866 1.4680
13.6166 1.4915 1.4730
13.6341 1.4957 1.4774
13.6516 1.4991 1.4811
13.6691 1.5016 1.4840
13.6866 1.5030 1.4858
13.7041 1.5031 1.4864
13.7216 1.5018 1.4858
13.7391 1.4989 1.4836
13.7566 1.4942 1.4798
13.7741 1.4875 1.4742
13.7916 1.4786 1.4665
13.8091 1.4673 1.4567
13.8266 1.4534 1.4447
13.8441 1.4369 1.4303
13.8616 1.4175 1.4133
13.8791 1.3952 1.3939
13.8966 1.3699 1.3719
13.9141 1.3417 1.3474
13.9316 1.3105 1.3205
13.9491 1.2765 1.2912
13.9666 1.2399 1.2596
13.9841 1.2008 1.2260
14.0016 1.1595 1.1905
14.0191 1.1164 1.1533
14.0366 1.0717 1.1147
14.0541 1.0260 1.0749
14.0716 0.9796 1.0342
14.0891 0.9330 0.9928
14.1066 0.8865 0.9510
14.1241 0.8407 0.9089
14.1416 0.7959 0.8668
14.1591 0.7524 0.8249
14.1766 0.7105 0.7834
14.1941 0.6706 0.7425
14.2116 0.6328 0.7022
14.2291 0.5972 0.6629
14.2466 0.5641 0.6246
14.2641 0.5332 0.5874
14.2816 0.5048 0.5515
14.2991 0.4787 0.5169
14.3166 0.4548 0.4839
14.3341 0.4330 0.4525
14.3516 0.4132 0.4229
14.3692 0.3953 0.3950
14.3867 0.3790 0.3691
14.4042 0.3642 0.3451
14.4217 0.3508 0.3232
14.4392 0.3387 0.3033
14.4567 0.3277 0.2855
14.4742 0.3178 0.2698
14.4917 0.3088 0.2561
14.5092 0.3008 0.2445
14.5267 0.2935 0.2348
14.5442 0.2870 0.2269
14.5617 0.2812 0.2208
14.5792 0.2761 0.2164
14.5967 0.2717 0.2135
14.6142 0.2680 0.2119
14.6317 0.2648 0.2117
14.6492 0.2622 0.2125
14.6667 0.2601 0.2143
14.6842 0.2586 0.2170
14.7017 0.2575 0.2204
14.7192 0.2568 0.2244
14.7367 0.2565 0.2288
14.7542 0.2566 0.2336
14.7717 0.2569 0.2387
14.7892 0.2575 0.2439
14.8067 0.2582 0.2492
14.8242 0.2591 0.2545
14.8417 0.2601 0.2598
14.8592 0.2612 0.2649
14.8767 0.2624 0.2700
14.8942 0.2636 0.2748
14.9117 0.2649 0.2795
14.9292 0.2662 0.2839
14.9467 0.2675 0.2880
14.9642 0.2689 0.2919
14.9817 0.2704 0.2955
14.9992 0.2719 0.2989
15.0167 0.2736 0.3020
15.0342 0.2753 0.3049
15.0517 0.2772 0.3076
15.0692 0.2793 0.3100
15.0867 0.2815 0.3123
15.1042 0.2838 0.3145
15.1217 0.2864 0.3165
15.1392 0.2891 0.3184
15.1567 0.2920 0.3203
15.1742 0.2951 0.3222
15.1917 0.2983 0.3241
15.2092 0.3017 0.3260
15.2268 0.3052 0.3279
15.2443 0.3089 0.3300
15.2618 0.3127 0.3321
15.2793 0.3166 0.3343
15.2968 0.3205 0.3366
15.3143 0.3245 0.3390
15.3318 0.3286 0.3415
15.3493 0.3327 0.3441
15.3668 0.3368 0.3468
15.3843 0.3409 0.3495
15.4018 0.3449 0.3523
15.4193 0.3490 0.3551
15.4368 0.3530 0.3580
15.4543 0.3570 0.3609
15.4718 0.3609 0.3638
15.4893 0.3648 0.3667
15.5068 0.3687 0.3696
15.5243 0.3725 0.3725
15.5418 0.3763 0.3754
15.5593 0.3800 0.3784
15.5768 0.3837 0.3813
15.5943 0.3874 0.3843
15.6118 0.3911 0.3872
15.6293 0.3948 0.3902
15.6468 0.3984 0.3932
15.6643 0.4020 0.3963
15.6818 0.4057 0.3994
15.6993 0.4093 0.4026
15.7168 0.4130 0.4058
15.7343 0.4166 0.4090
15.7518 0.4202 0.4123
15.7693 0.4239 0.4157
15.7868 0.4275 0.4191
15.8043 0.4311 0.4226
15.8218 0.4348 0.4261
15.8393 0.4384 0.4296
15.8568 0.4420 0.4332
15.8743 0.4456 0.4369
15.8918 0.4491 0.4406
15.9093 0.4527 0.4443
15.9268 0.4562 0.4480
15.9443 0.4597 0.4518
15.9618 0.4632 0.4555
15.9793 0.4666 0.4593
15.9968 0.4700 0.4631
16.0143 0.4734 0.4669
16.0318 0.4768 0.4707
16.0493 0.4802 0.4745
16.0668 0.4835 0.4783
16.0843 0.4868 0.4821
16.1019 0.4901 0.4859
16.1194 0.4934 0.4897
16.1369 0.4967 0.4935
16.1544 0.4999 0.4972
16.1719 0.5032 0.5010
16.1894 0.5064 0.5047
16.2069 0.5096 0.5084
16.2244 0.5128 0.5121
16.2419 0.5160 0.5157
16.2594 0.5192 0.5194
16.2769 0.5224 0.5229
16.2944 0.5256 0.5265
16.3119 0.5287 0.5300
16.3294 0.5319 0.5334
16.3469 0.5350 0.5368
16.3644 0.5381 0.5402
16.3819 0.5412 0.5435
16.3994 0.5443 0.5467
16.4169 0.5473 0.5499
16.4344 0.5503 0.5530
16.4519 0.5533 0.5561
16.4694 0.5563 0.5591
16.4869 0.5593 0.5621
16.5044 0.5622 0.5650
16.5219 0.5651 0.5678
16.5394 0.5680 0.5706
16.5569 0.5708 0.5734
16.5744 0.5737 0.5761
16.5919 0.5765 0.5787
16.6094 0.5792 0.5814
16.6269 0.5820 0.5840
16.6444 0.5847 0.5865
16.6619 0.5874 0.5891
16.6794 0.5901 0.5916
16.6969 0.5928 0.5941
16.7144 0.5955 0.5966
16.7319 0.5981 0.5991
16.7494 0.6007 0.6015
16.7669 0.6033 0.6040
16.7844 0.6059 0.6064
16.8019 0.6085 0.6089
16.8194 0.6110 0.6113
16.8369 0.6135 0.6137
16.8544 0.6161 0.6161
16.8719 0.6185 0.6185
16.8894 0.6210 0.6209
16.9069 0.6235 0.6233
16.9244 0.6259 0.6256
16.9419 0.6283 0.6280
16.9594 0.6306 0.6303
16.9770 0.6330 0.6326
16.9945 0.6353 0.6349
17.0120 0.6376 0.6371
17.0295 0.6398 0.6394
17.0470 0.6421 0.6416
17.0645 0.6443 0.6437
17.0820 0.6464 0.6459
17.0995 0.6486 0.6480
17.1170 0.6507 0.6501
17.1345 0.6527 0.6522
17.1520 0.6548 0.6542
17.1695 0.6568 0.6562
17.1870 0.6588 0.6582
17.2045 0.6608 0.6602
17.2220 0.6627 0.6621
17.2395 0.6646 0.6640
17.2570 0.6665 0.6659
17.2745 0.6683 0.6677
17.2920 0.6701 0.6695
17.3095 0.6719 0.6713
17.3270 0.6737 0.6731
17.3445 0.6754 0.6748
17.3620 0.6771 0.6765
17.3795 0.6788 0.6782
17.3970 0.6805 0.6798
17.4145 0.6821 0.6815
17.4320 0.6837 0.6831
17.4495 0.6853 0.6846
17.4670 0.6869 0.6862
17.4845 0.6884 0.6877
17.5020 0.6900 0.6892
17.5195 0.6914 0.6907
17.5370 0.6929 0.6922
17.5545 0.6944 0.6936
17.5720 0.6958 0.6950
17.5895 0.6972 0.6964
17.6070 0.6986 0.6978
17.6245 0.7000 0.6992
17.6420 0.7013 0.7005
17.6595 0.7027 0.7019
17.6770 0.7040 0.7032
17.6945 0.7053 0.7045
17.7120 0.7066 0.7058
17.7295 0.7078 0.7071
17.7470 0.7091 0.7084
17.7645 0.7104 0.7096
17.7820 0.7116 0.7109
17.7995 0.7128 0.7121
17.8170 0.7140 0.7133
17.8345 0.7152 0.7145
17.8521 0.7164 0.7157
17.8696 0.7176 0.7169
17.8871 0.7188 0.7181
17.9046 0.7199 0.7193
17.9221 0.7211 0.7205
17.9396 0.7222 0.7216
17.9571 0.7234 0.7228
17.9746 0.7245 0.7240
17.9921 0.7256 0.7251
18.0096 0.7267 0.7262
18.0271 0.7278 0.7273
18.0446 0.7289 0.7285
18.0621 0.7300 0.7296
18.0796 0.7311 0.7307
18.0971 0.7321 0.7317
18.1146 0.7332 0.7328
18.1321 0.7342 0.7339
18.1496 0.7352 0.7349
18.1671 0.7363 0.7360
18.1846 0.7373 0.7370
18.2021 0.7383 0.7380
18.2196 0.7392 0.7390
18.2371 0.7402 0.7400
18.2546 0.7412 0.7410
18.2721 0.7421 0.7420
18.2896 0.7431 0.7430
18.3071 0.7440 0.7439
18.3246 0.7449 0.7449
18.3421 0.7458 0.7458
18.3596 0.7467 0.7467
18.3771 0.7476 0.7476
18.3946 0.7485 0.7485
18.4121 0.7494 0.7494
18.4296 0.7503 0.7503
18.4471 0.7512 0.7512
18.4646 0.7521 0.7520
18.4821 0.7530 0.7529
18.4996 0.7538 0.7538
18.5171 0.7547 0.7546
18.5346 0.7556 0.7554
18.5521 0.7564 0.7563
18.5696 0.7573 0.7571
18.5871 0.7582 0.7579
18.6046 0.7590 0.7588
18.6221 0.7599 0.7596
18.6396 0.7607 0.7604
18.6571 0.7616 0.7613
18.6746 0.7624 0.7621
18.6921 0.7633 0.7629
18.7097 0.7641 0.7637
18.7272 0.7650 0.7645
18.7447 0.7658 0.7653
18.7622 0.7666 0.7661
18.7797 0.7674 0.7669
18.7972 0.7682 0.7677
18.8147 0.7691 0.7685
18.8322 0.7698 0.7693
18.8497 0.7706 0.7701
18.8672 0.7714 0.7709
18.8847 0.7722 0.7716
18.9022 0.7729 0.7724
18.9197 0.7737 0.7732
18.9372 0.7744 0.7739
18.9547 0.7752 0.7747
18.9722 0.7759 0.7754
18.9897 0.7766 0.7761
19.0072 0.7773 0.7769
19.0247 0.7780 0.7776
19.0422 0.7787 0.7783
19.0597 0.7794 0.7790
19.0772 0.7801 0.7797
19.0947 0.7808 0.7804
19.1122 0.7814 0.7811
19.1297 0.7821 0.7817
19.1472 0.7828 0.7824
19.1647 0.7834 0.7831
19.1822 0.7841 0.7837
19.1997 0.7847 0.7844
19.2172 0.7854 0.7850
19.2347 0.7860 0.7857
19.2522 0.7867 0.7863
19.2697 0.7873 0.7870
19.2872 0.7880 0.7876
19.3047 0.7886 0.7882
19.3222 0.7892 0.7889
19.3397 0.7899 0.7895
19.3572 0.7905 0.7901
19.3747 0.7911 0.7908
19.3922 0.7918 0.7914
19.4097 0.7924 0.7920
19.4272 0.7930 0.7926
19.4447 0.7936 0.7933
19.4622 0.7943 0.7939
19.4797 0.7949 0.7945
19.4972 0.7955 0.7951
19.5147 0.7961 0.7957
19.5322 0.7968 0.7964
19.5497 0.7974 0.7970
19.5672 0.7980 0.7976
19.5848 0.7986 0.7982
19.6023 0.7992 0.7988
19.6198 0.7998 0.7994
19.6373 0.8005 0.8000
19.6548 0.8011 0.8006
19.6723 0.8017 0.8011
19.6898 0.8022 0.8017
19.7073 0.8028 0.8023
19.7248 0.8034 0.8029
19.7423 0.8040 0.8034
19.7598 0.8046 0.8040
19.7773 0.8051 0.8045
19.7948 0.8057 0.8051
19.8123 0.8062 0.8056
19.8298 0.8068 0.8062
19.8473 0.8073 0.8067
19.8648 0.8079 0.8072
19.8823 0.8084 0.8078
19.8998 0.8089 0.8083
19.9173 0.8094 0.8088
19.9348 0.8100 0.8093
19.9523 0.8105 0.8099
19.9698 0.8110 0.8104
19.9873 0.8115 0.8109
20.0048 0.8120 0.8114
20.0223 0.8125 0.8119
20.0398 0.8130 0.8124
20.0573 0.8135 0.8129
20.0748 0.8140 0.8134
20.0923 0.8145 0.8139
20.1098 0.8150 0.8144
20.1273 0.8155 0.8149
20.1448 0.8160 0.8154
20.1623 0.8165 0.8159
20.1798 0.8169 0.8164
20.1973 0.8174 0.8169
20.2148 0.8179 0.8174
20.2323 0.8184 0.8179
20.2498 0.8189 0.8184
20.2673 0.8194 0.8189
20.2848 0.8199 0.8193
20.3023 0.8203 0.8198
20.3198 0.8208 0.8203
20.3373 0.8213 0.8208
20.3548 0.8218 0.8213
20.3723 0.8222 0.8218
20.3898 0.8227 0.8223
20.4073 0.8232 0.8227
20.4248 0.8236 0.8232
20.4423 0.8241 0.8237
20.4599 0.8246 0.8241
20.4774 0.8250 0.8246
20.4949 0.8255 0.8251
20.5124 0.8259 0.8255
20.5299 0.8264 0.8260
20.5474 0.8269 0.8264
20.5649 0.8273 0.8269
20.5824 0.8278 0.8273
20.5999 0.8282 0.8278
20.6174 0.8286 0.8282
20.6349 0.8291 0.8286
20.6524 0.8295 0.8291
20.6699 0.8300 0.8295
20.6874 0.8304 0.8299
20.7049 0.8308 0.8304
20.7224 0.8313 0.8308
20.7399 0.8317 0.8312
20.7574 0.8321 0.8316
20.7749 0.8326 0.8320
20.7924 0.8330 0.8325
20.8099 0.8334 0.8329
20.8274 0.8338 0.8333
20.8449 0.8343 0.8337
20.8624 0.8347 0.8342
20.8799 0.8351 0.8346
20.8974 0.8355 0.8350
20.9149 0.8360 0.8355
20.9324 0.8364 0.8359
20.9499 0.8368 0.8363
20.9674 0.8372 0.8367
20.9849 0.8376 0.8372
21.0024 0.8381 0.8376
21.0199 0.8385 0.8380
21.0374 0.8389 0.8384
21.0549 0.8393 0.8389
21.0724 0.8397 0.8393
21.0899 0.8401 0.8397
21.1074 0.8406 0.8401
21.1249 0.8410 0.8405
21.1424 0.8414 0.8409
21.1599 0.8418 0.8414
21.1774 0.8422 0.8418
21.1949 0.8426 0.8422
21.2124 0.8430 0.8426
21.2299 0.8434 0.8430
21.2474 0.8438 0.8434
21.2649 0.8442 0.8438
21.2824 0.8446 0.8442
21.2999 0.8450 0.8446
21.3175 0.8454 0.8450
21.3350 0.8458 0.8454
21.3525 0.8462 0.8458
21.3700 0.8466 0.8462
21.3875 0.8470 0.8466
21.4050 0.8474 0.8470
21.4225 0.8478 0.8474
21.4400 0.8482 0.8478
21.4575 0.8486 0.8482
21.4750 0.8490 0.8486
21.4925 0.8494 0.8490
21.5100 0.8498 0.8494
21.5275 0.8502 0.8498
21.5450 0.8506 0.8502
21.5625 0.8510 0.8506
21.5800 0.8514 0.8510
21.5975 0.8518 0.8513
21.6150 0.8522 0.8517
21.6325 0.8525 0.8521
21.6500 0.8529 0.8525
21.6675 0.8533 0.8529
21.6850 0.8537 0.8533
21.7025 0.8541 0.8536
21.7200 0.8544 0.8540
21.7375 0.8548 0.8544
21.7550 0.8552 0.8547
21.7725 0.8555 0.8551
21.7900 0.8559 0.8555
21.8075 0.8563 0.8558
21.8250 0.8566 0.8562
21.8425 0.8570 0.8565
21.8600 0.8573 0.8569
21.8775 0.8576 0.8572
21.8950 0.8580 0.8575
21.9125 0.8583 0.8579
21.9300 0.8586 0.8582
21.9475 0.8589 0.8585
21.9650 0.8593 0.8588
21.9825 0.8596 0.8591
22.0000 0.8599 0.8594
22.0175 0.8602 0.8597
22.0350 0.8605 0.8600
22.0525 0.8608 0.8603
22.0700 0.8611 0.8606
22.0875 0.8614 0.8609
22.1050 0.8616 0.8612
22.1225 0.8619 0.8615
22.1400 0.8622 0.8617
22.1575 0.8625 0.8620
22.1750 0.8628 0.8623
22.1926 0.8631 0.8626
22.2101 0.8634 0.8629
22.2276 0.8636 0.8632
22.2451 0.8639 0.8635
22.2626 0.8642 0.8638
22.2801 0.8645 0.8640
22.2976 0.8648 0.8643
22.3151 0.8651 0.8646
22.3326 0.8654 0.8649
22.3501 0.8656 0.8652
22.3676 0.8659 0.8655
22.3851 0.8662 0.8658
22.4026 0.8665 0.8661
22.4201 0.8668 0.8664
22.4376 0.8671 0.8667
22.4551 0.8674 0.8670
22.4726 0.8677 0.8673
22.4901 0.8679 0.8676
22.5076 0.8682 0.8678
22.5251 0.8685 0.8681
22.5426 0.8688 0.8684
22.5601 0.8691 0.8687
22.5776 0.8694 0.8690
22.5951 0.8697 0.8693
22.6126 0.8699 0.8696
22.6301 0.8702 0.8699
22.6476 0.8705 0.8701
22.6651 0.8708 0.8704
22.6826 0.8711 0.8707
22.7001 0.8714 0.8710
22.7176 0.8716 0.8713
22.7351 0.8719 0.8715
22.7526 0.8722 0.8718
22.7701 0.8725 0.8721
22.7876 0.8727 0.8724
22.8051 0.8730 0.8726
22.8226 0.8733 0.8729
22.8401 0.8736 0.8732
22.8576 0.8739 0.8735
22.8751 0.8741 0.8737
22.8926 0.8744 0.8740
22.9101 0.8747 0.8743
22.9276 0.8750 0.8745
22.9451 0.8752 0.8748
22.9626 0.8755 0.8751
22.9801 0.8758 0.8753
22.9976 0.8760 0.8756
23.0151 0.8763 0.8759
23.0326 0.8766 0.8761
23.0501 0.8768 0.8764
23.0677 0.8771 0.8766
23.0852 0.8773 0.8769
23.1027 0.8776 0.8771
23.1202 0.8778 0.8774
23.1377 0.8781 0.8776
23.1552 0.8783 0.8779
23.1727 0.8786 0.8781
23.1902 0.8788 0.8784
23.2077 0.8790 0.8786
23.2252 0.8793 0.8788
23.2427 0.8795 0.8791
23.2602 0.8797 0.8793
23.2777 0.8799 0.8795
23.2952 0.8802 0.8797
23.3127 0.8804 0.8800
23.3302 0.8806 0.8802
23.3477 0.8808 0.8804
23.3652 0.8810 0.8806
23.3827 0.8812 0.8808
23.4002 0.8814 0.8810
23.4177 0.8817 0.8812
23.4352 0.8819 0.8815
23.4527 0.8821 0.8817
23.4702 0.8823 0.8819
23.4877 0.8825 0.8821
23.5052 0.8827 0.8823
23.5227 0.8829 0.8825
23.5402 0.8831 0.8827
23.5577 0.8832 0.8829
23.5752 0.8834 0.8831
23.5927 0.8836 0.8832
23.6102 0.8838 0.8834
23.6277 0.8840 0.8836
23.6452 0.8842 0.8838
23.6627 0.8844 0.8840
23.6802 0.8845 0.8842
23.6977 0.8847 0.8843
23.7152 0.8849 0.8845
23.7327 0.8851 0.8847
23.7502 0.8852 0.8848
23.7677 0.8854 0.8850
23.7852 0.8856 0.8852
23.8027 0.8857 0.8853
23.8202 0.8859 0.8855
23.8377 0.8860 0.8857
23.8552 0.8862 0.8858
23.8727 0.8864 0.8860
23.8902 0.8865 0.8861
23.9077 0.8867 0.8863
23.9252 0.8868 0.8864
23.9428 0.8869 0.8866
23.9603 0.8871 0.8867
23.9778 0.8872 0.8868
23.9953 0.8873 0.8870
24.0128 0.8875 0.8871
24.0303 0.8876 0.8872
24.0478 0.8877 0.8873
24.0653 0.8878 0.8874
24.0828 0.8879 0.8875
24.1003 0.8880 0.8876
24.1178 0.8881 0.8877
24.1353 0.8882 0.8878
24.1528 0.8882 0.8878
24.1703 0.8883 0.8879
24.1878 0.8884 0.8880
24.2053 0.8884 0.8880
24.2228 0.8885 0.8881
24.2403 0.8885 0.8881
24.2578 0.8886 0.8882
24.2753 0.8886 0.8882
24.2928 0.8887 0.8883
24.3103 0.8887 0.8883
24.3278 0.8888 0.8884
24.3453 0.8888 0.8884
24.3628 0.8889 0.8885
24.3803 0.8890 0.8885
24.3978 0.8890 0.8886
24.4153 0.8891 0.8887
24.4328 0.8892 0.8888
24.4503 0.8893 0.8889
24.4678 0.8894 0.8890
24.4853 0.8895 0.8891
24.5028 0.8897 0.8893
24.5203 0.8898 0.8894
24.5378 0.8900 0.8896
24.5553 0.8901 0.8897
24.5728 0.8903 0.8899
24.5903 0.8905 0.8901
24.6078 0.8907 0.8903
24.6253 0.8909 0.8905
24.6428 0.8911 0.8908
24.6603 0.8913 0.8910
24.6778 0.8916 0.8912
24.6953 0.8918 0.8914
24.7128 0.8920 0.8917
24.7303 0.8923 0.8919
24.7478 0.8925 0.8922
24.7653 0.8928 0.8924
24.7828 0.8930 0.8927
24.8004 0.8933 0.8929
24.8179 0.8935 0.8932
24.8354 0.8938 0.8934
24.8529 0.8940 0.8937
24.8704 0.8943 0.8939
24.8879 0.8945 0.8942
24.9054 0.8948 0.8944
24.9229 0.8950 0.8947
24.9404 0.8953 0.8949
24.9579 0.8955 0.8952
24.9754 0.8958 0.8954
24.9929 0.8960 0.8957
25.0104 0.8962 0.8959
25.0279 0.8965 0.8961
25.0454 0.8967 0.8964
25.0629 0.8969 0.8966
25.0804 0.8972 0.8968
25.0979 0.8974 0.8971
25.1154 0.8976 0.8973
25.1329 0.8978 0.8975
25.1504 0.8981 0.8977
25.1679 0.8983 0.8979
25.1854 0.8985 0.8982
25.2029 0.8987 0.8984
25.2204 0.8990 0.8986
25.2379 0.8992 0.8988
25.2554 0.8994 0.8990
25.2729 0.8996 0.8993
25.2904 0.8998 0.8995
25.3079 0.9000 0.8997
25.3254 0.9002 0.8999
25.3429 0.9005 0.9001
25.3604 0.9007 0.9003
25.3779 0.9009 0.9005
25.3954 0.9011 0.9007
25.4129 0.9013 0.9009
25.4304 0.9015 0.9012
25.4479 0.9017 0.9014
25.4654 0.9019 0.9016
25.4829 0.9021 0.9018
25.5004 0.9023 0.9020
25.5179 0.9025 0.9022
25.5354 0.9027 0.9024
25.5529 0.9029 0.9026
25.5704 0.9031 0.9027
25.5879 0.9033 0.9029
25.6054 0.9035 0.9031
25.6229 0.9036 0.9033
25.6404 0.9038 0.9035
25.6579 0.9040 0.9037
25.6755 0.9042 0.9038
25.6930 0.9043 0.9040
25.7105 0.9045 0.9042
25.7280 0.9047 0.9043
25.7455 0.9048 0.9045
25.7630 0.9050 0.9047
25.7805 0.9051 0.9048
25.7980 0.9053 0.9050
25.8155 0.9054 0.9051
25.8330 0.9056 0.9052
25.8505 0.9057 0.9054
25.8680 0.9058 0.9055
25.8855 0.9060 0.9056
25.9030 0.9061 0.9058
25.9205 0.9062 0.9059
25.9380 0.9064 0.9060
25.9555 0.9065 0.9061
25.9730 0.9066 0.9063
25.9905 0.9067 0.9064
26.0080 0.9068 0.9065
26.0255 0.9069 0.9066
26.0430 0.9070 0.9067
26.0605 0.9071 0.9068
26.0780 0.9072 0.9069
26.0955 0.9074 0.9070
26.1130 0.9075 0.9071
26.1305 0.9076 0.9072
26.1480 0.9077 0.9073
26.1655 0.9078 0.9074
26.1830 0.9079 0.9075
26.2005 0.9080 0.9076
26.2180 0.9081 0.9077
26.2355 0.9082 0.9078
26.2530 0.9083 0.9079
26.2705 0.9084 0.9080
26.2880 0.9085 0.9082
26.3055 0.9086 0.9083
26.3230 0.9087 0.9084
26.3405 0.9088 0.9085
26.3580 0.9089 0.9086
26.3755 0.9091 0.9087
26.3930 0.9092 0.9088
26.4105 0.9093 0.9090
26.4280 0.9094 0.9091
26.4455 0.9096 0.9092
26.4630 0.9097 0.9094
26.4805 0.9098 0.9095
26.4980 0.9100 0.9096
26.5155 0.9101 0.9098
26.5330 0.9102 0.9099
26.5506 0.9104 0.9101
26.5681 0.9105 0.9102
26.5856 0.9107 0.9103
26.6031 0.9108 0.9105
26.6206 0.9110 0.9106
26.6381 0.9111 0.9108
26.6556 0.9113 0.9110
26.6731 0.9114 0.9111
26.6906 0.9116 0.9113
26.7081 0.9117 0.9114
26.7256 0.9119 0.9116
26.7431 0.9121 0.9117
26.7606 0.9122 0.9119
26.7781 0.9124 0.9121
26.7956 0.9125 0.9122
26.8131 0.9127 0.9124
26.8306 0.9129 0.9125
26.8481 0.9130 0.9127
26.8656 0.9132 0.9128
26.8831 0.9133 0.9130
26.9006 0.9135 0.9131
26.9181 0.9136 0.9133
26.9356 0.9138 0.9135
26.9531 0.9139 0.9136
26.9706 0.9141 0.9138
26.9881 0.9142 0.9139
27.0056 0.9144 0.9141
27.0231 0.9145 0.9142
27.0406 0.9147 0.9144
27.0581 0.9148 0.9145
27.0756 0.9150 0.9146
27.0931 0.9151 0.9148
27.1106 0.9153 0.9149
27.1281 0.9154 0.9151
27.1456 0.9155 0.9152
27.1631 0.9157 0.9154
27.1806 0.9158 0.9155
27.1981 0.9160 0.9156
27.2156 0.9161 0.9158
27.2331 0.9162 0.9159
27.2506 0.9164 0.9161
27.2681 0.9165 0.9162
27.2856 0.9167 0.9163
27.3031 0.9168 0.9165
27.3206 0.9169 0.9166
27.3381 0.9171 0.9168
27.3556 0.9172 0.9169
27.3731 0.9173 0.9170
27.3906 0.9175 0.9172
27.4082 0.9176 0.9173
27.4257 0.9177 0.9174
27.4432 0.9179 0.9176
27.4607 0.9180 0.9177
27.4782 0.9181 0.9178
27.4957 0.9183 0.9180
27.5132 0.9184 0.9181
27.5307 0.9185 0.9182
27.5482 0.9187 0.9183
27.5657 0.9188 0.9185
27.5832 0.9189 0.9186
27.6007 0.9190 0.9187
27.6182 0.9192 0.9189
27.6357 0.9193 0.9190
27.6532 0.9194 0.9191
27.6707 0.9195 0.9192
27.6882 0.9197 0.9194
27.7057 0.9198 0.9195
27.7232 0.9199 0.9196
27.7407 0.9200 0.9197
27.7582 0.9202 0.9199
27.7757 0.9203 0.9200
27.7932 0.9204 0.9201
27.8107 0.9205 0.9202
27.8282 0.9207 0.9204
27.8457 0.9208 0.9205
27.8632 0.9209 0.9206
27.8807 0.9210 0.9207
27.8982 0.9211 0.9208
27.9157 0.9213 0.9210
27.9332 0.9214 0.9211
27.9507 0.9215 0.9212
27.9682 0.9216 0.9213
27.9857 0.9217 0.9214
28.0032 0.9219 0.9216
28.0207 0.9220 0.9217
28.0382 0.9221 0.9218
28.0557 0.9222 0.9219
28.0732 0.9223 0.9220
28.0907 0.9224 0.9221
28.1082 0.9226 0.9223
28.1257 0.9227 0.9224
28.1432 0.9228 0.9225
28.1607 0.9229 0.9226
28.1782 0.9230 0.9227
28.1957 0.9231 0.9228
28.2132 0.9233 0.9230
28.2307 0.9234 0.9231
28.2482 0.9235 0.9232
28.2657 0.9236 0.9233
28.2833 0.9237 0.9234
28.3008 0.9238 0.9235
28.3183 0.9239 0.9236
28.3358 0.9240 0.9238
28.3533 0.9242 0.9239
28.3708 0.9243 0.9240
28.3883 0.9244 0.9241
28.4058 0.9245 0.9242
28.4233 0.9246 0.9243
28.4408 0.9247 0.9244
28.4583 0.9248 0.9245
28.4758 0.9249 0.9246
28.4933 0.9250 0.9248
28.5108 0.9252 0.9249
28.5283 0.9253 0.9250
28.5458 0.9254 0.9251
28.5633 0.9255 0.9252
28.5808 0.9256 0.9253
28.5983 0.9257 0.9254
28.6158 0.9258 0.9255
28.6333 0.9259 0.9256
28.6508 0.9260 0.9257
28.6683 0.9261 0.9258
28.6858 0.9262 0.9259
28.7033 0.9263 0.9260
28.7208 0.9264 0.9262
28.7383 0.9266 0.9263
28.7558 0.9267 0.9264
28.7733 0.9268 0.9265
28.7908 0.9269 0.9266
28.8083 0.9270 0.9267
28.8258 0.9271 0.9268
28.8433 0.9272 0.9269
28.8608 0.9273 0.9270
28.8783 0.9274 0.9271
28.8958 0.9275 0.9272
28.9133 0.9276 0.9273
28.9308 0.9277 0.9274
28.9483 0.9278 0.9275
28.9658 0.9279 0.9276
28.9833 0.9280 0.9277
29.0008 0.9281 0.9278
29.0183 0.9282 0.9279
29.0358 0.9283 0.9280
29.0533 0.9284 0.9281
29.0708 0.9285 0.9282
29.0883 0.9286 0.9283
29.1058 0.9287 0.9284
29.1233 0.9288 0.9285
29.1408 0.9289 0.9286
29.1584 0.9290 0.9287
29.1759 0.9291 0.9288
29.1934 0.9292 0.9289
29.2109 0.9293 0.9290
29.2284 0.9294 0.9291
29.2459 0.9295 0.9292
29.2634 0.9296 0.9293
29.2809 0.9297 0.9294
29.2984 0.9298 0.9295
29.3159 0.9299 0.9296
29.3334 0.9300 0.9297
29.3509 0.9301 0.9298
29.3684 0.9302 0.9299
29.3859 0.9303 0.9300
29.4034 0.9304 0.9301
29.4209 0.9305 0.9302
29.4384 0.9306 0.9303
29.4559 0.9307 0.9304
29.4734 0.9308 0.9305
29.4909 0.9309 0.9306
29.5084 0.9310 0.9307
29.5259 0.9311 0.9308
29.5434 0.9312 0.9309
29.5609 0.9313 0.9310
29.5784 0.9314 0.9311
29.5959 0.9315 0.9312
29.6134 0.9316 0.9313
29.6309 0.9317 0.9314
29.6484 0.9317 0.9315
29.6659 0.9318 0.9316
29.6834 0.9319 0.9317
29.7009 0.9320 0.9318
29.7184 0.9321 0.9318
29.7359 0.9322 0.9319
29.7534 0.9323 0.9320
29.7709 0.9324 0.9321
29.7884 0.9325 0.9322
29.8059 0.9326 0.9323
29.8234 0.9327 0.9324
29.8409 0.9328 0.9325
29.8584 0.9329 0.9326
29.8759 0.9330 0.9327
29.8934 0.9330 0.9328
29.9109 0.9331 0.9329
29.9284 0.9332 0.9330
29.9459 0.9333 0.9330
29.9634 0.9334 0.9331
29.9809 0.9335 0.9332
29.9984 0.9336 0.9333
30.0159 0.9337 0.9334
30.0335 0.9338 0.9335
30.0510 0.9339 0.9336
30.0685 0.9339 0.9337
30.0860 0.9340 0.9338
30.1035 0.9341 0.9338
30.1210 0.9342 0.9339
30.1385 0.9343 0.9340
30.1560 0.9344 0.9341
30.1735 0.9345 0.9342
30.1910 0.9346 0.9343
30.2085 0.9346 0.9344
30.2260 0.9347 0.9345
30.2435 0.9348 0.9346
30.2610 0.9349 0.9346
30.2785 0.9350 0.9347
30.2960 0.9351 0.9348
30.3135 0.9352 0.9349
30.3310 0.9353 0.9350
30.3485 0.9353 0.9351
30.3660 0.9354 0.9352
30.3835 0.9355 0.9352
30.4010 0.9356 0.9353
30.4185 0.9357 0.9354
30.4360 0.9358 0.9355
30.4535 0.9359 0.9356
30.4710 0.9359 0.9357
30.4885 0.9360 0.9358
30.5060 0.9361 0.9358
30.5235 0.9362 0.9359
30.5410 0.9363 0.9360
30.5585 0.9364 0.9361
30.5760 0.9364 0.9362
30.5935 0.9365 0.9363
30.6110 0.9366 0.9363
30.6285 0.9367 0.9364
30.6460 0.9368 0.9365
30.6635 0.9369 0.9366
30.6810 0.9369 0.9367
30.6985 0.9370 0.9368
30.7160 0.9371 0.9368
30.7335 0.9372 0.9369
30.7510 0.9373 0.9370
30.7685 0.9373 0.9371
30.7860 0.9374 0.9372
30.8035 0.9375 0.9373
30.8210 0.9376 0.9373
30.8385 0.9377 0.9374
30.8560 0.9378 0.9375
30.8735 0.9378 0.9376
30.8911 0.9379 0.9377
30.9086 0.9380 0.9377
30.9261 0.9381 0.9378
30.9436 0.9382 0.9379
30.9611 0.9382 0.9380
30.9786 0.9383 0.9381
30.9961 0.9384 0.9381
31.0136 0.9385 0.9382
31.0311 0.9386 0.9383
31.0486 0.9386 0.9384
31.0661 0.9387 0.9385
31.0836 0.9388 0.9385
31.1011 0.9389 0.9386
31.1186 0.9389 0.9387
31.1361 0.9390 0.9388
31.1536 0.9391 0.9388
31.1711 0.9392 0.9389
31.1886 0.9393 0.9390
31.2061 0.9393 0.9391
31.2236 0.9394 0.9392
31.2411 0.9395 0.9392
31.2586 0.9396 0.9393
31.2761 0.9396 0.9394
31.2936 0.9397 0.9395
31.3111 0.9398 0.9395
31.3286 0.9399 0.9396
31.3461 0.9399 0.9397
31.3636 0.9400 0.9398
31.3811 0.9401 0.9398
31.3986 0.9402 0.9399
31.4161 0.9402 0.9400
31.4336 0.9403 0.9401
31.4511 0.9404 0.9401
31.4686 0.9405 0.9402
31.4861 0.9405 0.9403
31.5036 0.9406 0.9404
31.5211 0.9407 0.9405
31.5386 0.9408 0.9405
31.5561 0.9408 0.9406
31.5736 0.9409 0.9407
31.5911 0.9410 0.9407
31.6086 0.9411 0.9408
31.6261 0.9411 0.9409
31.6436 0.9412 0.9410
31.6611 0.9413 0.9410
31.6786 0.9414 0.9411
31.6961 0.9414 0.9412
31.7136 0.9415 0.9413
31.7311 0.9416 0.9413
31.7486 0.9417 0.9414
31.7662 0.9417 0.9415
31.7837 0.9418 0.9416
31.8012 0.9419 0.9416
31.8187 0.9419 0.9417
31.8362 0.9420 0.9418
31.8537 0.9421 0.9418
31.8712 0.9422 0.9419
31.8887 0.9422 0.9420
31.9062 0.9423 0.9421
31.9237 0.9424 0.9421
31.9412 0.9424 0.9422
31.9587 0.9425 0.9423
31.9762 0.9426 0.9423
31.9937 0.9427 0.9424
32.0112 0.9427 0.9425
32.0287 0.9428 0.9426
32.0462 0.9429 0.9426
32.0637 0.9429 0.9427
32.0812 0.9430 0.9428
32.0987 0.9431 0.9428
32.1162 0.9432 0.9429
32.1337 0.9432 0.9430
32.1512 0.9433 0.9430
32.1687 0.9434 0.9431
32.1862 0.9434 0.9432
32.2037 0.9435 0.9433
32.2212 0.9436 0.9433
32.2387 0.9436 0.9434
32.2562 0.9437 0.9435
32.2737 0.9438 0.9435
32.2912 0.9438 0.9436
32.3087 0.9439 0.9437
32.3262 0.9440 0.9437
32.3437 0.9440 0.9438
32.3612 0.9441 0.9439
32.3787 0.9442 0.9439
32.3962 0.9442 0.9440
32.4137 0.9443 0.9441
32.4312 0.9444 0.9441
32.4487 0.9445 0.9442
32.4662 0.9445 0.9443
32.4837 0.9446 0.9443
32.5012 0.9447 0.9444
32.5187 0.9447 0.9445
32.5362 0.9448 0.9445
32.5537 0.9449 0.9446
32.5712 0.9449 0.9447
32.5887 0.9450 0.9447
32.6062 0.9451 0.9448
32.6237 0.9451 0.9449
32.6413 0.9452 0.9449
32.6588 0.9452 0.9450
32.6763 0.9453 0.9451
32.6938 0.9454 0.9451
32.7113 0.9454 0.9452
32.7288 0.9455 0.9453
32.7463 0.9456 0.9453
32.7638 0.9456 0.9454
32.7813 0.9457 0.9455
32.7988 0.9458 0.9455
32.8163 0.9458 0.9456
32.8338 0.9459 0.9457
32.8513 0.9460 0.9457
32.8688 0.9460 0.9458
32.8863 0.9461 0.9459
32.9038 0.9462 0.9459
32.9213 0.9462 0.9460
32.9388 0.9463 0.9461
32.9563 0.9463 0.9461
32.9738 0.9464 0.9462
32.9913 0.9465 0.9462
33.0088 0.9465 0.9463
33.0263 0.9466 0.9464
33.0438 0.9467 0.9464
33.0613 0.9467 0.9465
33.0788 0.9468 0.9466
33.0963 0.9469 0.9466
33.1138 0.9469 0.9467
33.1313 0.9470 0.9467
33.1488 0.9470 0.9468
33.1663 0.9471 0.9469
33.1838 0.9472 0.9469
33.2013 0.9472 0.9470
33.2188 0.9473 0.9471
33.2363 0.9473 0.9471
33.2538 0.9474 0.9472
33.2713 0.9475 0.9472
33.2888 0.9475 0.9473
33.3063 0.9476 0.9474
33.3238 0.9477 0.9474
33.3413 0.9477 0.9475
33.3588 0.9478 0.9476
33.3763 0.9478 0.9476
33.3938 0.9479 0.9477
33.4113 0.9480 0.9477
33.4288 0.9480 0.9478
33.4463 0.9481 0.9479
33.4638 0.9481 0.9479
33.4813 0.9482 0.9480
33.4989 0.9483 0.9480
33.5164 0.9483 0.9481
33.5339 0.9484 0.9482
33.5514 0.9484 0.9482
33.5689 0.9485 0.9483
33.5864 0.9486 0.9483
33.6039 0.9486 0.9484
33.6214 0.9487 0.9485
33.6389 0.9487 0.9485
33.6564 0.9488 0.9486
33.6739 0.9489 0.9486
33.6914 0.9489 0.9487
33.7089 0.9490 0.9488
33.7264 0.9490 0.9488
33.7439 0.9491 0.9489
33.7614 0.9491 0.9489
33.7789 0.9492 0.9490
33.7964 0.9493 0.9490
33.8139 0.9493 0.9491
33.8314 0.9494 0.9492
33.8489 0.9494 0.9492
33.8664 0.9495 0.9493
33.8839 0.9496 0.9493
33.9014 0.9496 0.9494
33.9189 0.9497 0.9495
33.9364 0.9497 0.9495
33.9539 0.9498 0.9496
33.9714 0.9498 0.9496
33.9889 0.9499 0.9497
34.0064 0.9500 0.9497
34.0239 0.9500 0.9498
34.0414 0.9501 0.9499
34.0589 0.9501 0.9499
34.0764 0.9502 0.9500
34.0939 0.9502 0.9500
34.1114 0.9503 0.9501
34.1289 0.9504 0.9501
34.1464 0.9504 0.9502
34.1639 0.9505 0.9502
34.1814 0.9505 0.9503
34.1989 0.9506 0.9504
34.2164 0.9506 0.9504
34.2339 0.9507 0.9505
34.2514 0.9507 0.9505
34.2689 0.9508 0.9506
34.2864 0.9509 0.9506
34.3039 0.9509 0.9507
34.3214 0.9510 0.9508
34.3389 0.9510 0.9508
34.3564 0.9511 0.9509
34.3740 0.9511 0.9509
34.3915 0.9512 0.9510
34.4090 0.9512 0.9510
34.4265 0.9513 0.9511
34.4440 0.9513 0.9511
34.4615 0.9514 0.9512
34.4790 0.9515 0.9512
34.4965 0.9515 0.9513
34.5140 0.9516 0.9514
34.5315 0.9516 0.9514
34.5490 0.9517 0.9515
34.5665 0.9517 0.9515
34.5840 0.9518 0.9516
34.6015 0.9518 0.9516
34.6190 0.9519 0.9517
34.6365 0.9519 0.9517
34.6540 0.9520 0.9518
34.6715 0.9520 0.9518
34.6890 0.9521 0.9519
34.7065 0.9522 0.9519
34.7240 0.9522 0.9520
34.7415 0.9523 0.9521
34.7590 0.9523 0.9521
34.7765 0.9524 0.9522
34.7940 0.9524 0.9522
34.8115 0.9525 0.9523
34.8290 0.9525 0.9523
34.8465 0.9526 0.9524
34.8640 0.9526 0.9524
34.8815 0.9527 0.9525
34.8990 0.9527 0.9525
34.9165 0.9528 0.9526
34.9340 0.9528 0.9526
34.9515 0.9529 0.9527
34.9690 0.9529 0.9527
34.9865 0.9530 0.9528
