0.0000 15.4708 13.3973
0.0200 15.4506 13.3790
0.0400 15.3902 13.3250
0.0599 15.2906 13.2377
0.0799 15.1536 13.1210
0.0999 14.9811 12.9798
0.1199 14.7754 12.8198
0.1398 14.5388 12.6470
0.1598 14.2735 12.4673
0.1798 13.9816 12.2860
0.1998 13.6646 12.1074
0.2198 13.3239 11.9347
0.2397 12.9605 11.7695
0.2597 12.5756 11.6120
0.2797 12.1704 11.4610
0.2997 11.7465 11.3136
0.3196 11.3062 11.1662
0.3396 10.8527 11.0142
0.3596 10.3900 10.8528
0.3796 9.9234 10.6772
0.3996 9.4586 10.4830
0.4195 9.0022 10.2666
0.4395 8.5610 10.0258
0.4595 8.1416 9.7596
0.4795 7.7500 9.4685
0.4994 7.3912 9.1545
0.5194 7.0688 8.8211
0.5394 6.7846 8.4726
0.5594 6.5385 8.1146
0.5794 6.3289 7.7529
0.5993 6.1522 7.3932
0.6193 6.0035 7.0411
0.6393 5.8769 6.7013
0.6593 5.7659 6.3776
0.6792 5.6639 6.0726
0.6992 5.5647 5.7877
0.7192 5.4628 5.5231
0.7392 5.3537 5.2781
0.7592 5.2346 5.0512
0.7791 5.1037 4.8405
0.7991 4.9609 4.6440
0.8191 4.8074 4.4598
0.8391 4.6455 4.2868
0.8591 4.4784 4.1241
0.8790 4.3097 3.9718
0.8990 4.1436 3.8306
0.9190 3.9838 3.7019
0.9390 3.8337 3.5875
0.9589 3.6963 3.4893
0.9789 3.5735 3.4092
0.9989 3.4666 3.3487
1.0189 3.3759 3.3089
1.0389 3.3010 3.2901
1.0588 3.2409 3.2918
1.0788 3.1942 3.3127
1.0988 3.1592 3.3507
1.1188 3.1342 3.4028
1.1387 3.1174 3.4658
1.1587 3.1075 3.5357
1.1787 3.1030 3.6088
1.1987 3.1031 3.6811
1.2187 3.1068 3.7489
1.2386 3.1134 3.8092
1.2586 3.1223 3.8593
1.2786 3.1328 3.8973
1.2986 3.1441 3.9221
1.3185 3.1556 3.9333
1.3385 3.1661 3.9312
1.3585 3.1748 3.9167
1.3785 3.1805 3.8911
1.3985 3.1822 3.8560
1.4184 3.1789 3.8130
1.4384 3.1699 3.7639
1.4584 3.1545 3.7100
1.4784 3.1326 3.6525
1.4983 3.1040 3.5922
1.5183 3.0691 3.5299
1.5383 3.0285 3.4657
1.5583 2.9832 3.4001
1.5783 2.9344 3.3332
1.5982 2.8833 3.2654
1.6182 2.8316 3.1972
1.6382 2.7807 3.1296
1.6582 2.7323 3.0634
1.6781 2.6877 3.0000
1.6981 2.6484 2.9408
1.7181 2.6155 2.8872
1.7381 2.5898 2.8406
1.7581 2.5720 2.8020
1.7780 2.5622 2.7722
1.7980 2.5606 2.7516
1.8180 2.5667 2.7402
1.8380 2.5799 2.7373
1.8579 2.5993 2.7421
1.8779 2.6239 2.7534
1.8979 2.6524 2.7695
1.9179 2.6835 2.7891
1.9379 2.7157 2.8104
1.9578 2.7476 2.8319
1.9778 2.7780 2.8525
1.9978 2.8054 2.8709
2.0178 2.8289 2.8865
2.0377 2.8474 2.8987
2.0577 2.8601 2.9074
2.0777 2.8665 2.9126
2.0977 2.8663 2.9145
2.1177 2.8594 2.9134
2.1376 2.8460 2.9098
2.1576 2.8264 2.9041
2.1776 2.8013 2.8968
2.1976 2.7715 2.8883
2.2175 2.7381 2.8789
2.2375 2.7020 2.8689
2.2575 2.6647 2.8585
2.2775 2.6272 2.8477
2.2975 2.5907 2.8367
2.3174 2.5565 2.8255
2.3374 2.5253 2.8142
2.3574 2.4981 2.8028
2.3774 2.4755 2.7914
2.3973 2.4577 2.7800
2.4173 2.4450 2.7689
2.4373 2.4374 2.7582
2.4573 2.4345 2.7480
2.4773 2.4359 2.7384
2.4972 2.4412 2.7296
2.5172 2.4496 2.7215
2.5372 2.4606 2.7141
2.5572 2.4734 2.7073
2.5772 2.4874 2.7007
2.5971 2.5018 2.6941
2.6171 2.5160 2.6869
2.6371 2.5296 2.6788
2.6571 2.5419 2.6692
2.6770 2.5527 2.6577
2.6970 2.5617 2.6439
2.7170 2.5686 2.6278
2.7370 2.5734 2.6091
2.7570 2.5762 2.5880
2.7769 2.5769 2.5648
2.7969 2.5759 2.5399
2.8169 2.5735 2.5139
2.8369 2.5702 2.4875
2.8568 2.5663 2.4613
2.8768 2.5623 2.4363
2.8968 2.5589 2.4131
2.9168 2.5563 2.3924
2.9368 2.5550 2.3747
2.9567 2.5552 2.3604
2.9767 2.5572 2.3500
2.9967 2.5610 2.3434
3.0167 2.5666 2.3406
3.0366 2.5737 2.3413
3.0566 2.5821 2.3453
3.0766 2.5915 2.3518
3.0966 2.6014 2.3601
3.1166 2.6114 2.3694
3.1365 2.6210 2.3788
3.1565 2.6297 2.3871
3.1765 2.6371 2.3934
3.1965 2.6426 2.3965
3.2164 2.6458 2.3956
3.2364 2.6463 2.3896
3.2564 2.6436 2.3780
3.2764 2.6372 2.3601
3.2964 2.6270 2.3355
3.3163 2.6127 2.3043
3.3363 2.5940 2.2664
3.3563 2.5710 2.2221
3.3763 2.5437 2.1720
3.3962 2.5124 2.1167
3.4162 2.4775 2.0568
3.4362 2.4395 1.9933
3.4562 2.3991 1.9268
3.4762 2.3568 1.8582
3.4961 2.3136 1.7881
3.5161 2.2702 1.7173
3.5361 2.2274 1.6463
3.5561 2.1857 1.5755
3.5760 2.1457 1.5052
3.5960 2.1079 1.4359
3.6160 2.0722 1.3676
3.6360 2.0386 1.3007
3.6560 2.0069 1.2352
3.6759 1.9764 1.1714
3.6959 1.9464 1.1095
3.7159 1.9160 1.0497
3.7359 1.8841 0.9922
3.7558 1.8496 0.9370
3.7758 1.8113 0.8845
3.7958 1.7682 0.8345
3.8158 1.7191 0.7871
3.8358 1.6632 0.7420
3.8557 1.5998 0.6990
3.8757 1.5284 0.6578
3.8957 1.4490 0.6178
3.9157 1.3617 0.5786
3.9356 1.2669 0.5397
3.9556 1.1655 0.5005
3.9756 1.0586 0.4606
3.9956 0.9475 0.4199
4.0156 0.8340 0.3780
4.0355 0.7199 0.3350
4.0555 0.6069 0.2910
4.0755 0.4972 0.2463
4.0955 0.3924 0.2013
4.1155 0.2942 0.1562
4.1354 0.2041 0.1117
4.1554 0.1230 0.0681
4.1754 0.0516 0.0258
4.1954 -0.0099 -0.0147
4.2153 -0.0615 -0.0533
4.2353 -0.1040 -0.0897
4.2553 -0.1382 -0.1237
4.2753 -0.1654 -0.1554
4.2953 -0.1869 -0.1846
4.3152 -0.2043 -0.2115
4.3352 -0.2193 -0.2361
4.3552 -0.2334 -0.2586
4.3752 -0.2481 -0.2791
4.3951 -0.2647 -0.2979
4.4151 -0.2844 -0.3150
4.4351 -0.3080 -0.3306
4.4551 -0.3361 -0.3449
4.4751 -0.3688 -0.3579
4.4950 -0.4060 -0.3698
4.5150 -0.4473 -0.3805
4.5350 -0.4920 -0.3901
4.5550 -0.5391 -0.3984
4.5749 -0.5873 -0.4055
4.5949 -0.6352 -0.4110
4.6149 -0.6816 -0.4150
4.6349 -0.7249 -0.4173
4.6549 -0.7638 -0.4177
4.6748 -0.7972 -0.4163
4.6948 -0.8242 -0.4130
4.7148 -0.8442 -0.4077
4.7348 -0.8568 -0.4007
4.7547 -0.8621 -0.3921
4.7747 -0.8603 -0.3821
4.7947 -0.8520 -0.3709
4.8147 -0.8377 -0.3587
4.8347 -0.8184 -0.3459
4.8546 -0.7949 -0.3328
4.8746 -0.7681 -0.3196
4.8946 -0.7390 -0.3066
4.9146 -0.7083 -0.2941
4.9345 -0.6768 -0.2823
4.9545 -0.6450 -0.2714
4.9745 -0.6134 -0.2615
4.9945 -0.5824 -0.2530
5.0145 -0.5523 -0.2458
5.0344 -0.5232 -0.2402
5.0544 -0.4953 -0.2363
5.0744 -0.4687 -0.2340
5.0944 -0.4434 -0.2335
5.1143 -0.4194 -0.2346
5.1343 -0.3967 -0.2372
5.1543 -0.3752 -0.2412
5.1743 -0.3549 -0.2463
5.1943 -0.3357 -0.2522
5.2142 -0.3176 -0.2586
5.2342 -0.3003 -0.2650
5.2542 -0.2838 -0.2710
5.2742 -0.2680 -0.2762
5.2941 -0.2527 -0.2801
5.3141 -0.2378 -0.2824
5.3341 -0.2230 -0.2828
5.3541 -0.2083 -0.2809
5.3741 -0.1935 -0.2765
5.3940 -0.1784 -0.2696
5.4140 -0.1630 -0.2600
5.4340 -0.1472 -0.2479
5.4540 -0.1309 -0.2333
5.4739 -0.1141 -0.2165
5.4939 -0.0967 -0.1976
5.5139 -0.0790 -0.1770
5.5339 -0.0608 -0.1549
5.5539 -0.0424 -0.1318
5.5738 -0.0238 -0.1080
5.5938 -0.0052 -0.0839
5.6138 0.0132 -0.0597
5.6338 0.0314 -0.0358
5.6537 0.0490 -0.0125
5.6737 0.0660 0.0101
5.6937 0.0822 0.0318
5.7137 0.0976 0.0524
5.7337 0.1118 0.0719
5.7536 0.1249 0.0902
5.7736 0.1368 0.1076
5.7936 0.1473 0.1239
5.8136 0.1564 0.1394
5.8336 0.1642 0.1542
5.8535 0.1704 0.1684
5.8735 0.1752 0.1821
5.8935 0.1786 0.1957
5.9135 0.1807 0.2090
5.9334 0.1813 0.2224
5.9534 0.1808 0.2358
5.9734 0.1791 0.2494
5.9934 0.1765 0.2631
6.0134 0.1731 0.2770
6.0333 0.1690 0.2910
6.0533 0.1646 0.3051
6.0733 0.1601 0.3192
6.0933 0.1558 0.3333
6.1132 0.1520 0.3471
6.1332 0.1489 0.3607
6.1532 0.1468 0.3738
6.1732 0.1460 0.3863
6.1932 0.1467 0.3982
6.2131 0.1491 0.4092
6.2331 0.1533 0.4194
6.2531 0.1593 0.4285
6.2731 0.1672 0.4367
6.2930 0.1769 0.4438
6.3130 0.1883 0.4499
6.3330 0.2012 0.4549
6.3530 0.2155 0.4591
6.3730 0.2309 0.4625
6.3929 0.2473 0.4652
6.4129 0.2643 0.4675
6.4329 0.2818 0.4694
6.4529 0.2995 0.4713
6.4728 0.3173 0.4732
6.4928 0.3349 0.4755
6.5128 0.3523 0.4781
6.5328 0.3692 0.4813
6.5528 0.3857 0.4852
6.5727 0.4016 0.4898
6.5927 0.4170 0.4952
6.6127 0.4318 0.5013
6.6327 0.4460 0.5082
6.6526 0.4597 0.5157
6.6726 0.4729 0.5237
6.6926 0.4857 0.5322
6.7126 0.4981 0.5410
6.7326 0.5102 0.5499
6.7525 0.5221 0.5588
6.7725 0.5337 0.5677
6.7925 0.5452 0.5763
6.8125 0.5566 0.5846
6.8324 0.5680 0.5925
6.8524 0.5792 0.6000
6.8724 0.5904 0.6071
6.8924 0.6015 0.6138
6.9124 0.6126 0.6202
6.9323 0.6235 0.6262
6.9523 0.6343 0.6319
6.9723 0.6449 0.6374
6.9923 0.6553 0.6429
7.0122 0.6655 0.6484
7.0322 0.6754 0.6539
7.0522 0.6849 0.6595
7.0722 0.6941 0.6654
7.0922 0.7029 0.6716
7.1121 0.7113 0.6780
7.1321 0.7193 0.6849
7.1521 0.7270 0.6920
7.1721 0.7342 0.6995
7.1920 0.7411 0.7074
7.2120 0.7476 0.7155
7.2320 0.7538 0.7238
7.2520 0.7598 0.7324
7.2720 0.7655 0.7411
7.2919 0.7711 0.7499
7.3119 0.7765 0.7587
7.3319 0.7817 0.7674
7.3519 0.7869 0.7761
7.3719 0.7919 0.7847
7.3918 0.7968 0.7931
7.4118 0.8016 0.8014
7.4318 0.8062 0.8095
7.4518 0.8106 0.8174
7.4717 0.8147 0.8251
7.4917 0.8185 0.8327
7.5117 0.8220 0.8402
7.5317 0.8250 0.8475
7.5517 0.8276 0.8546
7.5716 0.8297 0.8616
7.5916 0.8313 0.8685
7.6116 0.8325 0.8751
7.6316 0.8333 0.8816
7.6515 0.8338 0.8879
7.6715 0.8339 0.8940
7.6915 0.8338 0.8998
7.7115 0.8336 0.9055
7.7315 0.8333 0.9108
7.7514 0.8330 0.9160
7.7714 0.8329 0.9209
7.7914 0.8330 0.9257
7.8114 0.8333 0.9302
7.8313 0.8340 0.9346
7.8513 0.8350 0.9388
7.8713 0.8365 0.9430
7.8913 0.8384 0.9471
7.9113 0.8409 0.9513
7.9312 0.8438 0.9555
7.9512 0.8472 0.9599
7.9712 0.8512 0.9645
7.9912 0.8556 0.9693
8.0111 0.8606 0.9744
8.0311 0.8660 0.9797
8.0511 0.8718 0.9854
8.0711 0.8780 0.9913
8.0911 0.8846 0.9976
8.1110 0.8916 1.0040
8.1310 0.8988 1.0107
8.1510 0.9063 1.0176
8.1710 0.9140 1.0246
8.1909 0.9218 1.0316
8.2109 0.9297 1.0386
8.2309 0.9378 1.0455
8.2509 0.9459 1.0523
8.2709 0.9539 1.0590
8.2908 0.9620 1.0653
8.3108 0.9700 1.0715
8.3308 0.9780 1.0773
8.3508 0.9858 1.0829
8.3707 0.9935 1.0882
8.3907 1.0011 1.0932
8.4107 1.0086 1.0980
8.4307 1.0160 1.1025
8.4507 1.0232 1.1068
8.4706 1.0303 1.1109
8.4906 1.0372 1.1150
8.5106 1.0441 1.1189
8.5306 1.0509 1.1228
8.5505 1.0576 1.1267
8.5705 1.0642 1.1305
8.5905 1.0708 1.1344
8.6105 1.0773 1.1384
8.6305 1.0838 1.1424
8.6504 1.0903 1.1464
8.6704 1.0966 1.1505
8.6904 1.1029 1.1546
8.7104 1.1092 1.1587
8.7303 1.1153 1.1628
8.7503 1.1213 1.1669
8.7703 1.1273 1.1709
8.7903 1.1331 1.1749
8.8103 1.1388 1.1787
8.8302 1.1444 1.1824
8.8502 1.1499 1.1860
8.8702 1.1553 1.1893
8.8902 1.1606 1.1925
8.9101 1.1658 1.1955
8.9301 1.1710 1.1984
8.9501 1.1762 1.2010
8.9701 1.1813 1.2034
8.9901 1.1863 1.2057
9.0100 1.1912 1.2079
9.0300 1.1961 1.2100
9.0500 1.2009 1.2120
9.0700 1.2057 1.2140
9.0900 1.2103 1.2160
9.1099 1.2147 1.2181
9.1299 1.2191 1.2202
9.1499 1.2233 1.2224
9.1699 1.2274 1.2248
9.1898 1.2314 1.2273
9.2098 1.2353 1.2300
9.2298 1.2390 1.2329
9.2498 1.2427 1.2359
9.2698 1.2464 1.2392
9.2897 1.2499 1.2426
9.3097 1.2535 1.2462
9.3297 1.2570 1.2499
9.3497 1.2606 1.2538
9.3696 1.2641 1.2578
9.3896 1.2677 1.2621
9.4096 1.2713 1.2665
9.4296 1.2750 1.2710
9.4496 1.2787 1.2758
9.4695 1.2826 1.2807
9.4895 1.2865 1.2858
9.5095 1.2905 1.2912
9.5295 1.2946 1.2968
9.5494 1.2989 1.3026
9.5694 1.3033 1.3087
9.5894 1.3078 1.3150
9.6094 1.3125 1.3216
9.6294 1.3174 1.3285
9.6493 1.3225 1.3356
9.6693 1.3278 1.3430
9.6893 1.3334 1.3507
9.7093 1.3391 1.3586
9.7292 1.3451 1.3668
9.7492 1.3513 1.3753
9.7692 1.3577 1.3840
9.7892 1.3643 1.3928
9.8092 1.3712 1.4019
9.8291 1.3782 1.4111
9.8491 1.3854 1.4203
9.8691 1.3928 1.4296
9.8891 1.4003 1.4389
9.9090 1.4079 1.4481
9.9290 1.4157 1.4572
9.9490 1.4236 1.4662
9.9690 1.4316 1.4749
9.9890 1.4396 1.4833
10.0089 1.4478 1.4915
10.0289 1.4561 1.4994
10.0489 1.4644 1.5070
10.0689 1.4728 1.5144
10.0888 1.4813 1.5214
10.1088 1.4898 1.5281
10.1288 1.4984 1.5346
10.1488 1.5070 1.5409
10.1688 1.5157 1.5469
10.1887 1.5243 1.5527
10.2087 1.5330 1.5584
10.2287 1.5417 1.5639
10.2487 1.5504 1.5692
10.2686 1.5592 1.5744
10.2886 1.5679 1.5796
10.3086 1.5766 1.5846
10.3286 1.5853 1.5896
10.3486 1.5941 1.5946
10.3685 1.6028 1.5996
10.3885 1.6116 1.6046
10.4085 1.6203 1.6097
10.4285 1.6290 1.6149
10.4484 1.6376 1.6202
10.4684 1.6462 1.6257
10.4884 1.6547 1.6313
10.5084 1.6631 1.6372
10.5284 1.6715 1.6434
10.5483 1.6797 1.6498
10.5683 1.6879 1.6566
10.5883 1.6961 1.6636
10.6083 1.7042 1.6709
10.6283 1.7124 1.6785
10.6482 1.7206 1.6863
10.6682 1.7289 1.6944
10.6882 1.7374 1.7027
10.7082 1.7462 1.7112
10.7281 1.7551 1.7198
10.7481 1.7643 1.7285
10.7681 1.7738 1.7372
10.7881 1.7836 1.7459
10.8081 1.7937 1.7546
10.8280 1.8040 1.7631
10.8480 1.8145 1.7716
10.8680 1.8252 1.7799
10.8880 1.8360 1.7880
10.9079 1.8469 1.7958
10.9279 1.8579 1.8035
10.9479 1.8688 1.8109
10.9679 1.8797 1.8181
10.9879 1.8904 1.8251
11.0078 1.9010 1.8319
11.0278 1.9115 1.8386
11.0478 1.9217 1.8452
11.0678 1.9318 1.8518
11.0877 1.9418 1.8584
11.1077 1.9516 1.8652
11.1277 1.9613 1.8720
11.1477 1.9710 1.8791
11.1677 1.9807 1.8865
11.1876 1.9905 1.8943
11.2076 2.0004 1.9024
11.2276 2.0105 1.9109
11.2476 2.0209 1.9197
11.2675 2.0316 1.9290
11.2875 2.0427 1.9386
11.3075 2.0541 1.9485
11.3275 2.0660 1.9587
11.3475 2.0784 1.9691
11.3674 2.0911 1.9797
11.3874 2.1043 1.9904
11.4074 2.1178 2.0012
11.4274 2.1316 2.0121
11.4473 2.1456 2.0229
11.4673 2.1597 2.0337
11.4873 2.1738 2.0444
11.5073 2.1877 2.0550
11.5273 2.2012 2.0654
11.5472 2.2142 2.0756
11.5672 2.2265 2.0853
11.5872 2.2380 2.0947
11.6072 2.2484 2.1034
11.6271 2.2576 2.1114
11.6471 2.2656 2.1186
11.6671 2.2722 2.1249
11.6871 2.2774 2.1301
11.7071 2.2811 2.1340
11.7270 2.2835 2.1368
11.7470 2.2844 2.1381
11.7670 2.2841 2.1381
11.7870 2.2826 2.1366
11.8069 2.2799 2.1336
11.8269 2.2760 2.1291
11.8469 2.2711 2.1231
11.8669 2.2649 2.1154
11.8869 2.2576 2.1062
11.9068 2.2489 2.0952
11.9268 2.2388 2.0826
11.9468 2.2272 2.0681
11.9668 2.2140 2.0519
11.9867 2.1990 2.0339
12.0067 2.1823 2.0141
12.0267 2.1638 1.9927
12.0467 2.1436 1.9697
12.0667 2.1219 1.9454
12.0866 2.0989 1.9200
12.1066 2.0748 1.8939
12.1266 2.0500 1.8673
12.1466 2.0249 1.8407
12.1665 1.9999 1.8144
12.1865 1.9753 1.7889
12.2065 1.9517 1.7645
12.2265 1.9293 1.7416
12.2465 1.9084 1.7205
12.2664 1.8894 1.7013
12.2864 1.8724 1.6842
12.3064 1.8576 1.6693
12.3264 1.8449 1.6565
12.3464 1.8344 1.6459
12.3663 1.8260 1.6373
12.3863 1.8196 1.6304
12.4063 1.8149 1.6252
12.4263 1.8118 1.6212
12.4462 1.8101 1.6184
12.4662 1.8094 1.6165
12.4862 1.8095 1.6152
12.5062 1.8101 1.6142
12.5262 1.8110 1.6135
12.5461 1.8120 1.6128
12.5661 1.8127 1.6120
12.5861 1.8130 1.6111
12.6061 1.8125 1.6098
12.6260 1.8113 1.6082
12.6460 1.8089 1.6063
12.6660 1.8055 1.6039
12.6860 1.8007 1.6012
12.7060 1.7946 1.5981
12.7259 1.7871 1.5946
12.7459 1.7783 1.5908
12.7659 1.7681 1.5866
12.7859 1.7568 1.5822
12.8058 1.7444 1.5774
12.8258 1.7310 1.5723
12.8458 1.7170 1.5669
12.8658 1.7025 1.5611
12.8858 1.6878 1.5550
12.9057 1.6731 1.5485
12.9257 1.6586 1.5417
12.9457 1.6445 1.5344
12.9657 1.6309 1.5268
12.9856 1.6181 1.5187
13.0056 1.6062 1.5102
13.0256 1.5951 1.5014
13.0456 1.5849 1.4922
13.0656 1.5756 1.4828
13.0855 1.5672 1.4733
13.1055 1.5595 1.4636
13.1255 1.5525 1.4541
13.1455 1.5461 1.4447
13.1654 1.5402 1.4356
13.1854 1.5347 1.4270
13.2054 1.5294 1.4190
13.2254 1.5243 1.4115
13.2454 1.5192 1.4046
13.2653 1.5142 1.3984
13.2853 1.5091 1.3926
13.3053 1.5040 1.3873
13.3253 1.4987 1.3821
13.3452 1.4933 1.3768
13.3652 1.4877 1.3712
13.3852 1.4819 1.3650
13.4052 1.4759 1.3579
13.4252 1.4698 1.3497
13.4451 1.4635 1.3401
13.4651 1.4569 1.3291
13.4851 1.4502 1.3164
13.5051 1.4433 1.3022
13.5250 1.4361 1.2864
13.5450 1.4287 1.2692
13.5650 1.4209 1.2507
13.5850 1.4127 1.2313
13.6050 1.4039 1.2112
13.6249 1.3946 1.1906
13.6449 1.3844 1.1698
13.6649 1.3734 1.1492
13.6849 1.3613 1.1289
13.7048 1.3480 1.1091
13.7248 1.3334 1.0901
13.7448 1.3173 1.0717
13.7648 1.2996 1.0541
13.7848 1.2802 1.0372
13.8047 1.2590 1.0208
13.8247 1.2361 1.0050
13.8447 1.2112 0.9894
13.8647 1.1846 0.9739
13.8847 1.1562 0.9583
13.9046 1.1261 0.9423
13.9246 1.0946 0.9258
13.9446 1.0616 0.9086
13.9646 1.0275 0.8906
13.9845 0.9924 0.8716
14.0045 0.9565 0.8515
14.0245 0.9202 0.8302
14.0445 0.8835 0.8078
14.0645 0.8468 0.7842
14.0844 0.8102 0.7594
14.1044 0.7739 0.7336
14.1244 0.7381 0.7067
14.1444 0.7029 0.6789
14.1643 0.6683 0.6502
14.1843 0.6346 0.6209
14.2043 0.6017 0.5912
14.2243 0.5696 0.5610
14.2443 0.5385 0.5308
14.2642 0.5082 0.5007
14.2842 0.4787 0.4708
14.3042 0.4501 0.4414
14.3242 0.4222 0.4128
14.3441 0.3950 0.3850
14.3641 0.3683 0.3583
14.3841 0.3422 0.3327
14.4041 0.3165 0.3083
14.4241 0.2911 0.2851
14.4440 0.2659 0.2633
14.4640 0.2407 0.2427
14.4840 0.2157 0.2232
14.5040 0.1906 0.2049
14.5239 0.1655 0.1877
14.5439 0.1403 0.1714
14.5639 0.1152 0.1560
14.5839 0.0902 0.1415
14.6039 0.0654 0.1278
14.6238 0.0409 0.1149
14.6438 0.0169 0.1028
14.6638 -0.0065 0.0916
14.6838 -0.0291 0.0812
14.7037 -0.0507 0.0718
14.7237 -0.0713 0.0633
14.7437 -0.0905 0.0559
14.7637 -0.1084 0.0494
14.7837 -0.1247 0.0440
14.8036 -0.1393 0.0396
14.8236 -0.1523 0.0363
14.8436 -0.1635 0.0340
14.8636 -0.1728 0.0326
14.8835 -0.1803 0.0323
14.9035 -0.1860 0.0328
14.9235 -0.1899 0.0342
14.9435 -0.1921 0.0365
14.9635 -0.1926 0.0396
14.9834 -0.1915 0.0434
15.0034 -0.1890 0.0479
15.0234 -0.1851 0.0529
15.0434 -0.1800 0.0585
15.0633 -0.1737 0.0645
15.0833 -0.1665 0.0707
15.1033 -0.1583 0.0772
15.1233 -0.1494 0.0838
15.1433 -0.1397 0.0903
15.1632 -0.1295 0.0968
15.1832 -0.1188 0.1031
15.2032 -0.1076 0.1091
15.2232 -0.0961 0.1149
15.2431 -0.0844 0.1204
15.2631 -0.0725 0.1256
15.2831 -0.0606 0.1304
15.3031 -0.0487 0.1350
15.3231 -0.0369 0.1394
15.3430 -0.0253 0.1436
15.3630 -0.0142 0.1476
15.3830 -0.0035 0.1515
15.4030 0.0067 0.1554
15.4229 0.0161 0.1592
15.4429 0.0247 0.1631
15.4629 0.0325 0.1671
15.4829 0.0394 0.1711
15.5029 0.0452 0.1752
15.5228 0.0501 0.1792
15.5428 0.0540 0.1832
15.5628 0.0568 0.1872
15.5828 0.0587 0.1909
15.6028 0.0598 0.1943
15.6227 0.0600 0.1972
15.6427 0.0594 0.1996
15.6627 0.0582 0.2012
15.6827 0.0564 0.2019
15.7026 0.0542 0.2015
15.7226 0.0516 0.2000
15.7426 0.0487 0.1970
15.7626 0.0457 0.1926
15.7826 0.0424 0.1866
15.8025 0.0391 0.1789
15.8225 0.0357 0.1695
15.8425 0.0323 0.1584
15.8625 0.0290 0.1458
15.8824 0.0257 0.1316
15.9024 0.0224 0.1160
15.9224 0.0193 0.0993
15.9424 0.0164 0.0817
15.9624 0.0136 0.0634
15.9823 0.0110 0.0447
16.0023 0.0088 0.0260
16.0223 0.0068 0.0074
16.0423 0.0053 -0.0107
16.0622 0.0041 -0.0281
16.0822 0.0034 -0.0446
16.1022 0.0032 -0.0599
16.1222 0.0035 -0.0740
16.1422 0.0043 -0.0867
16.1621 0.0056 -0.0978
16.1821 0.0073 -0.1075
16.2021 0.0093 -0.1155
16.2221 0.0118 -0.1221
16.2420 0.0145 -0.1271
16.2620 0.0174 -0.1306
16.2820 0.0204 -0.1328
16.3020 0.0234 -0.1335
16.3220 0.0264 -0.1331
16.3419 0.0294 -0.1315
16.3619 0.0322 -0.1288
16.3819 0.0348 -0.1252
16.4019 0.0373 -0.1208
16.4218 0.0395 -0.1156
16.4418 0.0415 -0.1099
16.4618 0.0434 -0.1038
16.4818 0.0450 -0.0972
16.5018 0.0465 -0.0905
16.5217 0.0478 -0.0835
16.5417 0.0490 -0.0765
16.5617 0.0501 -0.0694
16.5817 0.0512 -0.0624
16.6016 0.0522 -0.0554
16.6216 0.0532 -0.0485
16.6416 0.0543 -0.0417
16.6616 0.0553 -0.0350
16.6816 0.0564 -0.0283
16.7015 0.0575 -0.0217
16.7215 0.0586 -0.0151
16.7415 0.0599 -0.0085
16.7615 0.0613 -0.0019
16.7814 0.0627 0.0047
16.8014 0.0643 0.0113
16.8214 0.0660 0.0180
16.8414 0.0679 0.0248
16.8614 0.0699 0.0316
16.8813 0.0721 0.0384
16.9013 0.0744 0.0453
16.9213 0.0769 0.0522
16.9413 0.0795 0.0591
16.9612 0.0823 0.0661
16.9812 0.0852 0.0730
17.0012 0.0883 0.0798
17.0212 0.0914 0.0866
17.0412 0.0945 0.0934
17.0611 0.0977 0.1000
17.0811 0.1009 0.1066
17.1011 0.1040 0.1131
17.1211 0.1071 0.1194
17.1411 0.1102 0.1257
17.1610 0.1131 0.1318
17.1810 0.1160 0.1377
17.2010 0.1188 0.1436
17.2210 0.1215 0.1493
17.2409 0.1241 0.1549
17.2609 0.1267 0.1604
17.2809 0.1291 0.1659
17.3009 0.1315 0.1712
17.3209 0.1339 0.1765
17.3408 0.1362 0.1817
17.3608 0.1385 0.1869
17.3808 0.1407 0.1921
17.4008 0.1429 0.1974
17.4207 0.1451 0.2026
17.4407 0.1472 0.2079
17.4607 0.1494 0.2133
17.4807 0.1515 0.2187
17.5007 0.1536 0.2241
17.5206 0.1557 0.2296
17.5406 0.1579 0.2351
17.5606 0.1601 0.2406
17.5806 0.1624 0.2460
17.6005 0.1648 0.2514
17.6205 0.1672 0.2566
17.6405 0.1697 0.2617
17.6605 0.1724 0.2667
17.6805 0.1752 0.2714
17.7004 0.1780 0.2760
17.7204 0.1810 0.2802
17.7404 0.1840 0.2842
17.7604 0.1871 0.2879
17.7803 0.1902 0.2913
17.8003 0.1933 0.2945
17.8203 0.1965 0.2973
17.8403 0.1996 0.2999
17.8603 0.2028 0.3021
17.8802 0.2059 0.3041
17.9002 0.2089 0.3058
17.9202 0.2119 0.3072
17.9402 0.2148 0.3083
17.9601 0.2176 0.3091
17.9801 0.2204 0.3096
18.0001 0.2231 0.3098
18.0201 0.2257 0.3096
18.0401 0.2283 0.3090
18.0600 0.2307 0.3081
18.0800 0.2331 0.3069
18.1000 0.2353 0.3054
18.1200 0.2374 0.3035
18.1399 0.2393 0.3013
18.1599 0.2411 0.2989
18.1799 0.2427 0.2962
18.1999 0.2442 0.2934
18.2199 0.2455 0.2903
18.2398 0.2466 0.2872
18.2598 0.2475 0.2839
18.2798 0.2482 0.2806
18.2998 0.2489 0.2772
18.3197 0.2493 0.2737
18.3397 0.2498 0.2703
18.3597 0.2501 0.2669
18.3797 0.2504 0.2634
18.3997 0.2507 0.2601
18.4196 0.2511 0.2568
18.4396 0.2515 0.2536
18.4596 0.2520 0.2506
18.4796 0.2526 0.2477
18.4995 0.2534 0.2451
18.5195 0.2542 0.2428
18.5395 0.2552 0.2408
18.5595 0.2563 0.2392
18.5795 0.2576 0.2380
18.5994 0.2589 0.2372
18.6194 0.2604 0.2368
18.6394 0.2619 0.2368
18.6594 0.2635 0.2373
18.6793 0.2652 0.2382
18.6993 0.2669 0.2395
18.7193 0.2688 0.2410
18.7393 0.2707 0.2429
18.7593 0.2727 0.2450
18.7792 0.2748 0.2472
18.7992 0.2771 0.2496
18.8192 0.2794 0.2520
18.8392 0.2819 0.2545
18.8592 0.2844 0.2570
18.8791 0.2871 0.2595
18.8991 0.2898 0.2619
18.9191 0.2927 0.2644
18.9391 0.2955 0.2668
18.9590 0.2984 0.2691
18.9790 0.3014 0.2715
18.9990 0.3043 0.2738
19.0190 0.3071 0.2762
19.0390 0.3100 0.2786
19.0589 0.3127 0.2811
19.0789 0.3154 0.2837
19.0989 0.3179 0.2863
19.1189 0.3204 0.2891
19.1388 0.3228 0.2919
19.1588 0.3250 0.2948
19.1788 0.3272 0.2979
19.1988 0.3293 0.3010
19.2188 0.3314 0.3043
19.2387 0.3334 0.3076
19.2587 0.3353 0.3109
19.2787 0.3373 0.3144
19.2987 0.3393 0.3178
19.3186 0.3412 0.3213
19.3386 0.3432 0.3247
19.3586 0.3452 0.3282
19.3786 0.3472 0.3316
19.3986 0.3493 0.3350
19.4185 0.3514 0.3384
19.4385 0.3534 0.3417
19.4585 0.3555 0.3451
19.4785 0.3576 0.3483
19.4984 0.3597 0.3516
19.5184 0.3617 0.3548
19.5384 0.3637 0.3580
19.5584 0.3657 0.3612
19.5784 0.3676 0.3644
19.5983 0.3694 0.3675
19.6183 0.3712 0.3707
19.6383 0.3729 0.3738
19.6583 0.3745 0.3769
19.6782 0.3760 0.3799
19.6982 0.3775 0.3830
19.7182 0.3790 0.3860
19.7382 0.3804 0.3890
19.7582 0.3817 0.3919
19.7781 0.3831 0.3949
19.7981 0.3845 0.3978
19.8181 0.3859 0.4006
19.8381 0.3873 0.4034
19.8580 0.3888 0.4062
19.8780 0.3904 0.4090
19.8980 0.3920 0.4117
19.9180 0.3937 0.4144
19.9380 0.3956 0.4170
19.9579 0.3975 0.4196
19.9779 0.3995 0.4222
19.9979 0.4015 0.4248
20.0179 0.4037 0.4273
20.0378 0.4059 0.4297
20.0578 0.4081 0.4321
20.0778 0.4104 0.4345
20.0978 0.4127 0.4368
20.1178 0.4150 0.4391
20.1377 0.4173 0.4414
20.1577 0.4195 0.4435
20.1777 0.4218 0.4457
20.1977 0.4239 0.4477
20.2176 0.4260 0.4498
20.2376 0.4281 0.4517
20.2576 0.4301 0.4537
20.2776 0.4321 0.4555
20.2976 0.4340 0.4574
20.3175 0.4358 0.4591
20.3375 0.4376 0.4609
20.3575 0.4394 0.4626
20.3775 0.4411 0.4643
20.3975 0.4429 0.4660
20.4174 0.4445 0.4676
20.4374 0.4462 0.4692
20.4574 0.4479 0.4708
20.4774 0.4496 0.4725
20.4973 0.4512 0.4741
20.5173 0.4529 0.4757
20.5373 0.4546 0.4773
20.5573 0.4562 0.4789
20.5773 0.4579 0.4805
20.5972 0.4596 0.4821
20.6172 0.4612 0.4836
20.6372 0.4629 0.4852
20.6572 0.4646 0.4868
20.6771 0.4663 0.4883
20.6971 0.4680 0.4898
20.7171 0.4696 0.4913
20.7371 0.4713 0.4928
20.7571 0.4730 0.4942
20.7770 0.4746 0.4957
20.7970 0.4762 0.4970
20.8170 0.4778 0.4984
20.8370 0.4794 0.4998
20.8569 0.4810 0.5011
20.8769 0.4826 0.5024
20.8969 0.4841 0.5036
20.9169 0.4856 0.5049
20.9369 0.4871 0.5061
20.9568 0.4886 0.5073
20.9768 0.4901 0.5085
20.9968 0.4915 0.5097
21.0168 0.4929 0.5108
21.0367 0.4943 0.5120
21.0567 0.4957 0.5131
21.0767 0.4971 0.5142
21.0967 0.4984 0.5153
21.1167 0.4998 0.5163
21.1366 0.5011 0.5173
21.1566 0.5025 0.5184
21.1766 0.5039 0.5194
21.1966 0.5053 0.5203
21.2165 0.5067 0.5213
21.2365 0.5081 0.5223
21.2565 0.5096 0.5232
21.2765 0.5110 0.5241
21.2965 0.5125 0.5251
21.3164 0.5140 0.5260
21.3364 0.5155 0.5269
21.3564 0.5171 0.5278
21.3764 0.5186 0.5287
21.3963 0.5202 0.5297
21.4163 0.5217 0.5306
21.4363 0.5233 0.5316
21.4563 0.5248 0.5325
21.4763 0.5264 0.5335
21.4962 0.5279 0.5346
21.5162 0.5295 0.5356
21.5362 0.5310 0.5367
21.5562 0.5326 0.5378
21.5761 0.5341 0.5390
21.5961 0.5356 0.5402
21.6161 0.5372 0.5414
21.6361 0.5387 0.5427
21.6561 0.5402 0.5439
21.6760 0.5418 0.5452
21.6960 0.5433 0.5465
21.7160 0.5448 0.5479
21.7360 0.5463 0.5492
21.7559 0.5478 0.5505
21.7759 0.5493 0.5519
21.7959 0.5507 0.5532
21.8159 0.5522 0.5545
21.8359 0.5537 0.5559
21.8558 0.5551 0.5572
21.8758 0.5566 0.5586
21.8958 0.5580 0.5600
21.9158 0.5594 0.5613
21.9357 0.5608 0.5627
21.9557 0.5623 0.5641
21.9757 0.5637 0.5655
21.9957 0.5651 0.5669
22.0157 0.5665 0.5684
22.0356 0.5679 0.5698
22.0556 0.5693 0.5713
22.0756 0.5707 0.5728
22.0956 0.5721 0.5743
22.1156 0.5735 0.5758
22.1355 0.5749 0.5773
22.1555 0.5763 0.5788
22.1755 0.5777 0.5804
22.1955 0.5790 0.5819
22.2154 0.5804 0.5834
22.2354 0.5818 0.5850
22.2554 0.5831 0.5865
22.2754 0.5844 0.5880
22.2954 0.5857 0.5896
22.3153 0.5870 0.5911
22.3353 0.5883 0.5926
22.3553 0.5896 0.5941
22.3753 0.5909 0.5956
22.3952 0.5921 0.5970
22.4152 0.5934 0.5985
22.4352 0.5946 0.5999
22.4552 0.5959 0.6014
22.4752 0.5972 0.6028
22.4951 0.5984 0.6042
22.5151 0.5997 0.6056
22.5351 0.6010 0.6070
22.5551 0.6023 0.6084
22.5750 0.6036 0.6098
22.5950 0.6049 0.6111
22.6150 0.6063 0.6125
22.6350 0.6076 0.6138
22.6550 0.6089 0.6152
22.6749 0.6102 0.6165
22.6949 0.6116 0.6178
22.7149 0.6129 0.6191
22.7349 0.6142 0.6204
22.7548 0.6155 0.6216
22.7748 0.6168 0.6229
22.7948 0.6181 0.6241
22.8148 0.6194 0.6253
22.8348 0.6206 0.6266
22.8547 0.6219 0.6278
22.8747 0.6231 0.6290
22.8947 0.6243 0.6302
22.9147 0.6255 0.6313
22.9346 0.6267 0.6325
22.9546 0.6279 0.6337
22.9746 0.6291 0.6348
22.9946 0.6302 0.6360
23.0146 0.6314 0.6371
23.0345 0.6325 0.6382
23.0545 0.6336 0.6393
23.0745 0.6347 0.6404
23.0945 0.6358 0.6415
23.1144 0.6369 0.6426
23.1344 0.6380 0.6437
23.1544 0.6391 0.6448
23.1744 0.6402 0.6459
23.1944 0.6413 0.6469
23.2143 0.6424 0.6480
23.2343 0.6435 0.6491
23.2543 0.6446 0.6502
23.2743 0.6457 0.6512
23.2942 0.6468 0.6523
23.3142 0.6479 0.6534
23.3342 0.6490 0.6545
23.3542 0.6500 0.6555
23.3742 0.6511 0.6566
23.3941 0.6522 0.6577
23.4141 0.6533 0.6588
23.4341 0.6544 0.6598
23.4541 0.6554 0.6609
23.4740 0.6565 0.6620
23.4940 0.6575 0.6630
23.5140 0.6586 0.6641
23.5340 0.6596 0.6651
23.5540 0.6607 0.6662
23.5739 0.6617 0.6672
23.5939 0.6627 0.6682
23.6139 0.6638 0.6692
23.6339 0.6648 0.6703
23.6539 0.6658 0.6713
23.6738 0.6668 0.6723
23.6938 0.6679 0.6733
23.7138 0.6689 0.6743
23.7338 0.6699 0.6752
23.7537 0.6709 0.6762
23.7737 0.6719 0.6772
23.7937 0.6729 0.6782
23.8137 0.6739 0.6791
23.8337 0.6749 0.6801
23.8536 0.6758 0.6811
23.8736 0.6768 0.6820
23.8936 0.6778 0.6830
23.9136 0.6787 0.6839
23.9335 0.6797 0.6848
23.9535 0.6806 0.6858
23.9735 0.6815 0.6867
23.9935 0.6824 0.6876
24.0135 0.6834 0.6885
24.0334 0.6843 0.6895
24.0534 0.6852 0.6904
24.0734 0.6861 0.6913
24.0934 0.6870 0.6922
24.1133 0.6879 0.6931
24.1333 0.6887 0.6940
24.1533 0.6896 0.6948
24.1733 0.6905 0.6957
24.1933 0.6914 0.6966
24.2132 0.6922 0.6974
24.2332 0.6931 0.6983
24.2532 0.6940 0.6991
24.2732 0.6948 0.6999
24.2931 0.6956 0.7007
24.3131 0.6964 0.7015
24.3331 0.6972 0.7023
24.3531 0.6980 0.7030
24.3731 0.6988 0.7038
24.3930 0.6996 0.7045
24.4130 0.7003 0.7052
24.4330 0.7010 0.7059
24.4530 0.7017 0.7066
24.4729 0.7024 0.7073
24.4929 0.7031 0.7079
24.5129 0.7037 0.7086
24.5329 0.7044 0.7092
24.5529 0.7050 0.7098
24.5728 0.7056 0.7105
24.5928 0.7062 0.7111
24.6128 0.7068 0.7117
24.6328 0.7074 0.7123
24.6527 0.7079 0.7128
24.6727 0.7084 0.7134
24.6927 0.7090 0.7140
24.7127 0.7095 0.7146
24.7327 0.7100 0.7151
24.7526 0.7105 0.7157
24.7726 0.7110 0.7162
24.7926 0.7115 0.7168
24.8126 0.7120 0.7173
24.8325 0.7125 0.7178
24.8525 0.7129 0.7184
24.8725 0.7134 0.7189
24.8925 0.7138 0.7194
24.9125 0.7143 0.7199
24.9324 0.7147 0.7203
24.9524 0.7152 0.7208
24.9724 0.7156 0.7212
24.9924 0.7161 0.7217
25.0123 0.7165 0.7221
25.0323 0.7169 0.7225
25.0523 0.7174 0.7228
25.0723 0.7178 0.7232
25.0923 0.7182 0.7235
25.1122 0.7186 0.7238
25.1322 0.7191 0.7242
25.1522 0.7195 0.7245
25.1722 0.7199 0.7248
25.1921 0.7204 0.7251
25.2121 0.7208 0.7254
25.2321 0.7212 0.7257
25.2521 0.7217 0.7260
25.2721 0.7221 0.7263
25.2920 0.7226 0.7267
25.3120 0.7230 0.7270
25.3320 0.7235 0.7274
25.3520 0.7240 0.7278
25.3720 0.7245 0.7282
25.3919 0.7250 0.7286
25.4119 0.7255 0.7290
25.4319 0.7260 0.7295
25.4519 0.7265 0.7300
25.4718 0.7270 0.7305
25.4918 0.7275 0.7310
25.5118 0.7280 0.7315
25.5318 0.7285 0.7320
25.5518 0.7290 0.7325
25.5717 0.7295 0.7331
25.5917 0.7301 0.7336
25.6117 0.7306 0.7342
25.6317 0.7311 0.7347
25.6516 0.7316 0.7353
25.6716 0.7321 0.7358
25.6916 0.7326 0.7364
25.7116 0.7331 0.7370
25.7316 0.7337 0.7376
25.7515 0.7342 0.7381
25.7715 0.7347 0.7387
25.7915 0.7353 0.7393
25.8115 0.7359 0.7399
25.8314 0.7364 0.7405
25.8514 0.7370 0.7411
25.8714 0.7376 0.7417
25.8914 0.7382 0.7423
25.9114 0.7388 0.7430
25.9313 0.7394 0.7436
25.9513 0.7400 0.7442
25.9713 0.7406 0.7448
25.9913 0.7413 0.7455
26.0112 0.7419 0.7461
26.0312 0.7425 0.7467
26.0512 0.7432 0.7473
26.0712 0.7438 0.7480
26.0912 0.7444 0.7486
26.1111 0.7451 0.7492
26.1311 0.7457 0.7499
26.1511 0.7463 0.7505
26.1711 0.7469 0.7511
26.1910 0.7476 0.7517
26.2110 0.7482 0.7524
26.2310 0.7488 0.7530
26.2510 0.7494 0.7536
26.2710 0.7500 0.7542
26.2909 0.7506 0.7548
26.3109 0.7512 0.7554
26.3309 0.7519 0.7560
26.3509 0.7525 0.7566
26.3708 0.7531 0.7572
26.3908 0.7537 0.7578
26.4108 0.7543 0.7584
26.4308 0.7549 0.7590
26.4508 0.7555 0.7595
26.4707 0.7561 0.7601
26.4907 0.7567 0.7607
26.5107 0.7573 0.7612
26.5307 0.7579 0.7618
26.5506 0.7585 0.7624
26.5706 0.7591 0.7629
26.5906 0.7597 0.7635
26.6106 0.7603 0.7640
26.6306 0.7608 0.7646
26.6505 0.7614 0.7651
26.6705 0.7620 0.7656
26.6905 0.7625 0.7661
26.7105 0.7631 0.7667
26.7304 0.7636 0.7672
26.7504 0.7641 0.7677
26.7704 0.7646 0.7682
26.7904 0.7651 0.7687
26.8104 0.7656 0.7692
26.8303 0.7661 0.7696
26.8503 0.7666 0.7701
26.8703 0.7671 0.7706
26.8903 0.7676 0.7711
26.9103 0.7681 0.7715
26.9302 0.7685 0.7720
26.9502 0.7690 0.7724
26.9702 0.7695 0.7729
26.9902 0.7699 0.7733
27.0101 0.7704 0.7737
27.0301 0.7708 0.7742
27.0501 0.7713 0.7746
27.0701 0.7717 0.7750
27.0901 0.7721 0.7754
27.1100 0.7725 0.7758
27.1300 0.7730 0.7762
27.1500 0.7734 0.7766
27.1700 0.7737 0.7769
27.1899 0.7741 0.7773
27.2099 0.7745 0.7777
27.2299 0.7749 0.7780
27.2499 0.7752 0.7784
27.2699 0.7756 0.7787
27.2898 0.7759 0.7791
27.3098 0.7763 0.7794
27.3298 0.7766 0.7797
27.3498 0.7769 0.7801
27.3697 0.7773 0.7804
27.3897 0.7776 0.7807
27.4097 0.7780 0.7811
27.4297 0.7783 0.7814
27.4497 0.7786 0.7817
27.4696 0.7790 0.7821
27.4896 0.7793 0.7824
27.5096 0.7797 0.7827
27.5296 0.7800 0.7831
27.5495 0.7804 0.7834
27.5695 0.7807 0.7838
27.5895 0.7811 0.7841
27.6095 0.7815 0.7845
27.6295 0.7818 0.7848
27.6494 0.7822 0.7852
27.6694 0.7826 0.7856
27.6894 0.7830 0.7860
27.7094 0.7833 0.7864
27.7293 0.7837 0.7868
27.7493 0.7841 0.7872
27.7693 0.7845 0.7876
27.7893 0.7849 0.7880
27.8093 0.7853 0.7885
27.8292 0.7858 0.7889
27.8492 0.7862 0.7893
27.8692 0.7866 0.7898
27.8892 0.7870 0.7902
27.9091 0.7875 0.7907
27.9291 0.7879 0.7911
27.9491 0.7883 0.7916
27.9691 0.7888 0.7921
27.9891 0.7892 0.7925
28.0090 0.7897 0.7930
28.0290 0.7901 0.7934
28.0490 0.7905 0.7939
28.0690 0.7910 0.7944
28.0889 0.7914 0.7948
28.1089 0.7919 0.7953
28.1289 0.7923 0.7957
28.1489 0.7928 0.7961
28.1689 0.7932 0.7966
28.1888 0.7936 0.7970
28.2088 0.7941 0.7974
28.2288 0.7945 0.7978
28.2488 0.7949 0.7983
28.2687 0.7954 0.7987
28.2887 0.7958 0.7991
28.3087 0.7962 0.7995
28.3287 0.7966 0.7999
28.3487 0.7971 0.8003
28.3686 0.7975 0.8007
28.3886 0.7979 0.8010
28.4086 0.7983 0.8014
28.4286 0.7987 0.8018
28.4485 0.7992 0.8022
28.4685 0.7996 0.8026
28.4885 0.8000 0.8030
28.5085 0.8004 0.8033
28.5285 0.8008 0.8037
28.5484 0.8012 0.8041
28.5684 0.8016 0.8045
28.5884 0.8020 0.8048
28.6084 0.8024 0.8052
28.6284 0.8028 0.8056
28.6483 0.8032 0.8060
28.6683 0.8036 0.8063
28.6883 0.8040 0.8067
28.7083 0.8044 0.8071
28.7282 0.8048 0.8075
28.7482 0.8052 0.8079
28.7682 0.8055 0.8082
28.7882 0.8059 0.8086
28.8082 0.8063 0.8090
28.8281 0.8067 0.8094
28.8481 0.8071 0.8097
28.8681 0.8075 0.8101
28.8881 0.8078 0.8105
28.9080 0.8082 0.8109
28.9280 0.8086 0.8112
28.9480 0.8089 0.8116
28.9680 0.8093 0.8120
28.9880 0.8097 0.8123
29.0079 0.8100 0.8127
29.0279 0.8104 0.8131
29.0479 0.8108 0.8134
29.0679 0.8111 0.8138
29.0878 0.8115 0.8141
29.1078 0.8118 0.8145
29.1278 0.8122 0.8148
29.1478 0.8125 0.8152
29.1678 0.8129 0.8155
29.1877 0.8133 0.8159
29.2077 0.8136 0.8162
29.2277 0.8140 0.8166
29.2477 0.8143 0.8169
29.2676 0.8146 0.8172
29.2876 0.8150 0.8176
29.3076 0.8153 0.8179
29.3276 0.8157 0.8182
29.3476 0.8160 0.8186
29.3675 0.8164 0.8189
29.3875 0.8167 0.8193
29.4075 0.8171 0.8196
29.4275 0.8174 0.8199
29.4474 0.8177 0.8203
29.4674 0.8181 0.8206
29.4874 0.8184 0.8209
29.5074 0.8188 0.8213
29.5274 0.8191 0.8216
29.5473 0.8194 0.8219
29.5673 0.8198 0.8223
29.5873 0.8201 0.8226
29.6073 0.8204 0.8229
29.6272 0.8207 0.8232
29.6472 0.8211 0.8236
29.6672 0.8214 0.8239
29.6872 0.8217 0.8242
29.7072 0.8220 0.8245
29.7271 0.8223 0.8248
29.7471 0.8226 0.8251
29.7671 0.8230 0.8254
29.7871 0.8233 0.8258
29.8070 0.8236 0.8261
29.8270 0.8239 0.8264
29.8470 0.8242 0.8267
29.8670 0.8245 0.8270
29.8870 0.8248 0.8273
29.9069 0.8251 0.8276
29.9269 0.8254 0.8279
29.9469 0.8257 0.8282
29.9669 0.8261 0.8285
29.9868 0.8264 0.8288
30.0068 0.8267 0.8291
30.0268 0.8270 0.8294
30.0468 0.8273 0.8297
30.0668 0.8276 0.8300
30.0867 0.8279 0.8303
30.1067 0.8282 0.8306
30.1267 0.8285 0.8309
30.1467 0.8288 0.8311
30.1667 0.8291 0.8314
30.1866 0.8294 0.8317
30.2066 0.8297 0.8320
30.2266 0.8300 0.8323
30.2466 0.8303 0.8326
30.2665 0.8306 0.8329
30.2865 0.8309 0.8332
30.3065 0.8312 0.8335
30.3265 0.8315 0.8338
30.3465 0.8318 0.8341
30.3664 0.8321 0.8343
30.3864 0.8324 0.8346
30.4064 0.8327 0.8349
30.4264 0.8329 0.8352
30.4463 0.8332 0.8355
30.4663 0.8335 0.8358
30.4863 0.8338 0.8361
30.5063 0.8341 0.8363
30.5263 0.8344 0.8366
30.5462 0.8347 0.8369
30.5662 0.8349 0.8372
30.5862 0.8352 0.8375
30.6062 0.8355 0.8377
30.6261 0.8358 0.8380
30.6461 0.8360 0.8383
30.6661 0.8363 0.8386
30.6861 0.8366 0.8388
30.7061 0.8369 0.8391
30.7260 0.8372 0.8394
30.7460 0.8374 0.8396
30.7660 0.8377 0.8399
30.7860 0.8380 0.8402
30.8059 0.8382 0.8404
30.8259 0.8385 0.8407
30.8459 0.8388 0.8410
30.8659 0.8391 0.8412
30.8859 0.8393 0.8415
30.9058 0.8396 0.8418
30.9258 0.8399 0.8420
30.9458 0.8401 0.8423
30.9658 0.8404 0.8426
30.9857 0.8407 0.8428
31.0057 0.8409 0.8431
31.0257 0.8412 0.8433
31.0457 0.8415 0.8436
31.0657 0.8417 0.8439
31.0856 0.8420 0.8441
31.1056 0.8423 0.8444
31.1256 0.8425 0.8446
31.1456 0.8428 0.8449
31.1655 0.8430 0.8452
31.1855 0.8433 0.8454
31.2055 0.8436 0.8457
31.2255 0.8438 0.8459
31.2455 0.8441 0.8462
31.2654 0.8443 0.8464
31.2854 0.8446 0.8467
31.3054 0.8449 0.8469
31.3254 0.8451 0.8472
31.3453 0.8454 0.8474
31.3653 0.8456 0.8477
31.3853 0.8459 0.8479
31.4053 0.8461 0.8482
31.4253 0.8464 0.8484
31.4452 0.8466 0.8487
31.4652 0.8469 0.8489
31.4852 0.8471 0.8492
31.5052 0.8474 0.8494
31.5251 0.8476 0.8496
31.5451 0.8479 0.8499
31.5651 0.8481 0.8501
31.5851 0.8483 0.8504
31.6051 0.8486 0.8506
31.6250 0.8488 0.8508
31.6450 0.8491 0.8511
31.6650 0.8493 0.8513
31.6850 0.8496 0.8516
31.7049 0.8498 0.8518
31.7249 0.8500 0.8520
31.7449 0.8503 0.8523
31.7649 0.8505 0.8525
31.7849 0.8508 0.8527
31.8048 0.8510 0.8530
31.8248 0.8512 0.8532
31.8448 0.8515 0.8534
31.8648 0.8517 0.8537
31.8848 0.8519 0.8539
31.9047 0.8522 0.8541
31.9247 0.8524 0.8544
31.9447 0.8526 0.8546
31.9647 0.8529 0.8548
31.9846 0.8531 0.8550
32.0046 0.8533 0.8553
32.0246 0.8536 0.8555
32.0446 0.8538 0.8557
32.0646 0.8540 0.8559
32.0845 0.8542 0.8562
32.1045 0.8545 0.8564
32.1245 0.8547 0.8566
32.1445 0.8549 0.8568
32.1644 0.8551 0.8571
32.1844 0.8554 0.8573
32.2044 0.8556 0.8575
32.2244 0.8558 0.8577
32.2444 0.8560 0.8579
32.2643 0.8563 0.8582
32.2843 0.8565 0.8584
32.3043 0.8567 0.8586
32.3243 0.8569 0.8588
32.3442 0.8572 0.8590
32.3642 0.8574 0.8592
32.3842 0.8576 0.8595
32.4042 0.8578 0.8597
32.4242 0.8580 0.8599
32.4441 0.8583 0.8601
32.4641 0.8585 0.8603
32.4841 0.8587 0.8605
32.5041 0.8589 0.8607
32.5240 0.8591 0.8609
32.5440 0.8594 0.8611
32.5640 0.8596 0.8614
32.5840 0.8598 0.8616
32.6040 0.8600 0.8618
32.6239 0.8602 0.8620
32.6439 0.8604 0.8622
32.6639 0.8607 0.8624
32.6839 0.8609 0.8626
32.7038 0.8611 0.8628
32.7238 0.8613 0.8630
32.7438 0.8615 0.8632
32.7638 0.8617 0.8634
32.7838 0.8619 0.8636
32.8037 0.8621 0.8639
32.8237 0.8623 0.8641
32.8437 0.8626 0.8643
32.8637 0.8628 0.8645
32.8836 0.8630 0.8647
32.9036 0.8632 0.8649
32.9236 0.8634 0.8651
32.9436 0.8636 0.8653
32.9636 0.8638 0.8655
32.9835 0.8640 0.8657
33.0035 0.8642 0.8659
33.0235 0.8644 0.8661
33.0435 0.8646 0.8663
33.0634 0.8648 0.8665
33.0834 0.8650 0.8667
33.1034 0.8652 0.8669
33.1234 0.8654 0.8671
33.1434 0.8656 0.8673
33.1633 0.8658 0.8675
33.1833 0.8660 0.8677
33.2033 0.8662 0.8679
33.2233 0.8664 0.8681
33.2432 0.8666 0.8683
33.2632 0.8668 0.8685
33.2832 0.8670 0.8687
33.3032 0.8672 0.8689
33.3232 0.8674 0.8691
33.3431 0.8676 0.8693
33.3631 0.8678 0.8694
33.3831 0.8680 0.8696
33.4031 0.8682 0.8698
33.4231 0.8684 0.8700
33.4430 0.8686 0.8702
33.4630 0.8688 0.8704
33.4830 0.8690 0.8706
33.5030 0.8692 0.8708
33.5229 0.8694 0.8710
33.5429 0.8695 0.8712
33.5629 0.8697 0.8714
33.5829 0.8699 0.8715
33.6029 0.8701 0.8717
33.6228 0.8703 0.8719
33.6428 0.8705 0.8721
33.6628 0.8707 0.8723
33.6828 0.8709 0.8725
33.7027 0.8711 0.8727
33.7227 0.8712 0.8728
33.7427 0.8714 0.8730
33.7627 0.8716 0.8732
33.7827 0.8718 0.8734
33.8026 0.8720 0.8736
33.8226 0.8722 0.8738
33.8426 0.8724 0.8739
33.8626 0.8725 0.8741
33.8825 0.8727 0.8743
33.9025 0.8729 0.8745
33.9225 0.8731 0.8747
33.9425 0.8733 0.8748
33.9625 0.8735 0.8750
33.9824 0.8736 0.8752
34.0024 0.8738 0.8754
34.0224 0.8740 0.8756
34.0424 0.8742 0.8757
34.0623 0.8744 0.8759
34.0823 0.8745 0.8761
34.1023 0.8747 0.8763
34.1223 0.8749 0.8764
34.1423 0.8751 0.8766
34.1622 0.8752 0.8768
34.1822 0.8754 0.8770
34.2022 0.8756 0.8771
34.2222 0.8758 0.8773
34.2421 0.8760 0.8775
34.2621 0.8761 0.8777
34.2821 0.8763 0.8778
34.3021 0.8765 0.8780
34.3221 0.8767 0.8782
34.3420 0.8768 0.8783
34.3620 0.8770 0.8785
34.3820 0.8772 0.8787
34.4020 0.8773 0.8789
34.4219 0.8775 0.8790
34.4419 0.8777 0.8792
34.4619 0.8779 0.8794
34.4819 0.8780 0.8795
34.5019 0.8782 0.8797
34.5218 0.8784 0.8799
34.5418 0.8785 0.8800
34.5618 0.8787 0.8802
34.5818 0.8789 0.8804
34.6017 0.8790 0.8805
34.6217 0.8792 0.8807
34.6417 0.8794 0.8809
34.6617 0.8795 0.8810
34.6817 0.8797 0.8812
34.7016 0.8799 0.8814
34.7216 0.8800 0.8815
34.7416 0.8802 0.8817
34.7616 0.8804 0.8818
34.7815 0.8805 0.8820
34.8015 0.8807 0.8822
34.8215 0.8809 0.8823
34.8415 0.8810 0.8825
34.8615 0.8812 0.8827
34.8814 0.8814 0.8828
34.9014 0.8815 0.8830
34.9214 0.8817 0.8831
34.9414 0.8818 0.8833
34.9613 0.8820 0.8835
34.9813 0.8822 0.8836
35.0013 0.8823 0.8838
35.0213 0.8825 0.8839
35.0413 0.8827 0.8841
35.0612 0.8828 0.8842
35.0812 0.8830 0.8844
35.1012 0.8831 0.8846
35.1212 0.8833 0.8847
35.1412 0.8834 0.8849
35.1611 0.8836 0.8850
35.1811 0.8838 0.8852
35.2011 0.8839 0.8853
35.2211 0.8841 0.8855
35.2410 0.8842 0.8856
35.2610 0.8844 0.8858
35.2810 0.8845 0.8860
35.3010 0.8847 0.8861
35.3210 0.8849 0.8863
35.3409 0.8850 0.8864
35.3609 0.8852 0.8866
35.3809 0.8853 0.8867
35.4009 0.8855 0.8869
35.4208 0.8856 0.8870
35.4408 0.8858 0.8872
35.4608 0.8859 0.8873
35.4808 0.8861 0.8875
35.5008 0.8862 0.8876
35.5207 0.8864 0.8878
35.5407 0.8865 0.8879
35.5607 0.8867 0.8881
35.5807 0.8868 0.8882
35.6006 0.8870 0.8884
35.6206 0.8871 0.8885
35.6406 0.8873 0.8887
35.6606 0.8874 0.8888
35.6806 0.8876 0.8890
35.7005 0.8877 0.8891
35.7205 0.8879 0.8893
35.7405 0.8880 0.8894
35.7605 0.8882 0.8895
35.7804 0.8883 0.8897
35.8004 0.8885 0.8898
35.8204 0.8886 0.8900
35.8404 0.8888 0.8901
35.8604 0.8889 0.8903
35.8803 0.8891 0.8904
35.9003 0.8892 0.8906
35.9203 0.8894 0.8907
35.9403 0.8895 0.8908
35.9602 0.8897 0.8910
35.9802 0.8898 0.8911
36.0002 0.8899 0.8913
36.0202 0.8901 0.8914
36.0402 0.8902 0.8916
36.0601 0.8904 0.8917
36.0801 0.8905 0.8918
36.1001 0.8907 0.8920
36.1201 0.8908 0.8921
36.1400 0.8909 0.8923
36.1600 0.8911 0.8924
36.1800 0.8912 0.8925
36.2000 0.8914 0.8927
36.2200 0.8915 0.8928
36.2399 0.8916 0.8930
36.2599 0.8918 0.8931
36.2799 0.8919 0.8932
36.2999 0.8921 0.8934
36.3198 0.8922 0.8935
36.3398 0.8923 0.8936
36.3598 0.8925 0.8938
36.3798 0.8926 0.8939
36.3998 0.8928 0.8941
36.4197 0.8929 0.8942
36.4397 0.8930 0.8943
36.4597 0.8932 0.8945
36.4797 0.8933 0.8946
36.4996 0.8934 0.8947
36.5196 0.8936 0.8949
36.5396 0.8937 0.8950
36.5596 0.8939 0.8951
36.5796 0.8940 0.8953
36.5995 0.8941 0.8954
36.6195 0.8943 0.8955
36.6395 0.8944 0.8957
36.6595 0.8945 0.8958
36.6795 0.8947 0.8959
36.6994 0.8948 0.8961
36.7194 0.8949 0.8962
36.7394 0.8951 0.8963
36.7594 0.8952 0.8965
36.7793 0.8953 0.8966
36.7993 0.8955 0.8967
36.8193 0.8956 0.8969
36.8393 0.8957 0.8970
36.8593 0.8959 0.8971
36.8792 0.8960 0.8972
36.8992 0.8961 0.8974
36.9192 0.8963 0.8975
36.9392 0.8964 0.8976
36.9591 0.8965 0.8978
36.9791 0.8967 0.8979
36.9991 0.8968 0.8980
37.0191 0.8969 0.8981
37.0391 0.8970 0.8983
37.0590 0.8972 0.8984
37.0790 0.8973 0.8985
37.0990 0.8974 0.8987
37.1190 0.8976 0.8988
37.1389 0.8977 0.8989
37.1589 0.8978 0.8990
37.1789 0.8979 0.8992
37.1989 0.8981 0.8993
37.2189 0.8982 0.8994
37.2388 0.8983 0.8995
37.2588 0.8984 0.8997
37.2788 0.8986 0.8998
37.2988 0.8987 0.8999
37.3187 0.8988 0.9000
37.3387 0.8990 0.9002
37.3587 0.8991 0.9003
37.3787 0.8992 0.9004
37.3987 0.8993 0.9005
37.4186 0.8995 0.9006
37.4386 0.8996 0.9008
37.4586 0.8997 0.9009
37.4786 0.8998 0.9010
37.4985 0.8999 0.9011
37.5185 0.9001 0.9013
37.5385 0.9002 0.9014
37.5585 0.9003 0.9015
37.5785 0.9004 0.9016
37.5984 0.9006 0.9017
37.6184 0.9007 0.9019
37.6384 0.9008 0.9020
37.6584 0.9009 0.9021
37.6783 0.9011 0.9022
37.6983 0.9012 0.9023
37.7183 0.9013 0.9025
37.7383 0.9014 0.9026
37.7583 0.9015 0.9027
37.7782 0.9017 0.9028
37.7982 0.9018 0.9029
37.8182 0.9019 0.9031
37.8382 0.9020 0.9032
37.8581 0.9021 0.9033
37.8781 0.9023 0.9034
37.8981 0.9024 0.9035
37.9181 0.9025 0.9036
37.9381 0.9026 0.9038
37.9580 0.9027 0.9039
37.9780 0.9028 0.9040
37.9980 0.9030 0.9041
38.0180 0.9031 0.9042
38.0379 0.9032 0.9043
38.0579 0.9033 0.9045
38.0779 0.9034 0.9046
38.0979 0.9035 0.9047
38.1179 0.9037 0.9048
38.1378 0.9038 0.9049
38.1578 0.9039 0.9050
38.1778 0.9040 0.9051
38.1978 0.9041 0.9053
38.2177 0.9042 0.9054
38.2377 0.9044 0.9055
38.2577 0.9045 0.9056
38.2777 0.9046 0.9057
38.2977 0.9047 0.9058
38.3176 0.9048 0.9059
38.3376 0.9049 0.9061
38.3576 0.9050 0.9062
38.3776 0.9052 0.9063
38.3976 0.9053 0.9064
38.4175 0.9054 0.9065
38.4375 0.9055 0.9066
38.4575 0.9056 0.9067
38.4775 0.9057 0.9068
38.4974 0.9058 0.9069
38.5174 0.9059 0.9071
38.5374 0.9061 0.9072
38.5574 0.9062 0.9073
38.5774 0.9063 0.9074
38.5973 0.9064 0.9075
38.6173 0.9065 0.9076
38.6373 0.9066 0.9077
38.6573 0.9067 0.9078
38.6772 0.9068 0.9079
38.6972 0.9069 0.9080
38.7172 0.9071 0.9081
38.7372 0.9072 0.9083
38.7572 0.9073 0.9084
38.7771 0.9074 0.9085
38.7971 0.9075 0.9086
38.8171 0.9076 0.9087
38.8371 0.9077 0.9088
38.8570 0.9078 0.9089
38.8770 0.9079 0.9090
38.8970 0.9080 0.9091
38.9170 0.9081 0.9092
38.9370 0.9083 0.9093
38.9569 0.9084 0.9094
38.9769 0.9085 0.9095
38.9969 0.9086 0.9096
39.0169 0.9087 0.9097
39.0368 0.9088 0.9099
39.0568 0.9089 0.9100
39.0768 0.9090 0.9101
39.0968 0.9091 0.9102
39.1168 0.9092 0.9103
39.1367 0.9093 0.9104
39.1567 0.9094 0.9105
39.1767 0.9095 0.9106
39.1967 0.9096 0.9107
39.2166 0.9097 0.9108
39.2366 0.9098 0.9109
39.2566 0.9099 0.9110
39.2766 0.9101 0.9111
39.2966 0.9102 0.9112
39.3165 0.9103 0.9113
39.3365 0.9104 0.9114
39.3565 0.9105 0.9115
39.3765 0.9106 0.9116
39.3964 0.9107 0.9117
39.4164 0.9108 0.9118
39.4364 0.9109 0.9119
39.4564 0.9110 0.9120
39.4764 0.9111 0.9121
39.4963 0.9112 0.9122
39.5163 0.9113 0.9123
39.5363 0.9114 0.9124
39.5563 0.9115 0.9125
39.5762 0.9116 0.9126
39.5962 0.9117 0.9127
39.6162 0.9118 0.9128
39.6362 0.9119 0.9129
39.6562 0.9120 0.9130
39.6761 0.9121 0.9131
39.6961 0.9122 0.9132
39.7161 0.9123 0.9133
39.7361 0.9124 0.9134
39.7560 0.9125 0.9135
39.7760 0.9126 0.9136
39.7960 0.9127 0.9137
39.8160 0.9128 0.9138
39.8360 0.9129 0.9139
39.8559 0.9130 0.9140
39.8759 0.9131 0.9141
39.8959 0.9132 0.9142
39.9159 0.9133 0.9143
39.9359 0.9134 0.9144
  
  
  
  
  
dim="1">gridpoints</dimension>  
  
  
  
  
  
  
  
  
0.0000 7.1686 8.8787
0.0200 7.1686 8.8787
0.0400 7.1324 8.8764
0.0599 7.0720 8.8718
0.0799 6.9876 8.8640
0.0999 6.8794 8.8514
0.1199 6.7479 8.8324
0.1398 6.5940 8.8049
0.1598 6.4188 8.7667
0.1798 6.2243 8.7152
0.1998 6.0127 8.6482
0.2198 5.7873 8.5630
0.2397 5.5517 8.4576
0.2597 5.3104 8.3300
0.2797 5.0681 8.1787
0.2997 4.8302 8.0029
0.3196 4.6018 7.8024
0.3396 4.3883 7.5779
0.3596 4.1943 7.3308
0.3796 4.0238 7.0634
0.3996 3.8800 6.7789
0.4195 3.7646 6.4813
0.4395 3.6783 6.1750
0.4595 3.6202 5.8648
0.4795 3.5882 5.5560
0.4994 3.5788 5.2534
0.5194 3.5876 4.9615
0.5394 3.6093 4.6846
0.5594 3.6382 4.4256
0.5794 3.6686 4.1869
0.5993 3.6949 3.9696
0.6193 3.7118 3.7739
0.6393 3.7153 3.5989
0.6593 3.7020 3.4429
0.6792 3.6700 3.3037
0.6992 3.6184 3.1786
0.7192 3.5476 3.0650
0.7392 3.4594 2.9604
0.7592 3.3563 2.8628
0.7791 3.2419 2.7707
0.7991 3.1202 2.6837
0.8191 2.9955 2.6019
0.8391 2.8721 2.5262
0.8591 2.7541 2.4582
0.8790 2.6450 2.3998
0.8990 2.5478 2.3533
0.9190 2.4643 2.3207
0.9390 2.3959 2.3039
0.9589 2.3429 2.3043
0.9789 2.3047 2.3226
0.9989 2.2804 2.3587
1.0189 2.2684 2.4117
1.0389 2.2669 2.4800
1.0588 2.2740 2.5611
1.0788 2.2880 2.6521
1.0988 2.3071 2.7496
1.1188 2.3300 2.8499
1.1387 2.3557 2.9493
1.1587 2.3832 3.0441
1.1787 2.4120 3.1312
1.1987 2.4416 3.2077
1.2187 2.4716 3.2716
1.2386 2.5015 3.3213
1.2586 2.5309 3.3560
1.2786 2.5590 3.3758
1.2986 2.5851 3.3813
1.3185 2.6084 3.3735
1.3385 2.6279 3.3541
1.3585 2.6427 3.3250
1.3785 2.6520 3.2878
1.3985 2.6550 3.2445
1.4184 2.6513 3.1967
1.4384 2.6405 3.1456
1.4584 2.6228 3.0922
1.4784 2.5984 3.0371
1.4983 2.5680 2.9807
1.5183 2.5325 2.9232
1.5383 2.4930 2.8647
1.5583 2.4508 2.8056
1.5783 2.4075 2.7461
1.5982 2.3645 2.6868
1.6182 2.3234 2.6288
1.6382 2.2857 2.5729
1.6582 2.2527 2.5206
1.6781 2.2256 2.4733
1.6981 2.2053 2.4322
1.7181 2.1924 2.3986
1.7381 2.1874 2.3733
1.7581 2.1902 2.3570
1.7780 2.2007 2.3497
1.7980 2.2183 2.3510
1.8180 2.2422 2.3603
1.8380 2.2714 2.3765
1.8579 2.3048 2.3980
1.8779 2.3410 2.4234
1.8979 2.3787 2.4511
1.9179 2.4165 2.4794
1.9379 2.4530 2.5070
1.9578 2.4871 2.5326
1.9778 2.5174 2.5554
1.9978 2.5429 2.5747
2.0178 2.5630 2.5901
2.0377 2.5768 2.6016
2.0577 2.5840 2.6093
2.0777 2.5844 2.6135
2.0977 2.5780 2.6146
2.1177 2.5651 2.6132
2.1376 2.5462 2.6098
2.1576 2.5221 2.6047
2.1776 2.4935 2.5985
2.1976 2.4616 2.5914
2.2175 2.4275 2.5837
2.2375 2.3924 2.5756
2.2575 2.3575 2.5671
2.2775 2.3240 2.5584
2.2975 2.2930 2.5496
2.3174 2.2653 2.5405
2.3374 2.2418 2.5314
2.3574 2.2230 2.5221
2.3774 2.2091 2.5130
2.3973 2.2003 2.5040
2.4173 2.1964 2.4953
2.4373 2.1972 2.4871
2.4573 2.2023 2.4796
2.4773 2.2110 2.4726
2.4972 2.2227 2.4664
2.5172 2.2367 2.4608
2.5372 2.2523 2.4557
2.5572 2.2689 2.4508
2.5772 2.2857 2.4458
2.5971 2.3021 2.4402
2.6171 2.3177 2.4336
2.6371 2.3319 2.4255
2.6571 2.3444 2.4154
2.6770 2.3550 2.4032
2.6970 2.3633 2.3885
2.7170 2.3695 2.3712
2.7370 2.3735 2.3516
2.7570 2.3754 2.3298
2.7769 2.3755 2.3063
2.7969 2.3741 2.2816
2.8169 2.3717 2.2566
2.8369 2.3687 2.2318
2.8568 2.3656 2.2080
2.8768 2.3628 2.1860
2.8968 2.3609 2.1664
2.9168 2.3601 2.1498
2.9368 2.3609 2.1366
2.9567 2.3634 2.1271
2.9767 2.3676 2.1214
2.9967 2.3735 2.1194
3.0167 2.3809 2.1209
3.0366 2.3896 2.1256
3.0566 2.3991 2.1327
3.0766 2.4092 2.1417
3.0966 2.4194 2.1516
3.1166 2.4291 2.1616
3.1365 2.4379 2.1706
3.1565 2.4453 2.1775
3.1765 2.4509 2.1814
3.1965 2.4542 2.1812
3.2164 2.4547 2.1761
3.2364 2.4520 2.1653
3.2564 2.4459 2.1483
3.2764 2.4358 2.1247
3.2964 2.4216 2.0944
3.3163 2.4032 2.0574
3.3363 2.3804 2.0141
3.3563 2.3534 1.9649
3.3763 2.3224 1.9104
3.3962 2.2877 1.8514
3.4162 2.2498 1.7886
3.4362 2.2094 1.7228
3.4562 2.1671 1.6549
3.4762 2.1237 1.5857
3.4961 2.0800 1.5156
3.5161 2.0367 1.4454
3.5361 1.9945 1.3755
3.5561 1.9540 1.3063
3.5760 1.9155 1.2380
3.5960 1.8792 1.1709
3.6160 1.8451 1.1052
3.6360 1.8130 1.0411
3.6560 1.7822 0.9787
3.6759 1.7523 0.9182
3.6959 1.7221 0.8599
3.7159 1.6908 0.8037
3.7359 1.6573 0.7501
3.7558 1.6203 0.6989
3.7758 1.5788 0.6504
3.7958 1.5317 0.6045
3.8158 1.4781 0.5611
3.8358 1.4173 0.5198
3.8557 1.3488 0.4804
3.8757 1.2723 0.4425
3.8957 1.1880 0.4054
3.9157 1.0962 0.3688
3.9356 0.9977 0.3321
3.9556 0.8936 0.2949
3.9756 0.7850 0.2569
3.9956 0.6736 0.2177
4.0156 0.5612 0.1775
4.0355 0.4495 0.1362
4.0555 0.3407 0.0941
4.0755 0.2363 0.0515
4.0955 0.1383 0.0088
4.1155 0.0479 -0.0335
4.1354 -0.0336 -0.0750
4.1554 -0.1054 -0.1153
4.1754 -0.1673 -0.1540
4.1954 -0.2192 -0.1908
4.2153 -0.2617 -0.2254
4.2353 -0.2955 -0.2577
4.2553 -0.3218 -0.2876
4.2753 -0.3419 -0.3151
4.2953 -0.3574 -0.3402
4.3152 -0.3699 -0.3630
4.3352 -0.3811 -0.3837
4.3552 -0.3923 -0.4023
4.3752 -0.4052 -0.4191
4.3951 -0.4207 -0.4342
4.4151 -0.4399 -0.4478
4.4351 -0.4634 -0.4601
4.4551 -0.4915 -0.4711
4.4751 -0.5243 -0.4809
4.4950 -0.5614 -0.4896
4.5150 -0.6022 -0.4973
4.5350 -0.6458 -0.5037
4.5550 -0.6910 -0.5090
4.5749 -0.7365 -0.5129
4.5949 -0.7809 -0.5153
4.6149 -0.8229 -0.5161
4.6349 -0.8609 -0.5151
4.6549 -0.8939 -0.5124
4.6748 -0.9208 -0.5078
4.6948 -0.9409 -0.5014
4.7148 -0.9538 -0.4932
4.7348 -0.9593 -0.4833
4.7547 -0.9575 -0.4720
4.7747 -0.9490 -0.4595
4.7947 -0.9343 -0.4460
4.8147 -0.9143 -0.4318
4.8347 -0.8897 -0.4172
4.8546 -0.8617 -0.4024
4.8746 -0.8309 -0.3879
4.8946 -0.7984 -0.3737
4.9146 -0.7649 -0.3601
4.9345 -0.7309 -0.3475
4.9545 -0.6971 -0.3358
4.9745 -0.6638 -0.3255
4.9945 -0.6315 -0.3164
5.0145 -0.6002 -0.3090
5.0344 -0.5701 -0.3031
5.0544 -0.5414 -0.2989
5.0744 -0.5141 -0.2965
5.0944 -0.4881 -0.2957
5.1143 -0.4635 -0.2966
5.1343 -0.4403 -0.2988
5.1543 -0.4183 -0.3024
5.1743 -0.3974 -0.3068
5.1943 -0.3777 -0.3119
5.2142 -0.3590 -0.3172
5.2342 -0.3412 -0.3223
5.2542 -0.3241 -0.3267
5.2742 -0.3076 -0.3302
5.2941 -0.2916 -0.3321
5.3141 -0.2759 -0.3323
5.3341 -0.2603 -0.3303
5.3541 -0.2447 -0.3260
5.3741 -0.2290 -0.3191
5.3940 -0.2130 -0.3097
5.4140 -0.1966 -0.2977
5.4340 -0.1798 -0.2832
5.4540 -0.1625 -0.2663
5.4739 -0.1447 -0.2473
5.4939 -0.1265 -0.2265
5.5139 -0.1079 -0.2041
5.5339 -0.0889 -0.1805
5.5539 -0.0698 -0.1561
5.5738 -0.0507 -0.1311
5.5938 -0.0316 -0.1061
5.6138 -0.0128 -0.0812
5.6338 0.0056 -0.0568
5.6537 0.0234 -0.0331
5.6737 0.0405 -0.0103
5.6937 0.0567 0.0115
5.7137 0.0719 0.0321
5.7337 0.0860 0.0517
5.7536 0.0988 0.0701
5.7736 0.1104 0.0874
5.7936 0.1206 0.1038
5.8136 0.1294 0.1193
5.8336 0.1367 0.1342
5.8535 0.1426 0.1486
5.8735 0.1471 0.1626
5.8935 0.1501 0.1764
5.9135 0.1518 0.1901
5.9334 0.1523 0.2039
5.9534 0.1515 0.2177
5.9734 0.1498 0.2316
5.9934 0.1471 0.2457
6.0134 0.1438 0.2600
6.0333 0.1400 0.2743
6.0533 0.1359 0.2887
6.0733 0.1320 0.3031
6.0933 0.1283 0.3173
6.1132 0.1252 0.3312
6.1332 0.1231 0.3448
6.1532 0.1221 0.3579
6.1732 0.1225 0.3703
6.1932 0.1245 0.3820
6.2131 0.1282 0.3929
6.2331 0.1337 0.4028
6.2531 0.1411 0.4117
6.2731 0.1504 0.4196
6.2930 0.1614 0.4264
6.3130 0.1740 0.4322
6.3330 0.1881 0.4371
6.3530 0.2034 0.4411
6.3730 0.2197 0.4443
6.3929 0.2369 0.4470
6.4129 0.2546 0.4493
6.4329 0.2726 0.4514
6.4529 0.2908 0.4535
6.4728 0.3089 0.4557
6.4928 0.3268 0.4583
6.5128 0.3443 0.4614
6.5328 0.3614 0.4651
6.5528 0.3780 0.4695
6.5727 0.3939 0.4747
6.5927 0.4093 0.4806
6.6127 0.4241 0.4873
6.6327 0.4383 0.4947
6.6526 0.4520 0.5027
6.6726 0.4652 0.5111
6.6926 0.4780 0.5200
6.7126 0.4904 0.5290
6.7326 0.5026 0.5382
6.7525 0.5145 0.5473
6.7725 0.5262 0.5563
6.7925 0.5378 0.5650
6.8125 0.5493 0.5734
6.8324 0.5607 0.5813
6.8524 0.5720 0.5889
6.8724 0.5833 0.5960
6.8924 0.5945 0.6027
6.9124 0.6056 0.6091
6.9323 0.6165 0.6151
6.9523 0.6274 0.6209
6.9723 0.6380 0.6266
6.9923 0.6483 0.6322
7.0122 0.6585 0.6378
7.0322 0.6683 0.6436
7.0522 0.6777 0.6495
7.0722 0.6868 0.6556
7.0922 0.6955 0.6620
7.1121 0.7038 0.6688
7.1321 0.7117 0.6759
7.1521 0.7192 0.6833
7.1721 0.7263 0.6911
7.1920 0.7331 0.6992
7.2120 0.7395 0.7076
7.2320 0.7457 0.7162
7.2520 0.7516 0.7249
7.2720 0.7573 0.7338
7.2919 0.7628 0.7427
7.3119 0.7681 0.7516
7.3319 0.7734 0.7604
7.3519 0.7785 0.7692
7.3719 0.7835 0.7778
7.3918 0.7884 0.7863
7.4118 0.7932 0.7945
7.4318 0.7977 0.8027
7.4518 0.8020 0.8106
7.4717 0.8061 0.8184
7.4917 0.8098 0.8260
7.5117 0.8131 0.8334
7.5317 0.8160 0.8407
7.5517 0.8185 0.8479
7.5716 0.8205 0.8549
7.5916 0.8220 0.8617
7.6116 0.8231 0.8683
7.6316 0.8238 0.8748
7.6515 0.8242 0.8811
7.6715 0.8243 0.8871
7.6915 0.8242 0.8929
7.7115 0.8241 0.8985
7.7315 0.8239 0.9039
7.7514 0.8237 0.9090
7.7714 0.8238 0.9139
7.7914 0.8240 0.9186
7.8114 0.8246 0.9231
7.8313 0.8255 0.9275
7.8513 0.8268 0.9318
7.8713 0.8286 0.9360
7.8913 0.8308 0.9402
7.9113 0.8336 0.9444
7.9312 0.8368 0.9488
7.9512 0.8406 0.9533
7.9712 0.8449 0.9580
7.9912 0.8496 0.9629
8.0111 0.8549 0.9681
8.0311 0.8605 0.9736
8.0511 0.8667 0.9794
8.0711 0.8732 0.9855
8.0911 0.8800 0.9919
8.1110 0.8872 0.9985
8.1310 0.8946 1.0053
8.1510 0.9023 1.0122
8.1710 0.9101 1.0193
8.1909 0.9181 1.0263
8.2109 0.9262 1.0334
8.2309 0.9343 1.0403
8.2509 0.9425 1.0470
8.2709 0.9507 1.0536
8.2908 0.9588 1.0599
8.3108 0.9669 1.0660
8.3308 0.9748 1.0718
8.3508 0.9827 1.0773
8.3707 0.9904 1.0825
8.3907 0.9981 1.0874
8.4107 1.0055 1.0921
8.4307 1.0129 1.0965
8.4507 1.0201 1.1008
8.4706 1.0272 1.1049
8.4906 1.0342 1.1089
8.5106 1.0410 1.1128
8.5306 1.0478 1.1167
8.5505 1.0545 1.1205
8.5705 1.0612 1.1244
8.5905 1.0678 1.1283
8.6105 1.0743 1.1323
8.6305 1.0808 1.1363
8.6504 1.0872 1.1404
8.6704 1.0936 1.1445
8.6904 1.0999 1.1486
8.7104 1.1061 1.1527
8.7303 1.1122 1.1568
8.7503 1.1182 1.1609
8.7703 1.1241 1.1649
8.7903 1.1299 1.1688
8.8103 1.1356 1.1726
8.8302 1.1411 1.1763
8.8502 1.1466 1.1798
8.8702 1.1520 1.1831
8.8902 1.1573 1.1863
8.9101 1.1625 1.1892
8.9301 1.1677 1.1920
8.9501 1.1728 1.1946
8.9701 1.1779 1.1970
8.9901 1.1829 1.1993
9.0100 1.1878 1.2014
9.0300 1.1927 1.2035
9.0500 1.1975 1.2055
9.0700 1.2021 1.2075
9.0900 1.2067 1.2096
9.1099 1.2111 1.2117
9.1299 1.2155 1.2139
9.1499 1.2197 1.2162
9.1699 1.2237 1.2186
9.1898 1.2277 1.2212
9.2098 1.2315 1.2240
9.2298 1.2353 1.2270
9.2498 1.2389 1.2302
9.2698 1.2426 1.2335
9.2897 1.2461 1.2370
9.3097 1.2497 1.2407
9.3297 1.2532 1.2445
9.3497 1.2568 1.2485
9.3696 1.2604 1.2526
9.3896 1.2640 1.2570
9.4096 1.2676 1.2614
9.4296 1.2713 1.2661
9.4496 1.2751 1.2709
9.4695 1.2790 1.2760
9.4895 1.2830 1.2812
9.5095 1.2870 1.2867
9.5295 1.2912 1.2924
9.5494 1.2956 1.2984
9.5694 1.3000 1.3046
9.5894 1.3047 1.3110
9.6094 1.3095 1.3177
9.6294 1.3145 1.3247
9.6493 1.3196 1.3319
9.6693 1.3250 1.3394
9.6893 1.3306 1.3472
9.7093 1.3365 1.3552
9.7292 1.3425 1.3635
9.7492 1.3488 1.3720
9.7692 1.3553 1.3808
9.7892 1.3621 1.3897
9.8092 1.3690 1.3988
9.8291 1.3761 1.4080
9.8491 1.3833 1.4173
9.8691 1.3908 1.4266
9.8891 1.3983 1.4358
9.9090 1.4060 1.4450
9.9290 1.4138 1.4540
9.9490 1.4218 1.4628
9.9690 1.4298 1.4714
9.9890 1.4379 1.4798
10.0089 1.4461 1.4878
10.0289 1.4544 1.4956
10.0489 1.4627 1.5031
10.0689 1.4711 1.5103
10.0888 1.4796 1.5172
10.1088 1.4881 1.5238
10.1288 1.4967 1.5301
10.1488 1.5053 1.5363
10.1688 1.5139 1.5422
10.1887 1.5226 1.5479
10.2087 1.5313 1.5534
10.2287 1.5399 1.5588
10.2487 1.5486 1.5641
10.2686 1.5573 1.5692
10.2886 1.5660 1.5743
10.3086 1.5747 1.5793
10.3286 1.5834 1.5842
10.3486 1.5921 1.5891
10.3685 1.6008 1.5941
10.3885 1.6094 1.5990
10.4085 1.6181 1.6041
10.4285 1.6267 1.6092
10.4484 1.6353 1.6145
10.4684 1.6438 1.6200
10.4884 1.6522 1.6257
10.5084 1.6606 1.6316
10.5284 1.6688 1.6378
10.5483 1.6770 1.6442
10.5683 1.6851 1.6510
10.5883 1.6932 1.6580
10.6083 1.7013 1.6653
10.6283 1.7094 1.6729
10.6482 1.7176 1.6808
10.6682 1.7259 1.6889
10.6882 1.7344 1.6972
10.7082 1.7431 1.7056
10.7281 1.7520 1.7141
10.7481 1.7612 1.7228
10.7681 1.7707 1.7314
10.7881 1.7805 1.7400
10.8081 1.7905 1.7486
10.8280 1.8008 1.7570
10.8480 1.8112 1.7653
10.8680 1.8219 1.7735
10.8880 1.8326 1.7814
10.9079 1.8435 1.7891
10.9279 1.8543 1.7966
10.9479 1.8651 1.8038
10.9679 1.8758 1.8109
10.9879 1.8864 1.8177
11.0078 1.8968 1.8244
11.0278 1.9071 1.8310
11.0478 1.9172 1.8374
11.0678 1.9271 1.8439
11.0877 1.9369 1.8504
11.1077 1.9466 1.8570
11.1277 1.9561 1.8638
11.1477 1.9657 1.8709
11.1677 1.9752 1.8782
11.1876 1.9849 1.8859
11.2076 1.9946 1.8940
11.2276 2.0047 1.9024
11.2476 2.0149 1.9112
11.2675 2.0256 1.9204
11.2875 2.0365 1.9299
11.3075 2.0479 1.9397
11.3275 2.0597 1.9498
11.3475 2.0720 1.9601
11.3674 2.0846 1.9706
11.3874 2.0977 1.9811
11.4074 2.1110 1.9917
11.4274 2.1246 2.0024
11.4473 2.1384 2.0130
11.4673 2.1522 2.0235
11.4873 2.1660 2.0340
11.5073 2.1795 2.0443
11.5273 2.1927 2.0544
11.5472 2.2052 2.0642
11.5672 2.2170 2.0735
11.5872 2.2279 2.0824
11.6072 2.2377 2.0907
11.6271 2.2463 2.0983
11.6471 2.2536 2.1049
11.6671 2.2595 2.1106
11.6871 2.2640 2.1152
11.7071 2.2671 2.1186
11.7270 2.2687 2.1206
11.7470 2.2690 2.1213
11.7670 2.2680 2.1206
11.7870 2.2658 2.1184
11.8069 2.2625 2.1147
11.8269 2.2580 2.1095
11.8469 2.2524 2.1028
11.8669 2.2456 2.0944
11.8869 2.2376 2.0844
11.9068 2.2282 2.0728
11.9268 2.2175 2.0594
11.9468 2.2052 2.0443
11.9668 2.1912 2.0274
11.9867 2.1755 2.0087
12.0067 2.1581 1.9883
12.0267 2.1390 1.9663
12.0467 2.1182 1.9428
12.0667 2.0959 1.9180
12.0866 2.0724 1.8922
12.1066 2.0480 1.8658
12.1266 2.0229 1.8390
12.1466 1.9976 1.8124
12.1665 1.9725 1.7862
12.1865 1.9480 1.7608
12.2065 1.9245 1.7367
12.2265 1.9024 1.7141
12.2465 1.8818 1.6933
12.2664 1.8632 1.6746
12.2864 1.8466 1.6580
12.3064 1.8322 1.6436
12.3264 1.8200 1.6313
12.3464 1.8100 1.6212
12.3663 1.8020 1.6130
12.3863 1.7960 1.6065
12.4063 1.7917 1.6016
12.4263 1.7888 1.5980
12.4462 1.7873 1.5955
12.4662 1.7868 1.5937
12.4862 1.7870 1.5925
12.5062 1.7877 1.5916
12.5262 1.7886 1.5909
12.5461 1.7894 1.5902
12.5661 1.7900 1.5894
12.5861 1.7900 1.5884
12.6061 1.7893 1.5870
12.6260 1.7877 1.5853
12.6460 1.7850 1.5832
12.6660 1.7812 1.5807
12.6860 1.7760 1.5778
12.7060 1.7695 1.5746
12.7259 1.7616 1.5710
12.7459 1.7523 1.5670
12.7659 1.7418 1.5627
12.7859 1.7301 1.5581
12.8058 1.7174 1.5532
12.8258 1.7038 1.5479
12.8458 1.6895 1.5424
12.8658 1.6749 1.5364
12.8858 1.6600 1.5302
12.9057 1.6453 1.5235
12.9257 1.6307 1.5165
12.9457 1.6167 1.5091
12.9657 1.6032 1.5013
12.9856 1.5905 1.4931
13.0056 1.5787 1.4844
13.0256 1.5677 1.4754
13.0456 1.5577 1.4662
13.0656 1.5486 1.4566
13.0855 1.5402 1.4470
13.1055 1.5327 1.4373
13.1255 1.5258 1.4277
13.1455 1.5195 1.4183
13.1654 1.5136 1.4092
13.1854 1.5080 1.4007
13.2054 1.5027 1.3926
13.2254 1.4976 1.3852
13.2454 1.4925 1.3784
13.2653 1.4874 1.3722
13.2853 1.4823 1.3664
13.3053 1.4770 1.3610
13.3253 1.4716 1.3557
13.3452 1.4661 1.3503
13.3652 1.4604 1.3445
13.3852 1.4544 1.3381
13.4052 1.4483 1.3307
13.4252 1.4421 1.3221
13.4451 1.4356 1.3122
13.4651 1.4289 1.3007
13.4851 1.4220 1.2876
13.5051 1.4149 1.2730
13.5250 1.4076 1.2568
13.5450 1.3999 1.2392
13.5650 1.3919 1.2205
13.5850 1.3834 1.2008
13.6050 1.3744 1.1804
13.6249 1.3647 1.1597
13.6449 1.3543 1.1389
13.6649 1.3429 1.1183
13.6849 1.3304 1.0980
13.7048 1.3167 1.0784
13.7248 1.3016 1.0594
13.7448 1.2851 1.0411
13.7648 1.2669 1.0236
13.7848 1.2470 1.0068
13.8047 1.2253 0.9906
13.8247 1.2018 0.9748
13.8447 1.1765 0.9592
13.8647 1.1493 0.9437
13.8847 1.1205 0.9280
13.9046 1.0900 0.9120
13.9246 1.0581 0.8954
13.9446 1.0248 0.8780
13.9646 0.9904 0.8598
13.9845 0.9551 0.8406
14.0045 0.9191 0.8202
14.0245 0.8827 0.7988
14.0445 0.8460 0.7761
14.0645 0.8093 0.7523
14.0844 0.7728 0.7274
14.1044 0.7366 0.7014
14.1244 0.7010 0.6743
14.1444 0.6660 0.6464
14.1643 0.6317 0.6177
14.1843 0.5982 0.5884
14.2043 0.5656 0.5586
14.2243 0.5338 0.5286
14.2443 0.5030 0.4985
14.2642 0.4730 0.4685
14.2842 0.4439 0.4389
14.3042 0.4156 0.4099
14.3242 0.3880 0.3815
14.3441 0.3612 0.3542
14.3641 0.3349 0.3278
14.3841 0.3090 0.3027
14.4041 0.2836 0.2787
14.4241 0.2585 0.2561
14.4440 0.2335 0.2347
14.4640 0.2086 0.2146
14.4840 0.1838 0.1956
14.5040 0.1590 0.1778
14.5239 0.1341 0.1610
14.5439 0.1093 0.1452
14.5639 0.0845 0.1302
14.5839 0.0598 0.1162
14.6039 0.0353 0.1029
14.6238 0.0112 0.0904
14.6438 -0.0124 0.0788
14.6638 -0.0353 0.0680
14.6838 -0.0574 0.0582
14.7037 -0.0785 0.0492
14.7237 -0.0984 0.0412
14.7437 -0.1171 0.0342
14.7637 -0.1343 0.0283
14.7837 -0.1499 0.0233
14.8036 -0.1639 0.0194
14.8236 -0.1762 0.0166
14.8436 -0.1866 0.0147
14.8636 -0.1953 0.0138
14.8835 -0.2021 0.0139
14.9035 -0.2070 0.0148
14.9235 -0.2102 0.0167
14.9435 -0.2117 0.0194
14.9635 -0.2116 0.0228
14.9834 -0.2099 0.0270
15.0034 -0.2068 0.0318
15.0234 -0.2023 0.0372
15.0434 -0.1966 0.0430
15.0633 -0.1899 0.0492
15.0833 -0.1821 0.0557
15.1033 -0.1735 0.0624
15.1233 -0.1642 0.0691
15.1433 -0.1541 0.0758
15.1632 -0.1436 0.0824
15.1832 -0.1325 0.0888
15.2032 -0.1211 0.0950
15.2232 -0.1093 0.1009
15.2431 -0.0973 0.1064
15.2631 -0.0852 0.1117
15.2831 -0.0731 0.1166
15.3031 -0.0610 0.1213
15.3231 -0.0491 0.1257
15.3430 -0.0375 0.1299
15.3630 -0.0262 0.1340
15.3830 -0.0155 0.1380
15.4030 -0.0054 0.1419
15.4229 0.0040 0.1459
15.4429 0.0126 0.1498
15.4629 0.0204 0.1539
15.4829 0.0271 0.1580
15.5029 0.0329 0.1621
15.5228 0.0377 0.1662
15.5428 0.0414 0.1702
15.5628 0.0442 0.1741
15.5828 0.0460 0.1778
15.6028 0.0469 0.1812
15.6227 0.0471 0.1841
15.6427 0.0465 0.1863
15.6627 0.0452 0.1878
15.6827 0.0435 0.1883
15.7026 0.0412 0.1878
15.7226 0.0387 0.1860
15.7426 0.0358 0.1828
15.7626 0.0328 0.1781
15.7826 0.0296 0.1718
15.8025 0.0264 0.1639
15.8225 0.0231 0.1542
15.8425 0.0198 0.1429
15.8625 0.0165 0.1300
15.8824 0.0133 0.1156
15.9024 0.0102 0.0999
15.9224 0.0072 0.0831
15.9424 0.0044 0.0654
15.9624 0.0018 0.0471
15.9823 -0.0006 0.0285
16.0023 -0.0027 0.0098
16.0223 -0.0045 -0.0086
16.0423 -0.0059 -0.0265
16.0622 -0.0068 -0.0436
16.0822 -0.0073 -0.0597
16.1022 -0.0073 -0.0747
16.1222 -0.0068 -0.0883
16.1422 -0.0058 -0.1005
16.1621 -0.0044 -0.1113
16.1821 -0.0025 -0.1204
16.2021 -0.0002 -0.1281
16.2221 0.0023 -0.1341
16.2420 0.0052 -0.1387
16.2620 0.0082 -0.1418
16.2820 0.0113 -0.1434
16.3020 0.0145 -0.1438
16.3220 0.0176 -0.1429
16.3419 0.0206 -0.1409
16.3619 0.0235 -0.1379
16.3819 0.0262 -0.1339
16.4019 0.0287 -0.1292
16.4218 0.0310 -0.1237
16.4418 0.0331 -0.1178
16.4618 0.0349 -0.1114
16.4818 0.0366 -0.1046
16.5018 0.0381 -0.0976
16.5217 0.0395 -0.0905
16.5417 0.0408 -0.0833
16.5617 0.0420 -0.0761
16.5817 0.0432 -0.0690
16.6016 0.0443 -0.0619
16.6216 0.0454 -0.0548
16.6416 0.0465 -0.0479
16.6616 0.0476 -0.0411
16.6816 0.0487 -0.0343
16.7015 0.0499 -0.0275
16.7215 0.0512 -0.0208
16.7415 0.0525 -0.0141
16.7615 0.0540 -0.0075
16.7814 0.0555 -0.0007
16.8014 0.0572 0.0060
16.8214 0.0590 0.0128
16.8414 0.0610 0.0197
16.8614 0.0631 0.0266
16.8813 0.0654 0.0335
16.9013 0.0678 0.0405
16.9213 0.0704 0.0475
16.9413 0.0732 0.0545
16.9612 0.0761 0.0615
16.9812 0.0791 0.0684
17.0012 0.0822 0.0754
17.0212 0.0854 0.0822
17.0412 0.0886 0.0890
17.0611 0.0918 0.0957
17.0811 0.0951 0.1023
17.1011 0.0983 0.1089
17.1211 0.1014 0.1152
17.1411 0.1045 0.1215
17.1610 0.1076 0.1276
17.1810 0.1105 0.1337
17.2010 0.1133 0.1395
17.2210 0.1160 0.1453
17.2409 0.1187 0.1509
17.2609 0.1213 0.1565
17.2809 0.1238 0.1619
17.3009 0.1262 0.1673
17.3209 0.1286 0.1726
17.3408 0.1310 0.1778
17.3608 0.1333 0.1831
17.3808 0.1356 0.1883
17.4008 0.1378 0.1936
17.4207 0.1401 0.1989
17.4407 0.1423 0.2042
17.4607 0.1444 0.2096
17.4807 0.1466 0.2151
17.5007 0.1488 0.2205
17.5206 0.1510 0.2260
17.5406 0.1532 0.2315
17.5606 0.1555 0.2370
17.5806 0.1578 0.2425
17.6005 0.1602 0.2478
17.6205 0.1627 0.2531
17.6405 0.1654 0.2582
17.6605 0.1681 0.2631
17.6805 0.1709 0.2678
17.7004 0.1738 0.2723
17.7204 0.1768 0.2765
17.7404 0.1799 0.2805
17.7604 0.1830 0.2842
17.7803 0.1862 0.2875
17.8003 0.1894 0.2906
17.8203 0.1926 0.2934
17.8403 0.1958 0.2959
17.8603 0.1989 0.2981
17.8802 0.2020 0.3001
17.9002 0.2051 0.3017
17.9202 0.2081 0.3031
17.9402 0.2110 0.3041
17.9601 0.2139 0.3049
17.9801 0.2167 0.3053
18.0001 0.2194 0.3054
18.0201 0.2221 0.3051
18.0401 0.2246 0.3046
18.0600 0.2271 0.3036
18.0800 0.2294 0.3023
18.1000 0.2317 0.3007
18.1200 0.2338 0.2988
18.1399 0.2357 0.2966
18.1599 0.2375 0.2942
18.1799 0.2391 0.2915
18.1999 0.2406 0.2886
18.2199 0.2419 0.2856
18.2398 0.2430 0.2824
18.2598 0.2439 0.2792
18.2798 0.2446 0.2758
18.2998 0.2453 0.2724
18.3197 0.2458 0.2690
18.3397 0.2462 0.2656
18.3597 0.2466 0.2622
18.3797 0.2469 0.2588
18.3997 0.2473 0.2555
18.4196 0.2477 0.2523
18.4396 0.2481 0.2492
18.4596 0.2487 0.2462
18.4796 0.2494 0.2434
18.4995 0.2501 0.2409
18.5195 0.2511 0.2387
18.5395 0.2521 0.2368
18.5595 0.2533 0.2353
18.5795 0.2546 0.2342
18.5994 0.2560 0.2335
18.6194 0.2575 0.2333
18.6394 0.2590 0.2335
18.6594 0.2607 0.2341
18.6793 0.2624 0.2351
18.6993 0.2642 0.2364
18.7193 0.2661 0.2381
18.7393 0.2681 0.2400
18.7593 0.2702 0.2422
18.7792 0.2723 0.2445
18.7992 0.2746 0.2469
18.8192 0.2770 0.2494
18.8392 0.2795 0.2520
18.8592 0.2821 0.2545
18.8791 0.2848 0.2571
18.8991 0.2876 0.2596
18.9191 0.2905 0.2620
18.9391 0.2934 0.2645
18.9590 0.2963 0.2669
18.9790 0.2993 0.2693
18.9990 0.3022 0.2717
19.0190 0.3051 0.2741
19.0390 0.3079 0.2766
19.0589 0.3107 0.2791
19.0789 0.3134 0.2817
19.0989 0.3159 0.2844
19.1189 0.3184 0.2872
19.1388 0.3208 0.2901
19.1588 0.3231 0.2931
19.1788 0.3253 0.2962
19.1988 0.3274 0.2994
19.2188 0.3294 0.3027
19.2387 0.3315 0.3060
19.2587 0.3335 0.3094
19.2787 0.3354 0.3129
19.2987 0.3374 0.3164
19.3186 0.3394 0.3198
19.3386 0.3414 0.3233
19.3586 0.3434 0.3268
19.3786 0.3455 0.3303
19.3986 0.3476 0.3337
19.4185 0.3497 0.3371
19.4385 0.3518 0.3405
19.4585 0.3539 0.3438
19.4785 0.3560 0.3471
19.4984 0.3580 0.3504
19.5184 0.3601 0.3536
19.5384 0.3621 0.3569
19.5584 0.3641 0.3601
19.5784 0.3660 0.3632
19.5983 0.3678 0.3664
19.6183 0.3696 0.3696
19.6383 0.3713 0.3727
19.6583 0.3729 0.3758
19.6782 0.3745 0.3789
19.6982 0.3760 0.3819
19.7182 0.3774 0.3850
19.7382 0.3789 0.3880
19.7582 0.3802 0.3909
19.7781 0.3816 0.3939
19.7981 0.3830 0.3968
19.8181 0.3844 0.3996
19.8381 0.3859 0.4024
19.8580 0.3874 0.4052
19.8780 0.3890 0.4080
19.8980 0.3907 0.4107
19.9180 0.3924 0.4134
19.9380 0.3943 0.4161
19.9579 0.3962 0.4187
19.9779 0.3983 0.4213
19.9979 0.4004 0.4238
20.0179 0.4025 0.4263
20.0378 0.4048 0.4288
20.0578 0.4070 0.4312
20.0778 0.4093 0.4336
20.0978 0.4117 0.4359
20.1178 0.4140 0.4382
20.1377 0.4163 0.4405
20.1577 0.4185 0.4426
20.1777 0.4207 0.4448
20.1977 0.4229 0.4468
20.2176 0.4250 0.4489
20.2376 0.4271 0.4508
20.2576 0.4291 0.4527
20.2776 0.4311 0.4546
20.2976 0.4330 0.4565
20.3175 0.4348 0.4582
20.3375 0.4366 0.4600
20.3575 0.4384 0.4617
20.3775 0.4402 0.4634
20.3975 0.4419 0.4651
20.4174 0.4436 0.4667
20.4374 0.4453 0.4683
20.4574 0.4470 0.4700
20.4774 0.4487 0.4716
20.4973 0.4503 0.4732
20.5173 0.4520 0.4748
20.5373 0.4537 0.4764
20.5573 0.4554 0.4780
20.5773 0.4570 0.4796
20.5972 0.4587 0.4812
20.6172 0.4604 0.4828
20.6372 0.4621 0.4844
20.6572 0.4638 0.4859
20.6771 0.4655 0.4875
20.6971 0.4672 0.4890
20.7171 0.4689 0.4905
20.7371 0.4705 0.4920
20.7571 0.4722 0.4934
20.7770 0.4738 0.4949
20.7970 0.4755 0.4963
20.8170 0.4771 0.4976
20.8370 0.4787 0.4990
20.8569 0.4803 0.5003
20.8769 0.4819 0.5016
20.8969 0.4834 0.5029
20.9169 0.4849 0.5041
20.9369 0.4864 0.5053
20.9568 0.4879 0.5066
20.9768 0.4894 0.5077
20.9968 0.4908 0.5089
21.0168 0.4923 0.5101
21.0367 0.4937 0.5112
21.0567 0.4951 0.5123
21.0767 0.4964 0.5134
21.0967 0.4978 0.5145
21.1167 0.4992 0.5156
21.1366 0.5005 0.5166
21.1566 0.5019 0.5176
21.1766 0.5033 0.5186
21.1966 0.5047 0.5196
21.2165 0.5061 0.5206
21.2365 0.5075 0.5216
21.2565 0.5090 0.5225
21.2765 0.5105 0.5235
21.2965 0.5120 0.5244
21.3164 0.5135 0.5253
21.3364 0.5150 0.5262
21.3564 0.5166 0.5272
21.3764 0.5181 0.5281
21.3963 0.5197 0.5290
21.4163 0.5213 0.5300
21.4363 0.5228 0.5310
21.4563 0.5244 0.5319
21.4763 0.5259 0.5330
21.4962 0.5275 0.5340
21.5162 0.5291 0.5351
21.5362 0.5306 0.5362
21.5562 0.5322 0.5373
21.5761 0.5337 0.5385
21.5961 0.5353 0.5397
21.6161 0.5368 0.5409
21.6361 0.5383 0.5422
21.6561 0.5399 0.5435
21.6760 0.5414 0.5448
21.6960 0.5429 0.5461
21.7160 0.5444 0.5474
21.7360 0.5459 0.5488
21.7559 0.5474 0.5501
21.7759 0.5489 0.5514
21.7959 0.5504 0.5528
21.8159 0.5519 0.5542
21.8359 0.5533 0.5555
21.8558 0.5548 0.5569
21.8758 0.5562 0.5582
21.8958 0.5577 0.5596
21.9158 0.5591 0.5610
21.9357 0.5605 0.5624
21.9557 0.5620 0.5638
21.9757 0.5634 0.5652
21.9957 0.5648 0.5666
22.0157 0.5662 0.5681
22.0356 0.5676 0.5695
22.0556 0.5690 0.5710
22.0756 0.5704 0.5725
22.0956 0.5718 0.5740
22.1156 0.5732 0.5755
22.1355 0.5746 0.5770
22.1555 0.5760 0.5786
22.1755 0.5774 0.5801
22.1955 0.5788 0.5817
22.2154 0.5802 0.5832
22.2354 0.5815 0.5848
22.2554 0.5829 0.5863
22.2754 0.5842 0.5878
22.2954 0.5855 0.5894
22.3153 0.5868 0.5909
22.3353 0.5881 0.5924
22.3553 0.5894 0.5939
22.3753 0.5907 0.5954
22.3952 0.5919 0.5968
22.4152 0.5932 0.5983
22.4352 0.5944 0.5998
22.4552 0.5957 0.6012
22.4752 0.5970 0.6026
22.4951 0.5983 0.6040
22.5151 0.5995 0.6055
22.5351 0.6008 0.6069
22.5551 0.6021 0.6082
22.5750 0.6035 0.6096
22.5950 0.6048 0.6110
22.6150 0.6061 0.6123
22.6350 0.6074 0.6137
22.6550 0.6088 0.6150
22.6749 0.6101 0.6163
22.6949 0.6114 0.6176
22.7149 0.6127 0.6189
22.7349 0.6141 0.6202
22.7548 0.6154 0.6215
22.7748 0.6167 0.6227
22.7948 0.6180 0.6240
22.8148 0.6192 0.6252
22.8348 0.6205 0.6264
22.8547 0.6217 0.6276
22.8747 0.6230 0.6288
22.8947 0.6242 0.6300
22.9147 0.6254 0.6312
22.9346 0.6266 0.6324
22.9546 0.6278 0.6335
22.9746 0.6289 0.6347
22.9946 0.6301 0.6358
23.0146 0.6312 0.6370
23.0345 0.6324 0.6381
23.0545 0.6335 0.6392
23.0745 0.6346 0.6403
23.0945 0.6357 0.6414
23.1144 0.6368 0.6425
23.1344 0.6379 0.6436
23.1544 0.6390 0.6447
23.1744 0.6401 0.6457
23.1944 0.6412 0.6468
23.2143 0.6423 0.6479
23.2343 0.6434 0.6490
23.2543 0.6445 0.6500
23.2743 0.6456 0.6511
23.2942 0.6467 0.6522
23.3142 0.6478 0.6533
23.3342 0.6489 0.6544
23.3542 0.6500 0.6554
23.3742 0.6510 0.6565
23.3941 0.6521 0.6576
23.4141 0.6532 0.6587
23.4341 0.6543 0.6597
23.4541 0.6553 0.6608
23.4740 0.6564 0.6619
23.4940 0.6575 0.6629
23.5140 0.6585 0.6640
23.5340 0.6596 0.6650
23.5540 0.6606 0.6661
23.5739 0.6616 0.6671
23.5939 0.6627 0.6681
23.6139 0.6637 0.6692
23.6339 0.6647 0.6702
23.6539 0.6657 0.6712
23.6738 0.6668 0.6722
23.6938 0.6678 0.6732
23.7138 0.6688 0.6742
23.7338 0.6698 0.6751
23.7537 0.6708 0.6761
23.7737 0.6718 0.6771
23.7937 0.6728 0.6781
23.8137 0.6738 0.6790
23.8337 0.6748 0.6800
23.8536 0.6758 0.6810
23.8736 0.6767 0.6819
23.8936 0.6777 0.6829
23.9136 0.6786 0.6838
23.9335 0.6796 0.6848
23.9535 0.6805 0.6857
23.9735 0.6814 0.6866
23.9935 0.6824 0.6875
24.0135 0.6833 0.6885
24.0334 0.6842 0.6894
24.0534 0.6851 0.6903
24.0734 0.6860 0.6912
24.0934 0.6869 0.6921
24.1133 0.6878 0.6930
24.1333 0.6887 0.6939
24.1533 0.6896 0.6947
24.1733 0.6904 0.6956
24.1933 0.6913 0.6965
24.2132 0.6922 0.6973
24.2332 0.6930 0.6982
24.2532 0.6939 0.6990
24.2732 0.6947 0.6998
24.2931 0.6955 0.7006
24.3131 0.6963 0.7014
24.3331 0.6971 0.7022
24.3531 0.6979 0.7029
24.3731 0.6987 0.7037
24.3930 0.6995 0.7044
24.4130 0.7002 0.7051
24.4330 0.7009 0.7058
24.4530 0.7016 0.7065
24.4729 0.7023 0.7072
24.4929 0.7030 0.7078
24.5129 0.7036 0.7085
24.5329 0.7043 0.7091
24.5529 0.7049 0.7097
24.5728 0.7055 0.7103
24.5928 0.7061 0.7109
24.6128 0.7067 0.7115
24.6328 0.7072 0.7121
24.6527 0.7078 0.7127
24.6727 0.7083 0.7133
24.6927 0.7088 0.7138
24.7127 0.7094 0.7144
24.7327 0.7099 0.7150
24.7526 0.7104 0.7155
24.7726 0.7109 0.7161
24.7926 0.7114 0.7166
24.8126 0.7118 0.7172
24.8325 0.7123 0.7177
24.8525 0.7128 0.7182
24.8725 0.7132 0.7187
24.8925 0.7137 0.7192
24.9125 0.7142 0.7197
24.9324 0.7146 0.7202
24.9524 0.7151 0.7207
24.9724 0.7155 0.7211
24.9924 0.7159 0.7215
25.0123 0.7164 0.7219
25.0323 0.7168 0.7223
25.0523 0.7172 0.7227
25.0723 0.7177 0.7230
25.0923 0.7181 0.7234
25.1122 0.7185 0.7237
25.1322 0.7189 0.7240
25.1522 0.7194 0.7243
25.1722 0.7198 0.7246
25.1921 0.7202 0.7249
25.2121 0.7207 0.7252
25.2321 0.7211 0.7255
25.2521 0.7215 0.7258
25.2721 0.7220 0.7262
25.2920 0.7225 0.7265
25.3120 0.7229 0.7269
25.3320 0.7234 0.7272
25.3520 0.7239 0.7276
25.3720 0.7244 0.7280
25.3919 0.7249 0.7285
25.4119 0.7254 0.7289
25.4319 0.7259 0.7294
25.4519 0.7264 0.7299
25.4718 0.7269 0.7304
25.4918 0.7274 0.7309
25.5118 0.7279 0.7314
25.5318 0.7284 0.7319
25.5518 0.7290 0.7324
25.5717 0.7295 0.7330
25.5917 0.7300 0.7335
25.6117 0.7305 0.7341
25.6317 0.7310 0.7346
25.6516 0.7315 0.7352
25.6716 0.7320 0.7358
25.6916 0.7325 0.7363
25.7116 0.7331 0.7369
25.7316 0.7336 0.7375
25.7515 0.7341 0.7381
25.7715 0.7347 0.7387
25.7915 0.7352 0.7392
25.8115 0.7358 0.7398
25.8314 0.7364 0.7404
25.8514 0.7369 0.7410
25.8714 0.7375 0.7417
25.8914 0.7381 0.7423
25.9114 0.7387 0.7429
25.9313 0.7394 0.7435
25.9513 0.7400 0.7441
25.9713 0.7406 0.7448
25.9913 0.7412 0.7454
26.0112 0.7419 0.7460
26.0312 0.7425 0.7467
26.0512 0.7431 0.7473
26.0712 0.7438 0.7479
26.0912 0.7444 0.7486
26.1111 0.7450 0.7492
26.1311 0.7457 0.7498
26.1511 0.7463 0.7505
26.1711 0.7469 0.7511
26.1910 0.7475 0.7517
26.2110 0.7482 0.7523
26.2310 0.7488 0.7529
26.2510 0.7494 0.7536
26.2710 0.7500 0.7542
26.2909 0.7506 0.7548
26.3109 0.7512 0.7554
26.3309 0.7518 0.7560
26.3509 0.7524 0.7566
26.3708 0.7530 0.7572
26.3908 0.7537 0.7578
26.4108 0.7543 0.7583
26.4308 0.7549 0.7589
26.4508 0.7555 0.7595
26.4707 0.7561 0.7601
26.4907 0.7567 0.7606
26.5107 0.7573 0.7612
26.5307 0.7579 0.7618
26.5506 0.7585 0.7623
26.5706 0.7591 0.7629
26.5906 0.7597 0.7634
26.6106 0.7603 0.7640
26.6306 0.7608 0.7645
26.6505 0.7614 0.7651
26.6705 0.7620 0.7656
26.6905 0.7625 0.7661
26.7105 0.7630 0.7666
26.7304 0.7636 0.7671
26.7504 0.7641 0.7676
26.7704 0.7646 0.7681
26.7904 0.7651 0.7686
26.8104 0.7656 0.7691
26.8303 0.7661 0.7696
26.8503 0.7666 0.7701
26.8703 0.7671 0.7705
26.8903 0.7676 0.7710
26.9103 0.7681 0.7715
26.9302 0.7685 0.7719
26.9502 0.7690 0.7724
26.9702 0.7694 0.7728
26.9902 0.7699 0.7733
27.0101 0.7704 0.7737
27.0301 0.7708 0.7741
27.0501 0.7712 0.7745
27.0701 0.7717 0.7749
27.0901 0.7721 0.7753
27.1100 0.7725 0.7757
27.1300 0.7729 0.7761
27.1500 0.7733 0.7765
27.1700 0.7737 0.7769
27.1899 0.7741 0.7773
27.2099 0.7745 0.7776
27.2299 0.7748 0.7780
27.2499 0.7752 0.7783
27.2699 0.7755 0.7787
27.2898 0.7759 0.7790
27.3098 0.7762 0.7794
27.3298 0.7766 0.7797
27.3498 0.7769 0.7800
27.3697 0.7772 0.7804
27.3897 0.7776 0.7807
27.4097 0.7779 0.7810
27.4297 0.7783 0.7813
27.4497 0.7786 0.7817
27.4696 0.7789 0.7820
27.4896 0.7793 0.7823
27.5096 0.7796 0.7827
27.5296 0.7800 0.7830
27.5495 0.7803 0.7834
27.5695 0.7807 0.7837
27.5895 0.7811 0.7841
27.6095 0.7814 0.7844
27.6295 0.7818 0.7848
27.6494 0.7822 0.7852
27.6694 0.7826 0.7856
27.6894 0.7829 0.7860
27.7094 0.7833 0.7864
27.7293 0.7837 0.7868
27.7493 0.7841 0.7872
27.7693 0.7845 0.7876
27.7893 0.7849 0.7880
27.8093 0.7853 0.7884
27.8292 0.7857 0.7889
27.8492 0.7862 0.7893
27.8692 0.7866 0.7898
27.8892 0.7870 0.7902
27.9091 0.7875 0.7907
27.9291 0.7879 0.7911
27.9491 0.7883 0.7916
27.9691 0.7888 0.7920
27.9891 0.7892 0.7925
28.0090 0.7897 0.7930
28.0290 0.7901 0.7934
28.0490 0.7905 0.7939
28.0690 0.7910 0.7943
28.0889 0.7914 0.7948
28.1089 0.7919 0.7952
28.1289 0.7923 0.7957
28.1489 0.7928 0.7961
28.1689 0.7932 0.7966
28.1888 0.7936 0.7970
28.2088 0.7941 0.7974
28.2288 0.7945 0.7978
28.2488 0.7949 0.7983
28.2687 0.7954 0.7987
28.2887 0.7958 0.7991
28.3087 0.7962 0.7995
28.3287 0.7967 0.7999
28.3487 0.7971 0.8003
28.3686 0.7975 0.8006
28.3886 0.7979 0.8010
28.4086 0.7983 0.8014
28.4286 0.7988 0.8018
28.4485 0.7992 0.8022
28.4685 0.7996 0.8026
28.4885 0.8000 0.8029
28.5085 0.8004 0.8033
28.5285 0.8008 0.8037
28.5484 0.8012 0.8041
28.5684 0.8016 0.8045
28.5884 0.8020 0.8048
28.6084 0.8024 0.8052
28.6284 0.8028 0.8056
28.6483 0.8032 0.8060
28.6683 0.8036 0.8063
28.6883 0.8040 0.8067
28.7083 0.8044 0.8071
28.7282 0.8048 0.8075
28.7482 0.8052 0.8078
28.7682 0.8056 0.8082
28.7882 0.8059 0.8086
28.8082 0.8063 0.8090
28.8281 0.8067 0.8094
28.8481 0.8071 0.8097
28.8681 0.8075 0.8101
28.8881 0.8078 0.8105
28.9080 0.8082 0.8109
28.9280 0.8086 0.8112
28.9480 0.8090 0.8116
28.9680 0.8093 0.8120
28.9880 0.8097 0.8123
29.0079 0.8101 0.8127
29.0279 0.8104 0.8130
29.0479 0.8108 0.8134
29.0679 0.8111 0.8138
29.0878 0.8115 0.8141
29.1078 0.8119 0.8145
29.1278 0.8122 0.8148
29.1478 0.8126 0.8152
29.1678 0.8129 0.8155
29.1877 0.8133 0.8159
29.2077 0.8136 0.8162
29.2277 0.8140 0.8165
29.2477 0.8143 0.8169
29.2676 0.8147 0.8172
29.2876 0.8150 0.8176
29.3076 0.8154 0.8179
29.3276 0.8157 0.8182
29.3476 0.8160 0.8186
29.3675 0.8164 0.8189
29.3875 0.8167 0.8193
29.4075 0.8171 0.8196
29.4275 0.8174 0.8199
29.4474 0.8178 0.8203
29.4674 0.8181 0.8206
29.4874 0.8184 0.8209
29.5074 0.8188 0.8213
29.5274 0.8191 0.8216
29.5473 0.8194 0.8219
29.5673 0.8198 0.8223
29.5873 0.8201 0.8226
29.6073 0.8204 0.8229
29.6272 0.8207 0.8232
29.6472 0.8211 0.8236
29.6672 0.8214 0.8239
29.6872 0.8217 0.8242
29.7072 0.8220 0.8245
29.7271 0.8223 0.8248
29.7471 0.8227 0.8251
29.7671 0.8230 0.8254
29.7871 0.8233 0.8258
29.8070 0.8236 0.8261
29.8270 0.8239 0.8264
29.8470 0.8242 0.8267
29.8670 0.8245 0.8270
29.8870 0.8248 0.8273
29.9069 0.8251 0.8276
29.9269 0.8255 0.8279
29.9469 0.8258 0.8282
29.9669 0.8261 0.8285
29.9868 0.8264 0.8288
30.0068 0.8267 0.8291
30.0268 0.8270 0.8294
30.0468 0.8273 0.8297
30.0668 0.8276 0.8300
30.0867 0.8279 0.8303
30.1067 0.8282 0.8306
30.1267 0.8285 0.8309
30.1467 0.8288 0.8311
30.1667 0.8291 0.8314
30.1866 0.8294 0.8317
30.2066 0.8297 0.8320
30.2266 0.8300 0.8323
30.2466 0.8303 0.8326
30.2665 0.8306 0.8329
30.2865 0.8309 0.8332
30.3065 0.8312 0.8335
30.3265 0.8315 0.8338
30.3465 0.8318 0.8341
30.3664 0.8321 0.8343
30.3864 0.8324 0.8346
30.4064 0.8327 0.8349
30.4264 0.8330 0.8352
30.4463 0.8332 0.8355
30.4663 0.8335 0.8358
30.4863 0.8338 0.8361
30.5063 0.8341 0.8363
30.5263 0.8344 0.8366
30.5462 0.8347 0.8369
30.5662 0.8349 0.8372
30.5862 0.8352 0.8375
30.6062 0.8355 0.8377
30.6261 0.8358 0.8380
30.6461 0.8361 0.8383
30.6661 0.8363 0.8386
30.6861 0.8366 0.8388
30.7061 0.8369 0.8391
30.7260 0.8372 0.8394
30.7460 0.8374 0.8396
30.7660 0.8377 0.8399
30.7860 0.8380 0.8402
30.8059 0.8383 0.8404
30.8259 0.8385 0.8407
30.8459 0.8388 0.8410
30.8659 0.8391 0.8412
30.8859 0.8393 0.8415
30.9058 0.8396 0.8418
30.9258 0.8399 0.8420
30.9458 0.8401 0.8423
30.9658 0.8404 0.8426
30.9857 0.8407 0.8428
31.0057 0.8409 0.8431
31.0257 0.8412 0.8433
31.0457 0.8415 0.8436
31.0657 0.8417 0.8439
31.0856 0.8420 0.8441
31.1056 0.8423 0.8444
31.1256 0.8425 0.8446
31.1456 0.8428 0.8449
31.1655 0.8431 0.8452
31.1855 0.8433 0.8454
31.2055 0.8436 0.8457
31.2255 0.8438 0.8459
31.2455 0.8441 0.8462
31.2654 0.8444 0.8464
31.2854 0.8446 0.8467
31.3054 0.8449 0.8469
31.3254 0.8451 0.8472
31.3453 0.8454 0.8474
31.3653 0.8456 0.8477
31.3853 0.8459 0.8479
31.4053 0.8461 0.8482
31.4253 0.8464 0.8484
31.4452 0.8466 0.8487
31.4652 0.8469 0.8489
31.4852 0.8471 0.8492
31.5052 0.8474 0.8494
31.5251 0.8476 0.8496
31.5451 0.8479 0.8499
31.5651 0.8481 0.8501
31.5851 0.8484 0.8504
31.6051 0.8486 0.8506
31.6250 0.8488 0.8508
31.6450 0.8491 0.8511
31.6650 0.8493 0.8513
31.6850 0.8496 0.8516
31.7049 0.8498 0.8518
31.7249 0.8501 0.8520
31.7449 0.8503 0.8523
31.7649 0.8505 0.8525
31.7849 0.8508 0.8527
31.8048 0.8510 0.8530
31.8248 0.8512 0.8532
31.8448 0.8515 0.8534
31.8648 0.8517 0.8537
31.8848 0.8519 0.8539
31.9047 0.8522 0.8541
31.9247 0.8524 0.8544
31.9447 0.8526 0.8546
31.9647 0.8529 0.8548
31.9846 0.8531 0.8550
32.0046 0.8533 0.8553
32.0246 0.8536 0.8555
32.0446 0.8538 0.8557
32.0646 0.8540 0.8559
32.0845 0.8543 0.8562
32.1045 0.8545 0.8564
32.1245 0.8547 0.8566
32.1445 0.8549 0.8568
32.1644 0.8552 0.8571
32.1844 0.8554 0.8573
32.2044 0.8556 0.8575
32.2244 0.8558 0.8577
32.2444 0.8561 0.8579
32.2643 0.8563 0.8582
32.2843 0.8565 0.8584
32.3043 0.8567 0.8586
32.3243 0.8570 0.8588
32.3442 0.8572 0.8590
32.3642 0.8574 0.8592
32.3842 0.8576 0.8595
32.4042 0.8578 0.8597
32.4242 0.8581 0.8599
32.4441 0.8583 0.8601
32.4641 0.8585 0.8603
32.4841 0.8587 0.8605
32.5041 0.8589 0.8607
32.5240 0.8592 0.8609
32.5440 0.8594 0.8611
32.5640 0.8596 0.8614
32.5840 0.8598 0.8616
32.6040 0.8600 0.8618
32.6239 0.8602 0.8620
32.6439 0.8605 0.8622
32.6639 0.8607 0.8624
32.6839 0.8609 0.8626
32.7038 0.8611 0.8628
32.7238 0.8613 0.8630
32.7438 0.8615 0.8632
32.7638 0.8617 0.8634
32.7838 0.8619 0.8636
32.8037 0.8621 0.8639
32.8237 0.8624 0.8641
32.8437 0.8626 0.8643
32.8637 0.8628 0.8645
32.8836 0.8630 0.8647
32.9036 0.8632 0.8649
32.9236 0.8634 0.8651
32.9436 0.8636 0.8653
32.9636 0.8638 0.8655
32.9835 0.8640 0.8657
33.0035 0.8642 0.8659
33.0235 0.8644 0.8661
33.0435 0.8646 0.8663
33.0634 0.8648 0.8665
33.0834 0.8650 0.8667
33.1034 0.8652 0.8669
33.1234 0.8654 0.8671
33.1434 0.8656 0.8673
33.1633 0.8658 0.8675
33.1833 0.8660 0.8677
33.2033 0.8662 0.8679
33.2233 0.8664 0.8681
33.2432 0.8666 0.8683
33.2632 0.8668 0.8685
33.2832 0.8670 0.8687
33.3032 0.8672 0.8689
33.3232 0.8674 0.8691
33.3431 0.8676 0.8693
33.3631 0.8678 0.8694
33.3831 0.8680 0.8696
33.4031 0.8682 0.8698
33.4231 0.8684 0.8700
33.4430 0.8686 0.8702
33.4630 0.8688 0.8704
33.4830 0.8690 0.8706
33.5030 0.8692 0.8708
33.5229 0.8694 0.8710
33.5429 0.8696 0.8712
33.5629 0.8697 0.8714
33.5829 0.8699 0.8715
33.6029 0.8701 0.8717
33.6228 0.8703 0.8719
33.6428 0.8705 0.8721
33.6628 0.8707 0.8723
33.6828 0.8709 0.8725
33.7027 0.8711 0.8727
33.7227 0.8713 0.8728
33.7427 0.8714 0.8730
33.7627 0.8716 0.8732
33.7827 0.8718 0.8734
33.8026 0.8720 0.8736
33.8226 0.8722 0.8738
33.8426 0.8724 0.8739
33.8626 0.8726 0.8741
33.8825 0.8727 0.8743
33.9025 0.8729 0.8745
33.9225 0.8731 0.8747
33.9425 0.8733 0.8748
33.9625 0.8735 0.8750
33.9824 0.8736 0.8752
34.0024 0.8738 0.8754
34.0224 0.8740 0.8756
34.0424 0.8742 0.8757
34.0623 0.8744 0.8759
34.0823 0.8745 0.8761
34.1023 0.8747 0.8763
34.1223 0.8749 0.8764
34.1423 0.8751 0.8766
34.1622 0.8753 0.8768
34.1822 0.8754 0.8770
34.2022 0.8756 0.8771
34.2222 0.8758 0.8773
34.2421 0.8760 0.8775
34.2621 0.8761 0.8777
34.2821 0.8763 0.8778
34.3021 0.8765 0.8780
34.3221 0.8767 0.8782
34.3420 0.8768 0.8783
34.3620 0.8770 0.8785
34.3820 0.8772 0.8787
34.4020 0.8774 0.8789
34.4219 0.8775 0.8790
34.4419 0.8777 0.8792
34.4619 0.8779 0.8794
34.4819 0.8780 0.8795
34.5019 0.8782 0.8797
34.5218 0.8784 0.8799
34.5418 0.8786 0.8800
34.5618 0.8787 0.8802
34.5818 0.8789 0.8804
34.6017 0.8791 0.8805
34.6217 0.8792 0.8807
34.6417 0.8794 0.8809
34.6617 0.8796 0.8810
34.6817 0.8797 0.8812
34.7016 0.8799 0.8814
34.7216 0.8801 0.8815
34.7416 0.8802 0.8817
34.7616 0.8804 0.8818
34.7815 0.8806 0.8820
34.8015 0.8807 0.8822
34.8215 0.8809 0.8823
34.8415 0.8810 0.8825
34.8615 0.8812 0.8827
34.8814 0.8814 0.8828
34.9014 0.8815 0.8830
34.9214 0.8817 0.8831
34.9414 0.8819 0.8833
34.9613 0.8820 0.8835
34.9813 0.8822 0.8836
35.0013 0.8823 0.8838
35.0213 0.8825 0.8839
35.0413 0.8827 0.8841
35.0612 0.8828 0.8842
35.0812 0.8830 0.8844
35.1012 0.8831 0.8846
35.1212 0.8833 0.8847
35.1412 0.8835 0.8849
35.1611 0.8836 0.8850
35.1811 0.8838 0.8852
35.2011 0.8839 0.8853
35.2211 0.8841 0.8855
35.2410 0.8842 0.8857
35.2610 0.8844 0.8858
35.2810 0.8846 0.8860
35.3010 0.8847 0.8861
35.3210 0.8849 0.8863
35.3409 0.8850 0.8864
35.3609 0.8852 0.8866
35.3809 0.8853 0.8867
35.4009 0.8855 0.8869
35.4208 0.8856 0.8870
35.4408 0.8858 0.8872
35.4608 0.8859 0.8873
35.4808 0.8861 0.8875
35.5008 0.8863 0.8876
35.5207 0.8864 0.8878
35.5407 0.8866 0.8879
35.5607 0.8867 0.8881
35.5807 0.8869 0.8882
35.6006 0.8870 0.8884
35.6206 0.8872 0.8885
35.6406 0.8873 0.8887
35.6606 0.8875 0.8888
35.6806 0.8876 0.8890
35.7005 0.8878 0.8891
35.7205 0.8879 0.8893
35.7405 0.8881 0.8894
35.7605 0.8882 0.8895
35.7804 0.8883 0.8897
35.8004 0.8885 0.8898
35.8204 0.8886 0.8900
35.8404 0.8888 0.8901
35.8604 0.8889 0.8903
35.8803 0.8891 0.8904
35.9003 0.8892 0.8906
35.9203 0.8894 0.8907
35.9403 0.8895 0.8908
35.9602 0.8897 0.8910
35.9802 0.8898 0.8911
36.0002 0.8900 0.8913
36.0202 0.8901 0.8914
36.0402 0.8902 0.8916
36.0601 0.8904 0.8917
36.0801 0.8905 0.8918
36.1001 0.8907 0.8920
36.1201 0.8908 0.8921
36.1400 0.8910 0.8923
36.1600 0.8911 0.8924
36.1800 0.8912 0.8925
36.2000 0.8914 0.8927
36.2200 0.8915 0.8928
36.2399 0.8917 0.8930
36.2599 0.8918 0.8931
36.2799 0.8919 0.8932
36.2999 0.8921 0.8934
36.3198 0.8922 0.8935
36.3398 0.8924 0.8936
36.3598 0.8925 0.8938
36.3798 0.8926 0.8939
36.3998 0.8928 0.8941
36.4197 0.8929 0.8942
36.4397 0.8930 0.8943
36.4597 0.8932 0.8945
36.4797 0.8933 0.8946
36.4996 0.8935 0.8947
36.5196 0.8936 0.8949
36.5396 0.8937 0.8950
36.5596 0.8939 0.8951
36.5796 0.8940 0.8953
36.5995 0.8941 0.8954
36.6195 0.8943 0.8955
36.6395 0.8944 0.8957
36.6595 0.8945 0.8958
36.6795 0.8947 0.8959
36.6994 0.8948 0.8961
36.7194 0.8949 0.8962
36.7394 0.8951 0.8963
36.7594 0.8952 0.8965
36.7793 0.8953 0.8966
36.7993 0.8955 0.8967
36.8193 0.8956 0.8969
36.8393 0.8957 0.8970
36.8593 0.8959 0.8971
36.8792 0.8960 0.8972
36.8992 0.8961 0.8974
36.9192 0.8963 0.8975
36.9392 0.8964 0.8976
36.9591 0.8965 0.8978
36.9791 0.8967 0.8979
36.9991 0.8968 0.8980
37.0191 0.8969 0.8981
37.0391 0.8970 0.8983
37.0590 0.8972 0.8984
37.0790 0.8973 0.8985
37.0990 0.8974 0.8987
37.1190 0.8976 0.8988
37.1389 0.8977 0.8989
37.1589 0.8978 0.8990
37.1789 0.8979 0.8992
37.1989 0.8981 0.8993
37.2189 0.8982 0.8994
37.2388 0.8983 0.8995
37.2588 0.8985 0.8997
37.2788 0.8986 0.8998
37.2988 0.8987 0.8999
37.3187 0.8988 0.9000
37.3387 0.8990 0.9002
37.3587 0.8991 0.9003
37.3787 0.8992 0.9004
37.3987 0.8993 0.9005
37.4186 0.8995 0.9006
37.4386 0.8996 0.9008
37.4586 0.8997 0.9009
37.4786 0.8998 0.9010
37.4985 0.9000 0.9011
37.5185 0.9001 0.9013
37.5385 0.9002 0.9014
37.5585 0.9003 0.9015
37.5785 0.9004 0.9016
37.5984 0.9006 0.9017
37.6184 0.9007 0.9019
37.6384 0.9008 0.9020
37.6584 0.9009 0.9021
37.6783 0.9011 0.9022
37.6983 0.9012 0.9023
37.7183 0.9013 0.9025
37.7383 0.9014 0.9026
37.7583 0.9015 0.9027
37.7782 0.9017 0.9028
37.7982 0.9018 0.9029
37.8182 0.9019 0.9031
37.8382 0.9020 0.9032
37.8581 0.9021 0.9033
37.8781 0.9023 0.9034
37.8981 0.9024 0.9035
37.9181 0.9025 0.9036
37.9381 0.9026 0.9038
37.9580 0.9027 0.9039
37.9780 0.9029 0.9040
37.9980 0.9030 0.9041
38.0180 0.9031 0.9042
38.0379 0.9032 0.9043
38.0579 0.9033 0.9045
38.0779 0.9034 0.9046
38.0979 0.9036 0.9047
38.1179 0.9037 0.9048
38.1378 0.9038 0.9049
38.1578 0.9039 0.9050
38.1778 0.9040 0.9051
38.1978 0.9041 0.9053
38.2177 0.9043 0.9054
38.2377 0.9044 0.9055
38.2577 0.9045 0.9056
38.2777 0.9046 0.9057
38.2977 0.9047 0.9058
38.3176 0.9048 0.9059
38.3376 0.9049 0.9061
38.3576 0.9051 0.9062
38.3776 0.9052 0.9063
38.3976 0.9053 0.9064
38.4175 0.9054 0.9065
38.4375 0.9055 0.9066
38.4575 0.9056 0.9067
38.4775 0.9057 0.9068
38.4974 0.9058 0.9069
38.5174 0.9060 0.9071
38.5374 0.9061 0.9072
38.5574 0.9062 0.9073
38.5774 0.9063 0.9074
38.5973 0.9064 0.9075
38.6173 0.9065 0.9076
38.6373 0.9066 0.9077
38.6573 0.9067 0.9078
38.6772 0.9068 0.9079
38.6972 0.9070 0.9080
38.7172 0.9071 0.9081
38.7372 0.9072 0.9083
38.7572 0.9073 0.9084
38.7771 0.9074 0.9085
38.7971 0.9075 0.9086
38.8171 0.9076 0.9087
38.8371 0.9077 0.9088
38.8570 0.9078 0.9089
38.8770 0.9079 0.9090
38.8970 0.9080 0.9091
38.9170 0.9082 0.9092
38.9370 0.9083 0.9093
38.9569 0.9084 0.9094
38.9769 0.9085 0.9095
38.9969 0.9086 0.9096
39.0169 0.9087 0.9097
39.0368 0.9088 0.9099
39.0568 0.9089 0.9100
39.0768 0.9090 0.9101
39.0968 0.9091 0.9102
39.1168 0.9092 0.9103
39.1367 0.9093 0.9104
39.1567 0.9094 0.9105
39.1767 0.9095 0.9106
39.1967 0.9096 0.9107
39.2166 0.9097 0.9108
39.2366 0.9099 0.9109
39.2566 0.9100 0.9110
39.2766 0.9101 0.9111
39.2966 0.9102 0.9112
39.3165 0.9103 0.9113
39.3365 0.9104 0.9114
39.3565 0.9105 0.9115
39.3765 0.9106 0.9116
39.3964 0.9107 0.9117
39.4164 0.9108 0.9118
39.4364 0.9109 0.9119
39.4564 0.9110 0.9120
39.4764 0.9111 0.9121
39.4963 0.9112 0.9122
39.5163 0.9113 0.9123
39.5363 0.9114 0.9124
39.5563 0.9115 0.9125
39.5762 0.9116 0.9126
39.5962 0.9117 0.9127
39.6162 0.9118 0.9128
39.6362 0.9119 0.9129
39.6562 0.9120 0.9130
39.6761 0.9121 0.9131
39.6961 0.9122 0.9132
39.7161 0.9123 0.9133
39.7361 0.9124 0.9134
39.7560 0.9125 0.9135
39.7760 0.9126 0.9136
39.7960 0.9127 0.9137
39.8160 0.9128 0.9138
39.8360 0.9129 0.9139
39.8559 0.9130 0.9140
39.8759 0.9131 0.9141
39.8959 0.9132 0.9142
39.9159 0.9133 0.9143
39.9359 0.9134 0.9144
