0.0000 17.5623 24.0542
0.0183 17.4985 23.9408
0.0365 17.3091 23.6046
0.0548 16.9996 23.0565
0.0730 16.5788 22.3144
0.0913 16.0588 21.4018
0.1095 15.4533 20.3465
0.1278 14.7782 19.1794
0.1461 14.0498 17.9325
0.1643 13.2848 16.6378
0.1826 12.4990 15.3258
0.2008 11.7074 14.0243
0.2191 10.9232 12.7575
0.2373 10.1578 11.5456
0.2556 9.4205 10.4042
0.2739 8.7185 9.3446
0.2921 8.0572 8.3739
0.3104 7.4399 7.4954
0.3286 6.8683 6.7089
0.3469 6.3428 6.0116
0.3651 5.8628 5.3989
0.3834 5.4265 4.8642
0.4017 5.0317 4.4004
0.4199 4.6760 3.9995
0.4382 4.3565 3.6536
0.4564 4.0701 3.3551
0.4747 3.8139 3.0968
0.4929 3.5852 2.8720
0.5112 3.3810 2.6749
0.5295 3.1988 2.5005
0.5477 3.0362 2.3444
0.5660 2.8909 2.2031
0.5842 2.7608 2.0738
0.6025 2.6441 1.9545
0.6207 2.5391 1.8436
0.6390 2.4444 1.7399
0.6573 2.3587 1.6430
0.6755 2.2809 1.5522
0.6938 2.2101 1.4676
0.7120 2.1455 1.3889
0.7303 2.0865 1.3164
0.7485 2.0325 1.2500
0.7668 1.9831 1.1897
0.7851 1.9379 1.1355
0.8033 1.8966 1.0872
0.8216 1.8587 1.0446
0.8398 1.8239 1.0074
0.8581 1.7918 0.9754
0.8763 1.7622 0.9479
0.8946 1.7346 0.9246
0.9128 1.7087 0.9049
0.9311 1.6841 0.8884
0.9494 1.6606 0.8746
0.9676 1.6379 0.8629
0.9859 1.6158 0.8530
1.0041 1.5941 0.8445
1.0224 1.5727 0.8370
1.0406 1.5515 0.8304
1.0589 1.5305 0.8243
1.0772 1.5096 0.8186
1.0954 1.4889 0.8134
1.1137 1.4681 0.8085
1.1319 1.4474 0.8039
1.1502 1.4266 0.7997
1.1684 1.4057 0.7959
1.1867 1.3845 0.7926
1.2050 1.3629 0.7899
1.2232 1.3409 0.7879
1.2415 1.3185 0.7866
1.2597 1.2957 0.7861
1.2780 1.2725 0.7865
1.2962 1.2490 0.7877
1.3145 1.2255 0.7899
1.3328 1.2021 0.7930
1.3510 1.1793 0.7970
1.3693 1.1572 0.8018
1.3875 1.1362 0.8075
1.4058 1.1166 0.8139
1.4240 1.0988 0.8209
1.4423 1.0829 0.8285
1.4606 1.0692 0.8364
1.4788 1.0578 0.8446
1.4971 1.0488 0.8528
1.5153 1.0423 0.8610
1.5336 1.0381 0.8690
1.5518 1.0361 0.8766
1.5701 1.0362 0.8837
1.5884 1.0381 0.8902
1.6066 1.0417 0.8960
1.6249 1.0466 0.9010
1.6431 1.0526 0.9051
1.6614 1.0593 0.9084
1.6796 1.0665 0.9109
1.6979 1.0737 0.9125
1.7162 1.0808 0.9134
1.7344 1.0874 0.9136
1.7527 1.0932 0.9133
1.7709 1.0979 0.9124
1.7892 1.1012 0.9112
1.8074 1.1029 0.9096
1.8257 1.1028 0.9078
1.8440 1.1006 0.9059
1.8622 1.0962 0.9038
1.8805 1.0896 0.9016
1.8987 1.0807 0.8994
1.9170 1.0696 0.8970
1.9352 1.0564 0.8945
1.9535 1.0412 0.8919
1.9718 1.0243 0.8891
1.9900 1.0060 0.8860
2.0083 0.9867 0.8826
2.0265 0.9668 0.8787
2.0448 0.9468 0.8743
2.0630 0.9270 0.8694
2.0813 0.9079 0.8638
2.0996 0.8899 0.8574
2.1178 0.8734 0.8504
2.1361 0.8587 0.8425
2.1543 0.8459 0.8338
2.1726 0.8353 0.8243
2.1908 0.8269 0.8140
2.2091 0.8206 0.8031
2.2274 0.8163 0.7916
2.2456 0.8138 0.7796
2.2639 0.8128 0.7673
2.2821 0.8131 0.7549
2.3004 0.8144 0.7426
2.3186 0.8162 0.7306
2.3369 0.8184 0.7191
2.3552 0.8205 0.7082
2.3734 0.8224 0.6982
2.3917 0.8238 0.6891
2.4099 0.8246 0.6812
2.4282 0.8247 0.6743
2.4464 0.8240 0.6686
2.4647 0.8226 0.6640
2.4830 0.8205 0.6604
2.5012 0.8178 0.6578
2.5195 0.8147 0.6560
2.5377 0.8113 0.6549
2.5560 0.8078 0.6544
2.5742 0.8043 0.6542
2.5925 0.8010 0.6544
2.6108 0.7980 0.6547
2.6290 0.7953 0.6551
2.6473 0.7932 0.6555
2.6655 0.7915 0.6559
2.6838 0.7902 0.6561
2.7020 0.7894 0.6562
2.7203 0.7890 0.6561
2.7385 0.7888 0.6559
2.7568 0.7889 0.6555
2.7751 0.7890 0.6548
2.7933 0.7892 0.6539
2.8116 0.7892 0.6528
2.8298 0.7891 0.6514
2.8481 0.7888 0.6498
2.8663 0.7882 0.6479
2.8846 0.7874 0.6458
2.9029 0.7864 0.6433
2.9211 0.7852 0.6407
2.9394 0.7839 0.6378
2.9576 0.7825 0.6346
2.9759 0.7813 0.6314
2.9941 0.7802 0.6280
3.0124 0.7794 0.6245
3.0307 0.7790 0.6211
3.0489 0.7789 0.6177
3.0672 0.7793 0.6144
3.0854 0.7800 0.6113
3.1037 0.7812 0.6085
3.1219 0.7828 0.6060
3.1402 0.7845 0.6037
3.1585 0.7864 0.6018
3.1767 0.7882 0.6003
3.1950 0.7898 0.5990
3.2132 0.7909 0.5981
3.2315 0.7915 0.5973
3.2497 0.7912 0.5968
3.2680 0.7901 0.5965
3.2863 0.7878 0.5962
3.3045 0.7844 0.5959
3.3228 0.7798 0.5956
3.3410 0.7739 0.5953
3.3593 0.7668 0.5950
3.3775 0.7586 0.5946
3.3958 0.7495 0.5941
3.4141 0.7396 0.5936
3.4323 0.7291 0.5931
3.4506 0.7183 0.5927
3.4688 0.7074 0.5923
3.4871 0.6966 0.5921
3.5053 0.6862 0.5921
3.5236 0.6765 0.5923
3.5419 0.6676 0.5927
3.5601 0.6596 0.5933
3.5784 0.6528 0.5941
3.5966 0.6471 0.5951
3.6149 0.6426 0.5963
3.6331 0.6393 0.5976
3.6514 0.6370 0.5990
3.6697 0.6358 0.6005
3.6879 0.6354 0.6019
3.7062 0.6357 0.6034
3.7244 0.6365 0.6048
3.7427 0.6377 0.6062
3.7609 0.6391 0.6075
3.7792 0.6406 0.6088
3.7975 0.6419 0.6101
3.8157 0.6430 0.6113
3.8340 0.6437 0.6126
3.8522 0.6440 0.6139
3.8705 0.6438 0.6153
3.8887 0.6430 0.6168
3.9070 0.6417 0.6184
3.9253 0.6397 0.6201
3.9435 0.6372 0.6219
3.9618 0.6342 0.6239
3.9800 0.6306 0.6259
3.9983 0.6267 0.6280
4.0165 0.6224 0.6302
4.0348 0.6179 0.6323
4.0531 0.6132 0.6346
4.0713 0.6084 0.6368
4.0896 0.6037 0.6389
4.1078 0.5991 0.6410
4.1261 0.5948 0.6430
4.1443 0.5908 0.6448
4.1626 0.5873 0.6465
4.1809 0.5842 0.6481
4.1991 0.5817 0.6494
4.2174 0.5798 0.6504
4.2356 0.5785 0.6513
4.2539 0.5777 0.6518
4.2721 0.5776 0.6520
4.2904 0.5781 0.6520
4.3087 0.5792 0.6516
4.3269 0.5808 0.6509
4.3452 0.5829 0.6500
4.3634 0.5854 0.6489
4.3817 0.5883 0.6475
4.3999 0.5916 0.6460
4.4182 0.5953 0.6444
4.4365 0.5992 0.6428
4.4547 0.6035 0.6413
4.4730 0.6080 0.6398
4.4912 0.6127 0.6385
4.5095 0.6176 0.6375
4.5277 0.6227 0.6368
4.5460 0.6279 0.6364
4.5642 0.6332 0.6363
4.5825 0.6385 0.6366
4.6008 0.6437 0.6374
4.6190 0.6488 0.6385
4.6373 0.6538 0.6400
4.6555 0.6584 0.6419
4.6738 0.6626 0.6442
4.6920 0.6664 0.6468
4.7103 0.6697 0.6497
4.7286 0.6724 0.6528
4.7468 0.6745 0.6562
4.7651 0.6760 0.6597
4.7833 0.6769 0.6634
4.8016 0.6772 0.6671
4.8198 0.6769 0.6710
4.8381 0.6761 0.6749
4.8564 0.6750 0.6788
4.8746 0.6735 0.6827
4.8929 0.6718 0.6865
4.9111 0.6701 0.6903
4.9294 0.6683 0.6941
4.9476 0.6667 0.6978
4.9659 0.6653 0.7014
4.9842 0.6641 0.7049
5.0024 0.6634 0.7083
5.0207 0.6631 0.7116
5.0389 0.6633 0.7148
5.0572 0.6639 0.7179
5.0754 0.6650 0.7208
5.0937 0.6666 0.7236
5.1120 0.6686 0.7263
5.1302 0.6710 0.7288
5.1485 0.6737 0.7311
5.1667 0.6767 0.7333
5.1850 0.6800 0.7353
5.2032 0.6835 0.7371
5.2215 0.6871 0.7387
5.2398 0.6908 0.7401
5.2580 0.6945 0.7412
5.2763 0.6983 0.7422
5.2945 0.7021 0.7430
5.3128 0.7058 0.7436
5.3310 0.7094 0.7440
5.3493 0.7129 0.7442
5.3676 0.7163 0.7443
5.3858 0.7196 0.7443
5.4041 0.7226 0.7441
5.4223 0.7255 0.7439
5.4406 0.7281 0.7436
5.4588 0.7304 0.7433
5.4771 0.7325 0.7430
5.4954 0.7343 0.7428
5.5136 0.7357 0.7427
5.5319 0.7368 0.7426
5.5501 0.7376 0.7427
5.5684 0.7380 0.7429
5.5866 0.7381 0.7433
5.6049 0.7380 0.7438
5.6232 0.7376 0.7445
5.6414 0.7369 0.7453
5.6597 0.7361 0.7462
5.6779 0.7352 0.7472
5.6962 0.7341 0.7484
5.7144 0.7330 0.7496
5.7327 0.7319 0.7510
5.7510 0.7309 0.7524
5.7692 0.7299 0.7539
5.7875 0.7290 0.7555
5.8057 0.7283 0.7572
5.8240 0.7276 0.7590
5.8422 0.7272 0.7608
5.8605 0.7269 0.7627
5.8788 0.7267 0.7647
5.8970 0.7267 0.7667
5.9153 0.7269 0.7687
5.9335 0.7272 0.7707
5.9518 0.7276 0.7726
5.9700 0.7282 0.7744
5.9883 0.7289 0.7761
6.0066 0.7297 0.7776
6.0248 0.7306 0.7789
6.0431 0.7316 0.7798
6.0613 0.7328 0.7805
6.0796 0.7340 0.7808
6.0978 0.7353 0.7807
6.1161 0.7366 0.7802
6.1344 0.7380 0.7793
6.1526 0.7394 0.7779
6.1709 0.7408 0.7762
6.1891 0.7422 0.7741
6.2074 0.7436 0.7717
6.2256 0.7450 0.7690
6.2439 0.7463 0.7660
6.2621 0.7476 0.7628
6.2804 0.7488 0.7595
6.2987 0.7500 0.7561
6.3169 0.7511 0.7526
6.3352 0.7522 0.7491
6.3534 0.7533 0.7457
6.3717 0.7543 0.7423
6.3899 0.7553 0.7390
6.4082 0.7562 0.7358
6.4265 0.7571 0.7328
6.4447 0.7580 0.7299
6.4630 0.7589 0.7272
6.4812 0.7598 0.7246
6.4995 0.7607 0.7224
6.5177 0.7616 0.7203
6.5360 0.7625 0.7186
6.5543 0.7634 0.7172
6.5725 0.7643 0.7161
6.5908 0.7652 0.7154
6.6090 0.7661 0.7150
6.6273 0.7671 0.7151
6.6455 0.7680 0.7155
6.6638 0.7689 0.7163
6.6821 0.7698 0.7175
6.7003 0.7707 0.7190
6.7186 0.7716 0.7208
6.7368 0.7725 0.7228
6.7551 0.7733 0.7250
6.7733 0.7741 0.7274
6.7916 0.7749 0.7298
6.8099 0.7757 0.7323
6.8281 0.7765 0.7347
6.8464 0.7772 0.7371
6.8646 0.7780 0.7394
6.8829 0.7787 0.7416
6.9011 0.7794 0.7437
6.9194 0.7801 0.7456
6.9377 0.7808 0.7474
6.9559 0.7815 0.7491
6.9742 0.7821 0.7507
6.9924 0.7827 0.7522
7.0107 0.7832 0.7537
7.0289 0.7837 0.7551
7.0472 0.7841 0.7565
7.0655 0.7844 0.7578
7.0837 0.7845 0.7592
7.1020 0.7846 0.7607
7.1202 0.7845 0.7621
7.1385 0.7843 0.7636
7.1567 0.7840 0.7650
7.1750 0.7835 0.7665
7.1933 0.7829 0.7681
7.2115 0.7821 0.7695
7.2298 0.7812 0.7710
7.2480 0.7802 0.7724
7.2663 0.7791 0.7738
7.2845 0.7779 0.7751
7.3028 0.7767 0.7763
7.3211 0.7754 0.7773
7.3393 0.7741 0.7783
7.3576 0.7729 0.7790
7.3758 0.7716 0.7797
7.3941 0.7705 0.7801
7.4123 0.7694 0.7803
7.4306 0.7685 0.7804
7.4489 0.7676 0.7803
7.4671 0.7670 0.7799
7.4854 0.7664 0.7794
7.5036 0.7661 0.7787
7.5219 0.7659 0.7779
7.5401 0.7659 0.7769
7.5584 0.7661 0.7757
7.5767 0.7664 0.7745
7.5949 0.7669 0.7732
7.6132 0.7675 0.7719
7.6314 0.7682 0.7705
7.6497 0.7690 0.7691
7.6679 0.7698 0.7678
7.6862 0.7706 0.7665
7.7045 0.7714 0.7653
7.7227 0.7722 0.7641
7.7410 0.7729 0.7630
7.7592 0.7736 0.7621
7.7775 0.7741 0.7612
7.7957 0.7745 0.7604
7.8140 0.7748 0.7597
7.8323 0.7750 0.7591
7.8505 0.7752 0.7586
7.8688 0.7752 0.7582
7.8870 0.7752 0.7578
7.9053 0.7752 0.7575
7.9235 0.7751 0.7573
7.9418 0.7751 0.7571
7.9601 0.7751 0.7569
7.9783 0.7751 0.7568
7.9966 0.7752 0.7567
8.0148 0.7754 0.7566
8.0331 0.7756 0.7564
8.0513 0.7758 0.7563
8.0696 0.7761 0.7561
8.0878 0.7764 0.7558
8.1061 0.7767 0.7555
8.1244 0.7769 0.7550
8.1426 0.7772 0.7545
8.1609 0.7773 0.7538
8.1791 0.7774 0.7530
8.1974 0.7775 0.7520
8.2156 0.7774 0.7510
8.2339 0.7773 0.7498
8.2522 0.7771 0.7485
8.2704 0.7768 0.7471
8.2887 0.7765 0.7457
8.3069 0.7761 0.7443
8.3252 0.7756 0.7429
8.3434 0.7752 0.7416
8.3617 0.7747 0.7404
8.3800 0.7742 0.7393
8.3982 0.7737 0.7384
8.4165 0.7732 0.7377
8.4347 0.7727 0.7371
8.4530 0.7723 0.7368
8.4712 0.7719 0.7367
8.4895 0.7716 0.7367
8.5078 0.7713 0.7370
8.5260 0.7711 0.7374
8.5443 0.7710 0.7379
8.5625 0.7710 0.7386
8.5808 0.7711 0.7393
8.5990 0.7713 0.7401
8.6173 0.7716 0.7409
8.6356 0.7721 0.7417
8.6538 0.7726 0.7426
8.6721 0.7732 0.7434
8.6903 0.7738 0.7441
8.7086 0.7746 0.7448
8.7268 0.7754 0.7455
8.7451 0.7762 0.7461
8.7634 0.7771 0.7466
8.7816 0.7779 0.7471
8.7999 0.7788 0.7476
8.8181 0.7795 0.7480
8.8364 0.7802 0.7485
8.8546 0.7809 0.7488
8.8729 0.7814 0.7492
8.8912 0.7817 0.7496
8.9094 0.7820 0.7499
8.9277 0.7821 0.7502
8.9459 0.7821 0.7506
8.9642 0.7819 0.7509
8.9824 0.7816 0.7511
9.0007 0.7811 0.7514
9.0190 0.7804 0.7517
9.0372 0.7797 0.7519
9.0555 0.7788 0.7521
9.0737 0.7778 0.7523
9.0920 0.7767 0.7524
9.1102 0.7756 0.7525
9.1285 0.7743 0.7526
9.1468 0.7730 0.7526
9.1650 0.7717 0.7526
9.1833 0.7704 0.7525
9.2015 0.7690 0.7523
9.2198 0.7676 0.7521
9.2380 0.7663 0.7517
9.2563 0.7650 0.7512
9.2746 0.7638 0.7506
9.2928 0.7626 0.7499
9.3111 0.7615 0.7490
9.3293 0.7605 0.7480
9.3476 0.7597 0.7468
9.3658 0.7590 0.7456
9.3841 0.7584 0.7442
9.4024 0.7579 0.7428
9.4206 0.7577 0.7414
9.4389 0.7575 0.7400
9.4571 0.7576 0.7386
9.4754 0.7577 0.7373
9.4936 0.7580 0.7361
9.5119 0.7583 0.7350
9.5302 0.7588 0.7341
9.5484 0.7593 0.7334
9.5667 0.7598 0.7329
9.5849 0.7604 0.7326
9.6032 0.7609 0.7324
9.6214 0.7613 0.7324
9.6397 0.7617 0.7325
9.6580 0.7621 0.7328
9.6762 0.7623 0.7332
9.6945 0.7625 0.7336
9.7127 0.7626 0.7340
9.7310 0.7626 0.7344
9.7492 0.7625 0.7348
9.7675 0.7623 0.7352
9.7858 0.7621 0.7355
9.8040 0.7619 0.7358
9.8223 0.7616 0.7359
9.8405 0.7613 0.7360
9.8588 0.7611 0.7361
9.8770 0.7608 0.7361
9.8953 0.7606 0.7361
9.9135 0.7604 0.7360
9.9318 0.7602 0.7360
9.9501 0.7600 0.7360
9.9683 0.7599 0.7361
9.9866 0.7599 0.7362
10.0048 0.7598 0.7364
10.0231 0.7598 0.7367
10.0413 0.7599 0.7370
10.0596 0.7599 0.7375
10.0779 0.7600 0.7381
10.0961 0.7601 0.7387
10.1144 0.7603 0.7394
10.1326 0.7605 0.7402
10.1509 0.7607 0.7410
10.1691 0.7609 0.7419
10.1874 0.7611 0.7427
10.2057 0.7614 0.7435
10.2239 0.7616 0.7443
10.2422 0.7619 0.7451
10.2604 0.7622 0.7457
10.2787 0.7624 0.7463
10.2969 0.7626 0.7468
10.3152 0.7628 0.7471
10.3335 0.7630 0.7473
10.3517 0.7631 0.7474
10.3700 0.7632 0.7474
10.3882 0.7632 0.7473
10.4065 0.7633 0.7471
10.4247 0.7632 0.7467
10.4430 0.7632 0.7463
10.4613 0.7631 0.7457
10.4795 0.7630 0.7451
10.4978 0.7629 0.7444
10.5160 0.7628 0.7437
10.5343 0.7627 0.7429
10.5525 0.7625 0.7421
10.5708 0.7624 0.7413
10.5891 0.7622 0.7404
10.6073 0.7620 0.7396
10.6256 0.7617 0.7387
10.6438 0.7615 0.7379
10.6621 0.7611 0.7371
10.6803 0.7608 0.7363
10.6986 0.7604 0.7355
10.7169 0.7599 0.7348
10.7351 0.7594 0.7341
10.7534 0.7589 0.7334
10.7716 0.7583 0.7328
10.7899 0.7578 0.7323
10.8081 0.7571 0.7318
10.8264 0.7565 0.7313
10.8447 0.7559 0.7309
10.8629 0.7553 0.7306
10.8812 0.7547 0.7304
10.8994 0.7541 0.7302
10.9177 0.7536 0.7301
10.9359 0.7531 0.7301
10.9542 0.7526 0.7302
10.9725 0.7521 0.7303
10.9907 0.7517 0.7305
11.0090 0.7513 0.7307
11.0272 0.7510 0.7310
11.0455 0.7507 0.7313
11.0637 0.7504 0.7316
11.0820 0.7502 0.7320
11.1003 0.7500 0.7324
11.1185 0.7498 0.7328
11.1368 0.7498 0.7332
11.1550 0.7497 0.7336
11.1733 0.7497 0.7341
11.1915 0.7498 0.7345
11.2098 0.7499 0.7349
11.2281 0.7501 0.7353
11.2463 0.7504 0.7357
11.2646 0.7507 0.7361
11.2828 0.7511 0.7366
11.3011 0.7515 0.7370
11.3193 0.7520 0.7374
11.3376 0.7525 0.7378
11.3559 0.7530 0.7381
11.3741 0.7535 0.7385
11.3924 0.7539 0.7389
11.4106 0.7544 0.7393
11.4289 0.7548 0.7397
11.4471 0.7552 0.7401
11.4654 0.7556 0.7405
11.4837 0.7559 0.7409
11.5019 0.7561 0.7413
11.5202 0.7563 0.7417
11.5384 0.7565 0.7421
11.5567 0.7566 0.7425
11.5749 0.7567 0.7430
11.5932 0.7568 0.7434
11.6115 0.7568 0.7439
11.6297 0.7569 0.7443
11.6480 0.7570 0.7448
11.6662 0.7570 0.7452
11.6845 0.7572 0.7456
11.7027 0.7573 0.7460
11.7210 0.7575 0.7464
11.7392 0.7577 0.7467
11.7575 0.7580 0.7471
11.7758 0.7583 0.7474
11.7940 0.7586 0.7477
11.8123 0.7590 0.7480
11.8305 0.7594 0.7483
11.8488 0.7598 0.7486
11.8670 0.7601 0.7489
11.8853 0.7605 0.7492
11.9036 0.7608 0.7495
11.9218 0.7612 0.7497
11.9401 0.7614 0.7500
11.9583 0.7617 0.7503
11.9766 0.7618 0.7505
11.9948 0.7620 0.7508
12.0131 0.7621 0.7511
12.0314 0.7621 0.7513
12.0496 0.7621 0.7515
12.0679 0.7621 0.7518
12.0861 0.7620 0.7520
12.1044 0.7619 0.7522
12.1226 0.7618 0.7524
12.1409 0.7617 0.7526
12.1592 0.7616 0.7528
12.1774 0.7616 0.7530
12.1957 0.7615 0.7532
12.2139 0.7616 0.7534
12.2322 0.7616 0.7536
12.2504 0.7618 0.7538
12.2687 0.7620 0.7540
12.2870 0.7622 0.7542
12.3052 0.7625 0.7545
12.3235 0.7629 0.7548
12.3417 0.7634 0.7551
12.3600 0.7639 0.7554
12.3782 0.7644 0.7558
12.3965 0.7650 0.7562
12.4148 0.7657 0.7567
12.4330 0.7663 0.7572
12.4513 0.7670 0.7577
12.4695 0.7677 0.7583
12.4878 0.7684 0.7589
12.5060 0.7691 0.7596
12.5243 0.7697 0.7603
12.5426 0.7704 0.7610
12.5608 0.7710 0.7618
12.5791 0.7715 0.7625
12.5973 0.7720 0.7634
12.6156 0.7725 0.7642
12.6338 0.7729 0.7650
12.6521 0.7733 0.7659
12.6704 0.7737 0.7668
12.6886 0.7740 0.7676
12.7069 0.7743 0.7685
12.7251 0.7746 0.7694
12.7434 0.7748 0.7702
12.7616 0.7751 0.7711
12.7799 0.7753 0.7719
12.7982 0.7756 0.7728
12.8164 0.7758 0.7736
12.8347 0.7761 0.7744
12.8529 0.7764 0.7752
12.8712 0.7767 0.7760
12.8894 0.7771 0.7768
12.9077 0.7775 0.7776
12.9260 0.7779 0.7784
12.9442 0.7784 0.7791
12.9625 0.7789 0.7799
12.9807 0.7794 0.7806
12.9990 0.7800 0.7814
13.0172 0.7806 0.7821
13.0355 0.7812 0.7828
13.0538 0.7818 0.7835
13.0720 0.7824 0.7842
13.0903 0.7830 0.7848
13.1085 0.7836 0.7855
13.1268 0.7842 0.7861
13.1450 0.7847 0.7867
13.1633 0.7852 0.7873
13.1816 0.7857 0.7878
13.1998 0.7861 0.7884
13.2181 0.7865 0.7889
13.2363 0.7869 0.7894
13.2546 0.7872 0.7899
13.2728 0.7875 0.7904
13.2911 0.7877 0.7909
13.3094 0.7879 0.7914
13.3276 0.7882 0.7919
13.3459 0.7884 0.7923
13.3641 0.7886 0.7928
13.3824 0.7888 0.7933
13.4006 0.7890 0.7937
13.4189 0.7893 0.7942
13.4371 0.7895 0.7946
13.4554 0.7898 0.7951
13.4737 0.7901 0.7955
13.4919 0.7905 0.7959
13.5102 0.7909 0.7963
13.5284 0.7913 0.7967
13.5467 0.7917 0.7971
13.5649 0.7922 0.7975
13.5832 0.7927 0.7979
13.6015 0.7932 0.7982
13.6197 0.7937 0.7986
13.6380 0.7943 0.7989
13.6562 0.7949 0.7993
13.6745 0.7955 0.7996
13.6927 0.7961 0.8000
13.7110 0.7968 0.8004
13.7293 0.7974 0.8008
13.7475 0.7981 0.8012
13.7658 0.7988 0.8016
13.7840 0.7995 0.8020
13.8023 0.8002 0.8024
13.8205 0.8009 0.8029
13.8388 0.8016 0.8033
13.8571 0.8023 0.8038
13.8753 0.8029 0.8043
13.8936 0.8036 0.8047
13.9118 0.8042 0.8052
13.9301 0.8049 0.8056
13.9483 0.8055 0.8060
13.9666 0.8060 0.8064
13.9849 0.8065 0.8068
14.0031 0.8070 0.8072
14.0214 0.8075 0.8075
14.0396 0.8079 0.8079
14.0579 0.8083 0.8082
14.0761 0.8087 0.8085
14.0944 0.8090 0.8088
14.1127 0.8093 0.8091
14.1309 0.8095 0.8093
14.1492 0.8098 0.8096
14.1674 0.8100 0.8099
14.1857 0.8102 0.8101
14.2039 0.8104 0.8104
14.2222 0.8107 0.8107
14.2405 0.8109 0.8110
14.2587 0.8111 0.8112
14.2770 0.8113 0.8116
14.2952 0.8116 0.8119
14.3135 0.8118 0.8122
14.3317 0.8121 0.8126
14.3500 0.8124 0.8129
14.3683 0.8127 0.8133
14.3865 0.8130 0.8137
14.4048 0.8133 0.8142
14.4230 0.8136 0.8146
14.4413 0.8140 0.8150
14.4595 0.8143 0.8155
14.4778 0.8146 0.8160
14.4961 0.8150 0.8165
14.5143 0.8153 0.8170
14.5326 0.8156 0.8175
14.5508 0.8160 0.8180
14.5691 0.8163 0.8186
14.5873 0.8166 0.8191
14.6056 0.8170 0.8196
14.6239 0.8173 0.8202
14.6421 0.8177 0.8207
14.6604 0.8180 0.8212
14.6786 0.8184 0.8217
14.6969 0.8188 0.8222
14.7151 0.8191 0.8227
14.7334 0.8195 0.8232
14.7517 0.8199 0.8237
14.7699 0.8203 0.8241
14.7882 0.8207 0.8245
14.8064 0.8211 0.8249
14.8247 0.8216 0.8253
14.8429 0.8220 0.8257
14.8612 0.8224 0.8260
14.8795 0.8229 0.8263
14.8977 0.8233 0.8266
14.9160 0.8237 0.8269
14.9342 0.8241 0.8271
14.9525 0.8245 0.8274
14.9707 0.8250 0.8276
14.9890 0.8254 0.8278
15.0073 0.8257 0.8280
15.0255 0.8261 0.8282
15.0438 0.8265 0.8284
15.0620 0.8269 0.8286
15.0803 0.8272 0.8288
15.0985 0.8276 0.8290
15.1168 0.8279 0.8292
15.1351 0.8282 0.8294
15.1533 0.8285 0.8297
15.1716 0.8288 0.8299
15.1898 0.8291 0.8301
15.2081 0.8293 0.8303
15.2263 0.8296 0.8305
15.2446 0.8298 0.8307
15.2628 0.8301 0.8309
15.2811 0.8303 0.8311
15.2994 0.8305 0.8313
15.3176 0.8307 0.8315
15.3359 0.8310 0.8316
15.3541 0.8312 0.8318
15.3724 0.8314 0.8320
15.3906 0.8316 0.8321
15.4089 0.8319 0.8323
15.4272 0.8321 0.8324
15.4454 0.8323 0.8326
15.4637 0.8326 0.8328
15.4819 0.8328 0.8330
15.5002 0.8331 0.8332
15.5184 0.8334 0.8334
15.5367 0.8337 0.8336
15.5550 0.8340 0.8339
15.5732 0.8342 0.8342
15.5915 0.8345 0.8345
15.6097 0.8348 0.8348
15.6280 0.8351 0.8351
15.6462 0.8354 0.8354
15.6645 0.8357 0.8358
15.6828 0.8359 0.8361
15.7010 0.8362 0.8365
15.7193 0.8365 0.8368
15.7375 0.8368 0.8372
15.7558 0.8371 0.8375
15.7740 0.8373 0.8378
15.7923 0.8376 0.8382
15.8106 0.8379 0.8385
15.8288 0.8382 0.8388
15.8471 0.8385 0.8391
15.8653 0.8387 0.8394
15.8836 0.8390 0.8397
15.9018 0.8393 0.8400
15.9201 0.8396 0.8403
15.9384 0.8399 0.8406
15.9566 0.8402 0.8409
15.9749 0.8404 0.8412
15.9931 0.8407 0.8415
16.0114 0.8410 0.8418
16.0296 0.8412 0.8421
16.0479 0.8415 0.8424
16.0662 0.8418 0.8427
16.0844 0.8420 0.8430
16.1027 0.8423 0.8433
16.1209 0.8425 0.8436
16.1392 0.8427 0.8439
16.1574 0.8430 0.8442
16.1757 0.8432 0.8445
16.1940 0.8435 0.8448
16.2122 0.8437 0.8451
16.2305 0.8440 0.8454
16.2487 0.8442 0.8457
16.2670 0.8445 0.8459
16.2852 0.8447 0.8462
16.3035 0.8450 0.8465
16.3218 0.8452 0.8468
16.3400 0.8455 0.8470
16.3583 0.8458 0.8473
16.3765 0.8461 0.8475
16.3948 0.8464 0.8478
16.4130 0.8467 0.8480
16.4313 0.8470 0.8483
16.4496 0.8473 0.8486
16.4678 0.8476 0.8488
16.4861 0.8479 0.8491
16.5043 0.8483 0.8493
16.5226 0.8486 0.8496
16.5408 0.8490 0.8499
16.5591 0.8493 0.8501
16.5774 0.8497 0.8504
16.5956 0.8500 0.8507
16.6139 0.8504 0.8510
16.6321 0.8508 0.8513
16.6504 0.8512 0.8516
16.6686 0.8515 0.8518
16.6869 0.8519 0.8521
16.7052 0.8523 0.8524
16.7234 0.8527 0.8528
16.7417 0.8530 0.8531
16.7599 0.8534 0.8534
16.7782 0.8538 0.8537
16.7964 0.8542 0.8540
16.8147 0.8546 0.8543
16.8330 0.8549 0.8547
16.8512 0.8553 0.8550
16.8695 0.8557 0.8553
16.8877 0.8560 0.8556
16.9060 0.8564 0.8560
16.9242 0.8568 0.8563
16.9425 0.8571 0.8566
16.9608 0.8575 0.8570
16.9790 0.8578 0.8573
16.9973 0.8582 0.8576
17.0155 0.8585 0.8579
17.0338 0.8589 0.8582
17.0520 0.8592 0.8586
17.0703 0.8595 0.8589
17.0885 0.8599 0.8592
17.1068 0.8602 0.8595
17.1251 0.8606 0.8598
17.1433 0.8609 0.8601
17.1616 0.8612 0.8604
17.1798 0.8615 0.8608
17.1981 0.8619 0.8611
17.2163 0.8622 0.8614
17.2346 0.8625 0.8617
17.2529 0.8629 0.8621
17.2711 0.8632 0.8624
17.2894 0.8635 0.8628
17.3076 0.8638 0.8631
17.3259 0.8641 0.8635
17.3441 0.8645 0.8638
17.3624 0.8648 0.8642
17.3807 0.8651 0.8645
17.3989 0.8654 0.8649
17.4172 0.8658 0.8653
17.4354 0.8661 0.8657
17.4537 0.8665 0.8660
17.4719 0.8668 0.8664
17.4902 0.8672 0.8668
17.5085 0.8675 0.8672
17.5267 0.8679 0.8676
17.5450 0.8682 0.8679
17.5632 0.8686 0.8683
17.5815 0.8690 0.8687
17.5997 0.8693 0.8691
17.6180 0.8697 0.8694
17.6363 0.8701 0.8698
17.6545 0.8705 0.8701
17.6728 0.8708 0.8705
17.6910 0.8712 0.8709
17.7093 0.8716 0.8712
17.7275 0.8720 0.8715
17.7458 0.8723 0.8719
17.7641 0.8727 0.8722
17.7823 0.8730 0.8726
17.8006 0.8734 0.8729
17.8188 0.8737 0.8732
17.8371 0.8741 0.8735
17.8553 0.8744 0.8739
17.8736 0.8748 0.8742
17.8919 0.8751 0.8745
17.9101 0.8754 0.8748
17.9284 0.8757 0.8751
17.9466 0.8760 0.8754
17.9649 0.8763 0.8757
17.9831 0.8766 0.8760
18.0014 0.8769 0.8764
18.0197 0.8772 0.8767
18.0379 0.8775 0.8770
18.0562 0.8778 0.8773
18.0744 0.8781 0.8776
18.0927 0.8784 0.8779
18.1109 0.8787 0.8781
18.1292 0.8789 0.8784
18.1475 0.8792 0.8787
18.1657 0.8795 0.8790
18.1840 0.8799 0.8793
18.2022 0.8802 0.8796
18.2205 0.8805 0.8799
18.2387 0.8808 0.8801
18.2570 0.8811 0.8804
18.2753 0.8814 0.8807
18.2935 0.8818 0.8810
18.3118 0.8821 0.8813
18.3300 0.8824 0.8816
18.3483 0.8828 0.8819
18.3665 0.8831 0.8822
18.3848 0.8834 0.8825
18.4031 0.8838 0.8828
18.4213 0.8841 0.8831
18.4396 0.8844 0.8834
18.4578 0.8848 0.8837
18.4761 0.8851 0.8840
18.4943 0.8854 0.8843
18.5126 0.8857 0.8846
18.5309 0.8860 0.8850
18.5491 0.8863 0.8853
18.5674 0.8866 0.8856
18.5856 0.8869 0.8859
18.6039 0.8872 0.8862
18.6221 0.8875 0.8866
18.6404 0.8878 0.8869
18.6587 0.8881 0.8872
18.6769 0.8883 0.8875
18.6952 0.8886 0.8878
18.7134 0.8889 0.8881
18.7317 0.8892 0.8884
18.7499 0.8894 0.8887
18.7682 0.8897 0.8890
18.7864 0.8900 0.8893
18.8047 0.8902 0.8896
18.8230 0.8905 0.8899
18.8412 0.8908 0.8902
18.8595 0.8911 0.8905
18.8777 0.8913 0.8908
18.8960 0.8916 0.8911
18.9142 0.8919 0.8913
18.9325 0.8922 0.8916
18.9508 0.8925 0.8919
18.9690 0.8927 0.8922
18.9873 0.8930 0.8924
19.0055 0.8933 0.8927
19.0238 0.8935 0.8930
19.0420 0.8938 0.8932
19.0603 0.8941 0.8935
19.0786 0.8944 0.8937
19.0968 0.8946 0.8940
19.1151 0.8949 0.8943
19.1333 0.8951 0.8945
19.1516 0.8954 0.8948
19.1698 0.8957 0.8950
19.1881 0.8959 0.8953
19.2064 0.8962 0.8956
19.2246 0.8964 0.8958
19.2429 0.8967 0.8961
19.2611 0.8969 0.8964
19.2794 0.8972 0.8966
19.2976 0.8974 0.8969
19.3159 0.8977 0.8972
19.3342 0.8980 0.8974
19.3524 0.8982 0.8977
19.3707 0.8985 0.8980
19.3889 0.8987 0.8982
19.4072 0.8990 0.8985
19.4254 0.8992 0.8988
19.4437 0.8995 0.8990
19.4620 0.8997 0.8993
19.4802 0.9000 0.8996
19.4985 0.9002 0.8998
19.5167 0.9005 0.9001
19.5350 0.9008 0.9004
19.5532 0.9010 0.9006
19.5715 0.9013 0.9009
19.5898 0.9015 0.9011
19.6080 0.9018 0.9014
19.6263 0.9021 0.9016
19.6445 0.9023 0.9019
19.6628 0.9026 0.9022
19.6810 0.9028 0.9024
19.6993 0.9031 0.9027
19.7176 0.9033 0.9029
19.7358 0.9036 0.9032
19.7541 0.9039 0.9034
19.7723 0.9041 0.9037
19.7906 0.9044 0.9039
19.8088 0.9046 0.9042
19.8271 0.9049 0.9044
19.8454 0.9051 0.9047
19.8636 0.9054 0.9049
19.8819 0.9056 0.9051
19.9001 0.9059 0.9054
19.9184 0.9061 0.9056
19.9366 0.9064 0.9059
19.9549 0.9066 0.9061
19.9732 0.9069 0.9064
19.9914 0.9071 0.9066
20.0097 0.9073 0.9068
20.0279 0.9076 0.9071
20.0462 0.9078 0.9073
20.0644 0.9080 0.9076
20.0827 0.9083 0.9078
20.1010 0.9085 0.9080
20.1192 0.9087 0.9083
20.1375 0.9089 0.9085
20.1557 0.9092 0.9087
20.1740 0.9094 0.9090
20.1922 0.9096 0.9092
20.2105 0.9098 0.9094
20.2288 0.9100 0.9097
20.2470 0.9102 0.9099
20.2653 0.9104 0.9101
20.2835 0.9107 0.9104
20.3018 0.9109 0.9106
20.3200 0.9111 0.9108
20.3383 0.9113 0.9110
20.3566 0.9115 0.9112
20.3748 0.9117 0.9115
20.3931 0.9119 0.9117
20.4113 0.9121 0.9119
20.4296 0.9124 0.9121
20.4478 0.9126 0.9123
20.4661 0.9128 0.9125
20.4844 0.9130 0.9128
20.5026 0.9132 0.9130
20.5209 0.9134 0.9132
20.5391 0.9136 0.9134
20.5574 0.9139 0.9136
20.5756 0.9141 0.9138
20.5939 0.9143 0.9140
20.6121 0.9145 0.9142
20.6304 0.9147 0.9144
20.6487 0.9149 0.9146
20.6669 0.9151 0.9148
20.6852 0.9153 0.9151
20.7034 0.9155 0.9153
20.7217 0.9157 0.9155
20.7399 0.9159 0.9157
20.7582 0.9161 0.9159
20.7765 0.9164 0.9161
20.7947 0.9166 0.9163
20.8130 0.9168 0.9165
20.8312 0.9170 0.9167
20.8495 0.9172 0.9169
20.8677 0.9174 0.9171
20.8860 0.9176 0.9172
20.9043 0.9178 0.9174
20.9225 0.9180 0.9176
20.9408 0.9182 0.9178
20.9590 0.9184 0.9180
20.9773 0.9186 0.9182
20.9955 0.9188 0.9184
21.0138 0.9189 0.9186
21.0321 0.9191 0.9188
21.0503 0.9193 0.9189
21.0686 0.9195 0.9191
21.0868 0.9197 0.9193
21.1051 0.9199 0.9195
21.1233 0.9201 0.9197
21.1416 0.9203 0.9198
21.1599 0.9205 0.9200
21.1781 0.9206 0.9202
21.1964 0.9208 0.9204
21.2146 0.9210 0.9206
21.2329 0.9212 0.9207
21.2511 0.9214 0.9209
21.2694 0.9215 0.9211
21.2877 0.9217 0.9213
21.3059 0.9219 0.9214
21.3242 0.9221 0.9216
21.3424 0.9222 0.9218
21.3607 0.9224 0.9219
21.3789 0.9226 0.9221
21.3972 0.9227 0.9223
21.4155 0.9229 0.9225
21.4337 0.9231 0.9226
21.4520 0.9232 0.9228
21.4702 0.9234 0.9230
21.4885 0.9236 0.9231
21.5067 0.9238 0.9233
21.5250 0.9239 0.9235
21.5433 0.9241 0.9236
21.5615 0.9243 0.9238
21.5798 0.9244 0.9240
21.5980 0.9246 0.9241
21.6163 0.9248 0.9243
21.6345 0.9249 0.9245
21.6528 0.9251 0.9246
21.6711 0.9253 0.9248
21.6893 0.9254 0.9250
21.7076 0.9256 0.9251
21.7258 0.9258 0.9253
21.7441 0.9259 0.9255
21.7623 0.9261 0.9256
21.7806 0.9263 0.9258
21.7989 0.9264 0.9259
21.8171 0.9266 0.9261
21.8354 0.9267 0.9263
21.8536 0.9269 0.9264
21.8719 0.9270 0.9266
21.8901 0.9272 0.9267
21.9084 0.9273 0.9269
21.9267 0.9275 0.9271
21.9449 0.9277 0.9272
21.9632 0.9278 0.9274
21.9814 0.9280 0.9275
21.9997 0.9281 0.9277
22.0179 0.9282 0.9278
22.0362 0.9284 0.9280
22.0545 0.9285 0.9281
22.0727 0.9287 0.9283
22.0910 0.9288 0.9284
22.1092 0.9290 0.9286
22.1275 0.9291 0.9287
22.1457 0.9293 0.9289
22.1640 0.9294 0.9290
22.1823 0.9296 0.9292
22.2005 0.9297 0.9293
22.2188 0.9299 0.9295
22.2370 0.9300 0.9296
22.2553 0.9302 0.9297
22.2735 0.9303 0.9299
22.2918 0.9305 0.9300
22.3101 0.9306 0.9302
22.3283 0.9307 0.9303
22.3466 0.9309 0.9305
22.3648 0.9310 0.9306
22.3831 0.9312 0.9307
22.4013 0.9313 0.9309
22.4196 0.9314 0.9310
22.4378 0.9316 0.9312
22.4561 0.9317 0.9313
22.4744 0.9319 0.9314
22.4926 0.9320 0.9316
22.5109 0.9321 0.9317
22.5291 0.9323 0.9318
22.5474 0.9324 0.9320
22.5656 0.9325 0.9321
22.5839 0.9327 0.9323
22.6022 0.9328 0.9324
22.6204 0.9329 0.9325
22.6387 0.9331 0.9327
22.6569 0.9332 0.9328
22.6752 0.9333 0.9329
22.6934 0.9335 0.9331
22.7117 0.9336 0.9332
22.7300 0.9337 0.9333
22.7482 0.9338 0.9335
22.7665 0.9340 0.9336
22.7847 0.9341 0.9337
22.8030 0.9342 0.9339
22.8212 0.9344 0.9340
22.8395 0.9345 0.9341
22.8578 0.9346 0.9342
22.8760 0.9347 0.9344
22.8943 0.9349 0.9345
22.9125 0.9350 0.9346
22.9308 0.9351 0.9347
22.9490 0.9353 0.9349
22.9673 0.9354 0.9350
22.9856 0.9355 0.9351
23.0038 0.9356 0.9352
23.0221 0.9358 0.9354
23.0403 0.9359 0.9355
23.0586 0.9360 0.9356
23.0768 0.9361 0.9357
23.0951 0.9363 0.9358
23.1134 0.9364 0.9360
23.1316 0.9365 0.9361
23.1499 0.9366 0.9362
23.1681 0.9367 0.9363
23.1864 0.9369 0.9365
23.2046 0.9370 0.9366
23.2229 0.9371 0.9367
23.2412 0.9372 0.9368
23.2594 0.9373 0.9369
23.2777 0.9375 0.9371
23.2959 0.9376 0.9372
23.3142 0.9377 0.9373
23.3324 0.9378 0.9374
23.3507 0.9379 0.9375
23.3690 0.9381 0.9377
23.3872 0.9382 0.9378
23.4055 0.9383 0.9379
23.4237 0.9384 0.9380
23.4420 0.9385 0.9381
23.4602 0.9386 0.9382
23.4785 0.9387 0.9384
23.4968 0.9389 0.9385
23.5150 0.9390 0.9386
23.5333 0.9391 0.9387
23.5515 0.9392 0.9388
23.5698 0.9393 0.9389
23.5880 0.9394 0.9391
23.6063 0.9395 0.9392
23.6246 0.9397 0.9393
23.6428 0.9398 0.9394
23.6611 0.9399 0.9395
23.6793 0.9400 0.9396
23.6976 0.9401 0.9397
23.7158 0.9402 0.9398
23.7341 0.9403 0.9399
23.7524 0.9404 0.9400
23.7706 0.9405 0.9401
23.7889 0.9406 0.9402
23.8071 0.9407 0.9403
23.8254 0.9408 0.9404
23.8436 0.9409 0.9405
23.8619 0.9411 0.9406
23.8802 0.9412 0.9407
23.8984 0.9413 0.9408
23.9167 0.9414 0.9409
23.9349 0.9415 0.9410
23.9532 0.9416 0.9411
23.9714 0.9417 0.9412
23.9897 0.9418 0.9413
24.0080 0.9419 0.9414
24.0262 0.9420 0.9415
24.0445 0.9421 0.9416
24.0627 0.9422 0.9417
24.0810 0.9423 0.9418
24.0992 0.9424 0.9419
24.1175 0.9425 0.9420
24.1358 0.9426 0.9421
24.1540 0.9427 0.9422
24.1723 0.9428 0.9423
24.1905 0.9429 0.9424
24.2088 0.9430 0.9425
24.2270 0.9431 0.9426
24.2453 0.9432 0.9427
24.2635 0.9433 0.9428
24.2818 0.9434 0.9429
24.3001 0.9435 0.9430
24.3183 0.9436 0.9430
24.3366 0.9437 0.9431
24.3548 0.9438 0.9432
24.3731 0.9439 0.9433
24.3913 0.9440 0.9434
24.4096 0.9441 0.9435
24.4279 0.9442 0.9436
24.4461 0.9443 0.9437
24.4644 0.9444 0.9438
24.4826 0.9445 0.9439
24.5009 0.9445 0.9440
24.5191 0.9446 0.9441
24.5374 0.9447 0.9442
24.5557 0.9448 0.9443
24.5739 0.9449 0.9444
24.5922 0.9450 0.9445
24.6104 0.9451 0.9445
24.6287 0.9452 0.9446
24.6469 0.9453 0.9447
24.6652 0.9454 0.9448
24.6835 0.9454 0.9449
24.7017 0.9455 0.9450
24.7200 0.9456 0.9451
24.7382 0.9457 0.9452
24.7565 0.9458 0.9453
24.7747 0.9459 0.9454
24.7930 0.9460 0.9454
24.8113 0.9461 0.9455
24.8295 0.9461 0.9456
24.8478 0.9462 0.9457
24.8660 0.9463 0.9458
24.8843 0.9464 0.9459
24.9025 0.9465 0.9460
24.9208 0.9466 0.9461
24.9391 0.9467 0.9462
24.9573 0.9467 0.9463
24.9756 0.9468 0.9464
24.9938 0.9469 0.9464
25.0121 0.9470 0.9465
25.0303 0.9471 0.9466
25.0486 0.9472 0.9467
25.0669 0.9473 0.9468
25.0851 0.9473 0.9469
25.1034 0.9474 0.9470
25.1216 0.9475 0.9471
25.1399 0.9476 0.9472
25.1581 0.9477 0.9473
25.1764 0.9478 0.9473
25.1947 0.9479 0.9474
25.2129 0.9479 0.9475
25.2312 0.9480 0.9476
25.2494 0.9481 0.9477
25.2677 0.9482 0.9478
25.2859 0.9483 0.9479
25.3042 0.9484 0.9479
25.3225 0.9484 0.9480
25.3407 0.9485 0.9481
25.3590 0.9486 0.9482
25.3772 0.9487 0.9483
25.3955 0.9488 0.9484
25.4137 0.9489 0.9485
25.4320 0.9489 0.9485
25.4503 0.9490 0.9486
25.4685 0.9491 0.9487
25.4868 0.9492 0.9488
25.5050 0.9493 0.9489
25.5233 0.9494 0.9490
25.5415 0.9494 0.9490
25.5598 0.9495 0.9491
25.5781 0.9496 0.9492
25.5963 0.9497 0.9493
25.6146 0.9498 0.9494
25.6328 0.9499 0.9494
25.6511 0.9499 0.9495
25.6693 0.9500 0.9496
25.6876 0.9501 0.9497
25.7059 0.9502 0.9498
25.7241 0.9503 0.9499
25.7424 0.9503 0.9499
25.7606 0.9504 0.9500
25.7789 0.9505 0.9501
25.7971 0.9506 0.9502
25.8154 0.9507 0.9503
25.8337 0.9507 0.9503
25.8519 0.9508 0.9504
25.8702 0.9509 0.9505
25.8884 0.9510 0.9506
25.9067 0.9511 0.9506
25.9249 0.9511 0.9507
25.9432 0.9512 0.9508
25.9614 0.9513 0.9509
25.9797 0.9514 0.9510
25.9980 0.9514 0.9510
26.0162 0.9515 0.9511
26.0345 0.9516 0.9512
26.0527 0.9517 0.9513
26.0710 0.9518 0.9514
26.0892 0.9518 0.9514
26.1075 0.9519 0.9515
26.1258 0.9520 0.9516
26.1440 0.9521 0.9517
26.1623 0.9521 0.9518
26.1805 0.9522 0.9518
26.1988 0.9523 0.9519
26.2170 0.9524 0.9520
26.2353 0.9525 0.9521
26.2536 0.9525 0.9521
26.2718 0.9526 0.9522
26.2901 0.9527 0.9523
26.3083 0.9528 0.9524
26.3266 0.9528 0.9524
26.3448 0.9529 0.9525
26.3631 0.9530 0.9526
26.3814 0.9531 0.9527
26.3996 0.9531 0.9527
26.4179 0.9532 0.9528
26.4361 0.9533 0.9529
26.4544 0.9533 0.9530
26.4726 0.9534 0.9530
26.4909 0.9535 0.9531
26.5092 0.9536 0.9532
26.5274 0.9536 0.9533
26.5457 0.9537 0.9533
26.5639 0.9538 0.9534
26.5822 0.9539 0.9535
26.6004 0.9539 0.9535
26.6187 0.9540 0.9536
26.6370 0.9541 0.9537
26.6552 0.9542 0.9538
26.6735 0.9542 0.9538
26.6917 0.9543 0.9539
26.7100 0.9544 0.9540
26.7282 0.9544 0.9541
26.7465 0.9545 0.9541
26.7648 0.9546 0.9542
26.7830 0.9547 0.9543
26.8013 0.9547 0.9543
26.8195 0.9548 0.9544
26.8378 0.9549 0.9545
26.8560 0.9550 0.9546
26.8743 0.9550 0.9546
26.8926 0.9551 0.9547
26.9108 0.9552 0.9548
26.9291 0.9552 0.9548
26.9473 0.9553 0.9549
26.9656 0.9554 0.9550
26.9838 0.9554 0.9550
27.0021 0.9555 0.9551
27.0204 0.9556 0.9552
27.0386 0.9557 0.9553
27.0569 0.9557 0.9553
27.0751 0.9558 0.9554
27.0934 0.9559 0.9555
27.1116 0.9559 0.9555
27.1299 0.9560 0.9556
27.1482 0.9561 0.9557
27.1664 0.9561 0.9557
27.1847 0.9562 0.9558
27.2029 0.9563 0.9559
27.2212 0.9563 0.9559
27.2394 0.9564 0.9560
27.2577 0.9565 0.9561
27.2760 0.9565 0.9561
27.2942 0.9566 0.9562
27.3125 0.9567 0.9563
27.3307 0.9567 0.9563
27.3490 0.9568 0.9564
27.3672 0.9568 0.9565
27.3855 0.9569 0.9565
27.4038 0.9570 0.9566
27.4220 0.9570 0.9567
27.4403 0.9571 0.9567
27.4585 0.9572 0.9568
27.4768 0.9572 0.9569
27.4950 0.9573 0.9569
27.5133 0.9574 0.9570
27.5316 0.9574 0.9571
27.5498 0.9575 0.9571
27.5681 0.9576 0.9572
27.5863 0.9576 0.9573
27.6046 0.9577 0.9573
27.6228 0.9577 0.9574
27.6411 0.9578 0.9575
27.6594 0.9579 0.9575
27.6776 0.9579 0.9576
27.6959 0.9580 0.9576
27.7141 0.9581 0.9577
27.7324 0.9581 0.9578
27.7506 0.9582 0.9578
27.7689 0.9583 0.9579
27.7871 0.9583 0.9580
27.8054 0.9584 0.9580
27.8237 0.9584 0.9581
27.8419 0.9585 0.9581
27.8602 0.9586 0.9582
27.8784 0.9586 0.9583
27.8967 0.9587 0.9583
27.9149 0.9588 0.9584
27.9332 0.9588 0.9585
27.9515 0.9589 0.9585
27.9697 0.9589 0.9586
27.9880 0.9590 0.9586
28.0062 0.9591 0.9587
28.0245 0.9591 0.9588
28.0427 0.9592 0.9588
28.0610 0.9593 0.9589
28.0793 0.9593 0.9589
28.0975 0.9594 0.9590
28.1158 0.9594 0.9591
28.1340 0.9595 0.9591
28.1523 0.9596 0.9592
28.1705 0.9596 0.9592
28.1888 0.9597 0.9593
28.2071 0.9597 0.9594
28.2253 0.9598 0.9594
28.2436 0.9599 0.9595
28.2618 0.9599 0.9595
28.2801 0.9600 0.9596
28.2983 0.9600 0.9597
28.3166 0.9601 0.9597
28.3349 0.9601 0.9598
28.3531 0.9602 0.9598
28.3714 0.9603 0.9599
28.3896 0.9603 0.9600
28.4079 0.9604 0.9600
28.4261 0.9604 0.9601
28.4444 0.9605 0.9601
28.4627 0.9606 0.9602
28.4809 0.9606 0.9602
28.4992 0.9607 0.9603
28.5174 0.9607 0.9604
28.5357 0.9608 0.9604
28.5539 0.9608 0.9605
28.5722 0.9609 0.9605
28.5905 0.9610 0.9606
28.6087 0.9610 0.9606
28.6270 0.9611 0.9607
28.6452 0.9611 0.9608
28.6635 0.9612 0.9608
28.6817 0.9612 0.9609
28.7000 0.9613 0.9609
28.7183 0.9614 0.9610
28.7365 0.9614 0.9610
28.7548 0.9615 0.9611
28.7730 0.9615 0.9612
28.7913 0.9616 0.9612
28.8095 0.9616 0.9613
28.8278 0.9617 0.9613
28.8461 0.9617 0.9614
28.8643 0.9618 0.9614
28.8826 0.9619 0.9615
28.9008 0.9619 0.9615
28.9191 0.9620 0.9616
28.9373 0.9620 0.9617
28.9556 0.9621 0.9617
28.9739 0.9621 0.9618
28.9921 0.9622 0.9618
29.0104 0.9622 0.9619
29.0286 0.9623 0.9619
29.0469 0.9623 0.9620
29.0651 0.9624 0.9620
29.0834 0.9624 0.9621
29.1017 0.9625 0.9621
29.1199 0.9626 0.9622
29.1382 0.9626 0.9623
29.1564 0.9627 0.9623
29.1747 0.9627 0.9624
29.1929 0.9628 0.9624
29.2112 0.9628 0.9625
29.2295 0.9629 0.9625
29.2477 0.9629 0.9626
29.2660 0.9630 0.9626
29.2842 0.9630 0.9627
29.3025 0.9631 0.9627
29.3207 0.9631 0.9628
29.3390 0.9632 0.9628
29.3573 0.9632 0.9629
29.3755 0.9633 0.9629
29.3938 0.9633 0.9630
29.4120 0.9634 0.9630
29.4303 0.9634 0.9631
29.4485 0.9635 0.9631
29.4668 0.9635 0.9632
29.4851 0.9636 0.9632
29.5033 0.9637 0.9633
29.5216 0.9637 0.9633
29.5398 0.9638 0.9634
29.5581 0.9638 0.9635
29.5763 0.9639 0.9635
29.5946 0.9639 0.9636
29.6128 0.9640 0.9636
29.6311 0.9640 0.9637
29.6494 0.9641 0.9637
29.6676 0.9641 0.9638
29.6859 0.9642 0.9638
29.7041 0.9642 0.9639
29.7224 0.9643 0.9639
29.7406 0.9643 0.9640
29.7589 0.9644 0.9640
29.7772 0.9644 0.9641
29.7954 0.9644 0.9641
29.8137 0.9645 0.9642
29.8319 0.9645 0.9642
29.8502 0.9646 0.9642
29.8684 0.9646 0.9643
29.8867 0.9647 0.9643
29.9050 0.9647 0.9644
29.9232 0.9648 0.9644
29.9415 0.9648 0.9645
29.9597 0.9649 0.9645
29.9780 0.9649 0.9646
29.9962 0.9650 0.9646
30.0145 0.9650 0.9647
30.0328 0.9651 0.9647
30.0510 0.9651 0.9648
30.0693 0.9652 0.9648
30.0875 0.9652 0.9649
30.1058 0.9653 0.9649
30.1240 0.9653 0.9650
30.1423 0.9654 0.9650
30.1606 0.9654 0.9651
30.1788 0.9655 0.9651
30.1971 0.9655 0.9652
30.2153 0.9656 0.9652
30.2336 0.9656 0.9653
30.2518 0.9656 0.9653
30.2701 0.9657 0.9653
30.2884 0.9657 0.9654
30.3066 0.9658 0.9654
30.3249 0.9658 0.9655
30.3431 0.9659 0.9655
30.3614 0.9659 0.9656
30.3796 0.9660 0.9656
30.3979 0.9660 0.9657
30.4162 0.9661 0.9657
30.4344 0.9661 0.9658
30.4527 0.9661 0.9658
30.4709 0.9662 0.9659
30.4892 0.9662 0.9659
30.5074 0.9663 0.9659
30.5257 0.9663 0.9660
30.5440 0.9664 0.9660
30.5622 0.9664 0.9661
30.5805 0.9665 0.9661
30.5987 0.9665 0.9662
30.6170 0.9666 0.9662
30.6352 0.9666 0.9663
30.6535 0.9666 0.9663
30.6718 0.9667 0.9663
30.6900 0.9667 0.9664
30.7083 0.9668 0.9664
30.7265 0.9668 0.9665
30.7448 0.9669 0.9665
30.7630 0.9669 0.9666
30.7813 0.9669 0.9666
30.7996 0.9670 0.9667
30.8178 0.9670 0.9667
30.8361 0.9671 0.9667
30.8543 0.9671 0.9668
30.8726 0.9672 0.9668
30.8908 0.9672 0.9669
30.9091 0.9673 0.9669
30.9274 0.9673 0.9670
30.9456 0.9673 0.9670
30.9639 0.9674 0.9670
30.9821 0.9674 0.9671
31.0004 0.9675 0.9671
31.0186 0.9675 0.9672
31.0369 0.9676 0.9672
31.0552 0.9676 0.9673
31.0734 0.9676 0.9673
31.0917 0.9677 0.9673
31.1099 0.9677 0.9674
31.1282 0.9678 0.9674
31.1464 0.9678 0.9675
31.1647 0.9678 0.9675
31.1830 0.9679 0.9676
31.2012 0.9679 0.9676
31.2195 0.9680 0.9676
31.2377 0.9680 0.9677
31.2560 0.9681 0.9677
31.2742 0.9681 0.9678
31.2925 0.9681 0.9678
31.3107 0.9682 0.9678
31.3290 0.9682 0.9679
31.3473 0.9683 0.9679
31.3655 0.9683 0.9680
31.3838 0.9683 0.9680
31.4020 0.9684 0.9680
31.4203 0.9684 0.9681
31.4385 0.9685 0.9681
31.4568 0.9685 0.9682
31.4751 0.9685 0.9682
31.4933 0.9686 0.9683
31.5116 0.9686 0.9683
31.5298 0.9687 0.9683
31.5481 0.9687 0.9684
31.5663 0.9687 0.9684
31.5846 0.9688 0.9685
31.6029 0.9688 0.9685
31.6211 0.9689 0.9685
31.6394 0.9689 0.9686
31.6576 0.9689 0.9686
31.6759 0.9690 0.9687
31.6941 0.9690 0.9687
31.7124 0.9691 0.9687
31.7307 0.9691 0.9688
31.7489 0.9691 0.9688
31.7672 0.9692 0.9688
31.7854 0.9692 0.9689
31.8037 0.9692 0.9689
31.8219 0.9693 0.9690
31.8402 0.9693 0.9690
31.8585 0.9694 0.9690
31.8767 0.9694 0.9691
31.8950 0.9694 0.9691
31.9132 0.9695 0.9692
31.9315 0.9695 0.9692
31.9497 0.9696 0.9692
31.9680 0.9696 0.9693
31.9863 0.9696 0.9693
32.0045 0.9697 0.9693
32.0228 0.9697 0.9694
32.0410 0.9697 0.9694
32.0593 0.9698 0.9695
32.0775 0.9698 0.9695
32.0958 0.9699 0.9695
32.1141 0.9699 0.9696
32.1323 0.9699 0.9696
32.1506 0.9700 0.9697
32.1688 0.9700 0.9697
32.1871 0.9700 0.9697
32.2053 0.9701 0.9698
32.2236 0.9701 0.9698
32.2419 0.9702 0.9698
32.2601 0.9702 0.9699
32.2784 0.9702 0.9699
32.2966 0.9703 0.9699
32.3149 0.9703 0.9700
32.3331 0.9703 0.9700
32.3514 0.9704 0.9701
32.3697 0.9704 0.9701
32.3879 0.9704 0.9701
32.4062 0.9705 0.9702
32.4244 0.9705 0.9702
32.4427 0.9706 0.9702
32.4609 0.9706 0.9703
32.4792 0.9706 0.9703
32.4975 0.9707 0.9704
32.5157 0.9707 0.9704
32.5340 0.9707 0.9704
32.5522 0.9708 0.9705
32.5705 0.9708 0.9705
32.5887 0.9708 0.9705
32.6070 0.9709 0.9706
32.6253 0.9709 0.9706
32.6435 0.9710 0.9706
32.6618 0.9710 0.9707
32.6800 0.9710 0.9707
32.6983 0.9711 0.9707
32.7165 0.9711 0.9708
32.7348 0.9711 0.9708
32.7531 0.9712 0.9709
32.7713 0.9712 0.9709
32.7896 0.9712 0.9709
32.8078 0.9713 0.9710
32.8261 0.9713 0.9710
32.8443 0.9713 0.9710
32.8626 0.9714 0.9711
32.8809 0.9714 0.9711
32.8991 0.9714 0.9711
32.9174 0.9715 0.9712
32.9356 0.9715 0.9712
32.9539 0.9715 0.9712
32.9721 0.9716 0.9713
32.9904 0.9716 0.9713
33.0087 0.9716 0.9713
33.0269 0.9717 0.9714
33.0452 0.9717 0.9714
33.0634 0.9717 0.9714
33.0817 0.9718 0.9715
33.0999 0.9718 0.9715
33.1182 0.9718 0.9715
33.1364 0.9719 0.9716
33.1547 0.9719 0.9716
33.1730 0.9719 0.9716
33.1912 0.9720 0.9717
33.2095 0.9720 0.9717
33.2277 0.9720 0.9717
33.2460 0.9721 0.9718
33.2642 0.9721 0.9718
33.2825 0.9721 0.9718
33.3008 0.9722 0.9719
33.3190 0.9722 0.9719
33.3373 0.9722 0.9719
33.3555 0.9723 0.9720
33.3738 0.9723 0.9720
33.3920 0.9723 0.9720
33.4103 0.9724 0.9721
33.4286 0.9724 0.9721
33.4468 0.9724 0.9721
33.4651 0.9725 0.9722
33.4833 0.9725 0.9722
33.5016 0.9725 0.9722
33.5198 0.9726 0.9723
33.5381 0.9726 0.9723
33.5564 0.9726 0.9723
33.5746 0.9727 0.9724
33.5929 0.9727 0.9724
33.6111 0.9727 0.9724
33.6294 0.9728 0.9725
33.6476 0.9728 0.9725
33.6659 0.9728 0.9725
33.6842 0.9729 0.9726
33.7024 0.9729 0.9726
33.7207 0.9729 0.9726
33.7389 0.9730 0.9727
33.7572 0.9730 0.9727
33.7754 0.9730 0.9727
33.7937 0.9731 0.9728
33.8120 0.9731 0.9728
33.8302 0.9731 0.9728
33.8485 0.9731 0.9728
33.8667 0.9732 0.9729
33.8850 0.9732 0.9729
33.9032 0.9732 0.9729
33.9215 0.9733 0.9730
33.9398 0.9733 0.9730
33.9580 0.9733 0.9730
33.9763 0.9734 0.9731
33.9945 0.9734 0.9731
34.0128 0.9734 0.9731
34.0310 0.9735 0.9732
34.0493 0.9735 0.9732
34.0676 0.9735 0.9732
34.0858 0.9735 0.9733
34.1041 0.9736 0.9733
34.1223 0.9736 0.9733
34.1406 0.9736 0.9733
34.1588 0.9737 0.9734
34.1771 0.9737 0.9734
34.1954 0.9737 0.9734
34.2136 0.9738 0.9735
34.2319 0.9738 0.9735
34.2501 0.9738 0.9735
34.2684 0.9739 0.9736
34.2866 0.9739 0.9736
34.3049 0.9739 0.9736
34.3232 0.9739 0.9737
34.3414 0.9740 0.9737
34.3597 0.9740 0.9737
34.3779 0.9740 0.9737
34.3962 0.9741 0.9738
34.4144 0.9741 0.9738
34.4327 0.9741 0.9738
34.4510 0.9741 0.9739
34.4692 0.9742 0.9739
34.4875 0.9742 0.9739
34.5057 0.9742 0.9739
34.5240 0.9743 0.9740
34.5422 0.9743 0.9740
34.5605 0.9743 0.9740
34.5788 0.9744 0.9741
34.5970 0.9744 0.9741
34.6153 0.9744 0.9741
34.6335 0.9744 0.9742
34.6518 0.9745 0.9742
34.6700 0.9745 0.9742
34.6883 0.9745 0.9742
34.7066 0.9746 0.9743
34.7248 0.9746 0.9743
34.7431 0.9746 0.9743
34.7613 0.9746 0.9744
34.7796 0.9747 0.9744
34.7978 0.9747 0.9744
34.8161 0.9747 0.9744
34.8344 0.9748 0.9745
34.8526 0.9748 0.9745
34.8709 0.9748 0.9745
34.8891 0.9748 0.9746
34.9074 0.9749 0.9746
34.9256 0.9749 0.9746
34.9439 0.9749 0.9746
34.9621 0.9750 0.9747
34.9804 0.9750 0.9747
34.9987 0.9750 0.9747
35.0169 0.9750 0.9748
35.0352 0.9751 0.9748
35.0534 0.9751 0.9748
35.0717 0.9751 0.9748
35.0899 0.9751 0.9749
35.1082 0.9752 0.9749
35.1265 0.9752 0.9749
35.1447 0.9752 0.9750
35.1630 0.9753 0.9750
35.1812 0.9753 0.9750
35.1995 0.9753 0.9750
35.2177 0.9753 0.9751
35.2360 0.9754 0.9751
35.2543 0.9754 0.9751
35.2725 0.9754 0.9751
35.2908 0.9754 0.9752
35.3090 0.9755 0.9752
35.3273 0.9755 0.9752
35.3455 0.9755 0.9753
35.3638 0.9756 0.9753
35.3821 0.9756 0.9753
35.4003 0.9756 0.9753
35.4186 0.9756 0.9754
35.4368 0.9757 0.9754
35.4551 0.9757 0.9754
35.4733 0.9757 0.9754
35.4916 0.9757 0.9755
35.5099 0.9758 0.9755
35.5281 0.9758 0.9755
35.5464 0.9758 0.9756
35.5646 0.9759 0.9756
35.5829 0.9759 0.9756
35.6011 0.9759 0.9756
35.6194 0.9759 0.9757
35.6377 0.9760 0.9757
35.6559 0.9760 0.9757
35.6742 0.9760 0.9757
35.6924 0.9760 0.9758
35.7107 0.9761 0.9758
35.7289 0.9761 0.9758
35.7472 0.9761 0.9758
35.7655 0.9761 0.9759
35.7837 0.9762 0.9759
35.8020 0.9762 0.9759
35.8202 0.9762 0.9759
35.8385 0.9762 0.9760
35.8567 0.9763 0.9760
35.8750 0.9763 0.9760
35.8933 0.9763 0.9761
35.9115 0.9763 0.9761
35.9298 0.9764 0.9761
35.9480 0.9764 0.9761
35.9663 0.9764 0.9762
35.9845 0.9764 0.9762
36.0028 0.9765 0.9762
36.0211 0.9765 0.9762
36.0393 0.9765 0.9763
36.0576 0.9766 0.9763
36.0758 0.9766 0.9763
36.0941 0.9766 0.9763
36.1123 0.9766 0.9764
36.1306 0.9767 0.9764
36.1489 0.9767 0.9764
36.1671 0.9767 0.9764
36.1854 0.9767 0.9765
36.2036 0.9768 0.9765
36.2219 0.9768 0.9765
36.2401 0.9768 0.9765
36.2584 0.9768 0.9766
36.2767 0.9769 0.9766
36.2949 0.9769 0.9766
36.3132 0.9769 0.9766
36.3314 0.9769 0.9767
36.3497 0.9770 0.9767
36.3679 0.9770 0.9767
36.3862 0.9770 0.9767
36.4045 0.9770 0.9768
36.4227 0.9770 0.9768
36.4410 0.9771 0.9768
36.4592 0.9771 0.9768
36.4775 0.9771 0.9769
36.4957 0.9771 0.9769
  
  
  
  
  
dim="1">gridpoints</dimension>  
  
  
  
  
  
  
  
  
0.0000 1.5632 0.0378
0.0183 1.5632 0.0378
0.0365 1.5581 0.0445
0.0548 1.5497 0.0555
0.0730 1.5381 0.0707
0.0913 1.5234 0.0899
0.1095 1.5060 0.1129
0.1278 1.4860 0.1393
0.1461 1.4637 0.1688
0.1643 1.4395 0.2009
0.1826 1.4138 0.2352
0.2008 1.3869 0.2711
0.2191 1.3593 0.3081
0.2373 1.3315 0.3455
0.2556 1.3038 0.3828
0.2739 1.2767 0.4193
0.2921 1.2506 0.4542
0.3104 1.2258 0.4870
0.3286 1.2027 0.5169
0.3469 1.1815 0.5435
0.3651 1.1624 0.5660
0.3834 1.1454 0.5842
0.4017 1.1305 0.5975
0.4199 1.1179 0.6059
0.4382 1.1072 0.6092
0.4564 1.0983 0.6075
0.4747 1.0910 0.6010
0.4929 1.0851 0.5900
0.5112 1.0803 0.5751
0.5295 1.0764 0.5568
0.5477 1.0730 0.5360
0.5660 1.0702 0.5133
0.5842 1.0675 0.4897
0.6025 1.0651 0.4659
0.6207 1.0629 0.4426
0.6390 1.0608 0.4206
0.6573 1.0588 0.4006
0.6755 1.0572 0.3829
0.6938 1.0559 0.3680
0.7120 1.0549 0.3561
0.7303 1.0545 0.3474
0.7485 1.0545 0.3418
0.7668 1.0549 0.3393
0.7851 1.0557 0.3396
0.8033 1.0568 0.3426
0.8216 1.0580 0.3478
0.8398 1.0591 0.3550
0.8581 1.0600 0.3638
0.8763 1.0605 0.3738
0.8946 1.0604 0.3846
0.9128 1.0596 0.3959
0.9311 1.0581 0.4073
0.9494 1.0557 0.4188
0.9676 1.0525 0.4299
0.9859 1.0485 0.4406
1.0041 1.0437 0.4508
1.0224 1.0383 0.4603
1.0406 1.0321 0.4693
1.0589 1.0253 0.4778
1.0772 1.0180 0.4857
1.0954 1.0100 0.4933
1.1137 1.0015 0.5006
1.1319 0.9922 0.5078
1.1502 0.9823 0.5149
1.1684 0.9716 0.5221
1.1867 0.9600 0.5295
1.2050 0.9477 0.5372
1.2232 0.9346 0.5452
1.2415 0.9208 0.5538
1.2597 0.9066 0.5628
1.2780 0.8920 0.5724
1.2962 0.8774 0.5825
1.3145 0.8630 0.5931
1.3328 0.8493 0.6043
1.3510 0.8364 0.6159
1.3693 0.8247 0.6279
1.3875 0.8146 0.6403
1.4058 0.8062 0.6528
1.4240 0.7998 0.6655
1.4423 0.7955 0.6782
1.4606 0.7933 0.6907
1.4788 0.7933 0.7029
1.4971 0.7954 0.7146
1.5153 0.7994 0.7258
1.5336 0.8053 0.7363
1.5518 0.8128 0.7460
1.5701 0.8217 0.7548
1.5884 0.8317 0.7627
1.6066 0.8424 0.7696
1.6249 0.8537 0.7756
1.6431 0.8653 0.7805
1.6614 0.8768 0.7846
1.6796 0.8879 0.7877
1.6979 0.8984 0.7901
1.7162 0.9079 0.7918
1.7344 0.9163 0.7929
1.7527 0.9232 0.7936
1.7709 0.9284 0.7938
1.7892 0.9317 0.7937
1.8074 0.9329 0.7934
1.8257 0.9319 0.7929
1.8440 0.9287 0.7923
1.8622 0.9231 0.7916
1.8805 0.9152 0.7907
1.8987 0.9051 0.7897
1.9170 0.8930 0.7886
1.9352 0.8791 0.7872
1.9535 0.8636 0.7856
1.9718 0.8469 0.7837
1.9900 0.8294 0.7813
2.0083 0.8116 0.7785
2.0265 0.7938 0.7751
2.0448 0.7765 0.7711
2.0630 0.7601 0.7664
2.0813 0.7450 0.7610
2.0996 0.7316 0.7548
2.1178 0.7199 0.7477
2.1361 0.7104 0.7399
2.1543 0.7030 0.7313
2.1726 0.6977 0.7220
2.1908 0.6945 0.7121
2.2091 0.6932 0.7016
2.2274 0.6937 0.6907
2.2456 0.6955 0.6796
2.2639 0.6984 0.6685
2.2821 0.7021 0.6575
2.3004 0.7062 0.6469
2.3186 0.7105 0.6368
2.3369 0.7146 0.6274
2.3552 0.7183 0.6189
2.3734 0.7214 0.6115
2.3917 0.7238 0.6051
2.4099 0.7254 0.5998
2.4282 0.7261 0.5957
2.4464 0.7261 0.5927
2.4647 0.7253 0.5906
2.4830 0.7239 0.5895
2.5012 0.7221 0.5891
2.5195 0.7200 0.5894
2.5377 0.7178 0.5902
2.5560 0.7156 0.5913
2.5742 0.7135 0.5927
2.5925 0.7118 0.5941
2.6108 0.7104 0.5956
2.6290 0.7094 0.5970
2.6473 0.7090 0.5984
2.6655 0.7089 0.5996
2.6838 0.7093 0.6006
2.7020 0.7100 0.6014
2.7203 0.7110 0.6020
2.7385 0.7121 0.6023
2.7568 0.7133 0.6024
2.7751 0.7145 0.6023
2.7933 0.7156 0.6019
2.8116 0.7164 0.6013
2.8298 0.7171 0.6004
2.8481 0.7174 0.5992
2.8663 0.7175 0.5977
2.8846 0.7173 0.5960
2.9029 0.7170 0.5940
2.9211 0.7165 0.5918
2.9394 0.7160 0.5893
2.9576 0.7155 0.5867
2.9759 0.7152 0.5840
2.9941 0.7151 0.5812
3.0124 0.7154 0.5784
3.0307 0.7160 0.5756
3.0489 0.7170 0.5730
3.0672 0.7184 0.5705
3.0854 0.7202 0.5683
3.1037 0.7223 0.5664
3.1219 0.7246 0.5648
3.1402 0.7271 0.5635
3.1585 0.7294 0.5625
3.1767 0.7316 0.5619
3.1950 0.7333 0.5615
3.2132 0.7344 0.5614
3.2315 0.7347 0.5615
3.2497 0.7341 0.5617
3.2680 0.7325 0.5620
3.2863 0.7296 0.5623
3.3045 0.7256 0.5626
3.3228 0.7203 0.5629
3.3410 0.7138 0.5630
3.3593 0.7062 0.5632
3.3775 0.6977 0.5632
3.3958 0.6883 0.5633
3.4141 0.6784 0.5633
3.4323 0.6681 0.5633
3.4506 0.6577 0.5634
3.4688 0.6475 0.5637
3.4871 0.6376 0.5641
3.5053 0.6283 0.5647
3.5236 0.6198 0.5655
3.5419 0.6124 0.5665
3.5601 0.6060 0.5678
3.5784 0.6007 0.5692
3.5966 0.5967 0.5708
3.6149 0.5938 0.5725
3.6331 0.5920 0.5743
3.6514 0.5912 0.5761
3.6697 0.5913 0.5780
3.6879 0.5921 0.5798
3.7062 0.5935 0.5816
3.7244 0.5953 0.5834
3.7427 0.5973 0.5851
3.7609 0.5993 0.5867
3.7792 0.6012 0.5883
3.7975 0.6029 0.5899
3.8157 0.6043 0.5915
3.8340 0.6052 0.5931
3.8522 0.6055 0.5948
3.8705 0.6054 0.5966
3.8887 0.6046 0.5984
3.9070 0.6033 0.6004
3.9253 0.6014 0.6025
3.9435 0.5989 0.6046
3.9618 0.5959 0.6069
3.9800 0.5925 0.6092
3.9983 0.5887 0.6116
4.0165 0.5847 0.6140
4.0348 0.5805 0.6165
4.0531 0.5762 0.6189
4.0713 0.5719 0.6213
4.0896 0.5677 0.6236
4.1078 0.5638 0.6258
4.1261 0.5602 0.6279
4.1443 0.5570 0.6299
4.1626 0.5543 0.6316
4.1809 0.5521 0.6332
4.1991 0.5505 0.6345
4.2174 0.5494 0.6356
4.2356 0.5490 0.6364
4.2539 0.5493 0.6369
4.2721 0.5501 0.6371
4.2904 0.5514 0.6370
4.3087 0.5533 0.6366
4.3269 0.5557 0.6359
4.3452 0.5586 0.6350
4.3634 0.5618 0.6339
4.3817 0.5655 0.6326
4.3999 0.5694 0.6312
4.4182 0.5737 0.6298
4.4365 0.5782 0.6284
4.4547 0.5830 0.6271
4.4730 0.5880 0.6260
4.4912 0.5932 0.6251
4.5095 0.5985 0.6245
4.5277 0.6040 0.6241
4.5460 0.6096 0.6242
4.5642 0.6151 0.6246
4.5825 0.6206 0.6254
4.6008 0.6261 0.6266
4.6190 0.6313 0.6282
4.6373 0.6362 0.6302
4.6555 0.6408 0.6325
4.6738 0.6450 0.6352
4.6920 0.6487 0.6382
4.7103 0.6518 0.6414
4.7286 0.6543 0.6449
4.7468 0.6562 0.6485
4.7651 0.6574 0.6523
4.7833 0.6581 0.6563
4.8016 0.6582 0.6602
4.8198 0.6578 0.6643
4.8381 0.6569 0.6683
4.8564 0.6557 0.6723
4.8746 0.6543 0.6763
4.8929 0.6527 0.6803
4.9111 0.6511 0.6841
4.9294 0.6496 0.6879
4.9476 0.6482 0.6917
4.9659 0.6472 0.6953
4.9842 0.6465 0.6988
5.0024 0.6462 0.7022
5.0207 0.6464 0.7055
5.0389 0.6470 0.7087
5.0572 0.6481 0.7118
5.0754 0.6497 0.7147
5.0937 0.6517 0.7175
5.1120 0.6541 0.7201
5.1302 0.6569 0.7225
5.1485 0.6601 0.7248
5.1667 0.6634 0.7269
5.1850 0.6670 0.7288
5.2032 0.6707 0.7305
5.2215 0.6746 0.7320
5.2398 0.6784 0.7333
5.2580 0.6824 0.7344
5.2763 0.6863 0.7353
5.2945 0.6901 0.7360
5.3128 0.6939 0.7365
5.3310 0.6976 0.7368
5.3493 0.7012 0.7370
5.3676 0.7046 0.7370
5.3858 0.7078 0.7369
5.4041 0.7108 0.7367
5.4223 0.7136 0.7365
5.4406 0.7162 0.7363
5.4588 0.7185 0.7360
5.4771 0.7204 0.7358
5.4954 0.7221 0.7357
5.5136 0.7234 0.7356
5.5319 0.7244 0.7357
5.5501 0.7250 0.7359
5.5684 0.7254 0.7363
5.5866 0.7254 0.7368
5.6049 0.7252 0.7374
5.6232 0.7247 0.7382
5.6414 0.7240 0.7391
5.6597 0.7232 0.7401
5.6779 0.7222 0.7413
5.6962 0.7213 0.7425
5.7144 0.7202 0.7439
5.7327 0.7192 0.7453
5.7510 0.7183 0.7468
5.7692 0.7175 0.7484
5.7875 0.7167 0.7501
5.8057 0.7161 0.7518
5.8240 0.7157 0.7537
5.8422 0.7154 0.7556
5.8605 0.7153 0.7575
5.8788 0.7153 0.7595
5.8970 0.7155 0.7615
5.9153 0.7158 0.7635
5.9335 0.7163 0.7655
5.9518 0.7169 0.7674
5.9700 0.7176 0.7691
5.9883 0.7185 0.7707
6.0066 0.7194 0.7721
6.0248 0.7205 0.7732
6.0431 0.7217 0.7740
6.0613 0.7230 0.7745
6.0796 0.7243 0.7746
6.0978 0.7257 0.7743
6.1161 0.7271 0.7735
6.1344 0.7286 0.7724
6.1526 0.7301 0.7709
6.1709 0.7316 0.7690
6.1891 0.7331 0.7667
6.2074 0.7345 0.7641
6.2256 0.7360 0.7613
6.2439 0.7374 0.7582
6.2621 0.7387 0.7550
6.2804 0.7400 0.7516
6.2987 0.7412 0.7482
6.3169 0.7424 0.7447
6.3352 0.7435 0.7413
6.3534 0.7446 0.7379
6.3717 0.7456 0.7346
6.3899 0.7467 0.7314
6.4082 0.7476 0.7284
6.4265 0.7486 0.7255
6.4447 0.7496 0.7227
6.4630 0.7505 0.7202
6.4812 0.7514 0.7179
6.4995 0.7524 0.7158
6.5177 0.7533 0.7140
6.5360 0.7543 0.7125
6.5543 0.7552 0.7113
6.5725 0.7562 0.7105
6.5908 0.7572 0.7100
6.6090 0.7581 0.7099
6.6273 0.7591 0.7102
6.6455 0.7601 0.7109
6.6638 0.7611 0.7120
6.6821 0.7620 0.7134
6.7003 0.7629 0.7151
6.7186 0.7639 0.7171
6.7368 0.7648 0.7193
6.7551 0.7656 0.7217
6.7733 0.7665 0.7241
6.7916 0.7673 0.7267
6.8099 0.7681 0.7292
6.8281 0.7689 0.7317
6.8464 0.7697 0.7341
6.8646 0.7704 0.7364
6.8829 0.7712 0.7386
6.9011 0.7719 0.7407
6.9194 0.7727 0.7426
6.9377 0.7734 0.7444
6.9559 0.7740 0.7460
6.9742 0.7747 0.7476
6.9924 0.7753 0.7491
7.0107 0.7758 0.7506
7.0289 0.7762 0.7520
7.0472 0.7766 0.7534
7.0655 0.7769 0.7548
7.0837 0.7770 0.7562
7.1020 0.7770 0.7577
7.1202 0.7769 0.7591
7.1385 0.7767 0.7606
7.1567 0.7763 0.7621
7.1750 0.7758 0.7636
7.1933 0.7751 0.7651
7.2115 0.7744 0.7666
7.2298 0.7735 0.7681
7.2480 0.7724 0.7695
7.2663 0.7713 0.7708
7.2845 0.7702 0.7720
7.3028 0.7689 0.7732
7.3211 0.7677 0.7742
7.3393 0.7665 0.7750
7.3576 0.7652 0.7758
7.3758 0.7641 0.7763
7.3941 0.7630 0.7766
7.4123 0.7620 0.7768
7.4306 0.7611 0.7768
7.4489 0.7604 0.7765
7.4671 0.7599 0.7761
7.4854 0.7595 0.7755
7.5036 0.7592 0.7748
7.5219 0.7592 0.7739
7.5401 0.7593 0.7728
7.5584 0.7596 0.7716
7.5767 0.7600 0.7704
7.5949 0.7606 0.7691
7.6132 0.7613 0.7677
7.6314 0.7621 0.7663
7.6497 0.7629 0.7650
7.6679 0.7638 0.7637
7.6862 0.7646 0.7624
7.7045 0.7655 0.7612
7.7227 0.7663 0.7601
7.7410 0.7670 0.7591
7.7592 0.7676 0.7582
7.7775 0.7682 0.7574
7.7957 0.7686 0.7566
7.8140 0.7689 0.7560
7.8323 0.7691 0.7555
7.8505 0.7692 0.7550
7.8688 0.7693 0.7546
7.8870 0.7693 0.7543
7.9053 0.7693 0.7541
7.9235 0.7693 0.7539
7.9418 0.7693 0.7537
7.9601 0.7693 0.7536
7.9783 0.7694 0.7535
7.9966 0.7695 0.7534
8.0148 0.7697 0.7533
8.0331 0.7700 0.7532
8.0513 0.7703 0.7530
8.0696 0.7706 0.7528
8.0878 0.7709 0.7525
8.1061 0.7712 0.7522
8.1244 0.7715 0.7517
8.1426 0.7717 0.7511
8.1609 0.7719 0.7504
8.1791 0.7720 0.7496
8.1974 0.7720 0.7486
8.2156 0.7719 0.7475
8.2339 0.7718 0.7463
8.2522 0.7716 0.7450
8.2704 0.7713 0.7436
8.2887 0.7710 0.7423
8.3069 0.7706 0.7409
8.3252 0.7702 0.7395
8.3434 0.7697 0.7383
8.3617 0.7693 0.7372
8.3800 0.7688 0.7362
8.3982 0.7683 0.7354
8.4165 0.7679 0.7347
8.4347 0.7674 0.7343
8.4530 0.7670 0.7341
8.4712 0.7667 0.7340
8.4895 0.7664 0.7342
8.5078 0.7662 0.7345
8.5260 0.7661 0.7350
8.5443 0.7661 0.7356
8.5625 0.7662 0.7364
8.5808 0.7663 0.7371
8.5990 0.7666 0.7380
8.6173 0.7670 0.7388
8.6356 0.7674 0.7397
8.6538 0.7680 0.7406
8.6721 0.7687 0.7414
8.6903 0.7694 0.7421
8.7086 0.7702 0.7428
8.7268 0.7710 0.7435
8.7451 0.7719 0.7441
8.7634 0.7728 0.7447
8.7816 0.7736 0.7452
8.7999 0.7745 0.7456
8.8181 0.7752 0.7461
8.8364 0.7759 0.7465
8.8546 0.7765 0.7469
8.8729 0.7770 0.7473
8.8912 0.7773 0.7476
8.9094 0.7776 0.7480
8.9277 0.7776 0.7483
8.9459 0.7776 0.7486
8.9642 0.7773 0.7490
8.9824 0.7770 0.7492
9.0007 0.7764 0.7495
9.0190 0.7758 0.7498
9.0372 0.7750 0.7500
9.0555 0.7741 0.7502
9.0737 0.7731 0.7504
9.0920 0.7720 0.7505
9.1102 0.7708 0.7506
9.1285 0.7696 0.7507
9.1468 0.7683 0.7507
9.1650 0.7670 0.7506
9.1833 0.7656 0.7505
9.2015 0.7643 0.7504
9.2198 0.7630 0.7501
9.2380 0.7617 0.7497
9.2563 0.7604 0.7492
9.2746 0.7592 0.7485
9.2928 0.7581 0.7478
9.3111 0.7571 0.7468
9.3293 0.7562 0.7458
9.3476 0.7554 0.7446
9.3658 0.7547 0.7433
9.3841 0.7542 0.7420
9.4024 0.7539 0.7406
9.4206 0.7537 0.7392
9.4389 0.7536 0.7378
9.4571 0.7537 0.7364
9.4754 0.7539 0.7352
9.4936 0.7543 0.7340
9.5119 0.7547 0.7331
9.5302 0.7552 0.7323
9.5484 0.7558 0.7316
9.5667 0.7563 0.7312
9.5849 0.7569 0.7309
9.6032 0.7574 0.7308
9.6214 0.7579 0.7309
9.6397 0.7583 0.7311
9.6580 0.7586 0.7314
9.6762 0.7589 0.7318
9.6945 0.7590 0.7323
9.7127 0.7591 0.7327
9.7310 0.7591 0.7332
9.7492 0.7590 0.7336
9.7675 0.7589 0.7340
9.7858 0.7587 0.7343
9.8040 0.7584 0.7346
9.8223 0.7582 0.7347
9.8405 0.7579 0.7348
9.8588 0.7577 0.7349
9.8770 0.7575 0.7349
9.8953 0.7572 0.7349
9.9135 0.7571 0.7349
9.9318 0.7569 0.7349
9.9501 0.7568 0.7349
9.9683 0.7567 0.7350
9.9866 0.7567 0.7352
10.0048 0.7567 0.7354
10.0231 0.7567 0.7357
10.0413 0.7568 0.7362
10.0596 0.7569 0.7367
10.0779 0.7570 0.7373
10.0961 0.7572 0.7380
10.1144 0.7573 0.7387
10.1326 0.7575 0.7395
10.1509 0.7578 0.7404
10.1691 0.7580 0.7412
10.1874 0.7583 0.7421
10.2057 0.7585 0.7429
10.2239 0.7588 0.7437
10.2422 0.7591 0.7444
10.2604 0.7594 0.7450
10.2787 0.7596 0.7456
10.2969 0.7599 0.7460
10.3152 0.7601 0.7463
10.3335 0.7602 0.7465
10.3517 0.7604 0.7466
10.3700 0.7605 0.7466
10.3882 0.7605 0.7464
10.4065 0.7605 0.7461
10.4247 0.7605 0.7458
10.4430 0.7605 0.7453
10.4613 0.7604 0.7447
10.4795 0.7603 0.7441
10.4978 0.7602 0.7434
10.5160 0.7601 0.7427
10.5343 0.7600 0.7419
10.5525 0.7599 0.7411
10.5708 0.7597 0.7403
10.5891 0.7595 0.7394
10.6073 0.7593 0.7386
10.6256 0.7591 0.7378
10.6438 0.7588 0.7370
10.6621 0.7585 0.7362
10.6803 0.7582 0.7354
10.6986 0.7578 0.7347
10.7169 0.7573 0.7340
10.7351 0.7568 0.7333
10.7534 0.7563 0.7327
10.7716 0.7558 0.7321
10.7899 0.7552 0.7315
10.8081 0.7546 0.7311
10.8264 0.7540 0.7307
10.8447 0.7534 0.7303
10.8629 0.7528 0.7301
10.8812 0.7522 0.7299
10.8994 0.7517 0.7297
10.9177 0.7512 0.7297
10.9359 0.7507 0.7297
10.9542 0.7502 0.7298
10.9725 0.7498 0.7300
10.9907 0.7494 0.7302
11.0090 0.7491 0.7305
11.0272 0.7488 0.7308
11.0455 0.7485 0.7311
11.0637 0.7483 0.7315
11.0820 0.7481 0.7319
11.1003 0.7479 0.7323
11.1185 0.7478 0.7327
11.1368 0.7477 0.7332
11.1550 0.7477 0.7336
11.1733 0.7478 0.7340
11.1915 0.7479 0.7345
11.2098 0.7481 0.7349
11.2281 0.7483 0.7353
11.2463 0.7486 0.7358
11.2646 0.7490 0.7362
11.2828 0.7494 0.7366
11.3011 0.7498 0.7370
11.3193 0.7503 0.7375
11.3376 0.7508 0.7379
11.3559 0.7513 0.7383
11.3741 0.7519 0.7387
11.3924 0.7524 0.7391
11.4106 0.7528 0.7395
11.4289 0.7533 0.7399
11.4471 0.7537 0.7403
11.4654 0.7540 0.7407
11.4837 0.7543 0.7411
11.5019 0.7546 0.7415
11.5202 0.7548 0.7419
11.5384 0.7549 0.7424
11.5567 0.7551 0.7428
11.5749 0.7552 0.7433
11.5932 0.7553 0.7437
11.6115 0.7553 0.7442
11.6297 0.7554 0.7447
11.6480 0.7555 0.7451
11.6662 0.7556 0.7455
11.6845 0.7558 0.7460
11.7027 0.7559 0.7464
11.7210 0.7562 0.7467
11.7392 0.7564 0.7471
11.7575 0.7567 0.7475
11.7758 0.7570 0.7478
11.7940 0.7574 0.7481
11.8123 0.7578 0.7484
11.8305 0.7582 0.7487
11.8488 0.7586 0.7490
11.8670 0.7589 0.7493
11.8853 0.7593 0.7496
11.9036 0.7597 0.7499
11.9218 0.7600 0.7502
11.9401 0.7603 0.7505
11.9583 0.7605 0.7508
11.9766 0.7607 0.7510
11.9948 0.7608 0.7513
12.0131 0.7609 0.7516
12.0314 0.7609 0.7518
12.0496 0.7609 0.7521
12.0679 0.7609 0.7523
12.0861 0.7608 0.7525
12.1044 0.7608 0.7527
12.1226 0.7607 0.7529
12.1409 0.7606 0.7532
12.1592 0.7606 0.7534
12.1774 0.7605 0.7536
12.1957 0.7605 0.7538
12.2139 0.7606 0.7540
12.2322 0.7607 0.7542
12.2504 0.7608 0.7544
12.2687 0.7610 0.7546
12.2870 0.7613 0.7549
12.3052 0.7617 0.7552
12.3235 0.7621 0.7555
12.3417 0.7626 0.7558
12.3600 0.7631 0.7562
12.3782 0.7637 0.7565
12.3965 0.7643 0.7570
12.4148 0.7650 0.7575
12.4330 0.7657 0.7580
12.4513 0.7664 0.7585
12.4695 0.7671 0.7591
12.4878 0.7678 0.7598
12.5060 0.7685 0.7605
12.5243 0.7691 0.7612
12.5426 0.7698 0.7619
12.5608 0.7704 0.7627
12.5791 0.7709 0.7635
12.5973 0.7714 0.7644
12.6156 0.7719 0.7652
12.6338 0.7724 0.7661
12.6521 0.7727 0.7669
12.6704 0.7731 0.7678
12.6886 0.7734 0.7687
12.7069 0.7737 0.7696
12.7251 0.7740 0.7704
12.7434 0.7743 0.7713
12.7616 0.7745 0.7721
12.7799 0.7748 0.7730
12.7982 0.7751 0.7738
12.8164 0.7753 0.7747
12.8347 0.7756 0.7755
12.8529 0.7759 0.7763
12.8712 0.7763 0.7771
12.8894 0.7766 0.7779
12.9077 0.7770 0.7787
12.9260 0.7775 0.7795
12.9442 0.7780 0.7802
12.9625 0.7785 0.7810
12.9807 0.7791 0.7817
12.9990 0.7796 0.7825
13.0172 0.7802 0.7832
13.0355 0.7809 0.7839
13.0538 0.7815 0.7846
13.0720 0.7821 0.7853
13.0903 0.7827 0.7859
13.1085 0.7833 0.7866
13.1268 0.7839 0.7872
13.1450 0.7844 0.7878
13.1633 0.7849 0.7883
13.1816 0.7854 0.7889
13.1998 0.7858 0.7895
13.2181 0.7862 0.7900
13.2363 0.7866 0.7905
13.2546 0.7869 0.7910
13.2728 0.7872 0.7915
13.2911 0.7874 0.7920
13.3094 0.7877 0.7925
13.3276 0.7879 0.7929
13.3459 0.7881 0.7934
13.3641 0.7883 0.7939
13.3824 0.7885 0.7943
13.4006 0.7888 0.7948
13.4189 0.7890 0.7953
13.4371 0.7893 0.7957
13.4554 0.7896 0.7961
13.4737 0.7900 0.7966
13.4919 0.7903 0.7970
13.5102 0.7907 0.7974
13.5284 0.7911 0.7978
13.5467 0.7916 0.7982
13.5649 0.7921 0.7986
13.5832 0.7926 0.7989
13.6015 0.7931 0.7993
13.6197 0.7937 0.7996
13.6380 0.7942 0.8000
13.6562 0.7949 0.8004
13.6745 0.7955 0.8007
13.6927 0.7961 0.8011
13.7110 0.7968 0.8015
13.7293 0.7974 0.8019
13.7475 0.7981 0.8023
13.7658 0.7988 0.8027
13.7840 0.7995 0.8031
13.8023 0.8002 0.8036
13.8205 0.8009 0.8040
13.8388 0.8016 0.8045
13.8571 0.8023 0.8049
13.8753 0.8030 0.8054
13.8936 0.8037 0.8058
13.9118 0.8043 0.8063
13.9301 0.8049 0.8067
13.9483 0.8055 0.8071
13.9666 0.8061 0.8075
13.9849 0.8066 0.8079
14.0031 0.8071 0.8083
14.0214 0.8075 0.8086
14.0396 0.8079 0.8090
14.0579 0.8083 0.8093
14.0761 0.8087 0.8096
14.0944 0.8090 0.8099
14.1127 0.8093 0.8102
14.1309 0.8095 0.8104
14.1492 0.8098 0.8107
14.1674 0.8100 0.8110
14.1857 0.8102 0.8112
14.2039 0.8105 0.8115
14.2222 0.8107 0.8118
14.2405 0.8109 0.8121
14.2587 0.8111 0.8124
14.2770 0.8114 0.8127
14.2952 0.8116 0.8130
14.3135 0.8119 0.8133
14.3317 0.8122 0.8137
14.3500 0.8125 0.8141
14.3683 0.8128 0.8145
14.3865 0.8131 0.8149
14.4048 0.8134 0.8153
14.4230 0.8137 0.8158
14.4413 0.8141 0.8162
14.4595 0.8144 0.8167
14.4778 0.8147 0.8172
14.4961 0.8151 0.8177
14.5143 0.8154 0.8182
14.5326 0.8158 0.8187
14.5508 0.8161 0.8192
14.5691 0.8164 0.8198
14.5873 0.8168 0.8203
14.6056 0.8171 0.8208
14.6239 0.8175 0.8214
14.6421 0.8178 0.8219
14.6604 0.8182 0.8224
14.6786 0.8185 0.8229
14.6969 0.8189 0.8234
14.7151 0.8193 0.8239
14.7334 0.8197 0.8244
14.7517 0.8201 0.8249
14.7699 0.8205 0.8253
14.7882 0.8209 0.8257
14.8064 0.8214 0.8261
14.8247 0.8218 0.8265
14.8429 0.8222 0.8268
14.8612 0.8226 0.8271
14.8795 0.8231 0.8274
14.8977 0.8235 0.8277
14.9160 0.8239 0.8280
14.9342 0.8244 0.8282
14.9525 0.8248 0.8285
14.9707 0.8252 0.8287
14.9890 0.8256 0.8289
15.0073 0.8260 0.8291
15.0255 0.8264 0.8293
15.0438 0.8267 0.8295
15.0620 0.8271 0.8297
15.0803 0.8274 0.8299
15.0985 0.8278 0.8301
15.1168 0.8281 0.8304
15.1351 0.8284 0.8306
15.1533 0.8287 0.8308
15.1716 0.8290 0.8310
15.1898 0.8293 0.8312
15.2081 0.8296 0.8314
15.2263 0.8298 0.8316
15.2446 0.8301 0.8318
15.2628 0.8303 0.8320
15.2811 0.8305 0.8322
15.2994 0.8308 0.8324
15.3176 0.8310 0.8326
15.3359 0.8312 0.8327
15.3541 0.8314 0.8329
15.3724 0.8316 0.8331
15.3906 0.8319 0.8332
15.4089 0.8321 0.8334
15.4272 0.8324 0.8335
15.4454 0.8326 0.8337
15.4637 0.8329 0.8339
15.4819 0.8331 0.8341
15.5002 0.8334 0.8343
15.5184 0.8337 0.8345
15.5367 0.8340 0.8348
15.5550 0.8342 0.8350
15.5732 0.8345 0.8353
15.5915 0.8348 0.8356
15.6097 0.8351 0.8359
15.6280 0.8354 0.8363
15.6462 0.8357 0.8366
15.6645 0.8360 0.8369
15.6828 0.8363 0.8373
15.7010 0.8365 0.8376
15.7193 0.8368 0.8380
15.7375 0.8371 0.8383
15.7558 0.8374 0.8387
15.7740 0.8377 0.8390
15.7923 0.8379 0.8393
15.8106 0.8382 0.8397
15.8288 0.8385 0.8400
15.8471 0.8388 0.8403
15.8653 0.8391 0.8406
15.8836 0.8394 0.8409
15.9018 0.8397 0.8412
15.9201 0.8399 0.8415
15.9384 0.8402 0.8418
15.9566 0.8405 0.8421
15.9749 0.8408 0.8424
15.9931 0.8411 0.8427
16.0114 0.8413 0.8430
16.0296 0.8416 0.8433
16.0479 0.8419 0.8436
16.0662 0.8421 0.8439
16.0844 0.8424 0.8442
16.1027 0.8426 0.8445
16.1209 0.8429 0.8448
16.1392 0.8431 0.8451
16.1574 0.8434 0.8454
16.1757 0.8436 0.8457
16.1940 0.8439 0.8460
16.2122 0.8441 0.8463
16.2305 0.8443 0.8466
16.2487 0.8446 0.8468
16.2670 0.8449 0.8471
16.2852 0.8451 0.8474
16.3035 0.8454 0.8477
16.3218 0.8456 0.8479
16.3400 0.8459 0.8482
16.3583 0.8462 0.8485
16.3765 0.8465 0.8487
16.3948 0.8468 0.8490
16.4130 0.8471 0.8492
16.4313 0.8474 0.8495
16.4496 0.8477 0.8497
16.4678 0.8481 0.8500
16.4861 0.8484 0.8503
16.5043 0.8487 0.8505
16.5226 0.8491 0.8508
16.5408 0.8494 0.8511
16.5591 0.8498 0.8513
16.5774 0.8501 0.8516
16.5956 0.8505 0.8519
16.6139 0.8509 0.8522
16.6321 0.8513 0.8525
16.6504 0.8516 0.8527
16.6686 0.8520 0.8530
16.6869 0.8524 0.8533
16.7052 0.8528 0.8536
16.7234 0.8532 0.8540
16.7417 0.8535 0.8543
16.7599 0.8539 0.8546
16.7782 0.8543 0.8549
16.7964 0.8547 0.8552
16.8147 0.8551 0.8555
16.8330 0.8554 0.8559
16.8512 0.8558 0.8562
16.8695 0.8562 0.8565
16.8877 0.8565 0.8568
16.9060 0.8569 0.8572
16.9242 0.8573 0.8575
16.9425 0.8576 0.8578
16.9608 0.8580 0.8582
16.9790 0.8583 0.8585
16.9973 0.8587 0.8588
17.0155 0.8590 0.8591
17.0338 0.8594 0.8594
17.0520 0.8597 0.8598
17.0703 0.8601 0.8601
17.0885 0.8604 0.8604
17.1068 0.8607 0.8607
17.1251 0.8611 0.8610
17.1433 0.8614 0.8613
17.1616 0.8617 0.8617
17.1798 0.8621 0.8620
17.1981 0.8624 0.8623
17.2163 0.8627 0.8626
17.2346 0.8631 0.8630
17.2529 0.8634 0.8633
17.2711 0.8637 0.8636
17.2894 0.8640 0.8640
17.3076 0.8643 0.8643
17.3259 0.8647 0.8647
17.3441 0.8650 0.8650
17.3624 0.8653 0.8654
17.3807 0.8657 0.8658
17.3989 0.8660 0.8661
17.4172 0.8663 0.8665
17.4354 0.8667 0.8669
17.4537 0.8670 0.8673
17.4719 0.8674 0.8676
17.4902 0.8677 0.8680
17.5085 0.8681 0.8684
17.5267 0.8684 0.8688
17.5450 0.8688 0.8692
17.5632 0.8692 0.8695
17.5815 0.8695 0.8699
17.5997 0.8699 0.8703
17.6180 0.8703 0.8706
17.6363 0.8707 0.8710
17.6545 0.8710 0.8714
17.6728 0.8714 0.8717
17.6910 0.8718 0.8721
17.7093 0.8722 0.8724
17.7275 0.8725 0.8728
17.7458 0.8729 0.8731
17.7641 0.8733 0.8734
17.7823 0.8736 0.8738
17.8006 0.8740 0.8741
17.8188 0.8743 0.8744
17.8371 0.8747 0.8747
17.8553 0.8750 0.8751
17.8736 0.8753 0.8754
17.8919 0.8756 0.8757
17.9101 0.8760 0.8760
17.9284 0.8763 0.8763
17.9466 0.8766 0.8766
17.9649 0.8769 0.8769
17.9831 0.8772 0.8772
18.0014 0.8775 0.8775
18.0197 0.8778 0.8779
18.0379 0.8781 0.8782
18.0562 0.8783 0.8785
18.0744 0.8786 0.8787
18.0927 0.8789 0.8790
18.1109 0.8792 0.8793
18.1292 0.8795 0.8796
18.1475 0.8798 0.8799
18.1657 0.8801 0.8802
18.1840 0.8804 0.8805
18.2022 0.8807 0.8808
18.2205 0.8810 0.8810
18.2387 0.8814 0.8813
18.2570 0.8817 0.8816
18.2753 0.8820 0.8819
18.2935 0.8823 0.8822
18.3118 0.8827 0.8825
18.3300 0.8830 0.8827
18.3483 0.8833 0.8830
18.3665 0.8837 0.8833
18.3848 0.8840 0.8836
18.4031 0.8843 0.8839
18.4213 0.8847 0.8842
18.4396 0.8850 0.8846
18.4578 0.8853 0.8849
18.4761 0.8857 0.8852
18.4943 0.8860 0.8855
18.5126 0.8863 0.8858
18.5309 0.8866 0.8861
18.5491 0.8869 0.8864
18.5674 0.8872 0.8868
18.5856 0.8875 0.8871
18.6039 0.8878 0.8874
18.6221 0.8881 0.8877
18.6404 0.8884 0.8880
18.6587 0.8886 0.8883
18.6769 0.8889 0.8887
18.6952 0.8892 0.8890
18.7134 0.8895 0.8893
18.7317 0.8897 0.8896
18.7499 0.8900 0.8899
18.7682 0.8903 0.8902
18.7864 0.8905 0.8905
18.8047 0.8908 0.8908
18.8230 0.8911 0.8911
18.8412 0.8914 0.8914
18.8595 0.8916 0.8916
18.8777 0.8919 0.8919
18.8960 0.8922 0.8922
18.9142 0.8925 0.8925
18.9325 0.8927 0.8928
18.9508 0.8930 0.8930
18.9690 0.8933 0.8933
18.9873 0.8936 0.8936
19.0055 0.8938 0.8938
19.0238 0.8941 0.8941
19.0420 0.8944 0.8943
19.0603 0.8947 0.8946
19.0786 0.8949 0.8949
19.0968 0.8952 0.8951
19.1151 0.8954 0.8954
19.1333 0.8957 0.8956
19.1516 0.8960 0.8959
19.1698 0.8962 0.8962
19.1881 0.8965 0.8964
19.2064 0.8967 0.8967
19.2246 0.8970 0.8970
19.2429 0.8972 0.8972
19.2611 0.8975 0.8975
19.2794 0.8978 0.8977
19.2976 0.8980 0.8980
19.3159 0.8983 0.8983
19.3342 0.8985 0.8985
19.3524 0.8988 0.8988
19.3707 0.8990 0.8991
19.3889 0.8993 0.8993
19.4072 0.8995 0.8996
19.4254 0.8998 0.8999
19.4437 0.9000 0.9001
19.4620 0.9003 0.9004
19.4802 0.9006 0.9007
19.4985 0.9008 0.9009
19.5167 0.9011 0.9012
19.5350 0.9013 0.9014
19.5532 0.9016 0.9017
19.5715 0.9018 0.9020
19.5898 0.9021 0.9022
19.6080 0.9024 0.9025
19.6263 0.9026 0.9027
19.6445 0.9029 0.9030
19.6628 0.9031 0.9032
19.6810 0.9034 0.9035
19.6993 0.9036 0.9037
19.7176 0.9039 0.9040
19.7358 0.9042 0.9042
19.7541 0.9044 0.9045
19.7723 0.9047 0.9047
19.7906 0.9049 0.9050
19.8088 0.9052 0.9052
19.8271 0.9054 0.9055
19.8454 0.9057 0.9057
19.8636 0.9059 0.9060
19.8819 0.9062 0.9062
19.9001 0.9064 0.9065
19.9184 0.9067 0.9067
19.9366 0.9069 0.9069
19.9549 0.9072 0.9072
19.9732 0.9074 0.9074
19.9914 0.9077 0.9077
20.0097 0.9079 0.9079
20.0279 0.9081 0.9081
20.0462 0.9084 0.9084
20.0644 0.9086 0.9086
20.0827 0.9088 0.9088
20.1010 0.9090 0.9091
20.1192 0.9093 0.9093
20.1375 0.9095 0.9095
20.1557 0.9097 0.9098
20.1740 0.9099 0.9100
20.1922 0.9101 0.9102
20.2105 0.9103 0.9105
20.2288 0.9106 0.9107
20.2470 0.9108 0.9109
20.2653 0.9110 0.9112
20.2835 0.9112 0.9114
20.3018 0.9114 0.9116
20.3200 0.9116 0.9118
20.3383 0.9118 0.9121
20.3566 0.9120 0.9123
20.3748 0.9123 0.9125
20.3931 0.9125 0.9127
20.4113 0.9127 0.9129
20.4296 0.9129 0.9131
20.4478 0.9131 0.9134
20.4661 0.9133 0.9136
20.4844 0.9135 0.9138
20.5026 0.9137 0.9140
20.5209 0.9140 0.9142
20.5391 0.9142 0.9144
20.5574 0.9144 0.9146
20.5756 0.9146 0.9148
20.5939 0.9148 0.9150
20.6121 0.9150 0.9152
20.6304 0.9152 0.9154
20.6487 0.9154 0.9156
20.6669 0.9156 0.9158
20.6852 0.9158 0.9160
20.7034 0.9161 0.9163
20.7217 0.9163 0.9165
20.7399 0.9165 0.9167
20.7582 0.9167 0.9169
20.7765 0.9169 0.9171
20.7947 0.9171 0.9173
20.8130 0.9173 0.9175
20.8312 0.9175 0.9176
20.8495 0.9177 0.9178
20.8677 0.9179 0.9180
20.8860 0.9181 0.9182
20.9043 0.9183 0.9184
20.9225 0.9185 0.9186
20.9408 0.9187 0.9188
20.9590 0.9189 0.9190
20.9773 0.9191 0.9192
20.9955 0.9193 0.9194
21.0138 0.9195 0.9195
21.0321 0.9197 0.9197
21.0503 0.9198 0.9199
21.0686 0.9200 0.9201
21.0868 0.9202 0.9203
21.1051 0.9204 0.9204
21.1233 0.9206 0.9206
21.1416 0.9208 0.9208
21.1599 0.9210 0.9210
21.1781 0.9211 0.9212
21.1964 0.9213 0.9213
21.2146 0.9215 0.9215
21.2329 0.9217 0.9217
21.2511 0.9219 0.9219
21.2694 0.9220 0.9220
21.2877 0.9222 0.9222
21.3059 0.9224 0.9224
21.3242 0.9225 0.9225
21.3424 0.9227 0.9227
21.3607 0.9229 0.9229
21.3789 0.9231 0.9231
21.3972 0.9232 0.9232
21.4155 0.9234 0.9234
21.4337 0.9236 0.9236
21.4520 0.9237 0.9237
21.4702 0.9239 0.9239
21.4885 0.9241 0.9241
21.5067 0.9242 0.9242
21.5250 0.9244 0.9244
21.5433 0.9246 0.9246
21.5615 0.9248 0.9247
21.5798 0.9249 0.9249
21.5980 0.9251 0.9251
21.6163 0.9253 0.9252
21.6345 0.9254 0.9254
21.6528 0.9256 0.9256
21.6711 0.9258 0.9257
21.6893 0.9259 0.9259
21.7076 0.9261 0.9260
21.7258 0.9263 0.9262
21.7441 0.9264 0.9264
21.7623 0.9266 0.9265
21.7806 0.9267 0.9267
21.7989 0.9269 0.9268
21.8171 0.9271 0.9270
21.8354 0.9272 0.9272
21.8536 0.9274 0.9273
21.8719 0.9275 0.9275
21.8901 0.9277 0.9276
21.9084 0.9278 0.9278
21.9267 0.9280 0.9279
21.9449 0.9281 0.9281
21.9632 0.9283 0.9283
21.9814 0.9284 0.9284
21.9997 0.9286 0.9286
22.0179 0.9287 0.9287
22.0362 0.9289 0.9289
22.0545 0.9290 0.9290
22.0727 0.9292 0.9292
22.0910 0.9293 0.9293
22.1092 0.9294 0.9295
22.1275 0.9296 0.9296
22.1457 0.9297 0.9297
22.1640 0.9299 0.9299
22.1823 0.9300 0.9300
22.2005 0.9302 0.9302
22.2188 0.9303 0.9303
22.2370 0.9305 0.9305
22.2553 0.9306 0.9306
22.2735 0.9308 0.9308
22.2918 0.9309 0.9309
22.3101 0.9311 0.9310
22.3283 0.9312 0.9312
22.3466 0.9313 0.9313
22.3648 0.9315 0.9315
22.3831 0.9316 0.9316
22.4013 0.9318 0.9317
22.4196 0.9319 0.9319
22.4378 0.9320 0.9320
22.4561 0.9322 0.9321
22.4744 0.9323 0.9323
22.4926 0.9324 0.9324
22.5109 0.9326 0.9326
22.5291 0.9327 0.9327
22.5474 0.9328 0.9328
22.5656 0.9330 0.9330
22.5839 0.9331 0.9331
22.6022 0.9332 0.9332
22.6204 0.9334 0.9334
22.6387 0.9335 0.9335
22.6569 0.9336 0.9336
22.6752 0.9338 0.9338
22.6934 0.9339 0.9339
22.7117 0.9340 0.9340
22.7300 0.9342 0.9342
22.7482 0.9343 0.9343
22.7665 0.9344 0.9344
22.7847 0.9345 0.9346
22.8030 0.9347 0.9347
22.8212 0.9348 0.9348
22.8395 0.9349 0.9349
22.8578 0.9351 0.9351
22.8760 0.9352 0.9352
22.8943 0.9353 0.9353
22.9125 0.9354 0.9354
22.9308 0.9356 0.9356
22.9490 0.9357 0.9357
22.9673 0.9358 0.9358
22.9856 0.9359 0.9359
23.0038 0.9361 0.9361
23.0221 0.9362 0.9362
23.0403 0.9363 0.9363
23.0586 0.9364 0.9364
23.0768 0.9366 0.9365
23.0951 0.9367 0.9367
23.1134 0.9368 0.9368
23.1316 0.9369 0.9369
23.1499 0.9370 0.9370
23.1681 0.9372 0.9371
23.1864 0.9373 0.9373
23.2046 0.9374 0.9374
23.2229 0.9375 0.9375
23.2412 0.9376 0.9376
23.2594 0.9378 0.9377
23.2777 0.9379 0.9378
23.2959 0.9380 0.9380
23.3142 0.9381 0.9381
23.3324 0.9382 0.9382
23.3507 0.9384 0.9383
23.3690 0.9385 0.9384
23.3872 0.9386 0.9386
23.4055 0.9387 0.9387
23.4237 0.9388 0.9388
23.4420 0.9389 0.9389
23.4602 0.9390 0.9390
23.4785 0.9392 0.9392
23.4968 0.9393 0.9393
23.5150 0.9394 0.9394
23.5333 0.9395 0.9395
23.5515 0.9396 0.9396
23.5698 0.9397 0.9397
23.5880 0.9398 0.9398
23.6063 0.9400 0.9399
23.6246 0.9401 0.9401
23.6428 0.9402 0.9402
23.6611 0.9403 0.9403
23.6793 0.9404 0.9404
23.6976 0.9405 0.9405
23.7158 0.9406 0.9406
23.7341 0.9407 0.9407
23.7524 0.9408 0.9408
23.7706 0.9409 0.9409
23.7889 0.9410 0.9410
23.8071 0.9411 0.9411
23.8254 0.9412 0.9412
23.8436 0.9413 0.9413
23.8619 0.9415 0.9414
23.8802 0.9416 0.9415
23.8984 0.9417 0.9416
23.9167 0.9418 0.9417
23.9349 0.9419 0.9418
23.9532 0.9420 0.9419
23.9714 0.9421 0.9420
23.9897 0.9422 0.9421
24.0080 0.9423 0.9422
24.0262 0.9424 0.9423
24.0445 0.9425 0.9424
24.0627 0.9426 0.9424
24.0810 0.9427 0.9425
24.0992 0.9428 0.9426
24.1175 0.9429 0.9427
24.1358 0.9430 0.9428
24.1540 0.9431 0.9429
24.1723 0.9432 0.9430
24.1905 0.9433 0.9431
24.2088 0.9434 0.9432
24.2270 0.9435 0.9433
24.2453 0.9436 0.9434
24.2635 0.9437 0.9435
24.2818 0.9438 0.9436
24.3001 0.9439 0.9437
24.3183 0.9440 0.9438
24.3366 0.9441 0.9439
24.3548 0.9442 0.9440
24.3731 0.9443 0.9441
24.3913 0.9444 0.9442
24.4096 0.9445 0.9442
24.4279 0.9445 0.9443
24.4461 0.9446 0.9444
24.4644 0.9447 0.9445
24.4826 0.9448 0.9446
24.5009 0.9449 0.9447
24.5191 0.9450 0.9448
24.5374 0.9451 0.9449
24.5557 0.9452 0.9450
24.5739 0.9453 0.9451
24.5922 0.9454 0.9452
24.6104 0.9455 0.9453
24.6287 0.9456 0.9453
24.6469 0.9456 0.9454
24.6652 0.9457 0.9455
24.6835 0.9458 0.9456
24.7017 0.9459 0.9457
24.7200 0.9460 0.9458
24.7382 0.9461 0.9459
24.7565 0.9462 0.9460
24.7747 0.9463 0.9461
24.7930 0.9463 0.9461
24.8113 0.9464 0.9462
24.8295 0.9465 0.9463
24.8478 0.9466 0.9464
24.8660 0.9467 0.9465
24.8843 0.9468 0.9466
24.9025 0.9468 0.9467
24.9208 0.9469 0.9468
24.9391 0.9470 0.9469
24.9573 0.9471 0.9470
24.9756 0.9472 0.9470
24.9938 0.9473 0.9471
25.0121 0.9474 0.9472
25.0303 0.9474 0.9473
25.0486 0.9475 0.9474
25.0669 0.9476 0.9475
25.0851 0.9477 0.9476
25.1034 0.9478 0.9477
25.1216 0.9479 0.9478
25.1399 0.9480 0.9479
25.1581 0.9480 0.9479
25.1764 0.9481 0.9480
25.1947 0.9482 0.9481
25.2129 0.9483 0.9482
25.2312 0.9484 0.9483
25.2494 0.9485 0.9484
25.2677 0.9486 0.9485
25.2859 0.9486 0.9485
25.3042 0.9487 0.9486
25.3225 0.9488 0.9487
25.3407 0.9489 0.9488
25.3590 0.9490 0.9489
25.3772 0.9490 0.9490
25.3955 0.9491 0.9490
25.4137 0.9492 0.9491
25.4320 0.9493 0.9492
25.4503 0.9494 0.9493
25.4685 0.9495 0.9494
25.4868 0.9495 0.9495
25.5050 0.9496 0.9495
25.5233 0.9497 0.9496
25.5415 0.9498 0.9497
25.5598 0.9499 0.9498
25.5781 0.9500 0.9499
25.5963 0.9500 0.9499
25.6146 0.9501 0.9500
25.6328 0.9502 0.9501
25.6511 0.9503 0.9502
25.6693 0.9504 0.9503
25.6876 0.9504 0.9503
25.7059 0.9505 0.9504
25.7241 0.9506 0.9505
25.7424 0.9507 0.9506
25.7606 0.9508 0.9507
25.7789 0.9509 0.9507
25.7971 0.9509 0.9508
25.8154 0.9510 0.9509
25.8337 0.9511 0.9510
25.8519 0.9512 0.9511
25.8702 0.9512 0.9511
25.8884 0.9513 0.9512
25.9067 0.9514 0.9513
25.9249 0.9515 0.9514
25.9432 0.9516 0.9515
25.9614 0.9516 0.9515
25.9797 0.9517 0.9516
25.9980 0.9518 0.9517
26.0162 0.9519 0.9518
26.0345 0.9519 0.9518
26.0527 0.9520 0.9519
26.0710 0.9521 0.9520
26.0892 0.9522 0.9521
26.1075 0.9523 0.9522
26.1258 0.9523 0.9522
26.1440 0.9524 0.9523
26.1623 0.9525 0.9524
26.1805 0.9526 0.9525
26.1988 0.9526 0.9525
26.2170 0.9527 0.9526
26.2353 0.9528 0.9527
26.2536 0.9529 0.9528
26.2718 0.9529 0.9528
26.2901 0.9530 0.9529
26.3083 0.9531 0.9530
26.3266 0.9532 0.9531
26.3448 0.9532 0.9531
26.3631 0.9533 0.9532
26.3814 0.9534 0.9533
26.3996 0.9535 0.9534
26.4179 0.9535 0.9534
26.4361 0.9536 0.9535
26.4544 0.9537 0.9536
26.4726 0.9538 0.9537
26.4909 0.9538 0.9537
26.5092 0.9539 0.9538
26.5274 0.9540 0.9539
26.5457 0.9540 0.9539
26.5639 0.9541 0.9540
26.5822 0.9542 0.9541
26.6004 0.9543 0.9542
26.6187 0.9543 0.9542
26.6370 0.9544 0.9543
26.6552 0.9545 0.9544
26.6735 0.9546 0.9544
26.6917 0.9546 0.9545
26.7100 0.9547 0.9546
26.7282 0.9548 0.9547
26.7465 0.9548 0.9547
26.7648 0.9549 0.9548
26.7830 0.9550 0.9549
26.8013 0.9551 0.9549
26.8195 0.9551 0.9550
26.8378 0.9552 0.9551
26.8560 0.9553 0.9552
26.8743 0.9553 0.9552
26.8926 0.9554 0.9553
26.9108 0.9555 0.9554
26.9291 0.9556 0.9554
26.9473 0.9556 0.9555
26.9656 0.9557 0.9556
26.9838 0.9558 0.9556
27.0021 0.9558 0.9557
27.0204 0.9559 0.9558
27.0386 0.9560 0.9558
27.0569 0.9560 0.9559
27.0751 0.9561 0.9560
27.0934 0.9562 0.9561
27.1116 0.9562 0.9561
27.1299 0.9563 0.9562
27.1482 0.9564 0.9563
27.1664 0.9564 0.9563
27.1847 0.9565 0.9564
27.2029 0.9566 0.9565
27.2212 0.9566 0.9565
27.2394 0.9567 0.9566
27.2577 0.9568 0.9567
27.2760 0.9568 0.9567
27.2942 0.9569 0.9568
27.3125 0.9570 0.9569
27.3307 0.9570 0.9569
27.3490 0.9571 0.9570
27.3672 0.9572 0.9571
27.3855 0.9572 0.9571
27.4038 0.9573 0.9572
27.4220 0.9573 0.9573
27.4403 0.9574 0.9573
27.4585 0.9575 0.9574
27.4768 0.9575 0.9575
27.4950 0.9576 0.9575
27.5133 0.9577 0.9576
27.5316 0.9577 0.9576
27.5498 0.9578 0.9577
27.5681 0.9579 0.9578
27.5863 0.9579 0.9578
27.6046 0.9580 0.9579
27.6228 0.9581 0.9580
27.6411 0.9581 0.9580
27.6594 0.9582 0.9581
27.6776 0.9582 0.9582
27.6959 0.9583 0.9582
27.7141 0.9584 0.9583
27.7324 0.9584 0.9583
27.7506 0.9585 0.9584
27.7689 0.9586 0.9585
27.7871 0.9586 0.9585
27.8054 0.9587 0.9586
27.8237 0.9587 0.9586
27.8419 0.9588 0.9587
27.8602 0.9589 0.9588
27.8784 0.9589 0.9588
27.8967 0.9590 0.9589
27.9149 0.9591 0.9590
27.9332 0.9591 0.9590
27.9515 0.9592 0.9591
27.9697 0.9592 0.9591
27.9880 0.9593 0.9592
28.0062 0.9594 0.9593
28.0245 0.9594 0.9593
28.0427 0.9595 0.9594
28.0610 0.9595 0.9594
28.0793 0.9596 0.9595
28.0975 0.9597 0.9596
28.1158 0.9597 0.9596
28.1340 0.9598 0.9597
28.1523 0.9598 0.9597
28.1705 0.9599 0.9598
28.1888 0.9600 0.9598
28.2071 0.9600 0.9599
28.2253 0.9601 0.9600
28.2436 0.9601 0.9600
28.2618 0.9602 0.9601
28.2801 0.9603 0.9601
28.2983 0.9603 0.9602
28.3166 0.9604 0.9603
28.3349 0.9604 0.9603
28.3531 0.9605 0.9604
28.3714 0.9606 0.9604
28.3896 0.9606 0.9605
28.4079 0.9607 0.9605
28.4261 0.9607 0.9606
28.4444 0.9608 0.9607
28.4627 0.9608 0.9607
28.4809 0.9609 0.9608
28.4992 0.9610 0.9608
28.5174 0.9610 0.9609
28.5357 0.9611 0.9610
28.5539 0.9611 0.9610
28.5722 0.9612 0.9611
28.5905 0.9612 0.9611
28.6087 0.9613 0.9612
28.6270 0.9614 0.9612
28.6452 0.9614 0.9613
28.6635 0.9615 0.9613
28.6817 0.9615 0.9614
28.7000 0.9616 0.9615
28.7183 0.9616 0.9615
28.7365 0.9617 0.9616
28.7548 0.9617 0.9616
28.7730 0.9618 0.9617
28.7913 0.9619 0.9617
28.8095 0.9619 0.9618
28.8278 0.9620 0.9618
28.8461 0.9620 0.9619
28.8643 0.9621 0.9620
28.8826 0.9621 0.9620
28.9008 0.9622 0.9621
28.9191 0.9622 0.9621
28.9373 0.9623 0.9622
28.9556 0.9623 0.9622
28.9739 0.9624 0.9623
28.9921 0.9625 0.9623
29.0104 0.9625 0.9624
29.0286 0.9626 0.9624
29.0469 0.9626 0.9625
29.0651 0.9627 0.9626
29.0834 0.9627 0.9626
29.1017 0.9628 0.9627
29.1199 0.9628 0.9627
29.1382 0.9629 0.9628
29.1564 0.9629 0.9628
29.1747 0.9630 0.9629
29.1929 0.9630 0.9629
29.2112 0.9631 0.9630
29.2295 0.9631 0.9630
29.2477 0.9632 0.9631
29.2660 0.9633 0.9631
29.2842 0.9633 0.9632
29.3025 0.9634 0.9632
29.3207 0.9634 0.9633
29.3390 0.9635 0.9633
29.3573 0.9635 0.9634
29.3755 0.9636 0.9634
29.3938 0.9636 0.9635
29.4120 0.9637 0.9635
29.4303 0.9637 0.9636
29.4485 0.9638 0.9636
29.4668 0.9638 0.9637
29.4851 0.9639 0.9637
29.5033 0.9639 0.9638
29.5216 0.9640 0.9638
29.5398 0.9640 0.9639
29.5581 0.9641 0.9639
29.5763 0.9641 0.9640
29.5946 0.9642 0.9640
29.6128 0.9642 0.9641
29.6311 0.9643 0.9641
29.6494 0.9643 0.9642
29.6676 0.9644 0.9642
29.6859 0.9644 0.9643
29.7041 0.9645 0.9643
29.7224 0.9645 0.9644
29.7406 0.9646 0.9644
29.7589 0.9646 0.9645
29.7772 0.9647 0.9645
29.7954 0.9647 0.9646
29.8137 0.9648 0.9646
29.8319 0.9648 0.9647
29.8502 0.9649 0.9647
29.8684 0.9649 0.9648
29.8867 0.9650 0.9648
29.9050 0.9650 0.9649
29.9232 0.9650 0.9649
29.9415 0.9651 0.9650
29.9597 0.9651 0.9650
29.9780 0.9652 0.9651
29.9962 0.9652 0.9651
30.0145 0.9653 0.9652
30.0328 0.9653 0.9652
30.0510 0.9654 0.9653
30.0693 0.9654 0.9653
30.0875 0.9655 0.9654
30.1058 0.9655 0.9654
30.1240 0.9656 0.9655
30.1423 0.9656 0.9655
30.1606 0.9657 0.9655
30.1788 0.9657 0.9656
30.1971 0.9658 0.9656
30.2153 0.9658 0.9657
30.2336 0.9659 0.9657
30.2518 0.9659 0.9658
30.2701 0.9659 0.9658
30.2884 0.9660 0.9659
30.3066 0.9660 0.9659
30.3249 0.9661 0.9660
30.3431 0.9661 0.9660
30.3614 0.9662 0.9661
30.3796 0.9662 0.9661
30.3979 0.9663 0.9661
30.4162 0.9663 0.9662
30.4344 0.9664 0.9662
30.4527 0.9664 0.9663
30.4709 0.9664 0.9663
30.4892 0.9665 0.9664
30.5074 0.9665 0.9664
30.5257 0.9666 0.9665
30.5440 0.9666 0.9665
30.5622 0.9667 0.9665
30.5805 0.9667 0.9666
30.5987 0.9668 0.9666
30.6170 0.9668 0.9667
30.6352 0.9668 0.9667
30.6535 0.9669 0.9668
30.6718 0.9669 0.9668
30.6900 0.9670 0.9669
30.7083 0.9670 0.9669
30.7265 0.9671 0.9669
30.7448 0.9671 0.9670
30.7630 0.9672 0.9670
30.7813 0.9672 0.9671
30.7996 0.9672 0.9671
30.8178 0.9673 0.9672
30.8361 0.9673 0.9672
30.8543 0.9674 0.9672
30.8726 0.9674 0.9673
30.8908 0.9675 0.9673
30.9091 0.9675 0.9674
30.9274 0.9675 0.9674
30.9456 0.9676 0.9675
30.9639 0.9676 0.9675
30.9821 0.9677 0.9675
31.0004 0.9677 0.9676
31.0186 0.9677 0.9676
31.0369 0.9678 0.9677
31.0552 0.9678 0.9677
31.0734 0.9679 0.9678
31.0917 0.9679 0.9678
31.1099 0.9680 0.9678
31.1282 0.9680 0.9679
31.1464 0.9680 0.9679
31.1647 0.9681 0.9680
31.1830 0.9681 0.9680
31.2012 0.9682 0.9680
31.2195 0.9682 0.9681
31.2377 0.9682 0.9681
31.2560 0.9683 0.9682
31.2742 0.9683 0.9682
31.2925 0.9684 0.9682
31.3107 0.9684 0.9683
31.3290 0.9685 0.9683
31.3473 0.9685 0.9684
31.3655 0.9685 0.9684
31.3838 0.9686 0.9684
31.4020 0.9686 0.9685
31.4203 0.9687 0.9685
31.4385 0.9687 0.9686
31.4568 0.9687 0.9686
31.4751 0.9688 0.9686
31.4933 0.9688 0.9687
31.5116 0.9689 0.9687
31.5298 0.9689 0.9688
31.5481 0.9689 0.9688
31.5663 0.9690 0.9688
31.5846 0.9690 0.9689
31.6029 0.9691 0.9689
31.6211 0.9691 0.9690
31.6394 0.9691 0.9690
31.6576 0.9692 0.9690
31.6759 0.9692 0.9691
31.6941 0.9692 0.9691
31.7124 0.9693 0.9692
31.7307 0.9693 0.9692
31.7489 0.9694 0.9692
31.7672 0.9694 0.9693
31.7854 0.9694 0.9693
31.8037 0.9695 0.9694
31.8219 0.9695 0.9694
31.8402 0.9696 0.9694
31.8585 0.9696 0.9695
31.8767 0.9696 0.9695
31.8950 0.9697 0.9695
31.9132 0.9697 0.9696
31.9315 0.9697 0.9696
31.9497 0.9698 0.9697
31.9680 0.9698 0.9697
31.9863 0.9699 0.9697
32.0045 0.9699 0.9698
32.0228 0.9699 0.9698
32.0410 0.9700 0.9698
32.0593 0.9700 0.9699
32.0775 0.9700 0.9699
32.0958 0.9701 0.9700
32.1141 0.9701 0.9700
32.1323 0.9702 0.9700
32.1506 0.9702 0.9701
32.1688 0.9702 0.9701
32.1871 0.9703 0.9701
32.2053 0.9703 0.9702
32.2236 0.9703 0.9702
32.2419 0.9704 0.9703
32.2601 0.9704 0.9703
32.2784 0.9705 0.9703
32.2966 0.9705 0.9704
32.3149 0.9705 0.9704
32.3331 0.9706 0.9704
32.3514 0.9706 0.9705
32.3697 0.9706 0.9705
32.3879 0.9707 0.9705
32.4062 0.9707 0.9706
32.4244 0.9707 0.9706
32.4427 0.9708 0.9707
32.4609 0.9708 0.9707
32.4792 0.9709 0.9707
32.4975 0.9709 0.9708
32.5157 0.9709 0.9708
32.5340 0.9710 0.9708
32.5522 0.9710 0.9709
32.5705 0.9710 0.9709
32.5887 0.9711 0.9709
32.6070 0.9711 0.9710
32.6253 0.9711 0.9710
32.6435 0.9712 0.9710
32.6618 0.9712 0.9711
32.6800 0.9712 0.9711
32.6983 0.9713 0.9712
32.7165 0.9713 0.9712
32.7348 0.9713 0.9712
32.7531 0.9714 0.9713
32.7713 0.9714 0.9713
32.7896 0.9714 0.9713
32.8078 0.9715 0.9714
32.8261 0.9715 0.9714
32.8443 0.9716 0.9714
32.8626 0.9716 0.9715
32.8809 0.9716 0.9715
32.8991 0.9717 0.9715
32.9174 0.9717 0.9716
32.9356 0.9717 0.9716
32.9539 0.9718 0.9716
32.9721 0.9718 0.9717
32.9904 0.9718 0.9717
33.0087 0.9719 0.9717
33.0269 0.9719 0.9718
33.0452 0.9719 0.9718
33.0634 0.9720 0.9718
33.0817 0.9720 0.9719
33.0999 0.9720 0.9719
33.1182 0.9721 0.9719
33.1364 0.9721 0.9720
33.1547 0.9721 0.9720
33.1730 0.9722 0.9720
33.1912 0.9722 0.9721
33.2095 0.9722 0.9721
33.2277 0.9723 0.9721
33.2460 0.9723 0.9722
33.2642 0.9723 0.9722
33.2825 0.9724 0.9722
33.3008 0.9724 0.9723
33.3190 0.9724 0.9723
33.3373 0.9725 0.9723
33.3555 0.9725 0.9724
33.3738 0.9725 0.9724
33.3920 0.9726 0.9724
33.4103 0.9726 0.9725
33.4286 0.9726 0.9725
33.4468 0.9727 0.9725
33.4651 0.9727 0.9726
33.4833 0.9727 0.9726
33.5016 0.9727 0.9726
33.5198 0.9728 0.9727
33.5381 0.9728 0.9727
33.5564 0.9728 0.9727
33.5746 0.9729 0.9728
33.5929 0.9729 0.9728
33.6111 0.9729 0.9728
33.6294 0.9730 0.9729
33.6476 0.9730 0.9729
33.6659 0.9730 0.9729
33.6842 0.9731 0.9729
33.7024 0.9731 0.9730
33.7207 0.9731 0.9730
33.7389 0.9732 0.9730
33.7572 0.9732 0.9731
33.7754 0.9732 0.9731
33.7937 0.9733 0.9731
33.8120 0.9733 0.9732
33.8302 0.9733 0.9732
33.8485 0.9733 0.9732
33.8667 0.9734 0.9733
33.8850 0.9734 0.9733
33.9032 0.9734 0.9733
33.9215 0.9735 0.9734
33.9398 0.9735 0.9734
33.9580 0.9735 0.9734
33.9763 0.9736 0.9734
33.9945 0.9736 0.9735
34.0128 0.9736 0.9735
34.0310 0.9737 0.9735
34.0493 0.9737 0.9736
34.0676 0.9737 0.9736
34.0858 0.9737 0.9736
34.1041 0.9738 0.9737
34.1223 0.9738 0.9737
34.1406 0.9738 0.9737
34.1588 0.9739 0.9738
34.1771 0.9739 0.9738
34.1954 0.9739 0.9738
34.2136 0.9740 0.9738
34.2319 0.9740 0.9739
34.2501 0.9740 0.9739
34.2684 0.9740 0.9739
34.2866 0.9741 0.9740
34.3049 0.9741 0.9740
34.3232 0.9741 0.9740
34.3414 0.9742 0.9740
34.3597 0.9742 0.9741
34.3779 0.9742 0.9741
34.3962 0.9743 0.9741
34.4144 0.9743 0.9742
34.4327 0.9743 0.9742
34.4510 0.9743 0.9742
34.4692 0.9744 0.9743
34.4875 0.9744 0.9743
34.5057 0.9744 0.9743
34.5240 0.9745 0.9743
34.5422 0.9745 0.9744
34.5605 0.9745 0.9744
34.5788 0.9745 0.9744
34.5970 0.9746 0.9745
34.6153 0.9746 0.9745
34.6335 0.9746 0.9745
34.6518 0.9747 0.9745
34.6700 0.9747 0.9746
34.6883 0.9747 0.9746
34.7066 0.9747 0.9746
34.7248 0.9748 0.9747
34.7431 0.9748 0.9747
34.7613 0.9748 0.9747
34.7796 0.9749 0.9747
34.7978 0.9749 0.9748
34.8161 0.9749 0.9748
34.8344 0.9749 0.9748
34.8526 0.9750 0.9749
34.8709 0.9750 0.9749
34.8891 0.9750 0.9749
34.9074 0.9751 0.9749
34.9256 0.9751 0.9750
34.9439 0.9751 0.9750
34.9621 0.9751 0.9750
34.9804 0.9752 0.9751
34.9987 0.9752 0.9751
35.0169 0.9752 0.9751
35.0352 0.9753 0.9751
35.0534 0.9753 0.9752
35.0717 0.9753 0.9752
35.0899 0.9753 0.9752
35.1082 0.9754 0.9752
35.1265 0.9754 0.9753
35.1447 0.9754 0.9753
35.1630 0.9754 0.9753
35.1812 0.9755 0.9754
35.1995 0.9755 0.9754
35.2177 0.9755 0.9754
35.2360 0.9756 0.9754
35.2543 0.9756 0.9755
35.2725 0.9756 0.9755
35.2908 0.9756 0.9755
35.3090 0.9757 0.9755
35.3273 0.9757 0.9756
35.3455 0.9757 0.9756
35.3638 0.9757 0.9756
35.3821 0.9758 0.9757
35.4003 0.9758 0.9757
35.4186 0.9758 0.9757
35.4368 0.9759 0.9757
35.4551 0.9759 0.9758
35.4733 0.9759 0.9758
35.4916 0.9759 0.9758
35.5099 0.9760 0.9758
35.5281 0.9760 0.9759
35.5464 0.9760 0.9759
35.5646 0.9760 0.9759
35.5829 0.9761 0.9759
35.6011 0.9761 0.9760
35.6194 0.9761 0.9760
35.6377 0.9761 0.9760
35.6559 0.9762 0.9761
35.6742 0.9762 0.9761
35.6924 0.9762 0.9761
35.7107 0.9762 0.9761
35.7289 0.9763 0.9762
35.7472 0.9763 0.9762
35.7655 0.9763 0.9762
35.7837 0.9763 0.9762
35.8020 0.9764 0.9763
35.8202 0.9764 0.9763
35.8385 0.9764 0.9763
35.8567 0.9765 0.9763
35.8750 0.9765 0.9764
35.8933 0.9765 0.9764
35.9115 0.9765 0.9764
35.9298 0.9766 0.9764
35.9480 0.9766 0.9765
35.9663 0.9766 0.9765
35.9845 0.9766 0.9765
36.0028 0.9767 0.9765
36.0211 0.9767 0.9766
36.0393 0.9767 0.9766
36.0576 0.9767 0.9766
36.0758 0.9768 0.9766
36.0941 0.9768 0.9767
36.1123 0.9768 0.9767
36.1306 0.9768 0.9767
36.1489 0.9769 0.9767
36.1671 0.9769 0.9768
36.1854 0.9769 0.9768
36.2036 0.9769 0.9768
36.2219 0.9770 0.9768
36.2401 0.9770 0.9769
36.2584 0.9770 0.9769
36.2767 0.9770 0.9769
36.2949 0.9771 0.9769
36.3132 0.9771 0.9770
36.3314 0.9771 0.9770
36.3497 0.9771 0.9770
36.3679 0.9772 0.9770
36.3862 0.9772 0.9771
36.4045 0.9772 0.9771
36.4227 0.9772 0.9771
36.4410 0.9772 0.9771
36.4592 0.9773 0.9772
36.4775 0.9773 0.9772
36.4957 0.9773 0.9772
