0.0000 18.5335 21.5613
0.0176 18.4619 21.4749
0.0352 18.2489 21.2182
0.0529 17.9008 20.7985
0.0705 17.4270 20.2276
0.0881 16.8406 19.5211
0.1057 16.1569 18.6974
0.1234 15.3934 17.7775
0.1410 14.5686 16.7830
0.1586 13.7013 15.7363
0.1762 12.8100 14.6589
0.1939 11.9122 13.5708
0.2115 11.0239 12.4906
0.2291 10.1590 11.4341
0.2467 9.3293 10.4150
0.2644 8.5443 9.4441
0.2820 7.8109 8.5298
0.2996 7.1338 7.6782
0.3172 6.5156 6.8930
0.3349 5.9568 6.1763
0.3525 5.4565 5.5285
0.3701 5.0122 4.9484
0.3877 4.6205 4.4341
0.4054 4.2773 3.9825
0.4230 3.9778 3.5902
0.4406 3.7174 3.2529
0.4582 3.4910 2.9663
0.4759 3.2940 2.7257
0.4935 3.1220 2.5262
0.5111 2.9710 2.3631
0.5287 2.8375 2.2316
0.5463 2.7186 2.1271
0.5640 2.6116 2.0452
0.5816 2.5146 1.9818
0.5992 2.4261 1.9331
0.6168 2.3448 1.8955
0.6345 2.2699 1.8661
0.6521 2.2009 1.8422
0.6697 2.1373 1.8216
0.6873 2.0789 1.8025
0.7050 2.0256 1.7834
0.7226 1.9772 1.7634
0.7402 1.9337 1.7418
0.7578 1.8949 1.7181
0.7755 1.8606 1.6924
0.7931 1.8305 1.6648
0.8107 1.8044 1.6355
0.8283 1.7820 1.6051
0.8460 1.7628 1.5739
0.8636 1.7463 1.5425
0.8812 1.7324 1.5115
0.8988 1.7204 1.4813
0.9165 1.7100 1.4524
0.9341 1.7009 1.4250
0.9517 1.6928 1.3996
0.9693 1.6854 1.3761
0.9870 1.6785 1.3547
1.0046 1.6720 1.3354
1.0222 1.6655 1.3181
1.0398 1.6592 1.3028
1.0574 1.6528 1.2894
1.0751 1.6463 1.2776
1.0927 1.6396 1.2675
1.1103 1.6325 1.2589
1.1279 1.6251 1.2516
1.1456 1.6172 1.2457
1.1632 1.6088 1.2409
1.1808 1.5997 1.2372
1.1984 1.5898 1.2344
1.2161 1.5792 1.2324
1.2337 1.5678 1.2310
1.2513 1.5555 1.2301
1.2689 1.5423 1.2293
1.2866 1.5283 1.2284
1.3042 1.5134 1.2271
1.3218 1.4976 1.2250
1.3394 1.4809 1.2219
1.3571 1.4633 1.2175
1.3747 1.4447 1.2115
1.3923 1.4250 1.2037
1.4099 1.4043 1.1939
1.4276 1.3823 1.1822
1.4452 1.3592 1.1685
1.4628 1.3347 1.1529
1.4804 1.3089 1.1357
1.4981 1.2819 1.1170
1.5157 1.2536 1.0973
1.5333 1.2241 1.0769
1.5509 1.1937 1.0562
1.5685 1.1626 1.0355
1.5862 1.1309 1.0153
1.6038 1.0992 0.9960
1.6214 1.0677 0.9778
1.6390 1.0367 0.9610
1.6567 1.0067 0.9459
1.6743 0.9780 0.9326
1.6919 0.9510 0.9212
1.7095 0.9260 0.9118
1.7272 0.9031 0.9044
1.7448 0.8827 0.8989
1.7624 0.8649 0.8953
1.7800 0.8497 0.8934
1.7977 0.8372 0.8932
1.8153 0.8274 0.8944
1.8329 0.8201 0.8970
1.8505 0.8152 0.9006
1.8682 0.8126 0.9052
1.8858 0.8121 0.9104
1.9034 0.8133 0.9161
1.9210 0.8160 0.9221
1.9387 0.8200 0.9281
1.9563 0.8248 0.9338
1.9739 0.8303 0.9391
1.9915 0.8362 0.9438
2.0092 0.8420 0.9476
2.0268 0.8477 0.9503
2.0444 0.8530 0.9518
2.0620 0.8576 0.9519
2.0796 0.8614 0.9505
2.0973 0.8644 0.9474
2.1149 0.8665 0.9427
2.1325 0.8676 0.9362
2.1501 0.8678 0.9280
2.1678 0.8672 0.9182
2.1854 0.8657 0.9069
2.2030 0.8636 0.8941
2.2206 0.8609 0.8801
2.2383 0.8578 0.8651
2.2559 0.8542 0.8494
2.2735 0.8504 0.8333
2.2911 0.8464 0.8171
2.3088 0.8423 0.8011
2.3264 0.8381 0.7856
2.3440 0.8339 0.7709
2.3616 0.8296 0.7573
2.3793 0.8253 0.7451
2.3969 0.8210 0.7344
2.4145 0.8166 0.7252
2.4321 0.8122 0.7178
2.4498 0.8076 0.7121
2.4674 0.8030 0.7079
2.4850 0.7983 0.7052
2.5026 0.7935 0.7039
2.5203 0.7886 0.7036
2.5379 0.7836 0.7041
2.5555 0.7785 0.7052
2.5731 0.7734 0.7065
2.5907 0.7682 0.7079
2.6084 0.7631 0.7089
2.6260 0.7581 0.7094
2.6436 0.7531 0.7092
2.6612 0.7482 0.7079
2.6789 0.7435 0.7057
2.6965 0.7390 0.7022
2.7141 0.7346 0.6975
2.7317 0.7303 0.6917
2.7494 0.7263 0.6848
2.7670 0.7224 0.6768
2.7846 0.7186 0.6681
2.8022 0.7149 0.6588
2.8199 0.7114 0.6492
2.8375 0.7078 0.6394
2.8551 0.7043 0.6298
2.8727 0.7008 0.6207
2.8904 0.6972 0.6121
2.9080 0.6936 0.6045
2.9256 0.6898 0.5978
2.9432 0.6860 0.5921
2.9609 0.6820 0.5877
2.9785 0.6780 0.5843
2.9961 0.6739 0.5820
3.0137 0.6698 0.5807
3.0314 0.6657 0.5801
3.0490 0.6618 0.5801
3.0666 0.6580 0.5803
3.0842 0.6544 0.5807
3.1018 0.6512 0.5809
3.1195 0.6482 0.5807
3.1371 0.6456 0.5799
3.1547 0.6434 0.5784
3.1723 0.6414 0.5759
3.1900 0.6397 0.5725
3.2076 0.6382 0.5680
3.2252 0.6368 0.5627
3.2428 0.6354 0.5564
3.2605 0.6339 0.5493
3.2781 0.6322 0.5416
3.2957 0.6302 0.5335
3.3133 0.6278 0.5251
3.3310 0.6249 0.5167
3.3486 0.6216 0.5083
3.3662 0.6177 0.5003
3.3838 0.6133 0.4927
3.4015 0.6083 0.4856
3.4191 0.6030 0.4791
3.4367 0.5973 0.4734
3.4543 0.5913 0.4684
3.4720 0.5851 0.4642
3.4896 0.5788 0.4608
3.5072 0.5725 0.4582
3.5248 0.5663 0.4564
3.5425 0.5603 0.4553
3.5601 0.5545 0.4550
3.5777 0.5489 0.4555
3.5953 0.5437 0.4566
3.6129 0.5387 0.4585
3.6306 0.5341 0.4610
3.6482 0.5297 0.4641
3.6658 0.5255 0.4678
3.6834 0.5215 0.4721
3.7011 0.5176 0.4767
3.7187 0.5137 0.4817
3.7363 0.5098 0.4869
3.7539 0.5058 0.4921
3.7716 0.5017 0.4972
3.7892 0.4973 0.5021
3.8068 0.4927 0.5066
3.8244 0.4879 0.5105
3.8421 0.4827 0.5138
3.8597 0.4773 0.5163
3.8773 0.4715 0.5180
3.8949 0.4654 0.5188
3.9126 0.4590 0.5188
3.9302 0.4524 0.5180
3.9478 0.4455 0.5165
3.9654 0.4384 0.5143
3.9831 0.4311 0.5117
4.0007 0.4237 0.5088
4.0183 0.4162 0.5057
4.0359 0.4087 0.5026
4.0536 0.4012 0.4997
4.0712 0.3939 0.4970
4.0888 0.3868 0.4948
4.1064 0.3801 0.4932
4.1240 0.3737 0.4921
4.1417 0.3678 0.4916
4.1593 0.3625 0.4918
4.1769 0.3579 0.4926
4.1945 0.3540 0.4940
4.2122 0.3509 0.4959
4.2298 0.3487 0.4983
4.2474 0.3473 0.5010
4.2650 0.3469 0.5039
4.2827 0.3472 0.5070
4.3003 0.3485 0.5101
4.3179 0.3505 0.5132
4.3355 0.3533 0.5161
4.3532 0.3567 0.5188
4.3708 0.3606 0.5211
4.3884 0.3650 0.5231
4.4060 0.3698 0.5247
4.4237 0.3747 0.5259
4.4413 0.3798 0.5267
4.4589 0.3850 0.5271
4.4765 0.3900 0.5271
4.4942 0.3950 0.5267
4.5118 0.3998 0.5261
4.5294 0.4043 0.5253
4.5470 0.4087 0.5244
4.5647 0.4129 0.5233
4.5823 0.4168 0.5223
4.5999 0.4206 0.5214
4.6175 0.4244 0.5207
4.6351 0.4281 0.5202
4.6528 0.4318 0.5200
4.6704 0.4355 0.5202
4.6880 0.4394 0.5206
4.7056 0.4435 0.5215
4.7233 0.4478 0.5227
4.7409 0.4524 0.5243
4.7585 0.4572 0.5263
4.7761 0.4623 0.5285
4.7938 0.4676 0.5310
4.8114 0.4732 0.5338
4.8290 0.4789 0.5367
4.8466 0.4849 0.5396
4.8643 0.4909 0.5427
4.8819 0.4970 0.5458
4.8995 0.5031 0.5488
4.9171 0.5092 0.5517
4.9348 0.5152 0.5545
4.9524 0.5211 0.5572
4.9700 0.5268 0.5597
4.9876 0.5323 0.5621
5.0053 0.5376 0.5643
5.0229 0.5426 0.5662
5.0405 0.5473 0.5680
5.0581 0.5516 0.5696
5.0758 0.5556 0.5711
5.0934 0.5593 0.5724
5.1110 0.5627 0.5736
5.1286 0.5657 0.5746
5.1462 0.5684 0.5755
5.1639 0.5708 0.5763
5.1815 0.5729 0.5770
5.1991 0.5747 0.5777
5.2167 0.5763 0.5783
5.2344 0.5777 0.5788
5.2520 0.5789 0.5794
5.2696 0.5800 0.5799
5.2872 0.5810 0.5804
5.3049 0.5818 0.5809
5.3225 0.5826 0.5815
5.3401 0.5833 0.5820
5.3577 0.5840 0.5825
5.3754 0.5846 0.5830
5.3930 0.5852 0.5835
5.4106 0.5857 0.5839
5.4282 0.5862 0.5843
5.4459 0.5867 0.5847
5.4635 0.5871 0.5850
5.4811 0.5875 0.5852
5.4987 0.5879 0.5852
5.5164 0.5882 0.5852
5.5340 0.5885 0.5851
5.5516 0.5888 0.5849
5.5692 0.5891 0.5846
5.5869 0.5894 0.5841
5.6045 0.5898 0.5836
5.6221 0.5902 0.5830
5.6397 0.5907 0.5824
5.6573 0.5912 0.5816
5.6750 0.5919 0.5809
5.6926 0.5926 0.5801
5.7102 0.5936 0.5793
5.7278 0.5946 0.5785
5.7455 0.5958 0.5777
5.7631 0.5972 0.5769
5.7807 0.5987 0.5762
5.7983 0.6003 0.5755
5.8160 0.6021 0.5749
5.8336 0.6040 0.5743
5.8512 0.6061 0.5738
5.8688 0.6082 0.5734
5.8865 0.6105 0.5731
5.9041 0.6128 0.5729
5.9217 0.6152 0.5728
5.9393 0.6176 0.5727
5.9570 0.6201 0.5728
5.9746 0.6225 0.5729
5.9922 0.6250 0.5731
6.0098 0.6274 0.5734
6.0275 0.6298 0.5738
6.0451 0.6321 0.5742
6.0627 0.6345 0.5747
6.0803 0.6367 0.5752
6.0980 0.6389 0.5757
6.1156 0.6410 0.5763
6.1332 0.6431 0.5769
6.1508 0.6451 0.5776
6.1684 0.6470 0.5782
6.1861 0.6488 0.5789
6.2037 0.6506 0.5797
6.2213 0.6522 0.5805
6.2389 0.6537 0.5814
6.2566 0.6552 0.5823
6.2742 0.6565 0.5833
6.2918 0.6577 0.5844
6.3094 0.6588 0.5856
6.3271 0.6597 0.5870
6.3447 0.6605 0.5884
6.3623 0.6612 0.5899
6.3799 0.6617 0.5916
6.3976 0.6621 0.5934
6.4152 0.6623 0.5953
6.4328 0.6624 0.5974
6.4504 0.6624 0.5996
6.4681 0.6622 0.6018
6.4857 0.6620 0.6042
6.5033 0.6617 0.6067
6.5209 0.6614 0.6093
6.5386 0.6611 0.6119
6.5562 0.6607 0.6146
6.5738 0.6604 0.6174
6.5914 0.6601 0.6202
6.6091 0.6598 0.6231
6.6267 0.6596 0.6260
6.6443 0.6595 0.6288
6.6619 0.6595 0.6317
6.6795 0.6595 0.6346
6.6972 0.6596 0.6373
6.7148 0.6598 0.6401
6.7324 0.6601 0.6427
6.7500 0.6605 0.6453
6.7677 0.6609 0.6477
6.7853 0.6614 0.6500
6.8029 0.6619 0.6521
6.8205 0.6625 0.6540
6.8382 0.6632 0.6558
6.8558 0.6639 0.6573
6.8734 0.6646 0.6587
6.8910 0.6654 0.6598
6.9087 0.6662 0.6608
6.9263 0.6671 0.6615
6.9439 0.6679 0.6621
6.9615 0.6688 0.6625
6.9792 0.6697 0.6627
6.9968 0.6705 0.6628
7.0144 0.6713 0.6628
7.0320 0.6721 0.6628
7.0497 0.6728 0.6627
7.0673 0.6735 0.6626
7.0849 0.6740 0.6625
7.1025 0.6745 0.6624
7.1202 0.6749 0.6625
7.1378 0.6752 0.6626
7.1554 0.6755 0.6629
7.1730 0.6757 0.6633
7.1906 0.6758 0.6638
7.2083 0.6760 0.6645
7.2259 0.6761 0.6653
7.2435 0.6763 0.6663
7.2611 0.6765 0.6674
7.2788 0.6769 0.6686
7.2964 0.6773 0.6700
7.3140 0.6779 0.6714
7.3316 0.6786 0.6729
7.3493 0.6795 0.6744
7.3669 0.6805 0.6760
7.3845 0.6818 0.6776
7.4021 0.6832 0.6792
7.4198 0.6847 0.6808
7.4374 0.6864 0.6824
7.4550 0.6882 0.6840
7.4726 0.6901 0.6854
7.4903 0.6921 0.6869
7.5079 0.6941 0.6883
7.5255 0.6962 0.6896
7.5431 0.6983 0.6909
7.5608 0.7004 0.6921
7.5784 0.7025 0.6932
7.5960 0.7045 0.6943
7.6136 0.7064 0.6954
7.6313 0.7084 0.6964
7.6489 0.7102 0.6974
7.6665 0.7119 0.6984
7.6841 0.7136 0.6993
7.7017 0.7152 0.7002
7.7194 0.7166 0.7011
7.7370 0.7180 0.7020
7.7546 0.7193 0.7029
7.7722 0.7206 0.7037
7.7899 0.7217 0.7045
7.8075 0.7228 0.7053
7.8251 0.7238 0.7060
7.8427 0.7247 0.7067
7.8604 0.7255 0.7074
7.8780 0.7264 0.7080
7.8956 0.7271 0.7086
7.9132 0.7279 0.7092
7.9309 0.7286 0.7097
7.9485 0.7293 0.7102
7.9661 0.7300 0.7107
7.9837 0.7308 0.7112
8.0014 0.7315 0.7116
8.0190 0.7323 0.7120
8.0366 0.7331 0.7125
8.0542 0.7339 0.7129
8.0719 0.7347 0.7134
8.0895 0.7356 0.7139
8.1071 0.7365 0.7144
8.1247 0.7375 0.7149
8.1424 0.7384 0.7155
8.1600 0.7394 0.7161
8.1776 0.7404 0.7167
8.1952 0.7415 0.7175
8.2128 0.7425 0.7183
8.2305 0.7436 0.7191
8.2481 0.7447 0.7201
8.2657 0.7458 0.7210
8.2833 0.7469 0.7221
8.3010 0.7481 0.7232
8.3186 0.7492 0.7243
8.3362 0.7504 0.7254
8.3538 0.7517 0.7265
8.3715 0.7529 0.7276
8.3891 0.7542 0.7286
8.4067 0.7555 0.7296
8.4243 0.7568 0.7305
8.4420 0.7582 0.7312
8.4596 0.7595 0.7319
8.4772 0.7609 0.7325
8.4948 0.7622 0.7329
8.5125 0.7635 0.7332
8.5301 0.7648 0.7334
8.5477 0.7661 0.7335
8.5653 0.7673 0.7335
8.5830 0.7686 0.7334
8.6006 0.7697 0.7333
8.6182 0.7709 0.7331
8.6358 0.7720 0.7328
8.6535 0.7730 0.7326
8.6711 0.7741 0.7324
8.6887 0.7750 0.7322
8.7063 0.7760 0.7320
8.7239 0.7769 0.7319
8.7416 0.7778 0.7319
8.7592 0.7786 0.7320
8.7768 0.7794 0.7321
8.7944 0.7802 0.7324
8.8121 0.7810 0.7328
8.8297 0.7817 0.7332
8.8473 0.7824 0.7338
8.8649 0.7831 0.7344
8.8826 0.7837 0.7351
8.9002 0.7844 0.7358
8.9178 0.7850 0.7366
8.9354 0.7856 0.7374
8.9531 0.7862 0.7382
8.9707 0.7869 0.7389
8.9883 0.7875 0.7396
9.0059 0.7881 0.7403
9.0236 0.7887 0.7409
9.0412 0.7893 0.7415
9.0588 0.7900 0.7419
9.0764 0.7906 0.7423
9.0941 0.7913 0.7426
9.1117 0.7919 0.7427
9.1293 0.7926 0.7429
9.1469 0.7933 0.7429
9.1646 0.7940 0.7429
9.1822 0.7947 0.7428
9.1998 0.7953 0.7426
9.2174 0.7960 0.7425
9.2350 0.7967 0.7423
9.2527 0.7974 0.7421
9.2703 0.7980 0.7419
9.2879 0.7987 0.7417
9.3055 0.7993 0.7416
9.3232 0.7999 0.7414
9.3408 0.8004 0.7413
9.3584 0.8009 0.7413
9.3760 0.8014 0.7412
9.3937 0.8019 0.7412
9.4113 0.8023 0.7412
9.4289 0.8026 0.7413
9.4465 0.8030 0.7413
9.4642 0.8033 0.7414
9.4818 0.8036 0.7415
9.4994 0.8038 0.7416
9.5170 0.8040 0.7417
9.5347 0.8043 0.7419
9.5523 0.8045 0.7420
9.5699 0.8047 0.7421
9.5875 0.8049 0.7423
9.6052 0.8051 0.7424
9.6228 0.8053 0.7425
9.6404 0.8056 0.7426
9.6580 0.8058 0.7428
9.6757 0.8061 0.7429
9.6933 0.8065 0.7430
9.7109 0.8068 0.7432
9.7285 0.8072 0.7433
9.7461 0.8076 0.7435
9.7638 0.8080 0.7437
9.7814 0.8085 0.7439
9.7990 0.8090 0.7441
9.8166 0.8095 0.7444
9.8343 0.8100 0.7446
9.8519 0.8105 0.7449
9.8695 0.8111 0.7452
9.8871 0.8116 0.7455
9.9048 0.8121 0.7458
9.9224 0.8127 0.7461
9.9400 0.8132 0.7465
9.9576 0.8137 0.7468
9.9753 0.8143 0.7472
9.9929 0.8148 0.7476
10.0105 0.8153 0.7480
10.0281 0.8159 0.7484
10.0458 0.8164 0.7488
10.0634 0.8170 0.7492
10.0810 0.8175 0.7496
10.0986 0.8181 0.7501
10.1163 0.8187 0.7505
10.1339 0.8192 0.7510
10.1515 0.8198 0.7514
10.1691 0.8204 0.7518
10.1868 0.8210 0.7523
10.2044 0.8216 0.7527
10.2220 0.8222 0.7531
10.2396 0.8227 0.7535
10.2572 0.8233 0.7539
10.2749 0.8238 0.7542
10.2925 0.8243 0.7546
10.3101 0.8248 0.7549
10.3277 0.8253 0.7552
10.3454 0.8257 0.7556
10.3630 0.8262 0.7559
10.3806 0.8266 0.7562
10.3982 0.8270 0.7565
10.4159 0.8273 0.7568
10.4335 0.8277 0.7571
10.4511 0.8280 0.7574
10.4687 0.8283 0.7578
10.4864 0.8286 0.7582
10.5040 0.8288 0.7586
10.5216 0.8291 0.7590
10.5392 0.8292 0.7594
10.5569 0.8294 0.7599
10.5745 0.8295 0.7604
10.5921 0.8296 0.7610
10.6097 0.8297 0.7616
10.6274 0.8297 0.7622
10.6450 0.8296 0.7628
10.6626 0.8296 0.7635
10.6802 0.8295 0.7642
10.6979 0.8294 0.7649
10.7155 0.8292 0.7656
10.7331 0.8290 0.7663
10.7507 0.8289 0.7670
10.7683 0.8286 0.7677
10.7860 0.8284 0.7683
10.8036 0.8282 0.7690
10.8212 0.8279 0.7696
10.8388 0.8277 0.7703
10.8565 0.8274 0.7709
10.8741 0.8272 0.7714
10.8917 0.8269 0.7720
10.9093 0.8266 0.7725
10.9270 0.8263 0.7730
10.9446 0.8260 0.7734
10.9622 0.8257 0.7738
10.9798 0.8254 0.7742
10.9975 0.8251 0.7746
11.0151 0.8248 0.7750
11.0327 0.8244 0.7753
11.0503 0.8241 0.7756
11.0680 0.8237 0.7760
11.0856 0.8234 0.7763
11.1032 0.8231 0.7766
11.1208 0.8227 0.7769
11.1385 0.8224 0.7773
11.1561 0.8221 0.7777
11.1737 0.8218 0.7781
11.1913 0.8216 0.7785
11.2090 0.8213 0.7790
11.2266 0.8211 0.7795
11.2442 0.8209 0.7800
11.2618 0.8207 0.7805
11.2794 0.8205 0.7811
11.2971 0.8204 0.7818
11.3147 0.8202 0.7824
11.3323 0.8201 0.7830
11.3499 0.8199 0.7837
11.3676 0.8198 0.7843
11.3852 0.8196 0.7850
11.4028 0.8194 0.7856
11.4204 0.8193 0.7862
11.4381 0.8191 0.7868
11.4557 0.8189 0.7873
11.4733 0.8187 0.7878
11.4909 0.8185 0.7883
11.5086 0.8183 0.7887
11.5262 0.8181 0.7890
11.5438 0.8179 0.7894
11.5614 0.8178 0.7897
11.5791 0.8177 0.7899
11.5967 0.8175 0.7901
11.6143 0.8174 0.7903
11.6319 0.8174 0.7904
11.6496 0.8173 0.7906
11.6672 0.8173 0.7907
11.6848 0.8173 0.7907
11.7024 0.8174 0.7908
11.7201 0.8174 0.7908
11.7377 0.8174 0.7908
11.7553 0.8175 0.7909
11.7729 0.8176 0.7909
11.7905 0.8177 0.7909
11.8082 0.8177 0.7909
11.8258 0.8178 0.7909
11.8434 0.8179 0.7910
11.8610 0.8180 0.7910
11.8787 0.8181 0.7911
11.8963 0.8182 0.7912
11.9139 0.8182 0.7914
11.9315 0.8183 0.7916
11.9492 0.8184 0.7918
11.9668 0.8186 0.7920
11.9844 0.8187 0.7924
12.0020 0.8188 0.7927
12.0197 0.8190 0.7931
12.0373 0.8191 0.7935
12.0549 0.8193 0.7939
12.0725 0.8194 0.7944
12.0902 0.8196 0.7949
12.1078 0.8198 0.7953
12.1254 0.8200 0.7958
12.1430 0.8201 0.7963
12.1607 0.8203 0.7968
12.1783 0.8205 0.7973
12.1959 0.8207 0.7978
12.2135 0.8209 0.7982
12.2312 0.8210 0.7986
12.2488 0.8212 0.7991
12.2664 0.8214 0.7995
12.2840 0.8215 0.7999
12.3016 0.8217 0.8003
12.3193 0.8218 0.8007
12.3369 0.8220 0.8010
12.3545 0.8221 0.8014
12.3721 0.8223 0.8018
12.3898 0.8224 0.8021
12.4074 0.8225 0.8025
12.4250 0.8226 0.8028
12.4426 0.8227 0.8032
12.4603 0.8228 0.8036
12.4779 0.8229 0.8039
12.4955 0.8230 0.8043
12.5131 0.8231 0.8047
12.5308 0.8231 0.8051
12.5484 0.8231 0.8055
12.5660 0.8231 0.8059
12.5836 0.8231 0.8063
12.6013 0.8231 0.8068
12.6189 0.8231 0.8072
12.6365 0.8230 0.8077
12.6541 0.8229 0.8081
12.6718 0.8228 0.8086
12.6894 0.8226 0.8090
12.7070 0.8225 0.8095
12.7246 0.8223 0.8100
12.7423 0.8221 0.8105
12.7599 0.8219 0.8110
12.7775 0.8216 0.8115
12.7951 0.8213 0.8120
12.8127 0.8211 0.8125
12.8304 0.8208 0.8130
12.8480 0.8205 0.8135
12.8656 0.8202 0.8140
12.8832 0.8198 0.8145
12.9009 0.8195 0.8150
12.9185 0.8193 0.8155
12.9361 0.8190 0.8160
12.9537 0.8187 0.8166
12.9714 0.8185 0.8171
12.9890 0.8183 0.8176
13.0066 0.8181 0.8181
13.0242 0.8180 0.8187
13.0419 0.8179 0.8192
13.0595 0.8178 0.8197
13.0771 0.8178 0.8203
13.0947 0.8178 0.8208
13.1124 0.8178 0.8213
13.1300 0.8178 0.8219
13.1476 0.8179 0.8224
13.1652 0.8180 0.8229
13.1829 0.8180 0.8234
13.2005 0.8181 0.8240
13.2181 0.8182 0.8245
13.2357 0.8183 0.8250
13.2534 0.8184 0.8255
13.2710 0.8185 0.8260
13.2886 0.8186 0.8265
13.3062 0.8187 0.8270
13.3238 0.8188 0.8276
13.3415 0.8189 0.8281
13.3591 0.8191 0.8286
13.3767 0.8192 0.8291
13.3943 0.8193 0.8296
13.4120 0.8195 0.8301
13.4296 0.8196 0.8306
13.4472 0.8198 0.8311
13.4648 0.8200 0.8316
13.4825 0.8203 0.8321
13.5001 0.8205 0.8327
13.5177 0.8208 0.8332
13.5353 0.8211 0.8337
13.5530 0.8214 0.8342
13.5706 0.8217 0.8347
13.5882 0.8220 0.8352
13.6058 0.8224 0.8356
13.6235 0.8227 0.8361
13.6411 0.8231 0.8365
13.6587 0.8235 0.8370
13.6763 0.8239 0.8374
13.6940 0.8242 0.8378
13.7116 0.8246 0.8382
13.7292 0.8250 0.8386
13.7468 0.8254 0.8389
13.7645 0.8258 0.8392
13.7821 0.8263 0.8396
13.7997 0.8267 0.8399
13.8173 0.8271 0.8402
13.8349 0.8275 0.8405
13.8526 0.8280 0.8408
13.8702 0.8284 0.8412
13.8878 0.8289 0.8415
13.9054 0.8294 0.8418
13.9231 0.8299 0.8422
13.9407 0.8304 0.8425
13.9583 0.8309 0.8429
13.9759 0.8314 0.8433
13.9936 0.8319 0.8437
14.0112 0.8324 0.8442
14.0288 0.8329 0.8446
14.0464 0.8335 0.8451
14.0641 0.8340 0.8455
14.0817 0.8346 0.8460
14.0993 0.8351 0.8465
14.1169 0.8357 0.8470
14.1346 0.8363 0.8475
14.1522 0.8368 0.8480
14.1698 0.8374 0.8485
14.1874 0.8379 0.8490
14.2051 0.8385 0.8494
14.2227 0.8390 0.8499
14.2403 0.8396 0.8503
14.2579 0.8401 0.8508
14.2756 0.8406 0.8512
14.2932 0.8411 0.8516
14.3108 0.8416 0.8519
14.3284 0.8421 0.8523
14.3460 0.8425 0.8526
14.3637 0.8430 0.8529
14.3813 0.8434 0.8533
14.3989 0.8438 0.8536
14.4165 0.8442 0.8539
14.4342 0.8446 0.8542
14.4518 0.8450 0.8545
14.4694 0.8453 0.8548
14.4870 0.8457 0.8551
14.5047 0.8461 0.8554
14.5223 0.8465 0.8557
14.5399 0.8469 0.8560
14.5575 0.8473 0.8563
14.5752 0.8477 0.8567
14.5928 0.8482 0.8570
14.6104 0.8486 0.8573
14.6280 0.8491 0.8577
14.6457 0.8496 0.8580
14.6633 0.8501 0.8584
14.6809 0.8506 0.8587
14.6985 0.8511 0.8590
14.7162 0.8516 0.8594
14.7338 0.8521 0.8597
14.7514 0.8527 0.8600
14.7690 0.8532 0.8603
14.7867 0.8537 0.8607
14.8043 0.8542 0.8610
14.8219 0.8547 0.8612
14.8395 0.8552 0.8615
14.8571 0.8557 0.8618
14.8748 0.8562 0.8621
14.8924 0.8566 0.8624
14.9100 0.8571 0.8626
14.9276 0.8575 0.8629
14.9453 0.8579 0.8632
14.9629 0.8583 0.8634
14.9805 0.8587 0.8637
14.9981 0.8591 0.8640
15.0158 0.8595 0.8642
15.0334 0.8599 0.8645
15.0510 0.8603 0.8648
15.0686 0.8607 0.8650
15.0863 0.8611 0.8653
15.1039 0.8615 0.8656
15.1215 0.8618 0.8659
15.1391 0.8622 0.8662
15.1568 0.8626 0.8665
15.1744 0.8629 0.8668
15.1920 0.8633 0.8670
15.2096 0.8636 0.8673
15.2273 0.8640 0.8676
15.2449 0.8643 0.8679
15.2625 0.8646 0.8682
15.2801 0.8649 0.8685
15.2978 0.8653 0.8688
15.3154 0.8656 0.8691
15.3330 0.8659 0.8695
15.3506 0.8662 0.8698
15.3682 0.8665 0.8701
15.3859 0.8668 0.8704
15.4035 0.8671 0.8707
15.4211 0.8674 0.8710
15.4387 0.8677 0.8714
15.4564 0.8680 0.8717
15.4740 0.8683 0.8720
15.4916 0.8686 0.8723
15.5092 0.8689 0.8726
15.5269 0.8691 0.8730
15.5445 0.8694 0.8733
15.5621 0.8697 0.8736
15.5797 0.8700 0.8739
15.5974 0.8703 0.8742
15.6150 0.8706 0.8745
15.6326 0.8709 0.8748
15.6502 0.8712 0.8751
15.6679 0.8715 0.8753
15.6855 0.8718 0.8756
15.7031 0.8721 0.8759
15.7207 0.8724 0.8761
15.7384 0.8727 0.8764
15.7560 0.8730 0.8767
15.7736 0.8733 0.8769
15.7912 0.8736 0.8771
15.8089 0.8740 0.8774
15.8265 0.8743 0.8776
15.8441 0.8746 0.8778
15.8617 0.8749 0.8781
15.8793 0.8752 0.8783
15.8970 0.8755 0.8785
15.9146 0.8758 0.8788
15.9322 0.8761 0.8790
15.9498 0.8764 0.8792
15.9675 0.8767 0.8795
15.9851 0.8770 0.8797
16.0027 0.8773 0.8799
16.0203 0.8776 0.8802
16.0380 0.8779 0.8804
16.0556 0.8782 0.8807
16.0732 0.8785 0.8809
16.0908 0.8788 0.8812
16.1085 0.8790 0.8814
16.1261 0.8793 0.8817
16.1437 0.8796 0.8819
16.1613 0.8799 0.8822
16.1790 0.8802 0.8824
16.1966 0.8804 0.8827
16.2142 0.8807 0.8829
16.2318 0.8810 0.8832
16.2495 0.8813 0.8834
16.2671 0.8815 0.8837
16.2847 0.8818 0.8840
16.3023 0.8821 0.8842
16.3200 0.8823 0.8845
16.3376 0.8826 0.8847
16.3552 0.8829 0.8850
16.3728 0.8832 0.8853
16.3904 0.8834 0.8855
16.4081 0.8837 0.8858
16.4257 0.8840 0.8861
16.4433 0.8843 0.8864
16.4609 0.8846 0.8866
16.4786 0.8849 0.8869
16.4962 0.8852 0.8872
16.5138 0.8855 0.8875
16.5314 0.8858 0.8877
16.5491 0.8861 0.8880
16.5667 0.8864 0.8883
16.5843 0.8867 0.8886
16.6019 0.8870 0.8889
16.6196 0.8873 0.8891
16.6372 0.8876 0.8894
16.6548 0.8879 0.8897
16.6724 0.8882 0.8900
16.6901 0.8886 0.8903
16.7077 0.8889 0.8905
16.7253 0.8892 0.8908
16.7429 0.8895 0.8911
16.7606 0.8898 0.8914
16.7782 0.8901 0.8917
16.7958 0.8904 0.8919
16.8134 0.8907 0.8922
16.8311 0.8910 0.8925
16.8487 0.8913 0.8928
16.8663 0.8916 0.8930
16.8839 0.8919 0.8933
16.9015 0.8922 0.8936
16.9192 0.8925 0.8938
16.9368 0.8927 0.8941
16.9544 0.8930 0.8944
16.9720 0.8933 0.8946
16.9897 0.8936 0.8949
17.0073 0.8939 0.8952
17.0249 0.8942 0.8954
17.0425 0.8945 0.8957
17.0602 0.8947 0.8960
17.0778 0.8950 0.8962
17.0954 0.8953 0.8965
17.1130 0.8956 0.8967
17.1307 0.8958 0.8970
17.1483 0.8961 0.8973
17.1659 0.8964 0.8975
17.1835 0.8966 0.8978
17.2012 0.8969 0.8981
17.2188 0.8972 0.8983
17.2364 0.8974 0.8986
17.2540 0.8977 0.8989
17.2717 0.8980 0.8991
17.2893 0.8982 0.8994
17.3069 0.8985 0.8997
17.3245 0.8988 0.9000
17.3422 0.8991 0.9002
17.3598 0.8993 0.9005
17.3774 0.8996 0.9008
17.3950 0.8999 0.9010
17.4126 0.9001 0.9013
17.4303 0.9004 0.9015
17.4479 0.9007 0.9018
17.4655 0.9009 0.9021
17.4831 0.9012 0.9023
17.5008 0.9015 0.9026
17.5184 0.9018 0.9028
17.5360 0.9020 0.9031
17.5536 0.9023 0.9033
17.5713 0.9026 0.9036
17.5889 0.9028 0.9038
17.6065 0.9031 0.9041
17.6241 0.9034 0.9043
17.6418 0.9037 0.9046
17.6594 0.9039 0.9048
17.6770 0.9042 0.9050
17.6946 0.9044 0.9053
17.7123 0.9047 0.9055
17.7299 0.9050 0.9058
17.7475 0.9052 0.9060
17.7651 0.9055 0.9062
17.7828 0.9058 0.9065
17.8004 0.9060 0.9067
17.8180 0.9063 0.9069
17.8356 0.9065 0.9072
17.8533 0.9068 0.9074
17.8709 0.9070 0.9076
17.8885 0.9073 0.9079
17.9061 0.9075 0.9081
17.9237 0.9078 0.9083
17.9414 0.9080 0.9086
17.9590 0.9083 0.9088
17.9766 0.9085 0.9090
17.9942 0.9088 0.9092
18.0119 0.9090 0.9095
18.0295 0.9093 0.9097
18.0471 0.9095 0.9099
18.0647 0.9097 0.9101
18.0824 0.9100 0.9104
18.1000 0.9102 0.9106
18.1176 0.9104 0.9108
18.1352 0.9107 0.9110
18.1529 0.9109 0.9112
18.1705 0.9111 0.9114
18.1881 0.9114 0.9116
18.2057 0.9116 0.9118
18.2234 0.9118 0.9120
18.2410 0.9120 0.9122
18.2586 0.9123 0.9124
18.2762 0.9125 0.9126
18.2939 0.9127 0.9128
18.3115 0.9129 0.9130
18.3291 0.9131 0.9132
18.3467 0.9133 0.9134
18.3644 0.9136 0.9136
18.3820 0.9138 0.9138
18.3996 0.9140 0.9139
18.4172 0.9142 0.9141
18.4348 0.9144 0.9143
18.4525 0.9146 0.9145
18.4701 0.9148 0.9147
18.4877 0.9151 0.9149
18.5053 0.9153 0.9151
18.5230 0.9155 0.9153
18.5406 0.9157 0.9155
18.5582 0.9159 0.9157
18.5758 0.9161 0.9159
18.5935 0.9163 0.9161
18.6111 0.9165 0.9163
18.6287 0.9167 0.9165
18.6463 0.9169 0.9167
18.6640 0.9171 0.9169
18.6816 0.9173 0.9171
18.6992 0.9176 0.9173
18.7168 0.9178 0.9175
18.7345 0.9180 0.9177
18.7521 0.9182 0.9179
18.7697 0.9184 0.9181
18.7873 0.9186 0.9183
18.8050 0.9188 0.9185
18.8226 0.9189 0.9187
18.8402 0.9191 0.9189
18.8578 0.9193 0.9191
18.8755 0.9195 0.9193
18.8931 0.9197 0.9195
18.9107 0.9199 0.9197
18.9283 0.9201 0.9199
18.9459 0.9203 0.9201
18.9636 0.9205 0.9203
18.9812 0.9207 0.9205
18.9988 0.9209 0.9207
19.0164 0.9211 0.9209
19.0341 0.9213 0.9211
19.0517 0.9214 0.9213
19.0693 0.9216 0.9215
19.0869 0.9218 0.9216
19.1046 0.9220 0.9218
19.1222 0.9222 0.9220
19.1398 0.9224 0.9222
19.1574 0.9226 0.9224
19.1751 0.9228 0.9226
19.1927 0.9230 0.9228
19.2103 0.9232 0.9230
19.2279 0.9234 0.9231
19.2456 0.9235 0.9233
19.2632 0.9237 0.9235
19.2808 0.9239 0.9237
19.2984 0.9241 0.9239
19.3161 0.9243 0.9240
19.3337 0.9245 0.9242
19.3513 0.9247 0.9244
19.3689 0.9249 0.9246
19.3866 0.9250 0.9247
19.4042 0.9252 0.9249
19.4218 0.9254 0.9251
19.4394 0.9256 0.9253
19.4570 0.9258 0.9254
19.4747 0.9259 0.9256
19.4923 0.9261 0.9258
19.5099 0.9263 0.9259
19.5275 0.9265 0.9261
19.5452 0.9266 0.9263
19.5628 0.9268 0.9264
19.5804 0.9270 0.9266
19.5980 0.9272 0.9268
19.6157 0.9273 0.9269
19.6333 0.9275 0.9271
19.6509 0.9277 0.9273
19.6685 0.9278 0.9274
19.6862 0.9280 0.9276
19.7038 0.9282 0.9278
19.7214 0.9283 0.9279
19.7390 0.9285 0.9281
19.7567 0.9287 0.9283
19.7743 0.9288 0.9284
19.7919 0.9290 0.9286
19.8095 0.9291 0.9287
19.8272 0.9293 0.9289
19.8448 0.9295 0.9291
19.8624 0.9296 0.9292
19.8800 0.9298 0.9294
19.8977 0.9300 0.9295
19.9153 0.9301 0.9297
19.9329 0.9303 0.9298
19.9505 0.9304 0.9300
19.9681 0.9306 0.9301
19.9858 0.9307 0.9303
20.0034 0.9309 0.9305
20.0210 0.9311 0.9306
20.0386 0.9312 0.9308
20.0563 0.9314 0.9309
20.0739 0.9315 0.9311
20.0915 0.9317 0.9312
20.1091 0.9319 0.9314
20.1268 0.9320 0.9315
20.1444 0.9322 0.9317
20.1620 0.9323 0.9318
20.1796 0.9325 0.9320
20.1973 0.9326 0.9321
20.2149 0.9328 0.9323
20.2325 0.9329 0.9324
20.2501 0.9331 0.9326
20.2678 0.9332 0.9327
20.2854 0.9334 0.9329
20.3030 0.9335 0.9330
20.3206 0.9337 0.9332
20.3383 0.9338 0.9333
20.3559 0.9340 0.9335
20.3735 0.9341 0.9336
20.3911 0.9343 0.9338
20.4088 0.9344 0.9339
20.4264 0.9346 0.9341
20.4440 0.9347 0.9342
20.4616 0.9349 0.9344
20.4792 0.9350 0.9345
20.4969 0.9352 0.9346
20.5145 0.9353 0.9348
20.5321 0.9355 0.9349
20.5497 0.9356 0.9351
20.5674 0.9357 0.9352
20.5850 0.9359 0.9353
20.6026 0.9360 0.9355
20.6202 0.9362 0.9356
20.6379 0.9363 0.9357
20.6555 0.9364 0.9359
20.6731 0.9366 0.9360
20.6907 0.9367 0.9361
20.7084 0.9368 0.9363
20.7260 0.9370 0.9364
20.7436 0.9371 0.9365
20.7612 0.9373 0.9367
20.7789 0.9374 0.9368
20.7965 0.9375 0.9369
20.8141 0.9377 0.9371
20.8317 0.9378 0.9372
20.8494 0.9379 0.9373
20.8670 0.9380 0.9374
20.8846 0.9382 0.9376
20.9022 0.9383 0.9377
20.9199 0.9384 0.9378
20.9375 0.9386 0.9379
20.9551 0.9387 0.9381
20.9727 0.9388 0.9382
20.9903 0.9389 0.9383
21.0080 0.9391 0.9384
21.0256 0.9392 0.9386
21.0432 0.9393 0.9387
21.0608 0.9395 0.9388
21.0785 0.9396 0.9389
21.0961 0.9397 0.9391
21.1137 0.9398 0.9392
21.1313 0.9399 0.9393
21.1490 0.9401 0.9394
21.1666 0.9402 0.9396
21.1842 0.9403 0.9397
21.2018 0.9404 0.9398
21.2195 0.9406 0.9399
21.2371 0.9407 0.9400
21.2547 0.9408 0.9402
21.2723 0.9409 0.9403
21.2900 0.9410 0.9404
21.3076 0.9412 0.9405
21.3252 0.9413 0.9406
21.3428 0.9414 0.9408
21.3605 0.9415 0.9409
21.3781 0.9416 0.9410
21.3957 0.9418 0.9411
21.4133 0.9419 0.9412
21.4310 0.9420 0.9413
21.4486 0.9421 0.9415
21.4662 0.9422 0.9416
21.4838 0.9423 0.9417
21.5014 0.9425 0.9418
21.5191 0.9426 0.9419
21.5367 0.9427 0.9420
21.5543 0.9428 0.9421
21.5719 0.9429 0.9422
21.5896 0.9430 0.9424
21.6072 0.9431 0.9425
21.6248 0.9432 0.9426
21.6424 0.9434 0.9427
21.6601 0.9435 0.9428
21.6777 0.9436 0.9429
21.6953 0.9437 0.9430
21.7129 0.9438 0.9431
21.7306 0.9439 0.9432
21.7482 0.9440 0.9433
21.7658 0.9441 0.9434
21.7834 0.9442 0.9435
21.8011 0.9444 0.9437
21.8187 0.9445 0.9438
21.8363 0.9446 0.9439
21.8539 0.9447 0.9440
21.8716 0.9448 0.9441
21.8892 0.9449 0.9442
21.9068 0.9450 0.9443
21.9244 0.9451 0.9444
21.9421 0.9452 0.9445
21.9597 0.9453 0.9446
21.9773 0.9454 0.9447
21.9949 0.9455 0.9448
22.0125 0.9456 0.9449
22.0302 0.9457 0.9450
22.0478 0.9458 0.9451
22.0654 0.9459 0.9452
22.0830 0.9461 0.9453
22.1007 0.9462 0.9454
22.1183 0.9463 0.9455
22.1359 0.9464 0.9456
22.1535 0.9465 0.9457
22.1712 0.9466 0.9458
22.1888 0.9467 0.9459
22.2064 0.9468 0.9460
22.2240 0.9469 0.9461
22.2417 0.9470 0.9462
22.2593 0.9471 0.9463
22.2769 0.9472 0.9464
22.2945 0.9473 0.9465
22.3122 0.9474 0.9466
22.3298 0.9475 0.9467
22.3474 0.9476 0.9468
22.3650 0.9477 0.9469
22.3827 0.9478 0.9470
22.4003 0.9479 0.9471
22.4179 0.9480 0.9472
22.4355 0.9481 0.9473
22.4532 0.9482 0.9474
22.4708 0.9482 0.9475
22.4884 0.9483 0.9476
22.5060 0.9484 0.9477
22.5236 0.9485 0.9478
22.5413 0.9486 0.9479
22.5589 0.9487 0.9480
22.5765 0.9488 0.9481
22.5941 0.9489 0.9482
22.6118 0.9490 0.9483
22.6294 0.9491 0.9483
22.6470 0.9492 0.9484
22.6646 0.9493 0.9485
22.6823 0.9494 0.9486
22.6999 0.9495 0.9487
22.7175 0.9496 0.9488
22.7351 0.9497 0.9489
22.7528 0.9497 0.9490
22.7704 0.9498 0.9491
22.7880 0.9499 0.9492
22.8056 0.9500 0.9493
22.8233 0.9501 0.9494
22.8409 0.9502 0.9495
22.8585 0.9503 0.9496
22.8761 0.9504 0.9496
22.8938 0.9505 0.9497
22.9114 0.9506 0.9498
22.9290 0.9506 0.9499
22.9466 0.9507 0.9500
22.9643 0.9508 0.9501
22.9819 0.9509 0.9502
22.9995 0.9510 0.9503
23.0171 0.9511 0.9504
23.0347 0.9512 0.9504
23.0524 0.9513 0.9505
23.0700 0.9513 0.9506
23.0876 0.9514 0.9507
23.1052 0.9515 0.9508
23.1229 0.9516 0.9509
23.1405 0.9517 0.9510
23.1581 0.9518 0.9510
23.1757 0.9518 0.9511
23.1934 0.9519 0.9512
23.2110 0.9520 0.9513
23.2286 0.9521 0.9514
23.2462 0.9522 0.9515
23.2639 0.9523 0.9515
23.2815 0.9523 0.9516
23.2991 0.9524 0.9517
23.3167 0.9525 0.9518
23.3344 0.9526 0.9519
23.3520 0.9527 0.9519
23.3696 0.9527 0.9520
23.3872 0.9528 0.9521
23.4049 0.9529 0.9522
23.4225 0.9530 0.9522
23.4401 0.9531 0.9523
23.4577 0.9531 0.9524
23.4754 0.9532 0.9525
23.4930 0.9533 0.9526
23.5106 0.9534 0.9526
23.5282 0.9534 0.9527
23.5458 0.9535 0.9528
23.5635 0.9536 0.9529
23.5811 0.9537 0.9529
23.5987 0.9537 0.9530
23.6163 0.9538 0.9531
23.6340 0.9539 0.9532
23.6516 0.9540 0.9532
23.6692 0.9540 0.9533
23.6868 0.9541 0.9534
23.7045 0.9542 0.9535
23.7221 0.9543 0.9535
23.7397 0.9543 0.9536
23.7573 0.9544 0.9537
23.7750 0.9545 0.9538
23.7926 0.9545 0.9538
23.8102 0.9546 0.9539
23.8278 0.9547 0.9540
23.8455 0.9548 0.9541
23.8631 0.9548 0.9541
23.8807 0.9549 0.9542
23.8983 0.9550 0.9543
23.9160 0.9551 0.9544
23.9336 0.9551 0.9544
23.9512 0.9552 0.9545
23.9688 0.9553 0.9546
23.9865 0.9553 0.9547
24.0041 0.9554 0.9547
24.0217 0.9555 0.9548
24.0393 0.9556 0.9549
24.0569 0.9556 0.9550
24.0746 0.9557 0.9550
24.0922 0.9558 0.9551
24.1098 0.9558 0.9552
24.1274 0.9559 0.9552
24.1451 0.9560 0.9553
24.1627 0.9560 0.9554
24.1803 0.9561 0.9554
24.1979 0.9562 0.9555
24.2156 0.9563 0.9556
24.2332 0.9563 0.9556
24.2508 0.9564 0.9557
24.2684 0.9565 0.9558
24.2861 0.9565 0.9559
24.3037 0.9566 0.9559
24.3213 0.9567 0.9560
24.3389 0.9567 0.9561
24.3566 0.9568 0.9561
24.3742 0.9569 0.9562
24.3918 0.9570 0.9563
24.4094 0.9570 0.9563
24.4271 0.9571 0.9564
24.4447 0.9572 0.9565
24.4623 0.9572 0.9565
24.4799 0.9573 0.9566
24.4976 0.9574 0.9567
24.5152 0.9574 0.9567
24.5328 0.9575 0.9568
24.5504 0.9576 0.9569
24.5680 0.9576 0.9569
24.5857 0.9577 0.9570
24.6033 0.9578 0.9571
24.6209 0.9579 0.9571
24.6385 0.9579 0.9572
24.6562 0.9580 0.9573
24.6738 0.9581 0.9573
24.6914 0.9581 0.9574
24.7090 0.9582 0.9575
24.7267 0.9583 0.9575
24.7443 0.9583 0.9576
24.7619 0.9584 0.9577
24.7795 0.9585 0.9577
24.7972 0.9585 0.9578
24.8148 0.9586 0.9579
24.8324 0.9587 0.9579
24.8500 0.9587 0.9580
24.8677 0.9588 0.9581
24.8853 0.9589 0.9581
24.9029 0.9589 0.9582
24.9205 0.9590 0.9583
24.9382 0.9590 0.9583
24.9558 0.9591 0.9584
24.9734 0.9592 0.9585
24.9910 0.9592 0.9585
25.0087 0.9593 0.9586
25.0263 0.9594 0.9586
25.0439 0.9594 0.9587
25.0615 0.9595 0.9588
25.0791 0.9595 0.9588
25.0968 0.9596 0.9589
25.1144 0.9597 0.9590
25.1320 0.9597 0.9590
25.1496 0.9598 0.9591
25.1673 0.9599 0.9592
25.1849 0.9599 0.9592
25.2025 0.9600 0.9593
25.2201 0.9600 0.9593
25.2378 0.9601 0.9594
25.2554 0.9602 0.9595
25.2730 0.9602 0.9595
25.2906 0.9603 0.9596
25.3083 0.9603 0.9597
25.3259 0.9604 0.9597
25.3435 0.9605 0.9598
25.3611 0.9605 0.9598
25.3788 0.9606 0.9599
25.3964 0.9606 0.9600
25.4140 0.9607 0.9600
25.4316 0.9608 0.9601
25.4493 0.9608 0.9602
25.4669 0.9609 0.9602
25.4845 0.9609 0.9603
25.5021 0.9610 0.9603
25.5198 0.9611 0.9604
25.5374 0.9611 0.9605
25.5550 0.9612 0.9605
25.5726 0.9613 0.9606
25.5902 0.9613 0.9606
25.6079 0.9614 0.9607
25.6255 0.9614 0.9608
25.6431 0.9615 0.9608
25.6607 0.9615 0.9609
25.6784 0.9616 0.9609
25.6960 0.9617 0.9610
25.7136 0.9617 0.9610
25.7312 0.9618 0.9611
25.7489 0.9618 0.9612
25.7665 0.9619 0.9612
25.7841 0.9620 0.9613
25.8017 0.9620 0.9613
25.8194 0.9621 0.9614
25.8370 0.9621 0.9615
25.8546 0.9622 0.9615
25.8722 0.9623 0.9616
25.8899 0.9623 0.9616
25.9075 0.9624 0.9617
25.9251 0.9624 0.9617
25.9427 0.9625 0.9618
25.9604 0.9625 0.9619
25.9780 0.9626 0.9619
25.9956 0.9627 0.9620
26.0132 0.9627 0.9620
26.0309 0.9628 0.9621
26.0485 0.9628 0.9621
26.0661 0.9629 0.9622
26.0837 0.9629 0.9623
26.1013 0.9630 0.9623
26.1190 0.9631 0.9624
26.1366 0.9631 0.9624
26.1542 0.9632 0.9625
26.1718 0.9632 0.9625
26.1895 0.9633 0.9626
26.2071 0.9633 0.9626
26.2247 0.9634 0.9627
26.2423 0.9634 0.9628
26.2600 0.9635 0.9628
26.2776 0.9635 0.9629
26.2952 0.9636 0.9629
26.3128 0.9637 0.9630
26.3305 0.9637 0.9630
26.3481 0.9638 0.9631
26.3657 0.9638 0.9631
26.3833 0.9639 0.9632
26.4010 0.9639 0.9633
26.4186 0.9640 0.9633
26.4362 0.9640 0.9634
26.4538 0.9641 0.9634
26.4715 0.9641 0.9635
26.4891 0.9642 0.9635
26.5067 0.9643 0.9636
26.5243 0.9643 0.9636
26.5420 0.9644 0.9637
26.5596 0.9644 0.9637
26.5772 0.9645 0.9638
26.5948 0.9645 0.9638
26.6124 0.9646 0.9639
26.6301 0.9646 0.9640
26.6477 0.9647 0.9640
26.6653 0.9647 0.9641
26.6829 0.9648 0.9641
26.7006 0.9648 0.9642
26.7182 0.9649 0.9642
26.7358 0.9649 0.9643
26.7534 0.9650 0.9643
26.7711 0.9650 0.9644
26.7887 0.9651 0.9644
26.8063 0.9651 0.9645
26.8239 0.9652 0.9645
26.8416 0.9652 0.9646
26.8592 0.9653 0.9646
26.8768 0.9653 0.9647
26.8944 0.9654 0.9647
26.9121 0.9654 0.9648
26.9297 0.9655 0.9648
26.9473 0.9655 0.9649
26.9649 0.9656 0.9649
26.9826 0.9656 0.9650
27.0002 0.9657 0.9650
27.0178 0.9657 0.9651
27.0354 0.9658 0.9651
27.0531 0.9658 0.9652
27.0707 0.9659 0.9652
27.0883 0.9659 0.9653
27.1059 0.9660 0.9653
27.1235 0.9660 0.9654
27.1412 0.9661 0.9654
27.1588 0.9661 0.9655
27.1764 0.9662 0.9655
27.1940 0.9662 0.9656
27.2117 0.9663 0.9656
27.2293 0.9663 0.9657
27.2469 0.9664 0.9657
27.2645 0.9664 0.9658
27.2822 0.9665 0.9658
27.2998 0.9665 0.9659
27.3174 0.9666 0.9659
27.3350 0.9666 0.9660
27.3527 0.9667 0.9660
27.3703 0.9667 0.9661
27.3879 0.9668 0.9661
27.4055 0.9668 0.9662
27.4232 0.9669 0.9662
27.4408 0.9669 0.9663
27.4584 0.9669 0.9663
27.4760 0.9670 0.9664
27.4937 0.9670 0.9664
27.5113 0.9671 0.9665
27.5289 0.9671 0.9665
27.5465 0.9672 0.9665
27.5642 0.9672 0.9666
27.5818 0.9673 0.9666
27.5994 0.9673 0.9667
27.6170 0.9674 0.9667
27.6346 0.9674 0.9668
27.6523 0.9675 0.9668
27.6699 0.9675 0.9669
27.6875 0.9676 0.9669
27.7051 0.9676 0.9670
27.7228 0.9676 0.9670
27.7404 0.9677 0.9671
27.7580 0.9677 0.9671
27.7756 0.9678 0.9671
27.7933 0.9678 0.9672
27.8109 0.9679 0.9672
27.8285 0.9679 0.9673
27.8461 0.9680 0.9673
27.8638 0.9680 0.9674
27.8814 0.9680 0.9674
27.8990 0.9681 0.9675
27.9166 0.9681 0.9675
27.9343 0.9682 0.9676
27.9519 0.9682 0.9676
27.9695 0.9683 0.9676
27.9871 0.9683 0.9677
28.0048 0.9684 0.9677
28.0224 0.9684 0.9678
28.0400 0.9684 0.9678
28.0576 0.9685 0.9679
28.0753 0.9685 0.9679
28.0929 0.9686 0.9680
28.1105 0.9686 0.9680
28.1281 0.9687 0.9680
28.1457 0.9687 0.9681
28.1634 0.9688 0.9681
28.1810 0.9688 0.9682
28.1986 0.9688 0.9682
28.2162 0.9689 0.9683
28.2339 0.9689 0.9683
28.2515 0.9690 0.9683
28.2691 0.9690 0.9684
28.2867 0.9691 0.9684
28.3044 0.9691 0.9685
28.3220 0.9691 0.9685
28.3396 0.9692 0.9686
28.3572 0.9692 0.9686
28.3749 0.9693 0.9686
28.3925 0.9693 0.9687
28.4101 0.9693 0.9687
28.4277 0.9694 0.9688
28.4454 0.9694 0.9688
28.4630 0.9695 0.9689
28.4806 0.9695 0.9689
28.4982 0.9696 0.9689
28.5159 0.9696 0.9690
28.5335 0.9696 0.9690
28.5511 0.9697 0.9691
28.5687 0.9697 0.9691
28.5864 0.9698 0.9692
28.6040 0.9698 0.9692
28.6216 0.9698 0.9692
28.6392 0.9699 0.9693
28.6568 0.9699 0.9693
28.6745 0.9700 0.9694
28.6921 0.9700 0.9694
28.7097 0.9700 0.9694
28.7273 0.9701 0.9695
28.7450 0.9701 0.9695
28.7626 0.9702 0.9696
28.7802 0.9702 0.9696
28.7978 0.9702 0.9696
28.8155 0.9703 0.9697
28.8331 0.9703 0.9697
28.8507 0.9704 0.9698
28.8683 0.9704 0.9698
28.8860 0.9704 0.9698
28.9036 0.9705 0.9699
28.9212 0.9705 0.9699
28.9388 0.9706 0.9700
28.9565 0.9706 0.9700
28.9741 0.9706 0.9700
28.9917 0.9707 0.9701
29.0093 0.9707 0.9701
29.0270 0.9708 0.9702
29.0446 0.9708 0.9702
29.0622 0.9708 0.9702
29.0798 0.9709 0.9703
29.0975 0.9709 0.9703
29.1151 0.9710 0.9704
29.1327 0.9710 0.9704
29.1503 0.9710 0.9704
29.1679 0.9711 0.9705
29.1856 0.9711 0.9705
29.2032 0.9711 0.9706
29.2208 0.9712 0.9706
29.2384 0.9712 0.9706
29.2561 0.9713 0.9707
29.2737 0.9713 0.9707
29.2913 0.9713 0.9707
29.3089 0.9714 0.9708
29.3266 0.9714 0.9708
29.3442 0.9715 0.9709
29.3618 0.9715 0.9709
29.3794 0.9715 0.9709
29.3971 0.9716 0.9710
29.4147 0.9716 0.9710
29.4323 0.9716 0.9710
29.4499 0.9717 0.9711
29.4676 0.9717 0.9711
29.4852 0.9717 0.9712
29.5028 0.9718 0.9712
29.5204 0.9718 0.9712
29.5381 0.9719 0.9713
29.5557 0.9719 0.9713
29.5733 0.9719 0.9713
29.5909 0.9720 0.9714
29.6086 0.9720 0.9714
29.6262 0.9720 0.9715
29.6438 0.9721 0.9715
29.6614 0.9721 0.9715
29.6790 0.9721 0.9716
29.6967 0.9722 0.9716
29.7143 0.9722 0.9716
29.7319 0.9723 0.9717
29.7495 0.9723 0.9717
29.7672 0.9723 0.9717
29.7848 0.9724 0.9718
29.8024 0.9724 0.9718
29.8200 0.9724 0.9719
29.8377 0.9725 0.9719
29.8553 0.9725 0.9719
29.8729 0.9725 0.9720
29.8905 0.9726 0.9720
29.9082 0.9726 0.9720
29.9258 0.9726 0.9721
29.9434 0.9727 0.9721
29.9610 0.9727 0.9721
29.9787 0.9727 0.9722
29.9963 0.9728 0.9722
30.0139 0.9728 0.9722
30.0315 0.9729 0.9723
30.0492 0.9729 0.9723
30.0668 0.9729 0.9723
30.0844 0.9730 0.9724
30.1020 0.9730 0.9724
30.1197 0.9730 0.9724
30.1373 0.9731 0.9725
30.1549 0.9731 0.9725
30.1725 0.9731 0.9726
30.1901 0.9732 0.9726
30.2078 0.9732 0.9726
30.2254 0.9732 0.9727
30.2430 0.9733 0.9727
30.2606 0.9733 0.9727
30.2783 0.9733 0.9728
30.2959 0.9734 0.9728
30.3135 0.9734 0.9728
30.3311 0.9734 0.9729
30.3488 0.9735 0.9729
30.3664 0.9735 0.9729
30.3840 0.9735 0.9730
30.4016 0.9736 0.9730
30.4193 0.9736 0.9730
30.4369 0.9736 0.9731
30.4545 0.9737 0.9731
30.4721 0.9737 0.9731
30.4898 0.9737 0.9732
30.5074 0.9738 0.9732
30.5250 0.9738 0.9732
30.5426 0.9738 0.9733
30.5603 0.9739 0.9733
30.5779 0.9739 0.9733
30.5955 0.9739 0.9734
30.6131 0.9740 0.9734
30.6308 0.9740 0.9734
30.6484 0.9740 0.9735
30.6660 0.9741 0.9735
30.6836 0.9741 0.9735
30.7012 0.9741 0.9736
30.7189 0.9741 0.9736
30.7365 0.9742 0.9736
30.7541 0.9742 0.9737
30.7717 0.9742 0.9737
30.7894 0.9743 0.9737
30.8070 0.9743 0.9737
30.8246 0.9743 0.9738
30.8422 0.9744 0.9738
30.8599 0.9744 0.9738
30.8775 0.9744 0.9739
30.8951 0.9745 0.9739
30.9127 0.9745 0.9739
30.9304 0.9745 0.9740
30.9480 0.9746 0.9740
30.9656 0.9746 0.9740
30.9832 0.9746 0.9741
31.0009 0.9747 0.9741
31.0185 0.9747 0.9741
31.0361 0.9747 0.9742
31.0537 0.9747 0.9742
31.0714 0.9748 0.9742
31.0890 0.9748 0.9743
31.1066 0.9748 0.9743
31.1242 0.9749 0.9743
31.1419 0.9749 0.9743
31.1595 0.9749 0.9744
31.1771 0.9750 0.9744
31.1947 0.9750 0.9744
31.2123 0.9750 0.9745
31.2300 0.9750 0.9745
31.2476 0.9751 0.9745
31.2652 0.9751 0.9746
31.2828 0.9751 0.9746
31.3005 0.9752 0.9746
31.3181 0.9752 0.9747
31.3357 0.9752 0.9747
31.3533 0.9753 0.9747
31.3710 0.9753 0.9747
31.3886 0.9753 0.9748
31.4062 0.9753 0.9748
31.4238 0.9754 0.9748
31.4415 0.9754 0.9749
31.4591 0.9754 0.9749
31.4767 0.9755 0.9749
31.4943 0.9755 0.9750
31.5120 0.9755 0.9750
31.5296 0.9756 0.9750
31.5472 0.9756 0.9750
31.5648 0.9756 0.9751
31.5825 0.9756 0.9751
31.6001 0.9757 0.9751
31.6177 0.9757 0.9752
31.6353 0.9757 0.9752
31.6530 0.9758 0.9752
31.6706 0.9758 0.9752
31.6882 0.9758 0.9753
31.7058 0.9758 0.9753
31.7234 0.9759 0.9753
31.7411 0.9759 0.9754
31.7587 0.9759 0.9754
31.7763 0.9760 0.9754
31.7939 0.9760 0.9755
31.8116 0.9760 0.9755
31.8292 0.9760 0.9755
31.8468 0.9761 0.9755
31.8644 0.9761 0.9756
31.8821 0.9761 0.9756
31.8997 0.9762 0.9756
31.9173 0.9762 0.9757
31.9349 0.9762 0.9757
31.9526 0.9762 0.9757
31.9702 0.9763 0.9757
31.9878 0.9763 0.9758
32.0054 0.9763 0.9758
32.0231 0.9764 0.9758
32.0407 0.9764 0.9759
32.0583 0.9764 0.9759
32.0759 0.9764 0.9759
32.0936 0.9765 0.9759
32.1112 0.9765 0.9760
32.1288 0.9765 0.9760
32.1464 0.9765 0.9760
32.1641 0.9766 0.9760
32.1817 0.9766 0.9761
32.1993 0.9766 0.9761
32.2169 0.9767 0.9761
32.2345 0.9767 0.9762
32.2522 0.9767 0.9762
32.2698 0.9767 0.9762
32.2874 0.9768 0.9762
32.3050 0.9768 0.9763
32.3227 0.9768 0.9763
32.3403 0.9768 0.9763
32.3579 0.9769 0.9763
32.3755 0.9769 0.9764
32.3932 0.9769 0.9764
32.4108 0.9770 0.9764
32.4284 0.9770 0.9765
32.4460 0.9770 0.9765
32.4637 0.9770 0.9765
32.4813 0.9771 0.9765
32.4989 0.9771 0.9766
32.5165 0.9771 0.9766
32.5342 0.9771 0.9766
32.5518 0.9772 0.9766
32.5694 0.9772 0.9767
32.5870 0.9772 0.9767
32.6047 0.9772 0.9767
32.6223 0.9773 0.9768
32.6399 0.9773 0.9768
32.6575 0.9773 0.9768
32.6752 0.9773 0.9768
32.6928 0.9774 0.9769
32.7104 0.9774 0.9769
32.7280 0.9774 0.9769
32.7456 0.9775 0.9769
32.7633 0.9775 0.9770
32.7809 0.9775 0.9770
32.7985 0.9775 0.9770
32.8161 0.9776 0.9770
32.8338 0.9776 0.9771
32.8514 0.9776 0.9771
32.8690 0.9776 0.9771
32.8866 0.9777 0.9771
32.9043 0.9777 0.9772
32.9219 0.9777 0.9772
32.9395 0.9777 0.9772
32.9571 0.9778 0.9772
32.9748 0.9778 0.9773
32.9924 0.9778 0.9773
33.0100 0.9778 0.9773
33.0276 0.9779 0.9774
33.0453 0.9779 0.9774
33.0629 0.9779 0.9774
33.0805 0.9779 0.9774
33.0981 0.9780 0.9775
33.1158 0.9780 0.9775
33.1334 0.9780 0.9775
33.1510 0.9780 0.9775
33.1686 0.9781 0.9776
33.1863 0.9781 0.9776
33.2039 0.9781 0.9776
33.2215 0.9781 0.9776
33.2391 0.9782 0.9777
33.2567 0.9782 0.9777
33.2744 0.9782 0.9777
33.2920 0.9782 0.9777
33.3096 0.9783 0.9778
33.3272 0.9783 0.9778
33.3449 0.9783 0.9778
33.3625 0.9783 0.9778
33.3801 0.9784 0.9779
33.3977 0.9784 0.9779
33.4154 0.9784 0.9779
33.4330 0.9784 0.9779
33.4506 0.9784 0.9780
33.4682 0.9785 0.9780
33.4859 0.9785 0.9780
33.5035 0.9785 0.9780
33.5211 0.9785 0.9780
33.5387 0.9786 0.9781
33.5564 0.9786 0.9781
33.5740 0.9786 0.9781
33.5916 0.9786 0.9781
33.6092 0.9787 0.9782
33.6269 0.9787 0.9782
33.6445 0.9787 0.9782
33.6621 0.9787 0.9782
33.6797 0.9788 0.9783
33.6974 0.9788 0.9783
33.7150 0.9788 0.9783
33.7326 0.9788 0.9783
33.7502 0.9789 0.9784
33.7678 0.9789 0.9784
33.7855 0.9789 0.9784
33.8031 0.9789 0.9784
33.8207 0.9789 0.9785
33.8383 0.9790 0.9785
33.8560 0.9790 0.9785
33.8736 0.9790 0.9785
33.8912 0.9790 0.9785
33.9088 0.9791 0.9786
33.9265 0.9791 0.9786
33.9441 0.9791 0.9786
33.9617 0.9791 0.9786
33.9793 0.9792 0.9787
33.9970 0.9792 0.9787
34.0146 0.9792 0.9787
34.0322 0.9792 0.9787
34.0498 0.9792 0.9788
34.0675 0.9793 0.9788
34.0851 0.9793 0.9788
34.1027 0.9793 0.9788
34.1203 0.9793 0.9789
34.1380 0.9794 0.9789
34.1556 0.9794 0.9789
34.1732 0.9794 0.9789
34.1908 0.9794 0.9789
34.2085 0.9794 0.9790
34.2261 0.9795 0.9790
34.2437 0.9795 0.9790
34.2613 0.9795 0.9790
34.2789 0.9795 0.9791
34.2966 0.9796 0.9791
34.3142 0.9796 0.9791
34.3318 0.9796 0.9791
34.3494 0.9796 0.9791
34.3671 0.9796 0.9792
34.3847 0.9797 0.9792
34.4023 0.9797 0.9792
34.4199 0.9797 0.9792
34.4376 0.9797 0.9793
34.4552 0.9798 0.9793
34.4728 0.9798 0.9793
34.4904 0.9798 0.9793
34.5081 0.9798 0.9793
34.5257 0.9798 0.9794
34.5433 0.9799 0.9794
34.5609 0.9799 0.9794
34.5786 0.9799 0.9794
34.5962 0.9799 0.9795
34.6138 0.9800 0.9795
34.6314 0.9800 0.9795
34.6491 0.9800 0.9795
34.6667 0.9800 0.9795
34.6843 0.9800 0.9796
34.7019 0.9801 0.9796
34.7196 0.9801 0.9796
34.7372 0.9801 0.9796
34.7548 0.9801 0.9797
34.7724 0.9801 0.9797
34.7900 0.9802 0.9797
34.8077 0.9802 0.9797
34.8253 0.9802 0.9797
34.8429 0.9802 0.9798
34.8605 0.9802 0.9798
34.8782 0.9803 0.9798
34.8958 0.9803 0.9798
34.9134 0.9803 0.9798
34.9310 0.9803 0.9799
34.9487 0.9804 0.9799
34.9663 0.9804 0.9799
34.9839 0.9804 0.9799
35.0015 0.9804 0.9800
35.0192 0.9804 0.9800
35.0368 0.9805 0.9800
35.0544 0.9805 0.9800
35.0720 0.9805 0.9800
35.0897 0.9805 0.9801
35.1073 0.9805 0.9801
35.1249 0.9806 0.9801
35.1425 0.9806 0.9801
35.1602 0.9806 0.9801
35.1778 0.9806 0.9802
35.1954 0.9806 0.9802
35.2130 0.9807 0.9802
35.2307 0.9807 0.9802
  
  
  
  
  
dim="1">gridpoints</dimension>  
  
  
  
  
  
  
  
  
0.0000 0.4807 -0.1179
0.0176 0.4807 -0.1179
0.0352 0.4855 -0.1259
0.0529 0.4935 -0.1388
0.0705 0.5048 -0.1560
0.0881 0.5196 -0.1767
0.1057 0.5377 -0.1998
0.1234 0.5593 -0.2243
0.1410 0.5844 -0.2487
0.1586 0.6128 -0.2718
0.1762 0.6444 -0.2922
0.1939 0.6790 -0.3085
0.2115 0.7161 -0.3194
0.2291 0.7553 -0.3239
0.2467 0.7961 -0.3210
0.2644 0.8377 -0.3098
0.2820 0.8795 -0.2900
0.2996 0.9208 -0.2612
0.3172 0.9608 -0.2234
0.3349 0.9987 -0.1770
0.3525 1.0339 -0.1225
0.3701 1.0659 -0.0607
0.3877 1.0940 0.0074
0.4054 1.1181 0.0807
0.4230 1.1378 0.1578
0.4406 1.1531 0.2374
0.4582 1.1642 0.3181
0.4759 1.1712 0.3983
0.4935 1.1746 0.4769
0.5111 1.1748 0.5525
0.5287 1.1724 0.6240
0.5463 1.1680 0.6904
0.5640 1.1622 0.7509
0.5816 1.1557 0.8049
0.5992 1.1490 0.8520
0.6168 1.1428 0.8920
0.6345 1.1374 0.9248
0.6521 1.1333 0.9506
0.6697 1.1308 0.9698
0.6873 1.1300 0.9828
0.7050 1.1311 0.9901
0.7226 1.1340 0.9926
0.7402 1.1386 0.9909
0.7578 1.1448 0.9858
0.7755 1.1523 0.9782
0.7931 1.1608 0.9688
0.8107 1.1702 0.9583
0.8283 1.1800 0.9474
0.8460 1.1900 0.9366
0.8636 1.2000 0.9265
0.8812 1.2098 0.9173
0.8988 1.2190 0.9093
0.9165 1.2277 0.9027
0.9341 1.2358 0.8975
0.9517 1.2430 0.8938
0.9693 1.2495 0.8915
0.9870 1.2552 0.8904
1.0046 1.2601 0.8905
1.0222 1.2641 0.8916
1.0398 1.2673 0.8937
1.0574 1.2697 0.8966
1.0751 1.2712 0.9002
1.0927 1.2717 0.9045
1.1103 1.2714 0.9094
1.1279 1.2700 0.9148
1.1456 1.2675 0.9207
1.1632 1.2640 0.9269
1.1808 1.2593 0.9333
1.1984 1.2536 0.9399
1.2161 1.2467 0.9463
1.2337 1.2387 0.9525
1.2513 1.2297 0.9581
1.2689 1.2196 0.9628
1.2866 1.2085 0.9665
1.3042 1.1963 0.9688
1.3218 1.1832 0.9694
1.3394 1.1689 0.9682
1.3571 1.1536 0.9649
1.3747 1.1371 0.9596
1.3923 1.1195 0.9521
1.4099 1.1005 0.9425
1.4276 1.0803 0.9309
1.4452 1.0588 0.9176
1.4628 1.0360 0.9029
1.4804 1.0119 0.8870
1.4981 0.9868 0.8704
1.5157 0.9607 0.8534
1.5333 0.9338 0.8365
1.5509 0.9065 0.8200
1.5685 0.8790 0.8043
1.5862 0.8518 0.7898
1.6038 0.8250 0.7766
1.6214 0.7992 0.7651
1.6390 0.7747 0.7553
1.6567 0.7517 0.7473
1.6743 0.7307 0.7413
1.6919 0.7118 0.7372
1.7095 0.6952 0.7349
1.7272 0.6812 0.7344
1.7448 0.6697 0.7356
1.7624 0.6608 0.7383
1.7800 0.6545 0.7424
1.7977 0.6507 0.7476
1.8153 0.6492 0.7539
1.8329 0.6499 0.7610
1.8505 0.6525 0.7688
1.8682 0.6569 0.7769
1.8858 0.6627 0.7852
1.9034 0.6697 0.7934
1.9210 0.6776 0.8015
1.9387 0.6861 0.8090
1.9563 0.6948 0.8158
1.9739 0.7036 0.8218
1.9915 0.7121 0.8267
2.0092 0.7202 0.8304
2.0268 0.7276 0.8327
2.0444 0.7341 0.8334
2.0620 0.7397 0.8325
2.0796 0.7443 0.8300
2.0973 0.7479 0.8257
2.1149 0.7504 0.8197
2.1325 0.7519 0.8120
2.1501 0.7526 0.8027
2.1678 0.7524 0.7919
2.1854 0.7515 0.7798
2.2030 0.7501 0.7666
2.2206 0.7482 0.7525
2.2383 0.7459 0.7378
2.2559 0.7433 0.7229
2.2735 0.7406 0.7079
2.2911 0.7377 0.6933
2.3088 0.7348 0.6794
2.3264 0.7318 0.6664
2.3440 0.7288 0.6546
2.3616 0.7257 0.6442
2.3793 0.7226 0.6353
2.3969 0.7194 0.6281
2.4145 0.7162 0.6225
2.4321 0.7128 0.6186
2.4498 0.7093 0.6163
2.4674 0.7057 0.6154
2.4850 0.7020 0.6157
2.5026 0.6982 0.6170
2.5203 0.6943 0.6190
2.5379 0.6903 0.6215
2.5555 0.6863 0.6241
2.5731 0.6822 0.6267
2.5907 0.6781 0.6288
2.6084 0.6741 0.6303
2.6260 0.6702 0.6310
2.6436 0.6663 0.6307
2.6612 0.6626 0.6292
2.6789 0.6591 0.6265
2.6965 0.6557 0.6226
2.7141 0.6524 0.6176
2.7317 0.6493 0.6114
2.7494 0.6463 0.6042
2.7670 0.6435 0.5963
2.7846 0.6408 0.5878
2.8022 0.6381 0.5789
2.8199 0.6355 0.5700
2.8375 0.6328 0.5613
2.8551 0.6302 0.5530
2.8727 0.6275 0.5454
2.8904 0.6246 0.5386
2.9080 0.6217 0.5328
2.9256 0.6187 0.5281
2.9432 0.6155 0.5245
2.9609 0.6122 0.5221
2.9785 0.6089 0.5207
2.9961 0.6055 0.5202
3.0137 0.6022 0.5205
3.0314 0.5990 0.5213
3.0490 0.5959 0.5224
3.0666 0.5931 0.5236
3.0842 0.5905 0.5246
3.1018 0.5882 0.5252
3.1195 0.5863 0.5252
3.1371 0.5847 0.5244
3.1547 0.5833 0.5227
3.1723 0.5823 0.5200
3.1900 0.5814 0.5163
3.2076 0.5806 0.5116
3.2252 0.5798 0.5060
3.2428 0.5789 0.4996
3.2605 0.5778 0.4926
3.2781 0.5764 0.4852
3.2957 0.5746 0.4775
3.3133 0.5723 0.4697
3.3310 0.5695 0.4620
3.3486 0.5662 0.4546
3.3662 0.5623 0.4476
3.3838 0.5580 0.4411
3.4015 0.5532 0.4354
3.4191 0.5480 0.4303
3.4367 0.5425 0.4260
3.4543 0.5368 0.4225
3.4720 0.5311 0.4197
3.4896 0.5253 0.4178
3.5072 0.5195 0.4166
3.5248 0.5140 0.4162
3.5425 0.5086 0.4165
3.5601 0.5035 0.4176
3.5777 0.4988 0.4193
3.5953 0.4943 0.4217
3.6129 0.4901 0.4248
3.6306 0.4862 0.4285
3.6482 0.4825 0.4327
3.6658 0.4790 0.4375
3.6834 0.4755 0.4426
3.7011 0.4722 0.4481
3.7187 0.4688 0.4538
3.7363 0.4653 0.4595
3.7539 0.4617 0.4651
3.7716 0.4579 0.4705
3.7892 0.4539 0.4755
3.8068 0.4496 0.4800
3.8244 0.4450 0.4838
3.8421 0.4401 0.4868
3.8597 0.4349 0.4891
3.8773 0.4293 0.4904
3.8949 0.4235 0.4909
3.9126 0.4174 0.4906
3.9302 0.4111 0.4896
3.9478 0.4046 0.4879
3.9654 0.3978 0.4857
3.9831 0.3910 0.4831
4.0007 0.3840 0.4804
4.0183 0.3771 0.4776
4.0359 0.3702 0.4749
4.0536 0.3634 0.4725
4.0712 0.3569 0.4706
4.0888 0.3506 0.4691
4.1064 0.3447 0.4682
4.1240 0.3393 0.4679
4.1417 0.3345 0.4683
4.1593 0.3303 0.4693
4.1769 0.3269 0.4709
4.1945 0.3242 0.4730
4.2122 0.3223 0.4756
4.2298 0.3213 0.4785
4.2474 0.3212 0.4817
4.2650 0.3220 0.4851
4.2827 0.3236 0.4885
4.3003 0.3260 0.4919
4.3179 0.3292 0.4952
4.3355 0.3330 0.4982
4.3532 0.3373 0.5009
4.3708 0.3421 0.5033
4.3884 0.3473 0.5052
4.4060 0.3527 0.5068
4.4237 0.3583 0.5079
4.4413 0.3639 0.5087
4.4589 0.3695 0.5090
4.4765 0.3749 0.5090
4.4942 0.3802 0.5087
4.5118 0.3852 0.5081
4.5294 0.3901 0.5074
4.5470 0.3947 0.5067
4.5647 0.3991 0.5059
4.5823 0.4033 0.5051
4.5999 0.4074 0.5046
4.6175 0.4114 0.5042
4.6351 0.4154 0.5041
4.6528 0.4195 0.5044
4.6704 0.4236 0.5049
4.6880 0.4279 0.5059
4.7056 0.4324 0.5072
4.7233 0.4372 0.5089
4.7409 0.4422 0.5110
4.7585 0.4474 0.5133
4.7761 0.4529 0.5160
4.7938 0.4586 0.5188
4.8114 0.4645 0.5219
4.8290 0.4706 0.5250
4.8466 0.4768 0.5282
4.8643 0.4831 0.5315
4.8819 0.4894 0.5347
4.8995 0.4957 0.5378
4.9171 0.5019 0.5409
4.9348 0.5080 0.5438
4.9524 0.5139 0.5465
4.9700 0.5197 0.5490
4.9876 0.5252 0.5514
5.0053 0.5304 0.5536
5.0229 0.5353 0.5556
5.0405 0.5399 0.5574
5.0581 0.5441 0.5590
5.0758 0.5480 0.5605
5.0934 0.5516 0.5618
5.1110 0.5548 0.5630
5.1286 0.5577 0.5640
5.1462 0.5603 0.5650
5.1639 0.5626 0.5658
5.1815 0.5646 0.5666
5.1991 0.5663 0.5673
5.2167 0.5679 0.5680
5.2344 0.5692 0.5686
5.2520 0.5704 0.5693
5.2696 0.5715 0.5699
5.2872 0.5724 0.5705
5.3049 0.5733 0.5711
5.3225 0.5741 0.5717
5.3401 0.5749 0.5723
5.3577 0.5756 0.5729
5.3754 0.5763 0.5735
5.3930 0.5769 0.5740
5.4106 0.5775 0.5746
5.4282 0.5781 0.5750
5.4459 0.5786 0.5754
5.4635 0.5791 0.5757
5.4811 0.5796 0.5760
5.4987 0.5800 0.5761
5.5164 0.5804 0.5761
5.5340 0.5808 0.5760
5.5516 0.5812 0.5758
5.5692 0.5816 0.5755
5.5869 0.5821 0.5751
5.6045 0.5825 0.5747
5.6221 0.5831 0.5741
5.6397 0.5837 0.5735
5.6573 0.5844 0.5729
5.6750 0.5852 0.5722
5.6926 0.5862 0.5715
5.7102 0.5873 0.5708
5.7278 0.5885 0.5701
5.7455 0.5899 0.5694
5.7631 0.5914 0.5688
5.7807 0.5931 0.5682
5.7983 0.5949 0.5676
5.8160 0.5969 0.5671
5.8336 0.5990 0.5667
5.8512 0.6012 0.5664
5.8688 0.6035 0.5661
5.8865 0.6058 0.5660
5.9041 0.6083 0.5659
5.9217 0.6107 0.5660
5.9393 0.6133 0.5661
5.9570 0.6158 0.5663
5.9746 0.6183 0.5666
5.9922 0.6208 0.5669
6.0098 0.6233 0.5674
6.0275 0.6257 0.5679
6.0451 0.6281 0.5684
6.0627 0.6305 0.5690
6.0803 0.6327 0.5697
6.0980 0.6350 0.5704
6.1156 0.6371 0.5711
6.1332 0.6392 0.5718
6.1508 0.6411 0.5726
6.1684 0.6430 0.5734
6.1861 0.6449 0.5742
6.2037 0.6466 0.5751
6.2213 0.6482 0.5760
6.2389 0.6497 0.5770
6.2566 0.6511 0.5781
6.2742 0.6524 0.5793
6.2918 0.6536 0.5805
6.3094 0.6546 0.5819
6.3271 0.6555 0.5834
6.3447 0.6563 0.5849
6.3623 0.6569 0.5867
6.3799 0.6574 0.5885
6.3976 0.6577 0.5904
6.4152 0.6579 0.5925
6.4328 0.6580 0.5947
6.4504 0.6579 0.5970
6.4681 0.6578 0.5994
6.4857 0.6576 0.6019
6.5033 0.6573 0.6045
6.5209 0.6570 0.6072
6.5386 0.6567 0.6099
6.5562 0.6564 0.6127
6.5738 0.6561 0.6156
6.5914 0.6559 0.6185
6.6091 0.6557 0.6214
6.6267 0.6556 0.6243
6.6443 0.6556 0.6273
6.6619 0.6556 0.6302
6.6795 0.6557 0.6330
6.6972 0.6559 0.6359
6.7148 0.6562 0.6386
6.7324 0.6566 0.6412
6.7500 0.6570 0.6437
6.7677 0.6575 0.6461
6.7853 0.6581 0.6483
6.8029 0.6587 0.6504
6.8205 0.6594 0.6523
6.8382 0.6601 0.6539
6.8558 0.6609 0.6554
6.8734 0.6617 0.6567
6.8910 0.6626 0.6578
6.9087 0.6635 0.6587
6.9263 0.6644 0.6593
6.9439 0.6653 0.6598
6.9615 0.6662 0.6602
6.9792 0.6671 0.6604
6.9968 0.6680 0.6605
7.0144 0.6688 0.6605
7.0320 0.6696 0.6604
7.0497 0.6703 0.6603
7.0673 0.6710 0.6602
7.0849 0.6716 0.6602
7.1025 0.6721 0.6602
7.1202 0.6725 0.6604
7.1378 0.6728 0.6606
7.1554 0.6731 0.6609
7.1730 0.6733 0.6614
7.1906 0.6735 0.6621
7.2083 0.6737 0.6628
7.2259 0.6739 0.6638
7.2435 0.6741 0.6648
7.2611 0.6745 0.6660
7.2788 0.6749 0.6673
7.2964 0.6754 0.6687
7.3140 0.6761 0.6702
7.3316 0.6770 0.6718
7.3493 0.6780 0.6734
7.3669 0.6791 0.6750
7.3845 0.6805 0.6767
7.4021 0.6820 0.6783
7.4198 0.6836 0.6799
7.4374 0.6854 0.6815
7.4550 0.6873 0.6830
7.4726 0.6893 0.6845
7.4903 0.6913 0.6860
7.5079 0.6934 0.6874
7.5255 0.6956 0.6887
7.5431 0.6977 0.6900
7.5608 0.6998 0.6912
7.5784 0.7019 0.6923
7.5960 0.7039 0.6934
7.6136 0.7059 0.6945
7.6313 0.7078 0.6955
7.6489 0.7096 0.6965
7.6665 0.7114 0.6975
7.6841 0.7130 0.6984
7.7017 0.7146 0.6993
7.7194 0.7160 0.7002
7.7370 0.7174 0.7011
7.7546 0.7187 0.7020
7.7722 0.7199 0.7028
7.7899 0.7210 0.7036
7.8075 0.7221 0.7044
7.8251 0.7230 0.7051
7.8427 0.7239 0.7058
7.8604 0.7248 0.7065
7.8780 0.7256 0.7071
7.8956 0.7264 0.7077
7.9132 0.7272 0.7083
7.9309 0.7279 0.7088
7.9485 0.7286 0.7093
7.9661 0.7294 0.7098
7.9837 0.7301 0.7103
8.0014 0.7309 0.7107
8.0190 0.7317 0.7112
8.0366 0.7325 0.7116
8.0542 0.7333 0.7121
8.0719 0.7342 0.7126
8.0895 0.7351 0.7131
8.1071 0.7361 0.7136
8.1247 0.7370 0.7141
8.1424 0.7380 0.7147
8.1600 0.7390 0.7154
8.1776 0.7401 0.7161
8.1952 0.7411 0.7169
8.2128 0.7422 0.7177
8.2305 0.7433 0.7186
8.2481 0.7444 0.7196
8.2657 0.7456 0.7206
8.2833 0.7467 0.7216
8.3010 0.7479 0.7227
8.3186 0.7491 0.7239
8.3362 0.7503 0.7250
8.3538 0.7516 0.7261
8.3715 0.7528 0.7272
8.3891 0.7542 0.7282
8.4067 0.7555 0.7291
8.4243 0.7568 0.7300
8.4420 0.7582 0.7307
8.4596 0.7595 0.7314
8.4772 0.7609 0.7319
8.4948 0.7622 0.7323
8.5125 0.7635 0.7326
8.5301 0.7648 0.7327
8.5477 0.7661 0.7328
8.5653 0.7673 0.7328
8.5830 0.7685 0.7327
8.6006 0.7697 0.7325
8.6182 0.7708 0.7323
8.6358 0.7719 0.7320
8.6535 0.7730 0.7318
8.6711 0.7740 0.7316
8.6887 0.7750 0.7314
8.7063 0.7759 0.7313
8.7239 0.7768 0.7312
8.7416 0.7777 0.7313
8.7592 0.7785 0.7314
8.7768 0.7793 0.7316
8.7944 0.7801 0.7319
8.8121 0.7808 0.7323
8.8297 0.7815 0.7328
8.8473 0.7822 0.7334
8.8649 0.7829 0.7341
8.8826 0.7836 0.7348
8.9002 0.7842 0.7355
8.9178 0.7848 0.7363
8.9354 0.7855 0.7371
8.9531 0.7861 0.7379
8.9707 0.7867 0.7387
8.9883 0.7873 0.7394
9.0059 0.7879 0.7401
9.0236 0.7885 0.7406
9.0412 0.7892 0.7412
9.0588 0.7898 0.7416
9.0764 0.7905 0.7419
9.0941 0.7911 0.7422
9.1117 0.7918 0.7424
9.1293 0.7925 0.7424
9.1469 0.7931 0.7425
9.1646 0.7938 0.7424
9.1822 0.7945 0.7423
9.1998 0.7952 0.7422
9.2174 0.7959 0.7420
9.2350 0.7966 0.7418
9.2527 0.7973 0.7417
9.2703 0.7979 0.7415
9.2879 0.7985 0.7413
9.3055 0.7991 0.7412
9.3232 0.7997 0.7411
9.3408 0.8002 0.7410
9.3584 0.8007 0.7409
9.3760 0.8012 0.7409
9.3937 0.8016 0.7409
9.4113 0.8020 0.7409
9.4289 0.8024 0.7410
9.4465 0.8027 0.7411
9.4642 0.8030 0.7412
9.4818 0.8033 0.7413
9.4994 0.8035 0.7414
9.5170 0.8038 0.7416
9.5347 0.8040 0.7417
9.5523 0.8042 0.7418
9.5699 0.8044 0.7420
9.5875 0.8046 0.7421
9.6052 0.8048 0.7423
9.6228 0.8051 0.7424
9.6404 0.8053 0.7425
9.6580 0.8056 0.7427
9.6757 0.8059 0.7428
9.6933 0.8063 0.7430
9.7109 0.8066 0.7432
9.7285 0.8070 0.7433
9.7461 0.8074 0.7435
9.7638 0.8079 0.7437
9.7814 0.8084 0.7440
9.7990 0.8089 0.7442
9.8166 0.8094 0.7445
9.8343 0.8099 0.7447
9.8519 0.8104 0.7450
9.8695 0.8110 0.7453
9.8871 0.8115 0.7456
9.9048 0.8120 0.7460
9.9224 0.8126 0.7463
9.9400 0.8131 0.7467
9.9576 0.8137 0.7470
9.9753 0.8142 0.7474
9.9929 0.8147 0.7478
10.0105 0.8153 0.7482
10.0281 0.8158 0.7487
10.0458 0.8163 0.7491
10.0634 0.8169 0.7495
10.0810 0.8175 0.7500
10.0986 0.8180 0.7504
10.1163 0.8186 0.7509
10.1339 0.8192 0.7513
10.1515 0.8198 0.7518
10.1691 0.8204 0.7522
10.1868 0.8209 0.7527
10.2044 0.8215 0.7531
10.2220 0.8221 0.7535
10.2396 0.8226 0.7539
10.2572 0.8232 0.7543
10.2749 0.8237 0.7547
10.2925 0.8242 0.7550
10.3101 0.8247 0.7554
10.3277 0.8251 0.7557
10.3454 0.8256 0.7560
10.3630 0.8260 0.7563
10.3806 0.8264 0.7567
10.3982 0.8268 0.7570
10.4159 0.8271 0.7573
10.4335 0.8275 0.7576
10.4511 0.8278 0.7580
10.4687 0.8281 0.7583
10.4864 0.8284 0.7587
10.5040 0.8286 0.7591
10.5216 0.8288 0.7596
10.5392 0.8290 0.7601
10.5569 0.8291 0.7606
10.5745 0.8292 0.7611
10.5921 0.8293 0.7617
10.6097 0.8293 0.7623
10.6274 0.8293 0.7629
10.6450 0.8293 0.7636
10.6626 0.8292 0.7642
10.6802 0.8291 0.7649
10.6979 0.8290 0.7656
10.7155 0.8288 0.7664
10.7331 0.8286 0.7671
10.7507 0.8284 0.7678
10.7683 0.8282 0.7685
10.7860 0.8280 0.7691
10.8036 0.8278 0.7698
10.8212 0.8275 0.7705
10.8388 0.8273 0.7711
10.8565 0.8270 0.7717
10.8741 0.8267 0.7722
10.8917 0.8265 0.7728
10.9093 0.8262 0.7733
10.9270 0.8259 0.7737
10.9446 0.8256 0.7742
10.9622 0.8253 0.7746
10.9798 0.8250 0.7750
10.9975 0.8246 0.7754
11.0151 0.8243 0.7757
11.0327 0.8240 0.7761
11.0503 0.8236 0.7764
11.0680 0.8233 0.7768
11.0856 0.8229 0.7771
11.1032 0.8226 0.7774
11.1208 0.8223 0.7778
11.1385 0.8220 0.7781
11.1561 0.8217 0.7785
11.1737 0.8214 0.7789
11.1913 0.8212 0.7794
11.2090 0.8209 0.7798
11.2266 0.8207 0.7803
11.2442 0.8205 0.7809
11.2618 0.8204 0.7815
11.2794 0.8202 0.7821
11.2971 0.8200 0.7827
11.3147 0.8199 0.7833
11.3323 0.8197 0.7840
11.3499 0.8196 0.7846
11.3676 0.8194 0.7853
11.3852 0.8193 0.7859
11.4028 0.8191 0.7866
11.4204 0.8190 0.7872
11.4381 0.8188 0.7877
11.4557 0.8186 0.7882
11.4733 0.8184 0.7887
11.4909 0.8182 0.7892
11.5086 0.8180 0.7896
11.5262 0.8178 0.7899
11.5438 0.8177 0.7902
11.5614 0.8175 0.7905
11.5791 0.8174 0.7908
11.5967 0.8173 0.7910
11.6143 0.8172 0.7911
11.6319 0.8172 0.7913
11.6496 0.8172 0.7914
11.6672 0.8172 0.7915
11.6848 0.8172 0.7916
11.7024 0.8172 0.7916
11.7201 0.8173 0.7916
11.7377 0.8173 0.7917
11.7553 0.8174 0.7917
11.7729 0.8175 0.7917
11.7905 0.8176 0.7917
11.8082 0.8176 0.7917
11.8258 0.8177 0.7918
11.8434 0.8178 0.7918
11.8610 0.8179 0.7919
11.8787 0.8180 0.7920
11.8963 0.8181 0.7921
11.9139 0.8182 0.7923
11.9315 0.8183 0.7925
11.9492 0.8184 0.7927
11.9668 0.8185 0.7930
11.9844 0.8187 0.7933
12.0020 0.8188 0.7937
12.0197 0.8190 0.7941
12.0373 0.8191 0.7945
12.0549 0.8193 0.7950
12.0725 0.8195 0.7954
12.0902 0.8196 0.7959
12.1078 0.8198 0.7964
12.1254 0.8200 0.7969
12.1430 0.8202 0.7974
12.1607 0.8204 0.7979
12.1783 0.8206 0.7984
12.1959 0.8208 0.7988
12.2135 0.8209 0.7993
12.2312 0.8211 0.7997
12.2488 0.8213 0.8002
12.2664 0.8215 0.8006
12.2840 0.8216 0.8010
12.3016 0.8218 0.8014
12.3193 0.8219 0.8018
12.3369 0.8221 0.8021
12.3545 0.8222 0.8025
12.3721 0.8224 0.8029
12.3898 0.8225 0.8032
12.4074 0.8226 0.8036
12.4250 0.8227 0.8040
12.4426 0.8229 0.8043
12.4603 0.8230 0.8047
12.4779 0.8230 0.8051
12.4955 0.8231 0.8055
12.5131 0.8232 0.8059
12.5308 0.8232 0.8063
12.5484 0.8232 0.8067
12.5660 0.8233 0.8071
12.5836 0.8232 0.8075
12.6013 0.8232 0.8080
12.6189 0.8232 0.8084
12.6365 0.8231 0.8089
12.6541 0.8230 0.8093
12.6718 0.8229 0.8098
12.6894 0.8227 0.8103
12.7070 0.8226 0.8107
12.7246 0.8224 0.8112
12.7423 0.8222 0.8117
12.7599 0.8219 0.8122
12.7775 0.8217 0.8127
12.7951 0.8214 0.8132
12.8127 0.8211 0.8137
12.8304 0.8209 0.8142
12.8480 0.8206 0.8147
12.8656 0.8203 0.8152
12.8832 0.8200 0.8158
12.9009 0.8197 0.8163
12.9185 0.8194 0.8168
12.9361 0.8191 0.8173
12.9537 0.8189 0.8178
12.9714 0.8187 0.8184
12.9890 0.8185 0.8189
13.0066 0.8183 0.8194
13.0242 0.8182 0.8200
13.0419 0.8181 0.8205
13.0595 0.8181 0.8210
13.0771 0.8180 0.8216
13.0947 0.8180 0.8221
13.1124 0.8181 0.8226
13.1300 0.8181 0.8232
13.1476 0.8182 0.8237
13.1652 0.8183 0.8242
13.1829 0.8184 0.8248
13.2005 0.8185 0.8253
13.2181 0.8186 0.8258
13.2357 0.8187 0.8263
13.2534 0.8188 0.8268
13.2710 0.8189 0.8273
13.2886 0.8190 0.8278
13.3062 0.8191 0.8284
13.3238 0.8193 0.8289
13.3415 0.8194 0.8294
13.3591 0.8195 0.8299
13.3767 0.8196 0.8304
13.3943 0.8198 0.8309
13.4120 0.8199 0.8314
13.4296 0.8201 0.8319
13.4472 0.8203 0.8324
13.4648 0.8205 0.8329
13.4825 0.8208 0.8335
13.5001 0.8210 0.8340
13.5177 0.8213 0.8345
13.5353 0.8216 0.8350
13.5530 0.8220 0.8355
13.5706 0.8223 0.8360
13.5882 0.8226 0.8365
13.6058 0.8230 0.8369
13.6235 0.8234 0.8374
13.6411 0.8237 0.8378
13.6587 0.8241 0.8383
13.6763 0.8245 0.8387
13.6940 0.8249 0.8391
13.7116 0.8253 0.8395
13.7292 0.8257 0.8398
13.7468 0.8261 0.8402
13.7645 0.8265 0.8405
13.7821 0.8270 0.8408
13.7997 0.8274 0.8412
13.8173 0.8278 0.8415
13.8349 0.8283 0.8418
13.8526 0.8287 0.8421
13.8702 0.8292 0.8424
13.8878 0.8297 0.8427
13.9054 0.8301 0.8431
13.9231 0.8306 0.8434
13.9407 0.8311 0.8438
13.9583 0.8316 0.8442
13.9759 0.8322 0.8446
13.9936 0.8327 0.8450
14.0112 0.8332 0.8454
14.0288 0.8338 0.8459
14.0464 0.8343 0.8464
14.0641 0.8349 0.8468
14.0817 0.8354 0.8473
14.0993 0.8360 0.8478
14.1169 0.8365 0.8483
14.1346 0.8371 0.8488
14.1522 0.8377 0.8493
14.1698 0.8382 0.8498
14.1874 0.8388 0.8503
14.2051 0.8393 0.8507
14.2227 0.8399 0.8512
14.2403 0.8404 0.8516
14.2579 0.8409 0.8520
14.2756 0.8415 0.8524
14.2932 0.8420 0.8528
14.3108 0.8424 0.8532
14.3284 0.8429 0.8535
14.3460 0.8434 0.8539
14.3637 0.8438 0.8542
14.3813 0.8442 0.8545
14.3989 0.8446 0.8548
14.4165 0.8450 0.8551
14.4342 0.8454 0.8554
14.4518 0.8458 0.8557
14.4694 0.8462 0.8560
14.4870 0.8466 0.8563
14.5047 0.8470 0.8566
14.5223 0.8474 0.8569
14.5399 0.8478 0.8573
14.5575 0.8482 0.8576
14.5752 0.8486 0.8579
14.5928 0.8491 0.8582
14.6104 0.8495 0.8586
14.6280 0.8500 0.8589
14.6457 0.8505 0.8593
14.6633 0.8510 0.8596
14.6809 0.8515 0.8599
14.6985 0.8520 0.8603
14.7162 0.8525 0.8606
14.7338 0.8531 0.8609
14.7514 0.8536 0.8613
14.7690 0.8541 0.8616
14.7867 0.8546 0.8619
14.8043 0.8551 0.8622
14.8219 0.8556 0.8625
14.8395 0.8561 0.8628
14.8571 0.8566 0.8630
14.8748 0.8571 0.8633
14.8924 0.8575 0.8636
14.9100 0.8580 0.8639
14.9276 0.8584 0.8641
14.9453 0.8588 0.8644
14.9629 0.8592 0.8646
14.9805 0.8597 0.8649
14.9981 0.8601 0.8652
15.0158 0.8605 0.8654
15.0334 0.8608 0.8657
15.0510 0.8612 0.8660
15.0686 0.8616 0.8663
15.0863 0.8620 0.8665
15.1039 0.8624 0.8668
15.1215 0.8627 0.8671
15.1391 0.8631 0.8674
15.1568 0.8635 0.8677
15.1744 0.8638 0.8680
15.1920 0.8642 0.8683
15.2096 0.8645 0.8686
15.2273 0.8649 0.8689
15.2449 0.8652 0.8691
15.2625 0.8655 0.8694
15.2801 0.8658 0.8698
15.2978 0.8662 0.8701
15.3154 0.8665 0.8704
15.3330 0.8668 0.8707
15.3506 0.8671 0.8710
15.3682 0.8674 0.8713
15.3859 0.8677 0.8716
15.4035 0.8680 0.8719
15.4211 0.8683 0.8723
15.4387 0.8686 0.8726
15.4564 0.8688 0.8729
15.4740 0.8691 0.8732
15.4916 0.8694 0.8735
15.5092 0.8697 0.8739
15.5269 0.8700 0.8742
15.5445 0.8703 0.8745
15.5621 0.8706 0.8748
15.5797 0.8709 0.8751
15.5974 0.8712 0.8754
15.6150 0.8715 0.8757
15.6326 0.8718 0.8760
15.6502 0.8721 0.8763
15.6679 0.8724 0.8765
15.6855 0.8727 0.8768
15.7031 0.8730 0.8771
15.7207 0.8733 0.8773
15.7384 0.8736 0.8776
15.7560 0.8739 0.8778
15.7736 0.8742 0.8781
15.7912 0.8745 0.8783
15.8089 0.8748 0.8785
15.8265 0.8751 0.8788
15.8441 0.8754 0.8790
15.8617 0.8758 0.8792
15.8793 0.8761 0.8795
15.8970 0.8764 0.8797
15.9146 0.8767 0.8799
15.9322 0.8770 0.8802
15.9498 0.8773 0.8804
15.9675 0.8776 0.8806
15.9851 0.8779 0.8809
16.0027 0.8782 0.8811
16.0203 0.8785 0.8814
16.0380 0.8788 0.8816
16.0556 0.8791 0.8818
16.0732 0.8794 0.8821
16.0908 0.8797 0.8823
16.1085 0.8799 0.8826
16.1261 0.8802 0.8828
16.1437 0.8805 0.8831
16.1613 0.8808 0.8833
16.1790 0.8811 0.8836
16.1966 0.8813 0.8838
16.2142 0.8816 0.8841
16.2318 0.8819 0.8843
16.2495 0.8822 0.8846
16.2671 0.8824 0.8848
16.2847 0.8827 0.8851
16.3023 0.8830 0.8854
16.3200 0.8832 0.8856
16.3376 0.8835 0.8859
16.3552 0.8838 0.8862
16.3728 0.8841 0.8864
16.3904 0.8843 0.8867
16.4081 0.8846 0.8870
16.4257 0.8849 0.8872
16.4433 0.8852 0.8875
16.4609 0.8855 0.8878
16.4786 0.8858 0.8881
16.4962 0.8861 0.8883
16.5138 0.8864 0.8886
16.5314 0.8867 0.8889
16.5491 0.8870 0.8892
16.5667 0.8873 0.8894
16.5843 0.8876 0.8897
16.6019 0.8879 0.8900
16.6196 0.8882 0.8903
16.6372 0.8885 0.8906
16.6548 0.8888 0.8908
16.6724 0.8891 0.8911
16.6901 0.8895 0.8914
16.7077 0.8898 0.8917
16.7253 0.8901 0.8920
16.7429 0.8904 0.8922
16.7606 0.8907 0.8925
16.7782 0.8910 0.8928
16.7958 0.8913 0.8931
16.8134 0.8916 0.8933
16.8311 0.8919 0.8936
16.8487 0.8922 0.8939
16.8663 0.8925 0.8942
16.8839 0.8928 0.8944
16.9015 0.8931 0.8947
16.9192 0.8934 0.8950
16.9368 0.8936 0.8952
16.9544 0.8939 0.8955
16.9720 0.8942 0.8958
16.9897 0.8945 0.8960
17.0073 0.8948 0.8963
17.0249 0.8951 0.8966
17.0425 0.8953 0.8968
17.0602 0.8956 0.8971
17.0778 0.8959 0.8973
17.0954 0.8962 0.8976
17.1130 0.8964 0.8979
17.1307 0.8967 0.8981
17.1483 0.8970 0.8984
17.1659 0.8973 0.8987
17.1835 0.8975 0.8989
17.2012 0.8978 0.8992
17.2188 0.8981 0.8995
17.2364 0.8983 0.8997
17.2540 0.8986 0.9000
17.2717 0.8989 0.9003
17.2893 0.8991 0.9005
17.3069 0.8994 0.9008
17.3245 0.8997 0.9011
17.3422 0.8999 0.9013
17.3598 0.9002 0.9016
17.3774 0.9005 0.9019
17.3950 0.9007 0.9021
17.4126 0.9010 0.9024
17.4303 0.9013 0.9026
17.4479 0.9015 0.9029
17.4655 0.9018 0.9032
17.4831 0.9021 0.9034
17.5008 0.9024 0.9037
17.5184 0.9026 0.9039
17.5360 0.9029 0.9042
17.5536 0.9032 0.9044
17.5713 0.9034 0.9047
17.5889 0.9037 0.9049
17.6065 0.9040 0.9051
17.6241 0.9043 0.9054
17.6418 0.9045 0.9056
17.6594 0.9048 0.9059
17.6770 0.9050 0.9061
17.6946 0.9053 0.9063
17.7123 0.9056 0.9066
17.7299 0.9058 0.9068
17.7475 0.9061 0.9071
17.7651 0.9064 0.9073
17.7828 0.9066 0.9075
17.8004 0.9069 0.9078
17.8180 0.9071 0.9080
17.8356 0.9074 0.9082
17.8533 0.9076 0.9085
17.8709 0.9079 0.9087
17.8885 0.9081 0.9089
17.9061 0.9084 0.9091
17.9237 0.9086 0.9094
17.9414 0.9089 0.9096
17.9590 0.9091 0.9098
17.9766 0.9094 0.9101
17.9942 0.9096 0.9103
18.0119 0.9099 0.9105
18.0295 0.9101 0.9107
18.0471 0.9104 0.9110
18.0647 0.9106 0.9112
18.0824 0.9108 0.9114
18.1000 0.9111 0.9116
18.1176 0.9113 0.9118
18.1352 0.9115 0.9120
18.1529 0.9117 0.9122
18.1705 0.9120 0.9124
18.1881 0.9122 0.9126
18.2057 0.9124 0.9128
18.2234 0.9126 0.9130
18.2410 0.9129 0.9132
18.2586 0.9131 0.9134
18.2762 0.9133 0.9136
18.2939 0.9135 0.9138
18.3115 0.9137 0.9140
18.3291 0.9139 0.9142
18.3467 0.9142 0.9144
18.3644 0.9144 0.9146
18.3820 0.9146 0.9148
18.3996 0.9148 0.9149
18.4172 0.9150 0.9151
18.4348 0.9152 0.9153
18.4525 0.9154 0.9155
18.4701 0.9157 0.9157
18.4877 0.9159 0.9159
18.5053 0.9161 0.9161
18.5230 0.9163 0.9163
18.5406 0.9165 0.9165
18.5582 0.9167 0.9167
18.5758 0.9169 0.9169
18.5935 0.9171 0.9171
18.6111 0.9173 0.9173
18.6287 0.9175 0.9175
18.6463 0.9177 0.9177
18.6640 0.9179 0.9179
18.6816 0.9181 0.9181
18.6992 0.9184 0.9183
18.7168 0.9186 0.9185
18.7345 0.9188 0.9187
18.7521 0.9190 0.9189
18.7697 0.9191 0.9191
18.7873 0.9193 0.9193
18.8050 0.9195 0.9195
18.8226 0.9197 0.9197
18.8402 0.9199 0.9199
18.8578 0.9201 0.9201
18.8755 0.9203 0.9203
18.8931 0.9205 0.9205
18.9107 0.9207 0.9207
18.9283 0.9209 0.9209
18.9459 0.9211 0.9211
18.9636 0.9213 0.9213
18.9812 0.9215 0.9214
18.9988 0.9216 0.9216
19.0164 0.9218 0.9218
19.0341 0.9220 0.9220
19.0517 0.9222 0.9222
19.0693 0.9224 0.9224
19.0869 0.9226 0.9226
19.1046 0.9228 0.9228
19.1222 0.9230 0.9230
19.1398 0.9232 0.9232
19.1574 0.9234 0.9234
19.1751 0.9236 0.9235
19.1927 0.9237 0.9237
19.2103 0.9239 0.9239
19.2279 0.9241 0.9241
19.2456 0.9243 0.9243
19.2632 0.9245 0.9244
19.2808 0.9247 0.9246
19.2984 0.9249 0.9248
19.3161 0.9251 0.9250
19.3337 0.9252 0.9251
19.3513 0.9254 0.9253
19.3689 0.9256 0.9255
19.3866 0.9258 0.9257
19.4042 0.9260 0.9258
19.4218 0.9262 0.9260
19.4394 0.9263 0.9262
19.4570 0.9265 0.9263
19.4747 0.9267 0.9265
19.4923 0.9269 0.9267
19.5099 0.9270 0.9268
19.5275 0.9272 0.9270
19.5452 0.9274 0.9272
19.5628 0.9276 0.9274
19.5804 0.9277 0.9275
19.5980 0.9279 0.9277
19.6157 0.9281 0.9279
19.6333 0.9282 0.9280
19.6509 0.9284 0.9282
19.6685 0.9286 0.9283
19.6862 0.9287 0.9285
19.7038 0.9289 0.9287
19.7214 0.9291 0.9288
19.7390 0.9292 0.9290
19.7567 0.9294 0.9292
19.7743 0.9296 0.9293
19.7919 0.9297 0.9295
19.8095 0.9299 0.9296
19.8272 0.9300 0.9298
19.8448 0.9302 0.9299
19.8624 0.9304 0.9301
19.8800 0.9305 0.9303
19.8977 0.9307 0.9304
19.9153 0.9308 0.9306
19.9329 0.9310 0.9307
19.9505 0.9311 0.9309
19.9681 0.9313 0.9310
19.9858 0.9315 0.9312
20.0034 0.9316 0.9313
20.0210 0.9318 0.9315
20.0386 0.9319 0.9316
20.0563 0.9321 0.9318
20.0739 0.9322 0.9319
20.0915 0.9324 0.9321
20.1091 0.9326 0.9322
20.1268 0.9327 0.9324
20.1444 0.9329 0.9325
20.1620 0.9330 0.9327
20.1796 0.9332 0.9328
20.1973 0.9333 0.9330
20.2149 0.9335 0.9331
20.2325 0.9336 0.9333
20.2501 0.9338 0.9334
20.2678 0.9339 0.9336
20.2854 0.9341 0.9337
20.3030 0.9342 0.9339
20.3206 0.9344 0.9340
20.3383 0.9345 0.9342
20.3559 0.9347 0.9343
20.3735 0.9348 0.9345
20.3911 0.9350 0.9346
20.4088 0.9351 0.9348
20.4264 0.9353 0.9349
20.4440 0.9354 0.9350
20.4616 0.9356 0.9352
20.4792 0.9357 0.9353
20.4969 0.9358 0.9355
20.5145 0.9360 0.9356
20.5321 0.9361 0.9358
20.5497 0.9363 0.9359
20.5674 0.9364 0.9360
20.5850 0.9366 0.9362
20.6026 0.9367 0.9363
20.6202 0.9368 0.9364
20.6379 0.9370 0.9366
20.6555 0.9371 0.9367
20.6731 0.9372 0.9368
20.6907 0.9374 0.9370
20.7084 0.9375 0.9371
20.7260 0.9376 0.9372
20.7436 0.9378 0.9374
20.7612 0.9379 0.9375
20.7789 0.9380 0.9376
20.7965 0.9382 0.9377
20.8141 0.9383 0.9379
20.8317 0.9384 0.9380
20.8494 0.9386 0.9381
20.8670 0.9387 0.9382
20.8846 0.9388 0.9384
20.9022 0.9390 0.9385
20.9199 0.9391 0.9386
20.9375 0.9392 0.9387
20.9551 0.9393 0.9389
20.9727 0.9395 0.9390
20.9903 0.9396 0.9391
21.0080 0.9397 0.9392
21.0256 0.9398 0.9394
21.0432 0.9400 0.9395
21.0608 0.9401 0.9396
21.0785 0.9402 0.9397
21.0961 0.9403 0.9399
21.1137 0.9405 0.9400
21.1313 0.9406 0.9401
21.1490 0.9407 0.9402
21.1666 0.9408 0.9403
21.1842 0.9410 0.9405
21.2018 0.9411 0.9406
21.2195 0.9412 0.9407
21.2371 0.9413 0.9408
21.2547 0.9414 0.9409
21.2723 0.9416 0.9411
21.2900 0.9417 0.9412
21.3076 0.9418 0.9413
21.3252 0.9419 0.9414
21.3428 0.9420 0.9415
21.3605 0.9421 0.9417
21.3781 0.9423 0.9418
21.3957 0.9424 0.9419
21.4133 0.9425 0.9420
21.4310 0.9426 0.9421
21.4486 0.9427 0.9422
21.4662 0.9428 0.9423
21.4838 0.9430 0.9425
21.5014 0.9431 0.9426
21.5191 0.9432 0.9427
21.5367 0.9433 0.9428
21.5543 0.9434 0.9429
21.5719 0.9435 0.9430
21.5896 0.9436 0.9431
21.6072 0.9438 0.9432
21.6248 0.9439 0.9433
21.6424 0.9440 0.9434
21.6601 0.9441 0.9435
21.6777 0.9442 0.9437
21.6953 0.9443 0.9438
21.7129 0.9444 0.9439
21.7306 0.9445 0.9440
21.7482 0.9446 0.9441
21.7658 0.9447 0.9442
21.7834 0.9448 0.9443
21.8011 0.9450 0.9444
21.8187 0.9451 0.9445
21.8363 0.9452 0.9446
21.8539 0.9453 0.9447
21.8716 0.9454 0.9448
21.8892 0.9455 0.9449
21.9068 0.9456 0.9450
21.9244 0.9457 0.9451
21.9421 0.9458 0.9452
21.9597 0.9459 0.9453
21.9773 0.9460 0.9454
21.9949 0.9461 0.9455
22.0125 0.9462 0.9456
22.0302 0.9463 0.9457
22.0478 0.9464 0.9458
22.0654 0.9465 0.9459
22.0830 0.9466 0.9460
22.1007 0.9467 0.9461
22.1183 0.9468 0.9462
22.1359 0.9470 0.9463
22.1535 0.9471 0.9464
22.1712 0.9472 0.9465
22.1888 0.9473 0.9466
22.2064 0.9474 0.9467
22.2240 0.9475 0.9468
22.2417 0.9476 0.9469
22.2593 0.9477 0.9470
22.2769 0.9478 0.9471
22.2945 0.9479 0.9472
22.3122 0.9480 0.9473
22.3298 0.9480 0.9474
22.3474 0.9481 0.9475
22.3650 0.9482 0.9476
22.3827 0.9483 0.9477
22.4003 0.9484 0.9478
22.4179 0.9485 0.9479
22.4355 0.9486 0.9480
22.4532 0.9487 0.9481
22.4708 0.9488 0.9482
22.4884 0.9489 0.9483
22.5060 0.9490 0.9484
22.5236 0.9491 0.9485
22.5413 0.9492 0.9486
22.5589 0.9493 0.9487
22.5765 0.9494 0.9488
22.5941 0.9495 0.9488
22.6118 0.9496 0.9489
22.6294 0.9497 0.9490
22.6470 0.9498 0.9491
22.6646 0.9498 0.9492
22.6823 0.9499 0.9493
22.6999 0.9500 0.9494
22.7175 0.9501 0.9495
22.7351 0.9502 0.9496
22.7528 0.9503 0.9497
22.7704 0.9504 0.9498
22.7880 0.9505 0.9499
22.8056 0.9506 0.9500
22.8233 0.9507 0.9500
22.8409 0.9508 0.9501
22.8585 0.9508 0.9502
22.8761 0.9509 0.9503
22.8938 0.9510 0.9504
22.9114 0.9511 0.9505
22.9290 0.9512 0.9506
22.9466 0.9513 0.9507
22.9643 0.9514 0.9508
22.9819 0.9515 0.9508
22.9995 0.9515 0.9509
23.0171 0.9516 0.9510
23.0347 0.9517 0.9511
23.0524 0.9518 0.9512
23.0700 0.9519 0.9513
23.0876 0.9520 0.9514
23.1052 0.9520 0.9515
23.1229 0.9521 0.9515
23.1405 0.9522 0.9516
23.1581 0.9523 0.9517
23.1757 0.9524 0.9518
23.1934 0.9525 0.9519
23.2110 0.9525 0.9519
23.2286 0.9526 0.9520
23.2462 0.9527 0.9521
23.2639 0.9528 0.9522
23.2815 0.9529 0.9523
23.2991 0.9529 0.9523
23.3167 0.9530 0.9524
23.3344 0.9531 0.9525
23.3520 0.9532 0.9526
23.3696 0.9533 0.9527
23.3872 0.9533 0.9527
23.4049 0.9534 0.9528
23.4225 0.9535 0.9529
23.4401 0.9536 0.9530
23.4577 0.9537 0.9530
23.4754 0.9537 0.9531
23.4930 0.9538 0.9532
23.5106 0.9539 0.9533
23.5282 0.9540 0.9533
23.5458 0.9540 0.9534
23.5635 0.9541 0.9535
23.5811 0.9542 0.9536
23.5987 0.9543 0.9536
23.6163 0.9543 0.9537
23.6340 0.9544 0.9538
23.6516 0.9545 0.9539
23.6692 0.9545 0.9539
23.6868 0.9546 0.9540
23.7045 0.9547 0.9541
23.7221 0.9548 0.9542
23.7397 0.9548 0.9542
23.7573 0.9549 0.9543
23.7750 0.9550 0.9544
23.7926 0.9551 0.9545
23.8102 0.9551 0.9545
23.8278 0.9552 0.9546
23.8455 0.9553 0.9547
23.8631 0.9553 0.9548
23.8807 0.9554 0.9548
23.8983 0.9555 0.9549
23.9160 0.9556 0.9550
23.9336 0.9556 0.9551
23.9512 0.9557 0.9551
23.9688 0.9558 0.9552
23.9865 0.9558 0.9553
24.0041 0.9559 0.9553
24.0217 0.9560 0.9554
24.0393 0.9560 0.9555
24.0569 0.9561 0.9556
24.0746 0.9562 0.9556
24.0922 0.9563 0.9557
24.1098 0.9563 0.9558
24.1274 0.9564 0.9558
24.1451 0.9565 0.9559
24.1627 0.9565 0.9560
24.1803 0.9566 0.9560
24.1979 0.9567 0.9561
24.2156 0.9567 0.9562
24.2332 0.9568 0.9562
24.2508 0.9569 0.9563
24.2684 0.9570 0.9564
24.2861 0.9570 0.9565
24.3037 0.9571 0.9565
24.3213 0.9572 0.9566
24.3389 0.9572 0.9567
24.3566 0.9573 0.9567
24.3742 0.9574 0.9568
24.3918 0.9574 0.9569
24.4094 0.9575 0.9569
24.4271 0.9576 0.9570
24.4447 0.9576 0.9571
24.4623 0.9577 0.9571
24.4799 0.9578 0.9572
24.4976 0.9579 0.9573
24.5152 0.9579 0.9573
24.5328 0.9580 0.9574
24.5504 0.9581 0.9575
24.5680 0.9581 0.9575
24.5857 0.9582 0.9576
24.6033 0.9583 0.9576
24.6209 0.9583 0.9577
24.6385 0.9584 0.9578
24.6562 0.9585 0.9578
24.6738 0.9585 0.9579
24.6914 0.9586 0.9580
24.7090 0.9587 0.9580
24.7267 0.9587 0.9581
24.7443 0.9588 0.9582
24.7619 0.9589 0.9582
24.7795 0.9589 0.9583
24.7972 0.9590 0.9584
24.8148 0.9591 0.9584
24.8324 0.9591 0.9585
24.8500 0.9592 0.9586
24.8677 0.9593 0.9586
24.8853 0.9593 0.9587
24.9029 0.9594 0.9588
24.9205 0.9594 0.9588
24.9382 0.9595 0.9589
24.9558 0.9596 0.9590
24.9734 0.9596 0.9590
24.9910 0.9597 0.9591
25.0087 0.9598 0.9591
25.0263 0.9598 0.9592
25.0439 0.9599 0.9593
25.0615 0.9599 0.9593
25.0791 0.9600 0.9594
25.0968 0.9601 0.9595
25.1144 0.9601 0.9595
25.1320 0.9602 0.9596
25.1496 0.9602 0.9597
25.1673 0.9603 0.9597
25.1849 0.9604 0.9598
25.2025 0.9604 0.9598
25.2201 0.9605 0.9599
25.2378 0.9605 0.9600
25.2554 0.9606 0.9600
25.2730 0.9607 0.9601
25.2906 0.9607 0.9601
25.3083 0.9608 0.9602
25.3259 0.9609 0.9603
25.3435 0.9609 0.9603
25.3611 0.9610 0.9604
25.3788 0.9610 0.9605
25.3964 0.9611 0.9605
25.4140 0.9612 0.9606
25.4316 0.9612 0.9606
25.4493 0.9613 0.9607
25.4669 0.9613 0.9608
25.4845 0.9614 0.9608
25.5021 0.9615 0.9609
25.5198 0.9615 0.9609
25.5374 0.9616 0.9610
25.5550 0.9616 0.9611
25.5726 0.9617 0.9611
25.5902 0.9617 0.9612
25.6079 0.9618 0.9612
25.6255 0.9619 0.9613
25.6431 0.9619 0.9613
25.6607 0.9620 0.9614
25.6784 0.9620 0.9615
25.6960 0.9621 0.9615
25.7136 0.9622 0.9616
25.7312 0.9622 0.9616
25.7489 0.9623 0.9617
25.7665 0.9623 0.9618
25.7841 0.9624 0.9618
25.8017 0.9625 0.9619
25.8194 0.9625 0.9619
25.8370 0.9626 0.9620
25.8546 0.9626 0.9620
25.8722 0.9627 0.9621
25.8899 0.9627 0.9622
25.9075 0.9628 0.9622
25.9251 0.9629 0.9623
25.9427 0.9629 0.9623
25.9604 0.9630 0.9624
25.9780 0.9630 0.9624
25.9956 0.9631 0.9625
26.0132 0.9631 0.9626
26.0309 0.9632 0.9626
26.0485 0.9633 0.9627
26.0661 0.9633 0.9627
26.0837 0.9634 0.9628
26.1013 0.9634 0.9628
26.1190 0.9635 0.9629
26.1366 0.9635 0.9629
26.1542 0.9636 0.9630
26.1718 0.9636 0.9631
26.1895 0.9637 0.9631
26.2071 0.9637 0.9632
26.2247 0.9638 0.9632
26.2423 0.9639 0.9633
26.2600 0.9639 0.9633
26.2776 0.9640 0.9634
26.2952 0.9640 0.9634
26.3128 0.9641 0.9635
26.3305 0.9641 0.9635
26.3481 0.9642 0.9636
26.3657 0.9642 0.9637
26.3833 0.9643 0.9637
26.4010 0.9643 0.9638
26.4186 0.9644 0.9638
26.4362 0.9644 0.9639
26.4538 0.9645 0.9639
26.4715 0.9646 0.9640
26.4891 0.9646 0.9640
26.5067 0.9647 0.9641
26.5243 0.9647 0.9641
26.5420 0.9648 0.9642
26.5596 0.9648 0.9642
26.5772 0.9649 0.9643
26.5948 0.9649 0.9643
26.6124 0.9650 0.9644
26.6301 0.9650 0.9644
26.6477 0.9651 0.9645
26.6653 0.9651 0.9646
26.6829 0.9652 0.9646
26.7006 0.9652 0.9647
26.7182 0.9653 0.9647
26.7358 0.9653 0.9648
26.7534 0.9654 0.9648
26.7711 0.9654 0.9649
26.7887 0.9655 0.9649
26.8063 0.9655 0.9650
26.8239 0.9656 0.9650
26.8416 0.9656 0.9651
26.8592 0.9657 0.9651
26.8768 0.9657 0.9652
26.8944 0.9658 0.9652
26.9121 0.9658 0.9653
26.9297 0.9659 0.9653
26.9473 0.9659 0.9654
26.9649 0.9660 0.9654
26.9826 0.9660 0.9655
27.0002 0.9661 0.9655
27.0178 0.9661 0.9656
27.0354 0.9662 0.9656
27.0531 0.9662 0.9657
27.0707 0.9663 0.9657
27.0883 0.9663 0.9658
27.1059 0.9664 0.9658
27.1235 0.9664 0.9659
27.1412 0.9665 0.9659
27.1588 0.9665 0.9660
27.1764 0.9666 0.9660
27.1940 0.9666 0.9661
27.2117 0.9667 0.9661
27.2293 0.9667 0.9662
27.2469 0.9668 0.9662
27.2645 0.9668 0.9663
27.2822 0.9669 0.9663
27.2998 0.9669 0.9664
27.3174 0.9670 0.9664
27.3350 0.9670 0.9664
27.3527 0.9670 0.9665
27.3703 0.9671 0.9665
27.3879 0.9671 0.9666
27.4055 0.9672 0.9666
27.4232 0.9672 0.9667
27.4408 0.9673 0.9667
27.4584 0.9673 0.9668
27.4760 0.9674 0.9668
27.4937 0.9674 0.9669
27.5113 0.9675 0.9669
27.5289 0.9675 0.9670
27.5465 0.9676 0.9670
27.5642 0.9676 0.9671
27.5818 0.9677 0.9671
27.5994 0.9677 0.9672
27.6170 0.9677 0.9672
27.6346 0.9678 0.9672
27.6523 0.9678 0.9673
27.6699 0.9679 0.9673
27.6875 0.9679 0.9674
27.7051 0.9680 0.9674
27.7228 0.9680 0.9675
27.7404 0.9681 0.9675
27.7580 0.9681 0.9676
27.7756 0.9682 0.9676
27.7933 0.9682 0.9677
27.8109 0.9682 0.9677
27.8285 0.9683 0.9677
27.8461 0.9683 0.9678
27.8638 0.9684 0.9678
27.8814 0.9684 0.9679
27.8990 0.9685 0.9679
27.9166 0.9685 0.9680
27.9343 0.9686 0.9680
27.9519 0.9686 0.9681
27.9695 0.9686 0.9681
27.9871 0.9687 0.9681
28.0048 0.9687 0.9682
28.0224 0.9688 0.9682
28.0400 0.9688 0.9683
28.0576 0.9689 0.9683
28.0753 0.9689 0.9684
28.0929 0.9689 0.9684
28.1105 0.9690 0.9684
28.1281 0.9690 0.9685
28.1457 0.9691 0.9685
28.1634 0.9691 0.9686
28.1810 0.9692 0.9686
28.1986 0.9692 0.9687
28.2162 0.9692 0.9687
28.2339 0.9693 0.9687
28.2515 0.9693 0.9688
28.2691 0.9694 0.9688
28.2867 0.9694 0.9689
28.3044 0.9695 0.9689
28.3220 0.9695 0.9690
28.3396 0.9695 0.9690
28.3572 0.9696 0.9690
28.3749 0.9696 0.9691
28.3925 0.9697 0.9691
28.4101 0.9697 0.9692
28.4277 0.9697 0.9692
28.4454 0.9698 0.9693
28.4630 0.9698 0.9693
28.4806 0.9699 0.9693
28.4982 0.9699 0.9694
28.5159 0.9700 0.9694
28.5335 0.9700 0.9695
28.5511 0.9700 0.9695
28.5687 0.9701 0.9695
28.5864 0.9701 0.9696
28.6040 0.9702 0.9696
28.6216 0.9702 0.9697
28.6392 0.9702 0.9697
28.6568 0.9703 0.9697
28.6745 0.9703 0.9698
28.6921 0.9704 0.9698
28.7097 0.9704 0.9699
28.7273 0.9704 0.9699
28.7450 0.9705 0.9699
28.7626 0.9705 0.9700
28.7802 0.9706 0.9700
28.7978 0.9706 0.9701
28.8155 0.9706 0.9701
28.8331 0.9707 0.9701
28.8507 0.9707 0.9702
28.8683 0.9708 0.9702
28.8860 0.9708 0.9703
28.9036 0.9708 0.9703
28.9212 0.9709 0.9703
28.9388 0.9709 0.9704
28.9565 0.9710 0.9704
28.9741 0.9710 0.9705
28.9917 0.9710 0.9705
29.0093 0.9711 0.9705
29.0270 0.9711 0.9706
29.0446 0.9711 0.9706
29.0622 0.9712 0.9707
29.0798 0.9712 0.9707
29.0975 0.9713 0.9707
29.1151 0.9713 0.9708
29.1327 0.9713 0.9708
29.1503 0.9714 0.9709
29.1679 0.9714 0.9709
29.1856 0.9714 0.9709
29.2032 0.9715 0.9710
29.2208 0.9715 0.9710
29.2384 0.9716 0.9710
29.2561 0.9716 0.9711
29.2737 0.9716 0.9711
29.2913 0.9717 0.9712
29.3089 0.9717 0.9712
29.3266 0.9717 0.9712
29.3442 0.9718 0.9713
29.3618 0.9718 0.9713
29.3794 0.9719 0.9713
29.3971 0.9719 0.9714
29.4147 0.9719 0.9714
29.4323 0.9720 0.9715
29.4499 0.9720 0.9715
29.4676 0.9720 0.9715
29.4852 0.9721 0.9716
29.5028 0.9721 0.9716
29.5204 0.9722 0.9716
29.5381 0.9722 0.9717
29.5557 0.9722 0.9717
29.5733 0.9723 0.9717
29.5909 0.9723 0.9718
29.6086 0.9723 0.9718
29.6262 0.9724 0.9719
29.6438 0.9724 0.9719
29.6614 0.9724 0.9719
29.6790 0.9725 0.9720
29.6967 0.9725 0.9720
29.7143 0.9725 0.9720
29.7319 0.9726 0.9721
29.7495 0.9726 0.9721
29.7672 0.9727 0.9721
29.7848 0.9727 0.9722
29.8024 0.9727 0.9722
29.8200 0.9728 0.9722
29.8377 0.9728 0.9723
29.8553 0.9728 0.9723
29.8729 0.9729 0.9724
29.8905 0.9729 0.9724
29.9082 0.9729 0.9724
29.9258 0.9730 0.9725
29.9434 0.9730 0.9725
29.9610 0.9730 0.9725
29.9787 0.9731 0.9726
29.9963 0.9731 0.9726
30.0139 0.9731 0.9726
30.0315 0.9732 0.9727
30.0492 0.9732 0.9727
30.0668 0.9732 0.9727
30.0844 0.9733 0.9728
30.1020 0.9733 0.9728
30.1197 0.9733 0.9728
30.1373 0.9734 0.9729
30.1549 0.9734 0.9729
30.1725 0.9734 0.9729
30.1901 0.9735 0.9730
30.2078 0.9735 0.9730
30.2254 0.9735 0.9730
30.2430 0.9736 0.9731
30.2606 0.9736 0.9731
30.2783 0.9736 0.9731
30.2959 0.9737 0.9732
30.3135 0.9737 0.9732
30.3311 0.9737 0.9732
30.3488 0.9738 0.9733
30.3664 0.9738 0.9733
30.3840 0.9738 0.9733
30.4016 0.9739 0.9734
30.4193 0.9739 0.9734
30.4369 0.9739 0.9734
30.4545 0.9740 0.9735
30.4721 0.9740 0.9735
30.4898 0.9740 0.9735
30.5074 0.9741 0.9736
30.5250 0.9741 0.9736
30.5426 0.9741 0.9736
30.5603 0.9742 0.9737
30.5779 0.9742 0.9737
30.5955 0.9742 0.9737
30.6131 0.9743 0.9738
30.6308 0.9743 0.9738
30.6484 0.9743 0.9738
30.6660 0.9744 0.9739
30.6836 0.9744 0.9739
30.7012 0.9744 0.9739
30.7189 0.9745 0.9740
30.7365 0.9745 0.9740
30.7541 0.9745 0.9740
30.7717 0.9745 0.9741
30.7894 0.9746 0.9741
30.8070 0.9746 0.9741
30.8246 0.9746 0.9742
30.8422 0.9747 0.9742
30.8599 0.9747 0.9742
30.8775 0.9747 0.9742
30.8951 0.9748 0.9743
30.9127 0.9748 0.9743
30.9304 0.9748 0.9743
30.9480 0.9749 0.9744
30.9656 0.9749 0.9744
30.9832 0.9749 0.9744
31.0009 0.9750 0.9745
31.0185 0.9750 0.9745
31.0361 0.9750 0.9745
31.0537 0.9750 0.9746
31.0714 0.9751 0.9746
31.0890 0.9751 0.9746
31.1066 0.9751 0.9746
31.1242 0.9752 0.9747
31.1419 0.9752 0.9747
31.1595 0.9752 0.9747
31.1771 0.9753 0.9748
31.1947 0.9753 0.9748
31.2123 0.9753 0.9748
31.2300 0.9753 0.9749
31.2476 0.9754 0.9749
31.2652 0.9754 0.9749
31.2828 0.9754 0.9750
31.3005 0.9755 0.9750
31.3181 0.9755 0.9750
31.3357 0.9755 0.9750
31.3533 0.9756 0.9751
31.3710 0.9756 0.9751
31.3886 0.9756 0.9751
31.4062 0.9756 0.9752
31.4238 0.9757 0.9752
31.4415 0.9757 0.9752
31.4591 0.9757 0.9753
31.4767 0.9758 0.9753
31.4943 0.9758 0.9753
31.5120 0.9758 0.9753
31.5296 0.9758 0.9754
31.5472 0.9759 0.9754
31.5648 0.9759 0.9754
31.5825 0.9759 0.9755
31.6001 0.9760 0.9755
31.6177 0.9760 0.9755
31.6353 0.9760 0.9755
31.6530 0.9760 0.9756
31.6706 0.9761 0.9756
31.6882 0.9761 0.9756
31.7058 0.9761 0.9757
31.7234 0.9762 0.9757
31.7411 0.9762 0.9757
31.7587 0.9762 0.9757
31.7763 0.9762 0.9758
31.7939 0.9763 0.9758
31.8116 0.9763 0.9758
31.8292 0.9763 0.9759
31.8468 0.9764 0.9759
31.8644 0.9764 0.9759
31.8821 0.9764 0.9759
31.8997 0.9764 0.9760
31.9173 0.9765 0.9760
31.9349 0.9765 0.9760
31.9526 0.9765 0.9761
31.9702 0.9766 0.9761
31.9878 0.9766 0.9761
32.0054 0.9766 0.9761
32.0231 0.9766 0.9762
32.0407 0.9767 0.9762
32.0583 0.9767 0.9762
32.0759 0.9767 0.9763
32.0936 0.9767 0.9763
32.1112 0.9768 0.9763
32.1288 0.9768 0.9763
32.1464 0.9768 0.9764
32.1641 0.9769 0.9764
32.1817 0.9769 0.9764
32.1993 0.9769 0.9764
32.2169 0.9769 0.9765
32.2345 0.9770 0.9765
32.2522 0.9770 0.9765
32.2698 0.9770 0.9766
32.2874 0.9770 0.9766
32.3050 0.9771 0.9766
32.3227 0.9771 0.9766
32.3403 0.9771 0.9767
32.3579 0.9771 0.9767
32.3755 0.9772 0.9767
32.3932 0.9772 0.9767
32.4108 0.9772 0.9768
32.4284 0.9773 0.9768
32.4460 0.9773 0.9768
32.4637 0.9773 0.9768
32.4813 0.9773 0.9769
32.4989 0.9774 0.9769
32.5165 0.9774 0.9769
32.5342 0.9774 0.9770
32.5518 0.9774 0.9770
32.5694 0.9775 0.9770
32.5870 0.9775 0.9770
32.6047 0.9775 0.9771
32.6223 0.9775 0.9771
32.6399 0.9776 0.9771
32.6575 0.9776 0.9771
32.6752 0.9776 0.9772
32.6928 0.9776 0.9772
32.7104 0.9777 0.9772
32.7280 0.9777 0.9772
32.7456 0.9777 0.9773
32.7633 0.9777 0.9773
32.7809 0.9778 0.9773
32.7985 0.9778 0.9773
32.8161 0.9778 0.9774
32.8338 0.9778 0.9774
32.8514 0.9779 0.9774
32.8690 0.9779 0.9774
32.8866 0.9779 0.9775
32.9043 0.9779 0.9775
32.9219 0.9780 0.9775
32.9395 0.9780 0.9775
32.9571 0.9780 0.9776
32.9748 0.9780 0.9776
32.9924 0.9781 0.9776
33.0100 0.9781 0.9777
33.0276 0.9781 0.9777
33.0453 0.9781 0.9777
33.0629 0.9782 0.9777
33.0805 0.9782 0.9778
33.0981 0.9782 0.9778
33.1158 0.9782 0.9778
33.1334 0.9783 0.9778
33.1510 0.9783 0.9779
33.1686 0.9783 0.9779
33.1863 0.9783 0.9779
33.2039 0.9784 0.9779
33.2215 0.9784 0.9779
33.2391 0.9784 0.9780
33.2567 0.9784 0.9780
33.2744 0.9785 0.9780
33.2920 0.9785 0.9780
33.3096 0.9785 0.9781
33.3272 0.9785 0.9781
33.3449 0.9786 0.9781
33.3625 0.9786 0.9781
33.3801 0.9786 0.9782
33.3977 0.9786 0.9782
33.4154 0.9787 0.9782
33.4330 0.9787 0.9782
33.4506 0.9787 0.9783
33.4682 0.9787 0.9783
33.4859 0.9788 0.9783
33.5035 0.9788 0.9783
33.5211 0.9788 0.9784
33.5387 0.9788 0.9784
33.5564 0.9788 0.9784
33.5740 0.9789 0.9784
33.5916 0.9789 0.9785
33.6092 0.9789 0.9785
33.6269 0.9789 0.9785
33.6445 0.9790 0.9785
33.6621 0.9790 0.9786
33.6797 0.9790 0.9786
33.6974 0.9790 0.9786
33.7150 0.9791 0.9786
33.7326 0.9791 0.9786
33.7502 0.9791 0.9787
33.7678 0.9791 0.9787
33.7855 0.9792 0.9787
33.8031 0.9792 0.9787
33.8207 0.9792 0.9788
33.8383 0.9792 0.9788
33.8560 0.9792 0.9788
33.8736 0.9793 0.9788
33.8912 0.9793 0.9789
33.9088 0.9793 0.9789
33.9265 0.9793 0.9789
33.9441 0.9794 0.9789
33.9617 0.9794 0.9789
33.9793 0.9794 0.9790
33.9970 0.9794 0.9790
34.0146 0.9794 0.9790
34.0322 0.9795 0.9790
34.0498 0.9795 0.9791
34.0675 0.9795 0.9791
34.0851 0.9795 0.9791
34.1027 0.9796 0.9791
34.1203 0.9796 0.9792
34.1380 0.9796 0.9792
34.1556 0.9796 0.9792
34.1732 0.9796 0.9792
34.1908 0.9797 0.9792
34.2085 0.9797 0.9793
34.2261 0.9797 0.9793
34.2437 0.9797 0.9793
34.2613 0.9798 0.9793
34.2789 0.9798 0.9794
34.2966 0.9798 0.9794
34.3142 0.9798 0.9794
34.3318 0.9798 0.9794
34.3494 0.9799 0.9794
34.3671 0.9799 0.9795
34.3847 0.9799 0.9795
34.4023 0.9799 0.9795
34.4199 0.9800 0.9795
34.4376 0.9800 0.9796
34.4552 0.9800 0.9796
34.4728 0.9800 0.9796
34.4904 0.9800 0.9796
34.5081 0.9801 0.9796
34.5257 0.9801 0.9797
34.5433 0.9801 0.9797
34.5609 0.9801 0.9797
34.5786 0.9801 0.9797
34.5962 0.9802 0.9798
34.6138 0.9802 0.9798
34.6314 0.9802 0.9798
34.6491 0.9802 0.9798
34.6667 0.9803 0.9798
34.6843 0.9803 0.9799
34.7019 0.9803 0.9799
34.7196 0.9803 0.9799
34.7372 0.9803 0.9799
34.7548 0.9804 0.9799
34.7724 0.9804 0.9800
34.7900 0.9804 0.9800
34.8077 0.9804 0.9800
34.8253 0.9804 0.9800
34.8429 0.9805 0.9801
34.8605 0.9805 0.9801
34.8782 0.9805 0.9801
34.8958 0.9805 0.9801
34.9134 0.9805 0.9801
34.9310 0.9806 0.9802
34.9487 0.9806 0.9802
34.9663 0.9806 0.9802
34.9839 0.9806 0.9802
35.0015 0.9807 0.9802
35.0192 0.9807 0.9803
35.0368 0.9807 0.9803
35.0544 0.9807 0.9803
35.0720 0.9807 0.9803
35.0897 0.9808 0.9803
35.1073 0.9808 0.9804
35.1249 0.9808 0.9804
35.1425 0.9808 0.9804
35.1602 0.9808 0.9804
35.1778 0.9809 0.9804
35.1954 0.9809 0.9805
35.2130 0.9809 0.9805
35.2307 0.9809 0.9805
