0.0000 33.2917 32.0902
0.0193 33.2087 32.0014
0.0386 32.9617 31.7369
0.0579 32.5569 31.3015
0.0772 32.0039 30.7038
0.0965 31.3157 29.9550
0.1158 30.5075 29.0693
0.1350 29.5966 28.0633
0.1543 28.6008 26.9553
0.1736 27.5384 25.7652
0.1929 26.4268 24.5137
0.2122 25.2821 23.2218
0.2315 24.1187 21.9099
0.2508 22.9488 20.5975
0.2701 21.7822 19.3025
0.2894 20.6264 18.0409
0.3087 19.4867 16.8261
0.3280 18.3663 15.6687
0.3473 17.2669 14.5766
0.3665 16.1891 13.5551
0.3858 15.1327 12.6064
0.4051 14.0972 11.7306
0.4244 13.0826 10.9256
0.4437 12.0891 10.1879
0.4630 11.1179 9.5126
0.4823 10.1711 8.8941
0.5016 9.2516 8.3264
0.5209 8.3634 7.8039
0.5402 7.5108 7.3209
0.5595 6.6989 6.8726
0.5788 5.9324 6.4549
0.5981 5.2162 6.0644
0.6173 4.5541 5.6986
0.6366 3.9494 5.3558
0.6559 3.4042 5.0348
0.6752 2.9195 4.7351
0.6945 2.4950 4.4563
0.7138 2.1296 4.1985
0.7331 1.8207 3.9616
0.7524 1.5653 3.7458
0.7717 1.3596 3.5509
0.7910 1.1993 3.3765
0.8103 1.0798 3.2220
0.8296 0.9965 3.0866
0.8488 0.9446 2.9691
0.8681 0.9197 2.8684
0.8874 0.9172 2.7830
0.9067 0.9330 2.7114
0.9260 0.9633 2.6519
0.9453 1.0044 2.6032
0.9646 1.0530 2.5636
0.9839 1.1063 2.5319
1.0032 1.1617 2.5067
1.0225 1.2171 2.4867
1.0418 1.2708 2.4709
1.0611 1.3217 2.4582
1.0804 1.3686 2.4476
1.0996 1.4113 2.4379
1.1189 1.4495 2.4284
1.1382 1.4832 2.4180
1.1575 1.5126 2.4059
1.1768 1.5382 2.3911
1.1961 1.5602 2.3730
1.2154 1.5791 2.3508
1.2347 1.5952 2.3241
1.2540 1.6085 2.2927
1.2733 1.6191 2.2563
1.2926 1.6271 2.2151
1.3119 1.6324 2.1695
1.3311 1.6347 2.1200
1.3504 1.6340 2.0675
1.3697 1.6301 2.0130
1.3890 1.6231 1.9573
1.4083 1.6131 1.9018
1.4276 1.6002 1.8476
1.4469 1.5850 1.7958
1.4662 1.5678 1.7475
1.4855 1.5492 1.7037
1.5048 1.5297 1.6654
1.5241 1.5101 1.6330
1.5434 1.4910 1.6073
1.5627 1.4728 1.5884
1.5819 1.4563 1.5767
1.6012 1.4417 1.5720
1.6205 1.4296 1.5743
1.6398 1.4201 1.5832
1.6591 1.4135 1.5982
1.6784 1.4099 1.6187
1.6977 1.4095 1.6441
1.7170 1.4123 1.6733
1.7363 1.4181 1.7056
1.7556 1.4271 1.7400
1.7749 1.4390 1.7754
1.7942 1.4538 1.8109
1.8134 1.4711 1.8454
1.8327 1.4908 1.8782
1.8520 1.5125 1.9084
1.8713 1.5360 1.9354
1.8906 1.5608 1.9588
1.9099 1.5866 1.9782
1.9292 1.6129 1.9936
1.9485 1.6393 2.0050
1.9678 1.6653 2.0125
1.9871 1.6905 2.0166
2.0064 1.7143 2.0177
2.0257 1.7365 2.0161
2.0450 1.7566 2.0123
2.0642 1.7741 2.0068
2.0835 1.7888 1.9998
2.1028 1.8003 1.9915
2.1221 1.8083 1.9819
2.1414 1.8127 1.9711
2.1607 1.8132 1.9588
2.1800 1.8098 1.9446
2.1993 1.8025 1.9282
2.2186 1.7913 1.9091
2.2379 1.7764 1.8870
2.2572 1.7578 1.8613
2.2765 1.7359 1.8318
2.2957 1.7109 1.7982
2.3150 1.6832 1.7607
2.3343 1.6529 1.7192
2.3536 1.6205 1.6740
2.3729 1.5861 1.6255
2.3922 1.5499 1.5743
2.4115 1.5119 1.5210
2.4308 1.4723 1.4661
2.4501 1.4308 1.4106
2.4694 1.3873 1.3550
2.4887 1.3416 1.3001
2.5080 1.2934 1.2466
2.5273 1.2426 1.1950
2.5465 1.1891 1.1459
2.5658 1.1328 1.0997
2.5851 1.0737 1.0567
2.6044 1.0124 1.0174
2.6237 0.9491 0.9817
2.6430 0.8846 0.9498
2.6623 0.8196 0.9217
2.6816 0.7552 0.8972
2.7009 0.6924 0.8762
2.7202 0.6321 0.8585
2.7395 0.5753 0.8436
2.7588 0.5230 0.8312
2.7780 0.4759 0.8209
2.7973 0.4345 0.8121
2.8166 0.3992 0.8044
2.8359 0.3701 0.7973
2.8552 0.3471 0.7903
2.8745 0.3298 0.7828
2.8938 0.3180 0.7745
2.9131 0.3110 0.7650
2.9324 0.3081 0.7538
2.9517 0.3087 0.7407
2.9710 0.3121 0.7255
2.9903 0.3177 0.7080
3.0096 0.3247 0.6882
3.0288 0.3328 0.6660
3.0481 0.3415 0.6416
3.0674 0.3503 0.6151
3.0867 0.3591 0.5869
3.1060 0.3675 0.5573
3.1253 0.3755 0.5267
3.1446 0.3829 0.4958
3.1639 0.3897 0.4651
3.1832 0.3958 0.4351
3.2025 0.4012 0.4066
3.2218 0.4058 0.3801
3.2411 0.4095 0.3561
3.2603 0.4124 0.3351
3.2796 0.4142 0.3175
3.2989 0.4151 0.3036
3.3182 0.4147 0.2935
3.3375 0.4132 0.2872
3.3568 0.4106 0.2847
3.3761 0.4067 0.2857
3.3954 0.4017 0.2900
3.4147 0.3957 0.2972
3.4340 0.3888 0.3068
3.4533 0.3814 0.3186
3.4726 0.3737 0.3319
3.4919 0.3659 0.3463
3.5111 0.3584 0.3613
3.5304 0.3516 0.3764
3.5497 0.3456 0.3911
3.5690 0.3408 0.4050
3.5883 0.3373 0.4176
3.6076 0.3352 0.4285
3.6269 0.3347 0.4371
3.6462 0.3356 0.4431
3.6655 0.3378 0.4461
3.6848 0.3413 0.4458
3.7041 0.3457 0.4418
3.7234 0.3508 0.4340
3.7426 0.3563 0.4224
3.7619 0.3619 0.4068
3.7812 0.3673 0.3875
3.8005 0.3722 0.3648
3.8198 0.3764 0.3391
3.8391 0.3797 0.3110
3.8584 0.3818 0.2810
3.8777 0.3825 0.2500
3.8970 0.3818 0.2186
3.9163 0.3795 0.1877
3.9356 0.3757 0.1580
3.9549 0.3701 0.1302
3.9742 0.3629 0.1049
3.9934 0.3539 0.0827
4.0127 0.3434 0.0639
4.0320 0.3312 0.0488
4.0513 0.3176 0.0376
4.0706 0.3025 0.0303
4.0899 0.2863 0.0267
4.1092 0.2690 0.0269
4.1285 0.2509 0.0304
4.1478 0.2321 0.0370
4.1671 0.2130 0.0463
4.1864 0.1938 0.0578
4.2057 0.1747 0.0712
4.2249 0.1560 0.0859
4.2442 0.1378 0.1012
4.2635 0.1202 0.1167
4.2828 0.1035 0.1317
4.3021 0.0876 0.1455
4.3214 0.0725 0.1575
4.3407 0.0583 0.1669
4.3600 0.0449 0.1734
4.3793 0.0322 0.1762
4.3986 0.0201 0.1750
4.4179 0.0086 0.1695
4.4372 -0.0025 0.1596
4.4565 -0.0130 0.1453
4.4757 -0.0231 0.1269
4.4950 -0.0327 0.1050
4.5143 -0.0416 0.0800
4.5336 -0.0498 0.0528
4.5529 -0.0571 0.0244
4.5722 -0.0633 -0.0044
4.5915 -0.0683 -0.0326
4.6108 -0.0719 -0.0592
4.6301 -0.0739 -0.0834
4.6494 -0.0742 -0.1045
4.6687 -0.0727 -0.1219
4.6880 -0.0693 -0.1352
4.7072 -0.0641 -0.1442
4.7265 -0.0571 -0.1489
4.7458 -0.0485 -0.1494
4.7651 -0.0383 -0.1460
4.7844 -0.0269 -0.1392
4.8037 -0.0145 -0.1292
4.8230 -0.0012 -0.1167
4.8423 0.0125 -0.1022
4.8616 0.0264 -0.0861
4.8809 0.0403 -0.0689
4.9002 0.0540 -0.0511
4.9195 0.0671 -0.0330
4.9388 0.0795 -0.0151
4.9580 0.0911 0.0026
4.9773 0.1018 0.0196
4.9966 0.1114 0.0359
5.0159 0.1199 0.0512
5.0352 0.1274 0.0656
5.0545 0.1338 0.0788
5.0738 0.1392 0.0908
5.0931 0.1436 0.1016
5.1124 0.1471 0.1110
5.1317 0.1498 0.1191
5.1510 0.1517 0.1257
5.1703 0.1529 0.1309
5.1895 0.1535 0.1345
5.2088 0.1536 0.1366
5.2281 0.1532 0.1372
5.2474 0.1524 0.1362
5.2667 0.1513 0.1338
5.2860 0.1500 0.1302
5.3053 0.1485 0.1254
5.3246 0.1469 0.1197
5.3439 0.1453 0.1134
5.3632 0.1439 0.1068
5.3825 0.1426 0.1003
5.4018 0.1416 0.0942
5.4211 0.1409 0.0889
5.4403 0.1407 0.0847
5.4596 0.1409 0.0819
5.4789 0.1416 0.0807
5.4982 0.1428 0.0812
5.5175 0.1446 0.0836
5.5368 0.1469 0.0877
5.5561 0.1496 0.0937
5.5754 0.1527 0.1012
5.5947 0.1561 0.1101
5.6140 0.1598 0.1201
5.6333 0.1637 0.1311
5.6526 0.1676 0.1426
5.6719 0.1716 0.1546
5.6911 0.1756 0.1667
5.7104 0.1795 0.1787
5.7297 0.1833 0.1906
5.7490 0.1871 0.2021
5.7683 0.1907 0.2132
5.7876 0.1943 0.2239
5.8069 0.1979 0.2342
5.8262 0.2015 0.2441
5.8455 0.2052 0.2537
5.8648 0.2091 0.2632
5.8841 0.2132 0.2726
5.9034 0.2176 0.2820
5.9226 0.2224 0.2916
5.9419 0.2276 0.3014
5.9612 0.2331 0.3115
5.9805 0.2392 0.3219
5.9998 0.2457 0.3326
6.0191 0.2527 0.3436
6.0384 0.2601 0.3548
6.0577 0.2679 0.3662
6.0770 0.2761 0.3775
6.0963 0.2846 0.3887
6.1156 0.2934 0.3997
6.1349 0.3023 0.4103
6.1542 0.3112 0.4203
6.1734 0.3202 0.4298
6.1927 0.3292 0.4386
6.2120 0.3380 0.4466
6.2313 0.3467 0.4539
6.2506 0.3551 0.4604
6.2699 0.3634 0.4661
6.2892 0.3715 0.4711
6.3085 0.3793 0.4754
6.3278 0.3870 0.4790
6.3471 0.3945 0.4819
6.3664 0.4017 0.4841
6.3857 0.4088 0.4855
6.4049 0.4158 0.4862
6.4242 0.4225 0.4859
6.4435 0.4291 0.4848
6.4628 0.4354 0.4826
6.4821 0.4415 0.4794
6.5014 0.4474 0.4750
6.5207 0.4528 0.4695
6.5400 0.4580 0.4629
6.5593 0.4627 0.4553
6.5786 0.4671 0.4468
6.5979 0.4710 0.4377
6.6172 0.4744 0.4282
6.6365 0.4775 0.4185
6.6557 0.4802 0.4091
6.6750 0.4826 0.4001
6.6943 0.4847 0.3919
6.7136 0.4866 0.3848
6.7329 0.4883 0.3790
6.7522 0.4900 0.3746
6.7715 0.4917 0.3717
6.7908 0.4934 0.3705
6.8101 0.4953 0.3707
6.8294 0.4974 0.3725
6.8487 0.4997 0.3755
6.8680 0.5023 0.3797
6.8872 0.5051 0.3848
6.9065 0.5082 0.3907
6.9258 0.5115 0.3970
6.9451 0.5152 0.4037
6.9644 0.5190 0.4104
6.9837 0.5231 0.4171
7.0030 0.5274 0.4236
7.0223 0.5319 0.4298
7.0416 0.5366 0.4355
7.0609 0.5415 0.4408
7.0802 0.5464 0.4456
7.0995 0.5516 0.4498
7.1188 0.5568 0.4535
7.1380 0.5621 0.4567
7.1573 0.5676 0.4594
7.1766 0.5730 0.4617
7.1959 0.5786 0.4636
7.2152 0.5842 0.4650
7.2345 0.5898 0.4662
7.2538 0.5954 0.4672
7.2731 0.6011 0.4679
7.2924 0.6068 0.4685
7.3117 0.6124 0.4690
7.3310 0.6181 0.4695
7.3503 0.6238 0.4699
7.3695 0.6295 0.4704
7.3888 0.6352 0.4710
7.4081 0.6409 0.4717
7.4274 0.6467 0.4724
7.4467 0.6524 0.4733
7.4660 0.6582 0.4744
7.4853 0.6641 0.4755
7.5046 0.6699 0.4768
7.5239 0.6757 0.4782
7.5432 0.6816 0.4797
7.5625 0.6874 0.4813
7.5818 0.6932 0.4831
7.6011 0.6990 0.4849
7.6203 0.7047 0.4867
7.6396 0.7103 0.4887
7.6589 0.7159 0.4907
7.6782 0.7213 0.4928
7.6975 0.7267 0.4949
7.7168 0.7320 0.4971
7.7361 0.7372 0.4992
7.7554 0.7423 0.5014
7.7747 0.7473 0.5036
7.7940 0.7523 0.5058
7.8133 0.7572 0.5079
7.8326 0.7621 0.5101
7.8518 0.7669 0.5121
7.8711 0.7717 0.5142
7.8904 0.7764 0.5162
7.9097 0.7811 0.5181
7.9290 0.7858 0.5201
7.9483 0.7904 0.5220
7.9676 0.7949 0.5239
7.9869 0.7993 0.5258
8.0062 0.8036 0.5278
8.0255 0.8077 0.5299
8.0448 0.8117 0.5320
8.0641 0.8155 0.5343
8.0834 0.8191 0.5368
8.1026 0.8225 0.5395
8.1219 0.8257 0.5425
8.1412 0.8286 0.5457
8.1605 0.8314 0.5491
8.1798 0.8339 0.5529
8.1991 0.8363 0.5570
8.2184 0.8385 0.5613
8.2377 0.8405 0.5658
8.2570 0.8425 0.5706
8.2763 0.8444 0.5756
8.2956 0.8462 0.5807
8.3149 0.8480 0.5860
8.3341 0.8499 0.5912
8.3534 0.8518 0.5964
8.3727 0.8537 0.6016
8.3920 0.8558 0.6067
8.4113 0.8580 0.6116
8.4306 0.8602 0.6164
8.4499 0.8626 0.6210
8.4692 0.8651 0.6254
8.4885 0.8676 0.6296
8.5078 0.8702 0.6336
8.5271 0.8729 0.6374
8.5464 0.8756 0.6412
8.5657 0.8783 0.6448
8.5849 0.8810 0.6483
8.6042 0.8837 0.6518
8.6235 0.8863 0.6553
8.6428 0.8890 0.6587
8.6621 0.8916 0.6622
8.6814 0.8942 0.6656
8.7007 0.8969 0.6692
8.7200 0.8995 0.6727
8.7393 0.9022 0.6763
8.7586 0.9049 0.6798
8.7779 0.9076 0.6834
8.7972 0.9104 0.6870
8.8164 0.9133 0.6905
8.8357 0.9163 0.6940
8.8550 0.9193 0.6974
8.8743 0.9224 0.7007
8.8936 0.9255 0.7039
8.9129 0.9287 0.7070
8.9322 0.9319 0.7099
8.9515 0.9351 0.7127
8.9708 0.9384 0.7154
8.9901 0.9418 0.7180
9.0094 0.9451 0.7204
9.0287 0.9485 0.7228
9.0480 0.9519 0.7252
9.0672 0.9553 0.7275
9.0865 0.9587 0.7299
9.1058 0.9621 0.7322
9.1251 0.9655 0.7346
9.1444 0.9688 0.7371
9.1637 0.9720 0.7396
9.1830 0.9751 0.7422
9.2023 0.9781 0.7448
9.2216 0.9809 0.7475
9.2409 0.9836 0.7503
9.2602 0.9861 0.7531
9.2795 0.9883 0.7559
9.2987 0.9904 0.7587
9.3180 0.9922 0.7614
9.3373 0.9938 0.7642
9.3566 0.9953 0.7669
9.3759 0.9966 0.7696
9.3952 0.9977 0.7723
9.4145 0.9988 0.7749
9.4338 0.9997 0.7775
9.4531 1.0006 0.7800
9.4724 1.0015 0.7826
9.4917 1.0024 0.7851
9.5110 1.0033 0.7876
9.5303 1.0042 0.7901
9.5495 1.0051 0.7927
9.5688 1.0060 0.7953
9.5881 1.0069 0.7979
9.6074 1.0078 0.8005
9.6267 1.0087 0.8031
9.6460 1.0095 0.8058
9.6653 1.0103 0.8085
9.6846 1.0110 0.8112
9.7039 1.0116 0.8140
9.7232 1.0122 0.8168
9.7425 1.0127 0.8197
9.7618 1.0131 0.8226
9.7810 1.0134 0.8256
9.8003 1.0138 0.8286
9.8196 1.0141 0.8317
9.8389 1.0144 0.8350
9.8582 1.0148 0.8383
9.8775 1.0153 0.8418
9.8968 1.0159 0.8454
9.9161 1.0166 0.8492
9.9354 1.0176 0.8531
9.9547 1.0187 0.8572
9.9740 1.0200 0.8614
9.9933 1.0216 0.8658
10.0126 1.0234 0.8704
10.0318 1.0254 0.8750
10.0511 1.0277 0.8798
10.0704 1.0302 0.8846
10.0897 1.0329 0.8895
10.1090 1.0358 0.8945
10.1283 1.0389 0.8994
10.1476 1.0421 0.9042
10.1669 1.0454 0.9090
10.1862 1.0487 0.9136
10.2055 1.0522 0.9181
10.2248 1.0556 0.9223
10.2441 1.0591 0.9264
10.2633 1.0626 0.9301
10.2826 1.0662 0.9336
10.3019 1.0697 0.9368
10.3212 1.0731 0.9396
10.3405 1.0766 0.9421
10.3598 1.0800 0.9442
10.3791 1.0834 0.9460
10.3984 1.0868 0.9474
10.4177 1.0901 0.9484
10.4370 1.0935 0.9492
10.4563 1.0967 0.9496
10.4756 1.1000 0.9498
10.4949 1.1033 0.9497
10.5141 1.1066 0.9494
10.5334 1.1099 0.9490
10.5527 1.1133 0.9484
10.5720 1.1167 0.9479
10.5913 1.1201 0.9473
10.6106 1.1237 0.9467
10.6299 1.1273 0.9463
10.6492 1.1309 0.9460
10.6685 1.1346 0.9458
10.6878 1.1384 0.9459
10.7071 1.1421 0.9462
10.7264 1.1458 0.9467
10.7456 1.1495 0.9475
10.7649 1.1532 0.9485
10.7842 1.1567 0.9498
10.8035 1.1603 0.9513
10.8228 1.1638 0.9531
10.8421 1.1672 0.9552
10.8614 1.1706 0.9576
10.8807 1.1739 0.9602
10.9000 1.1773 0.9630
10.9193 1.1807 0.9661
10.9386 1.1841 0.9694
10.9579 1.1875 0.9729
10.9772 1.1909 0.9767
10.9964 1.1944 0.9806
11.0157 1.1979 0.9848
11.0350 1.2015 0.9891
11.0543 1.2050 0.9935
11.0736 1.2084 0.9980
11.0929 1.2118 1.0026
11.1122 1.2151 1.0073
11.1315 1.2183 1.0120
11.1508 1.2213 1.0167
11.1701 1.2241 1.0214
11.1894 1.2267 1.0259
11.2087 1.2291 1.0304
11.2279 1.2312 1.0348
11.2472 1.2331 1.0390
11.2665 1.2348 1.0431
11.2858 1.2362 1.0471
11.3051 1.2374 1.0508
11.3244 1.2383 1.0545
11.3437 1.2391 1.0580
11.3630 1.2396 1.0614
11.3823 1.2399 1.0647
11.4016 1.2401 1.0679
11.4209 1.2400 1.0711
11.4402 1.2397 1.0743
11.4595 1.2392 1.0775
11.4787 1.2385 1.0808
11.4980 1.2376 1.0840
11.5173 1.2364 1.0873
11.5366 1.2349 1.0906
11.5559 1.2332 1.0939
11.5752 1.2311 1.0972
11.5945 1.2288 1.1004
11.6138 1.2260 1.1036
11.6331 1.2229 1.1067
11.6524 1.2195 1.1096
11.6717 1.2157 1.1125
11.6910 1.2115 1.1151
11.7102 1.2070 1.1176
11.7295 1.2021 1.1199
11.7488 1.1969 1.1220
11.7681 1.1914 1.1240
11.7874 1.1857 1.1258
11.8067 1.1798 1.1274
11.8260 1.1737 1.1290
11.8453 1.1675 1.1304
11.8646 1.1614 1.1318
11.8839 1.1552 1.1331
11.9032 1.1492 1.1344
11.9225 1.1434 1.1356
11.9418 1.1377 1.1368
11.9610 1.1323 1.1379
11.9803 1.1273 1.1389
11.9996 1.1225 1.1398
12.0189 1.1182 1.1405
12.0382 1.1142 1.1411
12.0575 1.1106 1.1416
12.0768 1.1074 1.1417
12.0961 1.1045 1.1417
12.1154 1.1019 1.1413
12.1347 1.0996 1.1406
12.1540 1.0976 1.1396
12.1733 1.0957 1.1383
12.1925 1.0940 1.1366
12.2118 1.0924 1.1345
12.2311 1.0909 1.1321
12.2504 1.0894 1.1294
12.2697 1.0879 1.1263
12.2890 1.0864 1.1229
12.3083 1.0849 1.1192
12.3276 1.0833 1.1153
12.3469 1.0817 1.1112
12.3662 1.0800 1.1069
12.3855 1.0783 1.1024
12.4048 1.0765 1.0978
12.4241 1.0747 1.0932
12.4433 1.0728 1.0885
12.4626 1.0708 1.0838
12.4819 1.0687 1.0790
12.5012 1.0665 1.0743
12.5205 1.0642 1.0695
12.5398 1.0617 1.0648
12.5591 1.0591 1.0601
12.5784 1.0563 1.0554
12.5977 1.0533 1.0507
12.6170 1.0500 1.0461
12.6363 1.0465 1.0414
12.6556 1.0428 1.0367
12.6748 1.0388 1.0321
12.6941 1.0346 1.0274
12.7134 1.0301 1.0228
12.7327 1.0254 1.0182
12.7520 1.0204 1.0136
12.7713 1.0152 1.0090
12.7906 1.0097 1.0045
12.8099 1.0041 1.0000
12.8292 0.9982 0.9956
12.8485 0.9921 0.9911
12.8678 0.9857 0.9867
12.8871 0.9792 0.9822
12.9064 0.9724 0.9777
12.9256 0.9654 0.9732
12.9449 0.9581 0.9685
12.9642 0.9506 0.9637
12.9835 0.9428 0.9587
13.0028 0.9348 0.9535
13.0221 0.9265 0.9481
13.0414 0.9179 0.9425
13.0607 0.9090 0.9366
13.0800 0.8999 0.9305
13.0993 0.8906 0.9242
13.1186 0.8810 0.9175
13.1379 0.8713 0.9107
13.1571 0.8614 0.9036
13.1764 0.8514 0.8963
13.1957 0.8413 0.8887
13.2150 0.8312 0.8810
13.2343 0.8212 0.8730
13.2536 0.8112 0.8649
13.2729 0.8014 0.8565
13.2922 0.7917 0.8480
13.3115 0.7822 0.8393
13.3308 0.7730 0.8304
13.3501 0.7641 0.8213
13.3694 0.7555 0.8121
13.3887 0.7473 0.8028
13.4079 0.7394 0.7933
13.4272 0.7320 0.7838
13.4465 0.7250 0.7742
13.4658 0.7184 0.7646
13.4851 0.7123 0.7550
13.5044 0.7066 0.7455
13.5237 0.7013 0.7362
13.5430 0.6965 0.7270
13.5623 0.6920 0.7181
13.5816 0.6878 0.7094
13.6009 0.6840 0.7010
13.6202 0.6803 0.6929
13.6394 0.6769 0.6853
13.6587 0.6735 0.6780
13.6780 0.6702 0.6711
13.6973 0.6669 0.6646
13.7166 0.6634 0.6584
13.7359 0.6598 0.6527
13.7552 0.6559 0.6472
13.7745 0.6518 0.6420
13.7938 0.6473 0.6370
13.8131 0.6425 0.6321
13.8324 0.6373 0.6273
13.8517 0.6318 0.6224
13.8710 0.6259 0.6175
13.8902 0.6196 0.6124
13.9095 0.6131 0.6071
13.9288 0.6063 0.6015
13.9481 0.5992 0.5956
13.9674 0.5919 0.5893
13.9867 0.5844 0.5826
14.0060 0.5768 0.5756
14.0253 0.5690 0.5682
14.0446 0.5610 0.5604
14.0639 0.5530 0.5524
14.0832 0.5448 0.5442
14.1025 0.5365 0.5359
14.1217 0.5281 0.5275
14.1410 0.5196 0.5191
14.1603 0.5110 0.5107
14.1796 0.5024 0.5026
14.1989 0.4938 0.4946
14.2182 0.4851 0.4870
14.2375 0.4766 0.4796
14.2568 0.4681 0.4726
14.2761 0.4597 0.4660
14.2954 0.4515 0.4597
14.3147 0.4435 0.4539
14.3340 0.4358 0.4483
14.3533 0.4284 0.4431
14.3725 0.4212 0.4381
14.3918 0.4144 0.4333
14.4111 0.4079 0.4287
14.4304 0.4017 0.4243
14.4497 0.3958 0.4199
14.4690 0.3901 0.4156
14.4883 0.3848 0.4113
14.5076 0.3797 0.4070
14.5269 0.3747 0.4027
14.5462 0.3699 0.3984
14.5655 0.3653 0.3941
14.5848 0.3607 0.3898
14.6040 0.3561 0.3856
14.6233 0.3516 0.3814
14.6426 0.3472 0.3773
14.6619 0.3427 0.3732
14.6812 0.3382 0.3693
14.7005 0.3336 0.3654
14.7198 0.3291 0.3616
14.7391 0.3245 0.3579
14.7584 0.3198 0.3543
14.7777 0.3152 0.3507
14.7970 0.3105 0.3471
14.8163 0.3058 0.3436
14.8356 0.3011 0.3400
14.8548 0.2965 0.3363
14.8741 0.2918 0.3325
14.8934 0.2872 0.3286
14.9127 0.2827 0.3247
14.9320 0.2782 0.3206
14.9513 0.2739 0.3164
14.9706 0.2696 0.3121
14.9899 0.2655 0.3078
15.0092 0.2616 0.3034
15.0285 0.2578 0.2990
15.0478 0.2542 0.2947
15.0671 0.2508 0.2904
15.0863 0.2475 0.2863
15.1056 0.2445 0.2823
15.1249 0.2417 0.2786
15.1442 0.2391 0.2751
15.1635 0.2367 0.2719
15.1828 0.2345 0.2690
15.2021 0.2326 0.2664
15.2214 0.2309 0.2642
15.2407 0.2294 0.2623
15.2600 0.2281 0.2607
15.2793 0.2270 0.2595
15.2986 0.2262 0.2586
15.3179 0.2255 0.2581
15.3371 0.2250 0.2578
15.3564 0.2247 0.2578
15.3757 0.2246 0.2580
15.3950 0.2246 0.2584
15.4143 0.2248 0.2590
15.4336 0.2250 0.2598
15.4529 0.2254 0.2607
15.4722 0.2258 0.2617
15.4915 0.2263 0.2628
15.5108 0.2268 0.2640
15.5301 0.2273 0.2652
15.5494 0.2279 0.2665
15.5686 0.2284 0.2678
15.5879 0.2290 0.2692
15.6072 0.2296 0.2706
15.6265 0.2302 0.2719
15.6458 0.2308 0.2734
15.6651 0.2314 0.2748
15.6844 0.2320 0.2763
15.7037 0.2327 0.2778
15.7230 0.2334 0.2793
15.7423 0.2341 0.2809
15.7616 0.2350 0.2825
15.7809 0.2359 0.2841
15.8002 0.2368 0.2858
15.8194 0.2379 0.2874
15.8387 0.2391 0.2891
15.8580 0.2404 0.2908
15.8773 0.2417 0.2925
15.8966 0.2432 0.2942
15.9159 0.2448 0.2958
15.9352 0.2465 0.2974
15.9545 0.2483 0.2990
15.9738 0.2501 0.3004
15.9931 0.2521 0.3018
16.0124 0.2541 0.3031
16.0317 0.2562 0.3044
16.0509 0.2583 0.3056
16.0702 0.2604 0.3067
16.0895 0.2625 0.3078
16.1088 0.2646 0.3088
16.1281 0.2667 0.3098
16.1474 0.2688 0.3109
16.1667 0.2707 0.3119
16.1860 0.2727 0.3130
16.2053 0.2745 0.3142
16.2246 0.2763 0.3154
16.2439 0.2780 0.3167
16.2632 0.2797 0.3181
16.2825 0.2813 0.3196
16.3017 0.2829 0.3212
16.3210 0.2844 0.3230
16.3403 0.2859 0.3248
16.3596 0.2874 0.3268
16.3789 0.2889 0.3289
16.3982 0.2904 0.3310
16.4175 0.2920 0.3333
16.4368 0.2936 0.3356
16.4561 0.2952 0.3380
16.4754 0.2968 0.3404
16.4947 0.2984 0.3429
16.5140 0.3001 0.3454
16.5333 0.3018 0.3480
16.5525 0.3036 0.3505
16.5718 0.3053 0.3531
16.5911 0.3070 0.3556
16.6104 0.3088 0.3581
16.6297 0.3105 0.3605
16.6490 0.3122 0.3630
16.6683 0.3140 0.3653
16.6876 0.3157 0.3677
16.7069 0.3174 0.3699
16.7262 0.3191 0.3721
16.7455 0.3208 0.3742
16.7648 0.3225 0.3763
16.7840 0.3242 0.3782
16.8033 0.3258 0.3801
16.8226 0.3275 0.3820
16.8419 0.3292 0.3838
16.8612 0.3308 0.3855
16.8805 0.3325 0.3872
16.8998 0.3342 0.3888
16.9191 0.3358 0.3905
16.9384 0.3375 0.3921
16.9577 0.3392 0.3936
16.9770 0.3409 0.3952
16.9963 0.3426 0.3968
17.0156 0.3444 0.3983
17.0348 0.3462 0.3999
17.0541 0.3480 0.4015
17.0734 0.3499 0.4030
17.0927 0.3518 0.4046
17.1120 0.3537 0.4062
17.1313 0.3558 0.4078
17.1506 0.3578 0.4094
17.1699 0.3599 0.4110
17.1892 0.3621 0.4126
17.2085 0.3642 0.4142
17.2278 0.3664 0.4159
17.2471 0.3686 0.4175
17.2663 0.3708 0.4191
17.2856 0.3730 0.4207
17.3049 0.3752 0.4224
17.3242 0.3774 0.4240
17.3435 0.3795 0.4257
17.3628 0.3816 0.4273
17.3821 0.3837 0.4290
17.4014 0.3857 0.4307
17.4207 0.3877 0.4323
17.4400 0.3897 0.4340
17.4593 0.3917 0.4358
17.4786 0.3936 0.4375
17.4979 0.3955 0.4392
17.5171 0.3974 0.4410
17.5364 0.3993 0.4428
17.5557 0.4012 0.4446
17.5750 0.4031 0.4465
17.5943 0.4050 0.4483
17.6136 0.4070 0.4502
17.6329 0.4089 0.4521
17.6522 0.4109 0.4540
17.6715 0.4128 0.4559
17.6908 0.4148 0.4578
17.7101 0.4168 0.4597
17.7294 0.4187 0.4617
17.7486 0.4207 0.4636
17.7679 0.4226 0.4655
17.7872 0.4245 0.4674
17.8065 0.4264 0.4693
17.8258 0.4283 0.4712
17.8451 0.4301 0.4731
17.8644 0.4319 0.4749
17.8837 0.4337 0.4767
17.9030 0.4354 0.4786
17.9223 0.4371 0.4804
17.9416 0.4388 0.4822
17.9609 0.4405 0.4840
17.9802 0.4421 0.4857
17.9994 0.4437 0.4875
18.0187 0.4453 0.4893
18.0380 0.4470 0.4911
18.0573 0.4486 0.4928
18.0766 0.4502 0.4946
18.0959 0.4518 0.4964
18.1152 0.4535 0.4982
18.1345 0.4552 0.5000
18.1538 0.4568 0.5018
18.1731 0.4585 0.5036
18.1924 0.4603 0.5054
18.2117 0.4620 0.5073
18.2309 0.4637 0.5091
18.2502 0.4655 0.5109
18.2695 0.4673 0.5127
18.2888 0.4691 0.5146
18.3081 0.4709 0.5164
18.3274 0.4727 0.5182
18.3467 0.4745 0.5200
18.3660 0.4763 0.5218
18.3853 0.4781 0.5236
18.4046 0.4799 0.5254
18.4239 0.4817 0.5272
18.4432 0.4835 0.5289
18.4625 0.4853 0.5307
18.4817 0.4870 0.5324
18.5010 0.4888 0.5341
18.5203 0.4905 0.5358
18.5396 0.4923 0.5375
18.5589 0.4940 0.5392
18.5782 0.4957 0.5409
18.5975 0.4974 0.5425
18.6168 0.4991 0.5441
18.6361 0.5008 0.5457
18.6554 0.5025 0.5473
18.6747 0.5042 0.5489
18.6940 0.5058 0.5505
18.7132 0.5074 0.5520
18.7325 0.5091 0.5536
18.7518 0.5107 0.5551
18.7711 0.5123 0.5566
18.7904 0.5140 0.5582
18.8097 0.5156 0.5597
18.8290 0.5172 0.5611
18.8483 0.5189 0.5626
18.8676 0.5205 0.5641
18.8869 0.5221 0.5656
18.9062 0.5238 0.5671
18.9255 0.5254 0.5685
18.9448 0.5271 0.5700
18.9640 0.5287 0.5714
18.9833 0.5303 0.5729
19.0026 0.5320 0.5743
19.0219 0.5336 0.5758
19.0412 0.5352 0.5772
19.0605 0.5368 0.5787
19.0798 0.5384 0.5801
19.0991 0.5400 0.5816
19.1184 0.5415 0.5830
19.1377 0.5431 0.5845
19.1570 0.5446 0.5859
19.1763 0.5461 0.5874
19.1955 0.5476 0.5888
19.2148 0.5491 0.5903
19.2341 0.5506 0.5917
19.2534 0.5521 0.5932
19.2727 0.5536 0.5946
19.2920 0.5551 0.5960
19.3113 0.5566 0.5975
19.3306 0.5581 0.5989
19.3499 0.5596 0.6003
19.3692 0.5610 0.6017
19.3885 0.5625 0.6032
19.4078 0.5640 0.6046
19.4271 0.5656 0.6059
19.4463 0.5671 0.6073
19.4656 0.5686 0.6087
19.4849 0.5701 0.6101
19.5042 0.5716 0.6114
19.5235 0.5732 0.6127
19.5428 0.5747 0.6141
19.5621 0.5763 0.6154
19.5814 0.5778 0.6167
19.6007 0.5794 0.6180
19.6200 0.5809 0.6193
19.6393 0.5825 0.6206
19.6586 0.5840 0.6219
19.6778 0.5856 0.6231
19.6971 0.5871 0.6244
19.7164 0.5886 0.6257
19.7357 0.5902 0.6269
19.7550 0.5917 0.6281
19.7743 0.5932 0.6294
19.7936 0.5947 0.6306
19.8129 0.5962 0.6318
19.8322 0.5977 0.6331
19.8515 0.5992 0.6343
19.8708 0.6007 0.6355
19.8901 0.6021 0.6367
19.9094 0.6036 0.6379
19.9286 0.6050 0.6391
19.9479 0.6064 0.6403
19.9672 0.6079 0.6414
19.9865 0.6093 0.6426
20.0058 0.6107 0.6438
20.0251 0.6120 0.6449
20.0444 0.6134 0.6460
20.0637 0.6148 0.6472
20.0830 0.6161 0.6483
20.1023 0.6175 0.6494
20.1216 0.6188 0.6505
20.1409 0.6201 0.6516
20.1601 0.6214 0.6527
20.1794 0.6227 0.6538
20.1987 0.6239 0.6548
20.2180 0.6252 0.6559
20.2373 0.6264 0.6570
20.2566 0.6277 0.6581
20.2759 0.6289 0.6591
20.2952 0.6301 0.6602
20.3145 0.6313 0.6613
20.3338 0.6325 0.6623
20.3531 0.6337 0.6634
20.3724 0.6349 0.6645
20.3917 0.6360 0.6656
20.4109 0.6372 0.6666
20.4302 0.6384 0.6677
20.4495 0.6395 0.6688
20.4688 0.6407 0.6698
20.4881 0.6418 0.6709
20.5074 0.6429 0.6720
20.5267 0.6440 0.6730
20.5460 0.6452 0.6740
20.5653 0.6463 0.6751
20.5846 0.6474 0.6761
20.6039 0.6485 0.6771
20.6232 0.6496 0.6781
20.6424 0.6507 0.6791
20.6617 0.6518 0.6801
20.6810 0.6529 0.6811
20.7003 0.6540 0.6821
20.7196 0.6551 0.6830
20.7389 0.6562 0.6840
20.7582 0.6572 0.6849
20.7775 0.6583 0.6858
20.7968 0.6594 0.6868
20.8161 0.6605 0.6877
20.8354 0.6616 0.6886
20.8547 0.6627 0.6895
20.8740 0.6637 0.6904
20.8932 0.6648 0.6913
20.9125 0.6659 0.6922
20.9318 0.6670 0.6931
20.9511 0.6680 0.6939
20.9704 0.6691 0.6948
20.9897 0.6702 0.6957
21.0090 0.6712 0.6966
21.0283 0.6723 0.6975
21.0476 0.6733 0.6983
21.0669 0.6744 0.6992
21.0862 0.6754 0.7001
21.1055 0.6764 0.7009
21.1247 0.6774 0.7018
21.1440 0.6784 0.7027
21.1633 0.6794 0.7035
21.1826 0.6803 0.7044
21.2019 0.6813 0.7053
21.2212 0.6822 0.7061
21.2405 0.6832 0.7070
21.2598 0.6841 0.7078
21.2791 0.6850 0.7087
21.2984 0.6859 0.7095
21.3177 0.6868 0.7103
21.3370 0.6877 0.7111
21.3563 0.6886 0.7120
21.3755 0.6895 0.7128
21.3948 0.6904 0.7136
21.4141 0.6913 0.7144
21.4334 0.6922 0.7152
21.4527 0.6931 0.7160
21.4720 0.6940 0.7168
21.4913 0.6949 0.7176
21.5106 0.6958 0.7184
21.5299 0.6967 0.7192
21.5492 0.6976 0.7199
21.5685 0.6985 0.7207
21.5878 0.6993 0.7215
21.6070 0.7002 0.7223
21.6263 0.7011 0.7231
21.6456 0.7020 0.7239
21.6649 0.7029 0.7247
21.6842 0.7037 0.7254
21.7035 0.7046 0.7262
21.7228 0.7055 0.7270
21.7421 0.7063 0.7278
21.7614 0.7072 0.7286
21.7807 0.7080 0.7293
21.8000 0.7088 0.7301
21.8193 0.7097 0.7309
21.8386 0.7105 0.7316
21.8578 0.7113 0.7324
21.8771 0.7121 0.7331
21.8964 0.7129 0.7339
21.9157 0.7137 0.7346
21.9350 0.7145 0.7354
21.9543 0.7153 0.7361
21.9736 0.7161 0.7369
21.9929 0.7169 0.7376
22.0122 0.7177 0.7383
22.0315 0.7185 0.7391
22.0508 0.7193 0.7398
22.0701 0.7201 0.7405
22.0893 0.7208 0.7412
22.1086 0.7216 0.7419
22.1279 0.7224 0.7426
22.1472 0.7232 0.7433
22.1665 0.7240 0.7440
22.1858 0.7247 0.7447
22.2051 0.7255 0.7454
22.2244 0.7263 0.7461
22.2437 0.7271 0.7468
22.2630 0.7278 0.7475
22.2823 0.7286 0.7481
22.3016 0.7293 0.7488
22.3209 0.7301 0.7495
22.3401 0.7308 0.7501
22.3594 0.7316 0.7508
22.3787 0.7323 0.7514
22.3980 0.7330 0.7521
22.4173 0.7338 0.7527
22.4366 0.7345 0.7533
22.4559 0.7352 0.7540
22.4752 0.7359 0.7546
22.4945 0.7365 0.7552
22.5138 0.7372 0.7559
22.5331 0.7379 0.7565
22.5524 0.7385 0.7571
22.5716 0.7391 0.7577
22.5909 0.7397 0.7583
22.6102 0.7404 0.7589
22.6295 0.7410 0.7595
22.6488 0.7416 0.7601
22.6681 0.7421 0.7606
22.6874 0.7427 0.7612
22.7067 0.7433 0.7618
22.7260 0.7439 0.7623
22.7453 0.7445 0.7629
22.7646 0.7451 0.7635
22.7839 0.7457 0.7640
22.8032 0.7463 0.7646
22.8224 0.7469 0.7652
22.8417 0.7475 0.7657
22.8610 0.7481 0.7663
22.8803 0.7487 0.7668
22.8996 0.7494 0.7674
22.9189 0.7500 0.7680
22.9382 0.7507 0.7685
22.9575 0.7513 0.7691
22.9768 0.7520 0.7697
22.9961 0.7526 0.7702
23.0154 0.7533 0.7708
23.0347 0.7539 0.7714
23.0539 0.7546 0.7719
23.0732 0.7552 0.7725
23.0925 0.7559 0.7731
23.1118 0.7565 0.7736
23.1311 0.7571 0.7742
23.1504 0.7578 0.7748
23.1697 0.7584 0.7753
23.1890 0.7590 0.7759
23.2083 0.7596 0.7764
23.2276 0.7603 0.7770
23.2469 0.7609 0.7775
23.2662 0.7615 0.7781
23.2855 0.7621 0.7786
23.3047 0.7627 0.7791
23.3240 0.7633 0.7796
23.3433 0.7638 0.7802
23.3626 0.7644 0.7807
23.3819 0.7650 0.7812
23.4012 0.7656 0.7817
23.4205 0.7662 0.7823
23.4398 0.7667 0.7828
23.4591 0.7673 0.7833
23.4784 0.7679 0.7838
23.4977 0.7685 0.7843
23.5170 0.7690 0.7848
23.5362 0.7696 0.7853
23.5555 0.7701 0.7858
23.5748 0.7707 0.7863
23.5941 0.7712 0.7868
23.6134 0.7718 0.7873
23.6327 0.7723 0.7878
23.6520 0.7729 0.7882
23.6713 0.7734 0.7887
23.6906 0.7739 0.7892
23.7099 0.7745 0.7896
23.7292 0.7750 0.7901
23.7485 0.7755 0.7905
23.7678 0.7760 0.7909
23.7870 0.7766 0.7914
23.8063 0.7771 0.7918
23.8256 0.7776 0.7922
23.8449 0.7781 0.7926
23.8642 0.7786 0.7930
23.8835 0.7791 0.7934
23.9028 0.7796 0.7938
23.9221 0.7801 0.7942
23.9414 0.7805 0.7946
23.9607 0.7810 0.7950
23.9800 0.7815 0.7954
23.9993 0.7820 0.7958
24.0185 0.7824 0.7962
24.0378 0.7829 0.7965
24.0571 0.7834 0.7969
24.0764 0.7838 0.7973
24.0957 0.7843 0.7977
24.1150 0.7847 0.7981
24.1343 0.7852 0.7985
24.1536 0.7856 0.7988
24.1729 0.7860 0.7992
24.1922 0.7865 0.7996
24.2115 0.7869 0.8000
24.2308 0.7873 0.8003
24.2501 0.7877 0.8007
24.2693 0.7881 0.8011
24.2886 0.7885 0.8014
24.3079 0.7889 0.8018
24.3272 0.7893 0.8021
24.3465 0.7897 0.8025
24.3658 0.7901 0.8029
24.3851 0.7905 0.8032
24.4044 0.7909 0.8036
24.4237 0.7913 0.8039
24.4430 0.7917 0.8043
24.4623 0.7921 0.8047
24.4816 0.7925 0.8050
24.5008 0.7929 0.8054
24.5201 0.7933 0.8057
24.5394 0.7937 0.8061
24.5587 0.7940 0.8064
24.5780 0.7944 0.8068
24.5973 0.7948 0.8071
24.6166 0.7952 0.8075
24.6359 0.7956 0.8078
24.6552 0.7960 0.8081
24.6745 0.7963 0.8085
24.6938 0.7967 0.8088
24.7131 0.7971 0.8092
24.7324 0.7974 0.8095
24.7516 0.7978 0.8098
24.7709 0.7982 0.8101
24.7902 0.7985 0.8105
24.8095 0.7989 0.8108
24.8288 0.7992 0.8111
24.8481 0.7996 0.8114
24.8674 0.7999 0.8117
24.8867 0.8003 0.8120
24.9060 0.8006 0.8123
24.9253 0.8010 0.8127
24.9446 0.8013 0.8130
24.9639 0.8016 0.8133
24.9831 0.8020 0.8136
25.0024 0.8023 0.8139
25.0217 0.8027 0.8142
25.0410 0.8030 0.8145
25.0603 0.8033 0.8148
25.0796 0.8037 0.8151
25.0989 0.8040 0.8155
25.1182 0.8043 0.8158
25.1375 0.8047 0.8161
25.1568 0.8050 0.8164
25.1761 0.8053 0.8167
25.1954 0.8057 0.8171
25.2147 0.8060 0.8174
25.2339 0.8064 0.8177
25.2532 0.8067 0.8180
25.2725 0.8070 0.8184
25.2918 0.8074 0.8187
25.3111 0.8077 0.8190
25.3304 0.8081 0.8193
25.3497 0.8084 0.8197
25.3690 0.8088 0.8200
25.3883 0.8091 0.8203
25.4076 0.8094 0.8206
25.4269 0.8098 0.8210
25.4462 0.8101 0.8213
25.4654 0.8105 0.8216
25.4847 0.8109 0.8219
25.5040 0.8112 0.8223
25.5233 0.8116 0.8226
25.5426 0.8119 0.8229
25.5619 0.8123 0.8233
25.5812 0.8126 0.8236
25.6005 0.8130 0.8239
25.6198 0.8134 0.8243
25.6391 0.8137 0.8246
25.6584 0.8141 0.8249
25.6777 0.8145 0.8253
25.6970 0.8148 0.8256
25.7162 0.8152 0.8260
25.7355 0.8156 0.8263
25.7548 0.8160 0.8267
25.7741 0.8164 0.8270
25.7934 0.8167 0.8274
25.8127 0.8171 0.8278
25.8320 0.8175 0.8281
25.8513 0.8179 0.8285
25.8706 0.8183 0.8288
25.8899 0.8187 0.8292
25.9092 0.8190 0.8295
25.9285 0.8194 0.8299
25.9477 0.8198 0.8303
25.9670 0.8202 0.8306
25.9863 0.8206 0.8310
26.0056 0.8209 0.8313
26.0249 0.8213 0.8317
26.0442 0.8217 0.8320
26.0635 0.8221 0.8323
26.0828 0.8224 0.8327
26.1021 0.8228 0.8330
26.1214 0.8232 0.8334
26.1407 0.8235 0.8337
26.1600 0.8239 0.8340
26.1793 0.8242 0.8343
26.1985 0.8246 0.8347
26.2178 0.8249 0.8350
26.2371 0.8253 0.8353
26.2564 0.8256 0.8356
26.2757 0.8260 0.8359
26.2950 0.8263 0.8363
26.3143 0.8266 0.8366
26.3336 0.8270 0.8369
26.3529 0.8273 0.8372
26.3722 0.8276 0.8375
26.3915 0.8280 0.8378
26.4108 0.8283 0.8381
26.4300 0.8286 0.8384
26.4493 0.8289 0.8387
26.4686 0.8292 0.8390
26.4879 0.8295 0.8393
26.5072 0.8298 0.8395
26.5265 0.8302 0.8398
26.5458 0.8305 0.8401
26.5651 0.8308 0.8404
26.5844 0.8311 0.8406
26.6037 0.8314 0.8409
26.6230 0.8316 0.8412
26.6423 0.8319 0.8415
26.6616 0.8322 0.8417
26.6808 0.8325 0.8420
26.7001 0.8328 0.8423
26.7194 0.8331 0.8425
26.7387 0.8334 0.8428
26.7580 0.8337 0.8430
26.7773 0.8340 0.8433
26.7966 0.8343 0.8435
26.8159 0.8345 0.8438
26.8352 0.8348 0.8440
26.8545 0.8351 0.8443
26.8738 0.8354 0.8445
26.8931 0.8357 0.8448
26.9123 0.8360 0.8450
26.9316 0.8362 0.8453
26.9509 0.8365 0.8455
26.9702 0.8368 0.8458
26.9895 0.8371 0.8460
27.0088 0.8373 0.8463
27.0281 0.8376 0.8465
27.0474 0.8379 0.8468
27.0667 0.8381 0.8470
27.0860 0.8384 0.8473
27.1053 0.8387 0.8475
27.1246 0.8389 0.8478
27.1439 0.8392 0.8480
27.1631 0.8395 0.8483
27.1824 0.8397 0.8485
27.2017 0.8400 0.8488
27.2210 0.8402 0.8490
27.2403 0.8405 0.8493
27.2596 0.8408 0.8496
27.2789 0.8410 0.8498
27.2982 0.8413 0.8501
27.3175 0.8415 0.8503
27.3368 0.8418 0.8506
27.3561 0.8421 0.8508
27.3754 0.8423 0.8511
27.3947 0.8426 0.8514
27.4139 0.8429 0.8516
27.4332 0.8431 0.8519
27.4525 0.8434 0.8521
27.4718 0.8437 0.8524
27.4911 0.8439 0.8527
27.5104 0.8442 0.8529
27.5297 0.8445 0.8532
27.5490 0.8447 0.8534
27.5683 0.8450 0.8537
27.5876 0.8453 0.8540
27.6069 0.8455 0.8542
27.6262 0.8458 0.8545
27.6454 0.8461 0.8547
27.6647 0.8464 0.8550
27.6840 0.8466 0.8553
27.7033 0.8469 0.8555
27.7226 0.8472 0.8558
27.7419 0.8474 0.8560
27.7612 0.8477 0.8563
27.7805 0.8480 0.8566
27.7998 0.8483 0.8568
27.8191 0.8485 0.8571
27.8384 0.8488 0.8573
27.8577 0.8491 0.8576
27.8770 0.8494 0.8578
27.8962 0.8496 0.8581
27.9155 0.8499 0.8583
27.9348 0.8502 0.8586
27.9541 0.8504 0.8588
27.9734 0.8507 0.8591
27.9927 0.8510 0.8593
28.0120 0.8512 0.8595
28.0313 0.8515 0.8598
28.0506 0.8518 0.8600
28.0699 0.8521 0.8602
28.0892 0.8523 0.8605
28.1085 0.8526 0.8607
28.1277 0.8529 0.8609
28.1470 0.8531 0.8612
28.1663 0.8534 0.8614
28.1856 0.8536 0.8617
28.2049 0.8539 0.8619
28.2242 0.8542 0.8621
28.2435 0.8544 0.8624
28.2628 0.8547 0.8626
28.2821 0.8550 0.8629
28.3014 0.8552 0.8631
28.3207 0.8555 0.8634
28.3400 0.8557 0.8636
28.3593 0.8560 0.8639
28.3785 0.8562 0.8641
28.3978 0.8565 0.8644
28.4171 0.8567 0.8646
28.4364 0.8570 0.8649
28.4557 0.8572 0.8651
28.4750 0.8575 0.8653
28.4943 0.8577 0.8656
28.5136 0.8580 0.8658
28.5329 0.8582 0.8661
28.5522 0.8585 0.8663
28.5715 0.8587 0.8665
28.5908 0.8589 0.8668
28.6100 0.8592 0.8670
28.6293 0.8594 0.8672
28.6486 0.8596 0.8674
28.6679 0.8599 0.8677
28.6872 0.8601 0.8679
28.7065 0.8603 0.8681
28.7258 0.8606 0.8683
28.7451 0.8608 0.8685
28.7644 0.8610 0.8687
28.7837 0.8613 0.8690
28.8030 0.8615 0.8692
28.8223 0.8617 0.8694
28.8416 0.8620 0.8696
28.8608 0.8622 0.8698
28.8801 0.8624 0.8700
28.8994 0.8627 0.8702
28.9187 0.8629 0.8705
28.9380 0.8631 0.8707
28.9573 0.8634 0.8709
28.9766 0.8636 0.8711
28.9959 0.8638 0.8713
29.0152 0.8640 0.8715
29.0345 0.8643 0.8717
29.0538 0.8645 0.8719
29.0731 0.8647 0.8721
29.0923 0.8649 0.8723
29.1116 0.8652 0.8726
29.1309 0.8654 0.8728
29.1502 0.8656 0.8730
29.1695 0.8658 0.8732
29.1888 0.8660 0.8734
29.2081 0.8662 0.8736
29.2274 0.8665 0.8738
29.2467 0.8667 0.8740
29.2660 0.8669 0.8742
29.2853 0.8671 0.8744
29.3046 0.8673 0.8746
29.3239 0.8675 0.8748
29.3431 0.8677 0.8750
29.3624 0.8679 0.8752
29.3817 0.8682 0.8754
29.4010 0.8684 0.8756
29.4203 0.8686 0.8758
29.4396 0.8688 0.8760
29.4589 0.8690 0.8762
29.4782 0.8692 0.8764
29.4975 0.8694 0.8766
29.5168 0.8696 0.8768
29.5361 0.8698 0.8770
29.5554 0.8700 0.8772
29.5746 0.8703 0.8774
29.5939 0.8705 0.8776
29.6132 0.8707 0.8778
29.6325 0.8709 0.8780
29.6518 0.8711 0.8782
29.6711 0.8713 0.8784
29.6904 0.8715 0.8786
29.7097 0.8717 0.8787
29.7290 0.8719 0.8789
29.7483 0.8721 0.8791
29.7676 0.8723 0.8793
29.7869 0.8725 0.8795
29.8062 0.8727 0.8797
29.8254 0.8729 0.8799
29.8447 0.8731 0.8801
29.8640 0.8733 0.8802
29.8833 0.8735 0.8804
29.9026 0.8737 0.8806
29.9219 0.8739 0.8808
29.9412 0.8741 0.8810
29.9605 0.8744 0.8812
29.9798 0.8746 0.8814
29.9991 0.8748 0.8815
30.0184 0.8750 0.8817
30.0377 0.8752 0.8819
30.0569 0.8754 0.8821
30.0762 0.8756 0.8823
30.0955 0.8758 0.8825
30.1148 0.8760 0.8827
30.1341 0.8761 0.8828
30.1534 0.8763 0.8830
30.1727 0.8765 0.8832
30.1920 0.8767 0.8834
30.2113 0.8769 0.8836
30.2306 0.8771 0.8838
30.2499 0.8773 0.8839
30.2692 0.8775 0.8841
30.2885 0.8777 0.8843
30.3077 0.8779 0.8845
30.3270 0.8781 0.8846
30.3463 0.8783 0.8848
30.3656 0.8785 0.8850
30.3849 0.8787 0.8852
30.4042 0.8789 0.8854
30.4235 0.8790 0.8855
30.4428 0.8792 0.8857
30.4621 0.8794 0.8859
30.4814 0.8796 0.8861
30.5007 0.8798 0.8862
30.5200 0.8800 0.8864
30.5392 0.8802 0.8866
30.5585 0.8804 0.8868
30.5778 0.8805 0.8869
30.5971 0.8807 0.8871
30.6164 0.8809 0.8873
30.6357 0.8811 0.8874
30.6550 0.8813 0.8876
30.6743 0.8815 0.8878
30.6936 0.8817 0.8879
30.7129 0.8818 0.8881
30.7322 0.8820 0.8883
30.7515 0.8822 0.8885
30.7708 0.8824 0.8886
30.7900 0.8826 0.8888
30.8093 0.8827 0.8890
30.8286 0.8829 0.8891
30.8479 0.8831 0.8893
30.8672 0.8833 0.8895
30.8865 0.8834 0.8896
30.9058 0.8836 0.8898
30.9251 0.8838 0.8900
30.9444 0.8840 0.8901
30.9637 0.8842 0.8903
30.9830 0.8843 0.8905
31.0023 0.8845 0.8906
31.0215 0.8847 0.8908
31.0408 0.8849 0.8910
31.0601 0.8850 0.8911
31.0794 0.8852 0.8913
31.0987 0.8854 0.8914
31.1180 0.8855 0.8916
31.1373 0.8857 0.8918
31.1566 0.8859 0.8919
31.1759 0.8861 0.8921
31.1952 0.8862 0.8923
31.2145 0.8864 0.8924
31.2338 0.8866 0.8926
31.2531 0.8867 0.8927
31.2723 0.8869 0.8929
31.2916 0.8871 0.8931
31.3109 0.8872 0.8932
31.3302 0.8874 0.8934
31.3495 0.8876 0.8935
31.3688 0.8877 0.8937
31.3881 0.8879 0.8938
31.4074 0.8881 0.8940
31.4267 0.8882 0.8942
31.4460 0.8884 0.8943
31.4653 0.8886 0.8945
31.4846 0.8887 0.8946
31.5038 0.8889 0.8948
31.5231 0.8891 0.8949
31.5424 0.8892 0.8951
31.5617 0.8894 0.8952
31.5810 0.8895 0.8954
31.6003 0.8897 0.8955
31.6196 0.8899 0.8957
31.6389 0.8900 0.8958
31.6582 0.8902 0.8960
31.6775 0.8904 0.8961
31.6968 0.8905 0.8963
31.7161 0.8907 0.8964
31.7354 0.8908 0.8966
31.7546 0.8910 0.8967
31.7739 0.8911 0.8969
31.7932 0.8913 0.8970
31.8125 0.8915 0.8972
31.8318 0.8916 0.8973
31.8511 0.8918 0.8975
31.8704 0.8919 0.8976
31.8897 0.8921 0.8978
31.9090 0.8922 0.8979
31.9283 0.8924 0.8981
31.9476 0.8925 0.8982
31.9669 0.8927 0.8984
31.9861 0.8929 0.8985
32.0054 0.8930 0.8987
32.0247 0.8932 0.8988
32.0440 0.8933 0.8989
32.0633 0.8935 0.8991
32.0826 0.8936 0.8992
32.1019 0.8938 0.8994
32.1212 0.8939 0.8995
32.1405 0.8941 0.8997
32.1598 0.8942 0.8998
32.1791 0.8944 0.8999
32.1984 0.8945 0.9001
32.2177 0.8947 0.9002
32.2369 0.8948 0.9004
32.2562 0.8950 0.9005
32.2755 0.8951 0.9006
32.2948 0.8953 0.9008
32.3141 0.8954 0.9009
32.3334 0.8956 0.9011
32.3527 0.8957 0.9012
32.3720 0.8959 0.9013
32.3913 0.8960 0.9015
32.4106 0.8962 0.9016
32.4299 0.8963 0.9018
32.4492 0.8965 0.9019
32.4684 0.8966 0.9020
32.4877 0.8967 0.9022
32.5070 0.8969 0.9023
32.5263 0.8970 0.9024
32.5456 0.8972 0.9026
32.5649 0.8973 0.9027
32.5842 0.8975 0.9028
32.6035 0.8976 0.9030
32.6228 0.8977 0.9031
32.6421 0.8979 0.9032
32.6614 0.8980 0.9034
32.6807 0.8982 0.9035
32.7000 0.8983 0.9036
32.7192 0.8985 0.9038
32.7385 0.8986 0.9039
32.7578 0.8987 0.9040
32.7771 0.8989 0.9042
32.7964 0.8990 0.9043
32.8157 0.8992 0.9044
32.8350 0.8993 0.9046
32.8543 0.8994 0.9047
32.8736 0.8996 0.9048
32.8929 0.8997 0.9050
32.9122 0.8998 0.9051
32.9315 0.9000 0.9052
32.9507 0.9001 0.9053
32.9700 0.9003 0.9055
32.9893 0.9004 0.9056
33.0086 0.9005 0.9057
33.0279 0.9007 0.9059
33.0472 0.9008 0.9060
33.0665 0.9009 0.9061
33.0858 0.9011 0.9062
33.1051 0.9012 0.9064
33.1244 0.9013 0.9065
33.1437 0.9015 0.9066
33.1630 0.9016 0.9067
33.1823 0.9017 0.9069
33.2015 0.9019 0.9070
33.2208 0.9020 0.9071
33.2401 0.9021 0.9072
33.2594 0.9023 0.9074
33.2787 0.9024 0.9075
33.2980 0.9025 0.9076
33.3173 0.9027 0.9077
33.3366 0.9028 0.9079
33.3559 0.9029 0.9080
33.3752 0.9031 0.9081
33.3945 0.9032 0.9082
33.4138 0.9033 0.9083
33.4330 0.9034 0.9085
33.4523 0.9036 0.9086
33.4716 0.9037 0.9087
33.4909 0.9038 0.9088
33.5102 0.9040 0.9090
33.5295 0.9041 0.9091
33.5488 0.9042 0.9092
33.5681 0.9043 0.9093
33.5874 0.9045 0.9094
33.6067 0.9046 0.9096
33.6260 0.9047 0.9097
33.6453 0.9049 0.9098
33.6646 0.9050 0.9099
33.6838 0.9051 0.9100
33.7031 0.9052 0.9101
33.7224 0.9054 0.9103
33.7417 0.9055 0.9104
33.7610 0.9056 0.9105
33.7803 0.9057 0.9106
33.7996 0.9059 0.9107
33.8189 0.9060 0.9109
33.8382 0.9061 0.9110
33.8575 0.9062 0.9111
33.8768 0.9064 0.9112
33.8961 0.9065 0.9113
33.9153 0.9066 0.9114
33.9346 0.9067 0.9115
33.9539 0.9068 0.9117
33.9732 0.9070 0.9118
33.9925 0.9071 0.9119
34.0118 0.9072 0.9120
34.0311 0.9073 0.9121
34.0504 0.9074 0.9122
34.0697 0.9076 0.9123
34.0890 0.9077 0.9125
34.1083 0.9078 0.9126
34.1276 0.9079 0.9127
34.1469 0.9080 0.9128
34.1661 0.9082 0.9129
34.1854 0.9083 0.9130
34.2047 0.9084 0.9131
34.2240 0.9085 0.9132
34.2433 0.9086 0.9134
34.2626 0.9088 0.9135
34.2819 0.9089 0.9136
34.3012 0.9090 0.9137
34.3205 0.9091 0.9138
34.3398 0.9092 0.9139
34.3591 0.9093 0.9140
34.3784 0.9095 0.9141
34.3976 0.9096 0.9142
34.4169 0.9097 0.9144
34.4362 0.9098 0.9145
34.4555 0.9099 0.9146
34.4748 0.9100 0.9147
34.4941 0.9102 0.9148
34.5134 0.9103 0.9149
34.5327 0.9104 0.9150
34.5520 0.9105 0.9151
34.5713 0.9106 0.9152
34.5906 0.9107 0.9153
34.6099 0.9108 0.9154
34.6292 0.9110 0.9155
34.6484 0.9111 0.9156
34.6677 0.9112 0.9158
34.6870 0.9113 0.9159
34.7063 0.9114 0.9160
34.7256 0.9115 0.9161
34.7449 0.9116 0.9162
34.7642 0.9117 0.9163
34.7835 0.9119 0.9164
34.8028 0.9120 0.9165
34.8221 0.9121 0.9166
34.8414 0.9122 0.9167
34.8607 0.9123 0.9168
34.8799 0.9124 0.9169
34.8992 0.9125 0.9170
34.9185 0.9126 0.9171
34.9378 0.9127 0.9172
34.9571 0.9129 0.9173
34.9764 0.9130 0.9174
34.9957 0.9131 0.9175
35.0150 0.9132 0.9176
35.0343 0.9133 0.9177
35.0536 0.9134 0.9178
35.0729 0.9135 0.9179
35.0922 0.9136 0.9180
35.1115 0.9137 0.9181
35.1307 0.9138 0.9182
35.1500 0.9139 0.9183
35.1693 0.9140 0.9184
35.1886 0.9142 0.9185
35.2079 0.9143 0.9186
35.2272 0.9144 0.9187
35.2465 0.9145 0.9189
35.2658 0.9146 0.9190
35.2851 0.9147 0.9191
35.3044 0.9148 0.9191
35.3237 0.9149 0.9192
35.3430 0.9150 0.9193
35.3622 0.9151 0.9194
35.3815 0.9152 0.9195
35.4008 0.9153 0.9196
35.4201 0.9154 0.9197
35.4394 0.9155 0.9198
35.4587 0.9156 0.9199
35.4780 0.9157 0.9200
35.4973 0.9158 0.9201
35.5166 0.9159 0.9202
35.5359 0.9160 0.9203
35.5552 0.9161 0.9204
35.5745 0.9163 0.9205
35.5938 0.9164 0.9206
35.6130 0.9165 0.9207
35.6323 0.9166 0.9208
35.6516 0.9167 0.9209
35.6709 0.9168 0.9210
35.6902 0.9169 0.9211
35.7095 0.9170 0.9212
35.7288 0.9171 0.9213
35.7481 0.9172 0.9214
35.7674 0.9173 0.9215
35.7867 0.9174 0.9216
35.8060 0.9175 0.9217
35.8253 0.9176 0.9218
35.8445 0.9177 0.9219
35.8638 0.9178 0.9220
35.8831 0.9179 0.9221
35.9024 0.9180 0.9221
35.9217 0.9181 0.9222
35.9410 0.9182 0.9223
35.9603 0.9183 0.9224
35.9796 0.9184 0.9225
35.9989 0.9185 0.9226
36.0182 0.9186 0.9227
36.0375 0.9187 0.9228
36.0568 0.9188 0.9229
36.0761 0.9189 0.9230
36.0953 0.9190 0.9231
36.1146 0.9191 0.9232
36.1339 0.9191 0.9233
36.1532 0.9192 0.9233
36.1725 0.9193 0.9234
36.1918 0.9194 0.9235
36.2111 0.9195 0.9236
36.2304 0.9196 0.9237
36.2497 0.9197 0.9238
36.2690 0.9198 0.9239
36.2883 0.9199 0.9240
36.3076 0.9200 0.9241
36.3268 0.9201 0.9242
36.3461 0.9202 0.9243
36.3654 0.9203 0.9243
36.3847 0.9204 0.9244
36.4040 0.9205 0.9245
36.4233 0.9206 0.9246
36.4426 0.9207 0.9247
36.4619 0.9208 0.9248
36.4812 0.9209 0.9249
36.5005 0.9210 0.9250
36.5198 0.9211 0.9251
36.5391 0.9212 0.9251
36.5584 0.9212 0.9252
36.5776 0.9213 0.9253
36.5969 0.9214 0.9254
36.6162 0.9215 0.9255
36.6355 0.9216 0.9256
36.6548 0.9217 0.9257
36.6741 0.9218 0.9258
36.6934 0.9219 0.9258
36.7127 0.9220 0.9259
36.7320 0.9221 0.9260
36.7513 0.9222 0.9261
36.7706 0.9223 0.9262
36.7899 0.9224 0.9263
36.8091 0.9224 0.9264
36.8284 0.9225 0.9264
36.8477 0.9226 0.9265
36.8670 0.9227 0.9266
36.8863 0.9228 0.9267
36.9056 0.9229 0.9268
36.9249 0.9230 0.9269
36.9442 0.9231 0.9270
36.9635 0.9232 0.9270
36.9828 0.9233 0.9271
37.0021 0.9233 0.9272
37.0214 0.9234 0.9273
37.0407 0.9235 0.9274
37.0599 0.9236 0.9275
37.0792 0.9237 0.9275
37.0985 0.9238 0.9276
37.1178 0.9239 0.9277
37.1371 0.9240 0.9278
37.1564 0.9241 0.9279
37.1757 0.9241 0.9280
37.1950 0.9242 0.9280
37.2143 0.9243 0.9281
37.2336 0.9244 0.9282
37.2529 0.9245 0.9283
37.2722 0.9246 0.9284
37.2914 0.9247 0.9285
37.3107 0.9248 0.9285
37.3300 0.9248 0.9286
37.3493 0.9249 0.9287
37.3686 0.9250 0.9288
37.3879 0.9251 0.9289
37.4072 0.9252 0.9290
37.4265 0.9253 0.9290
37.4458 0.9254 0.9291
37.4651 0.9254 0.9292
37.4844 0.9255 0.9293
37.5037 0.9256 0.9294
37.5230 0.9257 0.9294
37.5422 0.9258 0.9295
37.5615 0.9259 0.9296
37.5808 0.9260 0.9297
37.6001 0.9260 0.9298
37.6194 0.9261 0.9298
37.6387 0.9262 0.9299
37.6580 0.9263 0.9300
37.6773 0.9264 0.9301
37.6966 0.9265 0.9302
37.7159 0.9265 0.9302
37.7352 0.9266 0.9303
37.7545 0.9267 0.9304
37.7737 0.9268 0.9305
37.7930 0.9269 0.9305
37.8123 0.9270 0.9306
37.8316 0.9270 0.9307
37.8509 0.9271 0.9308
37.8702 0.9272 0.9309
37.8895 0.9273 0.9309
37.9088 0.9274 0.9310
37.9281 0.9275 0.9311
37.9474 0.9275 0.9312
37.9667 0.9276 0.9312
37.9860 0.9277 0.9313
38.0053 0.9278 0.9314
38.0245 0.9279 0.9315
38.0438 0.9279 0.9316
38.0631 0.9280 0.9316
38.0824 0.9281 0.9317
38.1017 0.9282 0.9318
38.1210 0.9283 0.9319
38.1403 0.9283 0.9319
38.1596 0.9284 0.9320
38.1789 0.9285 0.9321
38.1982 0.9286 0.9322
38.2175 0.9287 0.9322
38.2368 0.9287 0.9323
38.2560 0.9288 0.9324
38.2753 0.9289 0.9325
38.2946 0.9290 0.9325
38.3139 0.9291 0.9326
38.3332 0.9291 0.9327
38.3525 0.9292 0.9328
38.3718 0.9293 0.9328
38.3911 0.9294 0.9329
38.4104 0.9295 0.9330
38.4297 0.9295 0.9331
38.4490 0.9296 0.9331
38.4683 0.9297 0.9332
38.4876 0.9298 0.9333
38.5068 0.9298 0.9333
38.5261 0.9299 0.9334
38.5454 0.9300 0.9335
38.5647 0.9301 0.9336
  
  
  
  
  
dim="1">gridpoints</dimension>  
  
  
  
  
  
  
  
  
0.0000 7.2051 3.2562
0.0193 7.2051 3.2562
0.0386 7.1649 3.2375
0.0579 7.0979 3.2072
0.0772 7.0042 3.1666
0.0965 6.8837 3.1172
0.1158 6.7365 3.0610
0.1350 6.5626 3.0000
0.1543 6.3620 2.9360
0.1736 6.1348 2.8710
0.1929 5.8809 2.8065
0.2122 5.6007 2.7438
0.2315 5.2946 2.6837
0.2508 4.9631 2.6265
0.2701 4.6075 2.5721
0.2894 4.2291 2.5200
0.3087 3.8301 2.4693
0.3280 3.4132 2.4189
0.3473 2.9817 2.3674
0.3665 2.5398 2.3136
0.3858 2.0922 2.2562
0.4051 1.6441 2.1941
0.4244 1.2012 2.1266
0.4437 0.7694 2.0531
0.4630 0.3548 1.9736
0.4823 -0.0370 1.8885
0.5016 -0.4006 1.7985
0.5209 -0.7315 1.7047
0.5402 -1.0259 1.6085
0.5595 -1.2809 1.5116
0.5788 -1.4948 1.4158
0.5981 -1.6670 1.3228
0.6173 -1.7979 1.2346
0.6366 -1.8886 1.1528
0.6559 -1.9414 1.0788
0.6752 -1.9590 1.0140
0.6945 -1.9445 0.9592
0.7138 -1.9014 0.9151
0.7331 -1.8334 0.8817
0.7524 -1.7442 0.8591
0.7717 -1.6372 0.8468
0.7910 -1.5159 0.8442
0.8103 -1.3837 0.8503
0.8296 -1.2435 0.8643
0.8488 -1.0983 0.8849
0.8681 -0.9506 0.9111
0.8874 -0.8028 0.9418
0.9067 -0.6570 0.9759
0.9260 -0.5152 1.0124
0.9453 -0.3790 1.0505
0.9646 -0.2496 1.0894
0.9839 -0.1280 1.1284
1.0032 -0.0149 1.1667
1.0225 0.0895 1.2038
1.0418 0.1849 1.2391
1.0611 0.2718 1.2719
1.0804 0.3504 1.3016
1.0996 0.4215 1.3276
1.1189 0.4857 1.3492
1.1382 0.5436 1.3660
1.1575 0.5961 1.3775
1.1768 0.6437 1.3831
1.1961 0.6869 1.3827
1.2154 0.7260 1.3763
1.2347 0.7612 1.3638
1.2540 0.7926 1.3456
1.2733 0.8202 1.3221
1.2926 0.8439 1.2942
1.3119 0.8637 1.2626
1.3311 0.8795 1.2283
1.3504 0.8915 1.1926
1.3697 0.8997 1.1565
1.3890 0.9044 1.1212
1.4083 0.9061 1.0878
1.4276 0.9052 1.0576
1.4469 0.9023 1.0313
1.4662 0.8981 1.0099
1.4855 0.8931 0.9940
1.5048 0.8881 0.9842
1.5241 0.8837 0.9806
1.5434 0.8804 0.9836
1.5627 0.8786 0.9930
1.5819 0.8788 1.0088
1.6012 0.8813 1.0305
1.6205 0.8862 1.0578
1.6398 0.8937 1.0902
1.6591 0.9039 1.1267
1.6784 0.9168 1.1668
1.6977 0.9324 1.2096
1.7170 0.9507 1.2540
1.7363 0.9716 1.2992
1.7556 0.9948 1.3442
1.7749 1.0203 1.3880
1.7942 1.0477 1.4298
1.8134 1.0769 1.4688
1.8327 1.1075 1.5044
1.8520 1.1391 1.5360
1.8713 1.1715 1.5633
1.8906 1.2042 1.5861
1.9099 1.2367 1.6046
1.9292 1.2687 1.6187
1.9485 1.2998 1.6289
1.9678 1.3295 1.6355
1.9871 1.3573 1.6390
2.0064 1.3830 1.6399
2.0257 1.4061 1.6386
2.0450 1.4262 1.6355
2.0642 1.4432 1.6310
2.0835 1.4566 1.6252
2.1028 1.4664 1.6181
2.1221 1.4723 1.6096
2.1414 1.4742 1.5996
2.1607 1.4720 1.5876
2.1800 1.4659 1.5733
2.1993 1.4558 1.5562
2.2186 1.4420 1.5360
2.2379 1.4246 1.5122
2.2572 1.4040 1.4845
2.2765 1.3803 1.4529
2.2957 1.3540 1.4173
2.3150 1.3253 1.3779
2.3343 1.2945 1.3350
2.3536 1.2618 1.2889
2.3729 1.2275 1.2403
2.3922 1.1915 1.1898
2.4115 1.1540 1.1381
2.4308 1.1147 1.0858
2.4501 1.0735 1.0338
2.4694 1.0303 0.9827
2.4887 0.9848 0.9331
2.5080 0.9367 0.8857
2.5273 0.8861 0.8408
2.5465 0.8328 0.7990
2.5658 0.7770 0.7605
2.5851 0.7191 0.7256
2.6044 0.6594 0.6945
2.6237 0.5986 0.6671
2.6430 0.5376 0.6434
2.6623 0.4773 0.6234
2.6816 0.4186 0.6067
2.7009 0.3627 0.5932
2.7202 0.3104 0.5824
2.7395 0.2627 0.5740
2.7588 0.2202 0.5676
2.7780 0.1834 0.5626
2.7973 0.1528 0.5585
2.8166 0.1284 0.5549
2.8359 0.1100 0.5512
2.8552 0.0974 0.5471
2.8745 0.0901 0.5420
2.8938 0.0876 0.5355
2.9131 0.0891 0.5274
2.9324 0.0940 0.5173
2.9517 0.1015 0.5050
2.9710 0.1111 0.4905
2.9903 0.1221 0.4735
3.0096 0.1340 0.4542
3.0288 0.1462 0.4326
3.0481 0.1585 0.4089
3.0674 0.1705 0.3835
3.0867 0.1821 0.3567
3.1060 0.1931 0.3290
3.1253 0.2034 0.3008
3.1446 0.2129 0.2727
3.1639 0.2216 0.2455
3.1832 0.2295 0.2195
3.2025 0.2365 0.1955
3.2218 0.2426 0.1740
3.2411 0.2477 0.1554
3.2603 0.2519 0.1402
3.2796 0.2549 0.1286
3.2989 0.2567 0.1207
3.3182 0.2574 0.1166
3.3375 0.2568 0.1163
3.3568 0.2549 0.1194
3.3761 0.2520 0.1258
3.3954 0.2479 0.1351
3.4147 0.2430 0.1468
3.4340 0.2374 0.1606
3.4533 0.2315 0.1759
3.4726 0.2254 0.1922
3.4919 0.2195 0.2091
3.5111 0.2142 0.2261
3.5304 0.2097 0.2428
3.5497 0.2062 0.2585
3.5690 0.2040 0.2730
3.5883 0.2033 0.2856
3.6076 0.2039 0.2961
3.6269 0.2060 0.3040
3.6462 0.2095 0.3090
3.6655 0.2142 0.3106
3.6848 0.2198 0.3086
3.7041 0.2262 0.3028
3.7234 0.2329 0.2932
3.7426 0.2398 0.2797
3.7619 0.2466 0.2624
3.7812 0.2529 0.2417
3.8005 0.2584 0.2178
3.8198 0.2630 0.1915
3.8391 0.2665 0.1631
3.8584 0.2686 0.1336
3.8777 0.2693 0.1036
3.8970 0.2684 0.0738
3.9163 0.2658 0.0451
3.9356 0.2617 0.0182
3.9549 0.2558 -0.0062
3.9742 0.2482 -0.0278
3.9934 0.2390 -0.0460
4.0127 0.2281 -0.0605
4.0320 0.2158 -0.0711
4.0513 0.2021 -0.0779
4.0706 0.1871 -0.0809
4.0899 0.1710 -0.0802
4.1092 0.1541 -0.0760
4.1285 0.1365 -0.0687
4.1478 0.1185 -0.0587
4.1671 0.1003 -0.0463
4.1864 0.0822 -0.0320
4.2057 0.0644 -0.0164
4.2249 0.0471 0.0001
4.2442 0.0305 0.0168
4.2635 0.0147 0.0332
4.2828 -0.0003 0.0485
4.3021 -0.0144 0.0622
4.3214 -0.0277 0.0735
4.3407 -0.0401 0.0820
4.3600 -0.0517 0.0870
4.3793 -0.0627 0.0881
4.3986 -0.0731 0.0850
4.4179 -0.0830 0.0775
4.4372 -0.0923 0.0656
4.4565 -0.1012 0.0496
4.4757 -0.1096 0.0297
4.4950 -0.1174 0.0067
4.5143 -0.1246 -0.0189
4.5336 -0.1309 -0.0460
4.5529 -0.1362 -0.0738
4.5722 -0.1404 -0.1014
4.5915 -0.1432 -0.1276
4.6108 -0.1445 -0.1517
4.6301 -0.1442 -0.1729
4.6494 -0.1422 -0.1905
4.6687 -0.1383 -0.2042
4.6880 -0.1326 -0.2136
4.7072 -0.1251 -0.2187
4.7265 -0.1159 -0.2195
4.7458 -0.1053 -0.2163
4.7651 -0.0933 -0.2095
4.7844 -0.0801 -0.1994
4.8037 -0.0662 -0.1865
4.8230 -0.0517 -0.1715
4.8423 -0.0368 -0.1547
4.8616 -0.0220 -0.1368
4.8809 -0.0074 -0.1181
4.9002 0.0068 -0.0990
4.9195 0.0203 -0.0799
4.9388 0.0330 -0.0612
4.9580 0.0447 -0.0430
4.9773 0.0554 -0.0256
4.9966 0.0650 -0.0091
5.0159 0.0735 0.0064
5.0352 0.0810 0.0207
5.0545 0.0873 0.0339
5.0738 0.0927 0.0458
5.0931 0.0971 0.0564
5.1124 0.1006 0.0656
5.1317 0.1033 0.0733
5.1510 0.1053 0.0796
5.1703 0.1067 0.0844
5.1895 0.1075 0.0877
5.2088 0.1078 0.0894
5.2281 0.1077 0.0896
5.2474 0.1072 0.0884
5.2667 0.1064 0.0858
5.2860 0.1055 0.0819
5.3053 0.1044 0.0771
5.3246 0.1034 0.0716
5.3439 0.1024 0.0657
5.3632 0.1015 0.0596
5.3825 0.1009 0.0539
5.4018 0.1006 0.0487
5.4211 0.1007 0.0445
5.4403 0.1012 0.0416
5.4596 0.1022 0.0402
5.4789 0.1037 0.0405
5.4982 0.1058 0.0426
5.5175 0.1083 0.0465
5.5368 0.1113 0.0522
5.5561 0.1148 0.0596
5.5754 0.1186 0.0684
5.5947 0.1227 0.0786
5.6140 0.1270 0.0897
5.6333 0.1314 0.1016
5.6526 0.1359 0.1139
5.6719 0.1404 0.1265
5.6911 0.1448 0.1392
5.7104 0.1492 0.1516
5.7297 0.1534 0.1638
5.7490 0.1576 0.1755
5.7683 0.1617 0.1869
5.7876 0.1657 0.1978
5.8069 0.1698 0.2082
5.8262 0.1739 0.2184
5.8455 0.1781 0.2283
5.8648 0.1825 0.2380
5.8841 0.1872 0.2477
5.9034 0.1922 0.2575
5.9226 0.1976 0.2675
5.9419 0.2033 0.2777
5.9612 0.2095 0.2881
5.9805 0.2162 0.2989
5.9998 0.2233 0.3100
6.0191 0.2309 0.3213
6.0384 0.2389 0.3328
6.0577 0.2472 0.3443
6.0770 0.2559 0.3557
6.0963 0.2649 0.3670
6.1156 0.2741 0.3779
6.1349 0.2833 0.3884
6.1542 0.2926 0.3983
6.1734 0.3019 0.4076
6.1927 0.3111 0.4161
6.2120 0.3201 0.4239
6.2313 0.3289 0.4308
6.2506 0.3376 0.4370
6.2699 0.3460 0.4425
6.2892 0.3542 0.4472
6.3085 0.3622 0.4511
6.3278 0.3699 0.4544
6.3471 0.3775 0.4570
6.3664 0.3849 0.4589
6.3857 0.3921 0.4600
6.4049 0.3992 0.4603
6.4242 0.4060 0.4597
6.4435 0.4126 0.4582
6.4628 0.4190 0.4556
6.4821 0.4252 0.4519
6.5014 0.4310 0.4471
6.5207 0.4365 0.4412
6.5400 0.4416 0.4343
6.5593 0.4463 0.4264
6.5786 0.4506 0.4178
6.5979 0.4545 0.4086
6.6172 0.4579 0.3992
6.6365 0.4610 0.3898
6.6557 0.4637 0.3807
6.6750 0.4661 0.3723
6.6943 0.4682 0.3647
6.7136 0.4702 0.3584
6.7329 0.4720 0.3534
6.7522 0.4739 0.3499
6.7715 0.4757 0.3480
6.7908 0.4777 0.3476
6.8101 0.4798 0.3488
6.8294 0.4822 0.3514
6.8487 0.4847 0.3552
6.8680 0.4876 0.3601
6.8872 0.4907 0.3659
6.9065 0.4941 0.3722
6.9258 0.4977 0.3790
6.9451 0.5016 0.3860
6.9644 0.5057 0.3929
6.9837 0.5101 0.3998
7.0030 0.5147 0.4064
7.0223 0.5194 0.4126
7.0416 0.5243 0.4183
7.0609 0.5294 0.4236
7.0802 0.5346 0.4283
7.0995 0.5399 0.4325
7.1188 0.5454 0.4361
7.1380 0.5509 0.4393
7.1573 0.5565 0.4420
7.1766 0.5621 0.4442
7.1959 0.5678 0.4460
7.2152 0.5736 0.4475
7.2345 0.5793 0.4487
7.2538 0.5851 0.4497
7.2731 0.5909 0.4505
7.2924 0.5967 0.4512
7.3117 0.6025 0.4518
7.3310 0.6083 0.4524
7.3503 0.6141 0.4530
7.3695 0.6199 0.4537
7.3888 0.6257 0.4544
7.4081 0.6315 0.4553
7.4274 0.6374 0.4563
7.4467 0.6433 0.4574
7.4660 0.6491 0.4586
7.4853 0.6551 0.4599
7.5046 0.6610 0.4614
7.5239 0.6669 0.4630
7.5432 0.6728 0.4647
7.5625 0.6787 0.4665
7.5818 0.6846 0.4684
7.6011 0.6904 0.4704
7.6203 0.6961 0.4724
7.6396 0.7018 0.4746
7.6589 0.7073 0.4767
7.6782 0.7128 0.4790
7.6975 0.7182 0.4812
7.7168 0.7235 0.4835
7.7361 0.7287 0.4859
7.7554 0.7339 0.4882
7.7747 0.7389 0.4905
7.7940 0.7439 0.4928
7.8133 0.7488 0.4951
7.8326 0.7537 0.4973
7.8518 0.7585 0.4995
7.8711 0.7633 0.5017
7.8904 0.7681 0.5038
7.9097 0.7728 0.5059
7.9290 0.7775 0.5080
7.9483 0.7820 0.5100
7.9676 0.7865 0.5120
7.9869 0.7909 0.5141
8.0062 0.7952 0.5163
8.0255 0.7993 0.5185
8.0448 0.8032 0.5208
8.0641 0.8070 0.5233
8.0834 0.8105 0.5260
8.1026 0.8138 0.5289
8.1219 0.8169 0.5321
8.1412 0.8198 0.5355
8.1605 0.8225 0.5392
8.1798 0.8250 0.5432
8.1991 0.8273 0.5474
8.2184 0.8295 0.5520
8.2377 0.8315 0.5567
8.2570 0.8334 0.5617
8.2763 0.8353 0.5668
8.2956 0.8371 0.5721
8.3149 0.8390 0.5774
8.3341 0.8409 0.5828
8.3534 0.8428 0.5881
8.3727 0.8448 0.5933
8.3920 0.8470 0.5984
8.4113 0.8492 0.6034
8.4306 0.8515 0.6082
8.4499 0.8540 0.6128
8.4692 0.8565 0.6171
8.4885 0.8591 0.6214
8.5078 0.8618 0.6254
8.5271 0.8645 0.6293
8.5464 0.8672 0.6330
8.5657 0.8699 0.6367
8.5849 0.8726 0.6402
8.6042 0.8753 0.6437
8.6235 0.8780 0.6472
8.6428 0.8807 0.6507
8.6621 0.8833 0.6543
8.6814 0.8860 0.6578
8.7007 0.8886 0.6614
8.7200 0.8913 0.6650
8.7393 0.8940 0.6686
8.7586 0.8967 0.6722
8.7779 0.8995 0.6758
8.7972 0.9024 0.6794
8.8164 0.9053 0.6830
8.8357 0.9083 0.6865
8.8550 0.9114 0.6899
8.8743 0.9145 0.6932
8.8936 0.9176 0.6964
8.9129 0.9208 0.6995
8.9322 0.9241 0.7024
8.9515 0.9274 0.7052
8.9708 0.9307 0.7079
8.9901 0.9340 0.7105
9.0094 0.9374 0.7130
9.0287 0.9408 0.7154
9.0480 0.9442 0.7178
9.0672 0.9476 0.7201
9.0865 0.9510 0.7225
9.1058 0.9544 0.7249
9.1251 0.9577 0.7273
9.1444 0.9610 0.7298
9.1637 0.9642 0.7324
9.1830 0.9673 0.7351
9.2023 0.9702 0.7378
9.2216 0.9730 0.7405
9.2409 0.9756 0.7433
9.2602 0.9779 0.7461
9.2795 0.9801 0.7490
9.2987 0.9821 0.7518
9.3180 0.9839 0.7546
9.3373 0.9854 0.7574
9.3566 0.9868 0.7602
9.3759 0.9881 0.7629
9.3952 0.9892 0.7655
9.4145 0.9902 0.7682
9.4338 0.9911 0.7708
9.4531 0.9920 0.7734
9.4724 0.9928 0.7759
9.4917 0.9937 0.7785
9.5110 0.9946 0.7810
9.5303 0.9955 0.7836
9.5495 0.9964 0.7862
9.5688 0.9973 0.7888
9.5881 0.9982 0.7914
9.6074 0.9991 0.7941
9.6267 1.0000 0.7968
9.6460 1.0008 0.7995
9.6653 1.0016 0.8022
9.6846 1.0023 0.8050
9.7039 1.0029 0.8078
9.7232 1.0034 0.8107
9.7425 1.0039 0.8136
9.7618 1.0043 0.8165
9.7810 1.0046 0.8196
9.8003 1.0050 0.8227
9.8196 1.0053 0.8258
9.8389 1.0057 0.8291
9.8582 1.0061 0.8325
9.8775 1.0066 0.8361
9.8968 1.0073 0.8398
9.9161 1.0081 0.8436
9.9354 1.0091 0.8476
9.9547 1.0103 0.8517
9.9740 1.0117 0.8560
9.9933 1.0134 0.8605
10.0126 1.0153 0.8650
10.0318 1.0174 0.8697
10.0511 1.0198 0.8745
10.0704 1.0224 0.8794
10.0897 1.0252 0.8843
10.1090 1.0281 0.8892
10.1283 1.0312 0.8941
10.1476 1.0345 0.8989
10.1669 1.0378 0.9036
10.1862 1.0412 0.9082
10.2055 1.0447 0.9126
10.2248 1.0482 0.9168
10.2441 1.0517 0.9207
10.2633 1.0552 0.9244
10.2826 1.0587 0.9277
10.3019 1.0622 0.9308
10.3212 1.0657 0.9335
10.3405 1.0691 0.9358
10.3598 1.0725 0.9378
10.3791 1.0759 0.9394
10.3984 1.0793 0.9407
10.4177 1.0826 0.9417
10.4370 1.0859 0.9423
10.4563 1.0892 0.9426
10.4756 1.0924 0.9427
10.4949 1.0957 0.9425
10.5141 1.0990 0.9422
10.5334 1.1023 0.9417
10.5527 1.1056 0.9411
10.5720 1.1090 0.9406
10.5913 1.1125 0.9400
10.6106 1.1160 0.9394
10.6299 1.1196 0.9390
10.6492 1.1233 0.9388
10.6685 1.1269 0.9387
10.6878 1.1306 0.9388
10.7071 1.1343 0.9391
10.7264 1.1380 0.9397
10.7456 1.1417 0.9406
10.7649 1.1453 0.9417
10.7842 1.1488 0.9431
10.8035 1.1523 0.9447
10.8228 1.1557 0.9466
10.8421 1.1591 0.9488
10.8614 1.1624 0.9512
10.8807 1.1657 0.9539
10.9000 1.1690 0.9568
10.9193 1.1723 0.9599
10.9386 1.1757 0.9633
10.9579 1.1791 0.9669
10.9772 1.1825 0.9708
10.9964 1.1859 0.9748
11.0157 1.1894 0.9789
11.0350 1.1928 0.9833
11.0543 1.1962 0.9877
11.0736 1.1996 0.9923
11.0929 1.2029 0.9969
11.1122 1.2061 1.0016
11.1315 1.2091 1.0063
11.1508 1.2120 1.0109
11.1701 1.2147 1.0155
11.1894 1.2172 1.0201
11.2087 1.2194 1.0245
11.2279 1.2214 1.0288
11.2472 1.2232 1.0330
11.2665 1.2247 1.0370
11.2858 1.2259 1.0409
11.3051 1.2270 1.0446
11.3244 1.2278 1.0481
11.3437 1.2284 1.0516
11.3630 1.2288 1.0549
11.3823 1.2289 1.0581
11.4016 1.2289 1.0613
11.4209 1.2287 1.0645
11.4402 1.2283 1.0676
11.4595 1.2276 1.0708
11.4787 1.2268 1.0740
11.4980 1.2257 1.0772
11.5173 1.2243 1.0804
11.5366 1.2227 1.0836
11.5559 1.2208 1.0869
11.5752 1.2186 1.0901
11.5945 1.2160 1.0933
11.6138 1.2131 1.0964
11.6331 1.2099 1.0994
11.6524 1.2063 1.1022
11.6717 1.2023 1.1049
11.6910 1.1979 1.1075
11.7102 1.1932 1.1098
11.7295 1.1882 1.1120
11.7488 1.1829 1.1140
11.7681 1.1773 1.1159
11.7874 1.1714 1.1176
11.8067 1.1654 1.1191
11.8260 1.1593 1.1206
11.8453 1.1531 1.1219
11.8646 1.1469 1.1232
11.8839 1.1407 1.1244
11.9032 1.1347 1.1256
11.9225 1.1288 1.1267
11.9418 1.1232 1.1278
11.9610 1.1179 1.1287
11.9803 1.1129 1.1296
11.9996 1.1082 1.1304
12.0189 1.1039 1.1311
12.0382 1.1000 1.1316
12.0575 1.0965 1.1318
12.0768 1.0933 1.1319
12.0961 1.0905 1.1316
12.1154 1.0880 1.1311
12.1347 1.0858 1.1303
12.1540 1.0837 1.1291
12.1733 1.0819 1.1276
12.1925 1.0802 1.1257
12.2118 1.0786 1.1235
12.2311 1.0771 1.1209
12.2504 1.0755 1.1180
12.2697 1.0740 1.1147
12.2890 1.0725 1.1112
12.3083 1.0710 1.1074
12.3276 1.0694 1.1033
12.3469 1.0677 1.0991
12.3662 1.0660 1.0947
12.3855 1.0642 1.0901
12.4048 1.0624 1.0855
12.4241 1.0605 1.0807
12.4433 1.0586 1.0760
12.4626 1.0565 1.0712
12.4819 1.0544 1.0663
12.5012 1.0521 1.0615
12.5205 1.0497 1.0567
12.5398 1.0472 1.0520
12.5591 1.0445 1.0472
12.5784 1.0416 1.0425
12.5977 1.0384 1.0377
12.6170 1.0351 1.0330
12.6363 1.0315 1.0283
12.6556 1.0277 1.0236
12.6748 1.0236 1.0189
12.6941 1.0193 1.0142
12.7134 1.0147 1.0095
12.7327 1.0098 1.0049
12.7520 1.0047 1.0003
12.7713 0.9994 0.9957
12.7906 0.9939 0.9911
12.8099 0.9881 0.9866
12.8292 0.9821 0.9821
12.8485 0.9759 0.9776
12.8678 0.9695 0.9732
12.8871 0.9629 0.9686
12.9064 0.9560 0.9641
12.9256 0.9489 0.9595
12.9449 0.9416 0.9547
12.9642 0.9340 0.9498
12.9835 0.9261 0.9448
13.0028 0.9180 0.9395
13.0221 0.9096 0.9341
13.0414 0.9009 0.9283
13.0607 0.8920 0.9224
13.0800 0.8828 0.9162
13.0993 0.8734 0.9097
13.1186 0.8638 0.9030
13.1379 0.8540 0.8961
13.1571 0.8441 0.8889
13.1764 0.8341 0.8815
13.1957 0.8240 0.8739
13.2150 0.8140 0.8661
13.2343 0.8040 0.8581
13.2536 0.7940 0.8499
13.2729 0.7842 0.8415
13.2922 0.7746 0.8329
13.3115 0.7653 0.8241
13.3308 0.7561 0.8152
13.3501 0.7473 0.8061
13.3694 0.7389 0.7969
13.3887 0.7308 0.7875
13.4079 0.7231 0.7780
13.4272 0.7158 0.7685
13.4465 0.7089 0.7589
13.4658 0.7025 0.7493
13.4851 0.6965 0.7398
13.5044 0.6910 0.7304
13.5237 0.6858 0.7211
13.5430 0.6811 0.7120
13.5623 0.6767 0.7031
13.5816 0.6727 0.6945
13.6009 0.6689 0.6863
13.6202 0.6654 0.6783
13.6394 0.6620 0.6708
13.6587 0.6587 0.6636
13.6780 0.6555 0.6568
13.6973 0.6522 0.6505
13.7166 0.6487 0.6445
13.7359 0.6451 0.6388
13.7552 0.6412 0.6334
13.7745 0.6370 0.6283
13.7938 0.6325 0.6234
13.8131 0.6276 0.6186
13.8324 0.6224 0.6138
13.8517 0.6168 0.6090
13.8710 0.6109 0.6041
13.8902 0.6046 0.5990
13.9095 0.5980 0.5937
13.9288 0.5912 0.5880
13.9481 0.5841 0.5821
13.9674 0.5768 0.5758
13.9867 0.5693 0.5691
14.0060 0.5617 0.5620
14.0253 0.5539 0.5546
14.0446 0.5459 0.5468
14.0639 0.5379 0.5388
14.0832 0.5297 0.5307
14.1025 0.5214 0.5223
14.1217 0.5131 0.5140
14.1410 0.5046 0.5056
14.1603 0.4961 0.4974
14.1796 0.4875 0.4893
14.1989 0.4790 0.4815
14.2182 0.4704 0.4740
14.2375 0.4619 0.4668
14.2568 0.4535 0.4599
14.2761 0.4453 0.4535
14.2954 0.4372 0.4474
14.3147 0.4293 0.4416
14.3340 0.4217 0.4362
14.3533 0.4144 0.4311
14.3725 0.4074 0.4262
14.3918 0.4007 0.4216
14.4111 0.3944 0.4171
14.4304 0.3883 0.4128
14.4497 0.3826 0.4085
14.4690 0.3771 0.4043
14.4883 0.3719 0.4000
14.5076 0.3669 0.3958
14.5269 0.3621 0.3916
14.5462 0.3574 0.3874
14.5655 0.3528 0.3832
14.5848 0.3484 0.3790
14.6040 0.3439 0.3749
14.6233 0.3395 0.3708
14.6426 0.3351 0.3667
14.6619 0.3307 0.3628
14.6812 0.3263 0.3589
14.7005 0.3219 0.3552
14.7198 0.3174 0.3515
14.7391 0.3129 0.3479
14.7584 0.3083 0.3443
14.7777 0.3037 0.3408
14.7970 0.2992 0.3374
14.8163 0.2946 0.3339
14.8356 0.2900 0.3303
14.8548 0.2854 0.3267
14.8741 0.2809 0.3230
14.8934 0.2764 0.3192
14.9127 0.2719 0.3153
14.9320 0.2676 0.3113
14.9513 0.2634 0.3071
14.9706 0.2593 0.3029
14.9899 0.2553 0.2986
15.0092 0.2515 0.2944
15.0285 0.2478 0.2901
15.0478 0.2444 0.2858
15.0671 0.2411 0.2817
15.0863 0.2380 0.2777
15.1056 0.2351 0.2739
15.1249 0.2324 0.2703
15.1442 0.2300 0.2670
15.1635 0.2277 0.2639
15.1828 0.2257 0.2612
15.2021 0.2239 0.2587
15.2214 0.2223 0.2567
15.2407 0.2210 0.2549
15.2600 0.2198 0.2536
15.2793 0.2189 0.2525
15.2986 0.2182 0.2518
15.3179 0.2177 0.2514
15.3371 0.2173 0.2512
15.3564 0.2172 0.2514
15.3757 0.2172 0.2517
15.3950 0.2173 0.2523
15.4143 0.2176 0.2530
15.4336 0.2179 0.2539
15.4529 0.2184 0.2549
15.4722 0.2189 0.2560
15.4915 0.2195 0.2573
15.5108 0.2201 0.2585
15.5301 0.2207 0.2599
15.5494 0.2214 0.2612
15.5686 0.2220 0.2626
15.5879 0.2227 0.2641
15.6072 0.2233 0.2655
15.6265 0.2240 0.2670
15.6458 0.2247 0.2685
15.6651 0.2254 0.2700
15.6844 0.2261 0.2715
15.7037 0.2268 0.2731
15.7230 0.2276 0.2747
15.7423 0.2285 0.2764
15.7616 0.2294 0.2780
15.7809 0.2304 0.2797
15.8002 0.2314 0.2815
15.8194 0.2326 0.2832
15.8387 0.2339 0.2850
15.8580 0.2352 0.2867
15.8773 0.2367 0.2885
15.8966 0.2383 0.2902
15.9159 0.2400 0.2919
15.9352 0.2417 0.2935
15.9545 0.2436 0.2951
15.9738 0.2455 0.2966
15.9931 0.2476 0.2980
16.0124 0.2496 0.2994
16.0317 0.2518 0.3007
16.0509 0.2539 0.3019
16.0702 0.2561 0.3031
16.0895 0.2583 0.3042
16.1088 0.2605 0.3053
16.1281 0.2626 0.3064
16.1474 0.2647 0.3075
16.1667 0.2668 0.3086
16.1860 0.2687 0.3098
16.2053 0.2706 0.3110
16.2246 0.2725 0.3123
16.2439 0.2742 0.3136
16.2632 0.2759 0.3151
16.2825 0.2776 0.3167
16.3017 0.2792 0.3184
16.3210 0.2808 0.3202
16.3403 0.2823 0.3221
16.3596 0.2839 0.3241
16.3789 0.2854 0.3263
16.3982 0.2870 0.3285
16.4175 0.2886 0.3308
16.4368 0.2902 0.3332
16.4561 0.2919 0.3356
16.4754 0.2935 0.3381
16.4947 0.2952 0.3407
16.5140 0.2970 0.3432
16.5333 0.2987 0.3458
16.5525 0.3005 0.3484
16.5718 0.3023 0.3510
16.5911 0.3041 0.3535
16.6104 0.3058 0.3561
16.6297 0.3076 0.3586
16.6490 0.3094 0.3610
16.6683 0.3112 0.3634
16.6876 0.3129 0.3657
16.7069 0.3147 0.3680
16.7262 0.3164 0.3702
16.7455 0.3182 0.3724
16.7648 0.3199 0.3744
16.7840 0.3216 0.3764
16.8033 0.3233 0.3783
16.8226 0.3250 0.3802
16.8419 0.3267 0.3820
16.8612 0.3284 0.3838
16.8805 0.3301 0.3855
16.8998 0.3318 0.3871
16.9191 0.3335 0.3888
16.9384 0.3352 0.3904
16.9577 0.3370 0.3920
16.9770 0.3387 0.3936
16.9963 0.3405 0.3952
17.0156 0.3423 0.3968
17.0348 0.3441 0.3984
17.0541 0.3460 0.4000
17.0734 0.3479 0.4016
17.0927 0.3499 0.4032
17.1120 0.3519 0.4048
17.1313 0.3539 0.4064
17.1506 0.3560 0.4081
17.1699 0.3582 0.4097
17.1892 0.3603 0.4113
17.2085 0.3625 0.4130
17.2278 0.3648 0.4146
17.2471 0.3670 0.4163
17.2663 0.3692 0.4179
17.2856 0.3715 0.4196
17.3049 0.3737 0.4213
17.3242 0.3759 0.4229
17.3435 0.3780 0.4246
17.3628 0.3802 0.4263
17.3821 0.3823 0.4280
17.4014 0.3843 0.4297
17.4207 0.3864 0.4314
17.4400 0.3884 0.4331
17.4593 0.3903 0.4348
17.4786 0.3923 0.4366
17.4979 0.3942 0.4384
17.5171 0.3961 0.4402
17.5364 0.3981 0.4420
17.5557 0.4000 0.4438
17.5750 0.4019 0.4457
17.5943 0.4039 0.4476
17.6136 0.4058 0.4495
17.6329 0.4078 0.4514
17.6522 0.4098 0.4533
17.6715 0.4117 0.4553
17.6908 0.4137 0.4572
17.7101 0.4157 0.4592
17.7294 0.4177 0.4611
17.7486 0.4197 0.4630
17.7679 0.4216 0.4650
17.7872 0.4236 0.4669
17.8065 0.4255 0.4688
17.8258 0.4274 0.4707
17.8451 0.4292 0.4726
17.8644 0.4310 0.4744
17.8837 0.4328 0.4763
17.9030 0.4346 0.4781
17.9223 0.4363 0.4800
17.9416 0.4380 0.4818
17.9609 0.4396 0.4836
17.9802 0.4413 0.4854
17.9994 0.4429 0.4872
18.0187 0.4446 0.4890
18.0380 0.4462 0.4908
18.0573 0.4478 0.4925
18.0766 0.4495 0.4943
18.0959 0.4511 0.4961
18.1152 0.4528 0.4980
18.1345 0.4545 0.4998
18.1538 0.4562 0.5016
18.1731 0.4579 0.5034
18.1924 0.4597 0.5052
18.2117 0.4614 0.5071
18.2309 0.4632 0.5089
18.2502 0.4650 0.5108
18.2695 0.4668 0.5126
18.2888 0.4686 0.5144
18.3081 0.4704 0.5163
18.3274 0.4722 0.5181
18.3467 0.4740 0.5199
18.3660 0.4758 0.5217
18.3853 0.4777 0.5236
18.4046 0.4795 0.5254
18.4239 0.4813 0.5271
18.4432 0.4831 0.5289
18.4625 0.4849 0.5307
18.4817 0.4867 0.5324
18.5010 0.4884 0.5341
18.5203 0.4902 0.5358
18.5396 0.4920 0.5375
18.5589 0.4937 0.5392
18.5782 0.4954 0.5409
18.5975 0.4972 0.5425
18.6168 0.4989 0.5442
18.6361 0.5006 0.5458
18.6554 0.5022 0.5474
18.6747 0.5039 0.5490
18.6940 0.5056 0.5505
18.7132 0.5072 0.5521
18.7325 0.5089 0.5537
18.7518 0.5105 0.5552
18.7711 0.5122 0.5567
18.7904 0.5138 0.5582
18.8097 0.5154 0.5598
18.8290 0.5171 0.5613
18.8483 0.5187 0.5627
18.8676 0.5204 0.5642
18.8869 0.5220 0.5657
18.9062 0.5237 0.5672
18.9255 0.5253 0.5687
18.9448 0.5270 0.5701
18.9640 0.5286 0.5716
18.9833 0.5303 0.5731
19.0026 0.5319 0.5745
19.0219 0.5335 0.5760
19.0412 0.5352 0.5774
19.0605 0.5368 0.5789
19.0798 0.5384 0.5803
19.0991 0.5400 0.5818
19.1184 0.5415 0.5832
19.1377 0.5431 0.5847
19.1570 0.5446 0.5861
19.1763 0.5461 0.5876
19.1955 0.5477 0.5890
19.2148 0.5492 0.5905
19.2341 0.5507 0.5920
19.2534 0.5522 0.5934
19.2727 0.5537 0.5949
19.2920 0.5552 0.5963
19.3113 0.5567 0.5977
19.3306 0.5581 0.5992
19.3499 0.5596 0.6006
19.3692 0.5611 0.6020
19.3885 0.5627 0.6034
19.4078 0.5642 0.6048
19.4271 0.5657 0.6062
19.4463 0.5672 0.6076
19.4656 0.5687 0.6090
19.4849 0.5703 0.6104
19.5042 0.5718 0.6117
19.5235 0.5733 0.6131
19.5428 0.5749 0.6144
19.5621 0.5764 0.6157
19.5814 0.5780 0.6170
19.6007 0.5796 0.6183
19.6200 0.5811 0.6196
19.6393 0.5827 0.6209
19.6586 0.5842 0.6222
19.6778 0.5858 0.6235
19.6971 0.5873 0.6247
19.7164 0.5889 0.6260
19.7357 0.5904 0.6272
19.7550 0.5919 0.6285
19.7743 0.5935 0.6297
19.7936 0.5950 0.6310
19.8129 0.5965 0.6322
19.8322 0.5980 0.6334
19.8515 0.5995 0.6347
19.8708 0.6009 0.6359
19.8901 0.6024 0.6371
19.9094 0.6038 0.6383
19.9286 0.6053 0.6395
19.9479 0.6067 0.6406
19.9672 0.6081 0.6418
19.9865 0.6095 0.6430
20.0058 0.6109 0.6441
20.0251 0.6123 0.6453
20.0444 0.6137 0.6464
20.0637 0.6151 0.6476
20.0830 0.6164 0.6487
20.1023 0.6177 0.6498
20.1216 0.6191 0.6509
20.1409 0.6204 0.6520
20.1601 0.6217 0.6531
20.1794 0.6230 0.6541
20.1987 0.6242 0.6552
20.2180 0.6255 0.6563
20.2373 0.6267 0.6574
20.2566 0.6280 0.6585
20.2759 0.6292 0.6595
20.2952 0.6304 0.6606
20.3145 0.6316 0.6617
20.3338 0.6328 0.6627
20.3531 0.6340 0.6638
20.3724 0.6352 0.6649
20.3917 0.6364 0.6660
20.4109 0.6375 0.6671
20.4302 0.6387 0.6681
20.4495 0.6398 0.6692
20.4688 0.6410 0.6703
20.4881 0.6421 0.6713
20.5074 0.6432 0.6724
20.5267 0.6444 0.6734
20.5460 0.6455 0.6745
20.5653 0.6466 0.6755
20.5846 0.6477 0.6765
20.6039 0.6488 0.6775
20.6232 0.6499 0.6786
20.6424 0.6510 0.6795
20.6617 0.6521 0.6805
20.6810 0.6532 0.6815
20.7003 0.6543 0.6825
20.7196 0.6554 0.6834
20.7389 0.6565 0.6844
20.7582 0.6576 0.6853
20.7775 0.6587 0.6863
20.7968 0.6598 0.6872
20.8161 0.6609 0.6881
20.8354 0.6619 0.6890
20.8547 0.6630 0.6899
20.8740 0.6641 0.6908
20.8932 0.6652 0.6917
20.9125 0.6663 0.6926
20.9318 0.6673 0.6935
20.9511 0.6684 0.6944
20.9704 0.6695 0.6953
20.9897 0.6706 0.6961
21.0090 0.6716 0.6970
21.0283 0.6727 0.6979
21.0476 0.6737 0.6988
21.0669 0.6747 0.6996
21.0862 0.6758 0.7005
21.1055 0.6768 0.7014
21.1247 0.6778 0.7023
21.1440 0.6788 0.7031
21.1633 0.6797 0.7040
21.1826 0.6807 0.7048
21.2019 0.6817 0.7057
21.2212 0.6826 0.7066
21.2405 0.6835 0.7074
21.2598 0.6845 0.7083
21.2791 0.6854 0.7091
21.2984 0.6863 0.7099
21.3177 0.6872 0.7108
21.3370 0.6881 0.7116
21.3563 0.6890 0.7124
21.3755 0.6899 0.7132
21.3948 0.6908 0.7140
21.4141 0.6917 0.7148
21.4334 0.6926 0.7156
21.4527 0.6935 0.7164
21.4720 0.6944 0.7172
21.4913 0.6953 0.7180
21.5106 0.6962 0.7188
21.5299 0.6971 0.7196
21.5492 0.6979 0.7204
21.5685 0.6988 0.7212
21.5878 0.6997 0.7220
21.6070 0.7006 0.7228
21.6263 0.7015 0.7235
21.6456 0.7024 0.7243
21.6649 0.7032 0.7251
21.6842 0.7041 0.7259
21.7035 0.7050 0.7267
21.7228 0.7058 0.7275
21.7421 0.7067 0.7282
21.7614 0.7075 0.7290
21.7807 0.7084 0.7298
21.8000 0.7092 0.7306
21.8193 0.7101 0.7313
21.8386 0.7109 0.7321
21.8578 0.7117 0.7328
21.8771 0.7125 0.7336
21.8964 0.7133 0.7344
21.9157 0.7141 0.7351
21.9350 0.7149 0.7358
21.9543 0.7157 0.7366
21.9736 0.7165 0.7373
21.9929 0.7173 0.7381
22.0122 0.7181 0.7388
22.0315 0.7189 0.7395
22.0508 0.7197 0.7402
22.0701 0.7204 0.7410
22.0893 0.7212 0.7417
22.1086 0.7220 0.7424
22.1279 0.7228 0.7431
22.1472 0.7236 0.7438
22.1665 0.7243 0.7445
22.1858 0.7251 0.7452
22.2051 0.7259 0.7459
22.2244 0.7267 0.7465
22.2437 0.7274 0.7472
22.2630 0.7282 0.7479
22.2823 0.7290 0.7486
22.3016 0.7297 0.7492
22.3209 0.7305 0.7499
22.3401 0.7312 0.7506
22.3594 0.7320 0.7512
22.3787 0.7327 0.7519
22.3980 0.7334 0.7525
22.4173 0.7341 0.7531
22.4366 0.7348 0.7538
22.4559 0.7355 0.7544
22.4752 0.7362 0.7550
22.4945 0.7369 0.7557
22.5138 0.7376 0.7563
22.5331 0.7382 0.7569
22.5524 0.7389 0.7575
22.5716 0.7395 0.7581
22.5909 0.7401 0.7587
22.6102 0.7407 0.7593
22.6295 0.7413 0.7599
22.6488 0.7419 0.7605
22.6681 0.7425 0.7611
22.6874 0.7431 0.7616
22.7067 0.7437 0.7622
22.7260 0.7443 0.7628
22.7453 0.7448 0.7633
22.7646 0.7454 0.7639
22.7839 0.7460 0.7645
22.8032 0.7466 0.7650
22.8224 0.7472 0.7656
22.8417 0.7479 0.7661
22.8610 0.7485 0.7667
22.8803 0.7491 0.7673
22.8996 0.7497 0.7678
22.9189 0.7504 0.7684
22.9382 0.7510 0.7690
22.9575 0.7517 0.7695
22.9768 0.7523 0.7701
22.9961 0.7530 0.7707
23.0154 0.7536 0.7712
23.0347 0.7543 0.7718
23.0539 0.7549 0.7724
23.0732 0.7556 0.7729
23.0925 0.7562 0.7735
23.1118 0.7569 0.7741
23.1311 0.7575 0.7746
23.1504 0.7581 0.7752
23.1697 0.7588 0.7757
23.1890 0.7594 0.7763
23.2083 0.7600 0.7768
23.2276 0.7606 0.7774
23.2469 0.7612 0.7779
23.2662 0.7618 0.7785
23.2855 0.7624 0.7790
23.3047 0.7630 0.7795
23.3240 0.7636 0.7801
23.3433 0.7642 0.7806
23.3626 0.7648 0.7811
23.3819 0.7654 0.7816
23.4012 0.7660 0.7821
23.4205 0.7665 0.7827
23.4398 0.7671 0.7832
23.4591 0.7677 0.7837
23.4784 0.7682 0.7842
23.4977 0.7688 0.7847
23.5170 0.7694 0.7852
23.5362 0.7699 0.7857
23.5555 0.7705 0.7862
23.5748 0.7710 0.7867
23.5941 0.7716 0.7872
23.6134 0.7721 0.7877
23.6327 0.7727 0.7882
23.6520 0.7732 0.7886
23.6713 0.7738 0.7891
23.6906 0.7743 0.7896
23.7099 0.7748 0.7900
23.7292 0.7754 0.7905
23.7485 0.7759 0.7909
23.7678 0.7764 0.7913
23.7870 0.7769 0.7917
23.8063 0.7774 0.7922
23.8256 0.7779 0.7926
23.8449 0.7784 0.7930
23.8642 0.7789 0.7934
23.8835 0.7794 0.7938
23.9028 0.7799 0.7942
23.9221 0.7804 0.7946
23.9414 0.7809 0.7950
23.9607 0.7814 0.7954
23.9800 0.7818 0.7958
23.9993 0.7823 0.7961
24.0185 0.7828 0.7965
24.0378 0.7832 0.7969
24.0571 0.7837 0.7973
24.0764 0.7841 0.7977
24.0957 0.7846 0.7981
24.1150 0.7850 0.7984
24.1343 0.7855 0.7988
24.1536 0.7859 0.7992
24.1729 0.7864 0.7996
24.1922 0.7868 0.8000
24.2115 0.7872 0.8003
24.2308 0.7876 0.8007
24.2501 0.7880 0.8011
24.2693 0.7885 0.8014
24.2886 0.7889 0.8018
24.3079 0.7893 0.8022
24.3272 0.7897 0.8025
24.3465 0.7901 0.8029
24.3658 0.7905 0.8032
24.3851 0.7909 0.8036
24.4044 0.7912 0.8039
24.4237 0.7916 0.8043
24.4430 0.7920 0.8047
24.4623 0.7924 0.8050
24.4816 0.7928 0.8054
24.5008 0.7932 0.8057
24.5201 0.7936 0.8061
24.5394 0.7940 0.8064
24.5587 0.7944 0.8068
24.5780 0.7947 0.8071
24.5973 0.7951 0.8075
24.6166 0.7955 0.8078
24.6359 0.7959 0.8082
24.6552 0.7963 0.8085
24.6745 0.7966 0.8088
24.6938 0.7970 0.8092
24.7131 0.7974 0.8095
24.7324 0.7977 0.8098
24.7516 0.7981 0.8102
24.7709 0.7985 0.8105
24.7902 0.7988 0.8108
24.8095 0.7992 0.8111
24.8288 0.7995 0.8115
24.8481 0.7999 0.8118
24.8674 0.8002 0.8121
24.8867 0.8006 0.8124
24.9060 0.8009 0.8127
24.9253 0.8013 0.8130
24.9446 0.8016 0.8133
24.9639 0.8019 0.8136
24.9831 0.8023 0.8139
25.0024 0.8026 0.8142
25.0217 0.8030 0.8146
25.0410 0.8033 0.8149
25.0603 0.8036 0.8152
25.0796 0.8040 0.8155
25.0989 0.8043 0.8158
25.1182 0.8046 0.8161
25.1375 0.8050 0.8164
25.1568 0.8053 0.8168
25.1761 0.8056 0.8171
25.1954 0.8060 0.8174
25.2147 0.8063 0.8177
25.2339 0.8067 0.8181
25.2532 0.8070 0.8184
25.2725 0.8073 0.8187
25.2918 0.8077 0.8190
25.3111 0.8080 0.8194
25.3304 0.8084 0.8197
25.3497 0.8087 0.8200
25.3690 0.8091 0.8203
25.3883 0.8094 0.8207
25.4076 0.8098 0.8210
25.4269 0.8101 0.8213
25.4462 0.8105 0.8216
25.4654 0.8108 0.8220
25.4847 0.8112 0.8223
25.5040 0.8115 0.8226
25.5233 0.8119 0.8230
25.5426 0.8122 0.8233
25.5619 0.8126 0.8236
25.5812 0.8129 0.8239
25.6005 0.8133 0.8243
25.6198 0.8137 0.8246
25.6391 0.8140 0.8250
25.6584 0.8144 0.8253
25.6777 0.8148 0.8256
25.6970 0.8152 0.8260
25.7162 0.8155 0.8263
25.7355 0.8159 0.8267
25.7548 0.8163 0.8270
25.7741 0.8167 0.8274
25.7934 0.8170 0.8278
25.8127 0.8174 0.8281
25.8320 0.8178 0.8285
25.8513 0.8182 0.8288
25.8706 0.8186 0.8292
25.8899 0.8190 0.8295
25.9092 0.8194 0.8299
25.9285 0.8197 0.8303
25.9477 0.8201 0.8306
25.9670 0.8205 0.8310
25.9863 0.8209 0.8313
26.0056 0.8213 0.8317
26.0249 0.8216 0.8320
26.0442 0.8220 0.8324
26.0635 0.8224 0.8327
26.0828 0.8227 0.8330
26.1021 0.8231 0.8334
26.1214 0.8235 0.8337
26.1407 0.8238 0.8340
26.1600 0.8242 0.8344
26.1793 0.8245 0.8347
26.1985 0.8249 0.8350
26.2178 0.8252 0.8353
26.2371 0.8256 0.8357
26.2564 0.8259 0.8360
26.2757 0.8263 0.8363
26.2950 0.8266 0.8366
26.3143 0.8269 0.8369
26.3336 0.8273 0.8372
26.3529 0.8276 0.8375
26.3722 0.8279 0.8378
26.3915 0.8283 0.8381
26.4108 0.8286 0.8384
26.4300 0.8289 0.8387
26.4493 0.8292 0.8390
26.4686 0.8295 0.8393
26.4879 0.8298 0.8396
26.5072 0.8301 0.8399
26.5265 0.8304 0.8402
26.5458 0.8307 0.8404
26.5651 0.8310 0.8407
26.5844 0.8313 0.8410
26.6037 0.8316 0.8413
26.6230 0.8319 0.8415
26.6423 0.8322 0.8418
26.6616 0.8325 0.8421
26.6808 0.8328 0.8423
26.7001 0.8331 0.8426
26.7194 0.8334 0.8428
26.7387 0.8337 0.8431
26.7580 0.8340 0.8434
26.7773 0.8343 0.8436
26.7966 0.8346 0.8439
26.8159 0.8348 0.8441
26.8352 0.8351 0.8444
26.8545 0.8354 0.8446
26.8738 0.8357 0.8449
26.8931 0.8360 0.8451
26.9123 0.8362 0.8454
26.9316 0.8365 0.8456
26.9509 0.8368 0.8459
26.9702 0.8371 0.8461
26.9895 0.8373 0.8464
27.0088 0.8376 0.8466
27.0281 0.8379 0.8469
27.0474 0.8382 0.8471
27.0667 0.8384 0.8474
27.0860 0.8387 0.8476
27.1053 0.8389 0.8479
27.1246 0.8392 0.8481
27.1439 0.8395 0.8484
27.1631 0.8397 0.8486
27.1824 0.8400 0.8489
27.2017 0.8403 0.8491
27.2210 0.8405 0.8494
27.2403 0.8408 0.8496
27.2596 0.8410 0.8499
27.2789 0.8413 0.8501
27.2982 0.8416 0.8504
27.3175 0.8418 0.8507
27.3368 0.8421 0.8509
27.3561 0.8424 0.8512
27.3754 0.8426 0.8514
27.3947 0.8429 0.8517
27.4139 0.8432 0.8520
27.4332 0.8434 0.8522
27.4525 0.8437 0.8525
27.4718 0.8440 0.8527
27.4911 0.8442 0.8530
27.5104 0.8445 0.8532
27.5297 0.8448 0.8535
27.5490 0.8450 0.8538
27.5683 0.8453 0.8540
27.5876 0.8456 0.8543
27.6069 0.8458 0.8545
27.6262 0.8461 0.8548
27.6454 0.8464 0.8551
27.6647 0.8466 0.8553
27.6840 0.8469 0.8556
27.7033 0.8472 0.8559
27.7226 0.8475 0.8561
27.7419 0.8477 0.8564
27.7612 0.8480 0.8566
27.7805 0.8483 0.8569
27.7998 0.8485 0.8571
27.8191 0.8488 0.8574
27.8384 0.8491 0.8577
27.8577 0.8494 0.8579
27.8770 0.8496 0.8582
27.8962 0.8499 0.8584
27.9155 0.8502 0.8587
27.9348 0.8505 0.8589
27.9541 0.8507 0.8591
27.9734 0.8510 0.8594
27.9927 0.8513 0.8596
28.0120 0.8515 0.8599
28.0313 0.8518 0.8601
28.0506 0.8521 0.8603
28.0699 0.8523 0.8606
28.0892 0.8526 0.8608
28.1085 0.8529 0.8610
28.1277 0.8531 0.8613
28.1470 0.8534 0.8615
28.1663 0.8537 0.8617
28.1856 0.8539 0.8620
28.2049 0.8542 0.8622
28.2242 0.8545 0.8625
28.2435 0.8547 0.8627
28.2628 0.8550 0.8629
28.2821 0.8552 0.8632
28.3014 0.8555 0.8634
28.3207 0.8558 0.8637
28.3400 0.8560 0.8639
28.3593 0.8563 0.8642
28.3785 0.8565 0.8644
28.3978 0.8568 0.8647
28.4171 0.8570 0.8649
28.4364 0.8573 0.8652
28.4557 0.8575 0.8654
28.4750 0.8578 0.8657
28.4943 0.8580 0.8659
28.5136 0.8582 0.8661
28.5329 0.8585 0.8664
28.5522 0.8587 0.8666
28.5715 0.8590 0.8668
28.5908 0.8592 0.8671
28.6100 0.8594 0.8673
28.6293 0.8597 0.8675
28.6486 0.8599 0.8677
28.6679 0.8601 0.8680
28.6872 0.8604 0.8682
28.7065 0.8606 0.8684
28.7258 0.8608 0.8686
28.7451 0.8611 0.8688
28.7644 0.8613 0.8691
28.7837 0.8615 0.8693
28.8030 0.8618 0.8695
28.8223 0.8620 0.8697
28.8416 0.8622 0.8699
28.8608 0.8625 0.8701
28.8801 0.8627 0.8703
28.8994 0.8629 0.8705
28.9187 0.8632 0.8708
28.9380 0.8634 0.8710
28.9573 0.8636 0.8712
28.9766 0.8639 0.8714
28.9959 0.8641 0.8716
29.0152 0.8643 0.8718
29.0345 0.8645 0.8720
29.0538 0.8648 0.8722
29.0731 0.8650 0.8724
29.0923 0.8652 0.8726
29.1116 0.8654 0.8729
29.1309 0.8656 0.8731
29.1502 0.8658 0.8733
29.1695 0.8661 0.8735
29.1888 0.8663 0.8737
29.2081 0.8665 0.8739
29.2274 0.8667 0.8741
29.2467 0.8669 0.8743
29.2660 0.8671 0.8745
29.2853 0.8674 0.8747
29.3046 0.8676 0.8749
29.3239 0.8678 0.8751
29.3431 0.8680 0.8753
29.3624 0.8682 0.8755
29.3817 0.8684 0.8757
29.4010 0.8686 0.8759
29.4203 0.8688 0.8761
29.4396 0.8691 0.8763
29.4589 0.8693 0.8765
29.4782 0.8695 0.8767
29.4975 0.8697 0.8769
29.5168 0.8699 0.8771
29.5361 0.8701 0.8773
29.5554 0.8703 0.8775
29.5746 0.8705 0.8777
29.5939 0.8707 0.8779
29.6132 0.8709 0.8781
29.6325 0.8711 0.8783
29.6518 0.8713 0.8785
29.6711 0.8715 0.8787
29.6904 0.8717 0.8788
29.7097 0.8720 0.8790
29.7290 0.8722 0.8792
29.7483 0.8724 0.8794
29.7676 0.8726 0.8796
29.7869 0.8728 0.8798
29.8062 0.8730 0.8800
29.8254 0.8732 0.8802
29.8447 0.8734 0.8803
29.8640 0.8736 0.8805
29.8833 0.8738 0.8807
29.9026 0.8740 0.8809
29.9219 0.8742 0.8811
29.9412 0.8744 0.8813
29.9605 0.8746 0.8815
29.9798 0.8748 0.8816
29.9991 0.8750 0.8818
30.0184 0.8752 0.8820
30.0377 0.8754 0.8822
30.0569 0.8756 0.8824
30.0762 0.8758 0.8826
30.0955 0.8760 0.8828
30.1148 0.8762 0.8829
30.1341 0.8764 0.8831
30.1534 0.8766 0.8833
30.1727 0.8768 0.8835
30.1920 0.8770 0.8837
30.2113 0.8772 0.8838
30.2306 0.8774 0.8840
30.2499 0.8776 0.8842
30.2692 0.8778 0.8844
30.2885 0.8780 0.8846
30.3077 0.8781 0.8847
30.3270 0.8783 0.8849
30.3463 0.8785 0.8851
30.3656 0.8787 0.8853
30.3849 0.8789 0.8855
30.4042 0.8791 0.8856
30.4235 0.8793 0.8858
30.4428 0.8795 0.8860
30.4621 0.8797 0.8862
30.4814 0.8799 0.8863
30.5007 0.8800 0.8865
30.5200 0.8802 0.8867
30.5392 0.8804 0.8869
30.5585 0.8806 0.8870
30.5778 0.8808 0.8872
30.5971 0.8810 0.8874
30.6164 0.8812 0.8875
30.6357 0.8813 0.8877
30.6550 0.8815 0.8879
30.6743 0.8817 0.8881
30.6936 0.8819 0.8882
30.7129 0.8821 0.8884
30.7322 0.8823 0.8886
30.7515 0.8824 0.8887
30.7708 0.8826 0.8889
30.7900 0.8828 0.8891
30.8093 0.8830 0.8892
30.8286 0.8832 0.8894
30.8479 0.8833 0.8896
30.8672 0.8835 0.8897
30.8865 0.8837 0.8899
30.9058 0.8839 0.8901
30.9251 0.8840 0.8902
30.9444 0.8842 0.8904
30.9637 0.8844 0.8906
30.9830 0.8846 0.8907
31.0023 0.8847 0.8909
31.0215 0.8849 0.8911
31.0408 0.8851 0.8912
31.0601 0.8853 0.8914
31.0794 0.8854 0.8915
31.0987 0.8856 0.8917
31.1180 0.8858 0.8919
31.1373 0.8859 0.8920
31.1566 0.8861 0.8922
31.1759 0.8863 0.8924
31.1952 0.8865 0.8925
31.2145 0.8866 0.8927
31.2338 0.8868 0.8928
31.2531 0.8870 0.8930
31.2723 0.8871 0.8932
31.2916 0.8873 0.8933
31.3109 0.8875 0.8935
31.3302 0.8876 0.8936
31.3495 0.8878 0.8938
31.3688 0.8880 0.8939
31.3881 0.8881 0.8941
31.4074 0.8883 0.8943
31.4267 0.8885 0.8944
31.4460 0.8886 0.8946
31.4653 0.8888 0.8947
31.4846 0.8890 0.8949
31.5038 0.8891 0.8950
31.5231 0.8893 0.8952
31.5424 0.8894 0.8953
31.5617 0.8896 0.8955
31.5810 0.8898 0.8956
31.6003 0.8899 0.8958
31.6196 0.8901 0.8959
31.6389 0.8903 0.8961
31.6582 0.8904 0.8962
31.6775 0.8906 0.8964
31.6968 0.8907 0.8966
31.7161 0.8909 0.8967
31.7354 0.8911 0.8968
31.7546 0.8912 0.8970
31.7739 0.8914 0.8971
31.7932 0.8915 0.8973
31.8125 0.8917 0.8974
31.8318 0.8918 0.8976
31.8511 0.8920 0.8977
31.8704 0.8921 0.8979
31.8897 0.8923 0.8980
31.9090 0.8925 0.8982
31.9283 0.8926 0.8983
31.9476 0.8928 0.8985
31.9669 0.8929 0.8986
31.9861 0.8931 0.8988
32.0054 0.8932 0.8989
32.0247 0.8934 0.8990
32.0440 0.8935 0.8992
32.0633 0.8937 0.8993
32.0826 0.8938 0.8995
32.1019 0.8940 0.8996
32.1212 0.8941 0.8998
32.1405 0.8943 0.8999
32.1598 0.8944 0.9000
32.1791 0.8946 0.9002
32.1984 0.8947 0.9003
32.2177 0.8949 0.9005
32.2369 0.8950 0.9006
32.2562 0.8952 0.9008
32.2755 0.8953 0.9009
32.2948 0.8955 0.9010
32.3141 0.8956 0.9012
32.3334 0.8958 0.9013
32.3527 0.8959 0.9014
32.3720 0.8961 0.9016
32.3913 0.8962 0.9017
32.4106 0.8964 0.9019
32.4299 0.8965 0.9020
32.4492 0.8967 0.9021
32.4684 0.8968 0.9023
32.4877 0.8970 0.9024
32.5070 0.8971 0.9025
32.5263 0.8972 0.9027
32.5456 0.8974 0.9028
32.5649 0.8975 0.9029
32.5842 0.8977 0.9031
32.6035 0.8978 0.9032
32.6228 0.8980 0.9033
32.6421 0.8981 0.9035
32.6614 0.8982 0.9036
32.6807 0.8984 0.9037
32.7000 0.8985 0.9039
32.7192 0.8987 0.9040
32.7385 0.8988 0.9041
32.7578 0.8989 0.9043
32.7771 0.8991 0.9044
32.7964 0.8992 0.9045
32.8157 0.8994 0.9047
32.8350 0.8995 0.9048
32.8543 0.8996 0.9049
32.8736 0.8998 0.9051
32.8929 0.8999 0.9052
32.9122 0.9001 0.9053
32.9315 0.9002 0.9054
32.9507 0.9003 0.9056
32.9700 0.9005 0.9057
32.9893 0.9006 0.9058
33.0086 0.9007 0.9060
33.0279 0.9009 0.9061
33.0472 0.9010 0.9062
33.0665 0.9011 0.9063
33.0858 0.9013 0.9065
33.1051 0.9014 0.9066
33.1244 0.9015 0.9067
33.1437 0.9017 0.9068
33.1630 0.9018 0.9070
33.1823 0.9019 0.9071
33.2015 0.9021 0.9072
33.2208 0.9022 0.9073
33.2401 0.9023 0.9075
33.2594 0.9025 0.9076
33.2787 0.9026 0.9077
33.2980 0.9027 0.9078
33.3173 0.9029 0.9080
33.3366 0.9030 0.9081
33.3559 0.9031 0.9082
33.3752 0.9033 0.9083
33.3945 0.9034 0.9085
33.4138 0.9035 0.9086
33.4330 0.9037 0.9087
33.4523 0.9038 0.9088
33.4716 0.9039 0.9089
33.4909 0.9040 0.9091
33.5102 0.9042 0.9092
33.5295 0.9043 0.9093
33.5488 0.9044 0.9094
33.5681 0.9045 0.9095
33.5874 0.9047 0.9097
33.6067 0.9048 0.9098
33.6260 0.9049 0.9099
33.6453 0.9051 0.9100
33.6646 0.9052 0.9101
33.6838 0.9053 0.9103
33.7031 0.9054 0.9104
33.7224 0.9056 0.9105
33.7417 0.9057 0.9106
33.7610 0.9058 0.9107
33.7803 0.9059 0.9108
33.7996 0.9061 0.9110
33.8189 0.9062 0.9111
33.8382 0.9063 0.9112
33.8575 0.9064 0.9113
33.8768 0.9065 0.9114
33.8961 0.9067 0.9115
33.9153 0.9068 0.9117
33.9346 0.9069 0.9118
33.9539 0.9070 0.9119
33.9732 0.9072 0.9120
33.9925 0.9073 0.9121
34.0118 0.9074 0.9122
34.0311 0.9075 0.9123
34.0504 0.9076 0.9125
34.0697 0.9078 0.9126
34.0890 0.9079 0.9127
34.1083 0.9080 0.9128
34.1276 0.9081 0.9129
34.1469 0.9082 0.9130
34.1661 0.9084 0.9131
34.1854 0.9085 0.9132
34.2047 0.9086 0.9134
34.2240 0.9087 0.9135
34.2433 0.9088 0.9136
34.2626 0.9090 0.9137
34.2819 0.9091 0.9138
34.3012 0.9092 0.9139
34.3205 0.9093 0.9140
34.3398 0.9094 0.9141
34.3591 0.9095 0.9142
34.3784 0.9097 0.9143
34.3976 0.9098 0.9145
34.4169 0.9099 0.9146
34.4362 0.9100 0.9147
34.4555 0.9101 0.9148
34.4748 0.9102 0.9149
34.4941 0.9103 0.9150
34.5134 0.9105 0.9151
34.5327 0.9106 0.9152
34.5520 0.9107 0.9153
34.5713 0.9108 0.9154
34.5906 0.9109 0.9155
34.6099 0.9110 0.9156
34.6292 0.9111 0.9158
34.6484 0.9113 0.9159
34.6677 0.9114 0.9160
34.6870 0.9115 0.9161
34.7063 0.9116 0.9162
34.7256 0.9117 0.9163
34.7449 0.9118 0.9164
34.7642 0.9119 0.9165
34.7835 0.9120 0.9166
34.8028 0.9122 0.9167
34.8221 0.9123 0.9168
34.8414 0.9124 0.9169
34.8607 0.9125 0.9170
34.8799 0.9126 0.9171
34.8992 0.9127 0.9172
34.9185 0.9128 0.9173
34.9378 0.9129 0.9174
34.9571 0.9130 0.9175
34.9764 0.9131 0.9176
34.9957 0.9133 0.9177
35.0150 0.9134 0.9178
35.0343 0.9135 0.9179
35.0536 0.9136 0.9180
35.0729 0.9137 0.9181
35.0922 0.9138 0.9183
35.1115 0.9139 0.9184
35.1307 0.9140 0.9185
35.1500 0.9141 0.9186
35.1693 0.9142 0.9187
35.1886 0.9143 0.9188
35.2079 0.9144 0.9189
35.2272 0.9145 0.9190
35.2465 0.9147 0.9191
35.2658 0.9148 0.9192
35.2851 0.9149 0.9193
35.3044 0.9150 0.9194
35.3237 0.9151 0.9195
35.3430 0.9152 0.9196
35.3622 0.9153 0.9197
35.3815 0.9154 0.9198
35.4008 0.9155 0.9198
35.4201 0.9156 0.9199
35.4394 0.9157 0.9200
35.4587 0.9158 0.9201
35.4780 0.9159 0.9202
35.4973 0.9160 0.9203
35.5166 0.9161 0.9204
35.5359 0.9162 0.9205
35.5552 0.9163 0.9206
35.5745 0.9164 0.9207
35.5938 0.9165 0.9208
35.6130 0.9166 0.9209
35.6323 0.9167 0.9210
35.6516 0.9168 0.9211
35.6709 0.9169 0.9212
35.6902 0.9170 0.9213
35.7095 0.9171 0.9214
35.7288 0.9172 0.9215
35.7481 0.9173 0.9216
35.7674 0.9174 0.9217
35.7867 0.9175 0.9218
35.8060 0.9176 0.9219
35.8253 0.9177 0.9220
35.8445 0.9178 0.9221
35.8638 0.9179 0.9222
35.8831 0.9180 0.9223
35.9024 0.9181 0.9223
35.9217 0.9182 0.9224
35.9410 0.9183 0.9225
35.9603 0.9184 0.9226
35.9796 0.9185 0.9227
35.9989 0.9186 0.9228
36.0182 0.9187 0.9229
36.0375 0.9188 0.9230
36.0568 0.9189 0.9231
36.0761 0.9190 0.9232
36.0953 0.9191 0.9233
36.1146 0.9192 0.9234
36.1339 0.9193 0.9235
36.1532 0.9194 0.9235
36.1725 0.9195 0.9236
36.1918 0.9196 0.9237
36.2111 0.9197 0.9238
36.2304 0.9198 0.9239
36.2497 0.9199 0.9240
36.2690 0.9200 0.9241
36.2883 0.9201 0.9242
36.3076 0.9202 0.9243
36.3268 0.9203 0.9244
36.3461 0.9204 0.9244
36.3654 0.9205 0.9245
36.3847 0.9206 0.9246
36.4040 0.9207 0.9247
36.4233 0.9208 0.9248
36.4426 0.9209 0.9249
36.4619 0.9209 0.9250
36.4812 0.9210 0.9251
36.5005 0.9211 0.9252
36.5198 0.9212 0.9252
36.5391 0.9213 0.9253
36.5584 0.9214 0.9254
36.5776 0.9215 0.9255
36.5969 0.9216 0.9256
36.6162 0.9217 0.9257
36.6355 0.9218 0.9258
36.6548 0.9219 0.9259
36.6741 0.9220 0.9259
36.6934 0.9221 0.9260
36.7127 0.9222 0.9261
36.7320 0.9222 0.9262
36.7513 0.9223 0.9263
36.7706 0.9224 0.9264
36.7899 0.9225 0.9265
36.8091 0.9226 0.9266
36.8284 0.9227 0.9266
36.8477 0.9228 0.9267
36.8670 0.9229 0.9268
36.8863 0.9230 0.9269
36.9056 0.9231 0.9270
36.9249 0.9231 0.9271
36.9442 0.9232 0.9271
36.9635 0.9233 0.9272
36.9828 0.9234 0.9273
37.0021 0.9235 0.9274
37.0214 0.9236 0.9275
37.0407 0.9237 0.9276
37.0599 0.9238 0.9277
37.0792 0.9239 0.9277
37.0985 0.9240 0.9278
37.1178 0.9240 0.9279
37.1371 0.9241 0.9280
37.1564 0.9242 0.9281
37.1757 0.9243 0.9282
37.1950 0.9244 0.9282
37.2143 0.9245 0.9283
37.2336 0.9246 0.9284
37.2529 0.9247 0.9285
37.2722 0.9247 0.9286
37.2914 0.9248 0.9286
37.3107 0.9249 0.9287
37.3300 0.9250 0.9288
37.3493 0.9251 0.9289
37.3686 0.9252 0.9290
37.3879 0.9253 0.9291
37.4072 0.9253 0.9291
37.4265 0.9254 0.9292
37.4458 0.9255 0.9293
37.4651 0.9256 0.9294
37.4844 0.9257 0.9295
37.5037 0.9258 0.9295
37.5230 0.9259 0.9296
37.5422 0.9259 0.9297
37.5615 0.9260 0.9298
37.5808 0.9261 0.9299
37.6001 0.9262 0.9299
37.6194 0.9263 0.9300
37.6387 0.9264 0.9301
37.6580 0.9264 0.9302
37.6773 0.9265 0.9303
37.6966 0.9266 0.9303
37.7159 0.9267 0.9304
37.7352 0.9268 0.9305
37.7545 0.9269 0.9306
37.7737 0.9269 0.9306
37.7930 0.9270 0.9307
37.8123 0.9271 0.9308
37.8316 0.9272 0.9309
37.8509 0.9273 0.9310
37.8702 0.9274 0.9310
37.8895 0.9274 0.9311
37.9088 0.9275 0.9312
37.9281 0.9276 0.9313
37.9474 0.9277 0.9313
37.9667 0.9278 0.9314
37.9860 0.9279 0.9315
38.0053 0.9279 0.9316
38.0245 0.9280 0.9317
38.0438 0.9281 0.9317
38.0631 0.9282 0.9318
38.0824 0.9283 0.9319
38.1017 0.9283 0.9320
38.1210 0.9284 0.9320
38.1403 0.9285 0.9321
38.1596 0.9286 0.9322
38.1789 0.9287 0.9323
38.1982 0.9287 0.9323
38.2175 0.9288 0.9324
38.2368 0.9289 0.9325
38.2560 0.9290 0.9326
38.2753 0.9291 0.9326
38.2946 0.9291 0.9327
38.3139 0.9292 0.9328
38.3332 0.9293 0.9329
38.3525 0.9294 0.9329
38.3718 0.9294 0.9330
38.3911 0.9295 0.9331
38.4104 0.9296 0.9332
38.4297 0.9297 0.9332
38.4490 0.9298 0.9333
38.4683 0.9298 0.9334
38.4876 0.9299 0.9334
38.5068 0.9300 0.9335
38.5261 0.9301 0.9336
38.5454 0.9301 0.9337
38.5647 0.9302 0.9337
