0.0000 21.3673 20.2929
0.0170 21.2814 20.2150
0.0340 21.0262 19.9835
0.0509 20.6091 19.6051
0.0679 20.0425 19.0900
0.0849 19.3423 18.4523
0.1019 18.5280 17.7087
0.1188 17.6210 16.8781
0.1358 16.6445 15.9804
0.1528 15.6216 15.0361
0.1698 14.5749 14.0651
0.1867 13.5258 13.0865
0.2037 12.4933 12.1175
0.2207 11.4939 11.1735
0.2377 10.5412 10.2671
0.2546 9.6456 9.4088
0.2716 8.8146 8.6062
0.2886 8.0526 7.8648
0.3056 7.3614 7.1875
0.3226 6.7405 6.5754
0.3395 6.1875 6.0279
0.3565 5.6984 5.5429
0.3735 5.2684 5.1173
0.3905 4.8917 4.7472
0.4074 4.5624 4.4281
0.4244 4.2745 4.1553
0.4414 4.0221 3.9240
0.4584 3.7998 3.7294
0.4753 3.6026 3.5668
0.4923 3.4264 3.4320
0.5093 3.2673 3.3209
0.5263 3.1223 3.2298
0.5433 2.9889 3.1552
0.5602 2.8653 3.0942
0.5772 2.7500 3.0441
0.5942 2.6419 3.0024
0.6112 2.5405 2.9670
0.6281 2.4452 2.9360
0.6451 2.3559 2.9077
0.6621 2.2724 2.8807
0.6791 2.1948 2.8536
0.6960 2.1229 2.8255
0.7130 2.0567 2.7953
0.7300 1.9961 2.7623
0.7470 1.9409 2.7259
0.7639 1.8909 2.6856
0.7809 1.8459 2.6413
0.7979 1.8052 2.5927
0.8149 1.7687 2.5399
0.8319 1.7357 2.4831
0.8488 1.7058 2.4227
0.8658 1.6784 2.3591
0.8828 1.6532 2.2930
0.8998 1.6295 2.2248
0.9167 1.6070 2.1555
0.9337 1.5853 2.0855
0.9507 1.5641 2.0158
0.9677 1.5431 1.9470
0.9846 1.5222 1.8796
1.0016 1.5011 1.8143
1.0186 1.4798 1.7515
1.0356 1.4583 1.6916
1.0526 1.4364 1.6349
1.0695 1.4142 1.5815
1.0865 1.3917 1.5314
1.1035 1.3689 1.4847
1.1205 1.3457 1.4413
1.1374 1.3222 1.4010
1.1544 1.2984 1.3637
1.1714 1.2742 1.3290
1.1884 1.2496 1.2969
1.2053 1.2247 1.2671
1.2223 1.1993 1.2394
1.2393 1.1735 1.2137
1.2563 1.1474 1.1897
1.2732 1.1208 1.1675
1.2902 1.0940 1.1468
1.3072 1.0670 1.1277
1.3242 1.0399 1.1102
1.3412 1.0128 1.0942
1.3581 0.9859 1.0797
1.3751 0.9593 1.0667
1.3921 0.9333 1.0552
1.4091 0.9080 1.0452
1.4260 0.8836 1.0366
1.4430 0.8604 1.0294
1.4600 0.8383 1.0234
1.4770 0.8177 1.0184
1.4939 0.7985 1.0144
1.5109 0.7810 1.0112
1.5279 0.7652 1.0085
1.5449 0.7511 1.0060
1.5619 0.7388 1.0036
1.5788 0.7282 1.0011
1.5958 0.7194 0.9981
1.6128 0.7123 0.9945
1.6298 0.7067 0.9900
1.6467 0.7028 0.9846
1.6637 0.7002 0.9781
1.6807 0.6990 0.9704
1.6977 0.6989 0.9614
1.7146 0.7000 0.9511
1.7316 0.7019 0.9395
1.7486 0.7045 0.9268
1.7656 0.7078 0.9130
1.7825 0.7116 0.8982
1.7995 0.7157 0.8826
1.8165 0.7200 0.8663
1.8335 0.7244 0.8495
1.8505 0.7288 0.8323
1.8674 0.7331 0.8150
1.8844 0.7372 0.7976
1.9014 0.7410 0.7804
1.9184 0.7445 0.7634
1.9353 0.7477 0.7468
1.9523 0.7504 0.7306
1.9693 0.7526 0.7150
1.9863 0.7544 0.7001
2.0032 0.7556 0.6858
2.0202 0.7563 0.6723
2.0372 0.7564 0.6595
2.0542 0.7558 0.6476
2.0712 0.7547 0.6366
2.0881 0.7529 0.6264
2.1051 0.7504 0.6171
2.1221 0.7472 0.6087
2.1391 0.7433 0.6012
2.1560 0.7388 0.5945
2.1730 0.7335 0.5887
2.1900 0.7276 0.5837
2.2070 0.7211 0.5795
2.2239 0.7141 0.5761
2.2409 0.7065 0.5734
2.2579 0.6985 0.5714
2.2749 0.6901 0.5700
2.2918 0.6815 0.5692
2.3088 0.6727 0.5689
2.3258 0.6638 0.5691
2.3428 0.6550 0.5696
2.3598 0.6462 0.5705
2.3767 0.6378 0.5716
2.3937 0.6296 0.5730
2.4107 0.6219 0.5745
2.4277 0.6148 0.5761
2.4446 0.6082 0.5778
2.4616 0.6023 0.5795
2.4786 0.5971 0.5811
2.4956 0.5927 0.5827
2.5125 0.5892 0.5842
2.5295 0.5864 0.5856
2.5465 0.5845 0.5868
2.5635 0.5834 0.5879
2.5804 0.5831 0.5888
2.5974 0.5835 0.5894
2.6144 0.5846 0.5899
2.6314 0.5863 0.5901
2.6484 0.5886 0.5900
2.6653 0.5912 0.5896
2.6823 0.5942 0.5890
2.6993 0.5973 0.5880
2.7163 0.6006 0.5866
2.7332 0.6037 0.5849
2.7502 0.6067 0.5828
2.7672 0.6095 0.5804
2.7842 0.6118 0.5775
2.8011 0.6138 0.5742
2.8181 0.6152 0.5705
2.8351 0.6162 0.5665
2.8521 0.6165 0.5620
2.8691 0.6163 0.5573
2.8860 0.6157 0.5522
2.9030 0.6145 0.5468
2.9200 0.6129 0.5412
2.9370 0.6111 0.5355
2.9539 0.6089 0.5296
2.9709 0.6066 0.5238
2.9879 0.6043 0.5180
3.0049 0.6019 0.5123
3.0218 0.5997 0.5067
3.0388 0.5977 0.5014
3.0558 0.5959 0.4965
3.0728 0.5944 0.4918
3.0897 0.5932 0.4876
3.1067 0.5924 0.4837
3.1237 0.5920 0.4803
3.1407 0.5919 0.4773
3.1577 0.5922 0.4748
3.1746 0.5927 0.4726
3.1916 0.5935 0.4708
3.2086 0.5945 0.4694
3.2256 0.5956 0.4683
3.2425 0.5968 0.4676
3.2595 0.5980 0.4670
3.2765 0.5992 0.4668
3.2935 0.6003 0.4667
3.3104 0.6013 0.4668
3.3274 0.6021 0.4670
3.3444 0.6027 0.4674
3.3614 0.6031 0.4680
3.3784 0.6032 0.4686
3.3953 0.6029 0.4693
3.4123 0.6024 0.4701
3.4293 0.6015 0.4709
3.4463 0.6004 0.4718
3.4632 0.5989 0.4727
3.4802 0.5971 0.4735
3.4972 0.5950 0.4743
3.5142 0.5927 0.4751
3.5311 0.5901 0.4757
3.5481 0.5874 0.4762
3.5651 0.5845 0.4765
3.5821 0.5816 0.4766
3.5990 0.5786 0.4764
3.6160 0.5756 0.4760
3.6330 0.5727 0.4753
3.6500 0.5699 0.4743
3.6670 0.5673 0.4731
3.6839 0.5649 0.4716
3.7009 0.5628 0.4699
3.7179 0.5610 0.4681
3.7349 0.5595 0.4662
3.7518 0.5584 0.4642
3.7688 0.5577 0.4623
3.7858 0.5573 0.4606
3.8028 0.5573 0.4590
3.8197 0.5578 0.4577
3.8367 0.5586 0.4568
3.8537 0.5597 0.4563
3.8707 0.5613 0.4563
3.8877 0.5631 0.4569
3.9046 0.5653 0.4579
3.9216 0.5678 0.4596
3.9386 0.5705 0.4618
3.9556 0.5734 0.4646
3.9725 0.5766 0.4679
3.9895 0.5799 0.4717
4.0065 0.5833 0.4759
4.0235 0.5869 0.4805
4.0404 0.5905 0.4854
4.0574 0.5941 0.4906
4.0744 0.5977 0.4959
4.0914 0.6012 0.5013
4.1083 0.6047 0.5068
4.1253 0.6081 0.5122
4.1423 0.6113 0.5175
4.1593 0.6144 0.5227
4.1763 0.6173 0.5277
4.1932 0.6200 0.5325
4.2102 0.6225 0.5371
4.2272 0.6247 0.5414
4.2442 0.6266 0.5455
4.2611 0.6283 0.5493
4.2781 0.6298 0.5529
4.2951 0.6309 0.5563
4.3121 0.6318 0.5594
4.3290 0.6325 0.5622
4.3460 0.6328 0.5649
4.3630 0.6330 0.5673
4.3800 0.6330 0.5695
4.3969 0.6327 0.5716
4.4139 0.6323 0.5734
4.4309 0.6318 0.5750
4.4479 0.6312 0.5765
4.4649 0.6305 0.5778
4.4818 0.6297 0.5789
4.4988 0.6290 0.5799
4.5158 0.6282 0.5807
4.5328 0.6275 0.5814
4.5497 0.6269 0.5820
4.5667 0.6263 0.5824
4.5837 0.6257 0.5828
4.6007 0.6253 0.5831
4.6176 0.6249 0.5834
4.6346 0.6246 0.5836
4.6516 0.6244 0.5838
4.6686 0.6242 0.5841
4.6856 0.6241 0.5843
4.7025 0.6239 0.5846
4.7195 0.6238 0.5850
4.7365 0.6236 0.5854
4.7535 0.6234 0.5859
4.7704 0.6231 0.5864
4.7874 0.6227 0.5870
4.8044 0.6222 0.5877
4.8214 0.6217 0.5884
4.8383 0.6210 0.5892
4.8553 0.6202 0.5899
4.8723 0.6193 0.5907
4.8893 0.6183 0.5914
4.9062 0.6171 0.5920
4.9232 0.6159 0.5926
4.9402 0.6145 0.5931
4.9572 0.6131 0.5935
4.9742 0.6116 0.5937
4.9911 0.6100 0.5939
5.0081 0.6084 0.5939
5.0251 0.6067 0.5938
5.0421 0.6050 0.5935
5.0590 0.6032 0.5932
5.0760 0.6015 0.5928
5.0930 0.5998 0.5923
5.1100 0.5981 0.5918
5.1269 0.5965 0.5912
5.1439 0.5949 0.5907
5.1609 0.5934 0.5902
5.1779 0.5920 0.5897
5.1949 0.5907 0.5893
5.2118 0.5895 0.5890
5.2288 0.5884 0.5889
5.2458 0.5875 0.5888
5.2628 0.5866 0.5889
5.2797 0.5859 0.5891
5.2967 0.5854 0.5894
5.3137 0.5849 0.5899
5.3307 0.5846 0.5905
5.3476 0.5845 0.5913
5.3646 0.5844 0.5922
5.3816 0.5844 0.5932
5.3986 0.5846 0.5942
5.4155 0.5849 0.5954
5.4325 0.5852 0.5967
5.4495 0.5857 0.5980
5.4665 0.5862 0.5994
5.4835 0.5868 0.6008
5.5004 0.5875 0.6022
5.5174 0.5882 0.6037
5.5344 0.5890 0.6052
5.5514 0.5898 0.6067
5.5683 0.5908 0.6082
5.5853 0.5917 0.6096
5.6023 0.5928 0.6111
5.6193 0.5939 0.6126
5.6362 0.5951 0.6141
5.6532 0.5964 0.6157
5.6702 0.5977 0.6172
5.6872 0.5991 0.6188
5.7042 0.6006 0.6204
5.7211 0.6022 0.6221
5.7381 0.6040 0.6238
5.7551 0.6058 0.6256
5.7721 0.6077 0.6274
5.7890 0.6096 0.6293
5.8060 0.6117 0.6313
5.8230 0.6139 0.6333
5.8400 0.6161 0.6354
5.8569 0.6184 0.6376
5.8739 0.6207 0.6398
5.8909 0.6231 0.6421
5.9079 0.6254 0.6444
5.9248 0.6278 0.6468
5.9418 0.6302 0.6492
5.9588 0.6325 0.6516
5.9758 0.6347 0.6540
5.9928 0.6369 0.6564
6.0097 0.6390 0.6589
6.0267 0.6410 0.6613
6.0437 0.6429 0.6637
6.0607 0.6446 0.6661
6.0776 0.6462 0.6684
6.0946 0.6477 0.6707
6.1116 0.6490 0.6730
6.1286 0.6501 0.6752
6.1455 0.6511 0.6773
6.1625 0.6519 0.6794
6.1795 0.6525 0.6815
6.1965 0.6530 0.6835
6.2135 0.6533 0.6854
6.2304 0.6535 0.6873
6.2474 0.6536 0.6891
6.2644 0.6536 0.6909
6.2814 0.6536 0.6926
6.2983 0.6534 0.6942
6.3153 0.6533 0.6958
6.3323 0.6531 0.6973
6.3493 0.6529 0.6987
6.3662 0.6528 0.7001
6.3832 0.6527 0.7014
6.4002 0.6528 0.7026
6.4172 0.6529 0.7037
6.4341 0.6531 0.7048
6.4511 0.6535 0.7058
6.4681 0.6540 0.7067
6.4851 0.6546 0.7076
6.5021 0.6553 0.7084
6.5190 0.6562 0.7091
6.5360 0.6572 0.7098
6.5530 0.6584 0.7105
6.5700 0.6596 0.7111
6.5869 0.6609 0.7117
6.6039 0.6623 0.7123
6.6209 0.6638 0.7128
6.6379 0.6653 0.7134
6.6548 0.6668 0.7139
6.6718 0.6683 0.7144
6.6888 0.6699 0.7149
6.7058 0.6714 0.7155
6.7227 0.6728 0.7160
6.7397 0.6742 0.7165
6.7567 0.6756 0.7170
6.7737 0.6768 0.7175
6.7907 0.6780 0.7180
6.8076 0.6790 0.7185
6.8246 0.6799 0.7190
6.8416 0.6807 0.7195
6.8586 0.6814 0.7199
6.8755 0.6819 0.7204
6.8925 0.6823 0.7208
6.9095 0.6825 0.7212
6.9265 0.6826 0.7215
6.9434 0.6825 0.7219
6.9604 0.6823 0.7221
6.9774 0.6820 0.7224
6.9944 0.6816 0.7226
7.0114 0.6811 0.7229
7.0283 0.6805 0.7231
7.0453 0.6799 0.7233
7.0623 0.6793 0.7235
7.0793 0.6787 0.7237
7.0962 0.6781 0.7239
7.1132 0.6776 0.7241
7.1302 0.6771 0.7244
7.1472 0.6768 0.7247
7.1641 0.6767 0.7250
7.1811 0.6767 0.7254
7.1981 0.6769 0.7258
7.2151 0.6773 0.7263
7.2320 0.6779 0.7267
7.2490 0.6787 0.7273
7.2660 0.6797 0.7278
7.2830 0.6808 0.7283
7.3000 0.6822 0.7288
7.3169 0.6837 0.7293
7.3339 0.6853 0.7297
7.3509 0.6870 0.7301
7.3679 0.6888 0.7304
7.3848 0.6906 0.7307
7.4018 0.6925 0.7309
7.4188 0.6943 0.7310
7.4358 0.6961 0.7309
7.4527 0.6978 0.7308
7.4697 0.6995 0.7306
7.4867 0.7010 0.7302
7.5037 0.7025 0.7298
7.5207 0.7038 0.7293
7.5376 0.7050 0.7287
7.5546 0.7060 0.7280
7.5716 0.7069 0.7273
7.5886 0.7077 0.7265
7.6055 0.7084 0.7257
7.6225 0.7089 0.7249
7.6395 0.7093 0.7241
7.6565 0.7097 0.7233
7.6734 0.7099 0.7225
7.6904 0.7100 0.7218
7.7074 0.7101 0.7212
7.7244 0.7101 0.7206
7.7413 0.7101 0.7201
7.7583 0.7100 0.7197
7.7753 0.7098 0.7194
7.7923 0.7097 0.7191
7.8093 0.7095 0.7190
7.8262 0.7093 0.7189
7.8432 0.7091 0.7189
7.8602 0.7089 0.7190
7.8772 0.7087 0.7191
7.8941 0.7085 0.7193
7.9111 0.7082 0.7196
7.9281 0.7081 0.7198
7.9451 0.7079 0.7201
7.9620 0.7077 0.7204
7.9790 0.7076 0.7207
7.9960 0.7075 0.7210
8.0130 0.7074 0.7213
8.0300 0.7073 0.7216
8.0469 0.7074 0.7218
8.0639 0.7074 0.7221
8.0809 0.7075 0.7222
8.0979 0.7077 0.7224
8.1148 0.7079 0.7225
8.1318 0.7082 0.7225
8.1488 0.7085 0.7225
8.1658 0.7089 0.7225
8.1827 0.7093 0.7223
8.1997 0.7098 0.7222
8.2167 0.7103 0.7219
8.2337 0.7109 0.7217
8.2506 0.7115 0.7214
8.2676 0.7121 0.7210
8.2846 0.7128 0.7207
8.3016 0.7134 0.7203
8.3186 0.7141 0.7199
8.3355 0.7148 0.7196
8.3525 0.7154 0.7193
8.3695 0.7161 0.7190
8.3865 0.7167 0.7187
8.4034 0.7174 0.7185
8.4204 0.7180 0.7183
8.4374 0.7186 0.7181
8.4544 0.7191 0.7181
8.4713 0.7197 0.7180
8.4883 0.7202 0.7181
8.5053 0.7206 0.7181
8.5223 0.7210 0.7182
8.5393 0.7214 0.7184
8.5562 0.7218 0.7186
8.5732 0.7221 0.7188
8.5902 0.7223 0.7190
8.6072 0.7225 0.7193
8.6241 0.7227 0.7196
8.6411 0.7228 0.7200
8.6581 0.7229 0.7203
8.6751 0.7229 0.7207
8.6920 0.7230 0.7211
8.7090 0.7230 0.7215
8.7260 0.7229 0.7220
8.7430 0.7229 0.7225
8.7599 0.7228 0.7230
8.7769 0.7227 0.7235
8.7939 0.7227 0.7240
8.8109 0.7226 0.7246
8.8279 0.7225 0.7252
8.8448 0.7225 0.7258
8.8618 0.7224 0.7265
8.8788 0.7224 0.7271
8.8958 0.7224 0.7277
8.9127 0.7225 0.7284
8.9297 0.7225 0.7290
8.9467 0.7226 0.7297
8.9637 0.7227 0.7303
8.9806 0.7228 0.7309
8.9976 0.7229 0.7314
9.0146 0.7231 0.7319
9.0316 0.7233 0.7324
9.0485 0.7234 0.7329
9.0655 0.7236 0.7333
9.0825 0.7238 0.7336
9.0995 0.7240 0.7339
9.1165 0.7242 0.7341
9.1334 0.7243 0.7343
9.1504 0.7245 0.7344
9.1674 0.7246 0.7344
9.1844 0.7248 0.7345
9.2013 0.7249 0.7344
9.2183 0.7250 0.7343
9.2353 0.7252 0.7342
9.2523 0.7253 0.7340
9.2692 0.7254 0.7339
9.2862 0.7255 0.7337
9.3032 0.7257 0.7335
9.3202 0.7258 0.7333
9.3372 0.7260 0.7332
9.3541 0.7261 0.7330
9.3711 0.7263 0.7328
9.3881 0.7266 0.7327
9.4051 0.7268 0.7326
9.4220 0.7271 0.7325
9.4390 0.7273 0.7324
9.4560 0.7276 0.7323
9.4730 0.7280 0.7323
9.4899 0.7283 0.7322
9.5069 0.7286 0.7321
9.5239 0.7289 0.7320
9.5409 0.7293 0.7320
9.5578 0.7296 0.7319
9.5748 0.7300 0.7318
9.5918 0.7303 0.7317
9.6088 0.7306 0.7316
9.6258 0.7309 0.7315
9.6427 0.7313 0.7314
9.6597 0.7316 0.7313
9.6767 0.7319 0.7312
9.6937 0.7322 0.7311
9.7106 0.7325 0.7310
9.7276 0.7328 0.7309
9.7446 0.7331 0.7308
9.7616 0.7334 0.7308
9.7785 0.7337 0.7307
9.7955 0.7340 0.7307
9.8125 0.7343 0.7307
9.8295 0.7346 0.7307
9.8465 0.7349 0.7308
9.8634 0.7352 0.7308
9.8804 0.7355 0.7309
9.8974 0.7358 0.7310
9.9144 0.7361 0.7311
9.9313 0.7364 0.7312
9.9483 0.7367 0.7313
9.9653 0.7370 0.7315
9.9823 0.7373 0.7316
9.9992 0.7376 0.7318
10.0162 0.7378 0.7320
10.0332 0.7381 0.7322
10.0502 0.7383 0.7324
10.0671 0.7385 0.7326
10.0841 0.7387 0.7329
10.1011 0.7390 0.7331
10.1181 0.7392 0.7334
10.1351 0.7394 0.7337
10.1520 0.7396 0.7340
10.1690 0.7398 0.7343
10.1860 0.7400 0.7346
10.2030 0.7403 0.7350
10.2199 0.7405 0.7353
10.2369 0.7408 0.7356
10.2539 0.7411 0.7359
10.2709 0.7415 0.7362
10.2878 0.7419 0.7365
10.3048 0.7423 0.7367
10.3218 0.7428 0.7370
10.3388 0.7433 0.7372
10.3558 0.7439 0.7374
10.3727 0.7444 0.7376
10.3897 0.7450 0.7378
10.4067 0.7457 0.7379
10.4237 0.7464 0.7380
10.4406 0.7470 0.7381
10.4576 0.7477 0.7382
10.4746 0.7484 0.7383
10.4916 0.7492 0.7384
10.5085 0.7499 0.7384
10.5255 0.7506 0.7385
10.5425 0.7512 0.7385
10.5595 0.7519 0.7386
10.5764 0.7525 0.7386
10.5934 0.7531 0.7387
10.6104 0.7537 0.7387
10.6274 0.7542 0.7388
10.6444 0.7547 0.7389
10.6613 0.7551 0.7390
10.6783 0.7555 0.7391
10.6953 0.7558 0.7392
10.7123 0.7561 0.7393
10.7292 0.7563 0.7395
10.7462 0.7565 0.7396
10.7632 0.7567 0.7398
10.7802 0.7569 0.7400
10.7971 0.7570 0.7403
10.8141 0.7571 0.7405
10.8311 0.7572 0.7408
10.8481 0.7572 0.7412
10.8651 0.7573 0.7415
10.8820 0.7573 0.7419
10.8990 0.7574 0.7422
10.9160 0.7574 0.7427
10.9330 0.7574 0.7431
10.9499 0.7574 0.7435
10.9669 0.7574 0.7440
10.9839 0.7574 0.7445
11.0009 0.7574 0.7449
11.0178 0.7575 0.7454
11.0348 0.7575 0.7459
11.0518 0.7575 0.7464
11.0688 0.7575 0.7469
11.0857 0.7575 0.7474
11.1027 0.7575 0.7479
11.1197 0.7575 0.7484
11.1367 0.7575 0.7489
11.1537 0.7575 0.7494
11.1706 0.7576 0.7499
11.1876 0.7576 0.7504
11.2046 0.7577 0.7509
11.2216 0.7577 0.7514
11.2385 0.7578 0.7519
11.2555 0.7579 0.7524
11.2725 0.7581 0.7528
11.2895 0.7582 0.7533
11.3064 0.7584 0.7538
11.3234 0.7586 0.7543
11.3404 0.7589 0.7548
11.3574 0.7591 0.7553
11.3743 0.7594 0.7558
11.3913 0.7597 0.7563
11.4083 0.7601 0.7568
11.4253 0.7604 0.7574
11.4423 0.7608 0.7579
11.4592 0.7612 0.7584
11.4762 0.7616 0.7590
11.4932 0.7620 0.7595
11.5102 0.7624 0.7601
11.5271 0.7629 0.7607
11.5441 0.7634 0.7612
11.5611 0.7639 0.7618
11.5781 0.7644 0.7623
11.5950 0.7649 0.7629
11.6120 0.7655 0.7635
11.6290 0.7661 0.7640
11.6460 0.7667 0.7646
11.6630 0.7673 0.7652
11.6799 0.7679 0.7657
11.6969 0.7686 0.7663
11.7139 0.7693 0.7669
11.7309 0.7700 0.7674
11.7478 0.7707 0.7680
11.7648 0.7714 0.7686
11.7818 0.7721 0.7691
11.7988 0.7729 0.7697
11.8157 0.7736 0.7703
11.8327 0.7744 0.7708
11.8497 0.7751 0.7714
11.8667 0.7759 0.7719
11.8836 0.7766 0.7724
11.9006 0.7773 0.7729
11.9176 0.7780 0.7734
11.9346 0.7787 0.7739
11.9516 0.7793 0.7744
11.9685 0.7799 0.7748
11.9855 0.7805 0.7753
12.0025 0.7810 0.7757
12.0195 0.7815 0.7760
12.0364 0.7819 0.7764
12.0534 0.7823 0.7767
12.0704 0.7826 0.7771
12.0874 0.7830 0.7774
12.1043 0.7832 0.7777
12.1213 0.7835 0.7780
12.1383 0.7837 0.7782
12.1553 0.7840 0.7785
12.1723 0.7842 0.7788
12.1892 0.7844 0.7790
12.2062 0.7846 0.7793
12.2232 0.7848 0.7795
12.2402 0.7850 0.7798
12.2571 0.7852 0.7800
12.2741 0.7854 0.7803
12.2911 0.7857 0.7805
12.3081 0.7859 0.7808
12.3250 0.7862 0.7811
12.3420 0.7865 0.7813
12.3590 0.7869 0.7816
12.3760 0.7872 0.7819
12.3929 0.7876 0.7822
12.4099 0.7880 0.7825
12.4269 0.7884 0.7829
12.4439 0.7888 0.7832
12.4609 0.7892 0.7836
12.4778 0.7896 0.7840
12.4948 0.7900 0.7844
12.5118 0.7905 0.7848
12.5288 0.7909 0.7853
12.5457 0.7914 0.7858
12.5627 0.7918 0.7862
12.5797 0.7923 0.7867
12.5967 0.7927 0.7872
12.6136 0.7931 0.7877
12.6306 0.7936 0.7882
12.6476 0.7940 0.7888
12.6646 0.7944 0.7893
12.6816 0.7948 0.7898
12.6985 0.7952 0.7903
12.7155 0.7956 0.7908
12.7325 0.7960 0.7914
12.7495 0.7964 0.7919
12.7664 0.7968 0.7924
12.7834 0.7971 0.7929
12.8004 0.7975 0.7934
12.8174 0.7978 0.7939
12.8343 0.7982 0.7943
12.8513 0.7985 0.7948
12.8683 0.7989 0.7953
12.8853 0.7992 0.7957
12.9022 0.7996 0.7962
12.9192 0.8000 0.7966
12.9362 0.8003 0.7971
12.9532 0.8007 0.7976
12.9702 0.8011 0.7980
12.9871 0.8015 0.7985
13.0041 0.8020 0.7989
13.0211 0.8024 0.7994
13.0381 0.8029 0.7999
13.0550 0.8034 0.8004
13.0720 0.8038 0.8009
13.0890 0.8044 0.8014
13.1060 0.8049 0.8019
13.1229 0.8054 0.8024
13.1399 0.8059 0.8030
13.1569 0.8065 0.8035
13.1739 0.8070 0.8041
13.1908 0.8075 0.8047
13.2078 0.8081 0.8053
13.2248 0.8086 0.8058
13.2418 0.8091 0.8064
13.2588 0.8096 0.8070
13.2757 0.8101 0.8075
13.2927 0.8105 0.8081
13.3097 0.8110 0.8086
13.3267 0.8115 0.8091
13.3436 0.8119 0.8096
13.3606 0.8123 0.8101
13.3776 0.8127 0.8106
13.3946 0.8132 0.8110
13.4115 0.8136 0.8114
13.4285 0.8140 0.8118
13.4455 0.8144 0.8122
13.4625 0.8147 0.8126
13.4795 0.8151 0.8129
13.4964 0.8155 0.8133
13.5134 0.8159 0.8136
13.5304 0.8163 0.8140
13.5474 0.8167 0.8143
13.5643 0.8171 0.8146
13.5813 0.8175 0.8150
13.5983 0.8179 0.8153
13.6153 0.8183 0.8157
13.6322 0.8187 0.8160
13.6492 0.8191 0.8164
13.6662 0.8195 0.8168
13.6832 0.8199 0.8172
13.7001 0.8203 0.8176
13.7171 0.8207 0.8180
13.7341 0.8212 0.8184
13.7511 0.8216 0.8188
13.7681 0.8220 0.8192
13.7850 0.8224 0.8197
13.8020 0.8228 0.8201
13.8190 0.8232 0.8205
13.8360 0.8236 0.8210
13.8529 0.8240 0.8214
13.8699 0.8244 0.8218
13.8869 0.8248 0.8222
13.9039 0.8251 0.8227
13.9208 0.8255 0.8231
13.9378 0.8259 0.8235
13.9548 0.8263 0.8239
13.9718 0.8267 0.8243
13.9888 0.8271 0.8247
14.0057 0.8275 0.8252
14.0227 0.8279 0.8256
14.0397 0.8283 0.8260
14.0567 0.8287 0.8264
14.0736 0.8291 0.8268
14.0906 0.8296 0.8273
14.1076 0.8300 0.8277
14.1246 0.8304 0.8281
14.1415 0.8309 0.8285
14.1585 0.8313 0.8290
14.1755 0.8318 0.8294
14.1925 0.8322 0.8299
14.2094 0.8327 0.8303
14.2264 0.8332 0.8308
14.2434 0.8336 0.8313
14.2604 0.8341 0.8317
14.2774 0.8346 0.8322
14.2943 0.8350 0.8326
14.3113 0.8355 0.8331
14.3283 0.8360 0.8336
14.3453 0.8364 0.8340
14.3622 0.8369 0.8345
14.3792 0.8373 0.8349
14.3962 0.8378 0.8354
14.4132 0.8382 0.8358
14.4301 0.8386 0.8362
14.4471 0.8391 0.8366
14.4641 0.8395 0.8370
14.4811 0.8399 0.8374
14.4981 0.8403 0.8378
14.5150 0.8408 0.8382
14.5320 0.8412 0.8386
14.5490 0.8416 0.8390
14.5660 0.8420 0.8394
14.5829 0.8424 0.8397
14.5999 0.8428 0.8401
14.6169 0.8432 0.8405
14.6339 0.8436 0.8408
14.6508 0.8440 0.8412
14.6678 0.8444 0.8416
14.6848 0.8448 0.8419
14.7018 0.8452 0.8423
14.7187 0.8455 0.8427
14.7357 0.8459 0.8430
14.7527 0.8463 0.8434
14.7697 0.8467 0.8438
14.7867 0.8471 0.8441
14.8036 0.8475 0.8445
14.8206 0.8478 0.8449
14.8376 0.8482 0.8452
14.8546 0.8486 0.8456
14.8715 0.8490 0.8459
14.8885 0.8493 0.8463
14.9055 0.8497 0.8466
14.9225 0.8501 0.8470
14.9394 0.8504 0.8473
14.9564 0.8508 0.8477
14.9734 0.8512 0.8480
14.9904 0.8515 0.8483
15.0074 0.8519 0.8487
15.0243 0.8523 0.8490
15.0413 0.8526 0.8494
15.0583 0.8530 0.8497
15.0753 0.8533 0.8501
15.0922 0.8537 0.8504
15.1092 0.8541 0.8508
15.1262 0.8544 0.8512
15.1432 0.8548 0.8515
15.1601 0.8551 0.8519
15.1771 0.8555 0.8523
15.1941 0.8558 0.8527
15.2111 0.8562 0.8530
15.2280 0.8565 0.8534
15.2450 0.8569 0.8538
15.2620 0.8572 0.8542
15.2790 0.8576 0.8546
15.2960 0.8579 0.8550
15.3129 0.8583 0.8554
15.3299 0.8586 0.8558
15.3469 0.8590 0.8562
15.3639 0.8593 0.8566
15.3808 0.8597 0.8570
15.3978 0.8600 0.8574
15.4148 0.8604 0.8578
15.4318 0.8607 0.8582
15.4487 0.8611 0.8586
15.4657 0.8615 0.8590
15.4827 0.8618 0.8594
15.4997 0.8622 0.8598
15.5166 0.8626 0.8602
15.5336 0.8630 0.8606
15.5506 0.8633 0.8610
15.5676 0.8637 0.8614
15.5846 0.8641 0.8618
15.6015 0.8645 0.8621
15.6185 0.8649 0.8625
15.6355 0.8653 0.8629
15.6525 0.8657 0.8633
15.6694 0.8661 0.8636
15.6864 0.8665 0.8640
15.7034 0.8668 0.8644
15.7204 0.8672 0.8647
15.7373 0.8676 0.8651
15.7543 0.8680 0.8654
15.7713 0.8683 0.8658
15.7883 0.8687 0.8661
15.8053 0.8690 0.8665
15.8222 0.8694 0.8668
15.8392 0.8697 0.8671
15.8562 0.8701 0.8675
15.8732 0.8704 0.8678
15.8901 0.8707 0.8681
15.9071 0.8710 0.8684
15.9241 0.8714 0.8688
15.9411 0.8717 0.8691
15.9580 0.8720 0.8694
15.9750 0.8723 0.8697
15.9920 0.8726 0.8701
16.0090 0.8729 0.8704
16.0259 0.8733 0.8707
16.0429 0.8736 0.8711
16.0599 0.8739 0.8714
16.0769 0.8742 0.8717
16.0939 0.8745 0.8721
16.1108 0.8748 0.8724
16.1278 0.8752 0.8728
16.1448 0.8755 0.8731
16.1618 0.8758 0.8735
16.1787 0.8761 0.8738
16.1957 0.8765 0.8742
16.2127 0.8768 0.8745
16.2297 0.8771 0.8749
16.2466 0.8774 0.8752
16.2636 0.8778 0.8756
16.2806 0.8781 0.8759
16.2976 0.8784 0.8763
16.3146 0.8788 0.8766
16.3315 0.8791 0.8770
16.3485 0.8794 0.8773
16.3655 0.8797 0.8777
16.3825 0.8801 0.8780
16.3994 0.8804 0.8783
16.4164 0.8807 0.8786
16.4334 0.8811 0.8790
16.4504 0.8814 0.8793
16.4673 0.8818 0.8796
16.4843 0.8821 0.8799
16.5013 0.8824 0.8802
16.5183 0.8828 0.8805
16.5352 0.8831 0.8808
16.5522 0.8834 0.8811
16.5692 0.8838 0.8814
16.5862 0.8841 0.8817
16.6032 0.8844 0.8820
16.6201 0.8847 0.8823
16.6371 0.8851 0.8826
16.6541 0.8854 0.8828
16.6711 0.8857 0.8831
16.6880 0.8860 0.8834
16.7050 0.8864 0.8837
16.7220 0.8867 0.8840
16.7390 0.8870 0.8843
16.7559 0.8873 0.8846
16.7729 0.8876 0.8849
16.7899 0.8879 0.8852
16.8069 0.8882 0.8855
16.8239 0.8885 0.8858
16.8408 0.8888 0.8861
16.8578 0.8891 0.8864
16.8748 0.8894 0.8867
16.8918 0.8897 0.8870
16.9087 0.8900 0.8873
16.9257 0.8903 0.8876
16.9427 0.8906 0.8879
16.9597 0.8909 0.8882
16.9766 0.8912 0.8885
16.9936 0.8915 0.8888
17.0106 0.8918 0.8890
17.0276 0.8921 0.8893
17.0445 0.8924 0.8896
17.0615 0.8927 0.8899
17.0785 0.8930 0.8902
17.0955 0.8933 0.8905
17.1125 0.8935 0.8907
17.1294 0.8938 0.8910
17.1464 0.8941 0.8913
17.1634 0.8943 0.8916
17.1804 0.8946 0.8919
17.1973 0.8949 0.8922
17.2143 0.8951 0.8925
17.2313 0.8954 0.8928
17.2483 0.8956 0.8931
17.2652 0.8959 0.8933
17.2822 0.8961 0.8936
17.2992 0.8963 0.8939
17.3162 0.8966 0.8942
17.3332 0.8968 0.8945
17.3501 0.8970 0.8948
17.3671 0.8973 0.8950
17.3841 0.8975 0.8953
17.4011 0.8977 0.8956
17.4180 0.8980 0.8959
17.4350 0.8982 0.8961
17.4520 0.8984 0.8964
17.4690 0.8986 0.8966
17.4859 0.8989 0.8969
17.5029 0.8991 0.8972
17.5199 0.8993 0.8974
17.5369 0.8996 0.8977
17.5538 0.8998 0.8979
17.5708 0.9001 0.8982
17.5878 0.9003 0.8984
17.6048 0.9005 0.8986
17.6218 0.9008 0.8989
17.6387 0.9010 0.8991
17.6557 0.9013 0.8994
17.6727 0.9015 0.8996
17.6897 0.9017 0.8998
17.7066 0.9020 0.9001
17.7236 0.9022 0.9003
17.7406 0.9025 0.9005
17.7576 0.9027 0.9008
17.7745 0.9029 0.9010
17.7915 0.9032 0.9012
17.8085 0.9034 0.9014
17.8255 0.9037 0.9017
17.8424 0.9039 0.9019
17.8594 0.9041 0.9021
17.8764 0.9043 0.9024
17.8934 0.9046 0.9026
17.9104 0.9048 0.9028
17.9273 0.9050 0.9030
17.9443 0.9053 0.9033
17.9613 0.9055 0.9035
17.9783 0.9057 0.9037
17.9952 0.9059 0.9039
18.0122 0.9061 0.9042
18.0292 0.9064 0.9044
18.0462 0.9066 0.9046
18.0631 0.9068 0.9048
18.0801 0.9070 0.9051
18.0971 0.9072 0.9053
18.1141 0.9075 0.9055
18.1311 0.9077 0.9057
18.1480 0.9079 0.9060
18.1650 0.9081 0.9062
18.1820 0.9083 0.9064
18.1990 0.9086 0.9066
18.2159 0.9088 0.9069
18.2329 0.9090 0.9071
18.2499 0.9092 0.9073
18.2669 0.9094 0.9075
18.2838 0.9096 0.9078
18.3008 0.9099 0.9080
18.3178 0.9101 0.9082
18.3348 0.9103 0.9084
18.3517 0.9105 0.9086
18.3687 0.9107 0.9089
18.3857 0.9109 0.9091
18.4027 0.9111 0.9093
18.4197 0.9114 0.9095
18.4366 0.9116 0.9097
18.4536 0.9118 0.9099
18.4706 0.9120 0.9101
18.4876 0.9122 0.9104
18.5045 0.9124 0.9106
18.5215 0.9126 0.9108
18.5385 0.9128 0.9110
18.5555 0.9130 0.9112
18.5724 0.9132 0.9114
18.5894 0.9134 0.9116
18.6064 0.9136 0.9118
18.6234 0.9138 0.9120
18.6404 0.9140 0.9122
18.6573 0.9142 0.9124
18.6743 0.9144 0.9126
18.6913 0.9146 0.9127
18.7083 0.9147 0.9129
18.7252 0.9149 0.9131
18.7422 0.9151 0.9133
18.7592 0.9153 0.9135
18.7762 0.9155 0.9137
18.7931 0.9157 0.9139
18.8101 0.9159 0.9141
18.8271 0.9161 0.9143
18.8441 0.9162 0.9145
18.8610 0.9164 0.9147
18.8780 0.9166 0.9149
18.8950 0.9168 0.9150
18.9120 0.9170 0.9152
18.9290 0.9172 0.9154
18.9459 0.9174 0.9156
18.9629 0.9175 0.9158
18.9799 0.9177 0.9160
18.9969 0.9179 0.9162
19.0138 0.9181 0.9164
19.0308 0.9183 0.9166
19.0478 0.9185 0.9168
19.0648 0.9186 0.9169
19.0817 0.9188 0.9171
19.0987 0.9190 0.9173
19.1157 0.9192 0.9175
19.1327 0.9194 0.9177
19.1497 0.9196 0.9179
19.1666 0.9197 0.9181
19.1836 0.9199 0.9182
19.2006 0.9201 0.9184
19.2176 0.9203 0.9186
19.2345 0.9204 0.9188
19.2515 0.9206 0.9190
19.2685 0.9208 0.9191
19.2855 0.9210 0.9193
19.3024 0.9212 0.9195
19.3194 0.9213 0.9197
19.3364 0.9215 0.9198
19.3534 0.9217 0.9200
19.3703 0.9218 0.9202
19.3873 0.9220 0.9204
19.4043 0.9222 0.9205
19.4213 0.9224 0.9207
19.4383 0.9225 0.9209
19.4552 0.9227 0.9210
19.4722 0.9229 0.9212
19.4892 0.9230 0.9214
19.5062 0.9232 0.9215
19.5231 0.9233 0.9217
19.5401 0.9235 0.9219
19.5571 0.9237 0.9220
19.5741 0.9238 0.9222
19.5910 0.9240 0.9224
19.6080 0.9241 0.9225
19.6250 0.9243 0.9227
19.6420 0.9245 0.9229
19.6589 0.9246 0.9230
19.6759 0.9248 0.9232
19.6929 0.9249 0.9234
19.7099 0.9251 0.9235
19.7269 0.9252 0.9237
19.7438 0.9254 0.9238
19.7608 0.9255 0.9240
19.7778 0.9257 0.9242
19.7948 0.9258 0.9243
19.8117 0.9260 0.9245
19.8287 0.9262 0.9246
19.8457 0.9263 0.9248
19.8627 0.9265 0.9249
19.8796 0.9266 0.9251
19.8966 0.9268 0.9253
19.9136 0.9269 0.9254
19.9306 0.9271 0.9256
19.9476 0.9272 0.9257
19.9645 0.9274 0.9259
19.9815 0.9275 0.9261
19.9985 0.9277 0.9262
20.0155 0.9278 0.9264
20.0324 0.9280 0.9265
20.0494 0.9281 0.9267
20.0664 0.9282 0.9268
20.0834 0.9284 0.9270
20.1003 0.9285 0.9271
20.1173 0.9287 0.9273
20.1343 0.9288 0.9274
20.1513 0.9290 0.9276
20.1682 0.9291 0.9277
20.1852 0.9293 0.9279
20.2022 0.9294 0.9280
20.2192 0.9296 0.9282
20.2362 0.9297 0.9283
20.2531 0.9299 0.9285
20.2701 0.9300 0.9286
20.2871 0.9301 0.9288
20.3041 0.9303 0.9289
20.3210 0.9304 0.9291
20.3380 0.9306 0.9292
20.3550 0.9307 0.9294
20.3720 0.9308 0.9295
20.3889 0.9310 0.9296
20.4059 0.9311 0.9298
20.4229 0.9312 0.9299
20.4399 0.9314 0.9301
20.4569 0.9315 0.9302
20.4738 0.9317 0.9304
20.4908 0.9318 0.9305
20.5078 0.9319 0.9306
20.5248 0.9321 0.9308
20.5417 0.9322 0.9309
20.5587 0.9323 0.9311
20.5757 0.9324 0.9312
20.5927 0.9326 0.9313
20.6096 0.9327 0.9315
20.6266 0.9328 0.9316
20.6436 0.9330 0.9317
20.6606 0.9331 0.9319
20.6775 0.9332 0.9320
20.6945 0.9334 0.9321
20.7115 0.9335 0.9323
20.7285 0.9336 0.9324
20.7455 0.9337 0.9325
20.7624 0.9339 0.9327
20.7794 0.9340 0.9328
20.7964 0.9341 0.9329
20.8134 0.9343 0.9331
20.8303 0.9344 0.9332
20.8473 0.9345 0.9333
20.8643 0.9346 0.9335
20.8813 0.9348 0.9336
20.8982 0.9349 0.9337
20.9152 0.9350 0.9338
20.9322 0.9352 0.9340
20.9492 0.9353 0.9341
20.9662 0.9354 0.9342
20.9831 0.9355 0.9344
21.0001 0.9357 0.9345
21.0171 0.9358 0.9346
21.0341 0.9359 0.9348
21.0510 0.9360 0.9349
21.0680 0.9362 0.9350
21.0850 0.9363 0.9351
21.1020 0.9364 0.9353
21.1189 0.9365 0.9354
21.1359 0.9367 0.9355
21.1529 0.9368 0.9356
21.1699 0.9369 0.9358
21.1868 0.9370 0.9359
21.2038 0.9371 0.9360
21.2208 0.9373 0.9361
21.2378 0.9374 0.9363
21.2548 0.9375 0.9364
21.2717 0.9376 0.9365
21.2887 0.9378 0.9366
21.3057 0.9379 0.9368
21.3227 0.9380 0.9369
21.3396 0.9381 0.9370
21.3566 0.9382 0.9371
21.3736 0.9384 0.9372
21.3906 0.9385 0.9374
21.4075 0.9386 0.9375
21.4245 0.9387 0.9376
21.4415 0.9388 0.9377
21.4585 0.9389 0.9378
21.4755 0.9391 0.9379
21.4924 0.9392 0.9381
21.5094 0.9393 0.9382
21.5264 0.9394 0.9383
21.5434 0.9395 0.9384
21.5603 0.9396 0.9385
21.5773 0.9397 0.9386
21.5943 0.9398 0.9388
21.6113 0.9400 0.9389
21.6282 0.9401 0.9390
21.6452 0.9402 0.9391
21.6622 0.9403 0.9392
21.6792 0.9404 0.9393
21.6961 0.9405 0.9394
21.7131 0.9406 0.9395
21.7301 0.9407 0.9396
21.7471 0.9408 0.9398
21.7641 0.9410 0.9399
21.7810 0.9411 0.9400
21.7980 0.9412 0.9401
21.8150 0.9413 0.9402
21.8320 0.9414 0.9403
21.8489 0.9415 0.9404
21.8659 0.9416 0.9405
21.8829 0.9417 0.9406
21.8999 0.9418 0.9407
21.9168 0.9419 0.9409
21.9338 0.9420 0.9410
21.9508 0.9421 0.9411
21.9678 0.9422 0.9412
21.9847 0.9423 0.9413
22.0017 0.9424 0.9414
22.0187 0.9425 0.9415
22.0357 0.9426 0.9416
22.0527 0.9428 0.9417
22.0696 0.9429 0.9418
22.0866 0.9430 0.9419
22.1036 0.9431 0.9420
22.1206 0.9432 0.9421
22.1375 0.9433 0.9422
22.1545 0.9434 0.9423
22.1715 0.9435 0.9424
22.1885 0.9436 0.9426
22.2054 0.9437 0.9427
22.2224 0.9438 0.9428
22.2394 0.9439 0.9429
22.2564 0.9440 0.9430
22.2734 0.9441 0.9431
22.2903 0.9442 0.9432
22.3073 0.9443 0.9433
22.3243 0.9444 0.9434
22.3413 0.9445 0.9435
22.3582 0.9446 0.9436
22.3752 0.9447 0.9437
22.3922 0.9448 0.9438
22.4092 0.9448 0.9439
22.4261 0.9449 0.9440
22.4431 0.9450 0.9441
22.4601 0.9451 0.9442
22.4771 0.9452 0.9443
22.4940 0.9453 0.9444
22.5110 0.9454 0.9444
22.5280 0.9455 0.9445
22.5450 0.9456 0.9446
22.5620 0.9457 0.9447
22.5789 0.9458 0.9448
22.5959 0.9459 0.9449
22.6129 0.9460 0.9450
22.6299 0.9461 0.9451
22.6468 0.9462 0.9452
22.6638 0.9463 0.9453
22.6808 0.9464 0.9454
22.6978 0.9465 0.9455
22.7147 0.9465 0.9456
22.7317 0.9466 0.9457
22.7487 0.9467 0.9458
22.7657 0.9468 0.9459
22.7827 0.9469 0.9460
22.7996 0.9470 0.9461
22.8166 0.9471 0.9462
22.8336 0.9472 0.9462
22.8506 0.9473 0.9463
22.8675 0.9474 0.9464
22.8845 0.9475 0.9465
22.9015 0.9475 0.9466
22.9185 0.9476 0.9467
22.9354 0.9477 0.9468
22.9524 0.9478 0.9469
22.9694 0.9479 0.9470
22.9864 0.9480 0.9471
23.0033 0.9481 0.9472
23.0203 0.9482 0.9472
23.0373 0.9483 0.9473
23.0543 0.9483 0.9474
23.0713 0.9484 0.9475
23.0882 0.9485 0.9476
23.1052 0.9486 0.9477
23.1222 0.9487 0.9478
23.1392 0.9488 0.9479
23.1561 0.9489 0.9480
23.1731 0.9489 0.9480
23.1901 0.9490 0.9481
23.2071 0.9491 0.9482
23.2240 0.9492 0.9483
23.2410 0.9493 0.9484
23.2580 0.9494 0.9485
23.2750 0.9495 0.9486
23.2920 0.9495 0.9486
23.3089 0.9496 0.9487
23.3259 0.9497 0.9488
23.3429 0.9498 0.9489
23.3599 0.9499 0.9490
23.3768 0.9500 0.9491
23.3938 0.9500 0.9491
23.4108 0.9501 0.9492
23.4278 0.9502 0.9493
23.4447 0.9503 0.9494
23.4617 0.9504 0.9495
23.4787 0.9504 0.9496
23.4957 0.9505 0.9496
23.5126 0.9506 0.9497
23.5296 0.9507 0.9498
23.5466 0.9508 0.9499
23.5636 0.9508 0.9500
23.5806 0.9509 0.9500
23.5975 0.9510 0.9501
23.6145 0.9511 0.9502
23.6315 0.9511 0.9503
23.6485 0.9512 0.9504
23.6654 0.9513 0.9504
23.6824 0.9514 0.9505
23.6994 0.9515 0.9506
23.7164 0.9515 0.9507
23.7333 0.9516 0.9508
23.7503 0.9517 0.9508
23.7673 0.9518 0.9509
23.7843 0.9518 0.9510
23.8013 0.9519 0.9511
23.8182 0.9520 0.9511
23.8352 0.9521 0.9512
23.8522 0.9521 0.9513
23.8692 0.9522 0.9514
23.8861 0.9523 0.9515
23.9031 0.9524 0.9515
23.9201 0.9524 0.9516
23.9371 0.9525 0.9517
23.9540 0.9526 0.9518
23.9710 0.9527 0.9518
23.9880 0.9527 0.9519
24.0050 0.9528 0.9520
24.0219 0.9529 0.9521
24.0389 0.9530 0.9521
24.0559 0.9530 0.9522
24.0729 0.9531 0.9523
24.0899 0.9532 0.9524
24.1068 0.9532 0.9524
24.1238 0.9533 0.9525
24.1408 0.9534 0.9526
24.1578 0.9535 0.9527
24.1747 0.9535 0.9527
24.1917 0.9536 0.9528
24.2087 0.9537 0.9529
24.2257 0.9538 0.9530
24.2426 0.9538 0.9530
24.2596 0.9539 0.9531
24.2766 0.9540 0.9532
24.2936 0.9540 0.9532
24.3105 0.9541 0.9533
24.3275 0.9542 0.9534
24.3445 0.9543 0.9535
24.3615 0.9543 0.9535
24.3785 0.9544 0.9536
24.3954 0.9545 0.9537
24.4124 0.9545 0.9538
24.4294 0.9546 0.9538
24.4464 0.9547 0.9539
24.4633 0.9548 0.9540
24.4803 0.9548 0.9540
24.4973 0.9549 0.9541
24.5143 0.9550 0.9542
24.5312 0.9550 0.9542
24.5482 0.9551 0.9543
24.5652 0.9552 0.9544
24.5822 0.9552 0.9545
24.5992 0.9553 0.9545
24.6161 0.9554 0.9546
24.6331 0.9554 0.9547
24.6501 0.9555 0.9547
24.6671 0.9556 0.9548
24.6840 0.9556 0.9549
24.7010 0.9557 0.9549
24.7180 0.9558 0.9550
24.7350 0.9558 0.9551
24.7519 0.9559 0.9552
24.7689 0.9560 0.9552
24.7859 0.9560 0.9553
24.8029 0.9561 0.9554
24.8198 0.9562 0.9554
24.8368 0.9562 0.9555
24.8538 0.9563 0.9556
24.8708 0.9564 0.9556
24.8878 0.9564 0.9557
24.9047 0.9565 0.9558
24.9217 0.9566 0.9558
24.9387 0.9566 0.9559
24.9557 0.9567 0.9560
24.9726 0.9568 0.9560
24.9896 0.9568 0.9561
25.0066 0.9569 0.9562
25.0236 0.9570 0.9562
25.0405 0.9570 0.9563
25.0575 0.9571 0.9564
25.0745 0.9572 0.9564
25.0915 0.9572 0.9565
25.1085 0.9573 0.9566
25.1254 0.9573 0.9566
25.1424 0.9574 0.9567
25.1594 0.9575 0.9567
25.1764 0.9575 0.9568
25.1933 0.9576 0.9569
25.2103 0.9577 0.9569
25.2273 0.9577 0.9570
25.2443 0.9578 0.9571
25.2612 0.9579 0.9571
25.2782 0.9579 0.9572
25.2952 0.9580 0.9573
25.3122 0.9580 0.9573
25.3291 0.9581 0.9574
25.3461 0.9582 0.9575
25.3631 0.9582 0.9575
25.3801 0.9583 0.9576
25.3971 0.9584 0.9576
25.4140 0.9584 0.9577
25.4310 0.9585 0.9578
25.4480 0.9585 0.9578
25.4650 0.9586 0.9579
25.4819 0.9587 0.9580
25.4989 0.9587 0.9580
25.5159 0.9588 0.9581
25.5329 0.9588 0.9582
25.5498 0.9589 0.9582
25.5668 0.9590 0.9583
25.5838 0.9590 0.9583
25.6008 0.9591 0.9584
25.6178 0.9591 0.9585
25.6347 0.9592 0.9585
25.6517 0.9593 0.9586
25.6687 0.9593 0.9586
25.6857 0.9594 0.9587
25.7026 0.9594 0.9588
25.7196 0.9595 0.9588
25.7366 0.9596 0.9589
25.7536 0.9596 0.9589
25.7705 0.9597 0.9590
25.7875 0.9597 0.9591
25.8045 0.9598 0.9591
25.8215 0.9599 0.9592
25.8384 0.9599 0.9592
25.8554 0.9600 0.9593
25.8724 0.9600 0.9594
25.8894 0.9601 0.9594
25.9064 0.9602 0.9595
25.9233 0.9602 0.9595
25.9403 0.9603 0.9596
25.9573 0.9603 0.9597
25.9743 0.9604 0.9597
25.9912 0.9604 0.9598
26.0082 0.9605 0.9598
26.0252 0.9606 0.9599
26.0422 0.9606 0.9599
26.0591 0.9607 0.9600
26.0761 0.9607 0.9601
26.0931 0.9608 0.9601
26.1101 0.9608 0.9602
26.1271 0.9609 0.9602
26.1440 0.9609 0.9603
26.1610 0.9610 0.9603
26.1780 0.9611 0.9604
26.1950 0.9611 0.9605
26.2119 0.9612 0.9605
26.2289 0.9612 0.9606
26.2459 0.9613 0.9606
26.2629 0.9613 0.9607
26.2798 0.9614 0.9607
26.2968 0.9614 0.9608
26.3138 0.9615 0.9609
26.3308 0.9616 0.9609
26.3477 0.9616 0.9610
26.3647 0.9617 0.9610
26.3817 0.9617 0.9611
26.3987 0.9618 0.9611
26.4157 0.9618 0.9612
26.4326 0.9619 0.9612
26.4496 0.9619 0.9613
26.4666 0.9620 0.9614
26.4836 0.9620 0.9614
26.5005 0.9621 0.9615
26.5175 0.9622 0.9615
26.5345 0.9622 0.9616
26.5515 0.9623 0.9616
26.5684 0.9623 0.9617
26.5854 0.9624 0.9617
26.6024 0.9624 0.9618
26.6194 0.9625 0.9618
26.6363 0.9625 0.9619
26.6533 0.9626 0.9619
26.6703 0.9626 0.9620
26.6873 0.9627 0.9621
26.7043 0.9627 0.9621
26.7212 0.9628 0.9622
26.7382 0.9628 0.9622
26.7552 0.9629 0.9623
26.7722 0.9629 0.9623
26.7891 0.9630 0.9624
26.8061 0.9630 0.9624
26.8231 0.9631 0.9625
26.8401 0.9631 0.9625
26.8570 0.9632 0.9626
26.8740 0.9632 0.9626
26.8910 0.9633 0.9627
26.9080 0.9634 0.9627
26.9250 0.9634 0.9628
26.9419 0.9635 0.9628
26.9589 0.9635 0.9629
26.9759 0.9636 0.9629
26.9929 0.9636 0.9630
27.0098 0.9637 0.9630
27.0268 0.9637 0.9631
27.0438 0.9638 0.9632
27.0608 0.9638 0.9632
27.0777 0.9639 0.9633
27.0947 0.9639 0.9633
27.1117 0.9640 0.9634
27.1287 0.9640 0.9634
27.1456 0.9641 0.9635
27.1626 0.9641 0.9635
27.1796 0.9642 0.9636
27.1966 0.9642 0.9636
27.2136 0.9642 0.9637
27.2305 0.9643 0.9637
27.2475 0.9643 0.9638
27.2645 0.9644 0.9638
27.2815 0.9644 0.9639
27.2984 0.9645 0.9639
27.3154 0.9645 0.9640
27.3324 0.9646 0.9640
27.3494 0.9646 0.9641
27.3663 0.9647 0.9641
27.3833 0.9647 0.9642
27.4003 0.9648 0.9642
27.4173 0.9648 0.9642
27.4343 0.9649 0.9643
27.4512 0.9649 0.9643
27.4682 0.9650 0.9644
27.4852 0.9650 0.9644
27.5022 0.9651 0.9645
27.5191 0.9651 0.9645
27.5361 0.9652 0.9646
27.5531 0.9652 0.9646
27.5701 0.9653 0.9647
27.5870 0.9653 0.9647
27.6040 0.9653 0.9648
27.6210 0.9654 0.9648
27.6380 0.9654 0.9649
27.6549 0.9655 0.9649
27.6719 0.9655 0.9650
27.6889 0.9656 0.9650
27.7059 0.9656 0.9651
27.7229 0.9657 0.9651
27.7398 0.9657 0.9652
27.7568 0.9658 0.9652
27.7738 0.9658 0.9652
27.7908 0.9659 0.9653
27.8077 0.9659 0.9653
27.8247 0.9659 0.9654
27.8417 0.9660 0.9654
27.8587 0.9660 0.9655
27.8756 0.9661 0.9655
27.8926 0.9661 0.9656
27.9096 0.9662 0.9656
27.9266 0.9662 0.9657
27.9436 0.9663 0.9657
27.9605 0.9663 0.9658
27.9775 0.9664 0.9658
27.9945 0.9664 0.9658
28.0115 0.9664 0.9659
28.0284 0.9665 0.9659
28.0454 0.9665 0.9660
28.0624 0.9666 0.9660
28.0794 0.9666 0.9661
28.0963 0.9667 0.9661
28.1133 0.9667 0.9662
28.1303 0.9667 0.9662
28.1473 0.9668 0.9662
28.1642 0.9668 0.9663
28.1812 0.9669 0.9663
28.1982 0.9669 0.9664
28.2152 0.9670 0.9664
28.2322 0.9670 0.9665
28.2491 0.9671 0.9665
28.2661 0.9671 0.9666
28.2831 0.9671 0.9666
28.3001 0.9672 0.9666
28.3170 0.9672 0.9667
28.3340 0.9673 0.9667
28.3510 0.9673 0.9668
28.3680 0.9674 0.9668
28.3849 0.9674 0.9669
28.4019 0.9674 0.9669
28.4189 0.9675 0.9669
28.4359 0.9675 0.9670
28.4528 0.9676 0.9670
28.4698 0.9676 0.9671
28.4868 0.9676 0.9671
28.5038 0.9677 0.9672
28.5208 0.9677 0.9672
28.5377 0.9678 0.9672
28.5547 0.9678 0.9673
28.5717 0.9679 0.9673
28.5887 0.9679 0.9674
28.6056 0.9679 0.9674
28.6226 0.9680 0.9675
28.6396 0.9680 0.9675
28.6566 0.9681 0.9675
28.6735 0.9681 0.9676
28.6905 0.9681 0.9676
28.7075 0.9682 0.9677
28.7245 0.9682 0.9677
28.7415 0.9683 0.9677
28.7584 0.9683 0.9678
28.7754 0.9683 0.9678
28.7924 0.9684 0.9679
28.8094 0.9684 0.9679
28.8263 0.9685 0.9680
28.8433 0.9685 0.9680
28.8603 0.9685 0.9680
28.8773 0.9686 0.9681
28.8942 0.9686 0.9681
28.9112 0.9687 0.9682
28.9282 0.9687 0.9682
28.9452 0.9687 0.9682
28.9621 0.9688 0.9683
28.9791 0.9688 0.9683
28.9961 0.9689 0.9684
29.0131 0.9689 0.9684
29.0301 0.9689 0.9684
29.0470 0.9690 0.9685
29.0640 0.9690 0.9685
29.0810 0.9691 0.9686
29.0980 0.9691 0.9686
29.1149 0.9691 0.9686
29.1319 0.9692 0.9687
29.1489 0.9692 0.9687
29.1659 0.9693 0.9688
29.1828 0.9693 0.9688
29.1998 0.9693 0.9688
29.2168 0.9694 0.9689
29.2338 0.9694 0.9689
29.2508 0.9694 0.9689
29.2677 0.9695 0.9690
29.2847 0.9695 0.9690
29.3017 0.9696 0.9691
29.3187 0.9696 0.9691
29.3356 0.9696 0.9691
29.3526 0.9697 0.9692
29.3696 0.9697 0.9692
29.3866 0.9698 0.9693
29.4035 0.9698 0.9693
29.4205 0.9698 0.9693
29.4375 0.9699 0.9694
29.4545 0.9699 0.9694
29.4714 0.9699 0.9694
29.4884 0.9700 0.9695
29.5054 0.9700 0.9695
29.5224 0.9700 0.9696
29.5394 0.9701 0.9696
29.5563 0.9701 0.9696
29.5733 0.9702 0.9697
29.5903 0.9702 0.9697
29.6073 0.9702 0.9697
29.6242 0.9703 0.9698
29.6412 0.9703 0.9698
29.6582 0.9703 0.9699
29.6752 0.9704 0.9699
29.6921 0.9704 0.9699
29.7091 0.9705 0.9700
29.7261 0.9705 0.9700
29.7431 0.9705 0.9700
29.7601 0.9706 0.9701
29.7770 0.9706 0.9701
29.7940 0.9706 0.9702
29.8110 0.9707 0.9702
29.8280 0.9707 0.9702
29.8449 0.9707 0.9703
29.8619 0.9708 0.9703
29.8789 0.9708 0.9703
29.8959 0.9708 0.9704
29.9128 0.9709 0.9704
29.9298 0.9709 0.9704
29.9468 0.9710 0.9705
29.9638 0.9710 0.9705
29.9807 0.9710 0.9705
29.9977 0.9711 0.9706
30.0147 0.9711 0.9706
30.0317 0.9711 0.9707
30.0487 0.9712 0.9707
30.0656 0.9712 0.9707
30.0826 0.9712 0.9708
30.0996 0.9713 0.9708
30.1166 0.9713 0.9708
30.1335 0.9713 0.9709
30.1505 0.9714 0.9709
30.1675 0.9714 0.9709
30.1845 0.9714 0.9710
30.2014 0.9715 0.9710
30.2184 0.9715 0.9710
30.2354 0.9715 0.9711
30.2524 0.9716 0.9711
30.2694 0.9716 0.9711
30.2863 0.9716 0.9712
30.3033 0.9717 0.9712
30.3203 0.9717 0.9713
30.3373 0.9717 0.9713
30.3542 0.9718 0.9713
30.3712 0.9718 0.9714
30.3882 0.9718 0.9714
30.4052 0.9719 0.9714
30.4221 0.9719 0.9715
30.4391 0.9719 0.9715
30.4561 0.9720 0.9715
30.4731 0.9720 0.9716
30.4900 0.9720 0.9716
30.5070 0.9721 0.9716
30.5240 0.9721 0.9717
30.5410 0.9721 0.9717
30.5580 0.9722 0.9717
30.5749 0.9722 0.9718
30.5919 0.9722 0.9718
30.6089 0.9723 0.9718
30.6259 0.9723 0.9719
30.6428 0.9723 0.9719
30.6598 0.9724 0.9719
30.6768 0.9724 0.9720
30.6938 0.9724 0.9720
30.7107 0.9725 0.9720
30.7277 0.9725 0.9721
30.7447 0.9725 0.9721
30.7617 0.9726 0.9721
30.7786 0.9726 0.9722
30.7956 0.9726 0.9722
30.8126 0.9727 0.9722
30.8296 0.9727 0.9723
30.8466 0.9727 0.9723
30.8635 0.9728 0.9723
30.8805 0.9728 0.9724
30.8975 0.9728 0.9724
30.9145 0.9729 0.9724
30.9314 0.9729 0.9725
30.9484 0.9729 0.9725
30.9654 0.9730 0.9725
30.9824 0.9730 0.9725
30.9993 0.9730 0.9726
31.0163 0.9730 0.9726
31.0333 0.9731 0.9726
31.0503 0.9731 0.9727
31.0673 0.9731 0.9727
31.0842 0.9732 0.9727
31.1012 0.9732 0.9728
31.1182 0.9732 0.9728
31.1352 0.9733 0.9728
31.1521 0.9733 0.9729
31.1691 0.9733 0.9729
31.1861 0.9734 0.9729
31.2031 0.9734 0.9730
31.2200 0.9734 0.9730
31.2370 0.9735 0.9730
31.2540 0.9735 0.9731
31.2710 0.9735 0.9731
31.2879 0.9735 0.9731
31.3049 0.9736 0.9731
31.3219 0.9736 0.9732
31.3389 0.9736 0.9732
31.3559 0.9737 0.9732
31.3728 0.9737 0.9733
31.3898 0.9737 0.9733
31.4068 0.9738 0.9733
31.4238 0.9738 0.9734
31.4407 0.9738 0.9734
31.4577 0.9738 0.9734
31.4747 0.9739 0.9735
31.4917 0.9739 0.9735
31.5086 0.9739 0.9735
31.5256 0.9740 0.9735
31.5426 0.9740 0.9736
31.5596 0.9740 0.9736
31.5766 0.9741 0.9736
31.5935 0.9741 0.9737
31.6105 0.9741 0.9737
31.6275 0.9741 0.9737
31.6445 0.9742 0.9738
31.6614 0.9742 0.9738
31.6784 0.9742 0.9738
31.6954 0.9743 0.9738
31.7124 0.9743 0.9739
31.7293 0.9743 0.9739
31.7463 0.9743 0.9739
31.7633 0.9744 0.9740
31.7803 0.9744 0.9740
31.7972 0.9744 0.9740
31.8142 0.9745 0.9741
31.8312 0.9745 0.9741
31.8482 0.9745 0.9741
31.8652 0.9746 0.9741
31.8821 0.9746 0.9742
31.8991 0.9746 0.9742
31.9161 0.9746 0.9742
31.9331 0.9747 0.9743
31.9500 0.9747 0.9743
31.9670 0.9747 0.9743
31.9840 0.9748 0.9743
32.0010 0.9748 0.9744
32.0179 0.9748 0.9744
32.0349 0.9748 0.9744
32.0519 0.9749 0.9745
32.0689 0.9749 0.9745
32.0859 0.9749 0.9745
32.1028 0.9749 0.9745
32.1198 0.9750 0.9746
32.1368 0.9750 0.9746
32.1538 0.9750 0.9746
32.1707 0.9751 0.9747
32.1877 0.9751 0.9747
32.2047 0.9751 0.9747
32.2217 0.9751 0.9747
32.2386 0.9752 0.9748
32.2556 0.9752 0.9748
32.2726 0.9752 0.9748
32.2896 0.9753 0.9749
32.3065 0.9753 0.9749
32.3235 0.9753 0.9749
32.3405 0.9753 0.9749
32.3575 0.9754 0.9750
32.3745 0.9754 0.9750
32.3914 0.9754 0.9750
32.4084 0.9754 0.9750
32.4254 0.9755 0.9751
32.4424 0.9755 0.9751
32.4593 0.9755 0.9751
32.4763 0.9756 0.9752
32.4933 0.9756 0.9752
32.5103 0.9756 0.9752
32.5272 0.9756 0.9752
32.5442 0.9757 0.9753
32.5612 0.9757 0.9753
32.5782 0.9757 0.9753
32.5952 0.9757 0.9753
32.6121 0.9758 0.9754
32.6291 0.9758 0.9754
32.6461 0.9758 0.9754
32.6631 0.9758 0.9755
32.6800 0.9759 0.9755
32.6970 0.9759 0.9755
32.7140 0.9759 0.9755
32.7310 0.9760 0.9756
32.7479 0.9760 0.9756
32.7649 0.9760 0.9756
32.7819 0.9760 0.9756
32.7989 0.9761 0.9757
32.8158 0.9761 0.9757
32.8328 0.9761 0.9757
32.8498 0.9761 0.9758
32.8668 0.9762 0.9758
32.8838 0.9762 0.9758
32.9007 0.9762 0.9758
32.9177 0.9762 0.9759
32.9347 0.9763 0.9759
32.9517 0.9763 0.9759
32.9686 0.9763 0.9759
32.9856 0.9763 0.9760
33.0026 0.9764 0.9760
33.0196 0.9764 0.9760
33.0365 0.9764 0.9760
33.0535 0.9764 0.9761
33.0705 0.9765 0.9761
33.0875 0.9765 0.9761
33.1044 0.9765 0.9761
33.1214 0.9765 0.9762
33.1384 0.9766 0.9762
33.1554 0.9766 0.9762
33.1724 0.9766 0.9762
33.1893 0.9766 0.9763
33.2063 0.9767 0.9763
33.2233 0.9767 0.9763
33.2403 0.9767 0.9763
33.2572 0.9767 0.9764
33.2742 0.9768 0.9764
33.2912 0.9768 0.9764
33.3082 0.9768 0.9764
33.3251 0.9768 0.9765
33.3421 0.9769 0.9765
33.3591 0.9769 0.9765
33.3761 0.9769 0.9766
33.3931 0.9769 0.9766
33.4100 0.9770 0.9766
33.4270 0.9770 0.9766
33.4440 0.9770 0.9767
33.4610 0.9770 0.9767
33.4779 0.9771 0.9767
33.4949 0.9771 0.9767
33.5119 0.9771 0.9768
33.5289 0.9771 0.9768
33.5458 0.9772 0.9768
33.5628 0.9772 0.9768
33.5798 0.9772 0.9768
33.5968 0.9772 0.9769
33.6137 0.9773 0.9769
33.6307 0.9773 0.9769
33.6477 0.9773 0.9769
33.6647 0.9773 0.9770
33.6817 0.9774 0.9770
33.6986 0.9774 0.9770
33.7156 0.9774 0.9770
33.7326 0.9774 0.9771
33.7496 0.9775 0.9771
33.7665 0.9775 0.9771
33.7835 0.9775 0.9771
33.8005 0.9775 0.9772
33.8175 0.9776 0.9772
33.8344 0.9776 0.9772
33.8514 0.9776 0.9772
33.8684 0.9776 0.9773
33.8854 0.9776 0.9773
33.9024 0.9777 0.9773
33.9193 0.9777 0.9773
33.9363 0.9777 0.9774
  
  
  
  
  
dim="1">gridpoints</dimension>  
  
  
  
  
  
  
  
  
0.0000 1.0788 0.7958
0.0170 1.0788 0.7958
0.0340 1.0871 0.8007
0.0509 1.1006 0.8089
0.0679 1.1192 0.8205
0.0849 1.1424 0.8353
0.1019 1.1697 0.8535
0.1188 1.2005 0.8751
0.1358 1.2340 0.8999
0.1528 1.2697 0.9281
0.1698 1.3066 0.9595
0.1867 1.3439 0.9941
0.2037 1.3807 1.0316
0.2207 1.4163 1.0720
0.2377 1.4497 1.1151
0.2546 1.4802 1.1604
0.2716 1.5072 1.2079
0.2886 1.5299 1.2570
0.3056 1.5479 1.3075
0.3226 1.5607 1.3590
0.3395 1.5682 1.4110
0.3565 1.5701 1.4632
0.3735 1.5665 1.5151
0.3905 1.5575 1.5663
0.4074 1.5434 1.6165
0.4244 1.5246 1.6651
0.4414 1.5016 1.7118
0.4584 1.4750 1.7562
0.4753 1.4455 1.7980
0.4923 1.4138 1.8368
0.5093 1.3806 1.8723
0.5263 1.3467 1.9042
0.5433 1.3129 1.9321
0.5602 1.2797 1.9558
0.5772 1.2478 1.9748
0.5942 1.2178 1.9891
0.6112 1.1901 1.9982
0.6281 1.1650 2.0020
0.6451 1.1427 2.0003
0.6621 1.1234 1.9930
0.6791 1.1071 1.9799
0.6960 1.0936 1.9611
0.7130 1.0828 1.9367
0.7300 1.0745 1.9069
0.7470 1.0682 1.8719
0.7639 1.0637 1.8321
0.7809 1.0605 1.7880
0.7979 1.0583 1.7402
0.8149 1.0566 1.6893
0.8319 1.0552 1.6359
0.8488 1.0536 1.5808
0.8658 1.0516 1.5248
0.8828 1.0490 1.4685
0.8998 1.0455 1.4126
0.9167 1.0411 1.3578
0.9337 1.0357 1.3048
0.9507 1.0292 1.2538
0.9677 1.0216 1.2055
0.9846 1.0131 1.1600
1.0016 1.0035 1.1176
1.0186 0.9931 1.0783
1.0356 0.9817 1.0423
1.0526 0.9696 1.0093
1.0695 0.9568 0.9794
1.0865 0.9433 0.9523
1.1035 0.9291 0.9278
1.1205 0.9143 0.9056
1.1374 0.8988 0.8857
1.1544 0.8828 0.8676
1.1714 0.8661 0.8512
1.1884 0.8487 0.8363
1.2053 0.8308 0.8228
1.2223 0.8124 0.8106
1.2393 0.7934 0.7995
1.2563 0.7740 0.7896
1.2732 0.7543 0.7808
1.2902 0.7344 0.7730
1.3072 0.7144 0.7664
1.3242 0.6946 0.7609
1.3412 0.6750 0.7565
1.3581 0.6559 0.7533
1.3751 0.6374 0.7511
1.3921 0.6198 0.7500
1.4091 0.6032 0.7500
1.4260 0.5878 0.7508
1.4430 0.5736 0.7524
1.4600 0.5608 0.7546
1.4770 0.5496 0.7573
1.4939 0.5399 0.7602
1.5109 0.5317 0.7631
1.5279 0.5252 0.7658
1.5449 0.5203 0.7682
1.5619 0.5169 0.7699
1.5788 0.5151 0.7707
1.5958 0.5147 0.7706
1.6128 0.5156 0.7694
1.6298 0.5178 0.7668
1.6467 0.5211 0.7630
1.6637 0.5255 0.7577
1.6807 0.5307 0.7510
1.6977 0.5366 0.7430
1.7146 0.5432 0.7338
1.7316 0.5502 0.7233
1.7486 0.5575 0.7118
1.7656 0.5650 0.6994
1.7825 0.5726 0.6862
1.7995 0.5801 0.6725
1.8165 0.5875 0.6583
1.8335 0.5947 0.6439
1.8505 0.6015 0.6295
1.8674 0.6080 0.6151
1.8844 0.6141 0.6009
1.9014 0.6196 0.5871
1.9184 0.6247 0.5737
1.9353 0.6292 0.5608
1.9523 0.6332 0.5485
1.9693 0.6365 0.5368
1.9863 0.6393 0.5259
2.0032 0.6414 0.5157
2.0202 0.6428 0.5063
2.0372 0.6436 0.4977
2.0542 0.6436 0.4899
2.0712 0.6430 0.4830
2.0881 0.6417 0.4769
2.1051 0.6396 0.4716
2.1221 0.6368 0.4672
2.1391 0.6334 0.4635
2.1560 0.6292 0.4606
2.1730 0.6245 0.4585
2.1900 0.6191 0.4571
2.2070 0.6132 0.4564
2.2239 0.6067 0.4564
2.2409 0.5999 0.4569
2.2579 0.5928 0.4579
2.2749 0.5855 0.4595
2.2918 0.5780 0.4614
2.3088 0.5705 0.4637
2.3258 0.5630 0.4664
2.3428 0.5558 0.4692
2.3598 0.5488 0.4723
2.3767 0.5422 0.4754
2.3937 0.5360 0.4787
2.4107 0.5304 0.4819
2.4277 0.5254 0.4852
2.4446 0.5211 0.4884
2.4616 0.5176 0.4915
2.4786 0.5148 0.4944
2.4956 0.5128 0.4973
2.5125 0.5116 0.4999
2.5295 0.5112 0.5024
2.5465 0.5116 0.5046
2.5635 0.5127 0.5066
2.5804 0.5145 0.5084
2.5974 0.5170 0.5098
2.6144 0.5200 0.5110
2.6314 0.5235 0.5119
2.6484 0.5273 0.5125
2.6653 0.5314 0.5128
2.6823 0.5356 0.5127
2.6993 0.5398 0.5122
2.7163 0.5439 0.5113
2.7332 0.5478 0.5101
2.7502 0.5514 0.5084
2.7672 0.5546 0.5064
2.7842 0.5573 0.5039
2.8011 0.5594 0.5011
2.8181 0.5610 0.4978
2.8351 0.5621 0.4942
2.8521 0.5626 0.4902
2.8691 0.5625 0.4859
2.8860 0.5620 0.4814
2.9030 0.5611 0.4766
2.9200 0.5598 0.4717
2.9370 0.5583 0.4667
2.9539 0.5566 0.4616
2.9709 0.5549 0.4567
2.9879 0.5531 0.4518
3.0049 0.5515 0.4471
3.0218 0.5501 0.4427
3.0388 0.5490 0.4386
3.0558 0.5481 0.4348
3.0728 0.5475 0.4314
3.0897 0.5474 0.4285
3.1067 0.5475 0.4259
3.1237 0.5480 0.4238
3.1407 0.5488 0.4220
3.1577 0.5499 0.4207
3.1746 0.5513 0.4198
3.1916 0.5528 0.4192
3.2086 0.5545 0.4189
3.2256 0.5562 0.4189
3.2425 0.5579 0.4192
3.2595 0.5597 0.4196
3.2765 0.5613 0.4203
3.2935 0.5627 0.4212
3.3104 0.5640 0.4221
3.3274 0.5651 0.4232
3.3444 0.5659 0.4244
3.3614 0.5664 0.4257
3.3784 0.5666 0.4271
3.3953 0.5665 0.4285
3.4123 0.5660 0.4299
3.4293 0.5653 0.4314
3.4463 0.5642 0.4329
3.4632 0.5628 0.4343
3.4802 0.5612 0.4357
3.4972 0.5592 0.4370
3.5142 0.5571 0.4382
3.5311 0.5548 0.4393
3.5481 0.5523 0.4401
3.5651 0.5497 0.4407
3.5821 0.5472 0.4411
3.5990 0.5446 0.4412
3.6160 0.5421 0.4411
3.6330 0.5397 0.4406
3.6500 0.5374 0.4399
3.6670 0.5355 0.4390
3.6839 0.5337 0.4378
3.7009 0.5323 0.4365
3.7179 0.5312 0.4351
3.7349 0.5304 0.4336
3.7518 0.5301 0.4322
3.7688 0.5301 0.4309
3.7858 0.5305 0.4298
3.8028 0.5312 0.4290
3.8197 0.5324 0.4285
3.8367 0.5339 0.4284
3.8537 0.5358 0.4288
3.8707 0.5380 0.4297
3.8877 0.5405 0.4311
3.9046 0.5432 0.4332
3.9216 0.5463 0.4357
3.9386 0.5495 0.4389
3.9556 0.5530 0.4425
3.9725 0.5566 0.4467
3.9895 0.5603 0.4512
4.0065 0.5641 0.4562
4.0235 0.5679 0.4615
4.0404 0.5718 0.4669
4.0574 0.5757 0.4726
4.0744 0.5795 0.4784
4.0914 0.5832 0.4841
4.1083 0.5869 0.4899
4.1253 0.5903 0.4956
4.1423 0.5937 0.5011
4.1593 0.5968 0.5064
4.1763 0.5997 0.5115
4.1932 0.6024 0.5164
4.2102 0.6048 0.5210
4.2272 0.6070 0.5254
4.2442 0.6089 0.5295
4.2611 0.6105 0.5334
4.2781 0.6119 0.5369
4.2951 0.6130 0.5403
4.3121 0.6138 0.5434
4.3290 0.6144 0.5462
4.3460 0.6148 0.5489
4.3630 0.6149 0.5513
4.3800 0.6148 0.5536
4.3969 0.6146 0.5556
4.4139 0.6142 0.5574
4.4309 0.6137 0.5591
4.4479 0.6132 0.5606
4.4649 0.6126 0.5619
4.4818 0.6120 0.5630
4.4988 0.6113 0.5640
4.5158 0.6107 0.5649
4.5328 0.6102 0.5656
4.5497 0.6097 0.5663
4.5667 0.6093 0.5668
4.5837 0.6090 0.5673
4.6007 0.6087 0.5677
4.6176 0.6085 0.5681
4.6346 0.6084 0.5684
4.6516 0.6083 0.5688
4.6686 0.6083 0.5692
4.6856 0.6083 0.5696
4.7025 0.6083 0.5701
4.7195 0.6082 0.5706
4.7365 0.6081 0.5712
4.7535 0.6080 0.5719
4.7704 0.6078 0.5726
4.7874 0.6075 0.5734
4.8044 0.6071 0.5742
4.8214 0.6066 0.5751
4.8383 0.6059 0.5760
4.8553 0.6052 0.5769
4.8723 0.6043 0.5777
4.8893 0.6033 0.5786
4.9062 0.6023 0.5793
4.9232 0.6011 0.5799
4.9402 0.5998 0.5805
4.9572 0.5984 0.5809
4.9742 0.5970 0.5812
4.9911 0.5955 0.5814
5.0081 0.5940 0.5815
5.0251 0.5924 0.5814
5.0421 0.5908 0.5813
5.0590 0.5892 0.5810
5.0760 0.5877 0.5807
5.0930 0.5861 0.5803
5.1100 0.5846 0.5799
5.1269 0.5832 0.5795
5.1439 0.5818 0.5791
5.1609 0.5805 0.5787
5.1779 0.5793 0.5785
5.1949 0.5782 0.5783
5.2118 0.5772 0.5782
5.2288 0.5764 0.5782
5.2458 0.5757 0.5784
5.2628 0.5751 0.5786
5.2797 0.5746 0.5791
5.2967 0.5743 0.5796
5.3137 0.5741 0.5804
5.3307 0.5740 0.5812
5.3476 0.5741 0.5822
5.3646 0.5742 0.5833
5.3816 0.5745 0.5845
5.3986 0.5749 0.5857
5.4155 0.5754 0.5871
5.4325 0.5759 0.5885
5.4495 0.5766 0.5900
5.4665 0.5773 0.5916
5.4835 0.5781 0.5931
5.5004 0.5789 0.5947
5.5174 0.5798 0.5963
5.5344 0.5808 0.5979
5.5514 0.5818 0.5995
5.5683 0.5829 0.6011
5.5853 0.5841 0.6027
5.6023 0.5853 0.6043
5.6193 0.5866 0.6059
5.6362 0.5879 0.6075
5.6532 0.5894 0.6092
5.6702 0.5909 0.6108
5.6872 0.5925 0.6125
5.7042 0.5942 0.6143
5.7211 0.5959 0.6161
5.7381 0.5978 0.6179
5.7551 0.5998 0.6198
5.7721 0.6018 0.6218
5.7890 0.6039 0.6238
5.8060 0.6062 0.6259
5.8230 0.6084 0.6281
5.8400 0.6108 0.6303
5.8569 0.6132 0.6326
5.8739 0.6156 0.6349
5.8909 0.6181 0.6373
5.9079 0.6205 0.6397
5.9248 0.6229 0.6422
5.9418 0.6253 0.6446
5.9588 0.6277 0.6471
5.9758 0.6300 0.6496
5.9928 0.6322 0.6521
6.0097 0.6343 0.6546
6.0267 0.6363 0.6571
6.0437 0.6381 0.6595
6.0607 0.6398 0.6619
6.0776 0.6414 0.6643
6.0946 0.6428 0.6666
6.1116 0.6441 0.6689
6.1286 0.6452 0.6711
6.1455 0.6461 0.6733
6.1625 0.6468 0.6754
6.1795 0.6474 0.6774
6.1965 0.6479 0.6794
6.2135 0.6482 0.6814
6.2304 0.6484 0.6832
6.2474 0.6485 0.6851
6.2644 0.6485 0.6868
6.2814 0.6484 0.6885
6.2983 0.6483 0.6901
6.3153 0.6482 0.6917
6.3323 0.6480 0.6932
6.3493 0.6480 0.6946
6.3662 0.6479 0.6959
6.3832 0.6479 0.6972
6.4002 0.6481 0.6984
6.4172 0.6483 0.6995
6.4341 0.6486 0.7005
6.4511 0.6491 0.7015
6.4681 0.6497 0.7024
6.4851 0.6505 0.7033
6.5021 0.6513 0.7041
6.5190 0.6523 0.7048
6.5360 0.6535 0.7055
6.5530 0.6547 0.7062
6.5700 0.6560 0.7068
6.5869 0.6574 0.7074
6.6039 0.6589 0.7080
6.6209 0.6604 0.7086
6.6379 0.6620 0.7091
6.6548 0.6636 0.7096
6.6718 0.6651 0.7102
6.6888 0.6667 0.7107
6.7058 0.6682 0.7112
6.7227 0.6697 0.7118
6.7397 0.6711 0.7123
6.7567 0.6724 0.7128
6.7737 0.6737 0.7134
6.7907 0.6748 0.7139
6.8076 0.6758 0.7144
6.8246 0.6767 0.7149
6.8416 0.6774 0.7154
6.8586 0.6781 0.7159
6.8755 0.6785 0.7163
6.8925 0.6788 0.7167
6.9095 0.6790 0.7171
6.9265 0.6791 0.7175
6.9434 0.6790 0.7178
6.9604 0.6787 0.7181
6.9774 0.6784 0.7184
6.9944 0.6780 0.7186
7.0114 0.6775 0.7188
7.0283 0.6769 0.7191
7.0453 0.6763 0.7193
7.0623 0.6757 0.7195
7.0793 0.6752 0.7197
7.0962 0.6747 0.7200
7.1132 0.6742 0.7202
7.1302 0.6739 0.7205
7.1472 0.6737 0.7209
7.1641 0.6737 0.7212
7.1811 0.6738 0.7216
7.1981 0.6741 0.7221
7.2151 0.6746 0.7226
7.2320 0.6754 0.7231
7.2490 0.6763 0.7236
7.2660 0.6774 0.7241
7.2830 0.6787 0.7247
7.3000 0.6801 0.7252
7.3169 0.6817 0.7257
7.3339 0.6834 0.7261
7.3509 0.6852 0.7265
7.3679 0.6871 0.7268
7.3848 0.6889 0.7270
7.4018 0.6908 0.7272
7.4188 0.6927 0.7272
7.4358 0.6945 0.7272
7.4527 0.6962 0.7270
7.4697 0.6978 0.7268
7.4867 0.6993 0.7264
7.5037 0.7007 0.7259
7.5207 0.7020 0.7254
7.5376 0.7032 0.7248
7.5546 0.7042 0.7241
7.5716 0.7050 0.7234
7.5886 0.7058 0.7226
7.6055 0.7064 0.7218
7.6225 0.7069 0.7210
7.6395 0.7073 0.7202
7.6565 0.7075 0.7194
7.6734 0.7077 0.7187
7.6904 0.7079 0.7181
7.7074 0.7079 0.7175
7.7244 0.7079 0.7170
7.7413 0.7079 0.7165
7.7583 0.7078 0.7162
7.7753 0.7076 0.7159
7.7923 0.7075 0.7158
7.8093 0.7073 0.7157
7.8262 0.7071 0.7157
7.8432 0.7069 0.7157
7.8602 0.7067 0.7159
7.8772 0.7065 0.7161
7.8941 0.7063 0.7163
7.9111 0.7062 0.7166
7.9281 0.7060 0.7169
7.9451 0.7058 0.7172
7.9620 0.7057 0.7175
7.9790 0.7056 0.7178
7.9960 0.7055 0.7182
8.0130 0.7055 0.7185
8.0300 0.7055 0.7188
8.0469 0.7055 0.7190
8.0639 0.7056 0.7193
8.0809 0.7058 0.7195
8.0979 0.7060 0.7196
8.1148 0.7063 0.7197
8.1318 0.7066 0.7197
8.1488 0.7069 0.7197
8.1658 0.7074 0.7197
8.1827 0.7078 0.7196
8.1997 0.7084 0.7194
8.2167 0.7089 0.7192
8.2337 0.7095 0.7189
8.2506 0.7102 0.7186
8.2676 0.7108 0.7183
8.2846 0.7115 0.7180
8.3016 0.7122 0.7176
8.3186 0.7129 0.7173
8.3355 0.7136 0.7169
8.3525 0.7142 0.7166
8.3695 0.7149 0.7164
8.3865 0.7156 0.7162
8.4034 0.7162 0.7160
8.4204 0.7168 0.7158
8.4374 0.7174 0.7158
8.4544 0.7180 0.7157
8.4713 0.7185 0.7157
8.4883 0.7190 0.7158
8.5053 0.7195 0.7159
8.5223 0.7199 0.7161
8.5393 0.7203 0.7163
8.5562 0.7206 0.7165
8.5732 0.7209 0.7167
8.5902 0.7211 0.7170
8.6072 0.7213 0.7173
8.6241 0.7215 0.7177
8.6411 0.7216 0.7180
8.6581 0.7217 0.7184
8.6751 0.7218 0.7188
8.6920 0.7218 0.7193
8.7090 0.7218 0.7197
8.7260 0.7217 0.7202
8.7430 0.7217 0.7207
8.7599 0.7216 0.7213
8.7769 0.7216 0.7218
8.7939 0.7215 0.7224
8.8109 0.7215 0.7230
8.8279 0.7214 0.7237
8.8448 0.7214 0.7243
8.8618 0.7214 0.7249
8.8788 0.7214 0.7256
8.8958 0.7214 0.7263
8.9127 0.7215 0.7269
8.9297 0.7216 0.7276
8.9467 0.7217 0.7282
8.9637 0.7218 0.7288
8.9806 0.7219 0.7294
8.9976 0.7221 0.7300
9.0146 0.7223 0.7305
9.0316 0.7224 0.7310
9.0485 0.7226 0.7314
9.0655 0.7228 0.7318
9.0825 0.7230 0.7322
9.0995 0.7232 0.7324
9.1165 0.7234 0.7326
9.1334 0.7236 0.7328
9.1504 0.7238 0.7329
9.1674 0.7239 0.7329
9.1844 0.7241 0.7329
9.2013 0.7242 0.7329
9.2183 0.7244 0.7328
9.2353 0.7245 0.7327
9.2523 0.7246 0.7325
9.2692 0.7248 0.7324
9.2862 0.7249 0.7322
9.3032 0.7251 0.7320
9.3202 0.7252 0.7319
9.3372 0.7254 0.7317
9.3541 0.7256 0.7316
9.3711 0.7258 0.7314
9.3881 0.7261 0.7313
9.4051 0.7264 0.7312
9.4220 0.7266 0.7311
9.4390 0.7269 0.7311
9.4560 0.7273 0.7310
9.4730 0.7276 0.7309
9.4899 0.7279 0.7309
9.5069 0.7283 0.7308
9.5239 0.7286 0.7308
9.5409 0.7290 0.7307
9.5578 0.7293 0.7307
9.5748 0.7297 0.7306
9.5918 0.7300 0.7305
9.6088 0.7304 0.7304
9.6258 0.7307 0.7303
9.6427 0.7310 0.7302
9.6597 0.7313 0.7301
9.6767 0.7317 0.7300
9.6937 0.7320 0.7299
9.7106 0.7323 0.7299
9.7276 0.7326 0.7298
9.7446 0.7329 0.7298
9.7616 0.7332 0.7297
9.7785 0.7335 0.7297
9.7955 0.7338 0.7297
9.8125 0.7342 0.7297
9.8295 0.7345 0.7298
9.8465 0.7348 0.7298
9.8634 0.7351 0.7299
9.8804 0.7355 0.7300
9.8974 0.7358 0.7301
9.9144 0.7361 0.7303
9.9313 0.7364 0.7304
9.9483 0.7367 0.7305
9.9653 0.7370 0.7307
9.9823 0.7373 0.7309
9.9992 0.7376 0.7311
10.0162 0.7379 0.7313
10.0332 0.7381 0.7315
10.0502 0.7384 0.7317
10.0671 0.7386 0.7320
10.0841 0.7388 0.7323
10.1011 0.7390 0.7325
10.1181 0.7392 0.7328
10.1351 0.7394 0.7332
10.1520 0.7397 0.7335
10.1690 0.7399 0.7338
10.1860 0.7401 0.7341
10.2030 0.7404 0.7345
10.2199 0.7407 0.7348
10.2369 0.7410 0.7351
10.2539 0.7414 0.7355
10.2709 0.7418 0.7358
10.2878 0.7422 0.7361
10.3048 0.7426 0.7363
10.3218 0.7431 0.7366
10.3388 0.7437 0.7368
10.3558 0.7442 0.7370
10.3727 0.7448 0.7372
10.3897 0.7455 0.7374
10.4067 0.7461 0.7375
10.4237 0.7468 0.7377
10.4406 0.7475 0.7378
10.4576 0.7482 0.7379
10.4746 0.7489 0.7380
10.4916 0.7496 0.7380
10.5085 0.7503 0.7381
10.5255 0.7510 0.7382
10.5425 0.7517 0.7382
10.5595 0.7524 0.7383
10.5764 0.7530 0.7384
10.5934 0.7536 0.7384
10.6104 0.7541 0.7385
10.6274 0.7546 0.7386
10.6444 0.7551 0.7387
10.6613 0.7555 0.7388
10.6783 0.7559 0.7389
10.6953 0.7562 0.7390
10.7123 0.7565 0.7392
10.7292 0.7567 0.7393
10.7462 0.7569 0.7395
10.7632 0.7571 0.7398
10.7802 0.7573 0.7400
10.7971 0.7574 0.7403
10.8141 0.7575 0.7406
10.8311 0.7576 0.7409
10.8481 0.7576 0.7412
10.8651 0.7577 0.7416
10.8820 0.7577 0.7420
10.8990 0.7578 0.7424
10.9160 0.7578 0.7428
10.9330 0.7578 0.7432
10.9499 0.7578 0.7437
10.9669 0.7579 0.7442
10.9839 0.7579 0.7447
11.0009 0.7579 0.7452
11.0178 0.7579 0.7457
11.0348 0.7579 0.7462
11.0518 0.7579 0.7467
11.0688 0.7579 0.7472
11.0857 0.7579 0.7477
11.1027 0.7580 0.7483
11.1197 0.7580 0.7488
11.1367 0.7580 0.7493
11.1537 0.7580 0.7498
11.1706 0.7581 0.7503
11.1876 0.7581 0.7508
11.2046 0.7582 0.7513
11.2216 0.7583 0.7518
11.2385 0.7584 0.7523
11.2555 0.7586 0.7528
11.2725 0.7587 0.7533
11.2895 0.7589 0.7537
11.3064 0.7591 0.7542
11.3234 0.7593 0.7547
11.3404 0.7596 0.7553
11.3574 0.7599 0.7558
11.3743 0.7602 0.7563
11.3913 0.7605 0.7568
11.4083 0.7608 0.7573
11.4253 0.7612 0.7579
11.4423 0.7616 0.7584
11.4592 0.7620 0.7590
11.4762 0.7624 0.7595
11.4932 0.7628 0.7601
11.5102 0.7633 0.7607
11.5271 0.7638 0.7612
11.5441 0.7643 0.7618
11.5611 0.7648 0.7624
11.5781 0.7653 0.7629
11.5950 0.7659 0.7635
11.6120 0.7664 0.7641
11.6290 0.7670 0.7647
11.6460 0.7676 0.7652
11.6630 0.7683 0.7658
11.6799 0.7689 0.7664
11.6969 0.7696 0.7670
11.7139 0.7703 0.7675
11.7309 0.7710 0.7681
11.7478 0.7717 0.7687
11.7648 0.7725 0.7693
11.7818 0.7732 0.7698
11.7988 0.7740 0.7704
11.8157 0.7747 0.7710
11.8327 0.7755 0.7715
11.8497 0.7762 0.7721
11.8667 0.7770 0.7726
11.8836 0.7777 0.7731
11.9006 0.7784 0.7737
11.9176 0.7791 0.7742
11.9346 0.7798 0.7746
11.9516 0.7804 0.7751
11.9685 0.7810 0.7755
11.9855 0.7815 0.7760
12.0025 0.7820 0.7764
12.0195 0.7825 0.7767
12.0364 0.7829 0.7771
12.0534 0.7833 0.7774
12.0704 0.7837 0.7778
12.0874 0.7840 0.7781
12.1043 0.7843 0.7784
12.1213 0.7845 0.7787
12.1383 0.7848 0.7789
12.1553 0.7850 0.7792
12.1723 0.7852 0.7795
12.1892 0.7854 0.7797
12.2062 0.7856 0.7800
12.2232 0.7858 0.7803
12.2402 0.7860 0.7805
12.2571 0.7862 0.7808
12.2741 0.7865 0.7810
12.2911 0.7867 0.7813
12.3081 0.7870 0.7816
12.3250 0.7873 0.7818
12.3420 0.7876 0.7821
12.3590 0.7880 0.7824
12.3760 0.7883 0.7827
12.3929 0.7887 0.7830
12.4099 0.7891 0.7834
12.4269 0.7895 0.7837
12.4439 0.7899 0.7841
12.4609 0.7903 0.7845
12.4778 0.7908 0.7849
12.4948 0.7912 0.7853
12.5118 0.7916 0.7857
12.5288 0.7921 0.7862
12.5457 0.7925 0.7867
12.5627 0.7930 0.7871
12.5797 0.7934 0.7876
12.5967 0.7939 0.7882
12.6136 0.7943 0.7887
12.6306 0.7947 0.7892
12.6476 0.7952 0.7897
12.6646 0.7956 0.7902
12.6816 0.7960 0.7908
12.6985 0.7964 0.7913
12.7155 0.7968 0.7918
12.7325 0.7972 0.7923
12.7495 0.7976 0.7929
12.7664 0.7980 0.7934
12.7834 0.7983 0.7939
12.8004 0.7987 0.7944
12.8174 0.7990 0.7949
12.8343 0.7994 0.7953
12.8513 0.7998 0.7958
12.8683 0.8001 0.7963
12.8853 0.8005 0.7967
12.9022 0.8008 0.7972
12.9192 0.8012 0.7977
12.9362 0.8016 0.7981
12.9532 0.8020 0.7986
12.9702 0.8024 0.7990
12.9871 0.8028 0.7995
13.0041 0.8032 0.8000
13.0211 0.8037 0.8004
13.0381 0.8042 0.8009
13.0550 0.8046 0.8014
13.0720 0.8051 0.8019
13.0890 0.8057 0.8024
13.1060 0.8062 0.8030
13.1229 0.8067 0.8035
13.1399 0.8072 0.8041
13.1569 0.8078 0.8046
13.1739 0.8083 0.8052
13.1908 0.8088 0.8058
13.2078 0.8094 0.8064
13.2248 0.8099 0.8069
13.2418 0.8104 0.8075
13.2588 0.8109 0.8081
13.2757 0.8114 0.8086
13.2927 0.8119 0.8092
13.3097 0.8123 0.8097
13.3267 0.8128 0.8102
13.3436 0.8132 0.8107
13.3606 0.8136 0.8112
13.3776 0.8141 0.8117
13.3946 0.8145 0.8121
13.4115 0.8149 0.8125
13.4285 0.8153 0.8129
13.4455 0.8157 0.8133
13.4625 0.8161 0.8137
13.4795 0.8164 0.8140
13.4964 0.8168 0.8144
13.5134 0.8172 0.8147
13.5304 0.8176 0.8150
13.5474 0.8180 0.8154
13.5643 0.8184 0.8157
13.5813 0.8188 0.8161
13.5983 0.8192 0.8164
13.6153 0.8196 0.8168
13.6322 0.8200 0.8171
13.6492 0.8204 0.8175
13.6662 0.8208 0.8179
13.6832 0.8213 0.8183
13.7001 0.8217 0.8187
13.7171 0.8221 0.8191
13.7341 0.8225 0.8195
13.7511 0.8229 0.8199
13.7681 0.8233 0.8204
13.7850 0.8237 0.8208
13.8020 0.8241 0.8212
13.8190 0.8245 0.8217
13.8360 0.8249 0.8221
13.8529 0.8253 0.8225
13.8699 0.8257 0.8230
13.8869 0.8261 0.8234
13.9039 0.8265 0.8238
13.9208 0.8269 0.8242
13.9378 0.8273 0.8246
13.9548 0.8277 0.8251
13.9718 0.8281 0.8255
13.9888 0.8285 0.8259
14.0057 0.8289 0.8263
14.0227 0.8293 0.8267
14.0397 0.8297 0.8271
14.0567 0.8301 0.8276
14.0736 0.8305 0.8280
14.0906 0.8309 0.8284
14.1076 0.8314 0.8288
14.1246 0.8318 0.8293
14.1415 0.8323 0.8297
14.1585 0.8327 0.8302
14.1755 0.8332 0.8306
14.1925 0.8336 0.8311
14.2094 0.8341 0.8315
14.2264 0.8346 0.8320
14.2434 0.8350 0.8324
14.2604 0.8355 0.8329
14.2774 0.8360 0.8334
14.2943 0.8364 0.8338
14.3113 0.8369 0.8343
14.3283 0.8374 0.8348
14.3453 0.8378 0.8352
14.3622 0.8383 0.8357
14.3792 0.8387 0.8361
14.3962 0.8392 0.8365
14.4132 0.8396 0.8370
14.4301 0.8400 0.8374
14.4471 0.8405 0.8378
14.4641 0.8409 0.8382
14.4811 0.8413 0.8386
14.4981 0.8417 0.8390
14.5150 0.8422 0.8394
14.5320 0.8426 0.8398
14.5490 0.8430 0.8402
14.5660 0.8434 0.8405
14.5829 0.8438 0.8409
14.5999 0.8442 0.8413
14.6169 0.8446 0.8416
14.6339 0.8450 0.8420
14.6508 0.8454 0.8424
14.6678 0.8458 0.8427
14.6848 0.8461 0.8431
14.7018 0.8465 0.8435
14.7187 0.8469 0.8438
14.7357 0.8473 0.8442
14.7527 0.8477 0.8446
14.7697 0.8481 0.8449
14.7867 0.8485 0.8453
14.8036 0.8488 0.8457
14.8206 0.8492 0.8460
14.8376 0.8496 0.8464
14.8546 0.8500 0.8468
14.8715 0.8503 0.8471
14.8885 0.8507 0.8475
14.9055 0.8511 0.8478
14.9225 0.8514 0.8481
14.9394 0.8518 0.8485
14.9564 0.8522 0.8488
14.9734 0.8525 0.8492
14.9904 0.8529 0.8495
15.0074 0.8533 0.8499
15.0243 0.8536 0.8502
15.0413 0.8540 0.8506
15.0583 0.8544 0.8509
15.0753 0.8547 0.8513
15.0922 0.8551 0.8516
15.1092 0.8554 0.8520
15.1262 0.8558 0.8524
15.1432 0.8561 0.8527
15.1601 0.8565 0.8531
15.1771 0.8568 0.8535
15.1941 0.8572 0.8538
15.2111 0.8575 0.8542
15.2280 0.8579 0.8546
15.2450 0.8582 0.8550
15.2620 0.8586 0.8554
15.2790 0.8589 0.8558
15.2960 0.8593 0.8562
15.3129 0.8596 0.8566
15.3299 0.8600 0.8570
15.3469 0.8603 0.8574
15.3639 0.8607 0.8578
15.3808 0.8610 0.8582
15.3978 0.8614 0.8586
15.4148 0.8617 0.8590
15.4318 0.8621 0.8594
15.4487 0.8624 0.8598
15.4657 0.8628 0.8602
15.4827 0.8632 0.8606
15.4997 0.8636 0.8610
15.5166 0.8639 0.8614
15.5336 0.8643 0.8618
15.5506 0.8647 0.8622
15.5676 0.8651 0.8626
15.5846 0.8655 0.8629
15.6015 0.8659 0.8633
15.6185 0.8663 0.8637
15.6355 0.8666 0.8641
15.6525 0.8670 0.8645
15.6694 0.8674 0.8648
15.6864 0.8678 0.8652
15.7034 0.8682 0.8656
15.7204 0.8686 0.8659
15.7373 0.8689 0.8663
15.7543 0.8693 0.8666
15.7713 0.8697 0.8670
15.7883 0.8700 0.8673
15.8053 0.8704 0.8676
15.8222 0.8707 0.8680
15.8392 0.8711 0.8683
15.8562 0.8714 0.8686
15.8732 0.8717 0.8690
15.8901 0.8720 0.8693
15.9071 0.8724 0.8696
15.9241 0.8727 0.8699
15.9411 0.8730 0.8703
15.9580 0.8733 0.8706
15.9750 0.8736 0.8709
15.9920 0.8740 0.8712
16.0090 0.8743 0.8716
16.0259 0.8746 0.8719
16.0429 0.8749 0.8722
16.0599 0.8752 0.8726
16.0769 0.8755 0.8729
16.0939 0.8758 0.8732
16.1108 0.8762 0.8736
16.1278 0.8765 0.8739
16.1448 0.8768 0.8743
16.1618 0.8771 0.8746
16.1787 0.8774 0.8750
16.1957 0.8778 0.8753
16.2127 0.8781 0.8757
16.2297 0.8784 0.8760
16.2466 0.8787 0.8764
16.2636 0.8791 0.8767
16.2806 0.8794 0.8771
16.2976 0.8797 0.8774
16.3146 0.8801 0.8778
16.3315 0.8804 0.8781
16.3485 0.8807 0.8785
16.3655 0.8810 0.8788
16.3825 0.8814 0.8791
16.3994 0.8817 0.8795
16.4164 0.8820 0.8798
16.4334 0.8824 0.8801
16.4504 0.8827 0.8804
16.4673 0.8830 0.8807
16.4843 0.8834 0.8810
16.5013 0.8837 0.8813
16.5183 0.8840 0.8816
16.5352 0.8844 0.8819
16.5522 0.8847 0.8822
16.5692 0.8850 0.8825
16.5862 0.8854 0.8828
16.6032 0.8857 0.8831
16.6201 0.8860 0.8834
16.6371 0.8863 0.8837
16.6541 0.8867 0.8840
16.6711 0.8870 0.8843
16.6880 0.8873 0.8846
16.7050 0.8876 0.8849
16.7220 0.8879 0.8852
16.7390 0.8882 0.8855
16.7559 0.8886 0.8858
16.7729 0.8889 0.8861
16.7899 0.8892 0.8864
16.8069 0.8895 0.8867
16.8239 0.8898 0.8870
16.8408 0.8901 0.8872
16.8578 0.8904 0.8875
16.8748 0.8907 0.8878
16.8918 0.8910 0.8881
16.9087 0.8913 0.8884
16.9257 0.8916 0.8887
16.9427 0.8919 0.8890
16.9597 0.8922 0.8893
16.9766 0.8925 0.8896
16.9936 0.8928 0.8898
17.0106 0.8930 0.8901
17.0276 0.8933 0.8904
17.0445 0.8936 0.8907
17.0615 0.8939 0.8910
17.0785 0.8942 0.8913
17.0955 0.8945 0.8916
17.1125 0.8947 0.8918
17.1294 0.8950 0.8921
17.1464 0.8953 0.8924
17.1634 0.8956 0.8927
17.1804 0.8958 0.8930
17.1973 0.8961 0.8933
17.2143 0.8963 0.8936
17.2313 0.8966 0.8938
17.2483 0.8968 0.8941
17.2652 0.8971 0.8944
17.2822 0.8973 0.8947
17.2992 0.8975 0.8950
17.3162 0.8978 0.8953
17.3332 0.8980 0.8956
17.3501 0.8982 0.8958
17.3671 0.8985 0.8961
17.3841 0.8987 0.8964
17.4011 0.8989 0.8967
17.4180 0.8991 0.8969
17.4350 0.8994 0.8972
17.4520 0.8996 0.8974
17.4690 0.8998 0.8977
17.4859 0.9000 0.8980
17.5029 0.9003 0.8982
17.5199 0.9005 0.8985
17.5369 0.9007 0.8987
17.5538 0.9010 0.8990
17.5708 0.9012 0.8992
17.5878 0.9015 0.8994
17.6048 0.9017 0.8997
17.6218 0.9019 0.8999
17.6387 0.9022 0.9002
17.6557 0.9024 0.9004
17.6727 0.9027 0.9006
17.6897 0.9029 0.9009
17.7066 0.9031 0.9011
17.7236 0.9034 0.9013
17.7406 0.9036 0.9016
17.7576 0.9039 0.9018
17.7745 0.9041 0.9020
17.7915 0.9043 0.9022
17.8085 0.9046 0.9025
17.8255 0.9048 0.9027
17.8424 0.9050 0.9029
17.8594 0.9053 0.9031
17.8764 0.9055 0.9034
17.8934 0.9057 0.9036
17.9104 0.9059 0.9038
17.9273 0.9062 0.9040
17.9443 0.9064 0.9043
17.9613 0.9066 0.9045
17.9783 0.9068 0.9047
17.9952 0.9070 0.9049
18.0122 0.9073 0.9052
18.0292 0.9075 0.9054
18.0462 0.9077 0.9056
18.0631 0.9079 0.9058
18.0801 0.9081 0.9061
18.0971 0.9084 0.9063
18.1141 0.9086 0.9065
18.1311 0.9088 0.9067
18.1480 0.9090 0.9070
18.1650 0.9092 0.9072
18.1820 0.9094 0.9074
18.1990 0.9097 0.9076
18.2159 0.9099 0.9078
18.2329 0.9101 0.9081
18.2499 0.9103 0.9083
18.2669 0.9105 0.9085
18.2838 0.9107 0.9087
18.3008 0.9110 0.9090
18.3178 0.9112 0.9092
18.3348 0.9114 0.9094
18.3517 0.9116 0.9096
18.3687 0.9118 0.9098
18.3857 0.9120 0.9100
18.4027 0.9122 0.9103
18.4197 0.9124 0.9105
18.4366 0.9126 0.9107
18.4536 0.9129 0.9109
18.4706 0.9131 0.9111
18.4876 0.9133 0.9113
18.5045 0.9135 0.9115
18.5215 0.9137 0.9117
18.5385 0.9139 0.9119
18.5555 0.9141 0.9121
18.5724 0.9143 0.9123
18.5894 0.9145 0.9125
18.6064 0.9147 0.9127
18.6234 0.9148 0.9129
18.6404 0.9150 0.9131
18.6573 0.9152 0.9133
18.6743 0.9154 0.9135
18.6913 0.9156 0.9137
18.7083 0.9158 0.9139
18.7252 0.9160 0.9141
18.7422 0.9162 0.9143
18.7592 0.9164 0.9145
18.7762 0.9165 0.9146
18.7931 0.9167 0.9148
18.8101 0.9169 0.9150
18.8271 0.9171 0.9152
18.8441 0.9173 0.9154
18.8610 0.9175 0.9156
18.8780 0.9176 0.9158
18.8950 0.9178 0.9160
18.9120 0.9180 0.9162
18.9290 0.9182 0.9164
18.9459 0.9184 0.9165
18.9629 0.9186 0.9167
18.9799 0.9188 0.9169
18.9969 0.9189 0.9171
19.0138 0.9191 0.9173
19.0308 0.9193 0.9175
19.0478 0.9195 0.9177
19.0648 0.9197 0.9179
19.0817 0.9198 0.9180
19.0987 0.9200 0.9182
19.1157 0.9202 0.9184
19.1327 0.9204 0.9186
19.1497 0.9206 0.9188
19.1666 0.9207 0.9190
19.1836 0.9209 0.9191
19.2006 0.9211 0.9193
19.2176 0.9213 0.9195
19.2345 0.9215 0.9197
19.2515 0.9216 0.9199
19.2685 0.9218 0.9200
19.2855 0.9220 0.9202
19.3024 0.9221 0.9204
19.3194 0.9223 0.9206
19.3364 0.9225 0.9207
19.3534 0.9227 0.9209
19.3703 0.9228 0.9211
19.3873 0.9230 0.9212
19.4043 0.9232 0.9214
19.4213 0.9233 0.9216
19.4383 0.9235 0.9218
19.4552 0.9237 0.9219
19.4722 0.9238 0.9221
19.4892 0.9240 0.9223
19.5062 0.9242 0.9224
19.5231 0.9243 0.9226
19.5401 0.9245 0.9228
19.5571 0.9246 0.9229
19.5741 0.9248 0.9231
19.5910 0.9250 0.9232
19.6080 0.9251 0.9234
19.6250 0.9253 0.9236
19.6420 0.9254 0.9237
19.6589 0.9256 0.9239
19.6759 0.9257 0.9241
19.6929 0.9259 0.9242
19.7099 0.9260 0.9244
19.7269 0.9262 0.9245
19.7438 0.9263 0.9247
19.7608 0.9265 0.9248
19.7778 0.9266 0.9250
19.7948 0.9268 0.9252
19.8117 0.9269 0.9253
19.8287 0.9271 0.9255
19.8457 0.9272 0.9256
19.8627 0.9274 0.9258
19.8796 0.9275 0.9260
19.8966 0.9277 0.9261
19.9136 0.9278 0.9263
19.9306 0.9280 0.9264
19.9476 0.9281 0.9266
19.9645 0.9283 0.9267
19.9815 0.9284 0.9269
19.9985 0.9286 0.9270
20.0155 0.9287 0.9272
20.0324 0.9289 0.9274
20.0494 0.9290 0.9275
20.0664 0.9292 0.9277
20.0834 0.9293 0.9278
20.1003 0.9295 0.9280
20.1173 0.9296 0.9281
20.1343 0.9298 0.9283
20.1513 0.9299 0.9284
20.1682 0.9300 0.9286
20.1852 0.9302 0.9287
20.2022 0.9303 0.9289
20.2192 0.9305 0.9290
20.2362 0.9306 0.9292
20.2531 0.9308 0.9293
20.2701 0.9309 0.9294
20.2871 0.9310 0.9296
20.3041 0.9312 0.9297
20.3210 0.9313 0.9299
20.3380 0.9315 0.9300
20.3550 0.9316 0.9302
20.3720 0.9317 0.9303
20.3889 0.9319 0.9305
20.4059 0.9320 0.9306
20.4229 0.9321 0.9307
20.4399 0.9323 0.9309
20.4569 0.9324 0.9310
20.4738 0.9325 0.9312
20.4908 0.9327 0.9313
20.5078 0.9328 0.9314
20.5248 0.9329 0.9316
20.5417 0.9331 0.9317
20.5587 0.9332 0.9318
20.5757 0.9333 0.9320
20.5927 0.9335 0.9321
20.6096 0.9336 0.9323
20.6266 0.9337 0.9324
20.6436 0.9338 0.9325
20.6606 0.9340 0.9327
20.6775 0.9341 0.9328
20.6945 0.9342 0.9329
20.7115 0.9344 0.9331
20.7285 0.9345 0.9332
20.7455 0.9346 0.9333
20.7624 0.9347 0.9335
20.7794 0.9349 0.9336
20.7964 0.9350 0.9337
20.8134 0.9351 0.9338
20.8303 0.9353 0.9340
20.8473 0.9354 0.9341
20.8643 0.9355 0.9342
20.8813 0.9356 0.9344
20.8982 0.9358 0.9345
20.9152 0.9359 0.9346
20.9322 0.9360 0.9347
20.9492 0.9361 0.9349
20.9662 0.9363 0.9350
20.9831 0.9364 0.9351
21.0001 0.9365 0.9353
21.0171 0.9366 0.9354
21.0341 0.9368 0.9355
21.0510 0.9369 0.9356
21.0680 0.9370 0.9358
21.0850 0.9371 0.9359
21.1020 0.9373 0.9360
21.1189 0.9374 0.9361
21.1359 0.9375 0.9363
21.1529 0.9376 0.9364
21.1699 0.9377 0.9365
21.1868 0.9379 0.9366
21.2038 0.9380 0.9368
21.2208 0.9381 0.9369
21.2378 0.9382 0.9370
21.2548 0.9383 0.9371
21.2717 0.9385 0.9373
21.2887 0.9386 0.9374
21.3057 0.9387 0.9375
21.3227 0.9388 0.9376
21.3396 0.9389 0.9377
21.3566 0.9391 0.9379
21.3736 0.9392 0.9380
21.3906 0.9393 0.9381
21.4075 0.9394 0.9382
21.4245 0.9395 0.9383
21.4415 0.9396 0.9384
21.4585 0.9397 0.9386
21.4755 0.9399 0.9387
21.4924 0.9400 0.9388
21.5094 0.9401 0.9389
21.5264 0.9402 0.9390
21.5434 0.9403 0.9391
21.5603 0.9404 0.9392
21.5773 0.9405 0.9394
21.5943 0.9406 0.9395
21.6113 0.9408 0.9396
21.6282 0.9409 0.9397
21.6452 0.9410 0.9398
21.6622 0.9411 0.9399
21.6792 0.9412 0.9400
21.6961 0.9413 0.9401
21.7131 0.9414 0.9403
21.7301 0.9415 0.9404
21.7471 0.9416 0.9405
21.7641 0.9417 0.9406
21.7810 0.9418 0.9407
21.7980 0.9420 0.9408
21.8150 0.9421 0.9409
21.8320 0.9422 0.9410
21.8489 0.9423 0.9411
21.8659 0.9424 0.9412
21.8829 0.9425 0.9413
21.8999 0.9426 0.9415
21.9168 0.9427 0.9416
21.9338 0.9428 0.9417
21.9508 0.9429 0.9418
21.9678 0.9430 0.9419
21.9847 0.9431 0.9420
22.0017 0.9432 0.9421
22.0187 0.9433 0.9422
22.0357 0.9434 0.9423
22.0527 0.9435 0.9424
22.0696 0.9436 0.9425
22.0866 0.9437 0.9426
22.1036 0.9438 0.9427
22.1206 0.9439 0.9428
22.1375 0.9440 0.9429
22.1545 0.9441 0.9430
22.1715 0.9442 0.9431
22.1885 0.9443 0.9432
22.2054 0.9444 0.9433
22.2224 0.9445 0.9434
22.2394 0.9446 0.9435
22.2564 0.9447 0.9436
22.2734 0.9448 0.9437
22.2903 0.9449 0.9438
22.3073 0.9450 0.9439
22.3243 0.9451 0.9440
22.3413 0.9452 0.9441
22.3582 0.9453 0.9442
22.3752 0.9454 0.9443
22.3922 0.9455 0.9444
22.4092 0.9456 0.9445
22.4261 0.9457 0.9446
22.4431 0.9458 0.9447
22.4601 0.9459 0.9448
22.4771 0.9460 0.9449
22.4940 0.9461 0.9450
22.5110 0.9462 0.9451
22.5280 0.9463 0.9452
22.5450 0.9464 0.9453
22.5620 0.9464 0.9454
22.5789 0.9465 0.9455
22.5959 0.9466 0.9456
22.6129 0.9467 0.9457
22.6299 0.9468 0.9458
22.6468 0.9469 0.9459
22.6638 0.9470 0.9460
22.6808 0.9471 0.9461
22.6978 0.9472 0.9462
22.7147 0.9473 0.9463
22.7317 0.9474 0.9463
22.7487 0.9475 0.9464
22.7657 0.9475 0.9465
22.7827 0.9476 0.9466
22.7996 0.9477 0.9467
22.8166 0.9478 0.9468
22.8336 0.9479 0.9469
22.8506 0.9480 0.9470
22.8675 0.9481 0.9471
22.8845 0.9482 0.9472
22.9015 0.9483 0.9473
22.9185 0.9484 0.9473
22.9354 0.9484 0.9474
22.9524 0.9485 0.9475
22.9694 0.9486 0.9476
22.9864 0.9487 0.9477
23.0033 0.9488 0.9478
23.0203 0.9489 0.9479
23.0373 0.9490 0.9480
23.0543 0.9491 0.9481
23.0713 0.9491 0.9481
23.0882 0.9492 0.9482
23.1052 0.9493 0.9483
23.1222 0.9494 0.9484
23.1392 0.9495 0.9485
23.1561 0.9496 0.9486
23.1731 0.9496 0.9487
23.1901 0.9497 0.9488
23.2071 0.9498 0.9488
23.2240 0.9499 0.9489
23.2410 0.9500 0.9490
23.2580 0.9501 0.9491
23.2750 0.9501 0.9492
23.2920 0.9502 0.9493
23.3089 0.9503 0.9493
23.3259 0.9504 0.9494
23.3429 0.9505 0.9495
23.3599 0.9506 0.9496
23.3768 0.9506 0.9497
23.3938 0.9507 0.9498
23.4108 0.9508 0.9498
23.4278 0.9509 0.9499
23.4447 0.9510 0.9500
23.4617 0.9510 0.9501
23.4787 0.9511 0.9502
23.4957 0.9512 0.9503
23.5126 0.9513 0.9503
23.5296 0.9514 0.9504
23.5466 0.9514 0.9505
23.5636 0.9515 0.9506
23.5806 0.9516 0.9507
23.5975 0.9517 0.9507
23.6145 0.9517 0.9508
23.6315 0.9518 0.9509
23.6485 0.9519 0.9510
23.6654 0.9520 0.9510
23.6824 0.9520 0.9511
23.6994 0.9521 0.9512
23.7164 0.9522 0.9513
23.7333 0.9523 0.9514
23.7503 0.9523 0.9514
23.7673 0.9524 0.9515
23.7843 0.9525 0.9516
23.8013 0.9526 0.9517
23.8182 0.9526 0.9517
23.8352 0.9527 0.9518
23.8522 0.9528 0.9519
23.8692 0.9529 0.9520
23.8861 0.9529 0.9520
23.9031 0.9530 0.9521
23.9201 0.9531 0.9522
23.9371 0.9532 0.9523
23.9540 0.9532 0.9524
23.9710 0.9533 0.9524
23.9880 0.9534 0.9525
24.0050 0.9535 0.9526
24.0219 0.9535 0.9527
24.0389 0.9536 0.9527
24.0559 0.9537 0.9528
24.0729 0.9537 0.9529
24.0899 0.9538 0.9529
24.1068 0.9539 0.9530
24.1238 0.9540 0.9531
24.1408 0.9540 0.9532
24.1578 0.9541 0.9532
24.1747 0.9542 0.9533
24.1917 0.9543 0.9534
24.2087 0.9543 0.9535
24.2257 0.9544 0.9535
24.2426 0.9545 0.9536
24.2596 0.9545 0.9537
24.2766 0.9546 0.9537
24.2936 0.9547 0.9538
24.3105 0.9548 0.9539
24.3275 0.9548 0.9540
24.3445 0.9549 0.9540
24.3615 0.9550 0.9541
24.3785 0.9550 0.9542
24.3954 0.9551 0.9542
24.4124 0.9552 0.9543
24.4294 0.9552 0.9544
24.4464 0.9553 0.9545
24.4633 0.9554 0.9545
24.4803 0.9554 0.9546
24.4973 0.9555 0.9547
24.5143 0.9556 0.9547
24.5312 0.9557 0.9548
24.5482 0.9557 0.9549
24.5652 0.9558 0.9549
24.5822 0.9559 0.9550
24.5992 0.9559 0.9551
24.6161 0.9560 0.9552
24.6331 0.9561 0.9552
24.6501 0.9561 0.9553
24.6671 0.9562 0.9554
24.6840 0.9563 0.9554
24.7010 0.9563 0.9555
24.7180 0.9564 0.9556
24.7350 0.9565 0.9556
24.7519 0.9565 0.9557
24.7689 0.9566 0.9558
24.7859 0.9567 0.9558
24.8029 0.9567 0.9559
24.8198 0.9568 0.9560
24.8368 0.9568 0.9560
24.8538 0.9569 0.9561
24.8708 0.9570 0.9562
24.8878 0.9570 0.9562
24.9047 0.9571 0.9563
24.9217 0.9572 0.9564
24.9387 0.9572 0.9564
24.9557 0.9573 0.9565
24.9726 0.9574 0.9566
24.9896 0.9574 0.9566
25.0066 0.9575 0.9567
25.0236 0.9576 0.9568
25.0405 0.9576 0.9568
25.0575 0.9577 0.9569
25.0745 0.9577 0.9570
25.0915 0.9578 0.9570
25.1085 0.9579 0.9571
25.1254 0.9579 0.9572
25.1424 0.9580 0.9572
25.1594 0.9581 0.9573
25.1764 0.9581 0.9573
25.1933 0.9582 0.9574
25.2103 0.9583 0.9575
25.2273 0.9583 0.9575
25.2443 0.9584 0.9576
25.2612 0.9584 0.9577
25.2782 0.9585 0.9577
25.2952 0.9586 0.9578
25.3122 0.9586 0.9579
25.3291 0.9587 0.9579
25.3461 0.9588 0.9580
25.3631 0.9588 0.9580
25.3801 0.9589 0.9581
25.3971 0.9589 0.9582
25.4140 0.9590 0.9582
25.4310 0.9591 0.9583
25.4480 0.9591 0.9584
25.4650 0.9592 0.9584
25.4819 0.9592 0.9585
25.4989 0.9593 0.9585
25.5159 0.9594 0.9586
25.5329 0.9594 0.9587
25.5498 0.9595 0.9587
25.5668 0.9595 0.9588
25.5838 0.9596 0.9589
25.6008 0.9597 0.9589
25.6178 0.9597 0.9590
25.6347 0.9598 0.9590
25.6517 0.9598 0.9591
25.6687 0.9599 0.9592
25.6857 0.9600 0.9592
25.7026 0.9600 0.9593
25.7196 0.9601 0.9593
25.7366 0.9601 0.9594
25.7536 0.9602 0.9595
25.7705 0.9603 0.9595
25.7875 0.9603 0.9596
25.8045 0.9604 0.9596
25.8215 0.9604 0.9597
25.8384 0.9605 0.9598
25.8554 0.9605 0.9598
25.8724 0.9606 0.9599
25.8894 0.9607 0.9599
25.9064 0.9607 0.9600
25.9233 0.9608 0.9600
25.9403 0.9608 0.9601
25.9573 0.9609 0.9602
25.9743 0.9609 0.9602
25.9912 0.9610 0.9603
26.0082 0.9611 0.9603
26.0252 0.9611 0.9604
26.0422 0.9612 0.9604
26.0591 0.9612 0.9605
26.0761 0.9613 0.9606
26.0931 0.9613 0.9606
26.1101 0.9614 0.9607
26.1271 0.9614 0.9607
26.1440 0.9615 0.9608
26.1610 0.9616 0.9608
26.1780 0.9616 0.9609
26.1950 0.9617 0.9610
26.2119 0.9617 0.9610
26.2289 0.9618 0.9611
26.2459 0.9618 0.9611
26.2629 0.9619 0.9612
26.2798 0.9619 0.9612
26.2968 0.9620 0.9613
26.3138 0.9620 0.9613
26.3308 0.9621 0.9614
26.3477 0.9622 0.9615
26.3647 0.9622 0.9615
26.3817 0.9623 0.9616
26.3987 0.9623 0.9616
26.4157 0.9624 0.9617
26.4326 0.9624 0.9617
26.4496 0.9625 0.9618
26.4666 0.9625 0.9618
26.4836 0.9626 0.9619
26.5005 0.9626 0.9619
26.5175 0.9627 0.9620
26.5345 0.9627 0.9621
26.5515 0.9628 0.9621
26.5684 0.9628 0.9622
26.5854 0.9629 0.9622
26.6024 0.9629 0.9623
26.6194 0.9630 0.9623
26.6363 0.9631 0.9624
26.6533 0.9631 0.9624
26.6703 0.9632 0.9625
26.6873 0.9632 0.9625
26.7043 0.9633 0.9626
26.7212 0.9633 0.9626
26.7382 0.9634 0.9627
26.7552 0.9634 0.9627
26.7722 0.9635 0.9628
26.7891 0.9635 0.9628
26.8061 0.9636 0.9629
26.8231 0.9636 0.9629
26.8401 0.9637 0.9630
26.8570 0.9637 0.9631
26.8740 0.9638 0.9631
26.8910 0.9638 0.9632
26.9080 0.9639 0.9632
26.9250 0.9639 0.9633
26.9419 0.9640 0.9633
26.9589 0.9640 0.9634
26.9759 0.9641 0.9634
26.9929 0.9641 0.9635
27.0098 0.9642 0.9635
27.0268 0.9642 0.9636
27.0438 0.9643 0.9636
27.0608 0.9643 0.9637
27.0777 0.9644 0.9637
27.0947 0.9644 0.9638
27.1117 0.9645 0.9638
27.1287 0.9645 0.9639
27.1456 0.9646 0.9639
27.1626 0.9646 0.9640
27.1796 0.9647 0.9640
27.1966 0.9647 0.9641
27.2136 0.9648 0.9641
27.2305 0.9648 0.9642
27.2475 0.9649 0.9642
27.2645 0.9649 0.9643
27.2815 0.9649 0.9643
27.2984 0.9650 0.9644
27.3154 0.9650 0.9644
27.3324 0.9651 0.9645
27.3494 0.9651 0.9645
27.3663 0.9652 0.9646
27.3833 0.9652 0.9646
27.4003 0.9653 0.9647
27.4173 0.9653 0.9647
27.4343 0.9654 0.9647
27.4512 0.9654 0.9648
27.4682 0.9655 0.9648
27.4852 0.9655 0.9649
27.5022 0.9656 0.9649
27.5191 0.9656 0.9650
27.5361 0.9657 0.9650
27.5531 0.9657 0.9651
27.5701 0.9657 0.9651
27.5870 0.9658 0.9652
27.6040 0.9658 0.9652
27.6210 0.9659 0.9653
27.6380 0.9659 0.9653
27.6549 0.9660 0.9654
27.6719 0.9660 0.9654
27.6889 0.9661 0.9655
27.7059 0.9661 0.9655
27.7229 0.9662 0.9655
27.7398 0.9662 0.9656
27.7568 0.9663 0.9656
27.7738 0.9663 0.9657
27.7908 0.9663 0.9657
27.8077 0.9664 0.9658
27.8247 0.9664 0.9658
27.8417 0.9665 0.9659
27.8587 0.9665 0.9659
27.8756 0.9666 0.9660
27.8926 0.9666 0.9660
27.9096 0.9667 0.9661
27.9266 0.9667 0.9661
27.9436 0.9667 0.9661
27.9605 0.9668 0.9662
27.9775 0.9668 0.9662
27.9945 0.9669 0.9663
28.0115 0.9669 0.9663
28.0284 0.9670 0.9664
28.0454 0.9670 0.9664
28.0624 0.9671 0.9665
28.0794 0.9671 0.9665
28.0963 0.9671 0.9665
28.1133 0.9672 0.9666
28.1303 0.9672 0.9666
28.1473 0.9673 0.9667
28.1642 0.9673 0.9667
28.1812 0.9674 0.9668
28.1982 0.9674 0.9668
28.2152 0.9674 0.9668
28.2322 0.9675 0.9669
28.2491 0.9675 0.9669
28.2661 0.9676 0.9670
28.2831 0.9676 0.9670
28.3001 0.9677 0.9671
28.3170 0.9677 0.9671
28.3340 0.9677 0.9672
28.3510 0.9678 0.9672
28.3680 0.9678 0.9672
28.3849 0.9679 0.9673
28.4019 0.9679 0.9673
28.4189 0.9679 0.9674
28.4359 0.9680 0.9674
28.4528 0.9680 0.9674
28.4698 0.9681 0.9675
28.4868 0.9681 0.9675
28.5038 0.9682 0.9676
28.5208 0.9682 0.9676
28.5377 0.9682 0.9677
28.5547 0.9683 0.9677
28.5717 0.9683 0.9677
28.5887 0.9684 0.9678
28.6056 0.9684 0.9678
28.6226 0.9684 0.9679
28.6396 0.9685 0.9679
28.6566 0.9685 0.9679
28.6735 0.9686 0.9680
28.6905 0.9686 0.9680
28.7075 0.9686 0.9681
28.7245 0.9687 0.9681
28.7415 0.9687 0.9682
28.7584 0.9688 0.9682
28.7754 0.9688 0.9682
28.7924 0.9688 0.9683
28.8094 0.9689 0.9683
28.8263 0.9689 0.9684
28.8433 0.9690 0.9684
28.8603 0.9690 0.9684
28.8773 0.9690 0.9685
28.8942 0.9691 0.9685
28.9112 0.9691 0.9686
28.9282 0.9692 0.9686
28.9452 0.9692 0.9686
28.9621 0.9692 0.9687
28.9791 0.9693 0.9687
28.9961 0.9693 0.9688
29.0131 0.9694 0.9688
29.0301 0.9694 0.9688
29.0470 0.9694 0.9689
29.0640 0.9695 0.9689
29.0810 0.9695 0.9690
29.0980 0.9695 0.9690
29.1149 0.9696 0.9690
29.1319 0.9696 0.9691
29.1489 0.9697 0.9691
29.1659 0.9697 0.9691
29.1828 0.9697 0.9692
29.1998 0.9698 0.9692
29.2168 0.9698 0.9693
29.2338 0.9698 0.9693
29.2508 0.9699 0.9693
29.2677 0.9699 0.9694
29.2847 0.9700 0.9694
29.3017 0.9700 0.9695
29.3187 0.9700 0.9695
29.3356 0.9701 0.9695
29.3526 0.9701 0.9696
29.3696 0.9701 0.9696
29.3866 0.9702 0.9696
29.4035 0.9702 0.9697
29.4205 0.9703 0.9697
29.4375 0.9703 0.9698
29.4545 0.9703 0.9698
29.4714 0.9704 0.9698
29.4884 0.9704 0.9699
29.5054 0.9704 0.9699
29.5224 0.9705 0.9699
29.5394 0.9705 0.9700
29.5563 0.9706 0.9700
29.5733 0.9706 0.9701
29.5903 0.9706 0.9701
29.6073 0.9707 0.9701
29.6242 0.9707 0.9702
29.6412 0.9707 0.9702
29.6582 0.9708 0.9702
29.6752 0.9708 0.9703
29.6921 0.9708 0.9703
29.7091 0.9709 0.9704
29.7261 0.9709 0.9704
29.7431 0.9709 0.9704
29.7601 0.9710 0.9705
29.7770 0.9710 0.9705
29.7940 0.9711 0.9705
29.8110 0.9711 0.9706
29.8280 0.9711 0.9706
29.8449 0.9712 0.9706
29.8619 0.9712 0.9707
29.8789 0.9712 0.9707
29.8959 0.9713 0.9707
29.9128 0.9713 0.9708
29.9298 0.9713 0.9708
29.9468 0.9714 0.9709
29.9638 0.9714 0.9709
29.9807 0.9714 0.9709
29.9977 0.9715 0.9710
30.0147 0.9715 0.9710
30.0317 0.9715 0.9710
30.0487 0.9716 0.9711
30.0656 0.9716 0.9711
30.0826 0.9716 0.9711
30.0996 0.9717 0.9712
30.1166 0.9717 0.9712
30.1335 0.9718 0.9712
30.1505 0.9718 0.9713
30.1675 0.9718 0.9713
30.1845 0.9719 0.9713
30.2014 0.9719 0.9714
30.2184 0.9719 0.9714
30.2354 0.9720 0.9714
30.2524 0.9720 0.9715
30.2694 0.9720 0.9715
30.2863 0.9721 0.9716
30.3033 0.9721 0.9716
30.3203 0.9721 0.9716
30.3373 0.9722 0.9717
30.3542 0.9722 0.9717
30.3712 0.9722 0.9717
30.3882 0.9723 0.9718
30.4052 0.9723 0.9718
30.4221 0.9723 0.9718
30.4391 0.9724 0.9719
30.4561 0.9724 0.9719
30.4731 0.9724 0.9719
30.4900 0.9725 0.9720
30.5070 0.9725 0.9720
30.5240 0.9725 0.9720
30.5410 0.9726 0.9721
30.5580 0.9726 0.9721
30.5749 0.9726 0.9721
30.5919 0.9726 0.9722
30.6089 0.9727 0.9722
30.6259 0.9727 0.9722
30.6428 0.9727 0.9723
30.6598 0.9728 0.9723
30.6768 0.9728 0.9723
30.6938 0.9728 0.9724
30.7107 0.9729 0.9724
30.7277 0.9729 0.9724
30.7447 0.9729 0.9725
30.7617 0.9730 0.9725
30.7786 0.9730 0.9725
30.7956 0.9730 0.9725
30.8126 0.9731 0.9726
30.8296 0.9731 0.9726
30.8466 0.9731 0.9726
30.8635 0.9732 0.9727
30.8805 0.9732 0.9727
30.8975 0.9732 0.9727
30.9145 0.9733 0.9728
30.9314 0.9733 0.9728
30.9484 0.9733 0.9728
30.9654 0.9733 0.9729
30.9824 0.9734 0.9729
30.9993 0.9734 0.9729
31.0163 0.9734 0.9730
31.0333 0.9735 0.9730
31.0503 0.9735 0.9730
31.0673 0.9735 0.9731
31.0842 0.9736 0.9731
31.1012 0.9736 0.9731
31.1182 0.9736 0.9732
31.1352 0.9737 0.9732
31.1521 0.9737 0.9732
31.1691 0.9737 0.9732
31.1861 0.9737 0.9733
31.2031 0.9738 0.9733
31.2200 0.9738 0.9733
31.2370 0.9738 0.9734
31.2540 0.9739 0.9734
31.2710 0.9739 0.9734
31.2879 0.9739 0.9735
31.3049 0.9740 0.9735
31.3219 0.9740 0.9735
31.3389 0.9740 0.9736
31.3559 0.9740 0.9736
31.3728 0.9741 0.9736
31.3898 0.9741 0.9736
31.4068 0.9741 0.9737
31.4238 0.9742 0.9737
31.4407 0.9742 0.9737
31.4577 0.9742 0.9738
31.4747 0.9743 0.9738
31.4917 0.9743 0.9738
31.5086 0.9743 0.9739
31.5256 0.9743 0.9739
31.5426 0.9744 0.9739
31.5596 0.9744 0.9739
31.5766 0.9744 0.9740
31.5935 0.9745 0.9740
31.6105 0.9745 0.9740
31.6275 0.9745 0.9741
31.6445 0.9745 0.9741
31.6614 0.9746 0.9741
31.6784 0.9746 0.9742
31.6954 0.9746 0.9742
31.7124 0.9747 0.9742
31.7293 0.9747 0.9742
31.7463 0.9747 0.9743
31.7633 0.9748 0.9743
31.7803 0.9748 0.9743
31.7972 0.9748 0.9744
31.8142 0.9748 0.9744
31.8312 0.9749 0.9744
31.8482 0.9749 0.9744
31.8652 0.9749 0.9745
31.8821 0.9749 0.9745
31.8991 0.9750 0.9745
31.9161 0.9750 0.9746
31.9331 0.9750 0.9746
31.9500 0.9751 0.9746
31.9670 0.9751 0.9746
31.9840 0.9751 0.9747
32.0010 0.9751 0.9747
32.0179 0.9752 0.9747
32.0349 0.9752 0.9748
32.0519 0.9752 0.9748
32.0689 0.9753 0.9748
32.0859 0.9753 0.9748
32.1028 0.9753 0.9749
32.1198 0.9753 0.9749
32.1368 0.9754 0.9749
32.1538 0.9754 0.9750
32.1707 0.9754 0.9750
32.1877 0.9755 0.9750
32.2047 0.9755 0.9750
32.2217 0.9755 0.9751
32.2386 0.9755 0.9751
32.2556 0.9756 0.9751
32.2726 0.9756 0.9752
32.2896 0.9756 0.9752
32.3065 0.9756 0.9752
32.3235 0.9757 0.9752
32.3405 0.9757 0.9753
32.3575 0.9757 0.9753
32.3745 0.9757 0.9753
32.3914 0.9758 0.9753
32.4084 0.9758 0.9754
32.4254 0.9758 0.9754
32.4424 0.9759 0.9754
32.4593 0.9759 0.9755
32.4763 0.9759 0.9755
32.4933 0.9759 0.9755
32.5103 0.9760 0.9755
32.5272 0.9760 0.9756
32.5442 0.9760 0.9756
32.5612 0.9760 0.9756
32.5782 0.9761 0.9756
32.5952 0.9761 0.9757
32.6121 0.9761 0.9757
32.6291 0.9761 0.9757
32.6461 0.9762 0.9757
32.6631 0.9762 0.9758
32.6800 0.9762 0.9758
32.6970 0.9763 0.9758
32.7140 0.9763 0.9759
32.7310 0.9763 0.9759
32.7479 0.9763 0.9759
32.7649 0.9764 0.9759
32.7819 0.9764 0.9760
32.7989 0.9764 0.9760
32.8158 0.9764 0.9760
32.8328 0.9765 0.9760
32.8498 0.9765 0.9761
32.8668 0.9765 0.9761
32.8838 0.9765 0.9761
32.9007 0.9766 0.9761
32.9177 0.9766 0.9762
32.9347 0.9766 0.9762
32.9517 0.9766 0.9762
32.9686 0.9767 0.9762
32.9856 0.9767 0.9763
33.0026 0.9767 0.9763
33.0196 0.9767 0.9763
33.0365 0.9768 0.9763
33.0535 0.9768 0.9764
33.0705 0.9768 0.9764
33.0875 0.9768 0.9764
33.1044 0.9769 0.9765
33.1214 0.9769 0.9765
33.1384 0.9769 0.9765
33.1554 0.9769 0.9765
33.1724 0.9770 0.9766
33.1893 0.9770 0.9766
33.2063 0.9770 0.9766
33.2233 0.9770 0.9766
33.2403 0.9771 0.9767
33.2572 0.9771 0.9767
33.2742 0.9771 0.9767
33.2912 0.9771 0.9767
33.3082 0.9772 0.9768
33.3251 0.9772 0.9768
33.3421 0.9772 0.9768
33.3591 0.9772 0.9768
33.3761 0.9773 0.9769
33.3931 0.9773 0.9769
33.4100 0.9773 0.9769
33.4270 0.9773 0.9769
33.4440 0.9774 0.9770
33.4610 0.9774 0.9770
33.4779 0.9774 0.9770
33.4949 0.9774 0.9770
33.5119 0.9775 0.9771
33.5289 0.9775 0.9771
33.5458 0.9775 0.9771
33.5628 0.9775 0.9771
33.5798 0.9775 0.9771
33.5968 0.9776 0.9772
33.6137 0.9776 0.9772
33.6307 0.9776 0.9772
33.6477 0.9776 0.9772
33.6647 0.9777 0.9773
33.6817 0.9777 0.9773
33.6986 0.9777 0.9773
33.7156 0.9777 0.9773
33.7326 0.9778 0.9774
33.7496 0.9778 0.9774
33.7665 0.9778 0.9774
33.7835 0.9778 0.9774
33.8005 0.9779 0.9775
33.8175 0.9779 0.9775
33.8344 0.9779 0.9775
33.8514 0.9779 0.9775
33.8684 0.9780 0.9776
33.8854 0.9780 0.9776
33.9024 0.9780 0.9776
33.9193 0.9780 0.9776
33.9363 0.9780 0.9777
