0.0000 22.7187 21.2486
0.0175 22.6097 21.1635
0.0351 22.2864 20.9108
0.0526 21.7596 20.4983
0.0701 21.0467 19.9385
0.0876 20.1707 19.2477
0.1052 19.1589 18.4454
0.1227 18.0411 17.5535
0.1402 16.8488 16.5947
0.1577 15.6131 15.5917
0.1753 14.3634 14.5666
0.1928 13.1266 13.5395
0.2103 11.9259 12.5284
0.2278 10.7807 11.5483
0.2454 9.7057 10.6115
0.2629 8.7113 9.7269
0.2804 7.8039 8.9010
0.2980 6.9860 8.1372
0.3155 6.2572 7.4370
0.3330 5.6142 6.7996
0.3505 5.0522 6.2233
0.3681 4.5646 5.7048
0.3856 4.1444 5.2404
0.4031 3.7841 4.8260
0.4206 3.4762 4.4573
0.4382 3.2135 4.1303
0.4557 2.9895 3.8408
0.4732 2.7981 3.5852
0.4908 2.6341 3.3602
0.5083 2.4929 3.1627
0.5258 2.3705 2.9898
0.5433 2.2637 2.8392
0.5609 2.1699 2.7086
0.5784 2.0867 2.5959
0.5959 2.0125 2.4992
0.6134 1.9459 2.4166
0.6310 1.8856 2.3466
0.6485 1.8308 2.2875
0.6660 1.7808 2.2377
0.6835 1.7348 2.1957
0.7011 1.6925 2.1602
0.7186 1.6534 2.1297
0.7361 1.6171 2.1029
0.7537 1.5833 2.0786
0.7712 1.5516 2.0555
0.7887 1.5219 2.0324
0.8062 1.4939 2.0084
0.8238 1.4674 1.9825
0.8413 1.4422 1.9539
0.8588 1.4182 1.9219
0.8763 1.3953 1.8859
0.8939 1.3733 1.8458
0.9114 1.3522 1.8012
0.9289 1.3319 1.7524
0.9464 1.3123 1.6996
0.9640 1.2933 1.6431
0.9815 1.2748 1.5838
0.9990 1.2567 1.5222
1.0166 1.2390 1.4593
1.0341 1.2217 1.3959
1.0516 1.2046 1.3329
1.0691 1.1877 1.2712
1.0867 1.1710 1.2116
1.1042 1.1545 1.1547
1.1217 1.1383 1.1011
1.1392 1.1223 1.0510
1.1568 1.1068 1.0049
1.1743 1.0917 0.9626
1.1918 1.0773 0.9242
1.2094 1.0636 0.8895
1.2269 1.0510 0.8582
1.2444 1.0394 0.8300
1.2619 1.0291 0.8045
1.2795 1.0201 0.7814
1.2970 1.0126 0.7604
1.3145 1.0066 0.7412
1.3320 1.0021 0.7235
1.3496 0.9989 0.7072
1.3671 0.9970 0.6921
1.3846 0.9961 0.6783
1.4021 0.9960 0.6657
1.4197 0.9962 0.6542
1.4372 0.9966 0.6441
1.4547 0.9966 0.6353
1.4723 0.9960 0.6278
1.4898 0.9944 0.6218
1.5073 0.9915 0.6172
1.5248 0.9870 0.6141
1.5424 0.9808 0.6122
1.5599 0.9728 0.6116
1.5774 0.9632 0.6120
1.5949 0.9519 0.6134
1.6125 0.9393 0.6155
1.6300 0.9256 0.6181
1.6475 0.9113 0.6209
1.6650 0.8967 0.6239
1.6826 0.8822 0.6266
1.7001 0.8682 0.6291
1.7176 0.8552 0.6311
1.7352 0.8433 0.6326
1.7527 0.8330 0.6334
1.7702 0.8243 0.6336
1.7877 0.8174 0.6332
1.8053 0.8122 0.6322
1.8228 0.8088 0.6307
1.8403 0.8071 0.6289
1.8578 0.8069 0.6270
1.8754 0.8080 0.6250
1.8929 0.8103 0.6232
1.9104 0.8136 0.6217
1.9280 0.8176 0.6208
1.9455 0.8224 0.6204
1.9630 0.8276 0.6208
1.9805 0.8333 0.6219
1.9981 0.8394 0.6240
2.0156 0.8458 0.6268
2.0331 0.8525 0.6305
2.0506 0.8595 0.6349
2.0682 0.8668 0.6400
2.0857 0.8744 0.6457
2.1032 0.8823 0.6519
2.1207 0.8904 0.6584
2.1383 0.8988 0.6651
2.1558 0.9073 0.6719
2.1733 0.9160 0.6786
2.1909 0.9247 0.6851
2.2084 0.9333 0.6913
2.2259 0.9416 0.6970
2.2434 0.9495 0.7023
2.2610 0.9569 0.7069
2.2785 0.9635 0.7109
2.2960 0.9692 0.7140
2.3135 0.9738 0.7163
2.3311 0.9771 0.7177
2.3486 0.9791 0.7182
2.3661 0.9795 0.7177
2.3836 0.9785 0.7162
2.4012 0.9758 0.7138
2.4187 0.9717 0.7104
2.4362 0.9661 0.7061
2.4538 0.9591 0.7010
2.4713 0.9510 0.6951
2.4888 0.9420 0.6885
2.5063 0.9322 0.6813
2.5239 0.9218 0.6736
2.5414 0.9111 0.6655
2.5589 0.9003 0.6571
2.5764 0.8895 0.6484
2.5940 0.8789 0.6396
2.6115 0.8685 0.6306
2.6290 0.8585 0.6217
2.6466 0.8488 0.6128
2.6641 0.8395 0.6039
2.6816 0.8303 0.5953
2.6991 0.8214 0.5868
2.7167 0.8125 0.5786
2.7342 0.8036 0.5708
2.7517 0.7945 0.5633
2.7692 0.7852 0.5564
2.7868 0.7754 0.5501
2.8043 0.7652 0.5444
2.8218 0.7545 0.5394
2.8393 0.7432 0.5352
2.8569 0.7312 0.5319
2.8744 0.7187 0.5294
2.8919 0.7055 0.5277
2.9095 0.6918 0.5269
2.9270 0.6776 0.5270
2.9445 0.6630 0.5278
2.9620 0.6481 0.5293
2.9796 0.6329 0.5314
2.9971 0.6177 0.5341
3.0146 0.6025 0.5372
3.0321 0.5875 0.5406
3.0497 0.5728 0.5444
3.0672 0.5587 0.5483
3.0847 0.5451 0.5523
3.1022 0.5324 0.5563
3.1198 0.5204 0.5602
3.1373 0.5094 0.5639
3.1548 0.4993 0.5675
3.1724 0.4903 0.5708
3.1899 0.4823 0.5737
3.2074 0.4753 0.5763
3.2249 0.4692 0.5784
3.2425 0.4640 0.5801
3.2600 0.4597 0.5812
3.2775 0.4561 0.5818
3.2950 0.4531 0.5818
3.3126 0.4508 0.5812
3.3301 0.4489 0.5800
3.3476 0.4475 0.5783
3.3652 0.4465 0.5760
3.3827 0.4459 0.5732
3.4002 0.4456 0.5699
3.4177 0.4456 0.5663
3.4353 0.4459 0.5625
3.4528 0.4465 0.5585
3.4703 0.4475 0.5546
3.4878 0.4488 0.5507
3.5054 0.4504 0.5471
3.5229 0.4524 0.5439
3.5404 0.4548 0.5411
3.5579 0.4575 0.5388
3.5755 0.4606 0.5372
3.5930 0.4640 0.5361
3.6105 0.4677 0.5357
3.6281 0.4718 0.5359
3.6456 0.4760 0.5366
3.6631 0.4805 0.5377
3.6806 0.4852 0.5392
3.6982 0.4899 0.5409
3.7157 0.4948 0.5428
3.7332 0.4997 0.5446
3.7507 0.5046 0.5463
3.7683 0.5094 0.5477
3.7858 0.5142 0.5488
3.8033 0.5190 0.5495
3.8208 0.5236 0.5497
3.8384 0.5282 0.5494
3.8559 0.5326 0.5486
3.8734 0.5369 0.5473
3.8910 0.5411 0.5455
3.9085 0.5452 0.5434
3.9260 0.5492 0.5409
3.9435 0.5530 0.5381
3.9611 0.5566 0.5352
3.9786 0.5601 0.5322
3.9961 0.5634 0.5292
4.0136 0.5663 0.5263
4.0312 0.5690 0.5236
4.0487 0.5713 0.5211
4.0662 0.5731 0.5190
4.0838 0.5746 0.5171
4.1013 0.5754 0.5156
4.1188 0.5758 0.5143
4.1363 0.5755 0.5134
4.1539 0.5747 0.5128
4.1714 0.5732 0.5124
4.1889 0.5712 0.5122
4.2064 0.5687 0.5121
4.2240 0.5656 0.5122
4.2415 0.5621 0.5124
4.2590 0.5583 0.5127
4.2765 0.5541 0.5130
4.2941 0.5498 0.5134
4.3116 0.5454 0.5139
4.3291 0.5410 0.5143
4.3467 0.5367 0.5148
4.3642 0.5325 0.5153
4.3817 0.5286 0.5158
4.3992 0.5250 0.5163
4.4168 0.5217 0.5168
4.4343 0.5188 0.5174
4.4518 0.5162 0.5179
4.4693 0.5140 0.5184
4.4869 0.5122 0.5190
4.5044 0.5108 0.5195
4.5219 0.5096 0.5199
4.5394 0.5088 0.5204
4.5570 0.5081 0.5208
4.5745 0.5076 0.5213
4.5920 0.5073 0.5217
4.6096 0.5071 0.5222
4.6271 0.5070 0.5226
4.6446 0.5068 0.5231
4.6621 0.5068 0.5237
4.6797 0.5067 0.5242
4.6972 0.5066 0.5249
4.7147 0.5064 0.5255
4.7322 0.5063 0.5262
4.7498 0.5061 0.5269
4.7673 0.5059 0.5275
4.7848 0.5056 0.5282
4.8024 0.5054 0.5289
4.8199 0.5052 0.5295
4.8374 0.5050 0.5302
4.8549 0.5048 0.5307
4.8725 0.5047 0.5312
4.8900 0.5046 0.5317
4.9075 0.5047 0.5322
4.9250 0.5049 0.5326
4.9426 0.5052 0.5330
4.9601 0.5057 0.5334
4.9776 0.5064 0.5339
4.9951 0.5073 0.5344
5.0127 0.5085 0.5351
5.0302 0.5098 0.5358
5.0477 0.5114 0.5367
5.0653 0.5133 0.5379
5.0828 0.5154 0.5392
5.1003 0.5178 0.5408
5.1178 0.5204 0.5427
5.1354 0.5232 0.5449
5.1529 0.5262 0.5474
5.1704 0.5293 0.5502
5.1879 0.5326 0.5533
5.2055 0.5361 0.5568
5.2230 0.5396 0.5605
5.2405 0.5433 0.5645
5.2580 0.5470 0.5688
5.2756 0.5507 0.5732
5.2931 0.5545 0.5778
5.3106 0.5583 0.5825
5.3282 0.5622 0.5872
5.3457 0.5660 0.5918
5.3632 0.5698 0.5964
5.3807 0.5737 0.6008
5.3983 0.5775 0.6050
5.4158 0.5813 0.6089
5.4333 0.5851 0.6126
5.4508 0.5888 0.6160
5.4684 0.5925 0.6191
5.4859 0.5962 0.6219
5.5034 0.5998 0.6244
5.5210 0.6033 0.6266
5.5385 0.6068 0.6285
5.5560 0.6101 0.6302
5.5735 0.6133 0.6317
5.5911 0.6164 0.6330
5.6086 0.6193 0.6341
5.6261 0.6220 0.6351
5.6436 0.6246 0.6360
5.6612 0.6270 0.6368
5.6787 0.6292 0.6375
5.6962 0.6313 0.6382
5.7137 0.6331 0.6389
5.7313 0.6348 0.6395
5.7488 0.6363 0.6401
5.7663 0.6376 0.6406
5.7839 0.6388 0.6410
5.8014 0.6399 0.6414
5.8189 0.6408 0.6417
5.8364 0.6415 0.6419
5.8540 0.6421 0.6420
5.8715 0.6426 0.6420
5.8890 0.6430 0.6419
5.9065 0.6432 0.6417
5.9241 0.6433 0.6414
5.9416 0.6433 0.6410
5.9591 0.6432 0.6406
5.9766 0.6430 0.6401
5.9942 0.6428 0.6397
6.0117 0.6425 0.6393
6.0292 0.6423 0.6389
6.0468 0.6421 0.6386
6.0643 0.6419 0.6384
6.0818 0.6419 0.6384
6.0993 0.6420 0.6385
6.1169 0.6423 0.6387
6.1344 0.6428 0.6391
6.1519 0.6436 0.6396
6.1694 0.6445 0.6403
6.1870 0.6457 0.6410
6.2045 0.6472 0.6419
6.2220 0.6489 0.6429
6.2396 0.6507 0.6439
6.2571 0.6528 0.6450
6.2746 0.6551 0.6460
6.2921 0.6574 0.6471
6.3097 0.6599 0.6482
6.3272 0.6624 0.6492
6.3447 0.6650 0.6503
6.3622 0.6676 0.6512
6.3798 0.6702 0.6522
6.3973 0.6727 0.6531
6.4148 0.6752 0.6541
6.4323 0.6776 0.6550
6.4499 0.6798 0.6559
6.4674 0.6820 0.6568
6.4849 0.6841 0.6578
6.5025 0.6861 0.6588
6.5200 0.6879 0.6599
6.5375 0.6895 0.6610
6.5550 0.6911 0.6622
6.5726 0.6925 0.6634
6.5901 0.6937 0.6646
6.6076 0.6948 0.6659
6.6251 0.6958 0.6673
6.6427 0.6966 0.6687
6.6602 0.6973 0.6700
6.6777 0.6978 0.6714
6.6952 0.6983 0.6728
6.7128 0.6986 0.6742
6.7303 0.6989 0.6755
6.7478 0.6991 0.6768
6.7654 0.6992 0.6781
6.7829 0.6993 0.6792
6.8004 0.6994 0.6803
6.8179 0.6995 0.6814
6.8355 0.6996 0.6823
6.8530 0.6997 0.6832
6.8705 0.6999 0.6840
6.8880 0.7000 0.6847
6.9056 0.7003 0.6854
6.9231 0.7006 0.6860
6.9406 0.7009 0.6865
6.9582 0.7013 0.6869
6.9757 0.7018 0.6873
6.9932 0.7023 0.6877
7.0107 0.7029 0.6880
7.0283 0.7036 0.6883
7.0458 0.7043 0.6885
7.0633 0.7051 0.6888
7.0808 0.7060 0.6890
7.0984 0.7069 0.6893
7.1159 0.7079 0.6895
7.1334 0.7090 0.6897
7.1509 0.7102 0.6899
7.1685 0.7114 0.6901
7.1860 0.7127 0.6903
7.2035 0.7141 0.6906
7.2211 0.7155 0.6908
7.2386 0.7170 0.6911
7.2561 0.7186 0.6914
7.2736 0.7202 0.6917
7.2912 0.7218 0.6921
7.3087 0.7235 0.6924
7.3262 0.7251 0.6928
7.3437 0.7268 0.6933
7.3613 0.7285 0.6937
7.3788 0.7301 0.6942
7.3963 0.7318 0.6947
7.4138 0.7334 0.6953
7.4314 0.7351 0.6959
7.4489 0.7367 0.6965
7.4664 0.7382 0.6971
7.4840 0.7398 0.6977
7.5015 0.7413 0.6984
7.5190 0.7428 0.6991
7.5365 0.7442 0.6998
7.5541 0.7456 0.7005
7.5716 0.7469 0.7013
7.5891 0.7481 0.7021
7.6066 0.7493 0.7029
7.6242 0.7503 0.7037
7.6417 0.7513 0.7046
7.6592 0.7521 0.7055
7.6768 0.7528 0.7065
7.6943 0.7534 0.7075
7.7118 0.7538 0.7086
7.7293 0.7541 0.7097
7.7469 0.7543 0.7108
7.7644 0.7543 0.7120
7.7819 0.7541 0.7132
7.7994 0.7539 0.7144
7.8170 0.7536 0.7157
7.8345 0.7532 0.7170
7.8520 0.7527 0.7183
7.8695 0.7522 0.7195
7.8871 0.7518 0.7208
7.9046 0.7513 0.7221
7.9221 0.7509 0.7233
7.9397 0.7506 0.7245
7.9572 0.7504 0.7256
7.9747 0.7504 0.7267
7.9922 0.7505 0.7277
8.0098 0.7507 0.7286
8.0273 0.7512 0.7295
8.0448 0.7517 0.7304
8.0623 0.7525 0.7312
8.0799 0.7534 0.7320
8.0974 0.7545 0.7327
8.1149 0.7558 0.7334
8.1325 0.7571 0.7340
8.1500 0.7586 0.7347
8.1675 0.7602 0.7353
8.1850 0.7618 0.7360
8.2026 0.7635 0.7366
8.2201 0.7651 0.7373
8.2376 0.7668 0.7380
8.2551 0.7685 0.7388
8.2727 0.7700 0.7395
8.2902 0.7715 0.7403
8.3077 0.7729 0.7411
8.3252 0.7741 0.7420
8.3428 0.7751 0.7429
8.3603 0.7759 0.7437
8.3778 0.7765 0.7446
8.3954 0.7769 0.7455
8.4129 0.7770 0.7464
8.4304 0.7769 0.7472
8.4479 0.7765 0.7480
8.4655 0.7759 0.7488
8.4830 0.7750 0.7495
8.5005 0.7739 0.7502
8.5180 0.7726 0.7507
8.5356 0.7712 0.7513
8.5531 0.7696 0.7517
8.5706 0.7679 0.7521
8.5881 0.7662 0.7524
8.6057 0.7643 0.7527
8.6232 0.7625 0.7529
8.6407 0.7607 0.7530
8.6583 0.7589 0.7531
8.6758 0.7572 0.7531
8.6933 0.7555 0.7531
8.7108 0.7540 0.7531
8.7284 0.7525 0.7531
8.7459 0.7512 0.7531
8.7634 0.7499 0.7530
8.7809 0.7488 0.7530
8.7985 0.7478 0.7529
8.8160 0.7470 0.7529
8.8335 0.7462 0.7529
8.8511 0.7455 0.7528
8.8686 0.7450 0.7528
8.8861 0.7445 0.7528
8.9036 0.7442 0.7527
8.9212 0.7439 0.7527
8.9387 0.7437 0.7526
8.9562 0.7435 0.7526
8.9737 0.7434 0.7525
8.9913 0.7434 0.7525
9.0088 0.7434 0.7524
9.0263 0.7434 0.7524
9.0438 0.7434 0.7523
9.0614 0.7435 0.7522
9.0789 0.7435 0.7521
9.0964 0.7436 0.7520
9.1140 0.7437 0.7520
9.1315 0.7438 0.7519
9.1490 0.7438 0.7519
9.1665 0.7439 0.7518
9.1841 0.7440 0.7518
9.2016 0.7441 0.7518
9.2191 0.7442 0.7519
9.2366 0.7443 0.7519
9.2542 0.7444 0.7520
9.2717 0.7445 0.7521
9.2892 0.7446 0.7522
9.3067 0.7447 0.7523
9.3243 0.7448 0.7524
9.3418 0.7448 0.7526
9.3593 0.7449 0.7527
9.3769 0.7450 0.7529
9.3944 0.7451 0.7531
9.4119 0.7451 0.7533
9.4294 0.7452 0.7535
9.4470 0.7453 0.7537
9.4645 0.7453 0.7539
9.4820 0.7454 0.7541
9.4995 0.7455 0.7544
9.5171 0.7457 0.7546
9.5346 0.7458 0.7549
9.5521 0.7460 0.7551
9.5697 0.7462 0.7554
9.5872 0.7465 0.7557
9.6047 0.7469 0.7561
9.6222 0.7473 0.7564
9.6398 0.7477 0.7568
9.6573 0.7483 0.7571
9.6748 0.7489 0.7575
9.6923 0.7495 0.7579
9.7099 0.7502 0.7583
9.7274 0.7510 0.7587
9.7449 0.7518 0.7591
9.7624 0.7526 0.7595
9.7800 0.7534 0.7598
9.7975 0.7543 0.7602
9.8150 0.7551 0.7605
9.8326 0.7559 0.7608
9.8501 0.7567 0.7611
9.8676 0.7574 0.7613
9.8851 0.7580 0.7616
9.9027 0.7586 0.7617
9.9202 0.7590 0.7619
9.9377 0.7594 0.7620
9.9552 0.7597 0.7620
9.9728 0.7599 0.7620
9.9903 0.7600 0.7620
10.0078 0.7600 0.7619
10.0253 0.7599 0.7618
10.0429 0.7597 0.7617
10.0604 0.7594 0.7615
10.0779 0.7591 0.7613
10.0955 0.7588 0.7610
10.1130 0.7584 0.7608
10.1305 0.7579 0.7606
10.1480 0.7575 0.7603
10.1656 0.7570 0.7601
10.1831 0.7566 0.7600
10.2006 0.7562 0.7598
10.2181 0.7558 0.7597
10.2357 0.7554 0.7596
10.2532 0.7550 0.7596
10.2707 0.7546 0.7597
10.2883 0.7543 0.7598
10.3058 0.7540 0.7600
10.3233 0.7537 0.7602
10.3408 0.7535 0.7604
10.3584 0.7532 0.7608
10.3759 0.7530 0.7611
10.3934 0.7528 0.7615
10.4109 0.7527 0.7620
10.4285 0.7525 0.7624
10.4460 0.7524 0.7629
10.4635 0.7523 0.7634
10.4810 0.7523 0.7639
10.4986 0.7523 0.7644
10.5161 0.7523 0.7650
10.5336 0.7524 0.7655
10.5512 0.7525 0.7660
10.5687 0.7527 0.7665
10.5862 0.7529 0.7670
10.6037 0.7532 0.7674
10.6213 0.7534 0.7679
10.6388 0.7538 0.7683
10.6563 0.7541 0.7687
10.6738 0.7544 0.7690
10.6914 0.7548 0.7693
10.7089 0.7552 0.7696
10.7264 0.7556 0.7699
10.7439 0.7560 0.7701
10.7615 0.7564 0.7703
10.7790 0.7567 0.7704
10.7965 0.7571 0.7706
10.8141 0.7575 0.7707
10.8316 0.7578 0.7707
10.8491 0.7582 0.7708
10.8666 0.7585 0.7708
10.8842 0.7588 0.7709
10.9017 0.7591 0.7709
10.9192 0.7594 0.7709
10.9367 0.7597 0.7709
10.9543 0.7600 0.7710
10.9718 0.7603 0.7711
10.9893 0.7605 0.7711
11.0069 0.7608 0.7712
11.0244 0.7610 0.7714
11.0419 0.7613 0.7715
11.0594 0.7616 0.7717
11.0770 0.7618 0.7719
11.0945 0.7621 0.7721
11.1120 0.7623 0.7723
11.1295 0.7626 0.7726
11.1471 0.7629 0.7728
11.1646 0.7632 0.7731
11.1821 0.7635 0.7734
11.1996 0.7638 0.7737
11.2172 0.7641 0.7740
11.2347 0.7644 0.7742
11.2522 0.7647 0.7745
11.2698 0.7650 0.7748
11.2873 0.7653 0.7751
11.3048 0.7657 0.7754
11.3223 0.7660 0.7757
11.3399 0.7663 0.7760
11.3574 0.7666 0.7763
11.3749 0.7669 0.7766
11.3924 0.7673 0.7769
11.4100 0.7676 0.7772
11.4275 0.7680 0.7776
11.4450 0.7684 0.7779
11.4625 0.7688 0.7783
11.4801 0.7692 0.7787
11.4976 0.7696 0.7792
11.5151 0.7701 0.7796
11.5327 0.7706 0.7801
11.5502 0.7712 0.7805
11.5677 0.7717 0.7810
11.5852 0.7723 0.7815
11.6028 0.7729 0.7820
11.6203 0.7736 0.7826
11.6378 0.7742 0.7831
11.6553 0.7749 0.7836
11.6729 0.7756 0.7841
11.6904 0.7763 0.7846
11.7079 0.7770 0.7851
11.7255 0.7777 0.7856
11.7430 0.7784 0.7861
11.7605 0.7790 0.7866
11.7780 0.7796 0.7871
11.7956 0.7803 0.7875
11.8131 0.7808 0.7880
11.8306 0.7814 0.7884
11.8481 0.7819 0.7889
11.8657 0.7824 0.7893
11.8832 0.7828 0.7897
11.9007 0.7832 0.7901
11.9182 0.7836 0.7905
11.9358 0.7840 0.7909
11.9533 0.7843 0.7912
11.9708 0.7846 0.7916
11.9884 0.7849 0.7919
12.0059 0.7852 0.7923
12.0234 0.7855 0.7927
12.0409 0.7858 0.7930
12.0585 0.7861 0.7934
12.0760 0.7864 0.7938
12.0935 0.7867 0.7943
12.1110 0.7870 0.7947
12.1286 0.7873 0.7952
12.1461 0.7877 0.7957
12.1636 0.7880 0.7962
12.1811 0.7884 0.7967
12.1987 0.7889 0.7973
12.2162 0.7893 0.7978
12.2337 0.7898 0.7984
12.2513 0.7903 0.7990
12.2688 0.7909 0.7996
12.2863 0.7914 0.8002
12.3038 0.7920 0.8008
12.3214 0.7926 0.8014
12.3389 0.7932 0.8020
12.3564 0.7938 0.8026
12.3739 0.7945 0.8032
12.3915 0.7951 0.8037
12.4090 0.7957 0.8043
12.4265 0.7964 0.8048
12.4441 0.7970 0.8053
12.4616 0.7976 0.8058
12.4791 0.7982 0.8063
12.4966 0.7988 0.8068
12.5142 0.7994 0.8073
12.5317 0.8000 0.8077
12.5492 0.8005 0.8082
12.5667 0.8011 0.8086
12.5843 0.8016 0.8090
12.6018 0.8022 0.8094
12.6193 0.8027 0.8098
12.6368 0.8032 0.8102
12.6544 0.8037 0.8106
12.6719 0.8043 0.8109
12.6894 0.8048 0.8113
12.7070 0.8053 0.8117
12.7245 0.8058 0.8121
12.7420 0.8064 0.8124
12.7595 0.8069 0.8128
12.7771 0.8074 0.8132
12.7946 0.8080 0.8136
12.8121 0.8086 0.8139
12.8296 0.8091 0.8143
12.8472 0.8097 0.8147
12.8647 0.8103 0.8150
12.8822 0.8109 0.8154
12.8997 0.8115 0.8158
12.9173 0.8121 0.8161
12.9348 0.8127 0.8165
12.9523 0.8133 0.8169
12.9699 0.8139 0.8173
12.9874 0.8145 0.8177
13.0049 0.8151 0.8181
13.0224 0.8157 0.8185
13.0400 0.8163 0.8189
13.0575 0.8168 0.8194
13.0750 0.8174 0.8198
13.0925 0.8179 0.8203
13.1101 0.8185 0.8208
13.1276 0.8190 0.8213
13.1451 0.8195 0.8218
13.1627 0.8199 0.8223
13.1802 0.8204 0.8228
13.1977 0.8209 0.8233
13.2152 0.8213 0.8239
13.2328 0.8217 0.8244
13.2503 0.8222 0.8249
13.2678 0.8226 0.8254
13.2853 0.8230 0.8259
13.3029 0.8233 0.8264
13.3204 0.8237 0.8269
13.3379 0.8241 0.8274
13.3554 0.8245 0.8278
13.3730 0.8248 0.8282
13.3905 0.8252 0.8286
13.4080 0.8255 0.8289
13.4256 0.8259 0.8293
13.4431 0.8263 0.8296
13.4606 0.8266 0.8299
13.4781 0.8270 0.8302
13.4957 0.8273 0.8304
13.5132 0.8277 0.8306
13.5307 0.8281 0.8308
13.5482 0.8284 0.8310
13.5658 0.8288 0.8312
13.5833 0.8292 0.8314
13.6008 0.8295 0.8316
13.6183 0.8299 0.8317
13.6359 0.8302 0.8319
13.6534 0.8306 0.8321
13.6709 0.8310 0.8322
13.6885 0.8313 0.8324
13.7060 0.8317 0.8326
13.7235 0.8320 0.8328
13.7410 0.8323 0.8330
13.7586 0.8327 0.8333
13.7761 0.8330 0.8335
13.7936 0.8334 0.8338
13.8111 0.8337 0.8341
13.8287 0.8341 0.8344
13.8462 0.8345 0.8348
13.8637 0.8348 0.8351
13.8813 0.8352 0.8354
13.8988 0.8356 0.8358
13.9163 0.8360 0.8362
13.9338 0.8364 0.8366
13.9514 0.8368 0.8369
13.9689 0.8373 0.8373
13.9864 0.8377 0.8377
14.0039 0.8381 0.8381
14.0215 0.8386 0.8384
14.0390 0.8390 0.8388
14.0565 0.8394 0.8392
14.0740 0.8398 0.8395
14.0916 0.8403 0.8399
14.1091 0.8407 0.8403
14.1266 0.8411 0.8406
14.1442 0.8415 0.8410
14.1617 0.8419 0.8414
14.1792 0.8422 0.8417
14.1967 0.8426 0.8421
14.2143 0.8430 0.8425
14.2318 0.8433 0.8428
14.2493 0.8437 0.8432
14.2668 0.8440 0.8436
14.2844 0.8444 0.8440
14.3019 0.8447 0.8444
14.3194 0.8450 0.8447
14.3369 0.8454 0.8451
14.3545 0.8457 0.8455
14.3720 0.8461 0.8459
14.3895 0.8464 0.8463
14.4071 0.8468 0.8466
14.4246 0.8472 0.8470
14.4421 0.8475 0.8474
14.4596 0.8479 0.8477
14.4772 0.8483 0.8481
14.4947 0.8487 0.8484
14.5122 0.8490 0.8488
14.5297 0.8494 0.8491
14.5473 0.8498 0.8495
14.5648 0.8502 0.8498
14.5823 0.8505 0.8502
14.5999 0.8509 0.8505
14.6174 0.8513 0.8509
14.6349 0.8517 0.8512
14.6524 0.8520 0.8516
14.6700 0.8524 0.8519
14.6875 0.8527 0.8523
14.7050 0.8531 0.8526
14.7225 0.8534 0.8530
14.7401 0.8538 0.8533
14.7576 0.8541 0.8537
14.7751 0.8544 0.8540
14.7926 0.8547 0.8543
14.8102 0.8551 0.8546
14.8277 0.8554 0.8550
14.8452 0.8557 0.8553
14.8628 0.8560 0.8556
14.8803 0.8563 0.8559
14.8978 0.8566 0.8562
14.9153 0.8570 0.8565
14.9329 0.8573 0.8568
14.9504 0.8576 0.8572
14.9679 0.8579 0.8575
14.9854 0.8582 0.8578
15.0030 0.8584 0.8581
15.0205 0.8587 0.8584
15.0380 0.8590 0.8587
15.0555 0.8593 0.8590
15.0731 0.8596 0.8593
15.0906 0.8598 0.8596
15.1081 0.8601 0.8599
15.1257 0.8604 0.8602
15.1432 0.8606 0.8605
15.1607 0.8609 0.8608
15.1782 0.8611 0.8611
15.1958 0.8614 0.8614
15.2133 0.8616 0.8617
15.2308 0.8619 0.8620
15.2483 0.8622 0.8622
15.2659 0.8624 0.8625
15.2834 0.8627 0.8628
15.3009 0.8630 0.8631
15.3185 0.8632 0.8635
15.3360 0.8635 0.8638
15.3535 0.8638 0.8641
15.3710 0.8640 0.8644
15.3886 0.8643 0.8647
15.4061 0.8646 0.8650
15.4236 0.8649 0.8654
15.4411 0.8652 0.8657
15.4587 0.8655 0.8660
15.4762 0.8658 0.8664
15.4937 0.8661 0.8667
15.5112 0.8664 0.8670
15.5288 0.8667 0.8673
15.5463 0.8670 0.8677
15.5638 0.8673 0.8680
15.5814 0.8677 0.8683
15.5989 0.8680 0.8686
15.6164 0.8683 0.8689
15.6339 0.8687 0.8692
15.6515 0.8690 0.8695
15.6690 0.8694 0.8698
15.6865 0.8697 0.8701
15.7040 0.8701 0.8704
15.7216 0.8705 0.8706
15.7391 0.8708 0.8709
15.7566 0.8712 0.8712
15.7741 0.8716 0.8715
15.7917 0.8719 0.8717
15.8092 0.8723 0.8720
15.8267 0.8727 0.8723
15.8443 0.8730 0.8725
15.8618 0.8734 0.8728
15.8793 0.8737 0.8731
15.8968 0.8741 0.8733
15.9144 0.8745 0.8736
15.9319 0.8748 0.8739
15.9494 0.8752 0.8742
15.9669 0.8755 0.8745
15.9845 0.8759 0.8748
16.0020 0.8762 0.8751
16.0195 0.8765 0.8754
16.0371 0.8769 0.8757
16.0546 0.8772 0.8761
16.0721 0.8775 0.8764
16.0896 0.8779 0.8767
16.1072 0.8782 0.8771
16.1247 0.8785 0.8774
16.1422 0.8788 0.8777
16.1597 0.8791 0.8781
16.1773 0.8794 0.8785
16.1948 0.8797 0.8788
16.2123 0.8800 0.8792
16.2298 0.8803 0.8795
16.2474 0.8806 0.8799
16.2649 0.8809 0.8802
16.2824 0.8812 0.8806
16.3000 0.8815 0.8809
16.3175 0.8817 0.8812
16.3350 0.8820 0.8816
16.3525 0.8823 0.8819
16.3701 0.8825 0.8822
16.3876 0.8828 0.8825
16.4051 0.8830 0.8828
16.4226 0.8833 0.8832
16.4402 0.8835 0.8835
16.4577 0.8838 0.8838
16.4752 0.8841 0.8841
16.4927 0.8843 0.8844
16.5103 0.8846 0.8847
16.5278 0.8848 0.8850
16.5453 0.8851 0.8853
16.5629 0.8854 0.8856
16.5804 0.8856 0.8859
16.5979 0.8859 0.8862
16.6154 0.8862 0.8865
16.6330 0.8865 0.8868
16.6505 0.8867 0.8871
16.6680 0.8870 0.8874
16.6855 0.8873 0.8877
16.7031 0.8876 0.8880
16.7206 0.8879 0.8883
16.7381 0.8882 0.8886
16.7557 0.8885 0.8889
16.7732 0.8888 0.8892
16.7907 0.8891 0.8895
16.8082 0.8894 0.8898
16.8258 0.8897 0.8900
16.8433 0.8900 0.8903
16.8608 0.8903 0.8906
16.8783 0.8906 0.8909
16.8959 0.8909 0.8912
16.9134 0.8912 0.8915
16.9309 0.8915 0.8918
16.9484 0.8918 0.8921
16.9660 0.8921 0.8923
16.9835 0.8924 0.8926
17.0010 0.8927 0.8929
17.0186 0.8930 0.8932
17.0361 0.8933 0.8934
17.0536 0.8935 0.8937
17.0711 0.8938 0.8940
17.0887 0.8941 0.8942
17.1062 0.8944 0.8945
17.1237 0.8947 0.8948
17.1412 0.8950 0.8950
17.1588 0.8953 0.8953
17.1763 0.8956 0.8956
17.1938 0.8959 0.8958
17.2113 0.8961 0.8961
17.2289 0.8964 0.8964
17.2464 0.8967 0.8967
17.2639 0.8970 0.8969
17.2815 0.8973 0.8972
17.2990 0.8976 0.8975
17.3165 0.8979 0.8978
17.3340 0.8981 0.8980
17.3516 0.8984 0.8983
17.3691 0.8987 0.8986
17.3866 0.8990 0.8988
17.4041 0.8993 0.8991
17.4217 0.8995 0.8994
17.4392 0.8998 0.8996
17.4567 0.9001 0.8999
17.4743 0.9004 0.9002
17.4918 0.9006 0.9004
17.5093 0.9009 0.9007
17.5268 0.9012 0.9009
17.5444 0.9014 0.9012
17.5619 0.9017 0.9014
17.5794 0.9020 0.9017
17.5969 0.9022 0.9019
17.6145 0.9025 0.9021
17.6320 0.9028 0.9024
17.6495 0.9030 0.9026
17.6670 0.9033 0.9029
17.6846 0.9035 0.9031
17.7021 0.9038 0.9034
17.7196 0.9040 0.9036
17.7372 0.9043 0.9038
17.7547 0.9045 0.9041
17.7722 0.9048 0.9043
17.7897 0.9050 0.9046
17.8073 0.9053 0.9048
17.8248 0.9055 0.9051
17.8423 0.9057 0.9053
17.8598 0.9060 0.9056
17.8774 0.9062 0.9058
17.8949 0.9064 0.9061
17.9124 0.9066 0.9063
17.9299 0.9069 0.9066
17.9475 0.9071 0.9068
17.9650 0.9073 0.9070
17.9825 0.9075 0.9073
18.0001 0.9077 0.9075
18.0176 0.9080 0.9078
18.0351 0.9082 0.9080
18.0526 0.9084 0.9083
18.0702 0.9086 0.9085
18.0877 0.9088 0.9087
18.1052 0.9090 0.9090
18.1227 0.9092 0.9092
18.1403 0.9094 0.9094
18.1578 0.9096 0.9097
18.1753 0.9099 0.9099
18.1929 0.9101 0.9101
18.2104 0.9103 0.9103
18.2279 0.9105 0.9106
18.2454 0.9107 0.9108
18.2630 0.9109 0.9110
18.2805 0.9111 0.9112
18.2980 0.9113 0.9114
18.3155 0.9116 0.9116
18.3331 0.9118 0.9119
18.3506 0.9120 0.9121
18.3681 0.9122 0.9123
18.3856 0.9124 0.9125
18.4032 0.9126 0.9127
18.4207 0.9128 0.9129
18.4382 0.9130 0.9131
18.4558 0.9133 0.9133
18.4733 0.9135 0.9135
18.4908 0.9137 0.9137
18.5083 0.9139 0.9140
18.5259 0.9141 0.9142
18.5434 0.9143 0.9144
18.5609 0.9145 0.9146
18.5784 0.9147 0.9148
18.5960 0.9149 0.9150
18.6135 0.9151 0.9152
18.6310 0.9154 0.9154
18.6485 0.9156 0.9156
18.6661 0.9158 0.9158
18.6836 0.9160 0.9160
18.7011 0.9162 0.9162
18.7187 0.9164 0.9164
18.7362 0.9166 0.9165
18.7537 0.9168 0.9167
18.7712 0.9170 0.9169
18.7888 0.9172 0.9171
18.8063 0.9174 0.9173
18.8238 0.9176 0.9175
18.8413 0.9178 0.9177
18.8589 0.9180 0.9179
18.8764 0.9182 0.9181
18.8939 0.9184 0.9183
18.9115 0.9186 0.9185
18.9290 0.9188 0.9187
18.9465 0.9190 0.9189
18.9640 0.9192 0.9191
18.9816 0.9194 0.9192
18.9991 0.9196 0.9194
19.0166 0.9198 0.9196
19.0341 0.9199 0.9198
19.0517 0.9201 0.9200
19.0692 0.9203 0.9202
19.0867 0.9205 0.9204
19.1042 0.9207 0.9205
19.1218 0.9209 0.9207
19.1393 0.9210 0.9209
19.1568 0.9212 0.9211
19.1744 0.9214 0.9213
19.1919 0.9216 0.9215
19.2094 0.9217 0.9216
19.2269 0.9219 0.9218
19.2445 0.9221 0.9220
19.2620 0.9222 0.9222
19.2795 0.9224 0.9224
19.2970 0.9226 0.9225
19.3146 0.9228 0.9227
19.3321 0.9229 0.9229
19.3496 0.9231 0.9231
19.3671 0.9233 0.9233
19.3847 0.9234 0.9234
19.4022 0.9236 0.9236
19.4197 0.9238 0.9238
19.4373 0.9239 0.9240
19.4548 0.9241 0.9241
19.4723 0.9243 0.9243
19.4898 0.9245 0.9245
19.5074 0.9246 0.9247
19.5249 0.9248 0.9248
19.5424 0.9250 0.9250
19.5599 0.9251 0.9252
19.5775 0.9253 0.9253
19.5950 0.9255 0.9255
19.6125 0.9257 0.9257
19.6301 0.9258 0.9258
19.6476 0.9260 0.9260
19.6651 0.9262 0.9262
19.6826 0.9264 0.9263
19.7002 0.9265 0.9265
19.7177 0.9267 0.9267
19.7352 0.9269 0.9268
19.7527 0.9271 0.9270
19.7703 0.9272 0.9271
19.7878 0.9274 0.9273
19.8053 0.9276 0.9274
19.8228 0.9277 0.9276
19.8404 0.9279 0.9278
19.8579 0.9281 0.9279
19.8754 0.9282 0.9281
19.8930 0.9284 0.9282
19.9105 0.9285 0.9284
19.9280 0.9287 0.9285
19.9455 0.9289 0.9287
19.9631 0.9290 0.9288
19.9806 0.9292 0.9290
19.9981 0.9293 0.9291
20.0156 0.9295 0.9293
20.0332 0.9296 0.9294
20.0507 0.9298 0.9296
20.0682 0.9299 0.9298
20.0857 0.9301 0.9299
20.1033 0.9302 0.9301
20.1208 0.9304 0.9302
20.1383 0.9305 0.9304
20.1559 0.9307 0.9305
20.1734 0.9308 0.9307
20.1909 0.9310 0.9308
20.2084 0.9311 0.9310
20.2260 0.9313 0.9311
20.2435 0.9314 0.9313
20.2610 0.9316 0.9314
20.2785 0.9317 0.9316
20.2961 0.9319 0.9317
20.3136 0.9320 0.9319
20.3311 0.9322 0.9320
20.3487 0.9323 0.9322
20.3662 0.9325 0.9323
20.3837 0.9326 0.9325
20.4012 0.9327 0.9326
20.4188 0.9329 0.9328
20.4363 0.9330 0.9329
20.4538 0.9332 0.9330
20.4713 0.9333 0.9332
20.4889 0.9335 0.9333
20.5064 0.9336 0.9335
20.5239 0.9337 0.9336
20.5414 0.9339 0.9338
20.5590 0.9340 0.9339
20.5765 0.9341 0.9340
20.5940 0.9343 0.9342
20.6116 0.9344 0.9343
20.6291 0.9346 0.9344
20.6466 0.9347 0.9346
20.6641 0.9348 0.9347
20.6817 0.9350 0.9349
20.6992 0.9351 0.9350
20.7167 0.9352 0.9351
20.7342 0.9354 0.9353
20.7518 0.9355 0.9354
20.7693 0.9356 0.9355
20.7868 0.9358 0.9357
20.8043 0.9359 0.9358
20.8219 0.9360 0.9359
20.8394 0.9362 0.9361
20.8569 0.9363 0.9362
20.8745 0.9364 0.9363
20.8920 0.9366 0.9365
20.9095 0.9367 0.9366
20.9270 0.9368 0.9367
20.9446 0.9370 0.9369
20.9621 0.9371 0.9370
20.9796 0.9372 0.9371
20.9971 0.9373 0.9372
21.0147 0.9375 0.9374
21.0322 0.9376 0.9375
21.0497 0.9377 0.9376
21.0673 0.9379 0.9378
21.0848 0.9380 0.9379
21.1023 0.9381 0.9380
21.1198 0.9382 0.9381
21.1374 0.9384 0.9383
21.1549 0.9385 0.9384
21.1724 0.9386 0.9385
21.1899 0.9387 0.9386
21.2075 0.9388 0.9388
21.2250 0.9390 0.9389
21.2425 0.9391 0.9390
21.2600 0.9392 0.9391
21.2776 0.9393 0.9393
21.2951 0.9395 0.9394
21.3126 0.9396 0.9395
21.3302 0.9397 0.9396
21.3477 0.9398 0.9397
21.3652 0.9399 0.9399
21.3827 0.9400 0.9400
21.4003 0.9402 0.9401
21.4178 0.9403 0.9402
21.4353 0.9404 0.9403
21.4528 0.9405 0.9405
21.4704 0.9406 0.9406
21.4879 0.9407 0.9407
21.5054 0.9409 0.9408
21.5229 0.9410 0.9409
21.5405 0.9411 0.9411
21.5580 0.9412 0.9412
21.5755 0.9413 0.9413
21.5931 0.9414 0.9414
21.6106 0.9415 0.9415
21.6281 0.9417 0.9416
21.6456 0.9418 0.9417
21.6632 0.9419 0.9419
21.6807 0.9420 0.9420
21.6982 0.9421 0.9421
21.7157 0.9422 0.9422
21.7333 0.9423 0.9423
21.7508 0.9424 0.9424
21.7683 0.9426 0.9425
21.7859 0.9427 0.9426
21.8034 0.9428 0.9427
21.8209 0.9429 0.9428
21.8384 0.9430 0.9430
21.8560 0.9431 0.9431
21.8735 0.9432 0.9432
21.8910 0.9433 0.9433
21.9085 0.9434 0.9434
21.9261 0.9435 0.9435
21.9436 0.9436 0.9436
21.9611 0.9438 0.9437
21.9786 0.9439 0.9438
21.9962 0.9440 0.9439
22.0137 0.9441 0.9440
22.0312 0.9442 0.9441
22.0488 0.9443 0.9442
22.0663 0.9444 0.9443
22.0838 0.9445 0.9444
22.1013 0.9446 0.9445
22.1189 0.9447 0.9446
22.1364 0.9448 0.9447
22.1539 0.9449 0.9448
22.1714 0.9450 0.9449
22.1890 0.9451 0.9450
22.2065 0.9452 0.9452
22.2240 0.9453 0.9453
22.2415 0.9454 0.9454
22.2591 0.9455 0.9455
22.2766 0.9456 0.9456
22.2941 0.9457 0.9457
22.3117 0.9458 0.9458
22.3292 0.9459 0.9459
22.3467 0.9460 0.9460
22.3642 0.9461 0.9461
22.3818 0.9462 0.9462
22.3993 0.9463 0.9462
22.4168 0.9464 0.9463
22.4343 0.9465 0.9464
22.4519 0.9466 0.9465
22.4694 0.9467 0.9466
22.4869 0.9468 0.9467
22.5045 0.9469 0.9468
22.5220 0.9470 0.9469
22.5395 0.9471 0.9470
22.5570 0.9472 0.9471
22.5746 0.9473 0.9472
22.5921 0.9474 0.9473
22.6096 0.9475 0.9474
22.6271 0.9476 0.9475
22.6447 0.9477 0.9476
22.6622 0.9478 0.9477
22.6797 0.9478 0.9478
22.6972 0.9479 0.9479
22.7148 0.9480 0.9480
22.7323 0.9481 0.9481
22.7498 0.9482 0.9482
22.7674 0.9483 0.9482
22.7849 0.9484 0.9483
22.8024 0.9485 0.9484
22.8199 0.9486 0.9485
22.8375 0.9487 0.9486
22.8550 0.9488 0.9487
22.8725 0.9488 0.9488
22.8900 0.9489 0.9489
22.9076 0.9490 0.9490
22.9251 0.9491 0.9491
22.9426 0.9492 0.9492
22.9601 0.9493 0.9492
22.9777 0.9494 0.9493
22.9952 0.9494 0.9494
23.0127 0.9495 0.9495
23.0303 0.9496 0.9496
23.0478 0.9497 0.9497
23.0653 0.9498 0.9498
23.0828 0.9499 0.9499
23.1004 0.9500 0.9500
23.1179 0.9500 0.9500
23.1354 0.9501 0.9501
23.1529 0.9502 0.9502
23.1705 0.9503 0.9503
23.1880 0.9504 0.9504
23.2055 0.9505 0.9505
23.2231 0.9505 0.9505
23.2406 0.9506 0.9506
23.2581 0.9507 0.9507
23.2756 0.9508 0.9508
23.2932 0.9509 0.9509
23.3107 0.9510 0.9510
23.3282 0.9510 0.9510
23.3457 0.9511 0.9511
23.3633 0.9512 0.9512
23.3808 0.9513 0.9513
23.3983 0.9514 0.9514
23.4158 0.9514 0.9514
23.4334 0.9515 0.9515
23.4509 0.9516 0.9516
23.4684 0.9517 0.9517
23.4860 0.9518 0.9517
23.5035 0.9518 0.9518
23.5210 0.9519 0.9519
23.5385 0.9520 0.9520
23.5561 0.9521 0.9520
23.5736 0.9522 0.9521
23.5911 0.9522 0.9522
23.6086 0.9523 0.9523
23.6262 0.9524 0.9523
23.6437 0.9525 0.9524
23.6612 0.9525 0.9525
23.6787 0.9526 0.9526
23.6963 0.9527 0.9526
23.7138 0.9528 0.9527
23.7313 0.9529 0.9528
23.7489 0.9529 0.9529
23.7664 0.9530 0.9529
23.7839 0.9531 0.9530
23.8014 0.9532 0.9531
23.8190 0.9532 0.9532
23.8365 0.9533 0.9532
23.8540 0.9534 0.9533
23.8715 0.9535 0.9534
23.8891 0.9535 0.9535
23.9066 0.9536 0.9535
23.9241 0.9537 0.9536
23.9417 0.9537 0.9537
23.9592 0.9538 0.9538
23.9767 0.9539 0.9538
23.9942 0.9540 0.9539
24.0118 0.9540 0.9540
24.0293 0.9541 0.9541
24.0468 0.9542 0.9541
24.0643 0.9543 0.9542
24.0819 0.9543 0.9543
24.0994 0.9544 0.9544
24.1169 0.9545 0.9544
24.1344 0.9545 0.9545
24.1520 0.9546 0.9546
24.1695 0.9547 0.9547
24.1870 0.9547 0.9547
24.2046 0.9548 0.9548
24.2221 0.9549 0.9549
24.2396 0.9549 0.9550
24.2571 0.9550 0.9550
24.2747 0.9551 0.9551
24.2922 0.9552 0.9552
24.3097 0.9552 0.9552
24.3272 0.9553 0.9553
24.3448 0.9554 0.9554
24.3623 0.9554 0.9554
24.3798 0.9555 0.9555
24.3974 0.9556 0.9556
24.4149 0.9556 0.9556
24.4324 0.9557 0.9557
24.4499 0.9558 0.9558
24.4675 0.9558 0.9558
24.4850 0.9559 0.9559
24.5025 0.9560 0.9560
24.5200 0.9560 0.9560
24.5376 0.9561 0.9561
24.5551 0.9562 0.9562
24.5726 0.9562 0.9562
24.5901 0.9563 0.9563
24.6077 0.9564 0.9564
24.6252 0.9564 0.9564
24.6427 0.9565 0.9565
24.6603 0.9566 0.9566
24.6778 0.9567 0.9566
24.6953 0.9567 0.9567
24.7128 0.9568 0.9568
24.7304 0.9569 0.9568
24.7479 0.9569 0.9569
24.7654 0.9570 0.9570
24.7829 0.9571 0.9570
24.8005 0.9571 0.9571
24.8180 0.9572 0.9572
24.8355 0.9573 0.9572
24.8530 0.9573 0.9573
24.8706 0.9574 0.9574
24.8881 0.9574 0.9574
24.9056 0.9575 0.9575
24.9232 0.9576 0.9576
24.9407 0.9576 0.9576
24.9582 0.9577 0.9577
24.9757 0.9578 0.9578
24.9933 0.9578 0.9578
25.0108 0.9579 0.9579
25.0283 0.9580 0.9580
25.0458 0.9580 0.9580
25.0634 0.9581 0.9581
25.0809 0.9582 0.9582
25.0984 0.9582 0.9582
25.1160 0.9583 0.9583
25.1335 0.9584 0.9584
25.1510 0.9584 0.9584
25.1685 0.9585 0.9585
25.1861 0.9586 0.9586
25.2036 0.9586 0.9586
25.2211 0.9587 0.9587
25.2386 0.9588 0.9588
25.2562 0.9588 0.9588
25.2737 0.9589 0.9589
25.2912 0.9590 0.9590
25.3087 0.9590 0.9590
25.3263 0.9591 0.9591
25.3438 0.9591 0.9592
25.3613 0.9592 0.9592
25.3789 0.9593 0.9593
25.3964 0.9593 0.9593
25.4139 0.9594 0.9594
25.4314 0.9595 0.9595
25.4490 0.9595 0.9595
25.4665 0.9596 0.9596
25.4840 0.9597 0.9597
25.5015 0.9597 0.9597
25.5191 0.9598 0.9598
25.5366 0.9598 0.9598
25.5541 0.9599 0.9599
25.5716 0.9600 0.9600
25.5892 0.9600 0.9600
25.6067 0.9601 0.9601
25.6242 0.9601 0.9602
25.6418 0.9602 0.9602
25.6593 0.9603 0.9603
25.6768 0.9603 0.9603
25.6943 0.9604 0.9604
25.7119 0.9605 0.9605
25.7294 0.9605 0.9605
25.7469 0.9606 0.9606
25.7644 0.9606 0.9606
25.7820 0.9607 0.9607
25.7995 0.9608 0.9608
25.8170 0.9608 0.9608
25.8346 0.9609 0.9609
25.8521 0.9609 0.9609
25.8696 0.9610 0.9610
25.8871 0.9610 0.9610
25.9047 0.9611 0.9611
25.9222 0.9612 0.9612
25.9397 0.9612 0.9612
25.9572 0.9613 0.9613
25.9748 0.9613 0.9613
25.9923 0.9614 0.9614
26.0098 0.9615 0.9615
26.0273 0.9615 0.9615
26.0449 0.9616 0.9616
26.0624 0.9616 0.9616
26.0799 0.9617 0.9617
26.0975 0.9617 0.9617
26.1150 0.9618 0.9618
26.1325 0.9619 0.9619
26.1500 0.9619 0.9619
26.1676 0.9620 0.9620
26.1851 0.9620 0.9620
26.2026 0.9621 0.9621
26.2201 0.9621 0.9621
26.2377 0.9622 0.9622
26.2552 0.9623 0.9622
26.2727 0.9623 0.9623
26.2902 0.9624 0.9624
26.3078 0.9624 0.9624
26.3253 0.9625 0.9625
26.3428 0.9625 0.9625
26.3604 0.9626 0.9626
26.3779 0.9626 0.9626
26.3954 0.9627 0.9627
26.4129 0.9628 0.9627
26.4305 0.9628 0.9628
26.4480 0.9629 0.9629
26.4655 0.9629 0.9629
26.4830 0.9630 0.9630
26.5006 0.9630 0.9630
26.5181 0.9631 0.9631
26.5356 0.9631 0.9631
26.5532 0.9632 0.9632
26.5707 0.9632 0.9632
26.5882 0.9633 0.9633
26.6057 0.9633 0.9633
26.6233 0.9634 0.9634
26.6408 0.9635 0.9635
26.6583 0.9635 0.9635
26.6758 0.9636 0.9636
26.6934 0.9636 0.9636
26.7109 0.9637 0.9637
26.7284 0.9637 0.9637
26.7459 0.9638 0.9638
26.7635 0.9638 0.9638
26.7810 0.9639 0.9639
26.7985 0.9639 0.9639
26.8161 0.9640 0.9640
26.8336 0.9640 0.9640
26.8511 0.9641 0.9641
26.8686 0.9641 0.9641
26.8862 0.9642 0.9642
26.9037 0.9642 0.9642
26.9212 0.9643 0.9643
26.9387 0.9643 0.9643
26.9563 0.9644 0.9644
26.9738 0.9644 0.9644
26.9913 0.9645 0.9645
27.0088 0.9646 0.9645
27.0264 0.9646 0.9646
27.0439 0.9647 0.9646
27.0614 0.9647 0.9647
27.0790 0.9648 0.9648
27.0965 0.9648 0.9648
27.1140 0.9649 0.9649
27.1315 0.9649 0.9649
27.1491 0.9650 0.9650
27.1666 0.9650 0.9650
27.1841 0.9651 0.9651
27.2016 0.9651 0.9651
27.2192 0.9652 0.9652
27.2367 0.9652 0.9652
27.2542 0.9653 0.9653
27.2718 0.9653 0.9653
27.2893 0.9654 0.9654
27.3068 0.9654 0.9654
27.3243 0.9655 0.9655
27.3419 0.9655 0.9655
27.3594 0.9656 0.9655
27.3769 0.9656 0.9656
27.3944 0.9656 0.9656
27.4120 0.9657 0.9657
27.4295 0.9657 0.9657
27.4470 0.9658 0.9658
27.4645 0.9658 0.9658
27.4821 0.9659 0.9659
27.4996 0.9659 0.9659
27.5171 0.9660 0.9660
27.5347 0.9660 0.9660
27.5522 0.9661 0.9661
27.5697 0.9661 0.9661
27.5872 0.9662 0.9662
27.6048 0.9662 0.9662
27.6223 0.9663 0.9663
27.6398 0.9663 0.9663
27.6573 0.9664 0.9664
27.6749 0.9664 0.9664
27.6924 0.9665 0.9665
27.7099 0.9665 0.9665
27.7274 0.9666 0.9665
27.7450 0.9666 0.9666
27.7625 0.9666 0.9666
27.7800 0.9667 0.9667
27.7976 0.9667 0.9667
27.8151 0.9668 0.9668
27.8326 0.9668 0.9668
27.8501 0.9669 0.9669
27.8677 0.9669 0.9669
27.8852 0.9670 0.9670
27.9027 0.9670 0.9670
27.9202 0.9671 0.9671
27.9378 0.9671 0.9671
27.9553 0.9672 0.9671
27.9728 0.9672 0.9672
27.9904 0.9672 0.9672
28.0079 0.9673 0.9673
28.0254 0.9673 0.9673
28.0429 0.9674 0.9674
28.0605 0.9674 0.9674
28.0780 0.9675 0.9675
28.0955 0.9675 0.9675
28.1130 0.9676 0.9675
28.1306 0.9676 0.9676
28.1481 0.9676 0.9676
28.1656 0.9677 0.9677
28.1831 0.9677 0.9677
28.2007 0.9678 0.9678
28.2182 0.9678 0.9678
28.2357 0.9679 0.9679
28.2533 0.9679 0.9679
28.2708 0.9680 0.9679
28.2883 0.9680 0.9680
28.3058 0.9680 0.9680
28.3234 0.9681 0.9681
28.3409 0.9681 0.9681
28.3584 0.9682 0.9682
28.3759 0.9682 0.9682
28.3935 0.9683 0.9682
28.4110 0.9683 0.9683
28.4285 0.9683 0.9683
28.4460 0.9684 0.9684
28.4636 0.9684 0.9684
28.4811 0.9685 0.9685
28.4986 0.9685 0.9685
28.5162 0.9686 0.9685
28.5337 0.9686 0.9686
28.5512 0.9686 0.9686
28.5687 0.9687 0.9687
28.5863 0.9687 0.9687
28.6038 0.9688 0.9688
28.6213 0.9688 0.9688
28.6388 0.9688 0.9688
28.6564 0.9689 0.9689
28.6739 0.9689 0.9689
28.6914 0.9690 0.9690
28.7090 0.9690 0.9690
28.7265 0.9691 0.9691
28.7440 0.9691 0.9691
28.7615 0.9691 0.9691
28.7791 0.9692 0.9692
28.7966 0.9692 0.9692
28.8141 0.9693 0.9693
28.8316 0.9693 0.9693
28.8492 0.9693 0.9693
28.8667 0.9694 0.9694
28.8842 0.9694 0.9694
28.9017 0.9695 0.9695
28.9193 0.9695 0.9695
28.9368 0.9695 0.9695
28.9543 0.9696 0.9696
28.9719 0.9696 0.9696
28.9894 0.9697 0.9697
29.0069 0.9697 0.9697
29.0244 0.9697 0.9697
29.0420 0.9698 0.9698
29.0595 0.9698 0.9698
29.0770 0.9699 0.9699
29.0945 0.9699 0.9699
29.1121 0.9699 0.9699
29.1296 0.9700 0.9700
29.1471 0.9700 0.9700
29.1646 0.9701 0.9701
29.1822 0.9701 0.9701
29.1997 0.9701 0.9701
29.2172 0.9702 0.9702
29.2348 0.9702 0.9702
29.2523 0.9703 0.9703
29.2698 0.9703 0.9703
29.2873 0.9703 0.9703
29.3049 0.9704 0.9704
29.3224 0.9704 0.9704
29.3399 0.9705 0.9704
29.3574 0.9705 0.9705
29.3750 0.9705 0.9705
29.3925 0.9706 0.9706
29.4100 0.9706 0.9706
29.4276 0.9706 0.9706
29.4451 0.9707 0.9707
29.4626 0.9707 0.9707
29.4801 0.9708 0.9708
29.4977 0.9708 0.9708
29.5152 0.9708 0.9708
29.5327 0.9709 0.9709
29.5502 0.9709 0.9709
29.5678 0.9709 0.9709
29.5853 0.9710 0.9710
29.6028 0.9710 0.9710
29.6203 0.9711 0.9711
29.6379 0.9711 0.9711
29.6554 0.9711 0.9711
29.6729 0.9712 0.9712
29.6905 0.9712 0.9712
29.7080 0.9712 0.9712
29.7255 0.9713 0.9713
29.7430 0.9713 0.9713
29.7606 0.9713 0.9713
29.7781 0.9714 0.9714
29.7956 0.9714 0.9714
29.8131 0.9715 0.9715
29.8307 0.9715 0.9715
29.8482 0.9715 0.9715
29.8657 0.9716 0.9716
29.8832 0.9716 0.9716
29.9008 0.9716 0.9716
29.9183 0.9717 0.9717
29.9358 0.9717 0.9717
29.9534 0.9717 0.9717
29.9709 0.9718 0.9718
29.9884 0.9718 0.9718
30.0059 0.9719 0.9719
30.0235 0.9719 0.9719
30.0410 0.9719 0.9719
30.0585 0.9720 0.9720
30.0760 0.9720 0.9720
30.0936 0.9720 0.9720
30.1111 0.9721 0.9721
30.1286 0.9721 0.9721
30.1462 0.9721 0.9721
30.1637 0.9722 0.9722
30.1812 0.9722 0.9722
30.1987 0.9722 0.9722
30.2163 0.9723 0.9723
30.2338 0.9723 0.9723
30.2513 0.9723 0.9723
30.2688 0.9724 0.9724
30.2864 0.9724 0.9724
30.3039 0.9724 0.9724
30.3214 0.9725 0.9725
30.3389 0.9725 0.9725
30.3565 0.9725 0.9725
30.3740 0.9726 0.9726
30.3915 0.9726 0.9726
30.4091 0.9727 0.9726
30.4266 0.9727 0.9727
30.4441 0.9727 0.9727
30.4616 0.9728 0.9727
30.4792 0.9728 0.9728
30.4967 0.9728 0.9728
30.5142 0.9729 0.9729
30.5317 0.9729 0.9729
30.5493 0.9729 0.9729
30.5668 0.9730 0.9730
30.5843 0.9730 0.9730
30.6018 0.9730 0.9730
30.6194 0.9731 0.9731
30.6369 0.9731 0.9731
30.6544 0.9731 0.9731
30.6720 0.9732 0.9731
30.6895 0.9732 0.9732
30.7070 0.9732 0.9732
30.7245 0.9732 0.9732
30.7421 0.9733 0.9733
30.7596 0.9733 0.9733
30.7771 0.9733 0.9733
30.7946 0.9734 0.9734
30.8122 0.9734 0.9734
30.8297 0.9734 0.9734
30.8472 0.9735 0.9735
30.8648 0.9735 0.9735
30.8823 0.9735 0.9735
30.8998 0.9736 0.9736
30.9173 0.9736 0.9736
30.9349 0.9736 0.9736
30.9524 0.9737 0.9737
30.9699 0.9737 0.9737
30.9874 0.9737 0.9737
31.0050 0.9738 0.9738
31.0225 0.9738 0.9738
31.0400 0.9738 0.9738
31.0575 0.9739 0.9739
31.0751 0.9739 0.9739
31.0926 0.9739 0.9739
31.1101 0.9740 0.9740
31.1277 0.9740 0.9740
31.1452 0.9740 0.9740
31.1627 0.9740 0.9740
31.1802 0.9741 0.9741
31.1978 0.9741 0.9741
31.2153 0.9741 0.9741
31.2328 0.9742 0.9742
31.2503 0.9742 0.9742
31.2679 0.9742 0.9742
31.2854 0.9743 0.9743
31.3029 0.9743 0.9743
31.3204 0.9743 0.9743
31.3380 0.9744 0.9744
31.3555 0.9744 0.9744
31.3730 0.9744 0.9744
31.3906 0.9744 0.9744
31.4081 0.9745 0.9745
31.4256 0.9745 0.9745
31.4431 0.9745 0.9745
31.4607 0.9746 0.9746
31.4782 0.9746 0.9746
31.4957 0.9746 0.9746
31.5132 0.9747 0.9747
31.5308 0.9747 0.9747
31.5483 0.9747 0.9747
31.5658 0.9748 0.9747
31.5834 0.9748 0.9748
31.6009 0.9748 0.9748
31.6184 0.9748 0.9748
31.6359 0.9749 0.9749
31.6535 0.9749 0.9749
31.6710 0.9749 0.9749
31.6885 0.9750 0.9750
31.7060 0.9750 0.9750
31.7236 0.9750 0.9750
31.7411 0.9750 0.9750
31.7586 0.9751 0.9751
31.7761 0.9751 0.9751
31.7937 0.9751 0.9751
31.8112 0.9752 0.9752
31.8287 0.9752 0.9752
31.8463 0.9752 0.9752
31.8638 0.9753 0.9753
31.8813 0.9753 0.9753
31.8988 0.9753 0.9753
31.9164 0.9753 0.9753
31.9339 0.9754 0.9754
31.9514 0.9754 0.9754
31.9689 0.9754 0.9754
31.9865 0.9755 0.9755
32.0040 0.9755 0.9755
32.0215 0.9755 0.9755
32.0390 0.9755 0.9755
32.0566 0.9756 0.9756
32.0741 0.9756 0.9756
32.0916 0.9756 0.9756
32.1092 0.9757 0.9757
32.1267 0.9757 0.9757
32.1442 0.9757 0.9757
32.1617 0.9757 0.9757
32.1793 0.9758 0.9758
32.1968 0.9758 0.9758
32.2143 0.9758 0.9758
32.2318 0.9758 0.9758
32.2494 0.9759 0.9759
32.2669 0.9759 0.9759
32.2844 0.9759 0.9759
32.3020 0.9760 0.9760
32.3195 0.9760 0.9760
32.3370 0.9760 0.9760
32.3545 0.9760 0.9760
32.3721 0.9761 0.9761
32.3896 0.9761 0.9761
32.4071 0.9761 0.9761
32.4246 0.9762 0.9762
32.4422 0.9762 0.9762
32.4597 0.9762 0.9762
32.4772 0.9762 0.9762
32.4947 0.9763 0.9763
32.5123 0.9763 0.9763
32.5298 0.9763 0.9763
32.5473 0.9763 0.9763
32.5649 0.9764 0.9764
32.5824 0.9764 0.9764
32.5999 0.9764 0.9764
32.6174 0.9765 0.9764
32.6350 0.9765 0.9765
32.6525 0.9765 0.9765
32.6700 0.9765 0.9765
32.6875 0.9766 0.9766
32.7051 0.9766 0.9766
32.7226 0.9766 0.9766
32.7401 0.9766 0.9766
32.7576 0.9767 0.9767
32.7752 0.9767 0.9767
32.7927 0.9767 0.9767
32.8102 0.9767 0.9767
32.8278 0.9768 0.9768
32.8453 0.9768 0.9768
32.8628 0.9768 0.9768
32.8803 0.9768 0.9768
32.8979 0.9769 0.9769
32.9154 0.9769 0.9769
32.9329 0.9769 0.9769
32.9504 0.9770 0.9770
32.9680 0.9770 0.9770
32.9855 0.9770 0.9770
33.0030 0.9770 0.9770
33.0206 0.9771 0.9771
33.0381 0.9771 0.9771
33.0556 0.9771 0.9771
33.0731 0.9771 0.9771
33.0907 0.9772 0.9772
33.1082 0.9772 0.9772
33.1257 0.9772 0.9772
33.1432 0.9772 0.9772
33.1608 0.9773 0.9773
33.1783 0.9773 0.9773
33.1958 0.9773 0.9773
33.2133 0.9773 0.9773
33.2309 0.9774 0.9774
33.2484 0.9774 0.9774
33.2659 0.9774 0.9774
33.2835 0.9774 0.9774
33.3010 0.9775 0.9775
33.3185 0.9775 0.9775
33.3360 0.9775 0.9775
33.3536 0.9775 0.9775
33.3711 0.9776 0.9776
33.3886 0.9776 0.9776
33.4061 0.9776 0.9776
33.4237 0.9776 0.9776
33.4412 0.9777 0.9777
33.4587 0.9777 0.9777
33.4762 0.9777 0.9777
33.4938 0.9777 0.9777
33.5113 0.9778 0.9778
33.5288 0.9778 0.9778
33.5464 0.9778 0.9778
33.5639 0.9778 0.9778
33.5814 0.9779 0.9779
33.5989 0.9779 0.9779
33.6165 0.9779 0.9779
33.6340 0.9779 0.9779
33.6515 0.9780 0.9780
33.6690 0.9780 0.9780
33.6866 0.9780 0.9780
33.7041 0.9780 0.9780
33.7216 0.9781 0.9781
33.7392 0.9781 0.9781
33.7567 0.9781 0.9781
33.7742 0.9781 0.9781
33.7917 0.9781 0.9781
33.8093 0.9782 0.9782
33.8268 0.9782 0.9782
33.8443 0.9782 0.9782
33.8618 0.9782 0.9782
33.8794 0.9783 0.9783
33.8969 0.9783 0.9783
33.9144 0.9783 0.9783
33.9319 0.9783 0.9783
33.9495 0.9784 0.9784
33.9670 0.9784 0.9784
33.9845 0.9784 0.9784
34.0021 0.9784 0.9784
34.0196 0.9785 0.9785
34.0371 0.9785 0.9785
34.0546 0.9785 0.9785
34.0722 0.9785 0.9785
34.0897 0.9785 0.9785
34.1072 0.9786 0.9786
34.1247 0.9786 0.9786
34.1423 0.9786 0.9786
34.1598 0.9786 0.9786
34.1773 0.9787 0.9787
34.1948 0.9787 0.9787
34.2124 0.9787 0.9787
34.2299 0.9787 0.9787
34.2474 0.9788 0.9788
34.2650 0.9788 0.9788
34.2825 0.9788 0.9788
34.3000 0.9788 0.9788
34.3175 0.9788 0.9788
34.3351 0.9789 0.9789
34.3526 0.9789 0.9789
34.3701 0.9789 0.9789
34.3876 0.9789 0.9789
34.4052 0.9790 0.9790
34.4227 0.9790 0.9790
34.4402 0.9790 0.9790
34.4578 0.9790 0.9790
34.4753 0.9791 0.9790
34.4928 0.9791 0.9791
34.5103 0.9791 0.9791
34.5279 0.9791 0.9791
34.5454 0.9791 0.9791
34.5629 0.9792 0.9792
34.5804 0.9792 0.9792
34.5980 0.9792 0.9792
34.6155 0.9792 0.9792
34.6330 0.9793 0.9792
34.6505 0.9793 0.9793
34.6681 0.9793 0.9793
34.6856 0.9793 0.9793
34.7031 0.9793 0.9793
34.7207 0.9794 0.9794
34.7382 0.9794 0.9794
34.7557 0.9794 0.9794
34.7732 0.9794 0.9794
34.7908 0.9794 0.9794
34.8083 0.9795 0.9795
34.8258 0.9795 0.9795
34.8433 0.9795 0.9795
34.8609 0.9795 0.9795
34.8784 0.9796 0.9796
34.8959 0.9796 0.9796
34.9134 0.9796 0.9796
34.9310 0.9796 0.9796
34.9485 0.9796 0.9796
34.9660 0.9797 0.9797
34.9836 0.9797 0.9797
35.0011 0.9797 0.9797
35.0186 0.9797 0.9797
35.0361 0.9797 0.9797
  
  
  
  
  
dim="1">gridpoints</dimension>  
  
  
  
  
  
  
  
  
0.0000 0.8980 1.3726
0.0175 0.8980 1.3726
0.0351 0.9017 1.3696
0.0526 0.9077 1.3646
0.0701 0.9160 1.3576
0.0876 0.9262 1.3484
0.1052 0.9380 1.3371
0.1227 0.9512 1.3237
0.1402 0.9654 1.3081
0.1577 0.9803 1.2903
0.1753 0.9954 1.2706
0.1928 1.0106 1.2490
0.2103 1.0254 1.2258
0.2278 1.0396 1.2013
0.2454 1.0529 1.1759
0.2629 1.0652 1.1499
0.2804 1.0762 1.1239
0.2980 1.0859 1.0985
0.3155 1.0941 1.0741
0.3330 1.1007 1.0513
0.3505 1.1058 1.0307
0.3681 1.1093 1.0127
0.3856 1.1113 0.9978
0.4031 1.1118 0.9864
0.4206 1.1109 0.9787
0.4382 1.1087 0.9749
0.4557 1.1053 0.9751
0.4732 1.1009 0.9791
0.4908 1.0957 0.9869
0.5083 1.0899 0.9982
0.5258 1.0835 1.0126
0.5433 1.0768 1.0297
0.5609 1.0700 1.0491
0.5784 1.0630 1.0702
0.5959 1.0562 1.0925
0.6134 1.0494 1.1153
0.6310 1.0429 1.1381
0.6485 1.0365 1.1601
0.6660 1.0303 1.1809
0.6835 1.0242 1.1996
0.7011 1.0182 1.2157
0.7186 1.0123 1.2287
0.7361 1.0064 1.2378
0.7537 1.0005 1.2426
0.7712 0.9946 1.2426
0.7887 0.9885 1.2374
0.8062 0.9824 1.2268
0.8238 0.9762 1.2106
0.8413 0.9700 1.1889
0.8588 0.9637 1.1616
0.8763 0.9573 1.1292
0.8939 0.9508 1.0922
0.9114 0.9442 1.0510
0.9289 0.9375 1.0065
0.9464 0.9307 0.9595
0.9640 0.9238 0.9109
0.9815 0.9166 0.8616
0.9990 0.9093 0.8125
1.0166 0.9017 0.7645
1.0341 0.8940 0.7184
1.0516 0.8860 0.6748
1.0691 0.8779 0.6343
1.0867 0.8697 0.5972
1.1042 0.8616 0.5639
1.1217 0.8536 0.5342
1.1392 0.8459 0.5083
1.1568 0.8386 0.4858
1.1743 0.8319 0.4666
1.1918 0.8260 0.4502
1.2094 0.8209 0.4364
1.2269 0.8170 0.4246
1.2444 0.8141 0.4147
1.2619 0.8126 0.4063
1.2795 0.8122 0.3990
1.2970 0.8132 0.3927
1.3145 0.8152 0.3872
1.3320 0.8183 0.3825
1.3496 0.8221 0.3785
1.3671 0.8264 0.3753
1.3846 0.8309 0.3729
1.4021 0.8353 0.3713
1.4197 0.8392 0.3708
1.4372 0.8422 0.3712
1.4547 0.8440 0.3728
1.4723 0.8444 0.3755
1.4898 0.8430 0.3792
1.5073 0.8399 0.3840
1.5248 0.8349 0.3898
1.5424 0.8280 0.3964
1.5599 0.8195 0.4037
1.5774 0.8095 0.4114
1.5949 0.7984 0.4194
1.6125 0.7866 0.4275
1.6300 0.7743 0.4355
1.6475 0.7621 0.4431
1.6650 0.7503 0.4503
1.6826 0.7394 0.4568
1.7001 0.7297 0.4626
1.7176 0.7214 0.4676
1.7352 0.7147 0.4718
1.7527 0.7098 0.4752
1.7702 0.7066 0.4779
1.7877 0.7052 0.4799
1.8053 0.7054 0.4815
1.8228 0.7072 0.4827
1.8403 0.7103 0.4837
1.8578 0.7145 0.4848
1.8754 0.7197 0.4860
1.8929 0.7257 0.4876
1.9104 0.7323 0.4897
1.9280 0.7393 0.4924
1.9455 0.7467 0.4958
1.9630 0.7544 0.4999
1.9805 0.7623 0.5048
1.9981 0.7703 0.5105
2.0156 0.7786 0.5168
2.0331 0.7871 0.5238
2.0506 0.7957 0.5314
2.0682 0.8045 0.5394
2.0857 0.8136 0.5477
2.1032 0.8227 0.5562
2.1207 0.8321 0.5647
2.1383 0.8414 0.5731
2.1558 0.8508 0.5814
2.1733 0.8601 0.5893
2.1909 0.8692 0.5968
2.2084 0.8779 0.6038
2.2259 0.8860 0.6101
2.2434 0.8935 0.6157
2.2610 0.9002 0.6205
2.2785 0.9058 0.6245
2.2960 0.9102 0.6276
2.3135 0.9133 0.6297
2.3311 0.9150 0.6308
2.3486 0.9152 0.6310
2.3661 0.9137 0.6301
2.3836 0.9108 0.6283
2.4012 0.9063 0.6255
2.4187 0.9004 0.6219
2.4362 0.8932 0.6174
2.4538 0.8849 0.6121
2.4713 0.8758 0.6063
2.4888 0.8659 0.5998
2.5063 0.8556 0.5929
2.5239 0.8450 0.5856
2.5414 0.8343 0.5780
2.5589 0.8237 0.5702
2.5764 0.8134 0.5623
2.5940 0.8034 0.5543
2.6115 0.7938 0.5463
2.6290 0.7845 0.5384
2.6466 0.7755 0.5306
2.6641 0.7669 0.5230
2.6816 0.7584 0.5156
2.6991 0.7500 0.5086
2.7167 0.7415 0.5018
2.7342 0.7329 0.4956
2.7517 0.7240 0.4898
2.7692 0.7147 0.4846
2.7868 0.7050 0.4800
2.8043 0.6947 0.4762
2.8218 0.6839 0.4732
2.8393 0.6725 0.4710
2.8569 0.6604 0.4696
2.8744 0.6478 0.4691
2.8919 0.6347 0.4694
2.9095 0.6211 0.4704
2.9270 0.6071 0.4723
2.9445 0.5928 0.4748
2.9620 0.5784 0.4779
2.9796 0.5638 0.4814
2.9971 0.5494 0.4855
3.0146 0.5352 0.4898
3.0321 0.5214 0.4943
3.0497 0.5080 0.4990
3.0672 0.4954 0.5037
3.0847 0.4834 0.5084
3.1022 0.4724 0.5130
3.1198 0.4622 0.5175
3.1373 0.4531 0.5216
3.1548 0.4450 0.5255
3.1724 0.4379 0.5290
3.1899 0.4318 0.5321
3.2074 0.4266 0.5348
3.2249 0.4224 0.5370
3.2425 0.4189 0.5386
3.2600 0.4162 0.5397
3.2775 0.4142 0.5402
3.2950 0.4127 0.5400
3.3126 0.4118 0.5393
3.3301 0.4112 0.5381
3.3476 0.4111 0.5362
3.3652 0.4112 0.5339
3.3827 0.4117 0.5311
3.4002 0.4125 0.5280
3.4177 0.4136 0.5246
3.4353 0.4149 0.5211
3.4528 0.4166 0.5175
3.4703 0.4186 0.5141
3.4878 0.4209 0.5109
3.5054 0.4235 0.5081
3.5229 0.4265 0.5056
3.5404 0.4298 0.5038
3.5579 0.4334 0.5025
3.5755 0.4374 0.5018
3.5930 0.4416 0.5017
3.6105 0.4462 0.5022
3.6281 0.4509 0.5033
3.6456 0.4559 0.5048
3.6631 0.4610 0.5067
3.6806 0.4662 0.5088
3.6982 0.4715 0.5110
3.7157 0.4768 0.5132
3.7332 0.4821 0.5153
3.7507 0.4873 0.5172
3.7683 0.4925 0.5188
3.7858 0.4976 0.5199
3.8033 0.5026 0.5205
3.8208 0.5074 0.5207
3.8384 0.5121 0.5203
3.8559 0.5167 0.5194
3.8734 0.5212 0.5181
3.8910 0.5255 0.5163
3.9085 0.5297 0.5142
3.9260 0.5338 0.5118
3.9435 0.5376 0.5092
3.9611 0.5413 0.5065
3.9786 0.5448 0.5038
3.9961 0.5479 0.5012
4.0136 0.5508 0.4988
4.0312 0.5533 0.4966
4.0487 0.5554 0.4946
4.0662 0.5571 0.4930
4.0838 0.5582 0.4917
4.1013 0.5588 0.4908
4.1188 0.5588 0.4901
4.1363 0.5582 0.4897
4.1539 0.5571 0.4896
4.1714 0.5553 0.4897
4.1889 0.5530 0.4899
4.2064 0.5502 0.4903
4.2240 0.5470 0.4908
4.2415 0.5433 0.4914
4.2590 0.5394 0.4921
4.2765 0.5353 0.4928
4.2941 0.5311 0.4935
4.3116 0.5268 0.4942
4.3291 0.5226 0.4950
4.3467 0.5186 0.4957
4.3642 0.5148 0.4965
4.3817 0.5113 0.4973
4.3992 0.5081 0.4981
4.4168 0.5053 0.4989
4.4343 0.5029 0.4997
4.4518 0.5008 0.5005
4.4693 0.4991 0.5013
4.4869 0.4978 0.5021
4.5044 0.4968 0.5028
4.5219 0.4961 0.5035
4.5394 0.4956 0.5042
4.5570 0.4954 0.5049
4.5745 0.4953 0.5056
4.5920 0.4953 0.5062
4.6096 0.4953 0.5069
4.6271 0.4955 0.5076
4.6446 0.4956 0.5084
4.6621 0.4958 0.5092
4.6797 0.4959 0.5100
4.6972 0.4960 0.5108
4.7147 0.4961 0.5117
4.7322 0.4961 0.5126
4.7498 0.4961 0.5135
4.7673 0.4961 0.5144
4.7848 0.4961 0.5153
4.8024 0.4961 0.5162
4.8199 0.4961 0.5170
4.8374 0.4961 0.5178
4.8549 0.4962 0.5185
4.8725 0.4964 0.5192
4.8900 0.4966 0.5199
4.9075 0.4970 0.5205
4.9250 0.4975 0.5211
4.9426 0.4981 0.5217
4.9601 0.4989 0.5224
4.9776 0.5000 0.5231
4.9951 0.5012 0.5239
5.0127 0.5027 0.5248
5.0302 0.5044 0.5259
5.0477 0.5064 0.5271
5.0653 0.5086 0.5285
5.0828 0.5111 0.5302
5.1003 0.5137 0.5322
5.1178 0.5166 0.5344
5.1354 0.5197 0.5370
5.1529 0.5230 0.5398
5.1704 0.5264 0.5430
5.1879 0.5300 0.5465
5.2055 0.5337 0.5503
5.2230 0.5374 0.5544
5.2405 0.5413 0.5587
5.2580 0.5451 0.5632
5.2756 0.5490 0.5678
5.2931 0.5530 0.5726
5.3106 0.5569 0.5774
5.3282 0.5609 0.5822
5.3457 0.5648 0.5869
5.3632 0.5687 0.5914
5.3807 0.5726 0.5958
5.3983 0.5765 0.6000
5.4158 0.5804 0.6039
5.4333 0.5842 0.6075
5.4508 0.5880 0.6108
5.4684 0.5918 0.6138
5.4859 0.5955 0.6164
5.5034 0.5991 0.6188
5.5210 0.6026 0.6209
5.5385 0.6060 0.6227
5.5560 0.6093 0.6243
5.5735 0.6125 0.6257
5.5911 0.6155 0.6269
5.6086 0.6184 0.6280
5.6261 0.6211 0.6289
5.6436 0.6236 0.6298
5.6612 0.6259 0.6306
5.6787 0.6280 0.6314
5.6962 0.6300 0.6321
5.7137 0.6318 0.6328
5.7313 0.6334 0.6334
5.7488 0.6348 0.6340
5.7663 0.6361 0.6345
5.7839 0.6372 0.6349
5.8014 0.6382 0.6353
5.8189 0.6390 0.6356
5.8364 0.6397 0.6358
5.8540 0.6403 0.6359
5.8715 0.6407 0.6359
5.8890 0.6410 0.6357
5.9065 0.6412 0.6355
5.9241 0.6413 0.6353
5.9416 0.6413 0.6349
5.9591 0.6412 0.6346
5.9766 0.6410 0.6342
5.9942 0.6408 0.6338
6.0117 0.6406 0.6335
6.0292 0.6404 0.6332
6.0468 0.6403 0.6330
6.0643 0.6402 0.6330
6.0818 0.6403 0.6331
6.0993 0.6406 0.6333
6.1169 0.6410 0.6336
6.1344 0.6417 0.6342
6.1519 0.6426 0.6348
6.1694 0.6437 0.6356
6.1870 0.6451 0.6365
6.2045 0.6467 0.6375
6.2220 0.6486 0.6386
6.2396 0.6506 0.6397
6.2571 0.6528 0.6408
6.2746 0.6552 0.6420
6.2921 0.6576 0.6431
6.3097 0.6602 0.6442
6.3272 0.6628 0.6453
6.3447 0.6654 0.6464
6.3622 0.6680 0.6474
6.3798 0.6706 0.6484
6.3973 0.6731 0.6494
6.4148 0.6756 0.6504
6.4323 0.6780 0.6514
6.4499 0.6802 0.6523
6.4674 0.6824 0.6534
6.4849 0.6844 0.6544
6.5025 0.6863 0.6555
6.5200 0.6880 0.6566
6.5375 0.6897 0.6578
6.5550 0.6911 0.6590
6.5726 0.6925 0.6603
6.5901 0.6936 0.6616
6.6076 0.6947 0.6630
6.6251 0.6956 0.6644
6.6427 0.6963 0.6658
6.6602 0.6969 0.6672
6.6777 0.6975 0.6687
6.6952 0.6979 0.6701
6.7128 0.6982 0.6715
6.7303 0.6984 0.6728
6.7478 0.6986 0.6741
6.7654 0.6987 0.6754
6.7829 0.6988 0.6766
6.8004 0.6989 0.6777
6.8179 0.6990 0.6787
6.8355 0.6991 0.6796
6.8530 0.6993 0.6805
6.8705 0.6995 0.6813
6.8880 0.6997 0.6820
6.9056 0.7000 0.6827
6.9231 0.7003 0.6832
6.9406 0.7007 0.6837
6.9582 0.7011 0.6842
6.9757 0.7017 0.6846
6.9932 0.7022 0.6850
7.0107 0.7029 0.6853
7.0283 0.7036 0.6856
7.0458 0.7044 0.6859
7.0633 0.7052 0.6861
7.0808 0.7062 0.6864
7.0984 0.7072 0.6867
7.1159 0.7082 0.6869
7.1334 0.7094 0.6871
7.1509 0.7106 0.6874
7.1685 0.7119 0.6876
7.1860 0.7133 0.6879
7.2035 0.7147 0.6882
7.2211 0.7162 0.6885
7.2386 0.7177 0.6888
7.2561 0.7193 0.6891
7.2736 0.7209 0.6895
7.2912 0.7226 0.6899
7.3087 0.7243 0.6903
7.3262 0.7259 0.6907
7.3437 0.7276 0.6912
7.3613 0.7293 0.6917
7.3788 0.7310 0.6923
7.3963 0.7326 0.6928
7.4138 0.7343 0.6934
7.4314 0.7359 0.6940
7.4489 0.7375 0.6947
7.4664 0.7390 0.6953
7.4840 0.7405 0.6960
7.5015 0.7420 0.6967
7.5190 0.7435 0.6975
7.5365 0.7449 0.6982
7.5541 0.7462 0.6990
7.5716 0.7475 0.6998
7.5891 0.7487 0.7006
7.6066 0.7498 0.7015
7.6242 0.7508 0.7024
7.6417 0.7517 0.7033
7.6592 0.7525 0.7043
7.6768 0.7531 0.7053
7.6943 0.7536 0.7063
7.7118 0.7540 0.7074
7.7293 0.7542 0.7086
7.7469 0.7543 0.7098
7.7644 0.7542 0.7110
7.7819 0.7540 0.7122
7.7994 0.7538 0.7135
7.8170 0.7534 0.7148
7.8345 0.7530 0.7161
7.8520 0.7525 0.7174
7.8695 0.7520 0.7187
7.8871 0.7515 0.7200
7.9046 0.7511 0.7212
7.9221 0.7508 0.7224
7.9397 0.7505 0.7236
7.9572 0.7504 0.7247
7.9747 0.7504 0.7258
7.9922 0.7506 0.7268
8.0098 0.7509 0.7278
8.0273 0.7514 0.7287
8.0448 0.7520 0.7295
8.0623 0.7529 0.7303
8.0799 0.7539 0.7311
8.0974 0.7550 0.7318
8.1149 0.7563 0.7324
8.1325 0.7577 0.7331
8.1500 0.7592 0.7338
8.1675 0.7608 0.7344
8.1850 0.7625 0.7351
8.2026 0.7641 0.7358
8.2201 0.7658 0.7365
8.2376 0.7675 0.7372
8.2551 0.7691 0.7380
8.2727 0.7706 0.7387
8.2902 0.7720 0.7396
8.3077 0.7733 0.7404
8.3252 0.7744 0.7413
8.3428 0.7753 0.7421
8.3603 0.7761 0.7430
8.3778 0.7766 0.7439
8.3954 0.7768 0.7448
8.4129 0.7768 0.7457
8.4304 0.7766 0.7465
8.4479 0.7761 0.7473
8.4655 0.7753 0.7481
8.4830 0.7744 0.7487
8.5005 0.7732 0.7494
8.5180 0.7719 0.7499
8.5356 0.7704 0.7504
8.5531 0.7687 0.7509
8.5706 0.7670 0.7512
8.5881 0.7652 0.7515
8.6057 0.7634 0.7518
8.6232 0.7615 0.7519
8.6407 0.7597 0.7520
8.6583 0.7579 0.7521
8.6758 0.7563 0.7522
8.6933 0.7546 0.7522
8.7108 0.7531 0.7522
8.7284 0.7517 0.7521
8.7459 0.7504 0.7521
8.7634 0.7492 0.7520
8.7809 0.7482 0.7520
8.7985 0.7472 0.7520
8.8160 0.7464 0.7519
8.8335 0.7457 0.7519
8.8511 0.7451 0.7519
8.8686 0.7446 0.7519
8.8861 0.7442 0.7518
8.9036 0.7439 0.7518
8.9212 0.7437 0.7518
8.9387 0.7435 0.7517
8.9562 0.7434 0.7517
8.9737 0.7433 0.7517
8.9913 0.7433 0.7516
9.0088 0.7433 0.7515
9.0263 0.7434 0.7515
9.0438 0.7434 0.7514
9.0614 0.7435 0.7514
9.0789 0.7436 0.7513
9.0964 0.7437 0.7512
9.1140 0.7438 0.7512
9.1315 0.7439 0.7511
9.1490 0.7440 0.7511
9.1665 0.7441 0.7511
9.1841 0.7442 0.7511
9.2016 0.7443 0.7511
9.2191 0.7444 0.7512
9.2366 0.7445 0.7512
9.2542 0.7446 0.7513
9.2717 0.7447 0.7514
9.2892 0.7448 0.7515
9.3067 0.7449 0.7517
9.3243 0.7450 0.7518
9.3418 0.7451 0.7520
9.3593 0.7452 0.7522
9.3769 0.7453 0.7524
9.3944 0.7454 0.7526
9.4119 0.7455 0.7528
9.4294 0.7456 0.7530
9.4470 0.7457 0.7532
9.4645 0.7457 0.7534
9.4820 0.7458 0.7537
9.4995 0.7460 0.7539
9.5171 0.7461 0.7542
9.5346 0.7463 0.7545
9.5521 0.7465 0.7548
9.5697 0.7468 0.7551
9.5872 0.7471 0.7554
9.6047 0.7475 0.7557
9.6222 0.7479 0.7561
9.6398 0.7484 0.7565
9.6573 0.7490 0.7569
9.6748 0.7496 0.7572
9.6923 0.7503 0.7576
9.7099 0.7510 0.7580
9.7274 0.7518 0.7584
9.7449 0.7526 0.7588
9.7624 0.7535 0.7592
9.7800 0.7543 0.7596
9.7975 0.7551 0.7599
9.8150 0.7560 0.7603
9.8326 0.7568 0.7606
9.8501 0.7575 0.7609
9.8676 0.7582 0.7611
9.8851 0.7588 0.7613
9.9027 0.7593 0.7615
9.9202 0.7598 0.7616
9.9377 0.7601 0.7617
9.9552 0.7604 0.7618
9.9728 0.7605 0.7618
9.9903 0.7606 0.7617
10.0078 0.7606 0.7616
10.0253 0.7604 0.7615
10.0429 0.7602 0.7614
10.0604 0.7600 0.7612
10.0779 0.7596 0.7610
10.0955 0.7593 0.7608
10.1130 0.7589 0.7605
10.1305 0.7584 0.7603
10.1480 0.7580 0.7601
10.1656 0.7576 0.7599
10.1831 0.7571 0.7598
10.2006 0.7567 0.7596
10.2181 0.7563 0.7596
10.2357 0.7559 0.7595
10.2532 0.7556 0.7596
10.2707 0.7552 0.7596
10.2883 0.7549 0.7598
10.3058 0.7546 0.7600
10.3233 0.7544 0.7602
10.3408 0.7541 0.7605
10.3584 0.7539 0.7608
10.3759 0.7537 0.7612
10.3934 0.7535 0.7617
10.4109 0.7534 0.7621
10.4285 0.7533 0.7626
10.4460 0.7532 0.7631
10.4635 0.7531 0.7636
10.4810 0.7531 0.7641
10.4986 0.7531 0.7647
10.5161 0.7532 0.7652
10.5336 0.7533 0.7657
10.5512 0.7535 0.7662
10.5687 0.7537 0.7667
10.5862 0.7539 0.7672
10.6037 0.7542 0.7677
10.6213 0.7545 0.7681
10.6388 0.7548 0.7685
10.6563 0.7551 0.7689
10.6738 0.7555 0.7693
10.6914 0.7559 0.7696
10.7089 0.7563 0.7699
10.7264 0.7567 0.7701
10.7439 0.7571 0.7704
10.7615 0.7575 0.7705
10.7790 0.7579 0.7707
10.7965 0.7583 0.7708
10.8141 0.7586 0.7709
10.8316 0.7590 0.7710
10.8491 0.7593 0.7710
10.8666 0.7597 0.7711
10.8842 0.7600 0.7711
10.9017 0.7603 0.7712
10.9192 0.7606 0.7712
10.9367 0.7609 0.7712
10.9543 0.7612 0.7713
10.9718 0.7615 0.7714
10.9893 0.7617 0.7715
11.0069 0.7620 0.7716
11.0244 0.7623 0.7717
11.0419 0.7625 0.7719
11.0594 0.7628 0.7721
11.0770 0.7631 0.7723
11.0945 0.7633 0.7725
11.1120 0.7636 0.7727
11.1295 0.7639 0.7730
11.1471 0.7642 0.7733
11.1646 0.7645 0.7736
11.1821 0.7648 0.7739
11.1996 0.7651 0.7742
11.2172 0.7654 0.7745
11.2347 0.7657 0.7748
11.2522 0.7661 0.7751
11.2698 0.7664 0.7754
11.2873 0.7667 0.7757
11.3048 0.7670 0.7760
11.3223 0.7674 0.7763
11.3399 0.7677 0.7766
11.3574 0.7680 0.7769
11.3749 0.7684 0.7772
11.3924 0.7687 0.7775
11.4100 0.7691 0.7779
11.4275 0.7694 0.7782
11.4450 0.7698 0.7786
11.4625 0.7702 0.7790
11.4801 0.7707 0.7794
11.4976 0.7711 0.7799
11.5151 0.7716 0.7803
11.5327 0.7722 0.7808
11.5502 0.7727 0.7813
11.5677 0.7733 0.7818
11.5852 0.7739 0.7823
11.6028 0.7745 0.7828
11.6203 0.7752 0.7833
11.6378 0.7759 0.7839
11.6553 0.7766 0.7844
11.6729 0.7773 0.7849
11.6904 0.7780 0.7854
11.7079 0.7787 0.7859
11.7255 0.7793 0.7864
11.7430 0.7800 0.7869
11.7605 0.7807 0.7874
11.7780 0.7813 0.7879
11.7956 0.7819 0.7884
11.8131 0.7825 0.7888
11.8306 0.7830 0.7893
11.8481 0.7835 0.7897
11.8657 0.7840 0.7901
11.8832 0.7844 0.7906
11.9007 0.7849 0.7910
11.9182 0.7852 0.7913
11.9358 0.7856 0.7917
11.9533 0.7859 0.7921
11.9708 0.7862 0.7925
11.9884 0.7865 0.7928
12.0059 0.7868 0.7932
12.0234 0.7871 0.7936
12.0409 0.7874 0.7939
12.0585 0.7877 0.7943
12.0760 0.7880 0.7948
12.0935 0.7883 0.7952
12.1110 0.7886 0.7956
12.1286 0.7890 0.7961
12.1461 0.7893 0.7966
12.1636 0.7897 0.7971
12.1811 0.7901 0.7977
12.1987 0.7906 0.7982
12.2162 0.7910 0.7988
12.2337 0.7915 0.7994
12.2513 0.7921 0.8000
12.2688 0.7926 0.8006
12.2863 0.7932 0.8012
12.3038 0.7938 0.8018
12.3214 0.7944 0.8025
12.3389 0.7950 0.8030
12.3564 0.7956 0.8036
12.3739 0.7963 0.8042
12.3915 0.7969 0.8048
12.4090 0.7975 0.8053
12.4265 0.7982 0.8059
12.4441 0.7988 0.8064
12.4616 0.7994 0.8069
12.4791 0.8000 0.8074
12.4966 0.8006 0.8078
12.5142 0.8012 0.8083
12.5317 0.8018 0.8087
12.5492 0.8023 0.8092
12.5667 0.8029 0.8096
12.5843 0.8034 0.8100
12.6018 0.8040 0.8104
12.6193 0.8045 0.8108
12.6368 0.8050 0.8112
12.6544 0.8055 0.8116
12.6719 0.8061 0.8120
12.6894 0.8066 0.8124
12.7070 0.8071 0.8127
12.7245 0.8076 0.8131
12.7420 0.8082 0.8135
12.7595 0.8087 0.8139
12.7771 0.8093 0.8142
12.7946 0.8098 0.8146
12.8121 0.8104 0.8150
12.8296 0.8110 0.8153
12.8472 0.8116 0.8157
12.8647 0.8121 0.8161
12.8822 0.8127 0.8164
12.8997 0.8133 0.8168
12.9173 0.8139 0.8172
12.9348 0.8146 0.8176
12.9523 0.8152 0.8179
12.9699 0.8158 0.8183
12.9874 0.8164 0.8187
13.0049 0.8169 0.8191
13.0224 0.8175 0.8196
13.0400 0.8181 0.8200
13.0575 0.8187 0.8204
13.0750 0.8192 0.8209
13.0925 0.8197 0.8214
13.1101 0.8203 0.8219
13.1276 0.8208 0.8224
13.1451 0.8213 0.8229
13.1627 0.8217 0.8234
13.1802 0.8222 0.8239
13.1977 0.8227 0.8245
13.2152 0.8231 0.8250
13.2328 0.8235 0.8255
13.2503 0.8239 0.8260
13.2678 0.8243 0.8266
13.2853 0.8247 0.8271
13.3029 0.8251 0.8275
13.3204 0.8255 0.8280
13.3379 0.8259 0.8285
13.3554 0.8262 0.8289
13.3730 0.8266 0.8293
13.3905 0.8269 0.8297
13.4080 0.8273 0.8300
13.4256 0.8276 0.8304
13.4431 0.8280 0.8307
13.4606 0.8284 0.8310
13.4781 0.8287 0.8312
13.4957 0.8291 0.8315
13.5132 0.8294 0.8317
13.5307 0.8298 0.8319
13.5482 0.8302 0.8321
13.5658 0.8305 0.8323
13.5833 0.8309 0.8324
13.6008 0.8313 0.8326
13.6183 0.8316 0.8328
13.6359 0.8320 0.8329
13.6534 0.8323 0.8331
13.6709 0.8327 0.8333
13.6885 0.8330 0.8335
13.7060 0.8334 0.8337
13.7235 0.8337 0.8339
13.7410 0.8341 0.8341
13.7586 0.8344 0.8344
13.7761 0.8348 0.8346
13.7936 0.8351 0.8349
13.8111 0.8355 0.8352
13.8287 0.8358 0.8355
13.8462 0.8362 0.8359
13.8637 0.8366 0.8362
13.8813 0.8370 0.8366
13.8988 0.8374 0.8369
13.9163 0.8378 0.8373
13.9338 0.8382 0.8377
13.9514 0.8386 0.8381
13.9689 0.8390 0.8384
13.9864 0.8394 0.8388
14.0039 0.8399 0.8392
14.0215 0.8403 0.8396
14.0390 0.8407 0.8399
14.0565 0.8412 0.8403
14.0740 0.8416 0.8407
14.0916 0.8420 0.8410
14.1091 0.8424 0.8414
14.1266 0.8428 0.8418
14.1442 0.8432 0.8421
14.1617 0.8436 0.8425
14.1792 0.8440 0.8429
14.1967 0.8443 0.8432
14.2143 0.8447 0.8436
14.2318 0.8450 0.8440
14.2493 0.8454 0.8444
14.2668 0.8457 0.8448
14.2844 0.8461 0.8451
14.3019 0.8464 0.8455
14.3194 0.8467 0.8459
14.3369 0.8471 0.8463
14.3545 0.8474 0.8467
14.3720 0.8478 0.8471
14.3895 0.8481 0.8474
14.4071 0.8485 0.8478
14.4246 0.8489 0.8482
14.4421 0.8492 0.8485
14.4596 0.8496 0.8489
14.4772 0.8500 0.8492
14.4947 0.8504 0.8496
14.5122 0.8507 0.8500
14.5297 0.8511 0.8503
14.5473 0.8515 0.8507
14.5648 0.8519 0.8510
14.5823 0.8523 0.8514
14.5999 0.8526 0.8517
14.6174 0.8530 0.8521
14.6349 0.8534 0.8524
14.6524 0.8537 0.8528
14.6700 0.8541 0.8531
14.6875 0.8544 0.8535
14.7050 0.8548 0.8538
14.7225 0.8551 0.8541
14.7401 0.8554 0.8545
14.7576 0.8558 0.8548
14.7751 0.8561 0.8552
14.7926 0.8564 0.8555
14.8102 0.8567 0.8558
14.8277 0.8571 0.8561
14.8452 0.8574 0.8564
14.8628 0.8577 0.8568
14.8803 0.8580 0.8571
14.8978 0.8583 0.8574
14.9153 0.8586 0.8577
14.9329 0.8589 0.8580
14.9504 0.8592 0.8583
14.9679 0.8595 0.8586
14.9854 0.8598 0.8589
15.0030 0.8601 0.8592
15.0205 0.8604 0.8595
15.0380 0.8607 0.8599
15.0555 0.8609 0.8602
15.0731 0.8612 0.8605
15.0906 0.8615 0.8608
15.1081 0.8617 0.8611
15.1257 0.8620 0.8614
15.1432 0.8622 0.8617
15.1607 0.8625 0.8619
15.1782 0.8628 0.8622
15.1958 0.8630 0.8625
15.2133 0.8633 0.8628
15.2308 0.8635 0.8631
15.2483 0.8638 0.8634
15.2659 0.8640 0.8637
15.2834 0.8643 0.8640
15.3009 0.8646 0.8643
15.3185 0.8648 0.8646
15.3360 0.8651 0.8649
15.3535 0.8654 0.8652
15.3710 0.8657 0.8656
15.3886 0.8659 0.8659
15.4061 0.8662 0.8662
15.4236 0.8665 0.8665
15.4411 0.8668 0.8669
15.4587 0.8671 0.8672
15.4762 0.8674 0.8675
15.4937 0.8677 0.8679
15.5112 0.8680 0.8682
15.5288 0.8683 0.8685
15.5463 0.8686 0.8688
15.5638 0.8690 0.8691
15.5814 0.8693 0.8695
15.5989 0.8696 0.8698
15.6164 0.8700 0.8701
15.6339 0.8703 0.8704
15.6515 0.8707 0.8707
15.6690 0.8710 0.8710
15.6865 0.8714 0.8712
15.7040 0.8717 0.8715
15.7216 0.8721 0.8718
15.7391 0.8725 0.8721
15.7566 0.8728 0.8723
15.7741 0.8732 0.8726
15.7917 0.8735 0.8729
15.8092 0.8739 0.8731
15.8267 0.8743 0.8734
15.8443 0.8746 0.8737
15.8618 0.8750 0.8739
15.8793 0.8753 0.8742
15.8968 0.8757 0.8745
15.9144 0.8761 0.8748
15.9319 0.8764 0.8751
15.9494 0.8768 0.8753
15.9669 0.8771 0.8756
15.9845 0.8775 0.8759
16.0020 0.8778 0.8763
16.0195 0.8781 0.8766
16.0371 0.8785 0.8769
16.0546 0.8788 0.8772
16.0721 0.8791 0.8775
16.0896 0.8794 0.8779
16.1072 0.8798 0.8782
16.1247 0.8801 0.8786
16.1422 0.8804 0.8789
16.1597 0.8807 0.8793
16.1773 0.8810 0.8796
16.1948 0.8813 0.8800
16.2123 0.8816 0.8803
16.2298 0.8819 0.8807
16.2474 0.8822 0.8810
16.2649 0.8824 0.8814
16.2824 0.8827 0.8817
16.3000 0.8830 0.8820
16.3175 0.8833 0.8824
16.3350 0.8835 0.8827
16.3525 0.8838 0.8830
16.3701 0.8841 0.8834
16.3876 0.8843 0.8837
16.4051 0.8846 0.8840
16.4226 0.8848 0.8843
16.4402 0.8851 0.8846
16.4577 0.8853 0.8849
16.4752 0.8856 0.8852
16.4927 0.8858 0.8855
16.5103 0.8861 0.8858
16.5278 0.8864 0.8861
16.5453 0.8866 0.8864
16.5629 0.8869 0.8867
16.5804 0.8871 0.8870
16.5979 0.8874 0.8873
16.6154 0.8877 0.8876
16.6330 0.8880 0.8879
16.6505 0.8883 0.8882
16.6680 0.8885 0.8885
16.6855 0.8888 0.8888
16.7031 0.8891 0.8891
16.7206 0.8894 0.8894
16.7381 0.8897 0.8897
16.7557 0.8900 0.8900
16.7732 0.8903 0.8903
16.7907 0.8906 0.8906
16.8082 0.8909 0.8909
16.8258 0.8912 0.8912
16.8433 0.8915 0.8915
16.8608 0.8918 0.8917
16.8783 0.8921 0.8920
16.8959 0.8924 0.8923
16.9134 0.8927 0.8926
16.9309 0.8930 0.8929
16.9484 0.8933 0.8932
16.9660 0.8936 0.8934
16.9835 0.8939 0.8937
17.0010 0.8942 0.8940
17.0186 0.8945 0.8943
17.0361 0.8947 0.8945
17.0536 0.8950 0.8948
17.0711 0.8953 0.8951
17.0887 0.8956 0.8953
17.1062 0.8959 0.8956
17.1237 0.8962 0.8959
17.1412 0.8965 0.8961
17.1588 0.8967 0.8964
17.1763 0.8970 0.8967
17.1938 0.8973 0.8969
17.2113 0.8976 0.8972
17.2289 0.8979 0.8975
17.2464 0.8982 0.8977
17.2639 0.8985 0.8980
17.2815 0.8987 0.8983
17.2990 0.8990 0.8986
17.3165 0.8993 0.8988
17.3340 0.8996 0.8991
17.3516 0.8999 0.8994
17.3691 0.9001 0.8997
17.3866 0.9004 0.8999
17.4041 0.9007 0.9002
17.4217 0.9010 0.9004
17.4392 0.9013 0.9007
17.4567 0.9015 0.9010
17.4743 0.9018 0.9012
17.4918 0.9021 0.9015
17.5093 0.9023 0.9017
17.5268 0.9026 0.9020
17.5444 0.9029 0.9022
17.5619 0.9031 0.9025
17.5794 0.9034 0.9027
17.5969 0.9037 0.9030
17.6145 0.9039 0.9032
17.6320 0.9042 0.9034
17.6495 0.9044 0.9037
17.6670 0.9047 0.9039
17.6846 0.9049 0.9042
17.7021 0.9052 0.9044
17.7196 0.9054 0.9046
17.7372 0.9057 0.9049
17.7547 0.9059 0.9051
17.7722 0.9062 0.9054
17.7897 0.9064 0.9056
17.8073 0.9066 0.9059
17.8248 0.9069 0.9061
17.8423 0.9071 0.9063
17.8598 0.9073 0.9066
17.8774 0.9076 0.9068
17.8949 0.9078 0.9071
17.9124 0.9080 0.9073
17.9299 0.9082 0.9076
17.9475 0.9084 0.9078
17.9650 0.9087 0.9081
17.9825 0.9089 0.9083
18.0001 0.9091 0.9086
18.0176 0.9093 0.9088
18.0351 0.9095 0.9091
18.0526 0.9097 0.9093
18.0702 0.9099 0.9095
18.0877 0.9101 0.9098
18.1052 0.9104 0.9100
18.1227 0.9106 0.9102
18.1403 0.9108 0.9105
18.1578 0.9110 0.9107
18.1753 0.9112 0.9109
18.1929 0.9114 0.9111
18.2104 0.9116 0.9113
18.2279 0.9118 0.9116
18.2454 0.9120 0.9118
18.2630 0.9122 0.9120
18.2805 0.9125 0.9122
18.2980 0.9127 0.9124
18.3155 0.9129 0.9126
18.3331 0.9131 0.9128
18.3506 0.9133 0.9131
18.3681 0.9135 0.9133
18.3856 0.9137 0.9135
18.4032 0.9139 0.9137
18.4207 0.9141 0.9139
18.4382 0.9144 0.9141
18.4558 0.9146 0.9143
18.4733 0.9148 0.9145
18.4908 0.9150 0.9147
18.5083 0.9152 0.9149
18.5259 0.9154 0.9151
18.5434 0.9156 0.9153
18.5609 0.9158 0.9155
18.5784 0.9160 0.9157
18.5960 0.9162 0.9159
18.6135 0.9164 0.9161
18.6310 0.9166 0.9163
18.6485 0.9168 0.9165
18.6661 0.9170 0.9167
18.6836 0.9173 0.9169
18.7011 0.9175 0.9171
18.7187 0.9177 0.9173
18.7362 0.9179 0.9175
18.7537 0.9181 0.9177
18.7712 0.9183 0.9179
18.7888 0.9185 0.9181
18.8063 0.9187 0.9183
18.8238 0.9189 0.9185
18.8413 0.9191 0.9187
18.8589 0.9193 0.9189
18.8764 0.9195 0.9190
18.8939 0.9197 0.9192
18.9115 0.9199 0.9194
18.9290 0.9201 0.9196
18.9465 0.9202 0.9198
18.9640 0.9204 0.9200
18.9816 0.9206 0.9202
18.9991 0.9208 0.9204
19.0166 0.9210 0.9206
19.0341 0.9212 0.9207
19.0517 0.9214 0.9209
19.0692 0.9215 0.9211
19.0867 0.9217 0.9213
19.1042 0.9219 0.9215
19.1218 0.9221 0.9217
19.1393 0.9223 0.9218
19.1568 0.9224 0.9220
19.1744 0.9226 0.9222
19.1919 0.9228 0.9224
19.2094 0.9229 0.9226
19.2269 0.9231 0.9227
19.2445 0.9233 0.9229
19.2620 0.9235 0.9231
19.2795 0.9236 0.9233
19.2970 0.9238 0.9235
19.3146 0.9240 0.9236
19.3321 0.9241 0.9238
19.3496 0.9243 0.9240
19.3671 0.9245 0.9242
19.3847 0.9246 0.9243
19.4022 0.9248 0.9245
19.4197 0.9250 0.9247
19.4373 0.9251 0.9249
19.4548 0.9253 0.9250
19.4723 0.9255 0.9252
19.4898 0.9256 0.9254
19.5074 0.9258 0.9256
19.5249 0.9260 0.9257
19.5424 0.9262 0.9259
19.5599 0.9263 0.9261
19.5775 0.9265 0.9262
19.5950 0.9267 0.9264
19.6125 0.9268 0.9266
19.6301 0.9270 0.9267
19.6476 0.9272 0.9269
19.6651 0.9274 0.9271
19.6826 0.9275 0.9272
19.7002 0.9277 0.9274
19.7177 0.9279 0.9275
19.7352 0.9280 0.9277
19.7527 0.9282 0.9278
19.7703 0.9284 0.9280
19.7878 0.9285 0.9282
19.8053 0.9287 0.9283
19.8228 0.9289 0.9285
19.8404 0.9290 0.9286
19.8579 0.9292 0.9288
19.8754 0.9294 0.9289
19.8930 0.9295 0.9291
19.9105 0.9297 0.9292
19.9280 0.9298 0.9294
19.9455 0.9300 0.9295
19.9631 0.9302 0.9297
19.9806 0.9303 0.9298
19.9981 0.9305 0.9300
20.0156 0.9306 0.9301
20.0332 0.9308 0.9303
20.0507 0.9309 0.9305
20.0682 0.9311 0.9306
20.0857 0.9312 0.9308
20.1033 0.9314 0.9309
20.1208 0.9315 0.9311
20.1383 0.9317 0.9312
20.1559 0.9318 0.9314
20.1734 0.9320 0.9315
20.1909 0.9321 0.9317
20.2084 0.9322 0.9318
20.2260 0.9324 0.9320
20.2435 0.9325 0.9321
20.2610 0.9327 0.9323
20.2785 0.9328 0.9324
20.2961 0.9330 0.9326
20.3136 0.9331 0.9327
20.3311 0.9333 0.9328
20.3487 0.9334 0.9330
20.3662 0.9335 0.9331
20.3837 0.9337 0.9333
20.4012 0.9338 0.9334
20.4188 0.9340 0.9336
20.4363 0.9341 0.9337
20.4538 0.9343 0.9339
20.4713 0.9344 0.9340
20.4889 0.9345 0.9342
20.5064 0.9347 0.9343
20.5239 0.9348 0.9344
20.5414 0.9349 0.9346
20.5590 0.9351 0.9347
20.5765 0.9352 0.9348
20.5940 0.9354 0.9350
20.6116 0.9355 0.9351
20.6291 0.9356 0.9353
20.6466 0.9358 0.9354
20.6641 0.9359 0.9355
20.6817 0.9360 0.9357
20.6992 0.9362 0.9358
20.7167 0.9363 0.9359
20.7342 0.9364 0.9361
20.7518 0.9366 0.9362
20.7693 0.9367 0.9363
20.7868 0.9368 0.9365
20.8043 0.9370 0.9366
20.8219 0.9371 0.9367
20.8394 0.9372 0.9369
20.8569 0.9373 0.9370
20.8745 0.9375 0.9371
20.8920 0.9376 0.9373
20.9095 0.9377 0.9374
20.9270 0.9379 0.9375
20.9446 0.9380 0.9376
20.9621 0.9381 0.9378
20.9796 0.9383 0.9379
20.9971 0.9384 0.9380
21.0147 0.9385 0.9382
21.0322 0.9386 0.9383
21.0497 0.9388 0.9384
21.0673 0.9389 0.9385
21.0848 0.9390 0.9387
21.1023 0.9391 0.9388
21.1198 0.9392 0.9389
21.1374 0.9394 0.9390
21.1549 0.9395 0.9392
21.1724 0.9396 0.9393
21.1899 0.9397 0.9394
21.2075 0.9399 0.9395
21.2250 0.9400 0.9397
21.2425 0.9401 0.9398
21.2600 0.9402 0.9399
21.2776 0.9403 0.9400
21.2951 0.9405 0.9401
21.3126 0.9406 0.9403
21.3302 0.9407 0.9404
21.3477 0.9408 0.9405
21.3652 0.9409 0.9406
21.3827 0.9410 0.9407
21.4003 0.9412 0.9409
21.4178 0.9413 0.9410
21.4353 0.9414 0.9411
21.4528 0.9415 0.9412
21.4704 0.9416 0.9413
21.4879 0.9417 0.9414
21.5054 0.9418 0.9416
21.5229 0.9420 0.9417
21.5405 0.9421 0.9418
21.5580 0.9422 0.9419
21.5755 0.9423 0.9420
21.5931 0.9424 0.9421
21.6106 0.9425 0.9423
21.6281 0.9426 0.9424
21.6456 0.9427 0.9425
21.6632 0.9429 0.9426
21.6807 0.9430 0.9427
21.6982 0.9431 0.9428
21.7157 0.9432 0.9429
21.7333 0.9433 0.9430
21.7508 0.9434 0.9431
21.7683 0.9435 0.9432
21.7859 0.9436 0.9434
21.8034 0.9437 0.9435
21.8209 0.9438 0.9436
21.8384 0.9439 0.9437
21.8560 0.9441 0.9438
21.8735 0.9442 0.9439
21.8910 0.9443 0.9440
21.9085 0.9444 0.9441
21.9261 0.9445 0.9442
21.9436 0.9446 0.9443
21.9611 0.9447 0.9444
21.9786 0.9448 0.9445
21.9962 0.9449 0.9446
22.0137 0.9450 0.9447
22.0312 0.9451 0.9448
22.0488 0.9452 0.9449
22.0663 0.9453 0.9450
22.0838 0.9454 0.9451
22.1013 0.9455 0.9452
22.1189 0.9456 0.9453
22.1364 0.9457 0.9454
22.1539 0.9458 0.9455
22.1714 0.9459 0.9456
22.1890 0.9460 0.9457
22.2065 0.9461 0.9459
22.2240 0.9462 0.9460
22.2415 0.9463 0.9461
22.2591 0.9464 0.9461
22.2766 0.9465 0.9462
22.2941 0.9466 0.9463
22.3117 0.9467 0.9464
22.3292 0.9468 0.9465
22.3467 0.9469 0.9466
22.3642 0.9470 0.9467
22.3818 0.9471 0.9468
22.3993 0.9472 0.9469
22.4168 0.9473 0.9470
22.4343 0.9474 0.9471
22.4519 0.9475 0.9472
22.4694 0.9476 0.9473
22.4869 0.9477 0.9474
22.5045 0.9478 0.9475
22.5220 0.9479 0.9476
22.5395 0.9480 0.9477
22.5570 0.9481 0.9478
22.5746 0.9482 0.9479
22.5921 0.9483 0.9480
22.6096 0.9484 0.9481
22.6271 0.9485 0.9482
22.6447 0.9485 0.9483
22.6622 0.9486 0.9484
22.6797 0.9487 0.9485
22.6972 0.9488 0.9485
22.7148 0.9489 0.9486
22.7323 0.9490 0.9487
22.7498 0.9491 0.9488
22.7674 0.9492 0.9489
22.7849 0.9493 0.9490
22.8024 0.9494 0.9491
22.8199 0.9494 0.9492
22.8375 0.9495 0.9493
22.8550 0.9496 0.9494
22.8725 0.9497 0.9495
22.8900 0.9498 0.9495
22.9076 0.9499 0.9496
22.9251 0.9500 0.9497
22.9426 0.9501 0.9498
22.9601 0.9501 0.9499
22.9777 0.9502 0.9500
22.9952 0.9503 0.9501
23.0127 0.9504 0.9502
23.0303 0.9505 0.9503
23.0478 0.9506 0.9503
23.0653 0.9506 0.9504
23.0828 0.9507 0.9505
23.1004 0.9508 0.9506
23.1179 0.9509 0.9507
23.1354 0.9510 0.9508
23.1529 0.9511 0.9509
23.1705 0.9511 0.9509
23.1880 0.9512 0.9510
23.2055 0.9513 0.9511
23.2231 0.9514 0.9512
23.2406 0.9515 0.9513
23.2581 0.9515 0.9514
23.2756 0.9516 0.9514
23.2932 0.9517 0.9515
23.3107 0.9518 0.9516
23.3282 0.9519 0.9517
23.3457 0.9519 0.9518
23.3633 0.9520 0.9518
23.3808 0.9521 0.9519
23.3983 0.9522 0.9520
23.4158 0.9523 0.9521
23.4334 0.9523 0.9521
23.4509 0.9524 0.9522
23.4684 0.9525 0.9523
23.4860 0.9526 0.9524
23.5035 0.9527 0.9524
23.5210 0.9527 0.9525
23.5385 0.9528 0.9526
23.5561 0.9529 0.9527
23.5736 0.9530 0.9527
23.5911 0.9530 0.9528
23.6086 0.9531 0.9529
23.6262 0.9532 0.9530
23.6437 0.9533 0.9530
23.6612 0.9534 0.9531
23.6787 0.9534 0.9532
23.6963 0.9535 0.9533
23.7138 0.9536 0.9533
23.7313 0.9537 0.9534
23.7489 0.9537 0.9535
23.7664 0.9538 0.9536
23.7839 0.9539 0.9536
23.8014 0.9540 0.9537
23.8190 0.9540 0.9538
23.8365 0.9541 0.9539
23.8540 0.9542 0.9539
23.8715 0.9543 0.9540
23.8891 0.9543 0.9541
23.9066 0.9544 0.9542
23.9241 0.9545 0.9542
23.9417 0.9545 0.9543
23.9592 0.9546 0.9544
23.9767 0.9547 0.9544
23.9942 0.9548 0.9545
24.0118 0.9548 0.9546
24.0293 0.9549 0.9547
24.0468 0.9550 0.9547
24.0643 0.9550 0.9548
24.0819 0.9551 0.9549
24.0994 0.9552 0.9550
24.1169 0.9552 0.9550
24.1344 0.9553 0.9551
24.1520 0.9554 0.9552
24.1695 0.9554 0.9553
24.1870 0.9555 0.9553
24.2046 0.9556 0.9554
24.2221 0.9556 0.9555
24.2396 0.9557 0.9555
24.2571 0.9558 0.9556
24.2747 0.9559 0.9557
24.2922 0.9559 0.9557
24.3097 0.9560 0.9558
24.3272 0.9561 0.9559
24.3448 0.9561 0.9560
24.3623 0.9562 0.9560
24.3798 0.9563 0.9561
24.3974 0.9563 0.9562
24.4149 0.9564 0.9562
24.4324 0.9565 0.9563
24.4499 0.9565 0.9564
24.4675 0.9566 0.9564
24.4850 0.9567 0.9565
24.5025 0.9567 0.9566
24.5200 0.9568 0.9566
24.5376 0.9569 0.9567
24.5551 0.9569 0.9568
24.5726 0.9570 0.9568
24.5901 0.9571 0.9569
24.6077 0.9571 0.9570
24.6252 0.9572 0.9570
24.6427 0.9573 0.9571
24.6603 0.9573 0.9571
24.6778 0.9574 0.9572
24.6953 0.9575 0.9573
24.7128 0.9575 0.9573
24.7304 0.9576 0.9574
24.7479 0.9577 0.9575
24.7654 0.9577 0.9575
24.7829 0.9578 0.9576
24.8005 0.9579 0.9577
24.8180 0.9579 0.9577
24.8355 0.9580 0.9578
24.8530 0.9581 0.9579
24.8706 0.9581 0.9579
24.8881 0.9582 0.9580
24.9056 0.9582 0.9581
24.9232 0.9583 0.9581
24.9407 0.9584 0.9582
24.9582 0.9584 0.9583
24.9757 0.9585 0.9583
24.9933 0.9586 0.9584
25.0108 0.9586 0.9585
25.0283 0.9587 0.9585
25.0458 0.9588 0.9586
25.0634 0.9588 0.9587
25.0809 0.9589 0.9587
25.0984 0.9590 0.9588
25.1160 0.9590 0.9589
25.1335 0.9591 0.9589
25.1510 0.9592 0.9590
25.1685 0.9592 0.9590
25.1861 0.9593 0.9591
25.2036 0.9593 0.9592
25.2211 0.9594 0.9592
25.2386 0.9595 0.9593
25.2562 0.9595 0.9594
25.2737 0.9596 0.9594
25.2912 0.9597 0.9595
25.3087 0.9597 0.9596
25.3263 0.9598 0.9596
25.3438 0.9599 0.9597
25.3613 0.9599 0.9598
25.3789 0.9600 0.9598
25.3964 0.9600 0.9599
25.4139 0.9601 0.9599
25.4314 0.9602 0.9600
25.4490 0.9602 0.9601
25.4665 0.9603 0.9601
25.4840 0.9604 0.9602
25.5015 0.9604 0.9603
25.5191 0.9605 0.9603
25.5366 0.9605 0.9604
25.5541 0.9606 0.9604
25.5716 0.9607 0.9605
25.5892 0.9607 0.9606
25.6067 0.9608 0.9606
25.6242 0.9608 0.9607
25.6418 0.9609 0.9607
25.6593 0.9610 0.9608
25.6768 0.9610 0.9609
25.6943 0.9611 0.9609
25.7119 0.9611 0.9610
25.7294 0.9612 0.9610
25.7469 0.9613 0.9611
25.7644 0.9613 0.9612
25.7820 0.9614 0.9612
25.7995 0.9614 0.9613
25.8170 0.9615 0.9613
25.8346 0.9616 0.9614
25.8521 0.9616 0.9614
25.8696 0.9617 0.9615
25.8871 0.9617 0.9616
25.9047 0.9618 0.9616
25.9222 0.9618 0.9617
25.9397 0.9619 0.9617
25.9572 0.9620 0.9618
25.9748 0.9620 0.9619
25.9923 0.9621 0.9619
26.0098 0.9621 0.9620
26.0273 0.9622 0.9620
26.0449 0.9622 0.9621
26.0624 0.9623 0.9621
26.0799 0.9624 0.9622
26.0975 0.9624 0.9622
26.1150 0.9625 0.9623
26.1325 0.9625 0.9624
26.1500 0.9626 0.9624
26.1676 0.9626 0.9625
26.1851 0.9627 0.9625
26.2026 0.9627 0.9626
26.2201 0.9628 0.9626
26.2377 0.9629 0.9627
26.2552 0.9629 0.9627
26.2727 0.9630 0.9628
26.2902 0.9630 0.9629
26.3078 0.9631 0.9629
26.3253 0.9631 0.9630
26.3428 0.9632 0.9630
26.3604 0.9632 0.9631
26.3779 0.9633 0.9631
26.3954 0.9633 0.9632
26.4129 0.9634 0.9632
26.4305 0.9635 0.9633
26.4480 0.9635 0.9633
26.4655 0.9636 0.9634
26.4830 0.9636 0.9635
26.5006 0.9637 0.9635
26.5181 0.9637 0.9636
26.5356 0.9638 0.9636
26.5532 0.9638 0.9637
26.5707 0.9639 0.9637
26.5882 0.9639 0.9638
26.6057 0.9640 0.9638
26.6233 0.9640 0.9639
26.6408 0.9641 0.9639
26.6583 0.9641 0.9640
26.6758 0.9642 0.9640
26.6934 0.9643 0.9641
26.7109 0.9643 0.9641
26.7284 0.9644 0.9642
26.7459 0.9644 0.9643
26.7635 0.9645 0.9643
26.7810 0.9645 0.9644
26.7985 0.9646 0.9644
26.8161 0.9646 0.9645
26.8336 0.9647 0.9645
26.8511 0.9647 0.9646
26.8686 0.9648 0.9646
26.8862 0.9648 0.9647
26.9037 0.9649 0.9647
26.9212 0.9649 0.9648
26.9387 0.9650 0.9648
26.9563 0.9650 0.9649
26.9738 0.9651 0.9649
26.9913 0.9651 0.9650
27.0088 0.9652 0.9650
27.0264 0.9652 0.9651
27.0439 0.9653 0.9651
27.0614 0.9653 0.9652
27.0790 0.9654 0.9652
27.0965 0.9654 0.9653
27.1140 0.9655 0.9653
27.1315 0.9655 0.9654
27.1491 0.9656 0.9654
27.1666 0.9656 0.9655
27.1841 0.9657 0.9655
27.2016 0.9657 0.9656
27.2192 0.9658 0.9656
27.2367 0.9658 0.9657
27.2542 0.9659 0.9657
27.2718 0.9659 0.9658
27.2893 0.9660 0.9658
27.3068 0.9660 0.9659
27.3243 0.9661 0.9659
27.3419 0.9661 0.9660
27.3594 0.9662 0.9660
27.3769 0.9662 0.9661
27.3944 0.9663 0.9661
27.4120 0.9663 0.9662
27.4295 0.9664 0.9662
27.4470 0.9664 0.9663
27.4645 0.9664 0.9663
27.4821 0.9665 0.9663
27.4996 0.9665 0.9664
27.5171 0.9666 0.9664
27.5347 0.9666 0.9665
27.5522 0.9667 0.9665
27.5697 0.9667 0.9666
27.5872 0.9668 0.9666
27.6048 0.9668 0.9667
27.6223 0.9669 0.9667
27.6398 0.9669 0.9668
27.6573 0.9670 0.9668
27.6749 0.9670 0.9669
27.6924 0.9671 0.9669
27.7099 0.9671 0.9670
27.7274 0.9671 0.9670
27.7450 0.9672 0.9670
27.7625 0.9672 0.9671
27.7800 0.9673 0.9671
27.7976 0.9673 0.9672
27.8151 0.9674 0.9672
27.8326 0.9674 0.9673
27.8501 0.9675 0.9673
27.8677 0.9675 0.9674
27.8852 0.9676 0.9674
27.9027 0.9676 0.9675
27.9202 0.9676 0.9675
27.9378 0.9677 0.9675
27.9553 0.9677 0.9676
27.9728 0.9678 0.9676
27.9904 0.9678 0.9677
28.0079 0.9679 0.9677
28.0254 0.9679 0.9678
28.0429 0.9680 0.9678
28.0605 0.9680 0.9679
28.0780 0.9680 0.9679
28.0955 0.9681 0.9679
28.1130 0.9681 0.9680
28.1306 0.9682 0.9680
28.1481 0.9682 0.9681
28.1656 0.9683 0.9681
28.1831 0.9683 0.9682
28.2007 0.9683 0.9682
28.2182 0.9684 0.9682
28.2357 0.9684 0.9683
28.2533 0.9685 0.9683
28.2708 0.9685 0.9684
28.2883 0.9686 0.9684
28.3058 0.9686 0.9685
28.3234 0.9687 0.9685
28.3409 0.9687 0.9686
28.3584 0.9687 0.9686
28.3759 0.9688 0.9686
28.3935 0.9688 0.9687
28.4110 0.9689 0.9687
28.4285 0.9689 0.9688
28.4460 0.9689 0.9688
28.4636 0.9690 0.9688
28.4811 0.9690 0.9689
28.4986 0.9691 0.9689
28.5162 0.9691 0.9690
28.5337 0.9692 0.9690
28.5512 0.9692 0.9691
28.5687 0.9692 0.9691
28.5863 0.9693 0.9691
28.6038 0.9693 0.9692
28.6213 0.9694 0.9692
28.6388 0.9694 0.9693
28.6564 0.9694 0.9693
28.6739 0.9695 0.9693
28.6914 0.9695 0.9694
28.7090 0.9696 0.9694
28.7265 0.9696 0.9695
28.7440 0.9696 0.9695
28.7615 0.9697 0.9696
28.7791 0.9697 0.9696
28.7966 0.9698 0.9696
28.8141 0.9698 0.9697
28.8316 0.9699 0.9697
28.8492 0.9699 0.9698
28.8667 0.9699 0.9698
28.8842 0.9700 0.9698
28.9017 0.9700 0.9699
28.9193 0.9701 0.9699
28.9368 0.9701 0.9700
28.9543 0.9701 0.9700
28.9719 0.9702 0.9700
28.9894 0.9702 0.9701
29.0069 0.9702 0.9701
29.0244 0.9703 0.9702
29.0420 0.9703 0.9702
29.0595 0.9704 0.9702
29.0770 0.9704 0.9703
29.0945 0.9704 0.9703
29.1121 0.9705 0.9704
29.1296 0.9705 0.9704
29.1471 0.9706 0.9704
29.1646 0.9706 0.9705
29.1822 0.9706 0.9705
29.1997 0.9707 0.9705
29.2172 0.9707 0.9706
29.2348 0.9708 0.9706
29.2523 0.9708 0.9707
29.2698 0.9708 0.9707
29.2873 0.9709 0.9707
29.3049 0.9709 0.9708
29.3224 0.9709 0.9708
29.3399 0.9710 0.9709
29.3574 0.9710 0.9709
29.3750 0.9711 0.9709
29.3925 0.9711 0.9710
29.4100 0.9711 0.9710
29.4276 0.9712 0.9710
29.4451 0.9712 0.9711
29.4626 0.9712 0.9711
29.4801 0.9713 0.9712
29.4977 0.9713 0.9712
29.5152 0.9714 0.9712
29.5327 0.9714 0.9713
29.5502 0.9714 0.9713
29.5678 0.9715 0.9713
29.5853 0.9715 0.9714
29.6028 0.9715 0.9714
29.6203 0.9716 0.9714
29.6379 0.9716 0.9715
29.6554 0.9716 0.9715
29.6729 0.9717 0.9716
29.6905 0.9717 0.9716
29.7080 0.9718 0.9716
29.7255 0.9718 0.9717
29.7430 0.9718 0.9717
29.7606 0.9719 0.9717
29.7781 0.9719 0.9718
29.7956 0.9719 0.9718
29.8131 0.9720 0.9718
29.8307 0.9720 0.9719
29.8482 0.9720 0.9719
29.8657 0.9721 0.9720
29.8832 0.9721 0.9720
29.9008 0.9721 0.9720
29.9183 0.9722 0.9721
29.9358 0.9722 0.9721
29.9534 0.9723 0.9721
29.9709 0.9723 0.9722
29.9884 0.9723 0.9722
30.0059 0.9724 0.9722
30.0235 0.9724 0.9723
30.0410 0.9724 0.9723
30.0585 0.9725 0.9723
30.0760 0.9725 0.9724
30.0936 0.9725 0.9724
30.1111 0.9726 0.9724
30.1286 0.9726 0.9725
30.1462 0.9726 0.9725
30.1637 0.9727 0.9725
30.1812 0.9727 0.9726
30.1987 0.9727 0.9726
30.2163 0.9728 0.9727
30.2338 0.9728 0.9727
30.2513 0.9728 0.9727
30.2688 0.9729 0.9728
30.2864 0.9729 0.9728
30.3039 0.9729 0.9728
30.3214 0.9730 0.9729
30.3389 0.9730 0.9729
30.3565 0.9730 0.9729
30.3740 0.9731 0.9730
30.3915 0.9731 0.9730
30.4091 0.9731 0.9730
30.4266 0.9732 0.9731
30.4441 0.9732 0.9731
30.4616 0.9732 0.9731
30.4792 0.9733 0.9732
30.4967 0.9733 0.9732
30.5142 0.9733 0.9732
30.5317 0.9734 0.9733
30.5493 0.9734 0.9733
30.5668 0.9734 0.9733
30.5843 0.9735 0.9734
30.6018 0.9735 0.9734
30.6194 0.9735 0.9734
30.6369 0.9736 0.9735
30.6544 0.9736 0.9735
30.6720 0.9736 0.9735
30.6895 0.9737 0.9736
30.7070 0.9737 0.9736
30.7245 0.9737 0.9736
30.7421 0.9738 0.9736
30.7596 0.9738 0.9737
30.7771 0.9738 0.9737
30.7946 0.9739 0.9737
30.8122 0.9739 0.9738
30.8297 0.9739 0.9738
30.8472 0.9740 0.9738
30.8648 0.9740 0.9739
30.8823 0.9740 0.9739
30.8998 0.9741 0.9739
30.9173 0.9741 0.9740
30.9349 0.9741 0.9740
30.9524 0.9741 0.9740
30.9699 0.9742 0.9741
30.9874 0.9742 0.9741
31.0050 0.9742 0.9741
31.0225 0.9743 0.9742
31.0400 0.9743 0.9742
31.0575 0.9743 0.9742
31.0751 0.9744 0.9742
31.0926 0.9744 0.9743
31.1101 0.9744 0.9743
31.1277 0.9745 0.9743
31.1452 0.9745 0.9744
31.1627 0.9745 0.9744
31.1802 0.9745 0.9744
31.1978 0.9746 0.9745
31.2153 0.9746 0.9745
31.2328 0.9746 0.9745
31.2503 0.9747 0.9746
31.2679 0.9747 0.9746
31.2854 0.9747 0.9746
31.3029 0.9748 0.9746
31.3204 0.9748 0.9747
31.3380 0.9748 0.9747
31.3555 0.9749 0.9747
31.3730 0.9749 0.9748
31.3906 0.9749 0.9748
31.4081 0.9749 0.9748
31.4256 0.9750 0.9749
31.4431 0.9750 0.9749
31.4607 0.9750 0.9749
31.4782 0.9751 0.9749
31.4957 0.9751 0.9750
31.5132 0.9751 0.9750
31.5308 0.9751 0.9750
31.5483 0.9752 0.9751
31.5658 0.9752 0.9751
31.5834 0.9752 0.9751
31.6009 0.9753 0.9752
31.6184 0.9753 0.9752
31.6359 0.9753 0.9752
31.6535 0.9754 0.9752
31.6710 0.9754 0.9753
31.6885 0.9754 0.9753
31.7060 0.9754 0.9753
31.7236 0.9755 0.9754
31.7411 0.9755 0.9754
31.7586 0.9755 0.9754
31.7761 0.9756 0.9754
31.7937 0.9756 0.9755
31.8112 0.9756 0.9755
31.8287 0.9756 0.9755
31.8463 0.9757 0.9756
31.8638 0.9757 0.9756
31.8813 0.9757 0.9756
31.8988 0.9758 0.9756
31.9164 0.9758 0.9757
31.9339 0.9758 0.9757
31.9514 0.9758 0.9757
31.9689 0.9759 0.9758
31.9865 0.9759 0.9758
32.0040 0.9759 0.9758
32.0215 0.9760 0.9758
32.0390 0.9760 0.9759
32.0566 0.9760 0.9759
32.0741 0.9760 0.9759
32.0916 0.9761 0.9760
32.1092 0.9761 0.9760
32.1267 0.9761 0.9760
32.1442 0.9761 0.9760
32.1617 0.9762 0.9761
32.1793 0.9762 0.9761
32.1968 0.9762 0.9761
32.2143 0.9763 0.9762
32.2318 0.9763 0.9762
32.2494 0.9763 0.9762
32.2669 0.9763 0.9762
32.2844 0.9764 0.9763
32.3020 0.9764 0.9763
32.3195 0.9764 0.9763
32.3370 0.9765 0.9763
32.3545 0.9765 0.9764
32.3721 0.9765 0.9764
32.3896 0.9765 0.9764
32.4071 0.9766 0.9765
32.4246 0.9766 0.9765
32.4422 0.9766 0.9765
32.4597 0.9766 0.9765
32.4772 0.9767 0.9766
32.4947 0.9767 0.9766
32.5123 0.9767 0.9766
32.5298 0.9767 0.9766
32.5473 0.9768 0.9767
32.5649 0.9768 0.9767
32.5824 0.9768 0.9767
32.5999 0.9769 0.9767
32.6174 0.9769 0.9768
32.6350 0.9769 0.9768
32.6525 0.9769 0.9768
32.6700 0.9770 0.9769
32.6875 0.9770 0.9769
32.7051 0.9770 0.9769
32.7226 0.9770 0.9769
32.7401 0.9771 0.9770
32.7576 0.9771 0.9770
32.7752 0.9771 0.9770
32.7927 0.9771 0.9770
32.8102 0.9772 0.9771
32.8278 0.9772 0.9771
32.8453 0.9772 0.9771
32.8628 0.9772 0.9771
32.8803 0.9773 0.9772
32.8979 0.9773 0.9772
32.9154 0.9773 0.9772
32.9329 0.9773 0.9772
32.9504 0.9774 0.9773
32.9680 0.9774 0.9773
32.9855 0.9774 0.9773
33.0030 0.9774 0.9773
33.0206 0.9775 0.9774
33.0381 0.9775 0.9774
33.0556 0.9775 0.9774
33.0731 0.9775 0.9774
33.0907 0.9776 0.9775
33.1082 0.9776 0.9775
33.1257 0.9776 0.9775
33.1432 0.9776 0.9775
33.1608 0.9777 0.9776
33.1783 0.9777 0.9776
33.1958 0.9777 0.9776
33.2133 0.9777 0.9776
33.2309 0.9778 0.9777
33.2484 0.9778 0.9777
33.2659 0.9778 0.9777
33.2835 0.9778 0.9777
33.3010 0.9779 0.9778
33.3185 0.9779 0.9778
33.3360 0.9779 0.9778
33.3536 0.9779 0.9778
33.3711 0.9780 0.9779
33.3886 0.9780 0.9779
33.4061 0.9780 0.9779
33.4237 0.9780 0.9779
33.4412 0.9781 0.9780
33.4587 0.9781 0.9780
33.4762 0.9781 0.9780
33.4938 0.9781 0.9780
33.5113 0.9782 0.9781
33.5288 0.9782 0.9781
33.5464 0.9782 0.9781
33.5639 0.9782 0.9781
33.5814 0.9783 0.9782
33.5989 0.9783 0.9782
33.6165 0.9783 0.9782
33.6340 0.9783 0.9782
33.6515 0.9784 0.9783
33.6690 0.9784 0.9783
33.6866 0.9784 0.9783
33.7041 0.9784 0.9783
33.7216 0.9785 0.9784
33.7392 0.9785 0.9784
33.7567 0.9785 0.9784
33.7742 0.9785 0.9784
33.7917 0.9785 0.9785
33.8093 0.9786 0.9785
33.8268 0.9786 0.9785
33.8443 0.9786 0.9785
33.8618 0.9786 0.9785
33.8794 0.9787 0.9786
33.8969 0.9787 0.9786
33.9144 0.9787 0.9786
33.9319 0.9787 0.9786
33.9495 0.9788 0.9787
33.9670 0.9788 0.9787
33.9845 0.9788 0.9787
34.0021 0.9788 0.9787
34.0196 0.9788 0.9788
34.0371 0.9789 0.9788
34.0546 0.9789 0.9788
34.0722 0.9789 0.9788
34.0897 0.9789 0.9788
34.1072 0.9790 0.9789
34.1247 0.9790 0.9789
34.1423 0.9790 0.9789
34.1598 0.9790 0.9789
34.1773 0.9791 0.9790
34.1948 0.9791 0.9790
34.2124 0.9791 0.9790
34.2299 0.9791 0.9790
34.2474 0.9791 0.9791
34.2650 0.9792 0.9791
34.2825 0.9792 0.9791
34.3000 0.9792 0.9791
34.3175 0.9792 0.9791
34.3351 0.9793 0.9792
34.3526 0.9793 0.9792
34.3701 0.9793 0.9792
34.3876 0.9793 0.9792
34.4052 0.9793 0.9793
34.4227 0.9794 0.9793
34.4402 0.9794 0.9793
34.4578 0.9794 0.9793
34.4753 0.9794 0.9793
34.4928 0.9795 0.9794
34.5103 0.9795 0.9794
34.5279 0.9795 0.9794
34.5454 0.9795 0.9794
34.5629 0.9795 0.9795
34.5804 0.9796 0.9795
34.5980 0.9796 0.9795
34.6155 0.9796 0.9795
34.6330 0.9796 0.9795
34.6505 0.9797 0.9796
34.6681 0.9797 0.9796
34.6856 0.9797 0.9796
34.7031 0.9797 0.9796
34.7207 0.9797 0.9796
34.7382 0.9798 0.9797
34.7557 0.9798 0.9797
34.7732 0.9798 0.9797
34.7908 0.9798 0.9797
34.8083 0.9798 0.9798
34.8258 0.9799 0.9798
34.8433 0.9799 0.9798
34.8609 0.9799 0.9798
34.8784 0.9799 0.9798
34.8959 0.9800 0.9799
34.9134 0.9800 0.9799
34.9310 0.9800 0.9799
34.9485 0.9800 0.9799
34.9660 0.9800 0.9799
34.9836 0.9801 0.9800
35.0011 0.9801 0.9800
35.0186 0.9801 0.9800
35.0361 0.9801 0.9800
