0.0000 27.3535 30.2137
0.0200 27.2540 30.0606
0.0401 26.9596 29.6080
0.0601 26.4823 28.8749
0.0802 25.8407 27.8914
0.1002 25.0591 26.6963
0.1202 24.1653 25.3346
0.1403 23.1887 23.8537
0.1603 22.1585 22.3008
0.1804 21.1019 20.7205
0.2004 20.0430 19.1517
0.2204 19.0016 17.6271
0.2405 17.9933 16.1719
0.2605 17.0287 14.8038
0.2805 16.1146 13.5338
0.3006 15.2540 12.3668
0.3206 14.4469 11.3029
0.3407 13.6914 10.3388
0.3607 12.9836 9.4687
0.3807 12.3189 8.6859
0.4008 11.6921 7.9829
0.4208 11.0980 7.3527
0.4409 10.5310 6.7886
0.4609 9.9863 6.2848
0.4809 9.4590 5.8361
0.5010 8.9450 5.4379
0.5210 8.4408 5.0860
0.5411 7.9434 4.7768
0.5611 7.4511 4.5066
0.5811 6.9626 4.2719
0.6012 6.4782 4.0695
0.6212 5.9987 3.8958
0.6413 5.5262 3.7477
0.6613 5.0636 3.6219
0.6813 4.6143 3.5155
0.7014 4.1822 3.4256
0.7214 3.7716 3.3498
0.7414 3.3863 3.2856
0.7615 3.0300 3.2312
0.7815 2.7056 3.1847
0.8016 2.4152 3.1446
0.8216 2.1598 3.1097
0.8416 1.9396 3.0790
0.8617 1.7535 3.0516
0.8817 1.5998 3.0269
0.9018 1.4756 3.0043
0.9218 1.3777 2.9835
0.9418 1.3026 2.9643
0.9619 1.2466 2.9467
0.9819 1.2060 2.9307
1.0020 1.1777 2.9164
1.0220 1.1589 2.9039
1.0420 1.1473 2.8935
1.0621 1.1413 2.8852
1.0821 1.1399 2.8791
1.1022 1.1426 2.8751
1.1222 1.1493 2.8730
1.1422 1.1603 2.8725
1.1623 1.1761 2.8731
1.1823 1.1971 2.8744
1.2023 1.2240 2.8757
1.2224 1.2572 2.8767
1.2424 1.2970 2.8767
1.2625 1.3435 2.8755
1.2825 1.3965 2.8729
1.3025 1.4560 2.8690
1.3226 1.5213 2.8638
1.3426 1.5920 2.8578
1.3627 1.6673 2.8514
1.3827 1.7466 2.8451
1.4027 1.8290 2.8396
1.4228 1.9138 2.8354
1.4428 2.0001 2.8328
1.4629 2.0871 2.8322
1.4829 2.1740 2.8339
1.5029 2.2601 2.8378
1.5230 2.3444 2.8439
1.5430 2.4262 2.8521
1.5631 2.5048 2.8620
1.5831 2.5793 2.8734
1.6031 2.6491 2.8859
1.6232 2.7134 2.8991
1.6432 2.7717 2.9128
1.6632 2.8232 2.9264
1.6833 2.8677 2.9397
1.7033 2.9045 2.9522
1.7234 2.9337 2.9637
1.7434 2.9549 2.9736
1.7634 2.9685 2.9817
1.7835 2.9745 2.9877
1.8035 2.9737 2.9912
1.8236 2.9666 2.9921
1.8436 2.9542 2.9901
1.8636 2.9375 2.9850
1.8837 2.9176 2.9766
1.9037 2.8958 2.9649
1.9238 2.8732 2.9496
1.9438 2.8510 2.9307
1.9638 2.8302 2.9079
1.9839 2.8117 2.8811
2.0039 2.7961 2.8501
2.0240 2.7841 2.8149
2.0440 2.7759 2.7755
2.0640 2.7714 2.7320
2.0841 2.7707 2.6847
2.1041 2.7734 2.6343
2.1242 2.7792 2.5814
2.1442 2.7874 2.5270
2.1642 2.7976 2.4725
2.1843 2.8093 2.4191
2.2043 2.8218 2.3684
2.2243 2.8349 2.3219
2.2444 2.8480 2.2810
2.2644 2.8610 2.2472
2.2845 2.8737 2.2215
2.3045 2.8860 2.2049
2.3245 2.8981 2.1977
2.3446 2.9100 2.2004
2.3646 2.9217 2.2127
2.3847 2.9332 2.2342
2.4047 2.9446 2.2643
2.4247 2.9555 2.3018
2.4448 2.9654 2.3457
2.4648 2.9738 2.3947
2.4849 2.9796 2.4473
2.5049 2.9818 2.5023
2.5249 2.9791 2.5581
2.5450 2.9700 2.6135
2.5650 2.9534 2.6673
2.5851 2.9278 2.7186
2.6051 2.8923 2.7666
2.6251 2.8462 2.8107
2.6452 2.7892 2.8507
2.6652 2.7215 2.8864
2.6852 2.6440 2.9181
2.7053 2.5578 2.9460
2.7253 2.4647 2.9704
2.7454 2.3668 2.9918
2.7654 2.2665 3.0105
2.7854 2.1663 3.0266
2.8055 2.0689 3.0399
2.8255 1.9765 3.0502
2.8456 1.8914 3.0567
2.8656 1.8152 3.0584
2.8856 1.7492 3.0540
2.9057 1.6942 3.0421
2.9257 1.6503 3.0210
2.9458 1.6174 2.9893
2.9658 1.5947 2.9454
2.9858 1.5811 2.8883
3.0059 1.5751 2.8172
3.0259 1.5752 2.7319
3.0460 1.5796 2.6325
3.0660 1.5864 2.5199
3.0860 1.5940 2.3954
3.1061 1.6006 2.2610
3.1261 1.6046 2.1189
3.1461 1.6047 1.9716
3.1662 1.5998 1.8219
3.1862 1.5888 1.6725
3.2063 1.5713 1.5261
3.2263 1.5466 1.3849
3.2463 1.5148 1.2511
3.2664 1.4760 1.1264
3.2864 1.4306 1.0118
3.3065 1.3791 0.9081
3.3265 1.3226 0.8155
3.3465 1.2621 0.7340
3.3666 1.1987 0.6629
3.3866 1.1338 0.6016
3.4067 1.0686 0.5491
3.4267 1.0044 0.5042
3.4467 0.9424 0.4660
3.4668 0.8834 0.4331
3.4868 0.8282 0.4047
3.5069 0.7773 0.3797
3.5269 0.7308 0.3572
3.5469 0.6888 0.3366
3.5670 0.6508 0.3171
3.5870 0.6164 0.2984
3.6070 0.5846 0.2800
3.6271 0.5549 0.2618
3.6471 0.5261 0.2435
3.6672 0.4976 0.2252
3.6872 0.4684 0.2068
3.7072 0.4379 0.1886
3.7273 0.4057 0.1706
3.7473 0.3714 0.1531
3.7674 0.3349 0.1364
3.7874 0.2964 0.1206
3.8074 0.2560 0.1060
3.8275 0.2143 0.0928
3.8475 0.1718 0.0811
3.8676 0.1290 0.0709
3.8876 0.0865 0.0621
3.9076 0.0448 0.0546
3.9277 0.0044 0.0482
3.9477 -0.0344 0.0424
3.9678 -0.0713 0.0369
3.9878 -0.1063 0.0313
4.0078 -0.1394 0.0250
4.0279 -0.1707 0.0177
4.0479 -0.2004 0.0090
4.0679 -0.2288 -0.0014
4.0880 -0.2559 -0.0136
4.1080 -0.2821 -0.0276
4.1281 -0.3075 -0.0432
4.1481 -0.3319 -0.0601
4.1681 -0.3553 -0.0780
4.1882 -0.3776 -0.0962
4.2082 -0.3985 -0.1142
4.2283 -0.4177 -0.1312
4.2483 -0.4348 -0.1466
4.2683 -0.4495 -0.1598
4.2884 -0.4615 -0.1704
4.3084 -0.4705 -0.1778
4.3285 -0.4765 -0.1819
4.3485 -0.4794 -0.1825
4.3685 -0.4793 -0.1798
4.3886 -0.4765 -0.1739
4.4086 -0.4711 -0.1651
4.4287 -0.4637 -0.1540
4.4487 -0.4546 -0.1410
4.4687 -0.4445 -0.1266
4.4888 -0.4337 -0.1116
4.5088 -0.4228 -0.0965
4.5288 -0.4122 -0.0819
4.5489 -0.4023 -0.0682
4.5689 -0.3934 -0.0559
4.5890 -0.3857 -0.0452
4.6090 -0.3792 -0.0365
4.6290 -0.3738 -0.0297
4.6491 -0.3695 -0.0250
4.6691 -0.3659 -0.0222
4.6892 -0.3628 -0.0211
4.7092 -0.3599 -0.0217
4.7292 -0.3568 -0.0236
4.7493 -0.3531 -0.0266
4.7693 -0.3486 -0.0304
4.7894 -0.3429 -0.0347
4.8094 -0.3361 -0.0394
4.8294 -0.3279 -0.0441
4.8495 -0.3183 -0.0487
4.8695 -0.3076 -0.0531
4.8896 -0.2957 -0.0571
4.9096 -0.2829 -0.0606
4.9296 -0.2695 -0.0635
4.9497 -0.2557 -0.0659
4.9697 -0.2418 -0.0677
4.9897 -0.2280 -0.0689
5.0098 -0.2145 -0.0697
5.0298 -0.2016 -0.0699
5.0499 -0.1892 -0.0698
5.0699 -0.1777 -0.0693
5.0899 -0.1670 -0.0685
5.1100 -0.1571 -0.0675
5.1300 -0.1481 -0.0664
5.1501 -0.1398 -0.0650
5.1701 -0.1322 -0.0636
5.1901 -0.1252 -0.0620
5.2102 -0.1188 -0.0602
5.2302 -0.1127 -0.0582
5.2503 -0.1068 -0.0559
5.2703 -0.1010 -0.0533
5.2903 -0.0952 -0.0503
5.3104 -0.0893 -0.0469
5.3304 -0.0832 -0.0430
5.3505 -0.0769 -0.0386
5.3705 -0.0703 -0.0337
5.3905 -0.0633 -0.0281
5.4106 -0.0562 -0.0220
5.4306 -0.0488 -0.0153
5.4506 -0.0413 -0.0081
5.4707 -0.0337 -0.0003
5.4907 -0.0262 0.0081
5.5108 -0.0188 0.0171
5.5308 -0.0116 0.0266
5.5508 -0.0047 0.0367
5.5709 0.0018 0.0475
5.5909 0.0081 0.0589
5.6110 0.0140 0.0710
5.6310 0.0196 0.0837
5.6510 0.0250 0.0972
5.6711 0.0303 0.1113
5.6911 0.0354 0.1259
5.7112 0.0406 0.1410
5.7312 0.0459 0.1564
5.7512 0.0514 0.1718
5.7713 0.0572 0.1870
5.7913 0.0634 0.2016
5.8114 0.0701 0.2153
5.8314 0.0773 0.2279
5.8514 0.0851 0.2388
5.8715 0.0935 0.2479
5.8915 0.1024 0.2548
5.9116 0.1119 0.2594
5.9316 0.1219 0.2616
5.9516 0.1324 0.2614
5.9717 0.1432 0.2588
5.9917 0.1543 0.2542
6.0117 0.1656 0.2477
6.0318 0.1771 0.2398
6.0518 0.1886 0.2308
6.0719 0.2002 0.2213
6.0919 0.2117 0.2117
6.1119 0.2232 0.2024
6.1320 0.2345 0.1939
6.1520 0.2457 0.1865
6.1721 0.2568 0.1804
6.1921 0.2678 0.1759
6.2121 0.2788 0.1731
6.2322 0.2896 0.1721
6.2522 0.3005 0.1728
6.2723 0.3113 0.1752
6.2923 0.3221 0.1792
6.3123 0.3330 0.1846
6.3324 0.3439 0.1912
6.3524 0.3549 0.1989
6.3725 0.3659 0.2076
6.3925 0.3769 0.2170
6.4125 0.3879 0.2269
6.4326 0.3989 0.2373
6.4526 0.4098 0.2481
6.4726 0.4206 0.2590
6.4927 0.4312 0.2701
6.5127 0.4416 0.2812
6.5328 0.4518 0.2924
6.5528 0.4618 0.3035
6.5728 0.4715 0.3145
6.5929 0.4809 0.3254
6.6129 0.4901 0.3362
6.6330 0.4990 0.3469
6.6530 0.5076 0.3574
6.6730 0.5160 0.3678
6.6931 0.5242 0.3780
6.7131 0.5321 0.3880
6.7332 0.5398 0.3979
6.7532 0.5474 0.4076
6.7732 0.5548 0.4171
6.7933 0.5619 0.4264
6.8133 0.5689 0.4355
6.8334 0.5758 0.4445
6.8534 0.5824 0.4533
6.8734 0.5889 0.4619
6.8935 0.5952 0.4704
6.9135 0.6013 0.4787
6.9335 0.6073 0.4869
6.9536 0.6131 0.4949
6.9736 0.6188 0.5028
6.9937 0.6243 0.5107
7.0137 0.6297 0.5184
7.0337 0.6350 0.5262
7.0538 0.6402 0.5339
7.0738 0.6454 0.5416
7.0939 0.6505 0.5494
7.1139 0.6556 0.5572
7.1339 0.6607 0.5650
7.1540 0.6658 0.5729
7.1740 0.6709 0.5807
7.1941 0.6759 0.5886
7.2141 0.6808 0.5964
7.2341 0.6857 0.6041
7.2542 0.6904 0.6117
7.2742 0.6949 0.6191
7.2943 0.6992 0.6262
7.3143 0.7033 0.6330
7.3343 0.7071 0.6395
7.3544 0.7107 0.6455
7.3744 0.7140 0.6511
7.3944 0.7172 0.6563
7.4145 0.7201 0.6610
7.4345 0.7229 0.6653
7.4546 0.7257 0.6691
7.4746 0.7284 0.6725
7.4946 0.7312 0.6756
7.5147 0.7341 0.6785
7.5347 0.7372 0.6811
7.5548 0.7404 0.6835
7.5748 0.7438 0.6859
7.5948 0.7474 0.6884
7.6149 0.7513 0.6908
7.6349 0.7553 0.6935
7.6550 0.7595 0.6963
7.6750 0.7638 0.6993
7.6950 0.7683 0.7027
7.7151 0.7729 0.7063
7.7351 0.7777 0.7103
7.7552 0.7826 0.7145
7.7752 0.7876 0.7191
7.7952 0.7928 0.7240
7.8153 0.7981 0.7291
7.8353 0.8037 0.7346
7.8553 0.8094 0.7402
7.8754 0.8153 0.7461
7.8954 0.8214 0.7521
7.9155 0.8277 0.7583
7.9355 0.8343 0.7647
7.9555 0.8410 0.7712
7.9756 0.8480 0.7777
7.9956 0.8551 0.7844
8.0157 0.8624 0.7911
8.0357 0.8699 0.7979
8.0557 0.8774 0.8047
8.0758 0.8851 0.8115
8.0958 0.8927 0.8183
8.1159 0.9005 0.8252
8.1359 0.9082 0.8320
8.1559 0.9159 0.8388
8.1760 0.9236 0.8456
8.1960 0.9312 0.8523
8.2161 0.9388 0.8590
8.2361 0.9463 0.8656
8.2561 0.9538 0.8722
8.2762 0.9612 0.8788
8.2962 0.9685 0.8853
8.3162 0.9759 0.8917
8.3363 0.9832 0.8980
8.3563 0.9905 0.9041
8.3764 0.9979 0.9102
8.3964 1.0053 0.9161
8.4164 1.0128 0.9218
8.4365 1.0204 0.9273
8.4565 1.0280 0.9326
8.4766 1.0358 0.9376
8.4966 1.0437 0.9425
8.5166 1.0516 0.9471
8.5367 1.0596 0.9514
8.5567 1.0677 0.9555
8.5768 1.0757 0.9594
8.5968 1.0838 0.9631
8.6168 1.0917 0.9666
8.6369 1.0996 0.9700
8.6569 1.1073 0.9732
8.6770 1.1147 0.9764
8.6970 1.1219 0.9795
8.7170 1.1288 0.9826
8.7371 1.1353 0.9857
8.7571 1.1414 0.9888
8.7771 1.1471 0.9919
8.7972 1.1522 0.9951
8.8172 1.1568 0.9983
8.8373 1.1608 1.0016
8.8573 1.1642 1.0049
8.8773 1.1671 1.0083
8.8974 1.1693 1.0117
8.9174 1.1710 1.0150
8.9375 1.1721 1.0183
8.9575 1.1727 1.0216
8.9775 1.1729 1.0248
8.9976 1.1727 1.0280
9.0176 1.1722 1.0310
9.0377 1.1715 1.0340
9.0577 1.1706 1.0368
9.0777 1.1697 1.0397
9.0978 1.1690 1.0424
9.1178 1.1683 1.0452
9.1379 1.1680 1.0479
9.1579 1.1680 1.0507
9.1779 1.1685 1.0536
9.1980 1.1694 1.0566
9.2180 1.1710 1.0597
9.2380 1.1731 1.0630
9.2581 1.1759 1.0665
9.2781 1.1792 1.0703
9.2982 1.1832 1.0742
9.3182 1.1878 1.0785
9.3382 1.1929 1.0830
9.3583 1.1985 1.0878
9.3783 1.2044 1.0928
9.3984 1.2107 1.0981
9.4184 1.2172 1.1037
9.4384 1.2239 1.1094
9.4585 1.2307 1.1153
9.4785 1.2374 1.1213
9.4986 1.2441 1.1275
9.5186 1.2506 1.1337
9.5386 1.2569 1.1400
9.5587 1.2629 1.1463
9.5787 1.2687 1.1526
9.5988 1.2742 1.1588
9.6188 1.2794 1.1650
9.6388 1.2844 1.1712
9.6589 1.2891 1.1774
9.6789 1.2936 1.1835
9.6990 1.2979 1.1896
9.7190 1.3020 1.1956
9.7390 1.3060 1.2017
9.7591 1.3098 1.2078
9.7791 1.3136 1.2140
9.7991 1.3173 1.2202
9.8192 1.3209 1.2265
9.8392 1.3245 1.2330
9.8593 1.3280 1.2395
9.8793 1.3315 1.2461
9.8993 1.3349 1.2528
9.9194 1.3383 1.2597
9.9394 1.3416 1.2666
9.9595 1.3449 1.2735
9.9795 1.3482 1.2806
9.9995 1.3514 1.2876
10.0196 1.3547 1.2947
10.0396 1.3580 1.3018
10.0597 1.3614 1.3089
10.0797 1.3649 1.3161
10.0997 1.3685 1.3232
10.1198 1.3724 1.3303
10.1398 1.3764 1.3375
10.1599 1.3807 1.3448
10.1799 1.3853 1.3521
10.1999 1.3901 1.3594
10.2200 1.3954 1.3669
10.2400 1.4009 1.3746
10.2600 1.4069 1.3824
10.2801 1.4132 1.3903
10.3001 1.4199 1.3984
10.3202 1.4269 1.4067
10.3402 1.4342 1.4152
10.3602 1.4418 1.4238
10.3803 1.4497 1.4326
10.4003 1.4578 1.4416
10.4204 1.4660 1.4507
10.4404 1.4743 1.4598
10.4604 1.4826 1.4691
10.4805 1.4908 1.4783
10.5005 1.4988 1.4876
10.5206 1.5066 1.4967
10.5406 1.5141 1.5057
10.5606 1.5212 1.5145
10.5807 1.5278 1.5230
10.6007 1.5338 1.5312
10.6208 1.5393 1.5390
10.6408 1.5443 1.5464
10.6608 1.5486 1.5534
10.6809 1.5522 1.5598
10.7009 1.5554 1.5658
10.7209 1.5579 1.5713
10.7410 1.5600 1.5763
10.7610 1.5616 1.5809
10.7811 1.5629 1.5852
10.8011 1.5639 1.5891
10.8211 1.5647 1.5929
10.8412 1.5653 1.5964
10.8612 1.5660 1.5999
10.8813 1.5666 1.6034
10.9013 1.5674 1.6068
10.9213 1.5682 1.6104
10.9414 1.5693 1.6140
10.9614 1.5706 1.6177
10.9815 1.5721 1.6215
11.0015 1.5739 1.6254
11.0215 1.5760 1.6293
11.0416 1.5783 1.6332
11.0616 1.5809 1.6370
11.0817 1.5838 1.6407
11.1017 1.5869 1.6442
11.1217 1.5903 1.6476
11.1418 1.5939 1.6507
11.1618 1.5976 1.6537
11.1818 1.6016 1.6564
11.2019 1.6058 1.6588
11.2219 1.6101 1.6611
11.2420 1.6145 1.6633
11.2620 1.6189 1.6653
11.2820 1.6235 1.6672
11.3021 1.6280 1.6691
11.3221 1.6326 1.6709
11.3422 1.6371 1.6727
11.3622 1.6416 1.6746
11.3822 1.6460 1.6764
11.4023 1.6503 1.6782
11.4223 1.6545 1.6800
11.4424 1.6586 1.6818
11.4624 1.6627 1.6834
11.4824 1.6666 1.6849
11.5025 1.6704 1.6863
11.5225 1.6742 1.6874
11.5426 1.6778 1.6884
11.5626 1.6812 1.6891
11.5826 1.6845 1.6897
11.6027 1.6876 1.6901
11.6227 1.6905 1.6903
11.6427 1.6932 1.6904
11.6628 1.6956 1.6905
11.6828 1.6978 1.6905
11.7029 1.6996 1.6904
11.7229 1.7012 1.6904
11.7429 1.7025 1.6904
11.7630 1.7035 1.6905
11.7830 1.7043 1.6905
11.8031 1.7050 1.6906
11.8231 1.7055 1.6907
11.8431 1.7060 1.6907
11.8632 1.7064 1.6906
11.8832 1.7068 1.6905
11.9033 1.7074 1.6902
11.9233 1.7080 1.6898
11.9433 1.7088 1.6893
11.9634 1.7099 1.6887
11.9834 1.7112 1.6880
12.0035 1.7128 1.6872
12.0235 1.7148 1.6864
12.0435 1.7171 1.6857
12.0636 1.7198 1.6851
12.0836 1.7230 1.6847
12.1036 1.7265 1.6845
12.1237 1.7303 1.6847
12.1437 1.7345 1.6852
12.1638 1.7389 1.6861
12.1838 1.7435 1.6876
12.2038 1.7481 1.6894
12.2239 1.7526 1.6918
12.2439 1.7569 1.6947
12.2640 1.7608 1.6979
12.2840 1.7642 1.7016
12.3040 1.7670 1.7056
12.3241 1.7689 1.7097
12.3441 1.7699 1.7140
12.3642 1.7699 1.7181
12.3842 1.7688 1.7221
12.4042 1.7666 1.7257
12.4243 1.7633 1.7288
12.4443 1.7589 1.7313
12.4644 1.7534 1.7328
12.4844 1.7470 1.7334
12.5044 1.7396 1.7329
12.5245 1.7315 1.7312
12.5445 1.7228 1.7283
12.5645 1.7135 1.7241
12.5846 1.7038 1.7187
12.6046 1.6939 1.7121
12.6247 1.6837 1.7045
12.6447 1.6734 1.6961
12.6647 1.6630 1.6868
12.6848 1.6526 1.6771
12.7048 1.6422 1.6669
12.7249 1.6317 1.6566
12.7449 1.6213 1.6463
12.7649 1.6108 1.6362
12.7850 1.6002 1.6262
12.8050 1.5895 1.6166
12.8251 1.5786 1.6074
12.8451 1.5676 1.5986
12.8651 1.5563 1.5901
12.8852 1.5449 1.5820
12.9052 1.5333 1.5741
12.9253 1.5216 1.5664
12.9453 1.5096 1.5588
12.9653 1.4976 1.5512
12.9854 1.4855 1.5437
13.0054 1.4733 1.5360
13.0254 1.4612 1.5283
13.0455 1.4490 1.5204
13.0655 1.4370 1.5124
13.0856 1.4251 1.5042
13.1056 1.4133 1.4959
13.1256 1.4017 1.4874
13.1457 1.3904 1.4788
13.1657 1.3793 1.4701
13.1858 1.3684 1.4612
13.2058 1.3578 1.4521
13.2258 1.3475 1.4428
13.2459 1.3374 1.4333
13.2659 1.3276 1.4236
13.2860 1.3180 1.4136
13.3060 1.3085 1.4033
13.3260 1.2992 1.3926
13.3461 1.2901 1.3816
13.3661 1.2810 1.3703
13.3862 1.2719 1.3586
13.4062 1.2628 1.3465
13.4262 1.2538 1.3341
13.4463 1.2446 1.3214
13.4663 1.2354 1.3084
13.4864 1.2261 1.2952
13.5064 1.2167 1.2817
13.5264 1.2072 1.2680
13.5465 1.1975 1.2541
13.5665 1.1877 1.2401
13.5865 1.1777 1.2260
13.6066 1.1674 1.2118
13.6266 1.1568 1.1975
13.6467 1.1460 1.1832
13.6667 1.1347 1.1688
13.6867 1.1229 1.1544
13.7068 1.1105 1.1399
13.7268 1.0976 1.1255
13.7469 1.0839 1.1110
13.7669 1.0694 1.0966
13.7869 1.0542 1.0821
13.8070 1.0380 1.0677
13.8270 1.0210 1.0533
13.8471 1.0032 1.0390
13.8671 0.9845 1.0248
13.8871 0.9650 1.0107
13.9072 0.9448 0.9967
13.9272 0.9241 0.9830
13.9473 0.9029 0.9694
13.9673 0.8814 0.9560
13.9873 0.8597 0.9428
14.0074 0.8380 0.9297
14.0274 0.8165 0.9167
14.0474 0.7952 0.9038
14.0675 0.7744 0.8910
14.0875 0.7541 0.8781
14.1076 0.7344 0.8651
14.1276 0.7154 0.8520
14.1476 0.6973 0.8386
14.1677 0.6799 0.8250
14.1877 0.6635 0.8111
14.2078 0.6479 0.7969
14.2278 0.6331 0.7822
14.2478 0.6191 0.7673
14.2679 0.6059 0.7519
14.2879 0.5933 0.7362
14.3080 0.5814 0.7202
14.3280 0.5699 0.7040
14.3480 0.5589 0.6876
14.3681 0.5481 0.6711
14.3881 0.5376 0.6545
14.4082 0.5273 0.6380
14.4282 0.5171 0.6216
14.4482 0.5069 0.6054
14.4683 0.4968 0.5895
14.4883 0.4866 0.5739
14.5083 0.4765 0.5587
14.5284 0.4665 0.5438
14.5484 0.4565 0.5294
14.5685 0.4467 0.5153
14.5885 0.4371 0.5016
14.6085 0.4277 0.4882
14.6286 0.4186 0.4750
14.6486 0.4098 0.4619
14.6687 0.4014 0.4489
14.6887 0.3932 0.4359
14.7087 0.3854 0.4228
14.7288 0.3778 0.4095
14.7488 0.3704 0.3960
14.7689 0.3632 0.3822
14.7889 0.3560 0.3681
14.8089 0.3488 0.3537
14.8290 0.3414 0.3391
14.8490 0.3340 0.3241
14.8691 0.3263 0.3089
14.8891 0.3184 0.2936
14.9091 0.3102 0.2781
14.9292 0.3018 0.2626
14.9492 0.2931 0.2471
14.9692 0.2842 0.2317
14.9893 0.2752 0.2165
15.0093 0.2660 0.2015
15.0294 0.2568 0.1868
15.0494 0.2477 0.1725
15.0694 0.2386 0.1585
15.0895 0.2298 0.1449
15.1095 0.2213 0.1319
15.1296 0.2131 0.1193
15.1496 0.2054 0.1072
15.1696 0.1981 0.0958
15.1897 0.1913 0.0850
15.2097 0.1851 0.0748
15.2298 0.1793 0.0654
15.2498 0.1741 0.0568
15.2698 0.1693 0.0491
15.2899 0.1650 0.0423
15.3099 0.1610 0.0365
15.3300 0.1573 0.0317
15.3500 0.1538 0.0280
15.3700 0.1505 0.0253
15.3901 0.1473 0.0237
15.4101 0.1442 0.0230
15.4301 0.1412 0.0232
15.4502 0.1381 0.0242
15.4702 0.1351 0.0259
15.4903 0.1321 0.0281
15.5103 0.1292 0.0306
15.5303 0.1265 0.0334
15.5504 0.1238 0.0363
15.5704 0.1213 0.0391
15.5905 0.1191 0.0417
15.6105 0.1170 0.0440
15.6305 0.1152 0.0461
15.6506 0.1136 0.0477
15.6706 0.1122 0.0488
15.6907 0.1109 0.0496
15.7107 0.1098 0.0499
15.7307 0.1087 0.0498
15.7508 0.1075 0.0494
15.7708 0.1064 0.0487
15.7909 0.1051 0.0478
15.8109 0.1036 0.0468
15.8309 0.1019 0.0457
15.8510 0.1000 0.0446
15.8710 0.0979 0.0435
15.8910 0.0955 0.0426
15.9111 0.0929 0.0419
15.9311 0.0902 0.0414
15.9512 0.0873 0.0411
15.9712 0.0844 0.0412
15.9912 0.0814 0.0415
16.0113 0.0785 0.0422
16.0313 0.0757 0.0431
16.0514 0.0730 0.0444
16.0714 0.0706 0.0459
16.0914 0.0683 0.0477
16.1115 0.0663 0.0498
16.1315 0.0646 0.0520
16.1516 0.0632 0.0546
16.1716 0.0621 0.0573
16.1916 0.0613 0.0602
16.2117 0.0607 0.0633
16.2317 0.0605 0.0665
16.2518 0.0604 0.0699
16.2718 0.0606 0.0735
16.2918 0.0610 0.0771
16.3119 0.0617 0.0809
16.3319 0.0625 0.0848
16.3519 0.0636 0.0887
16.3720 0.0648 0.0926
16.3920 0.0663 0.0966
16.4121 0.0679 0.1006
16.4321 0.0697 0.1046
16.4521 0.0716 0.1086
16.4722 0.0737 0.1125
16.4922 0.0759 0.1163
16.5123 0.0782 0.1199
16.5323 0.0805 0.1235
16.5523 0.0830 0.1270
16.5724 0.0855 0.1302
16.5924 0.0880 0.1334
16.6125 0.0906 0.1363
16.6325 0.0931 0.1391
16.6525 0.0957 0.1418
16.6726 0.0982 0.1443
16.6926 0.1008 0.1466
16.7127 0.1034 0.1489
16.7327 0.1059 0.1510
16.7527 0.1085 0.1530
16.7728 0.1110 0.1550
16.7928 0.1136 0.1569
16.8128 0.1161 0.1588
16.8329 0.1185 0.1607
16.8529 0.1210 0.1626
16.8730 0.1233 0.1645
16.8930 0.1256 0.1665
16.9130 0.1277 0.1685
16.9331 0.1298 0.1706
16.9531 0.1317 0.1727
16.9732 0.1335 0.1749
16.9932 0.1352 0.1772
17.0132 0.1368 0.1796
17.0333 0.1383 0.1821
17.0533 0.1397 0.1847
17.0734 0.1412 0.1874
17.0934 0.1427 0.1902
17.1134 0.1443 0.1931
17.1335 0.1460 0.1961
17.1535 0.1479 0.1991
17.1736 0.1500 0.2022
17.1936 0.1523 0.2053
17.2136 0.1548 0.2084
17.2337 0.1576 0.2115
17.2537 0.1606 0.2147
17.2737 0.1639 0.2178
17.2938 0.1673 0.2208
17.3138 0.1709 0.2239
17.3339 0.1746 0.2269
17.3539 0.1784 0.2298
17.3739 0.1822 0.2327
17.3940 0.1860 0.2356
17.4140 0.1896 0.2385
17.4341 0.1932 0.2413
17.4541 0.1967 0.2442
17.4741 0.2000 0.2470
17.4942 0.2032 0.2499
17.5142 0.2062 0.2528
17.5343 0.2090 0.2557
17.5543 0.2117 0.2586
17.5743 0.2143 0.2616
17.5944 0.2167 0.2645
17.6144 0.2191 0.2675
17.6345 0.2215 0.2705
17.6545 0.2237 0.2734
17.6745 0.2260 0.2762
17.6946 0.2282 0.2790
17.7146 0.2304 0.2816
17.7347 0.2326 0.2841
17.7547 0.2348 0.2865
17.7747 0.2370 0.2888
17.7948 0.2391 0.2909
17.8148 0.2411 0.2928
17.8348 0.2431 0.2946
17.8549 0.2450 0.2963
17.8749 0.2468 0.2978
17.8950 0.2484 0.2992
17.9150 0.2500 0.3005
17.9350 0.2515 0.3018
17.9551 0.2528 0.3030
17.9751 0.2541 0.3041
17.9952 0.2553 0.3051
18.0152 0.2564 0.3062
18.0352 0.2575 0.3071
18.0553 0.2586 0.3080
18.0753 0.2596 0.3089
18.0954 0.2607 0.3096
18.1154 0.2618 0.3103
18.1354 0.2629 0.3107
18.1555 0.2640 0.3111
18.1755 0.2651 0.3112
18.1956 0.2662 0.3110
18.2156 0.2674 0.3106
18.2356 0.2685 0.3100
18.2557 0.2697 0.3091
18.2757 0.2710 0.3080
18.2957 0.2722 0.3066
18.3158 0.2736 0.3051
18.3358 0.2750 0.3034
18.3559 0.2764 0.3016
18.3759 0.2780 0.2997
18.3959 0.2797 0.2980
18.4160 0.2815 0.2963
18.4360 0.2834 0.2947
18.4561 0.2854 0.2933
18.4761 0.2875 0.2922
18.4961 0.2897 0.2914
18.5162 0.2921 0.2908
18.5362 0.2945 0.2906
18.5563 0.2969 0.2906
18.5763 0.2994 0.2909
18.5963 0.3019 0.2915
18.6164 0.3044 0.2922
18.6364 0.3068 0.2931
18.6565 0.3092 0.2942
18.6765 0.3116 0.2953
18.6965 0.3139 0.2965
18.7166 0.3162 0.2976
18.7366 0.3183 0.2987
18.7566 0.3204 0.2998
18.7767 0.3224 0.3007
18.7967 0.3243 0.3015
18.8168 0.3262 0.3022
18.8368 0.3280 0.3028
18.8568 0.3297 0.3033
18.8769 0.3314 0.3038
18.8969 0.3331 0.3041
18.9170 0.3348 0.3045
18.9370 0.3364 0.3049
18.9570 0.3381 0.3054
18.9771 0.3397 0.3060
18.9971 0.3414 0.3067
19.0172 0.3431 0.3076
19.0372 0.3448 0.3087
19.0572 0.3465 0.3099
19.0773 0.3482 0.3114
19.0973 0.3500 0.3130
19.1174 0.3518 0.3149
19.1374 0.3536 0.3169
19.1574 0.3555 0.3190
19.1775 0.3573 0.3213
19.1975 0.3592 0.3237
19.2175 0.3611 0.3262
19.2376 0.3629 0.3288
19.2576 0.3648 0.3314
19.2777 0.3667 0.3340
19.2977 0.3685 0.3367
19.3177 0.3704 0.3393
19.3378 0.3722 0.3420
19.3578 0.3741 0.3446
19.3779 0.3759 0.3472
19.3979 0.3777 0.3498
19.4179 0.3796 0.3524
19.4380 0.3814 0.3551
19.4580 0.3832 0.3577
19.4781 0.3850 0.3603
19.4981 0.3869 0.3630
19.5181 0.3888 0.3657
19.5382 0.3907 0.3684
19.5582 0.3926 0.3711
19.5783 0.3945 0.3739
19.5983 0.3965 0.3766
19.6183 0.3984 0.3794
19.6384 0.4005 0.3822
19.6584 0.4025 0.3850
19.6784 0.4045 0.3877
19.6985 0.4066 0.3905
19.7185 0.4086 0.3932
19.7386 0.4107 0.3960
19.7586 0.4127 0.3986
19.7786 0.4147 0.4013
19.7987 0.4167 0.4039
19.8187 0.4187 0.4064
19.8388 0.4207 0.4089
19.8588 0.4226 0.4114
19.8788 0.4245 0.4138
19.8989 0.4263 0.4161
19.9189 0.4281 0.4183
19.9390 0.4299 0.4205
19.9590 0.4316 0.4225
19.9790 0.4333 0.4246
19.9991 0.4349 0.4265
20.0191 0.4365 0.4284
20.0392 0.4381 0.4302
20.0592 0.4397 0.4320
20.0792 0.4413 0.4338
20.0993 0.4428 0.4355
20.1193 0.4444 0.4372
20.1393 0.4460 0.4389
20.1594 0.4476 0.4407
20.1794 0.4491 0.4424
20.1995 0.4507 0.4442
20.2195 0.4524 0.4461
20.2395 0.4540 0.4480
20.2596 0.4557 0.4499
20.2796 0.4573 0.4519
20.2997 0.4590 0.4539
20.3197 0.4607 0.4560
20.3397 0.4624 0.4581
20.3598 0.4641 0.4602
20.3798 0.4658 0.4623
20.3999 0.4676 0.4645
20.4199 0.4693 0.4666
20.4399 0.4710 0.4687
20.4600 0.4728 0.4709
20.4800 0.4746 0.4729
20.5001 0.4764 0.4750
20.5201 0.4782 0.4770
20.5401 0.4800 0.4790
20.5602 0.4819 0.4810
20.5802 0.4838 0.4829
20.6002 0.4856 0.4848
20.6203 0.4876 0.4866
20.6403 0.4895 0.4883
20.6604 0.4914 0.4901
20.6804 0.4933 0.4917
20.7004 0.4952 0.4934
20.7205 0.4971 0.4950
20.7405 0.4989 0.4966
20.7606 0.5008 0.4982
20.7806 0.5026 0.4998
20.8006 0.5043 0.5014
20.8207 0.5061 0.5029
20.8407 0.5078 0.5045
20.8608 0.5095 0.5060
20.8808 0.5111 0.5076
20.9008 0.5128 0.5091
20.9209 0.5143 0.5106
20.9409 0.5159 0.5122
20.9610 0.5174 0.5137
20.9810 0.5188 0.5151
21.0010 0.5203 0.5166
21.0211 0.5217 0.5181
21.0411 0.5230 0.5195
21.0611 0.5244 0.5209
21.0812 0.5257 0.5224
21.1012 0.5270 0.5238
21.1213 0.5283 0.5252
21.1413 0.5295 0.5266
21.1613 0.5308 0.5280
21.1814 0.5320 0.5294
21.2014 0.5333 0.5309
21.2215 0.5345 0.5324
21.2415 0.5358 0.5338
21.2615 0.5370 0.5353
21.2816 0.5383 0.5369
21.3016 0.5396 0.5384
21.3217 0.5409 0.5399
21.3417 0.5422 0.5414
21.3617 0.5436 0.5430
21.3818 0.5449 0.5445
21.4018 0.5463 0.5460
21.4219 0.5476 0.5475
21.4419 0.5490 0.5490
21.4619 0.5504 0.5505
21.4820 0.5517 0.5520
21.5020 0.5531 0.5534
21.5221 0.5545 0.5548
21.5421 0.5559 0.5562
21.5621 0.5573 0.5576
21.5822 0.5587 0.5589
21.6022 0.5601 0.5602
21.6222 0.5615 0.5615
21.6423 0.5630 0.5628
21.6623 0.5644 0.5641
21.6824 0.5658 0.5654
21.7024 0.5673 0.5666
21.7224 0.5687 0.5679
21.7425 0.5701 0.5691
21.7625 0.5715 0.5704
21.7826 0.5730 0.5716
21.8026 0.5744 0.5728
21.8226 0.5758 0.5741
21.8427 0.5773 0.5753
21.8627 0.5787 0.5766
21.8828 0.5801 0.5778
21.9028 0.5815 0.5791
21.9228 0.5830 0.5804
21.9429 0.5844 0.5817
21.9629 0.5858 0.5830
21.9830 0.5872 0.5843
22.0030 0.5886 0.5856
22.0230 0.5900 0.5870
22.0431 0.5914 0.5884
22.0631 0.5928 0.5897
22.0831 0.5942 0.5911
22.1032 0.5956 0.5925
22.1232 0.5970 0.5938
22.1433 0.5983 0.5952
22.1633 0.5997 0.5965
22.1833 0.6010 0.5979
22.2034 0.6024 0.5992
22.2234 0.6037 0.6005
22.2435 0.6050 0.6018
22.2635 0.6063 0.6031
22.2835 0.6076 0.6044
22.3036 0.6089 0.6057
22.3236 0.6101 0.6069
22.3437 0.6114 0.6082
22.3637 0.6127 0.6094
22.3837 0.6139 0.6107
22.4038 0.6152 0.6119
22.4238 0.6164 0.6131
22.4439 0.6176 0.6143
22.4639 0.6188 0.6155
22.4839 0.6200 0.6167
22.5040 0.6212 0.6178
22.5240 0.6224 0.6190
22.5440 0.6236 0.6202
22.5641 0.6248 0.6213
22.5841 0.6259 0.6225
22.6042 0.6270 0.6236
22.6242 0.6281 0.6248
22.6442 0.6292 0.6259
22.6643 0.6303 0.6271
22.6843 0.6314 0.6282
22.7044 0.6325 0.6293
22.7244 0.6336 0.6305
22.7444 0.6346 0.6316
22.7645 0.6357 0.6328
22.7845 0.6367 0.6339
22.8046 0.6378 0.6351
22.8246 0.6388 0.6362
22.8446 0.6399 0.6373
22.8647 0.6410 0.6385
22.8847 0.6421 0.6396
22.9048 0.6431 0.6407
22.9248 0.6442 0.6418
22.9448 0.6453 0.6429
22.9649 0.6464 0.6441
22.9849 0.6475 0.6452
23.0049 0.6487 0.6463
23.0250 0.6498 0.6474
23.0450 0.6509 0.6485
23.0651 0.6520 0.6495
23.0851 0.6531 0.6506
23.1051 0.6543 0.6517
23.1252 0.6554 0.6528
23.1452 0.6565 0.6538
23.1653 0.6576 0.6549
23.1853 0.6587 0.6559
23.2053 0.6598 0.6570
23.2254 0.6610 0.6580
23.2454 0.6621 0.6591
23.2655 0.6632 0.6601
23.2855 0.6643 0.6611
23.3055 0.6654 0.6621
23.3256 0.6665 0.6631
23.3456 0.6676 0.6641
23.3657 0.6686 0.6651
23.3857 0.6697 0.6661
23.4057 0.6707 0.6671
23.4258 0.6718 0.6681
23.4458 0.6728 0.6691
23.4658 0.6738 0.6701
23.4859 0.6748 0.6711
23.5059 0.6759 0.6720
23.5260 0.6768 0.6730
23.5460 0.6778 0.6740
23.5660 0.6788 0.6750
23.5861 0.6798 0.6760
23.6061 0.6807 0.6769
23.6262 0.6817 0.6779
23.6462 0.6826 0.6788
23.6662 0.6836 0.6798
23.6863 0.6845 0.6807
23.7063 0.6855 0.6817
23.7264 0.6864 0.6826
23.7464 0.6873 0.6835
23.7664 0.6882 0.6844
23.7865 0.6891 0.6853
23.8065 0.6900 0.6862
23.8266 0.6909 0.6871
23.8466 0.6918 0.6880
23.8666 0.6927 0.6889
23.8867 0.6935 0.6897
23.9067 0.6944 0.6906
23.9267 0.6953 0.6915
23.9468 0.6961 0.6923
23.9668 0.6970 0.6932
23.9869 0.6978 0.6940
24.0069 0.6986 0.6949
24.0269 0.6994 0.6957
24.0470 0.7003 0.6965
24.0670 0.7011 0.6973
24.0871 0.7019 0.6981
24.1071 0.7027 0.6989
24.1271 0.7035 0.6997
24.1472 0.7043 0.7004
24.1672 0.7051 0.7012
24.1873 0.7059 0.7019
24.2073 0.7067 0.7027
24.2273 0.7074 0.7034
24.2474 0.7082 0.7041
24.2674 0.7090 0.7048
24.2875 0.7098 0.7055
24.3075 0.7106 0.7062
24.3275 0.7113 0.7069
24.3476 0.7121 0.7075
24.3676 0.7128 0.7082
24.3876 0.7135 0.7089
24.4077 0.7142 0.7095
24.4277 0.7149 0.7102
24.4478 0.7156 0.7108
24.4678 0.7163 0.7115
24.4878 0.7169 0.7121
24.5079 0.7176 0.7127
24.5279 0.7182 0.7134
24.5480 0.7188 0.7140
24.5680 0.7193 0.7146
24.5880 0.7199 0.7152
24.6081 0.7204 0.7158
24.6281 0.7210 0.7164
24.6482 0.7215 0.7170
24.6682 0.7220 0.7176
24.6882 0.7225 0.7182
24.7083 0.7229 0.7188
24.7283 0.7234 0.7193
24.7484 0.7239 0.7199
24.7684 0.7243 0.7205
24.7884 0.7247 0.7210
24.8085 0.7251 0.7216
24.8285 0.7255 0.7221
24.8485 0.7259 0.7227
24.8686 0.7263 0.7232
24.8886 0.7267 0.7237
24.9087 0.7271 0.7243
24.9287 0.7275 0.7248
24.9487 0.7279 0.7253
24.9688 0.7283 0.7258
24.9888 0.7287 0.7263
25.0089 0.7291 0.7268
25.0289 0.7295 0.7273
25.0489 0.7299 0.7277
25.0690 0.7304 0.7282
25.0890 0.7308 0.7286
25.1091 0.7312 0.7291
25.1291 0.7317 0.7295
25.1491 0.7321 0.7300
25.1692 0.7326 0.7304
25.1892 0.7331 0.7308
25.2093 0.7336 0.7312
25.2293 0.7341 0.7317
25.2493 0.7346 0.7321
25.2694 0.7351 0.7325
25.2894 0.7356 0.7329
25.3095 0.7361 0.7334
25.3295 0.7366 0.7338
25.3495 0.7371 0.7343
25.3696 0.7377 0.7347
25.3896 0.7382 0.7352
25.4096 0.7387 0.7357
25.4297 0.7392 0.7362
25.4497 0.7397 0.7367
25.4698 0.7403 0.7373
25.4898 0.7408 0.7378
25.5098 0.7413 0.7384
25.5299 0.7418 0.7390
25.5499 0.7423 0.7396
25.5700 0.7428 0.7402
25.5900 0.7432 0.7408
25.6100 0.7437 0.7414
25.6301 0.7442 0.7420
25.6501 0.7446 0.7426
25.6702 0.7451 0.7432
25.6902 0.7456 0.7438
25.7102 0.7460 0.7443
25.7303 0.7465 0.7449
25.7503 0.7469 0.7455
25.7704 0.7474 0.7461
25.7904 0.7479 0.7467
25.8104 0.7484 0.7473
25.8305 0.7489 0.7479
25.8505 0.7494 0.7484
25.8705 0.7499 0.7490
25.8906 0.7504 0.7496
25.9106 0.7510 0.7502
25.9307 0.7515 0.7507
25.9507 0.7521 0.7513
25.9707 0.7527 0.7519
25.9908 0.7533 0.7525
26.0108 0.7539 0.7530
26.0309 0.7545 0.7536
26.0509 0.7551 0.7542
26.0709 0.7557 0.7548
26.0910 0.7563 0.7554
26.1110 0.7569 0.7559
26.1311 0.7575 0.7565
26.1511 0.7581 0.7571
26.1711 0.7587 0.7577
26.1912 0.7593 0.7582
26.2112 0.7599 0.7588
26.2313 0.7605 0.7594
26.2513 0.7611 0.7599
26.2713 0.7617 0.7605
26.2914 0.7623 0.7611
26.3114 0.7629 0.7616
26.3314 0.7635 0.7621
26.3515 0.7640 0.7627
26.3715 0.7646 0.7632
26.3916 0.7652 0.7638
26.4116 0.7658 0.7643
26.4316 0.7663 0.7648
26.4517 0.7669 0.7653
26.4717 0.7674 0.7658
26.4918 0.7680 0.7664
26.5118 0.7685 0.7669
26.5318 0.7691 0.7674
26.5519 0.7696 0.7679
26.5719 0.7701 0.7684
26.5920 0.7706 0.7689
26.6120 0.7711 0.7694
26.6320 0.7717 0.7699
26.6521 0.7722 0.7704
26.6721 0.7726 0.7709
26.6922 0.7731 0.7714
26.7122 0.7736 0.7719
26.7322 0.7741 0.7724
26.7523 0.7746 0.7728
26.7723 0.7750 0.7733
26.7923 0.7755 0.7738
26.8124 0.7759 0.7742
26.8324 0.7764 0.7747
26.8525 0.7768 0.7752
26.8725 0.7773 0.7756
26.8925 0.7777 0.7761
26.9126 0.7782 0.7765
26.9326 0.7786 0.7769
26.9527 0.7791 0.7774
26.9727 0.7795 0.7778
26.9927 0.7799 0.7782
27.0128 0.7804 0.7786
27.0328 0.7808 0.7791
27.0529 0.7812 0.7795
27.0729 0.7817 0.7799
27.0929 0.7821 0.7803
27.1130 0.7825 0.7807
27.1330 0.7829 0.7811
27.1531 0.7833 0.7815
27.1731 0.7837 0.7819
27.1931 0.7841 0.7823
27.2132 0.7845 0.7827
27.2332 0.7849 0.7831
27.2532 0.7852 0.7835
27.2733 0.7856 0.7839
27.2933 0.7859 0.7843
27.3134 0.7863 0.7847
27.3334 0.7866 0.7851
27.3534 0.7870 0.7854
27.3735 0.7873 0.7858
27.3935 0.7876 0.7862
27.4136 0.7880 0.7866
27.4336 0.7883 0.7869
27.4536 0.7886 0.7873
27.4737 0.7890 0.7877
27.4937 0.7893 0.7881
27.5138 0.7897 0.7884
27.5338 0.7900 0.7888
27.5538 0.7904 0.7892
27.5739 0.7907 0.7895
27.5939 0.7911 0.7899
27.6140 0.7914 0.7903
27.6340 0.7918 0.7906
27.6540 0.7922 0.7910
27.6741 0.7926 0.7914
27.6941 0.7929 0.7918
27.7141 0.7933 0.7922
27.7342 0.7937 0.7925
27.7542 0.7941 0.7929
27.7743 0.7945 0.7933
27.7943 0.7949 0.7937
27.8143 0.7953 0.7941
27.8344 0.7957 0.7945
27.8544 0.7961 0.7949
27.8745 0.7965 0.7953
27.8945 0.7969 0.7957
27.9145 0.7973 0.7961
27.9346 0.7977 0.7965
27.9546 0.7981 0.7969
27.9747 0.7986 0.7973
27.9947 0.7990 0.7977
28.0147 0.7994 0.7981
28.0348 0.7998 0.7985
28.0548 0.8002 0.7989
28.0749 0.8007 0.7993
28.0949 0.8011 0.7998
28.1149 0.8015 0.8002
28.1350 0.8020 0.8006
28.1550 0.8024 0.8010
28.1750 0.8028 0.8014
28.1951 0.8032 0.8018
28.2151 0.8036 0.8022
28.2352 0.8041 0.8026
28.2552 0.8045 0.8030
28.2752 0.8049 0.8034
28.2953 0.8053 0.8038
28.3153 0.8057 0.8042
28.3354 0.8061 0.8046
28.3554 0.8065 0.8050
28.3754 0.8069 0.8054
28.3955 0.8073 0.8058
28.4155 0.8076 0.8062
28.4356 0.8080 0.8066
28.4556 0.8084 0.8070
28.4756 0.8088 0.8074
28.4957 0.8091 0.8078
28.5157 0.8095 0.8082
28.5358 0.8099 0.8086
28.5558 0.8102 0.8089
28.5758 0.8106 0.8093
28.5959 0.8109 0.8097
28.6159 0.8113 0.8101
28.6359 0.8116 0.8105
28.6560 0.8120 0.8109
28.6760 0.8123 0.8113
28.6961 0.8127 0.8116
28.7161 0.8131 0.8120
28.7361 0.8134 0.8124
28.7562 0.8138 0.8128
28.7762 0.8141 0.8131
28.7963 0.8145 0.8135
28.8163 0.8148 0.8139
28.8363 0.8152 0.8142
28.8564 0.8155 0.8146
28.8764 0.8159 0.8149
28.8965 0.8162 0.8153
28.9165 0.8166 0.8157
28.9365 0.8169 0.8160
28.9566 0.8173 0.8164
28.9766 0.8176 0.8167
28.9967 0.8180 0.8170
29.0167 0.8183 0.8174
29.0367 0.8187 0.8177
29.0568 0.8190 0.8181
29.0768 0.8193 0.8184
29.0969 0.8197 0.8188
29.1169 0.8200 0.8191
29.1369 0.8204 0.8194
29.1570 0.8207 0.8198
29.1770 0.8211 0.8201
29.1970 0.8214 0.8204
29.2171 0.8217 0.8208
29.2371 0.8221 0.8211
29.2572 0.8224 0.8214
29.2772 0.8228 0.8218
29.2972 0.8231 0.8221
29.3173 0.8234 0.8224
29.3373 0.8238 0.8228
29.3574 0.8241 0.8231
29.3774 0.8244 0.8234
29.3974 0.8248 0.8237
29.4175 0.8251 0.8240
29.4375 0.8254 0.8244
29.4576 0.8258 0.8247
29.4776 0.8261 0.8250
29.4976 0.8264 0.8253
29.5177 0.8267 0.8256
29.5377 0.8270 0.8260
29.5578 0.8274 0.8263
29.5778 0.8277 0.8266
29.5978 0.8280 0.8269
29.6179 0.8283 0.8272
29.6379 0.8286 0.8275
29.6579 0.8289 0.8278
29.6780 0.8292 0.8281
29.6980 0.8295 0.8284
29.7181 0.8298 0.8287
29.7381 0.8301 0.8290
29.7581 0.8304 0.8294
29.7782 0.8307 0.8297
29.7982 0.8310 0.8300
29.8183 0.8313 0.8303
29.8383 0.8316 0.8306
29.8583 0.8319 0.8309
29.8784 0.8322 0.8312
29.8984 0.8325 0.8315
29.9185 0.8328 0.8318
29.9385 0.8330 0.8321
29.9585 0.8333 0.8324
29.9786 0.8336 0.8327
29.9986 0.8339 0.8330
30.0187 0.8342 0.8332
30.0387 0.8345 0.8335
30.0587 0.8348 0.8338
30.0788 0.8351 0.8341
30.0988 0.8353 0.8344
30.1188 0.8356 0.8347
30.1389 0.8359 0.8350
30.1589 0.8362 0.8353
30.1790 0.8365 0.8356
30.1990 0.8368 0.8359
30.2190 0.8371 0.8362
30.2391 0.8373 0.8365
30.2591 0.8376 0.8368
30.2792 0.8379 0.8370
30.2992 0.8382 0.8373
30.3192 0.8385 0.8376
30.3393 0.8387 0.8379
30.3593 0.8390 0.8382
30.3794 0.8393 0.8385
30.3994 0.8396 0.8387
30.4194 0.8399 0.8390
30.4395 0.8401 0.8393
30.4595 0.8404 0.8396
30.4796 0.8407 0.8399
30.4996 0.8410 0.8401
30.5196 0.8412 0.8404
30.5397 0.8415 0.8407
30.5597 0.8418 0.8410
30.5797 0.8421 0.8412
30.5998 0.8423 0.8415
30.6198 0.8426 0.8418
30.6399 0.8429 0.8420
30.6599 0.8431 0.8423
30.6799 0.8434 0.8426
30.7000 0.8436 0.8428
30.7200 0.8439 0.8431
30.7401 0.8442 0.8434
30.7601 0.8444 0.8436
30.7801 0.8447 0.8439
30.8002 0.8449 0.8441
30.8202 0.8452 0.8444
30.8403 0.8455 0.8447
30.8603 0.8457 0.8449
30.8803 0.8460 0.8452
30.9004 0.8462 0.8454
30.9204 0.8465 0.8457
30.9405 0.8467 0.8460
30.9605 0.8470 0.8462
30.9805 0.8473 0.8465
31.0006 0.8475 0.8467
31.0206 0.8478 0.8470
31.0406 0.8480 0.8472
31.0607 0.8483 0.8475
31.0807 0.8485 0.8477
31.1008 0.8488 0.8480
31.1208 0.8490 0.8483
31.1408 0.8493 0.8485
31.1609 0.8495 0.8488
31.1809 0.8498 0.8490
31.2010 0.8500 0.8493
31.2210 0.8503 0.8495
31.2410 0.8505 0.8498
31.2611 0.8508 0.8500
31.2811 0.8510 0.8502
31.3012 0.8513 0.8505
31.3212 0.8515 0.8507
31.3412 0.8517 0.8510
31.3613 0.8520 0.8512
31.3813 0.8522 0.8515
31.4014 0.8525 0.8517
31.4214 0.8527 0.8519
31.4414 0.8529 0.8522
31.4615 0.8532 0.8524
31.4815 0.8534 0.8527
31.5015 0.8537 0.8529
31.5216 0.8539 0.8531
31.5416 0.8541 0.8534
31.5617 0.8544 0.8536
31.5817 0.8546 0.8538
31.6017 0.8548 0.8541
31.6218 0.8551 0.8543
31.6418 0.8553 0.8545
31.6619 0.8555 0.8548
31.6819 0.8558 0.8550
31.7019 0.8560 0.8552
31.7220 0.8562 0.8555
31.7420 0.8564 0.8557
31.7621 0.8567 0.8559
31.7821 0.8569 0.8561
31.8021 0.8571 0.8564
31.8222 0.8574 0.8566
31.8422 0.8576 0.8568
31.8623 0.8578 0.8570
31.8823 0.8580 0.8573
31.9023 0.8583 0.8575
31.9224 0.8585 0.8577
31.9424 0.8587 0.8579
31.9624 0.8589 0.8581
31.9825 0.8591 0.8584
32.0025 0.8594 0.8586
32.0226 0.8596 0.8588
32.0426 0.8598 0.8590
32.0626 0.8600 0.8592
32.0827 0.8602 0.8595
32.1027 0.8605 0.8597
32.1228 0.8607 0.8599
32.1428 0.8609 0.8601
32.1628 0.8611 0.8603
32.1829 0.8613 0.8606
32.2029 0.8616 0.8608
32.2230 0.8618 0.8610
32.2430 0.8620 0.8612
32.2630 0.8622 0.8614
32.2831 0.8624 0.8617
32.3031 0.8626 0.8619
32.3232 0.8628 0.8621
32.3432 0.8630 0.8623
32.3632 0.8633 0.8625
32.3833 0.8635 0.8627
32.4033 0.8637 0.8629
32.4233 0.8639 0.8632
32.4434 0.8641 0.8634
32.4634 0.8643 0.8636
32.4835 0.8645 0.8638
32.5035 0.8647 0.8640
32.5235 0.8649 0.8642
32.5436 0.8651 0.8644
32.5636 0.8653 0.8646
32.5837 0.8655 0.8648
32.6037 0.8657 0.8650
32.6237 0.8659 0.8653
32.6438 0.8661 0.8655
32.6638 0.8663 0.8657
32.6839 0.8665 0.8659
32.7039 0.8667 0.8661
32.7239 0.8669 0.8663
32.7440 0.8671 0.8665
32.7640 0.8673 0.8667
32.7841 0.8676 0.8669
32.8041 0.8678 0.8671
32.8241 0.8680 0.8673
32.8442 0.8682 0.8675
32.8642 0.8684 0.8677
32.8843 0.8686 0.8679
32.9043 0.8688 0.8681
32.9243 0.8690 0.8683
32.9444 0.8691 0.8685
32.9644 0.8693 0.8687
32.9844 0.8695 0.8689
33.0045 0.8697 0.8691
33.0245 0.8699 0.8693
33.0446 0.8701 0.8695
33.0646 0.8703 0.8697
33.0846 0.8705 0.8699
33.1047 0.8707 0.8701
33.1247 0.8709 0.8703
33.1448 0.8711 0.8705
33.1648 0.8713 0.8707
33.1848 0.8715 0.8708
33.2049 0.8717 0.8710
33.2249 0.8719 0.8712
33.2450 0.8720 0.8714
33.2650 0.8722 0.8716
33.2850 0.8724 0.8718
33.3051 0.8726 0.8720
33.3251 0.8728 0.8722
33.3452 0.8730 0.8724
33.3652 0.8732 0.8726
33.3852 0.8734 0.8727
33.4053 0.8736 0.8729
33.4253 0.8737 0.8731
33.4453 0.8739 0.8733
33.4654 0.8741 0.8735
33.4854 0.8743 0.8737
33.5055 0.8745 0.8739
33.5255 0.8747 0.8740
33.5455 0.8748 0.8742
33.5656 0.8750 0.8744
33.5856 0.8752 0.8746
33.6057 0.8754 0.8748
33.6257 0.8756 0.8750
33.6457 0.8758 0.8751
33.6658 0.8759 0.8753
33.6858 0.8761 0.8755
33.7059 0.8763 0.8757
33.7259 0.8765 0.8759
33.7459 0.8767 0.8760
33.7660 0.8768 0.8762
33.7860 0.8770 0.8764
33.8061 0.8772 0.8766
33.8261 0.8774 0.8768
33.8461 0.8776 0.8769
33.8662 0.8777 0.8771
33.8862 0.8779 0.8773
33.9062 0.8781 0.8775
33.9263 0.8783 0.8776
33.9463 0.8784 0.8778
33.9664 0.8786 0.8780
33.9864 0.8788 0.8782
34.0064 0.8790 0.8783
34.0265 0.8791 0.8785
34.0465 0.8793 0.8787
34.0666 0.8795 0.8789
34.0866 0.8796 0.8790
34.1066 0.8798 0.8792
34.1267 0.8800 0.8794
34.1467 0.8802 0.8796
34.1668 0.8803 0.8797
34.1868 0.8805 0.8799
34.2068 0.8807 0.8801
34.2269 0.8808 0.8802
34.2469 0.8810 0.8804
34.2670 0.8812 0.8806
34.2870 0.8813 0.8807
34.3070 0.8815 0.8809
34.3271 0.8817 0.8811
34.3471 0.8818 0.8812
34.3671 0.8820 0.8814
34.3872 0.8822 0.8816
34.4072 0.8823 0.8817
34.4273 0.8825 0.8819
34.4473 0.8827 0.8821
34.4673 0.8828 0.8822
34.4874 0.8830 0.8824
34.5074 0.8831 0.8826
34.5275 0.8833 0.8827
34.5475 0.8835 0.8829
34.5675 0.8836 0.8831
34.5876 0.8838 0.8832
34.6076 0.8840 0.8834
34.6277 0.8841 0.8835
34.6477 0.8843 0.8837
34.6677 0.8844 0.8839
34.6878 0.8846 0.8840
34.7078 0.8848 0.8842
34.7279 0.8849 0.8843
34.7479 0.8851 0.8845
34.7679 0.8852 0.8847
34.7880 0.8854 0.8848
34.8080 0.8855 0.8850
34.8280 0.8857 0.8851
34.8481 0.8859 0.8853
34.8681 0.8860 0.8855
34.8882 0.8862 0.8856
34.9082 0.8863 0.8858
34.9282 0.8865 0.8859
34.9483 0.8866 0.8861
34.9683 0.8868 0.8862
34.9884 0.8870 0.8864
35.0084 0.8871 0.8866
35.0284 0.8873 0.8867
35.0485 0.8874 0.8869
35.0685 0.8876 0.8870
35.0886 0.8877 0.8872
35.1086 0.8879 0.8873
35.1286 0.8880 0.8875
35.1487 0.8882 0.8876
35.1687 0.8883 0.8878
35.1888 0.8885 0.8879
35.2088 0.8886 0.8881
35.2288 0.8888 0.8882
35.2489 0.8889 0.8884
35.2689 0.8891 0.8885
35.2889 0.8892 0.8887
35.3090 0.8894 0.8888
35.3290 0.8895 0.8890
35.3491 0.8897 0.8891
35.3691 0.8898 0.8893
35.3891 0.8900 0.8894
35.4092 0.8901 0.8896
35.4292 0.8903 0.8897
35.4493 0.8904 0.8899
35.4693 0.8906 0.8900
35.4893 0.8907 0.8902
35.5094 0.8908 0.8903
35.5294 0.8910 0.8905
35.5495 0.8911 0.8906
35.5695 0.8913 0.8908
35.5895 0.8914 0.8909
35.6096 0.8916 0.8910
35.6296 0.8917 0.8912
35.6497 0.8919 0.8913
35.6697 0.8920 0.8915
35.6897 0.8921 0.8916
35.7098 0.8923 0.8918
35.7298 0.8924 0.8919
35.7498 0.8926 0.8920
35.7699 0.8927 0.8922
35.7899 0.8929 0.8923
35.8100 0.8930 0.8925
35.8300 0.8931 0.8926
35.8500 0.8933 0.8928
35.8701 0.8934 0.8929
35.8901 0.8936 0.8930
35.9102 0.8937 0.8932
35.9302 0.8938 0.8933
35.9502 0.8940 0.8935
35.9703 0.8941 0.8936
35.9903 0.8943 0.8937
36.0104 0.8944 0.8939
36.0304 0.8945 0.8940
36.0504 0.8947 0.8942
36.0705 0.8948 0.8943
36.0905 0.8949 0.8944
36.1106 0.8951 0.8946
36.1306 0.8952 0.8947
36.1506 0.8953 0.8948
36.1707 0.8955 0.8950
36.1907 0.8956 0.8951
36.2107 0.8958 0.8952
36.2308 0.8959 0.8954
36.2508 0.8960 0.8955
36.2709 0.8962 0.8957
36.2909 0.8963 0.8958
36.3109 0.8964 0.8959
36.3310 0.8966 0.8961
36.3510 0.8967 0.8962
36.3711 0.8968 0.8963
36.3911 0.8970 0.8965
36.4111 0.8971 0.8966
36.4312 0.8972 0.8967
36.4512 0.8974 0.8969
36.4713 0.8975 0.8970
36.4913 0.8976 0.8971
36.5113 0.8977 0.8973
36.5314 0.8979 0.8974
36.5514 0.8980 0.8975
36.5715 0.8981 0.8976
36.5915 0.8983 0.8978
36.6115 0.8984 0.8979
36.6316 0.8985 0.8980
36.6516 0.8987 0.8982
36.6717 0.8988 0.8983
36.6917 0.8989 0.8984
36.7117 0.8990 0.8986
36.7318 0.8992 0.8987
36.7518 0.8993 0.8988
36.7718 0.8994 0.8989
36.7919 0.8996 0.8991
36.8119 0.8997 0.8992
36.8320 0.8998 0.8993
36.8520 0.8999 0.8995
36.8720 0.9001 0.8996
36.8921 0.9002 0.8997
36.9121 0.9003 0.8998
36.9322 0.9004 0.9000
36.9522 0.9006 0.9001
36.9722 0.9007 0.9002
36.9923 0.9008 0.9003
37.0123 0.9009 0.9005
37.0324 0.9011 0.9006
37.0524 0.9012 0.9007
37.0724 0.9013 0.9008
37.0925 0.9014 0.9010
37.1125 0.9016 0.9011
37.1326 0.9017 0.9012
37.1526 0.9018 0.9013
37.1726 0.9019 0.9015
37.1927 0.9020 0.9016
37.2127 0.9022 0.9017
37.2327 0.9023 0.9018
37.2528 0.9024 0.9019
37.2728 0.9025 0.9021
37.2929 0.9027 0.9022
37.3129 0.9028 0.9023
37.3329 0.9029 0.9024
37.3530 0.9030 0.9026
37.3730 0.9031 0.9027
37.3931 0.9033 0.9028
37.4131 0.9034 0.9029
37.4331 0.9035 0.9030
37.4532 0.9036 0.9032
37.4732 0.9037 0.9033
37.4933 0.9039 0.9034
37.5133 0.9040 0.9035
37.5333 0.9041 0.9036
37.5534 0.9042 0.9038
37.5734 0.9043 0.9039
37.5935 0.9044 0.9040
37.6135 0.9046 0.9041
37.6335 0.9047 0.9042
37.6536 0.9048 0.9043
37.6736 0.9049 0.9045
37.6936 0.9050 0.9046
37.7137 0.9051 0.9047
37.7337 0.9053 0.9048
37.7538 0.9054 0.9049
37.7738 0.9055 0.9050
37.7938 0.9056 0.9052
37.8139 0.9057 0.9053
37.8339 0.9058 0.9054
37.8540 0.9060 0.9055
37.8740 0.9061 0.9056
37.8940 0.9062 0.9057
37.9141 0.9063 0.9058
37.9341 0.9064 0.9060
37.9542 0.9065 0.9061
37.9742 0.9066 0.9062
37.9942 0.9067 0.9063
38.0143 0.9069 0.9064
38.0343 0.9070 0.9065
38.0544 0.9071 0.9066
38.0744 0.9072 0.9068
38.0944 0.9073 0.9069
38.1145 0.9074 0.9070
38.1345 0.9075 0.9071
38.1545 0.9076 0.9072
38.1746 0.9078 0.9073
38.1946 0.9079 0.9074
38.2147 0.9080 0.9075
38.2347 0.9081 0.9077
38.2547 0.9082 0.9078
38.2748 0.9083 0.9079
38.2948 0.9084 0.9080
38.3149 0.9085 0.9081
38.3349 0.9086 0.9082
38.3549 0.9087 0.9083
38.3750 0.9089 0.9084
38.3950 0.9090 0.9085
38.4151 0.9091 0.9086
38.4351 0.9092 0.9087
38.4551 0.9093 0.9089
38.4752 0.9094 0.9090
38.4952 0.9095 0.9091
38.5153 0.9096 0.9092
38.5353 0.9097 0.9093
38.5553 0.9098 0.9094
38.5754 0.9099 0.9095
38.5954 0.9100 0.9096
38.6154 0.9101 0.9097
38.6355 0.9103 0.9098
38.6555 0.9104 0.9099
38.6756 0.9105 0.9100
38.6956 0.9106 0.9101
38.7156 0.9107 0.9103
38.7357 0.9108 0.9104
38.7557 0.9109 0.9105
38.7758 0.9110 0.9106
38.7958 0.9111 0.9107
38.8158 0.9112 0.9108
38.8359 0.9113 0.9109
38.8559 0.9114 0.9110
38.8760 0.9115 0.9111
38.8960 0.9116 0.9112
38.9160 0.9117 0.9113
38.9361 0.9118 0.9114
38.9561 0.9119 0.9115
38.9762 0.9120 0.9116
38.9962 0.9121 0.9117
39.0162 0.9122 0.9118
39.0363 0.9123 0.9119
39.0563 0.9124 0.9120
39.0763 0.9125 0.9121
39.0964 0.9126 0.9122
39.1164 0.9127 0.9123
39.1365 0.9128 0.9124
39.1565 0.9129 0.9125
39.1765 0.9131 0.9126
39.1966 0.9132 0.9127
39.2166 0.9133 0.9128
39.2367 0.9134 0.9129
39.2567 0.9135 0.9130
39.2767 0.9136 0.9131
39.2968 0.9137 0.9132
39.3168 0.9138 0.9133
39.3369 0.9139 0.9134
39.3569 0.9140 0.9135
39.3769 0.9141 0.9136
39.3970 0.9142 0.9137
39.4170 0.9142 0.9138
39.4371 0.9143 0.9139
39.4571 0.9144 0.9140
39.4771 0.9145 0.9141
39.4972 0.9146 0.9142
39.5172 0.9147 0.9143
39.5372 0.9148 0.9144
39.5573 0.9149 0.9145
39.5773 0.9150 0.9146
39.5974 0.9151 0.9147
39.6174 0.9152 0.9148
39.6374 0.9153 0.9149
39.6575 0.9154 0.9150
39.6775 0.9155 0.9151
39.6976 0.9156 0.9152
39.7176 0.9157 0.9153
39.7376 0.9158 0.9154
39.7577 0.9159 0.9155
39.7777 0.9160 0.9156
39.7978 0.9161 0.9157
39.8178 0.9162 0.9158
39.8378 0.9163 0.9159
39.8579 0.9164 0.9160
39.8779 0.9165 0.9161
39.8980 0.9166 0.9162
39.9180 0.9167 0.9163
39.9380 0.9168 0.9164
39.9581 0.9169 0.9165
39.9781 0.9169 0.9166
39.9981 0.9170 0.9167
40.0182 0.9171 0.9167
40.0382 0.9172 0.9168
40.0583 0.9173 0.9169
  
  
  
  
  
dim="1">gridpoints</dimension>  
  
  
  
  
  
  
  
  
0.0000 7.7600 4.1916
0.0200 7.7600 4.1916
0.0401 7.7275 4.1675
0.0601 7.6738 4.1276
0.0802 7.5993 4.0720
0.1002 7.5047 4.0010
0.1202 7.3910 3.9153
0.1403 7.2594 3.8156
0.1603 7.1113 3.7032
0.1804 6.9481 3.5794
0.2004 6.7717 3.4461
0.2204 6.5836 3.3054
0.2405 6.3854 3.1597
0.2605 6.1786 3.0117
0.2805 5.9643 2.8641
0.3006 5.7435 2.7196
0.3206 5.5165 2.5808
0.3407 5.2836 2.4501
0.3607 5.0444 2.3298
0.3807 4.7985 2.2214
0.4008 4.5452 2.1263
0.4208 4.2841 2.0453
0.4409 4.0145 1.9787
0.4609 3.7364 1.9264
0.4809 3.4501 1.8877
0.5010 3.1564 1.8619
0.5210 2.8568 1.8475
0.5411 2.5535 1.8433
0.5611 2.2494 1.8477
0.5811 1.9478 1.8591
0.6012 1.6525 1.8762
0.6212 1.3675 1.8974
0.6413 1.0970 1.9215
0.6613 0.8449 1.9476
0.6813 0.6149 1.9745
0.7014 0.4100 2.0018
0.7214 0.2325 2.0286
0.7414 0.0839 2.0547
0.7615 -0.0354 2.0796
0.7815 -0.1258 2.1031
0.8016 -0.1885 2.1251
0.8216 -0.2257 2.1454
0.8416 -0.2401 2.1642
0.8617 -0.2349 2.1814
0.8817 -0.2137 2.1972
0.9018 -0.1798 2.2118
0.9218 -0.1366 2.2255
0.9418 -0.0870 2.2387
0.9619 -0.0336 2.2516
0.9819 0.0216 2.2647
1.0020 0.0774 2.2783
1.0220 0.1328 2.2925
1.0420 0.1876 2.3076
1.0621 0.2421 2.3235
1.0821 0.2967 2.3400
1.1022 0.3522 2.3570
1.1222 0.4094 2.3741
1.1422 0.4692 2.3907
1.1623 0.5323 2.4064
1.1823 0.5995 2.4208
1.2023 0.6710 2.4334
1.2224 0.7471 2.4440
1.2424 0.8277 2.4525
1.2625 0.9127 2.4589
1.2825 1.0018 2.4634
1.3025 1.0943 2.4666
1.3226 1.1896 2.4688
1.3426 1.2873 2.4708
1.3627 1.3864 2.4730
1.3827 1.4864 2.4760
1.4027 1.5864 2.4804
1.4228 1.6859 2.4864
1.4428 1.7841 2.4943
1.4629 1.8802 2.5042
1.4829 1.9737 2.5160
1.5029 2.0638 2.5296
1.5230 2.1498 2.5447
1.5430 2.2312 2.5609
1.5631 2.3074 2.5781
1.5831 2.3776 2.5957
1.6031 2.4414 2.6135
1.6232 2.4983 2.6311
1.6432 2.5479 2.6481
1.6632 2.5898 2.6643
1.6833 2.6237 2.6791
1.7033 2.6498 2.6924
1.7234 2.6679 2.7038
1.7434 2.6784 2.7130
1.7634 2.6818 2.7197
1.7835 2.6786 2.7237
1.8035 2.6697 2.7248
1.8236 2.6560 2.7228
1.8436 2.6387 2.7176
1.8636 2.6190 2.7091
1.8837 2.5979 2.6971
1.9037 2.5767 2.6817
1.9238 2.5565 2.6625
1.9438 2.5382 2.6396
1.9638 2.5227 2.6128
1.9839 2.5104 2.5820
2.0039 2.5018 2.5472
2.0240 2.4971 2.5084
2.0440 2.4963 2.4659
2.0640 2.4990 2.4199
2.0841 2.5050 2.3712
2.1041 2.5138 2.3205
2.1242 2.5249 2.2688
2.1442 2.5377 2.2175
2.1642 2.5515 2.1678
2.1843 2.5661 2.1213
2.2043 2.5807 2.0794
2.2243 2.5952 2.0435
2.2444 2.6093 2.0149
2.2644 2.6229 1.9947
2.2845 2.6358 1.9835
2.3045 2.6483 1.9819
2.3245 2.6603 1.9899
2.3446 2.6720 2.0074
2.3646 2.6834 2.0338
2.3847 2.6943 2.0682
2.4047 2.7046 2.1098
2.4247 2.7138 2.1572
2.4448 2.7212 2.2092
2.4648 2.7260 2.2644
2.4849 2.7270 2.3213
2.5049 2.7231 2.3785
2.5249 2.7128 2.4349
2.5450 2.6949 2.4893
2.5650 2.6682 2.5406
2.5851 2.6316 2.5883
2.6051 2.5847 2.6317
2.6251 2.5270 2.6706
2.6452 2.4590 2.7050
2.6652 2.3813 2.7350
2.6852 2.2952 2.7610
2.7053 2.2025 2.7833
2.7253 2.1052 2.8023
2.7454 2.0058 2.8185
2.7654 1.9067 2.8318
2.7854 1.8106 2.8424
2.8055 1.7197 2.8499
2.8255 1.6363 2.8536
2.8456 1.5619 2.8525
2.8656 1.4978 2.8456
2.8856 1.4448 2.8313
2.9057 1.4031 2.8081
2.9257 1.3724 2.7746
2.9458 1.3520 2.7292
2.9658 1.3407 2.6710
2.9858 1.3372 2.5990
3.0059 1.3397 2.5131
3.0259 1.3465 2.4134
3.0460 1.3558 2.3008
3.0660 1.3658 2.1765
3.0860 1.3748 2.0424
3.1061 1.3813 1.9007
3.1261 1.3838 1.7539
3.1461 1.3813 1.6048
3.1662 1.3727 1.4560
3.1862 1.3575 1.3102
3.2063 1.3352 1.1698
3.2263 1.3057 1.0368
3.2463 1.2691 0.9130
3.2664 1.2258 0.7996
3.2864 1.1765 0.6973
3.3065 1.1220 0.6063
3.3265 1.0633 0.5266
3.3465 1.0016 0.4577
3.3666 0.9382 0.3988
3.3866 0.8744 0.3489
3.4067 0.8115 0.3070
3.4267 0.7506 0.2717
3.4467 0.6927 0.2422
3.4668 0.6385 0.2171
3.4868 0.5886 0.1955
3.5069 0.5432 0.1765
3.5269 0.5024 0.1594
3.5469 0.4658 0.1435
3.5670 0.4328 0.1282
3.5870 0.4029 0.1133
3.6070 0.3751 0.0984
3.6271 0.3486 0.0834
3.6471 0.3225 0.0682
3.6672 0.2960 0.0529
3.6872 0.2683 0.0376
3.7072 0.2389 0.0223
3.7273 0.2075 0.0075
3.7473 0.1739 -0.0068
3.7674 0.1382 -0.0202
3.7874 0.1006 -0.0326
3.8074 0.0614 -0.0437
3.8275 0.0213 -0.0534
3.8475 -0.0192 -0.0617
3.8676 -0.0596 -0.0685
3.8876 -0.0993 -0.0741
3.9076 -0.1378 -0.0786
3.9277 -0.1747 -0.0823
3.9477 -0.2098 -0.0857
3.9678 -0.2430 -0.0891
3.9878 -0.2742 -0.0930
4.0078 -0.3035 -0.0979
4.0279 -0.3312 -0.1041
4.0479 -0.3573 -0.1119
4.0679 -0.3823 -0.1215
4.0880 -0.4061 -0.1329
4.1080 -0.4291 -0.1461
4.1281 -0.4512 -0.1607
4.1481 -0.4724 -0.1765
4.1681 -0.4925 -0.1927
4.1882 -0.5113 -0.2090
4.2082 -0.5286 -0.2246
4.2283 -0.5439 -0.2388
4.2483 -0.5570 -0.2510
4.2683 -0.5675 -0.2608
4.2884 -0.5752 -0.2676
4.3084 -0.5799 -0.2711
4.3285 -0.5816 -0.2712
4.3485 -0.5803 -0.2680
4.3685 -0.5762 -0.2615
4.3886 -0.5695 -0.2521
4.4086 -0.5606 -0.2401
4.4287 -0.5500 -0.2261
4.4487 -0.5381 -0.2107
4.4687 -0.5255 -0.1944
4.4888 -0.5126 -0.1778
4.5088 -0.5000 -0.1616
4.5288 -0.4880 -0.1462
4.5489 -0.4769 -0.1320
4.5689 -0.4669 -0.1195
4.5890 -0.4582 -0.1088
4.6090 -0.4508 -0.1002
4.6290 -0.4445 -0.0936
4.6491 -0.4392 -0.0890
4.6691 -0.4345 -0.0864
4.6892 -0.4301 -0.0854
4.7092 -0.4257 -0.0859
4.7292 -0.4209 -0.0876
4.7493 -0.4155 -0.0902
4.7693 -0.4091 -0.0935
4.7894 -0.4015 -0.0972
4.8094 -0.3926 -0.1011
4.8294 -0.3824 -0.1049
4.8495 -0.3710 -0.1085
4.8695 -0.3584 -0.1118
4.8896 -0.3448 -0.1146
4.9096 -0.3305 -0.1170
4.9296 -0.3158 -0.1187
4.9497 -0.3008 -0.1199
4.9697 -0.2859 -0.1205
4.9897 -0.2712 -0.1205
5.0098 -0.2570 -0.1201
5.0298 -0.2435 -0.1192
5.0499 -0.2307 -0.1180
5.0699 -0.2187 -0.1164
5.0899 -0.2076 -0.1147
5.1100 -0.1974 -0.1127
5.1300 -0.1880 -0.1106
5.1501 -0.1793 -0.1084
5.1701 -0.1714 -0.1060
5.1901 -0.1639 -0.1034
5.2102 -0.1570 -0.1007
5.2302 -0.1503 -0.0978
5.2503 -0.1438 -0.0945
5.2703 -0.1374 -0.0909
5.2903 -0.1309 -0.0870
5.3104 -0.1242 -0.0825
5.3304 -0.1173 -0.0776
5.3505 -0.1102 -0.0721
5.3705 -0.1028 -0.0661
5.3905 -0.0951 -0.0596
5.4106 -0.0872 -0.0525
5.4306 -0.0791 -0.0448
5.4506 -0.0709 -0.0365
5.4707 -0.0628 -0.0278
5.4907 -0.0547 -0.0184
5.5108 -0.0469 -0.0086
5.5308 -0.0392 0.0019
5.5508 -0.0319 0.0129
5.5709 -0.0249 0.0246
5.5909 -0.0183 0.0368
5.6110 -0.0119 0.0498
5.6310 -0.0059 0.0634
5.6510 -0.0000 0.0776
5.6711 0.0057 0.0924
5.6911 0.0114 0.1077
5.7112 0.0171 0.1233
5.7312 0.0230 0.1390
5.7512 0.0292 0.1547
5.7713 0.0357 0.1699
5.7913 0.0427 0.1844
5.8114 0.0501 0.1979
5.8314 0.0581 0.2099
5.8514 0.0667 0.2203
5.8715 0.0758 0.2286
5.8915 0.0855 0.2346
5.9116 0.0957 0.2383
5.9316 0.1063 0.2396
5.9516 0.1174 0.2385
5.9717 0.1288 0.2352
5.9917 0.1405 0.2299
6.0117 0.1523 0.2229
6.0318 0.1642 0.2147
6.0518 0.1762 0.2058
6.0719 0.1881 0.1964
6.0919 0.2000 0.1872
6.1119 0.2117 0.1786
6.1320 0.2233 0.1709
6.1520 0.2348 0.1644
6.1721 0.2462 0.1594
6.1921 0.2575 0.1561
6.2121 0.2687 0.1545
6.2322 0.2798 0.1547
6.2522 0.2909 0.1566
6.2723 0.3020 0.1602
6.2923 0.3131 0.1653
6.3123 0.3242 0.1717
6.3324 0.3354 0.1793
6.3524 0.3466 0.1880
6.3725 0.3579 0.1974
6.3925 0.3691 0.2075
6.4125 0.3803 0.2181
6.4326 0.3914 0.2290
6.4526 0.4025 0.2403
6.4726 0.4133 0.2517
6.4927 0.4240 0.2631
6.5127 0.4345 0.2746
6.5328 0.4448 0.2861
6.5528 0.4548 0.2974
6.5728 0.4645 0.3087
6.5929 0.4739 0.3199
6.6129 0.4831 0.3309
6.6330 0.4920 0.3417
6.6530 0.5007 0.3524
6.6730 0.5091 0.3630
6.6931 0.5172 0.3733
6.7131 0.5252 0.3835
6.7332 0.5330 0.3935
6.7532 0.5405 0.4032
6.7732 0.5479 0.4129
6.7933 0.5551 0.4223
6.8133 0.5621 0.4315
6.8334 0.5689 0.4406
6.8534 0.5756 0.4495
6.8734 0.5821 0.4582
6.8935 0.5884 0.4667
6.9135 0.5946 0.4751
6.9335 0.6006 0.4833
6.9536 0.6064 0.4914
6.9736 0.6121 0.4995
6.9937 0.6176 0.5074
7.0137 0.6230 0.5153
7.0337 0.6284 0.5231
7.0538 0.6337 0.5309
7.0738 0.6389 0.5387
7.0939 0.6441 0.5466
7.1139 0.6493 0.5545
7.1339 0.6544 0.5624
7.1540 0.6596 0.5703
7.1740 0.6647 0.5783
7.1941 0.6697 0.5862
7.2141 0.6747 0.5941
7.2341 0.6796 0.6018
7.2542 0.6843 0.6094
7.2742 0.6888 0.6167
7.2943 0.6931 0.6238
7.3143 0.6972 0.6305
7.3343 0.7010 0.6369
7.3544 0.7046 0.6428
7.3744 0.7079 0.6483
7.3944 0.7110 0.6534
7.4145 0.7140 0.6579
7.4345 0.7169 0.6621
7.4546 0.7197 0.6658
7.4746 0.7226 0.6692
7.4946 0.7255 0.6722
7.5147 0.7285 0.6750
7.5347 0.7317 0.6776
7.5548 0.7351 0.6801
7.5748 0.7387 0.6826
7.5948 0.7425 0.6851
7.6149 0.7465 0.6877
7.6349 0.7507 0.6904
7.6550 0.7550 0.6934
7.6750 0.7595 0.6967
7.6950 0.7642 0.7002
7.7151 0.7690 0.7040
7.7351 0.7739 0.7082
7.7552 0.7789 0.7126
7.7752 0.7841 0.7174
7.7952 0.7895 0.7225
7.8153 0.7950 0.7278
7.8353 0.8006 0.7334
7.8553 0.8065 0.7392
7.8754 0.8126 0.7452
7.8954 0.8189 0.7514
7.9155 0.8254 0.7578
7.9355 0.8321 0.7642
7.9555 0.8390 0.7708
7.9756 0.8461 0.7775
7.9956 0.8534 0.7842
8.0157 0.8608 0.7910
8.0357 0.8684 0.7979
8.0557 0.8760 0.8047
8.0758 0.8837 0.8116
8.0958 0.8915 0.8185
8.1159 0.8993 0.8254
8.1359 0.9071 0.8322
8.1559 0.9148 0.8390
8.1760 0.9225 0.8458
8.1960 0.9302 0.8526
8.2161 0.9378 0.8593
8.2361 0.9453 0.8659
8.2561 0.9527 0.8725
8.2762 0.9602 0.8791
8.2962 0.9675 0.8855
8.3162 0.9749 0.8919
8.3363 0.9822 0.8981
8.3563 0.9896 0.9043
8.3764 0.9970 0.9103
8.3964 1.0044 0.9161
8.4164 1.0119 0.9217
8.4365 1.0195 0.9272
8.4565 1.0272 0.9324
8.4766 1.0350 0.9374
8.4966 1.0429 0.9421
8.5166 1.0508 0.9466
8.5367 1.0588 0.9509
8.5567 1.0669 0.9549
8.5768 1.0749 0.9587
8.5968 1.0829 0.9623
8.6168 1.0907 0.9658
8.6369 1.0985 0.9691
8.6569 1.1061 0.9723
8.6770 1.1134 0.9755
8.6970 1.1204 0.9786
8.7170 1.1272 0.9816
8.7371 1.1335 0.9847
8.7571 1.1394 0.9878
8.7771 1.1448 0.9910
8.7972 1.1497 0.9942
8.8172 1.1540 0.9974
8.8373 1.1578 1.0007
8.8573 1.1609 1.0041
8.8773 1.1635 1.0075
8.8974 1.1655 1.0108
8.9174 1.1670 1.0142
8.9375 1.1679 1.0175
8.9575 1.1683 1.0208
8.9775 1.1683 1.0240
8.9976 1.1680 1.0271
9.0176 1.1674 1.0301
9.0377 1.1666 1.0331
9.0577 1.1657 1.0360
9.0777 1.1648 1.0388
9.0978 1.1641 1.0416
9.1178 1.1635 1.0443
9.1379 1.1633 1.0471
9.1579 1.1634 1.0499
9.1779 1.1640 1.0529
9.1980 1.1652 1.0559
9.2180 1.1669 1.0591
9.2380 1.1693 1.0625
9.2581 1.1722 1.0661
9.2781 1.1758 1.0700
9.2982 1.1800 1.0741
9.3182 1.1847 1.0785
9.3382 1.1900 1.0831
9.3583 1.1957 1.0880
9.3783 1.2018 1.0931
9.3984 1.2082 1.0985
9.4184 1.2148 1.1041
9.4384 1.2215 1.1099
9.4585 1.2283 1.1159
9.4785 1.2350 1.1220
9.4986 1.2416 1.1282
9.5186 1.2480 1.1345
9.5386 1.2543 1.1408
9.5587 1.2602 1.1471
9.5787 1.2659 1.1534
9.5988 1.2713 1.1596
9.6188 1.2764 1.1658
9.6388 1.2813 1.1720
9.6589 1.2859 1.1782
9.6789 1.2903 1.1843
9.6990 1.2945 1.1903
9.7190 1.2986 1.1964
9.7390 1.3025 1.2025
9.7591 1.3063 1.2086
9.7791 1.3100 1.2148
9.7991 1.3136 1.2211
9.8192 1.3172 1.2274
9.8392 1.3207 1.2338
9.8593 1.3242 1.2404
9.8793 1.3276 1.2470
9.8993 1.3310 1.2537
9.9194 1.3343 1.2606
9.9394 1.3376 1.2675
9.9595 1.3409 1.2745
9.9795 1.3441 1.2815
9.9995 1.3473 1.2885
10.0196 1.3506 1.2956
10.0396 1.3539 1.3027
10.0597 1.3573 1.3098
10.0797 1.3608 1.3169
10.0997 1.3645 1.3240
10.1198 1.3683 1.3311
10.1398 1.3724 1.3382
10.1599 1.3768 1.3455
10.1799 1.3814 1.3527
10.1999 1.3864 1.3601
10.2200 1.3917 1.3676
10.2400 1.3973 1.3752
10.2600 1.4033 1.3830
10.2801 1.4097 1.3909
10.3001 1.4164 1.3990
10.3202 1.4235 1.4073
10.3402 1.4309 1.4158
10.3602 1.4385 1.4244
10.3803 1.4464 1.4332
10.4003 1.4545 1.4421
10.4204 1.4627 1.4511
10.4404 1.4709 1.4602
10.4604 1.4791 1.4694
10.4805 1.4872 1.4785
10.5005 1.4951 1.4877
10.5206 1.5027 1.4967
10.5406 1.5100 1.5055
10.5606 1.5169 1.5141
10.5807 1.5232 1.5225
10.6007 1.5291 1.5305
10.6208 1.5343 1.5381
10.6408 1.5390 1.5452
10.6608 1.5430 1.5519
10.6809 1.5464 1.5581
10.7009 1.5493 1.5638
10.7209 1.5516 1.5691
10.7410 1.5535 1.5738
10.7610 1.5549 1.5782
10.7811 1.5560 1.5823
10.8011 1.5568 1.5860
10.8211 1.5575 1.5896
10.8412 1.5580 1.5930
10.8612 1.5586 1.5963
10.8813 1.5592 1.5996
10.9013 1.5598 1.6030
10.9213 1.5607 1.6064
10.9414 1.5617 1.6099
10.9614 1.5630 1.6135
10.9815 1.5645 1.6172
11.0015 1.5663 1.6210
11.0215 1.5684 1.6248
11.0416 1.5707 1.6285
11.0616 1.5733 1.6322
11.0817 1.5762 1.6357
11.1017 1.5793 1.6391
11.1217 1.5827 1.6423
11.1418 1.5862 1.6453
11.1618 1.5900 1.6480
11.1818 1.5940 1.6505
11.2019 1.5981 1.6528
11.2219 1.6023 1.6549
11.2420 1.6067 1.6569
11.2620 1.6111 1.6588
11.2820 1.6155 1.6605
11.3021 1.6200 1.6623
11.3221 1.6245 1.6640
11.3422 1.6289 1.6657
11.3622 1.6333 1.6674
11.3822 1.6375 1.6691
11.4023 1.6418 1.6708
11.4223 1.6459 1.6725
11.4424 1.6499 1.6741
11.4624 1.6538 1.6755
11.4824 1.6576 1.6769
11.5025 1.6613 1.6781
11.5225 1.6649 1.6791
11.5426 1.6683 1.6799
11.5626 1.6716 1.6804
11.5826 1.6748 1.6808
11.6027 1.6777 1.6811
11.6227 1.6804 1.6812
11.6427 1.6829 1.6811
11.6628 1.6852 1.6810
11.6828 1.6871 1.6809
11.7029 1.6888 1.6808
11.7229 1.6902 1.6806
11.7429 1.6913 1.6805
11.7630 1.6922 1.6805
11.7830 1.6928 1.6804
11.8031 1.6933 1.6804
11.8231 1.6937 1.6803
11.8431 1.6940 1.6802
11.8632 1.6943 1.6800
11.8832 1.6947 1.6798
11.9033 1.6951 1.6794
11.9233 1.6957 1.6788
11.9433 1.6964 1.6782
11.9634 1.6974 1.6774
11.9834 1.6987 1.6766
12.0035 1.7003 1.6757
12.0235 1.7022 1.6749
12.0435 1.7045 1.6741
12.0636 1.7072 1.6734
12.0836 1.7103 1.6729
12.1036 1.7137 1.6727
12.1237 1.7175 1.6728
12.1437 1.7216 1.6734
12.1638 1.7259 1.6743
12.1838 1.7304 1.6757
12.2038 1.7348 1.6776
12.2239 1.7391 1.6800
12.2439 1.7432 1.6828
12.2640 1.7468 1.6860
12.2840 1.7499 1.6896
12.3040 1.7523 1.6935
12.3241 1.7538 1.6975
12.3441 1.7544 1.7016
12.3642 1.7540 1.7056
12.3842 1.7524 1.7094
12.4042 1.7498 1.7128
12.4243 1.7460 1.7155
12.4443 1.7412 1.7176
12.4644 1.7353 1.7188
12.4844 1.7284 1.7190
12.5044 1.7207 1.7180
12.5245 1.7123 1.7159
12.5445 1.7032 1.7125
12.5645 1.6937 1.7078
12.5846 1.6838 1.7020
12.6046 1.6736 1.6950
12.6247 1.6632 1.6871
12.6447 1.6527 1.6782
12.6647 1.6421 1.6687
12.6848 1.6316 1.6587
12.7048 1.6210 1.6483
12.7249 1.6104 1.6379
12.7449 1.5998 1.6274
12.7649 1.5892 1.6172
12.7850 1.5784 1.6072
12.8050 1.5676 1.5975
12.8251 1.5566 1.5882
12.8451 1.5454 1.5794
12.8651 1.5340 1.5708
12.8852 1.5225 1.5626
12.9052 1.5108 1.5547
12.9253 1.4989 1.5469
12.9453 1.4868 1.5392
12.9653 1.4747 1.5316
12.9854 1.4625 1.5239
13.0054 1.4502 1.5161
13.0254 1.4380 1.5083
13.0455 1.4258 1.5003
13.0655 1.4138 1.4921
13.0856 1.4018 1.4838
13.1056 1.3900 1.4754
13.1256 1.3785 1.4668
13.1457 1.3671 1.4580
13.1657 1.3560 1.4492
13.1858 1.3451 1.4401
13.2058 1.3346 1.4309
13.2258 1.3242 1.4215
13.2459 1.3142 1.4118
13.2659 1.3044 1.4020
13.2860 1.2947 1.3918
13.3060 1.2853 1.3813
13.3260 1.2760 1.3705
13.3461 1.2668 1.3594
13.3661 1.2577 1.3479
13.3862 1.2486 1.3360
13.4062 1.2395 1.3238
13.4262 1.2304 1.3113
13.4463 1.2212 1.2985
13.4663 1.2119 1.2854
13.4864 1.2025 1.2720
13.5064 1.1931 1.2584
13.5264 1.1835 1.2446
13.5465 1.1737 1.2307
13.5665 1.1638 1.2166
13.5865 1.1537 1.2024
13.6066 1.1433 1.1881
13.6266 1.1326 1.1738
13.6467 1.1216 1.1594
13.6667 1.1102 1.1450
13.6867 1.0983 1.1305
13.7068 1.0857 1.1161
13.7268 1.0726 1.1016
13.7469 1.0587 1.0871
13.7669 1.0441 1.0726
13.7869 1.0286 1.0582
13.8070 1.0123 1.0437
13.8270 0.9951 1.0294
13.8471 0.9770 1.0151
13.8671 0.9582 1.0009
13.8871 0.9385 0.9868
13.9072 0.9183 0.9729
13.9272 0.8974 0.9592
13.9473 0.8762 0.9457
13.9673 0.8547 0.9323
13.9873 0.8330 0.9191
14.0074 0.8114 0.9061
14.0274 0.7900 0.8932
14.0474 0.7688 0.8803
14.0675 0.7481 0.8675
14.0875 0.7280 0.8546
14.1076 0.7086 0.8416
14.1276 0.6899 0.8285
14.1476 0.6720 0.8151
14.1677 0.6549 0.8015
14.1877 0.6387 0.7875
14.2078 0.6234 0.7733
14.2278 0.6089 0.7586
14.2478 0.5952 0.7436
14.2679 0.5822 0.7282
14.2879 0.5699 0.7125
14.3080 0.5582 0.6965
14.3280 0.5470 0.6803
14.3480 0.5361 0.6639
14.3681 0.5256 0.6474
14.3881 0.5153 0.6309
14.4082 0.5051 0.6145
14.4282 0.4950 0.5982
14.4482 0.4850 0.5822
14.4683 0.4750 0.5664
14.4883 0.4650 0.5510
14.5083 0.4550 0.5359
14.5284 0.4451 0.5212
14.5484 0.4353 0.5070
14.5685 0.4256 0.4931
14.5885 0.4162 0.4795
14.6085 0.4070 0.4662
14.6286 0.3981 0.4531
14.6486 0.3895 0.4402
14.6687 0.3812 0.4273
14.6887 0.3733 0.4144
14.7087 0.3656 0.4013
14.7288 0.3582 0.3881
14.7488 0.3510 0.3747
14.7689 0.3439 0.3610
14.7889 0.3368 0.3470
14.8089 0.3297 0.3326
14.8290 0.3224 0.3180
14.8490 0.3151 0.3032
14.8691 0.3075 0.2881
14.8891 0.2996 0.2729
14.9091 0.2915 0.2575
14.9292 0.2832 0.2422
14.9492 0.2746 0.2268
14.9692 0.2658 0.2116
14.9893 0.2569 0.1966
15.0093 0.2478 0.1818
15.0294 0.2388 0.1674
15.0494 0.2298 0.1533
15.0694 0.2209 0.1395
15.0895 0.2123 0.1263
15.1095 0.2039 0.1135
15.1296 0.1960 0.1012
15.1496 0.1885 0.0894
15.1696 0.1814 0.0783
15.1897 0.1749 0.0678
15.2097 0.1689 0.0580
15.2298 0.1634 0.0490
15.2498 0.1584 0.0407
15.2698 0.1538 0.0334
15.2899 0.1497 0.0270
15.3099 0.1459 0.0216
15.3300 0.1424 0.0172
15.3500 0.1391 0.0139
15.3700 0.1360 0.0116
15.3901 0.1329 0.0104
15.4101 0.1300 0.0100
15.4301 0.1271 0.0106
15.4502 0.1242 0.0119
15.4702 0.1213 0.0139
15.4903 0.1185 0.0163
15.5103 0.1157 0.0191
15.5303 0.1131 0.0221
15.5504 0.1106 0.0251
15.5704 0.1083 0.0280
15.5905 0.1062 0.0308
15.6105 0.1043 0.0332
15.6305 0.1026 0.0353
15.6506 0.1012 0.0370
15.6706 0.0999 0.0382
15.6907 0.0988 0.0390
15.7107 0.0978 0.0394
15.7307 0.0968 0.0394
15.7508 0.0958 0.0391
15.7708 0.0947 0.0385
15.7909 0.0935 0.0377
15.8109 0.0921 0.0368
15.8309 0.0905 0.0358
15.8510 0.0886 0.0348
15.8710 0.0866 0.0339
15.8910 0.0843 0.0331
15.9111 0.0818 0.0326
15.9311 0.0791 0.0322
15.9512 0.0764 0.0322
15.9712 0.0735 0.0324
15.9912 0.0707 0.0329
16.0113 0.0679 0.0337
16.0313 0.0652 0.0349
16.0514 0.0627 0.0363
16.0714 0.0604 0.0380
16.0914 0.0583 0.0399
16.1115 0.0565 0.0422
16.1315 0.0549 0.0446
16.1516 0.0537 0.0473
16.1716 0.0528 0.0501
16.1916 0.0521 0.0532
16.2117 0.0517 0.0564
16.2317 0.0516 0.0598
16.2518 0.0517 0.0633
16.2718 0.0520 0.0670
16.2918 0.0526 0.0708
16.3119 0.0534 0.0746
16.3319 0.0544 0.0786
16.3519 0.0556 0.0826
16.3720 0.0570 0.0867
16.3920 0.0586 0.0908
16.4121 0.0603 0.0949
16.4321 0.0622 0.0989
16.4521 0.0643 0.1029
16.4722 0.0665 0.1069
16.4922 0.0688 0.1107
16.5123 0.0712 0.1145
16.5323 0.0737 0.1181
16.5523 0.0762 0.1216
16.5724 0.0788 0.1249
16.5924 0.0814 0.1281
16.6125 0.0841 0.1311
16.6325 0.0867 0.1339
16.6525 0.0894 0.1366
16.6726 0.0920 0.1391
16.6926 0.0947 0.1415
16.7127 0.0973 0.1438
16.7327 0.0999 0.1460
16.7527 0.1026 0.1481
16.7728 0.1052 0.1501
16.7928 0.1078 0.1521
16.8128 0.1104 0.1540
16.8329 0.1129 0.1560
16.8529 0.1154 0.1579
16.8730 0.1178 0.1599
16.8930 0.1201 0.1619
16.9130 0.1223 0.1640
16.9331 0.1244 0.1661
16.9531 0.1264 0.1683
16.9732 0.1282 0.1706
16.9932 0.1299 0.1730
17.0132 0.1316 0.1755
17.0333 0.1331 0.1781
17.0533 0.1347 0.1807
17.0734 0.1362 0.1835
17.0934 0.1378 0.1864
17.1134 0.1394 0.1893
17.1335 0.1412 0.1923
17.1535 0.1432 0.1954
17.1736 0.1454 0.1985
17.1936 0.1478 0.2017
17.2136 0.1505 0.2049
17.2337 0.1534 0.2081
17.2537 0.1565 0.2112
17.2737 0.1598 0.2144
17.2938 0.1633 0.2175
17.3138 0.1670 0.2206
17.3339 0.1708 0.2236
17.3539 0.1746 0.2266
17.3739 0.1785 0.2295
17.3940 0.1823 0.2324
17.4140 0.1860 0.2353
17.4341 0.1896 0.2382
17.4541 0.1931 0.2411
17.4741 0.1964 0.2440
17.4942 0.1996 0.2469
17.5142 0.2026 0.2498
17.5343 0.2055 0.2527
17.5543 0.2082 0.2557
17.5743 0.2108 0.2587
17.5944 0.2133 0.2617
17.6144 0.2157 0.2647
17.6345 0.2180 0.2676
17.6545 0.2203 0.2706
17.6745 0.2226 0.2734
17.6946 0.2249 0.2762
17.7146 0.2271 0.2788
17.7347 0.2294 0.2814
17.7547 0.2316 0.2838
17.7747 0.2338 0.2860
17.7948 0.2359 0.2881
17.8148 0.2380 0.2900
17.8348 0.2400 0.2918
17.8549 0.2419 0.2935
17.8749 0.2437 0.2950
17.8950 0.2453 0.2964
17.9150 0.2469 0.2978
17.9350 0.2484 0.2990
17.9551 0.2498 0.3002
17.9751 0.2511 0.3013
17.9952 0.2523 0.3024
18.0152 0.2534 0.3034
18.0352 0.2546 0.3044
18.0553 0.2557 0.3053
18.0753 0.2567 0.3061
18.0954 0.2578 0.3069
18.1154 0.2589 0.3075
18.1354 0.2601 0.3080
18.1555 0.2612 0.3083
18.1755 0.2624 0.3084
18.1956 0.2635 0.3082
18.2156 0.2647 0.3078
18.2356 0.2659 0.3072
18.2557 0.2672 0.3062
18.2757 0.2684 0.3051
18.2957 0.2698 0.3037
18.3158 0.2711 0.3022
18.3358 0.2726 0.3005
18.3559 0.2741 0.2987
18.3759 0.2757 0.2969
18.3959 0.2774 0.2952
18.4160 0.2793 0.2935
18.4360 0.2812 0.2920
18.4561 0.2833 0.2907
18.4761 0.2855 0.2897
18.4961 0.2878 0.2889
18.5162 0.2901 0.2884
18.5362 0.2925 0.2883
18.5563 0.2950 0.2884
18.5763 0.2975 0.2887
18.5963 0.3001 0.2894
18.6164 0.3026 0.2902
18.6364 0.3051 0.2912
18.6565 0.3075 0.2923
18.6765 0.3099 0.2935
18.6965 0.3122 0.2947
18.7166 0.3145 0.2958
18.7366 0.3166 0.2970
18.7566 0.3187 0.2980
18.7767 0.3207 0.2990
18.7967 0.3227 0.2998
18.8168 0.3246 0.3005
18.8368 0.3264 0.3011
18.8568 0.3281 0.3017
18.8769 0.3299 0.3021
18.8969 0.3316 0.3026
18.9170 0.3333 0.3030
18.9370 0.3349 0.3034
18.9570 0.3366 0.3040
18.9771 0.3383 0.3046
18.9971 0.3400 0.3054
19.0172 0.3417 0.3063
19.0372 0.3434 0.3075
19.0572 0.3451 0.3088
19.0773 0.3469 0.3103
19.0973 0.3487 0.3120
19.1174 0.3505 0.3139
19.1374 0.3524 0.3160
19.1574 0.3543 0.3182
19.1775 0.3561 0.3206
19.1975 0.3580 0.3230
19.2175 0.3599 0.3256
19.2376 0.3618 0.3282
19.2576 0.3637 0.3308
19.2777 0.3656 0.3335
19.2977 0.3675 0.3361
19.3177 0.3694 0.3388
19.3378 0.3712 0.3415
19.3578 0.3731 0.3441
19.3779 0.3749 0.3468
19.3979 0.3768 0.3494
19.4179 0.3786 0.3521
19.4380 0.3805 0.3547
19.4580 0.3823 0.3574
19.4781 0.3842 0.3600
19.4981 0.3860 0.3627
19.5181 0.3879 0.3654
19.5382 0.3898 0.3682
19.5582 0.3918 0.3709
19.5783 0.3937 0.3737
19.5983 0.3957 0.3765
19.6183 0.3977 0.3793
19.6384 0.3997 0.3821
19.6584 0.4018 0.3849
19.6784 0.4038 0.3877
19.6985 0.4059 0.3904
19.7185 0.4080 0.3932
19.7386 0.4100 0.3959
19.7586 0.4121 0.3986
19.7786 0.4141 0.4013
19.7987 0.4161 0.4039
19.8187 0.4181 0.4065
19.8388 0.4201 0.4090
19.8588 0.4220 0.4114
19.8788 0.4239 0.4138
19.8989 0.4257 0.4161
19.9189 0.4276 0.4183
19.9390 0.4293 0.4205
19.9590 0.4311 0.4226
19.9790 0.4327 0.4246
19.9991 0.4344 0.4265
20.0191 0.4360 0.4284
20.0392 0.4376 0.4303
20.0592 0.4392 0.4321
20.0792 0.4408 0.4338
20.0993 0.4424 0.4356
20.1193 0.4440 0.4373
20.1393 0.4455 0.4390
20.1594 0.4471 0.4408
20.1794 0.4487 0.4426
20.1995 0.4504 0.4444
20.2195 0.4520 0.4463
20.2395 0.4537 0.4482
20.2596 0.4553 0.4501
20.2796 0.4570 0.4521
20.2997 0.4587 0.4541
20.3197 0.4604 0.4562
20.3397 0.4621 0.4583
20.3598 0.4639 0.4605
20.3798 0.4656 0.4626
20.3999 0.4673 0.4648
20.4199 0.4691 0.4669
20.4399 0.4708 0.4691
20.4600 0.4726 0.4712
20.4800 0.4744 0.4733
20.5001 0.4762 0.4753
20.5201 0.4780 0.4774
20.5401 0.4799 0.4794
20.5602 0.4817 0.4813
20.5802 0.4836 0.4832
20.6002 0.4855 0.4851
20.6203 0.4875 0.4869
20.6403 0.4894 0.4887
20.6604 0.4913 0.4904
20.6804 0.4932 0.4921
20.7004 0.4951 0.4938
20.7205 0.4970 0.4954
20.7405 0.4989 0.4970
20.7606 0.5007 0.4986
20.7806 0.5025 0.5002
20.8006 0.5043 0.5017
20.8207 0.5061 0.5033
20.8407 0.5078 0.5049
20.8608 0.5095 0.5064
20.8808 0.5111 0.5080
20.9008 0.5127 0.5095
20.9209 0.5143 0.5110
20.9409 0.5158 0.5126
20.9610 0.5174 0.5141
20.9810 0.5188 0.5156
21.0010 0.5203 0.5170
21.0211 0.5217 0.5185
21.0411 0.5230 0.5199
21.0611 0.5244 0.5214
21.0812 0.5257 0.5228
21.1012 0.5270 0.5242
21.1213 0.5283 0.5256
21.1413 0.5295 0.5270
21.1613 0.5308 0.5285
21.1814 0.5320 0.5299
21.2014 0.5333 0.5314
21.2215 0.5345 0.5328
21.2415 0.5358 0.5343
21.2615 0.5371 0.5358
21.2816 0.5384 0.5374
21.3016 0.5397 0.5389
21.3217 0.5410 0.5404
21.3417 0.5423 0.5420
21.3617 0.5437 0.5435
21.3818 0.5450 0.5450
21.4018 0.5464 0.5466
21.4219 0.5477 0.5481
21.4419 0.5491 0.5496
21.4619 0.5505 0.5511
21.4820 0.5519 0.5525
21.5020 0.5533 0.5539
21.5221 0.5547 0.5554
21.5421 0.5561 0.5567
21.5621 0.5575 0.5581
21.5822 0.5589 0.5595
21.6022 0.5603 0.5608
21.6222 0.5617 0.5621
21.6423 0.5632 0.5634
21.6623 0.5646 0.5647
21.6824 0.5660 0.5660
21.7024 0.5675 0.5672
21.7224 0.5689 0.5685
21.7425 0.5703 0.5697
21.7625 0.5718 0.5709
21.7826 0.5732 0.5722
21.8026 0.5746 0.5734
21.8226 0.5761 0.5747
21.8427 0.5775 0.5759
21.8627 0.5789 0.5772
21.8828 0.5804 0.5784
21.9028 0.5818 0.5797
21.9228 0.5832 0.5810
21.9429 0.5847 0.5823
21.9629 0.5861 0.5836
21.9830 0.5875 0.5849
22.0030 0.5889 0.5863
22.0230 0.5903 0.5876
22.0431 0.5917 0.5890
22.0631 0.5931 0.5904
22.0831 0.5945 0.5917
22.1032 0.5959 0.5931
22.1232 0.5973 0.5945
22.1433 0.5986 0.5959
22.1633 0.6000 0.5972
22.1833 0.6013 0.5986
22.2034 0.6027 0.5999
22.2234 0.6040 0.6012
22.2435 0.6053 0.6025
22.2635 0.6066 0.6038
22.2835 0.6079 0.6051
22.3036 0.6092 0.6064
22.3236 0.6104 0.6076
22.3437 0.6117 0.6089
22.3637 0.6130 0.6101
22.3837 0.6142 0.6113
22.4038 0.6155 0.6126
22.4238 0.6167 0.6138
22.4439 0.6179 0.6150
22.4639 0.6192 0.6162
22.4839 0.6204 0.6173
22.5040 0.6216 0.6185
22.5240 0.6228 0.6197
22.5440 0.6239 0.6209
22.5641 0.6251 0.6220
22.5841 0.6262 0.6232
22.6042 0.6274 0.6243
22.6242 0.6285 0.6255
22.6442 0.6296 0.6266
22.6643 0.6307 0.6278
22.6843 0.6317 0.6289
22.7044 0.6328 0.6300
22.7244 0.6339 0.6312
22.7444 0.6349 0.6323
22.7645 0.6360 0.6335
22.7845 0.6371 0.6346
22.8046 0.6381 0.6358
22.8246 0.6392 0.6369
22.8446 0.6403 0.6380
22.8647 0.6413 0.6392
22.8847 0.6424 0.6403
22.9048 0.6435 0.6414
22.9248 0.6446 0.6425
22.9448 0.6457 0.6437
22.9649 0.6468 0.6448
22.9849 0.6479 0.6459
23.0049 0.6490 0.6470
23.0250 0.6501 0.6481
23.0450 0.6513 0.6492
23.0651 0.6524 0.6503
23.0851 0.6535 0.6513
23.1051 0.6546 0.6524
23.1252 0.6558 0.6535
23.1452 0.6569 0.6546
23.1653 0.6580 0.6556
23.1853 0.6591 0.6567
23.2053 0.6602 0.6577
23.2254 0.6613 0.6587
23.2454 0.6625 0.6598
23.2655 0.6636 0.6608
23.2855 0.6647 0.6618
23.3055 0.6658 0.6628
23.3256 0.6669 0.6638
23.3456 0.6679 0.6648
23.3657 0.6690 0.6658
23.3857 0.6701 0.6668
23.4057 0.6711 0.6678
23.4258 0.6722 0.6688
23.4458 0.6732 0.6698
23.4658 0.6742 0.6708
23.4859 0.6752 0.6718
23.5059 0.6762 0.6728
23.5260 0.6772 0.6737
23.5460 0.6782 0.6747
23.5660 0.6792 0.6757
23.5861 0.6802 0.6767
23.6061 0.6811 0.6776
23.6262 0.6821 0.6786
23.6462 0.6830 0.6796
23.6662 0.6840 0.6805
23.6863 0.6849 0.6814
23.7063 0.6858 0.6824
23.7264 0.6867 0.6833
23.7464 0.6877 0.6842
23.7664 0.6886 0.6851
23.7865 0.6895 0.6860
23.8065 0.6904 0.6869
23.8266 0.6913 0.6878
23.8466 0.6922 0.6887
23.8666 0.6930 0.6896
23.8867 0.6939 0.6904
23.9067 0.6948 0.6913
23.9267 0.6956 0.6922
23.9468 0.6965 0.6930
23.9668 0.6973 0.6939
23.9869 0.6981 0.6947
24.0069 0.6990 0.6955
24.0269 0.6998 0.6964
24.0470 0.7006 0.6972
24.0670 0.7014 0.6980
24.0871 0.7022 0.6988
24.1071 0.7030 0.6996
24.1271 0.7038 0.7004
24.1472 0.7046 0.7011
24.1672 0.7054 0.7019
24.1873 0.7062 0.7026
24.2073 0.7070 0.7033
24.2273 0.7078 0.7041
24.2474 0.7086 0.7048
24.2674 0.7094 0.7055
24.2875 0.7101 0.7061
24.3075 0.7109 0.7068
24.3275 0.7117 0.7075
24.3476 0.7124 0.7082
24.3676 0.7131 0.7088
24.3876 0.7139 0.7095
24.4077 0.7146 0.7102
24.4277 0.7153 0.7108
24.4478 0.7159 0.7115
24.4678 0.7166 0.7121
24.4878 0.7172 0.7128
24.5079 0.7179 0.7134
24.5279 0.7185 0.7140
24.5480 0.7191 0.7146
24.5680 0.7196 0.7153
24.5880 0.7202 0.7159
24.6081 0.7207 0.7165
24.6281 0.7213 0.7171
24.6482 0.7218 0.7177
24.6682 0.7223 0.7182
24.6882 0.7228 0.7188
24.7083 0.7232 0.7194
24.7283 0.7237 0.7200
24.7484 0.7241 0.7205
24.7684 0.7246 0.7211
24.7884 0.7250 0.7217
24.8085 0.7254 0.7222
24.8285 0.7258 0.7228
24.8485 0.7262 0.7233
24.8686 0.7266 0.7238
24.8886 0.7270 0.7244
24.9087 0.7274 0.7249
24.9287 0.7278 0.7254
24.9487 0.7282 0.7259
24.9688 0.7286 0.7264
24.9888 0.7290 0.7269
25.0089 0.7294 0.7274
25.0289 0.7298 0.7279
25.0489 0.7302 0.7283
25.0690 0.7306 0.7288
25.0890 0.7311 0.7292
25.1091 0.7315 0.7297
25.1291 0.7320 0.7301
25.1491 0.7324 0.7306
25.1692 0.7329 0.7310
25.1892 0.7334 0.7314
25.2093 0.7339 0.7318
25.2293 0.7344 0.7323
25.2493 0.7349 0.7327
25.2694 0.7354 0.7331
25.2894 0.7359 0.7335
25.3095 0.7364 0.7340
25.3295 0.7369 0.7344
25.3495 0.7374 0.7349
25.3696 0.7380 0.7353
25.3896 0.7385 0.7358
25.4096 0.7390 0.7363
25.4297 0.7395 0.7368
25.4497 0.7401 0.7374
25.4698 0.7406 0.7379
25.4898 0.7411 0.7385
25.5098 0.7416 0.7390
25.5299 0.7421 0.7396
25.5499 0.7426 0.7402
25.5700 0.7431 0.7408
25.5900 0.7436 0.7414
25.6100 0.7440 0.7420
25.6301 0.7445 0.7426
25.6501 0.7450 0.7432
25.6702 0.7454 0.7438
25.6902 0.7459 0.7444
25.7102 0.7463 0.7450
25.7303 0.7468 0.7456
25.7503 0.7473 0.7462
25.7704 0.7477 0.7467
25.7904 0.7482 0.7473
25.8104 0.7487 0.7479
25.8305 0.7492 0.7485
25.8505 0.7497 0.7491
25.8705 0.7502 0.7496
25.8906 0.7508 0.7502
25.9106 0.7513 0.7508
25.9307 0.7519 0.7514
25.9507 0.7524 0.7519
25.9707 0.7530 0.7525
25.9908 0.7536 0.7531
26.0108 0.7542 0.7537
26.0309 0.7548 0.7543
26.0509 0.7554 0.7548
26.0709 0.7560 0.7554
26.0910 0.7566 0.7560
26.1110 0.7572 0.7566
26.1311 0.7579 0.7571
26.1511 0.7585 0.7577
26.1711 0.7591 0.7583
26.1912 0.7597 0.7589
26.2112 0.7603 0.7594
26.2313 0.7609 0.7600
26.2513 0.7615 0.7606
26.2713 0.7621 0.7611
26.2914 0.7626 0.7617
26.3114 0.7632 0.7622
26.3314 0.7638 0.7628
26.3515 0.7644 0.7633
26.3715 0.7650 0.7638
26.3916 0.7655 0.7644
26.4116 0.7661 0.7649
26.4316 0.7667 0.7654
26.4517 0.7672 0.7659
26.4717 0.7678 0.7665
26.4918 0.7683 0.7670
26.5118 0.7689 0.7675
26.5318 0.7694 0.7680
26.5519 0.7699 0.7685
26.5719 0.7705 0.7690
26.5920 0.7710 0.7695
26.6120 0.7715 0.7700
26.6320 0.7720 0.7705
26.6521 0.7725 0.7710
26.6721 0.7730 0.7715
26.6922 0.7735 0.7720
26.7122 0.7739 0.7725
26.7322 0.7744 0.7730
26.7523 0.7749 0.7734
26.7723 0.7754 0.7739
26.7923 0.7758 0.7744
26.8124 0.7763 0.7748
26.8324 0.7767 0.7753
26.8525 0.7772 0.7758
26.8725 0.7776 0.7762
26.8925 0.7781 0.7766
26.9126 0.7785 0.7771
26.9326 0.7789 0.7775
26.9527 0.7794 0.7780
26.9727 0.7798 0.7784
26.9927 0.7803 0.7788
27.0128 0.7807 0.7792
27.0328 0.7811 0.7796
27.0529 0.7815 0.7801
27.0729 0.7820 0.7805
27.0929 0.7824 0.7809
27.1130 0.7828 0.7813
27.1330 0.7832 0.7817
27.1531 0.7836 0.7821
27.1731 0.7840 0.7825
27.1931 0.7844 0.7829
27.2132 0.7848 0.7833
27.2332 0.7852 0.7837
27.2532 0.7855 0.7841
27.2733 0.7859 0.7845
27.2933 0.7863 0.7849
27.3134 0.7866 0.7853
27.3334 0.7869 0.7856
27.3534 0.7873 0.7860
27.3735 0.7876 0.7864
27.3935 0.7880 0.7868
27.4136 0.7883 0.7872
27.4336 0.7886 0.7875
27.4536 0.7890 0.7879
27.4737 0.7893 0.7883
27.4937 0.7896 0.7886
27.5138 0.7900 0.7890
27.5338 0.7903 0.7894
27.5538 0.7907 0.7897
27.5739 0.7910 0.7901
27.5939 0.7914 0.7905
27.6140 0.7917 0.7909
27.6340 0.7921 0.7912
27.6540 0.7925 0.7916
27.6741 0.7929 0.7920
27.6941 0.7933 0.7924
27.7141 0.7936 0.7927
27.7342 0.7940 0.7931
27.7542 0.7944 0.7935
27.7743 0.7948 0.7939
27.7943 0.7952 0.7943
27.8143 0.7956 0.7947
27.8344 0.7960 0.7951
27.8544 0.7964 0.7955
27.8745 0.7968 0.7959
27.8945 0.7972 0.7963
27.9145 0.7976 0.7967
27.9346 0.7980 0.7971
27.9546 0.7985 0.7975
27.9747 0.7989 0.7979
27.9947 0.7993 0.7983
28.0147 0.7997 0.7987
28.0348 0.8001 0.7991
28.0548 0.8006 0.7995
28.0749 0.8010 0.7999
28.0949 0.8014 0.8003
28.1149 0.8019 0.8007
28.1350 0.8023 0.8011
28.1550 0.8027 0.8016
28.1750 0.8031 0.8020
28.1951 0.8035 0.8024
28.2151 0.8040 0.8028
28.2352 0.8044 0.8032
28.2552 0.8048 0.8036
28.2752 0.8052 0.8040
28.2953 0.8056 0.8044
28.3153 0.8060 0.8048
28.3354 0.8064 0.8052
28.3554 0.8068 0.8056
28.3754 0.8072 0.8060
28.3955 0.8076 0.8064
28.4155 0.8080 0.8068
28.4356 0.8083 0.8072
28.4556 0.8087 0.8076
28.4756 0.8091 0.8079
28.4957 0.8095 0.8083
28.5157 0.8098 0.8087
28.5358 0.8102 0.8091
28.5558 0.8105 0.8095
28.5758 0.8109 0.8099
28.5959 0.8113 0.8103
28.6159 0.8116 0.8107
28.6359 0.8120 0.8110
28.6560 0.8123 0.8114
28.6760 0.8127 0.8118
28.6961 0.8130 0.8122
28.7161 0.8134 0.8126
28.7361 0.8137 0.8129
28.7562 0.8141 0.8133
28.7762 0.8144 0.8137
28.7963 0.8148 0.8141
28.8163 0.8151 0.8144
28.8363 0.8155 0.8148
28.8564 0.8158 0.8151
28.8764 0.8162 0.8155
28.8965 0.8165 0.8159
28.9165 0.8169 0.8162
28.9365 0.8172 0.8166
28.9566 0.8176 0.8169
28.9766 0.8179 0.8173
28.9967 0.8183 0.8176
29.0167 0.8186 0.8179
29.0367 0.8190 0.8183
29.0568 0.8193 0.8186
29.0768 0.8197 0.8190
29.0969 0.8200 0.8193
29.1169 0.8203 0.8196
29.1369 0.8207 0.8200
29.1570 0.8210 0.8203
29.1770 0.8214 0.8206
29.1970 0.8217 0.8210
29.2171 0.8220 0.8213
29.2371 0.8224 0.8216
29.2572 0.8227 0.8220
29.2772 0.8231 0.8223
29.2972 0.8234 0.8226
29.3173 0.8237 0.8230
29.3373 0.8241 0.8233
29.3574 0.8244 0.8236
29.3774 0.8247 0.8239
29.3974 0.8251 0.8243
29.4175 0.8254 0.8246
29.4375 0.8257 0.8249
29.4576 0.8261 0.8252
29.4776 0.8264 0.8255
29.4976 0.8267 0.8259
29.5177 0.8270 0.8262
29.5377 0.8273 0.8265
29.5578 0.8277 0.8268
29.5778 0.8280 0.8271
29.5978 0.8283 0.8274
29.6179 0.8286 0.8277
29.6379 0.8289 0.8280
29.6579 0.8292 0.8283
29.6780 0.8295 0.8287
29.6980 0.8298 0.8290
29.7181 0.8301 0.8293
29.7381 0.8304 0.8296
29.7581 0.8307 0.8299
29.7782 0.8310 0.8302
29.7982 0.8313 0.8305
29.8183 0.8316 0.8308
29.8383 0.8319 0.8311
29.8583 0.8322 0.8314
29.8784 0.8325 0.8317
29.8984 0.8328 0.8320
29.9185 0.8330 0.8323
29.9385 0.8333 0.8326
29.9585 0.8336 0.8329
29.9786 0.8339 0.8332
29.9986 0.8342 0.8335
30.0187 0.8345 0.8338
30.0387 0.8348 0.8341
30.0587 0.8351 0.8344
30.0788 0.8353 0.8346
30.0988 0.8356 0.8349
30.1188 0.8359 0.8352
30.1389 0.8362 0.8355
30.1589 0.8365 0.8358
30.1790 0.8368 0.8361
30.1990 0.8371 0.8364
30.2190 0.8373 0.8367
30.2391 0.8376 0.8370
30.2591 0.8379 0.8373
30.2792 0.8382 0.8375
30.2992 0.8385 0.8378
30.3192 0.8388 0.8381
30.3393 0.8390 0.8384
30.3593 0.8393 0.8387
30.3794 0.8396 0.8390
30.3994 0.8399 0.8392
30.4194 0.8401 0.8395
30.4395 0.8404 0.8398
30.4595 0.8407 0.8401
30.4796 0.8410 0.8404
30.4996 0.8413 0.8406
30.5196 0.8415 0.8409
30.5397 0.8418 0.8412
30.5597 0.8421 0.8415
30.5797 0.8423 0.8417
30.5998 0.8426 0.8420
30.6198 0.8429 0.8423
30.6399 0.8431 0.8425
30.6599 0.8434 0.8428
30.6799 0.8437 0.8431
30.7000 0.8439 0.8433
30.7200 0.8442 0.8436
30.7401 0.8445 0.8438
30.7601 0.8447 0.8441
30.7801 0.8450 0.8444
30.8002 0.8452 0.8446
30.8202 0.8455 0.8449
30.8403 0.8457 0.8451
30.8603 0.8460 0.8454
30.8803 0.8463 0.8457
30.9004 0.8465 0.8459
30.9204 0.8468 0.8462
30.9405 0.8470 0.8464
30.9605 0.8473 0.8467
30.9805 0.8475 0.8470
31.0006 0.8478 0.8472
31.0206 0.8480 0.8475
31.0406 0.8483 0.8477
31.0607 0.8485 0.8480
31.0807 0.8488 0.8482
31.1008 0.8491 0.8485
31.1208 0.8493 0.8487
31.1408 0.8496 0.8490
31.1609 0.8498 0.8492
31.1809 0.8501 0.8495
31.2010 0.8503 0.8497
31.2210 0.8505 0.8500
31.2410 0.8508 0.8502
31.2611 0.8510 0.8505
31.2811 0.8513 0.8507
31.3012 0.8515 0.8510
31.3212 0.8518 0.8512
31.3412 0.8520 0.8515
31.3613 0.8523 0.8517
31.3813 0.8525 0.8519
31.4014 0.8527 0.8522
31.4214 0.8530 0.8524
31.4414 0.8532 0.8527
31.4615 0.8535 0.8529
31.4815 0.8537 0.8531
31.5015 0.8539 0.8534
31.5216 0.8542 0.8536
31.5416 0.8544 0.8538
31.5617 0.8546 0.8541
31.5817 0.8549 0.8543
31.6017 0.8551 0.8545
31.6218 0.8553 0.8548
31.6418 0.8556 0.8550
31.6619 0.8558 0.8552
31.6819 0.8560 0.8555
31.7019 0.8563 0.8557
31.7220 0.8565 0.8559
31.7420 0.8567 0.8561
31.7621 0.8569 0.8564
31.7821 0.8572 0.8566
31.8021 0.8574 0.8568
31.8222 0.8576 0.8570
31.8422 0.8578 0.8573
31.8623 0.8581 0.8575
31.8823 0.8583 0.8577
31.9023 0.8585 0.8579
31.9224 0.8587 0.8582
31.9424 0.8590 0.8584
31.9624 0.8592 0.8586
31.9825 0.8594 0.8588
32.0025 0.8596 0.8590
32.0226 0.8599 0.8593
32.0426 0.8601 0.8595
32.0626 0.8603 0.8597
32.0827 0.8605 0.8599
32.1027 0.8607 0.8601
32.1228 0.8609 0.8604
32.1428 0.8612 0.8606
32.1628 0.8614 0.8608
32.1829 0.8616 0.8610
32.2029 0.8618 0.8612
32.2230 0.8620 0.8615
32.2430 0.8622 0.8617
32.2630 0.8625 0.8619
32.2831 0.8627 0.8621
32.3031 0.8629 0.8623
32.3232 0.8631 0.8625
32.3432 0.8633 0.8627
32.3632 0.8635 0.8630
32.3833 0.8637 0.8632
32.4033 0.8639 0.8634
32.4233 0.8641 0.8636
32.4434 0.8643 0.8638
32.4634 0.8645 0.8640
32.4835 0.8648 0.8642
32.5035 0.8650 0.8644
32.5235 0.8652 0.8647
32.5436 0.8654 0.8649
32.5636 0.8656 0.8651
32.5837 0.8658 0.8653
32.6037 0.8660 0.8655
32.6237 0.8662 0.8657
32.6438 0.8664 0.8659
32.6638 0.8666 0.8661
32.6839 0.8668 0.8663
32.7039 0.8670 0.8665
32.7239 0.8672 0.8667
32.7440 0.8674 0.8669
32.7640 0.8676 0.8671
32.7841 0.8678 0.8673
32.8041 0.8680 0.8675
32.8241 0.8682 0.8677
32.8442 0.8684 0.8679
32.8642 0.8686 0.8681
32.8843 0.8688 0.8683
32.9043 0.8690 0.8685
32.9243 0.8692 0.8687
32.9444 0.8694 0.8689
32.9644 0.8696 0.8691
32.9844 0.8698 0.8693
33.0045 0.8700 0.8695
33.0245 0.8702 0.8697
33.0446 0.8704 0.8699
33.0646 0.8706 0.8701
33.0846 0.8708 0.8703
33.1047 0.8710 0.8705
33.1247 0.8711 0.8707
33.1448 0.8713 0.8709
33.1648 0.8715 0.8711
33.1848 0.8717 0.8713
33.2049 0.8719 0.8715
33.2249 0.8721 0.8716
33.2450 0.8723 0.8718
33.2650 0.8725 0.8720
33.2850 0.8727 0.8722
33.3051 0.8729 0.8724
33.3251 0.8730 0.8726
33.3452 0.8732 0.8728
33.3652 0.8734 0.8730
33.3852 0.8736 0.8732
33.4053 0.8738 0.8733
33.4253 0.8740 0.8735
33.4453 0.8742 0.8737
33.4654 0.8744 0.8739
33.4854 0.8745 0.8741
33.5055 0.8747 0.8743
33.5255 0.8749 0.8745
33.5455 0.8751 0.8746
33.5656 0.8753 0.8748
33.5856 0.8755 0.8750
33.6057 0.8756 0.8752
33.6257 0.8758 0.8754
33.6457 0.8760 0.8756
33.6658 0.8762 0.8757
33.6858 0.8764 0.8759
33.7059 0.8765 0.8761
33.7259 0.8767 0.8763
33.7459 0.8769 0.8765
33.7660 0.8771 0.8766
33.7860 0.8773 0.8768
33.8061 0.8774 0.8770
33.8261 0.8776 0.8772
33.8461 0.8778 0.8773
33.8662 0.8780 0.8775
33.8862 0.8781 0.8777
33.9062 0.8783 0.8779
33.9263 0.8785 0.8781
33.9463 0.8787 0.8782
33.9664 0.8788 0.8784
33.9864 0.8790 0.8786
34.0064 0.8792 0.8788
34.0265 0.8794 0.8789
34.0465 0.8795 0.8791
34.0666 0.8797 0.8793
34.0866 0.8799 0.8794
34.1066 0.8800 0.8796
34.1267 0.8802 0.8798
34.1467 0.8804 0.8800
34.1668 0.8806 0.8801
34.1868 0.8807 0.8803
34.2068 0.8809 0.8805
34.2269 0.8811 0.8806
34.2469 0.8812 0.8808
34.2670 0.8814 0.8810
34.2870 0.8816 0.8811
34.3070 0.8817 0.8813
34.3271 0.8819 0.8815
34.3471 0.8821 0.8816
34.3671 0.8822 0.8818
34.3872 0.8824 0.8820
34.4072 0.8826 0.8821
34.4273 0.8827 0.8823
34.4473 0.8829 0.8825
34.4673 0.8830 0.8826
34.4874 0.8832 0.8828
34.5074 0.8834 0.8830
34.5275 0.8835 0.8831
34.5475 0.8837 0.8833
34.5675 0.8839 0.8834
34.5876 0.8840 0.8836
34.6076 0.8842 0.8838
34.6277 0.8843 0.8839
34.6477 0.8845 0.8841
34.6677 0.8847 0.8843
34.6878 0.8848 0.8844
34.7078 0.8850 0.8846
34.7279 0.8851 0.8847
34.7479 0.8853 0.8849
34.7679 0.8855 0.8851
34.7880 0.8856 0.8852
34.8080 0.8858 0.8854
34.8280 0.8859 0.8855
34.8481 0.8861 0.8857
34.8681 0.8862 0.8858
34.8882 0.8864 0.8860
34.9082 0.8866 0.8862
34.9282 0.8867 0.8863
34.9483 0.8869 0.8865
34.9683 0.8870 0.8866
34.9884 0.8872 0.8868
35.0084 0.8873 0.8869
35.0284 0.8875 0.8871
35.0485 0.8876 0.8872
35.0685 0.8878 0.8874
35.0886 0.8879 0.8875
35.1086 0.8881 0.8877
35.1286 0.8882 0.8878
35.1487 0.8884 0.8880
35.1687 0.8885 0.8882
35.1888 0.8887 0.8883
35.2088 0.8888 0.8885
35.2288 0.8890 0.8886
35.2489 0.8891 0.8888
35.2689 0.8893 0.8889
35.2889 0.8894 0.8891
35.3090 0.8896 0.8892
35.3290 0.8897 0.8894
35.3491 0.8899 0.8895
35.3691 0.8900 0.8897
35.3891 0.8902 0.8898
35.4092 0.8903 0.8899
35.4292 0.8905 0.8901
35.4493 0.8906 0.8902
35.4693 0.8908 0.8904
35.4893 0.8909 0.8905
35.5094 0.8911 0.8907
35.5294 0.8912 0.8908
35.5495 0.8913 0.8910
35.5695 0.8915 0.8911
35.5895 0.8916 0.8913
35.6096 0.8918 0.8914
35.6296 0.8919 0.8916
35.6497 0.8921 0.8917
35.6697 0.8922 0.8918
35.6897 0.8924 0.8920
35.7098 0.8925 0.8921
35.7298 0.8926 0.8923
35.7498 0.8928 0.8924
35.7699 0.8929 0.8926
35.7899 0.8931 0.8927
35.8100 0.8932 0.8928
35.8300 0.8933 0.8930
35.8500 0.8935 0.8931
35.8701 0.8936 0.8933
35.8901 0.8938 0.8934
35.9102 0.8939 0.8935
35.9302 0.8940 0.8937
35.9502 0.8942 0.8938
35.9703 0.8943 0.8940
35.9903 0.8945 0.8941
36.0104 0.8946 0.8942
36.0304 0.8947 0.8944
36.0504 0.8949 0.8945
36.0705 0.8950 0.8946
36.0905 0.8951 0.8948
36.1106 0.8953 0.8949
36.1306 0.8954 0.8951
36.1506 0.8956 0.8952
36.1707 0.8957 0.8953
36.1907 0.8958 0.8955
36.2107 0.8960 0.8956
36.2308 0.8961 0.8957
36.2508 0.8962 0.8959
36.2709 0.8964 0.8960
36.2909 0.8965 0.8961
36.3109 0.8966 0.8963
36.3310 0.8968 0.8964
36.3510 0.8969 0.8965
36.3711 0.8970 0.8967
36.3911 0.8972 0.8968
36.4111 0.8973 0.8969
36.4312 0.8974 0.8971
36.4512 0.8976 0.8972
36.4713 0.8977 0.8973
36.4913 0.8978 0.8975
36.5113 0.8980 0.8976
36.5314 0.8981 0.8977
36.5514 0.8982 0.8979
36.5715 0.8983 0.8980
36.5915 0.8985 0.8981
36.6115 0.8986 0.8983
36.6316 0.8987 0.8984
36.6516 0.8989 0.8985
36.6717 0.8990 0.8986
36.6917 0.8991 0.8988
36.7117 0.8992 0.8989
36.7318 0.8994 0.8990
36.7518 0.8995 0.8992
36.7718 0.8996 0.8993
36.7919 0.8998 0.8994
36.8119 0.8999 0.8995
36.8320 0.9000 0.8997
36.8520 0.9001 0.8998
36.8720 0.9003 0.8999
36.8921 0.9004 0.9000
36.9121 0.9005 0.9002
36.9322 0.9006 0.9003
36.9522 0.9008 0.9004
36.9722 0.9009 0.9006
36.9923 0.9010 0.9007
37.0123 0.9011 0.9008
37.0324 0.9013 0.9009
37.0524 0.9014 0.9011
37.0724 0.9015 0.9012
37.0925 0.9016 0.9013
37.1125 0.9018 0.9014
37.1326 0.9019 0.9015
37.1526 0.9020 0.9017
37.1726 0.9021 0.9018
37.1927 0.9022 0.9019
37.2127 0.9024 0.9020
37.2327 0.9025 0.9022
37.2528 0.9026 0.9023
37.2728 0.9027 0.9024
37.2929 0.9028 0.9025
37.3129 0.9030 0.9026
37.3329 0.9031 0.9028
37.3530 0.9032 0.9029
37.3730 0.9033 0.9030
37.3931 0.9035 0.9031
37.4131 0.9036 0.9032
37.4331 0.9037 0.9034
37.4532 0.9038 0.9035
37.4732 0.9039 0.9036
37.4933 0.9040 0.9037
37.5133 0.9042 0.9038
37.5333 0.9043 0.9040
37.5534 0.9044 0.9041
37.5734 0.9045 0.9042
37.5935 0.9046 0.9043
37.6135 0.9048 0.9044
37.6335 0.9049 0.9046
37.6536 0.9050 0.9047
37.6736 0.9051 0.9048
37.6936 0.9052 0.9049
37.7137 0.9053 0.9050
37.7337 0.9054 0.9051
37.7538 0.9056 0.9053
37.7738 0.9057 0.9054
37.7938 0.9058 0.9055
37.8139 0.9059 0.9056
37.8339 0.9060 0.9057
37.8540 0.9061 0.9058
37.8740 0.9063 0.9059
37.8940 0.9064 0.9061
37.9141 0.9065 0.9062
37.9341 0.9066 0.9063
37.9542 0.9067 0.9064
37.9742 0.9068 0.9065
37.9942 0.9069 0.9066
38.0143 0.9070 0.9067
38.0343 0.9072 0.9069
38.0544 0.9073 0.9070
38.0744 0.9074 0.9071
38.0944 0.9075 0.9072
38.1145 0.9076 0.9073
38.1345 0.9077 0.9074
38.1545 0.9078 0.9075
38.1746 0.9079 0.9076
38.1946 0.9080 0.9077
38.2147 0.9082 0.9079
38.2347 0.9083 0.9080
38.2547 0.9084 0.9081
38.2748 0.9085 0.9082
38.2948 0.9086 0.9083
38.3149 0.9087 0.9084
38.3349 0.9088 0.9085
38.3549 0.9089 0.9086
38.3750 0.9090 0.9087
38.3950 0.9091 0.9088
38.4151 0.9093 0.9090
38.4351 0.9094 0.9091
38.4551 0.9095 0.9092
38.4752 0.9096 0.9093
38.4952 0.9097 0.9094
38.5153 0.9098 0.9095
38.5353 0.9099 0.9096
38.5553 0.9100 0.9097
38.5754 0.9101 0.9098
38.5954 0.9102 0.9099
38.6154 0.9103 0.9100
38.6355 0.9104 0.9101
38.6555 0.9105 0.9102
38.6756 0.9106 0.9104
38.6956 0.9107 0.9105
38.7156 0.9109 0.9106
38.7357 0.9110 0.9107
38.7557 0.9111 0.9108
38.7758 0.9112 0.9109
38.7958 0.9113 0.9110
38.8158 0.9114 0.9111
38.8359 0.9115 0.9112
38.8559 0.9116 0.9113
38.8760 0.9117 0.9114
38.8960 0.9118 0.9115
38.9160 0.9119 0.9116
38.9361 0.9120 0.9117
38.9561 0.9121 0.9118
38.9762 0.9122 0.9119
38.9962 0.9123 0.9120
39.0162 0.9124 0.9121
39.0363 0.9125 0.9122
39.0563 0.9126 0.9123
39.0763 0.9127 0.9124
39.0964 0.9128 0.9125
39.1164 0.9129 0.9126
39.1365 0.9130 0.9127
39.1565 0.9131 0.9128
39.1765 0.9132 0.9129
39.1966 0.9133 0.9130
39.2166 0.9134 0.9131
39.2367 0.9135 0.9132
39.2567 0.9136 0.9133
39.2767 0.9137 0.9134
39.2968 0.9138 0.9135
39.3168 0.9139 0.9136
39.3369 0.9140 0.9137
39.3569 0.9141 0.9138
39.3769 0.9142 0.9139
39.3970 0.9143 0.9140
39.4170 0.9144 0.9141
39.4371 0.9145 0.9142
39.4571 0.9146 0.9143
39.4771 0.9147 0.9144
39.4972 0.9148 0.9145
39.5172 0.9149 0.9146
39.5372 0.9150 0.9147
39.5573 0.9151 0.9148
39.5773 0.9152 0.9149
39.5974 0.9153 0.9150
39.6174 0.9154 0.9151
39.6374 0.9155 0.9152
39.6575 0.9156 0.9153
39.6775 0.9157 0.9154
39.6976 0.9158 0.9155
39.7176 0.9159 0.9156
39.7376 0.9160 0.9157
39.7577 0.9161 0.9158
39.7777 0.9162 0.9159
39.7978 0.9163 0.9160
39.8178 0.9164 0.9161
39.8378 0.9165 0.9162
39.8579 0.9165 0.9163
39.8779 0.9166 0.9164
39.8980 0.9167 0.9165
39.9180 0.9168 0.9166
39.9380 0.9169 0.9167
39.9581 0.9170 0.9168
39.9781 0.9171 0.9168
39.9981 0.9172 0.9169
40.0182 0.9173 0.9170
40.0382 0.9174 0.9171
40.0583 0.9175 0.9172
