0.0000 21.3405 21.3007
0.0173 21.2397 21.2128
0.0346 20.9402 20.9517
0.0519 20.4514 20.5249
0.0692 19.7882 19.9443
0.0865 18.9703 19.2261
0.1039 18.0214 18.3892
0.1212 16.9679 17.4551
0.1385 15.8376 16.4464
0.1558 14.6588 15.3859
0.1731 13.4588 14.2958
0.1904 12.2631 13.1970
0.2077 11.0946 12.1084
0.2250 9.9728 11.0465
0.2423 8.9136 10.0250
0.2596 7.9294 9.0547
0.2769 7.0284 8.1438
0.2943 6.2157 7.2980
0.3116 5.4930 6.5202
0.3289 4.8592 5.8116
0.3462 4.3111 5.1716
0.3635 3.8436 4.5981
0.3808 3.4503 4.0880
0.3981 3.1239 3.6373
0.4154 2.8566 3.2416
0.4327 2.6405 2.8961
0.4500 2.4678 2.5959
0.4673 2.3310 2.3362
0.4847 2.2232 2.1124
0.5020 2.1379 1.9199
0.5193 2.0695 1.7548
0.5366 2.0132 1.6133
0.5539 1.9647 1.4921
0.5712 1.9207 1.3882
0.5885 1.8785 1.2994
0.6058 1.8364 1.2233
0.6231 1.7930 1.1584
0.6404 1.7477 1.1031
0.6577 1.7004 1.0565
0.6751 1.6513 1.0174
0.6924 1.6011 0.9854
0.7097 1.5506 0.9597
0.7270 1.5009 0.9399
0.7443 1.4530 0.9256
0.7616 1.4080 0.9165
0.7789 1.3668 0.9122
0.7962 1.3303 0.9124
0.8135 1.2989 0.9168
0.8308 1.2730 0.9250
0.8481 1.2528 0.9368
0.8655 1.2381 0.9517
0.8828 1.2286 0.9696
0.9001 1.2239 0.9900
0.9174 1.2232 1.0127
0.9347 1.2259 1.0374
0.9520 1.2311 1.0638
0.9693 1.2379 1.0916
0.9866 1.2456 1.1207
1.0039 1.2535 1.1507
1.0212 1.2608 1.1813
1.0385 1.2669 1.2124
1.0559 1.2715 1.2435
1.0732 1.2741 1.2746
1.0905 1.2745 1.3052
1.1078 1.2726 1.3351
1.1251 1.2683 1.3641
1.1424 1.2617 1.3918
1.1597 1.2529 1.4181
1.1770 1.2420 1.4426
1.1943 1.2292 1.4651
1.2116 1.2147 1.4855
1.2289 1.1988 1.5036
1.2463 1.1817 1.5193
1.2636 1.1637 1.5325
1.2809 1.1450 1.5432
1.2982 1.1258 1.5514
1.3155 1.1064 1.5572
1.3328 1.0871 1.5606
1.3501 1.0681 1.5619
1.3674 1.0496 1.5612
1.3847 1.0319 1.5588
1.4020 1.0152 1.5549
1.4193 0.9996 1.5499
1.4367 0.9853 1.5441
1.4540 0.9725 1.5378
1.4713 0.9611 1.5312
1.4886 0.9513 1.5248
1.5059 0.9431 1.5187
1.5232 0.9365 1.5133
1.5405 0.9313 1.5087
1.5578 0.9276 1.5052
1.5751 0.9251 1.5028
1.5924 0.9238 1.5017
1.6097 0.9236 1.5018
1.6271 0.9244 1.5031
1.6444 0.9260 1.5056
1.6617 0.9283 1.5091
1.6790 0.9313 1.5136
1.6963 0.9348 1.5188
1.7136 0.9389 1.5246
1.7309 0.9434 1.5307
1.7482 0.9484 1.5370
1.7655 0.9539 1.5431
1.7828 0.9598 1.5489
1.8001 0.9661 1.5540
1.8174 0.9728 1.5582
1.8348 0.9799 1.5612
1.8521 0.9874 1.5628
1.8694 0.9953 1.5627
1.8867 1.0035 1.5605
1.9040 1.0120 1.5561
1.9213 1.0207 1.5491
1.9386 1.0297 1.5394
1.9559 1.0388 1.5267
1.9732 1.0479 1.5108
1.9905 1.0570 1.4917
2.0078 1.0661 1.4692
2.0252 1.0751 1.4434
2.0425 1.0839 1.4143
2.0598 1.0924 1.3821
2.0771 1.1007 1.3469
2.0944 1.1087 1.3090
2.1117 1.1163 1.2687
2.1290 1.1236 1.2265
2.1463 1.1305 1.1829
2.1636 1.1370 1.1383
2.1809 1.1431 1.0933
2.1982 1.1489 1.0485
2.2156 1.1542 1.0044
2.2329 1.1591 0.9617
2.2502 1.1636 0.9208
2.2675 1.1676 0.8822
2.2848 1.1712 0.8464
2.3021 1.1743 0.8137
2.3194 1.1768 0.7845
2.3367 1.1788 0.7588
2.3540 1.1803 0.7368
2.3713 1.1810 0.7186
2.3886 1.1812 0.7041
2.4060 1.1807 0.6931
2.4233 1.1795 0.6854
2.4406 1.1776 0.6808
2.4579 1.1751 0.6790
2.4752 1.1719 0.6797
2.4925 1.1680 0.6824
2.5098 1.1635 0.6869
2.5271 1.1584 0.6928
2.5444 1.1527 0.6996
2.5617 1.1464 0.7073
2.5790 1.1395 0.7153
2.5964 1.1321 0.7236
2.6137 1.1242 0.7318
2.6310 1.1158 0.7398
2.6483 1.1069 0.7475
2.6656 1.0977 0.7546
2.6829 1.0881 0.7612
2.7002 1.0783 0.7671
2.7175 1.0682 0.7722
2.7348 1.0581 0.7766
2.7521 1.0479 0.7803
2.7694 1.0379 0.7831
2.7868 1.0280 0.7850
2.8041 1.0184 0.7861
2.8214 1.0092 0.7862
2.8387 1.0005 0.7855
2.8560 0.9924 0.7839
2.8733 0.9849 0.7813
2.8906 0.9782 0.7779
2.9079 0.9723 0.7736
2.9252 0.9672 0.7684
2.9425 0.9630 0.7623
2.9598 0.9596 0.7555
2.9772 0.9571 0.7479
2.9945 0.9554 0.7396
3.0118 0.9544 0.7306
3.0291 0.9540 0.7211
3.0464 0.9542 0.7111
3.0637 0.9548 0.7007
3.0810 0.9556 0.6900
3.0983 0.9565 0.6791
3.1156 0.9574 0.6681
3.1329 0.9581 0.6571
3.1502 0.9584 0.6463
3.1676 0.9583 0.6356
3.1849 0.9575 0.6253
3.2022 0.9559 0.6154
3.2195 0.9535 0.6060
3.2368 0.9503 0.5972
3.2541 0.9461 0.5891
3.2714 0.9411 0.5818
3.2887 0.9351 0.5753
3.3060 0.9284 0.5696
3.3233 0.9209 0.5647
3.3406 0.9128 0.5607
3.3580 0.9041 0.5576
3.3753 0.8952 0.5554
3.3926 0.8861 0.5540
3.4099 0.8771 0.5533
3.4272 0.8682 0.5535
3.4445 0.8597 0.5544
3.4618 0.8518 0.5560
3.4791 0.8446 0.5582
3.4964 0.8383 0.5609
3.5137 0.8329 0.5642
3.5310 0.8285 0.5680
3.5484 0.8251 0.5722
3.5657 0.8228 0.5767
3.5830 0.8214 0.5815
3.6003 0.8210 0.5866
3.6176 0.8213 0.5918
3.6349 0.8223 0.5972
3.6522 0.8239 0.6028
3.6695 0.8258 0.6084
3.6868 0.8280 0.6141
3.7041 0.8302 0.6199
3.7214 0.8324 0.6257
3.7388 0.8345 0.6316
3.7561 0.8364 0.6375
3.7734 0.8380 0.6434
3.7907 0.8393 0.6494
3.8080 0.8402 0.6555
3.8253 0.8407 0.6615
3.8426 0.8409 0.6676
3.8599 0.8407 0.6737
3.8772 0.8401 0.6798
3.8945 0.8392 0.6858
3.9118 0.8379 0.6917
3.9292 0.8363 0.6975
3.9465 0.8343 0.7031
3.9638 0.8319 0.7084
3.9811 0.8292 0.7132
3.9984 0.8261 0.7177
4.0157 0.8226 0.7215
4.0330 0.8187 0.7247
4.0503 0.8144 0.7271
4.0676 0.8098 0.7286
4.0849 0.8048 0.7291
4.1022 0.7995 0.7286
4.1196 0.7940 0.7269
4.1369 0.7884 0.7240
4.1542 0.7826 0.7199
4.1715 0.7767 0.7145
4.1888 0.7709 0.7080
4.2061 0.7652 0.7003
4.2234 0.7596 0.6916
4.2407 0.7542 0.6820
4.2580 0.7490 0.6716
4.2753 0.7441 0.6606
4.2926 0.7394 0.6492
4.3100 0.7350 0.6377
4.3273 0.7309 0.6262
4.3446 0.7270 0.6150
4.3619 0.7234 0.6043
4.3792 0.7199 0.5942
4.3965 0.7167 0.5850
4.4138 0.7137 0.5769
4.4311 0.7108 0.5699
4.4484 0.7081 0.5641
4.4657 0.7057 0.5596
4.4830 0.7034 0.5564
4.5004 0.7014 0.5545
4.5177 0.6996 0.5539
4.5350 0.6981 0.5544
4.5523 0.6969 0.5560
4.5696 0.6960 0.5586
4.5869 0.6955 0.5619
4.6042 0.6953 0.5659
4.6215 0.6954 0.5705
4.6388 0.6958 0.5754
4.6561 0.6965 0.5806
4.6734 0.6975 0.5859
4.6908 0.6986 0.5911
4.7081 0.6999 0.5963
4.7254 0.7012 0.6012
4.7427 0.7025 0.6058
4.7600 0.7038 0.6101
4.7773 0.7050 0.6141
4.7946 0.7060 0.6176
4.8119 0.7068 0.6206
4.8292 0.7073 0.6233
4.8465 0.7076 0.6256
4.8638 0.7076 0.6275
4.8812 0.7073 0.6290
4.8985 0.7068 0.6302
4.9158 0.7060 0.6312
4.9331 0.7050 0.6321
4.9504 0.7038 0.6328
4.9677 0.7025 0.6334
4.9850 0.7012 0.6341
5.0023 0.6998 0.6348
5.0196 0.6984 0.6356
5.0369 0.6970 0.6367
5.0542 0.6958 0.6379
5.0715 0.6946 0.6395
5.0889 0.6936 0.6413
5.1062 0.6928 0.6435
5.1235 0.6921 0.6459
5.1408 0.6917 0.6487
5.1581 0.6914 0.6518
5.1754 0.6913 0.6552
5.1927 0.6915 0.6588
5.2100 0.6918 0.6627
5.2273 0.6923 0.6666
5.2446 0.6930 0.6707
5.2619 0.6938 0.6748
5.2793 0.6948 0.6790
5.2966 0.6959 0.6830
5.3139 0.6970 0.6869
5.3312 0.6983 0.6906
5.3485 0.6995 0.6942
5.3658 0.7007 0.6974
5.3831 0.7018 0.7004
5.4004 0.7028 0.7030
5.4177 0.7037 0.7054
5.4350 0.7044 0.7074
5.4523 0.7049 0.7091
5.4697 0.7053 0.7105
5.4870 0.7054 0.7117
5.5043 0.7053 0.7126
5.5216 0.7051 0.7134
5.5389 0.7046 0.7140
5.5562 0.7041 0.7145
5.5735 0.7035 0.7149
5.5908 0.7028 0.7154
5.6081 0.7021 0.7159
5.6254 0.7015 0.7165
5.6427 0.7010 0.7171
5.6601 0.7007 0.7179
5.6774 0.7006 0.7189
5.6947 0.7007 0.7200
5.7120 0.7012 0.7212
5.7293 0.7019 0.7226
5.7466 0.7030 0.7241
5.7639 0.7045 0.7257
5.7812 0.7063 0.7273
5.7985 0.7085 0.7290
5.8158 0.7110 0.7308
5.8331 0.7139 0.7325
5.8505 0.7171 0.7342
5.8678 0.7205 0.7358
5.8851 0.7242 0.7374
5.9024 0.7281 0.7388
5.9197 0.7321 0.7402
5.9370 0.7362 0.7415
5.9543 0.7403 0.7428
5.9716 0.7445 0.7440
5.9889 0.7485 0.7451
6.0062 0.7525 0.7462
6.0235 0.7563 0.7473
6.0409 0.7599 0.7485
6.0582 0.7634 0.7497
6.0755 0.7665 0.7511
6.0928 0.7695 0.7525
6.1101 0.7722 0.7540
6.1274 0.7746 0.7557
6.1447 0.7768 0.7576
6.1620 0.7787 0.7596
6.1793 0.7805 0.7617
6.1966 0.7820 0.7640
6.2139 0.7834 0.7664
6.2313 0.7847 0.7690
6.2486 0.7858 0.7716
6.2659 0.7868 0.7744
6.2832 0.7878 0.7772
6.3005 0.7887 0.7800
6.3178 0.7896 0.7829
6.3351 0.7905 0.7858
6.3524 0.7915 0.7887
6.3697 0.7924 0.7916
6.3870 0.7935 0.7944
6.4043 0.7946 0.7972
6.4217 0.7958 0.8000
6.4390 0.7971 0.8027
6.4563 0.7985 0.8053
6.4736 0.8000 0.8079
6.4909 0.8016 0.8105
6.5082 0.8034 0.8130
6.5255 0.8052 0.8154
6.5428 0.8072 0.8178
6.5601 0.8093 0.8202
6.5774 0.8114 0.8225
6.5947 0.8137 0.8249
6.6121 0.8160 0.8272
6.6294 0.8184 0.8295
6.6467 0.8209 0.8319
6.6640 0.8234 0.8342
6.6813 0.8259 0.8366
6.6986 0.8284 0.8390
6.7159 0.8310 0.8415
6.7332 0.8336 0.8439
6.7505 0.8361 0.8465
6.7678 0.8386 0.8490
6.7851 0.8411 0.8516
6.8025 0.8436 0.8542
6.8198 0.8460 0.8568
6.8371 0.8484 0.8595
6.8544 0.8507 0.8621
6.8717 0.8530 0.8647
6.8890 0.8552 0.8673
6.9063 0.8573 0.8698
6.9236 0.8594 0.8724
6.9409 0.8615 0.8748
6.9582 0.8635 0.8772
6.9755 0.8654 0.8796
6.9929 0.8672 0.8819
7.0102 0.8690 0.8842
7.0275 0.8708 0.8863
7.0448 0.8724 0.8885
7.0621 0.8740 0.8905
7.0794 0.8755 0.8925
7.0967 0.8770 0.8944
7.1140 0.8783 0.8962
7.1313 0.8796 0.8980
7.1486 0.8808 0.8997
7.1659 0.8820 0.9014
7.1833 0.8831 0.9029
7.2006 0.8842 0.9044
7.2179 0.8852 0.9058
7.2352 0.8861 0.9072
7.2525 0.8871 0.9085
7.2698 0.8880 0.9097
7.2871 0.8889 0.9108
7.3044 0.8898 0.9119
7.3217 0.8908 0.9129
7.3390 0.8918 0.9138
7.3563 0.8928 0.9148
7.3737 0.8939 0.9157
7.3910 0.8950 0.9166
7.4083 0.8963 0.9175
7.4256 0.8976 0.9184
7.4429 0.8990 0.9193
7.4602 0.9005 0.9203
7.4775 0.9021 0.9213
7.4948 0.9039 0.9224
7.5121 0.9057 0.9235
7.5294 0.9076 0.9246
7.5467 0.9096 0.9259
7.5641 0.9116 0.9271
7.5814 0.9137 0.9284
7.5987 0.9159 0.9298
7.6160 0.9181 0.9311
7.6333 0.9204 0.9325
7.6506 0.9226 0.9339
7.6679 0.9248 0.9352
7.6852 0.9270 0.9366
7.7025 0.9292 0.9379
7.7198 0.9313 0.9392
7.7371 0.9334 0.9404
7.7545 0.9354 0.9416
7.7718 0.9373 0.9428
7.7891 0.9391 0.9439
7.8064 0.9409 0.9449
7.8237 0.9426 0.9459
7.8410 0.9442 0.9469
7.8583 0.9458 0.9478
7.8756 0.9473 0.9486
7.8929 0.9488 0.9495
7.9102 0.9502 0.9502
7.9275 0.9515 0.9510
7.9449 0.9529 0.9517
7.9622 0.9541 0.9525
7.9795 0.9553 0.9532
7.9968 0.9565 0.9539
8.0141 0.9576 0.9547
8.0314 0.9586 0.9554
8.0487 0.9596 0.9562
8.0660 0.9605 0.9570
8.0833 0.9613 0.9578
8.1006 0.9619 0.9586
8.1179 0.9625 0.9594
8.1353 0.9630 0.9603
8.1526 0.9634 0.9612
8.1699 0.9637 0.9621
8.1872 0.9639 0.9630
8.2045 0.9641 0.9640
8.2218 0.9642 0.9649
8.2391 0.9642 0.9659
8.2564 0.9643 0.9669
8.2737 0.9643 0.9678
8.2910 0.9644 0.9688
8.3083 0.9645 0.9697
8.3256 0.9647 0.9706
8.3430 0.9650 0.9714
8.3603 0.9655 0.9723
8.3776 0.9660 0.9731
8.3949 0.9667 0.9738
8.4122 0.9676 0.9745
8.4295 0.9686 0.9752
8.4468 0.9697 0.9759
8.4641 0.9710 0.9765
8.4814 0.9725 0.9771
8.4987 0.9741 0.9777
8.5160 0.9757 0.9783
8.5334 0.9775 0.9789
8.5507 0.9793 0.9795
8.5680 0.9812 0.9801
8.5853 0.9831 0.9808
8.6026 0.9849 0.9814
8.6199 0.9867 0.9821
8.6372 0.9885 0.9828
8.6545 0.9901 0.9835
8.6718 0.9916 0.9842
8.6891 0.9929 0.9849
8.7064 0.9941 0.9856
8.7238 0.9951 0.9862
8.7411 0.9960 0.9869
8.7584 0.9966 0.9875
8.7757 0.9971 0.9880
8.7930 0.9973 0.9886
8.8103 0.9974 0.9890
8.8276 0.9973 0.9894
8.8449 0.9971 0.9897
8.8622 0.9967 0.9900
8.8795 0.9961 0.9902
8.8968 0.9955 0.9903
8.9142 0.9947 0.9904
8.9315 0.9938 0.9904
8.9488 0.9929 0.9903
8.9661 0.9920 0.9902
8.9834 0.9910 0.9900
9.0007 0.9899 0.9898
9.0180 0.9888 0.9894
9.0353 0.9877 0.9890
9.0526 0.9866 0.9885
9.0699 0.9855 0.9879
9.0872 0.9843 0.9872
9.1046 0.9831 0.9865
9.1219 0.9819 0.9856
9.1392 0.9807 0.9846
9.1565 0.9794 0.9835
9.1738 0.9781 0.9823
9.1911 0.9768 0.9811
9.2084 0.9755 0.9797
9.2257 0.9741 0.9783
9.2430 0.9728 0.9768
9.2603 0.9715 0.9753
9.2776 0.9701 0.9737
9.2950 0.9689 0.9721
9.3123 0.9676 0.9705
9.3296 0.9664 0.9688
9.3469 0.9653 0.9672
9.3642 0.9642 0.9657
9.3815 0.9632 0.9641
9.3988 0.9623 0.9627
9.4161 0.9614 0.9613
9.4334 0.9605 0.9599
9.4507 0.9597 0.9587
9.4680 0.9589 0.9575
9.4854 0.9581 0.9564
9.5027 0.9573 0.9554
9.5200 0.9565 0.9546
9.5373 0.9557 0.9538
9.5546 0.9549 0.9531
9.5719 0.9540 0.9525
9.5892 0.9531 0.9520
9.6065 0.9521 0.9516
9.6238 0.9511 0.9512
9.6411 0.9501 0.9509
9.6584 0.9491 0.9507
9.6758 0.9481 0.9505
9.6931 0.9470 0.9503
9.7104 0.9460 0.9501
9.7277 0.9450 0.9499
9.7450 0.9440 0.9497
9.7623 0.9430 0.9494
9.7796 0.9420 0.9490
9.7969 0.9410 0.9486
9.8142 0.9400 0.9481
9.8315 0.9389 0.9474
9.8488 0.9379 0.9467
9.8662 0.9367 0.9458
9.8835 0.9355 0.9448
9.9008 0.9343 0.9437
9.9181 0.9329 0.9425
9.9354 0.9314 0.9412
9.9527 0.9298 0.9398
9.9700 0.9281 0.9384
9.9873 0.9263 0.9370
10.0046 0.9244 0.9356
10.0219 0.9225 0.9342
10.0392 0.9205 0.9329
10.0566 0.9185 0.9317
10.0739 0.9165 0.9307
10.0912 0.9146 0.9297
10.1085 0.9128 0.9289
10.1258 0.9110 0.9282
10.1431 0.9094 0.9276
10.1604 0.9079 0.9272
10.1777 0.9066 0.9268
10.1950 0.9055 0.9265
10.2123 0.9047 0.9263
10.2296 0.9040 0.9261
10.2470 0.9035 0.9259
10.2643 0.9033 0.9257
10.2816 0.9032 0.9255
10.2989 0.9033 0.9252
10.3162 0.9036 0.9248
10.3335 0.9041 0.9244
10.3508 0.9047 0.9239
10.3681 0.9054 0.9233
10.3854 0.9062 0.9227
10.4027 0.9071 0.9220
10.4200 0.9080 0.9213
10.4374 0.9090 0.9206
10.4547 0.9099 0.9198
10.4720 0.9109 0.9191
10.4893 0.9119 0.9184
10.5066 0.9128 0.9177
10.5239 0.9137 0.9170
10.5412 0.9145 0.9163
10.5585 0.9152 0.9158
10.5758 0.9159 0.9152
10.5931 0.9165 0.9148
10.6104 0.9169 0.9143
10.6278 0.9174 0.9140
10.6451 0.9177 0.9137
10.6624 0.9179 0.9134
10.6797 0.9180 0.9132
10.6970 0.9181 0.9130
10.7143 0.9181 0.9129
10.7316 0.9179 0.9129
10.7489 0.9178 0.9129
10.7662 0.9175 0.9129
10.7835 0.9172 0.9130
10.8008 0.9168 0.9132
10.8182 0.9164 0.9133
10.8355 0.9159 0.9135
10.8528 0.9154 0.9138
10.8701 0.9149 0.9140
10.8874 0.9144 0.9143
10.9047 0.9138 0.9145
10.9220 0.9132 0.9148
10.9393 0.9127 0.9151
10.9566 0.9121 0.9153
10.9739 0.9116 0.9155
10.9912 0.9110 0.9158
11.0086 0.9105 0.9160
11.0259 0.9100 0.9161
11.0432 0.9095 0.9163
11.0605 0.9091 0.9165
11.0778 0.9087 0.9168
11.0951 0.9083 0.9170
11.1124 0.9079 0.9173
11.1297 0.9076 0.9177
11.1470 0.9074 0.9182
11.1643 0.9071 0.9188
11.1816 0.9070 0.9195
11.1990 0.9069 0.9203
11.2163 0.9068 0.9212
11.2336 0.9069 0.9223
11.2509 0.9069 0.9234
11.2682 0.9070 0.9247
11.2855 0.9072 0.9260
11.3028 0.9074 0.9275
11.3201 0.9077 0.9290
11.3374 0.9079 0.9305
11.3547 0.9083 0.9320
11.3720 0.9086 0.9335
11.3894 0.9090 0.9350
11.4067 0.9093 0.9365
11.4240 0.9097 0.9378
11.4413 0.9101 0.9391
11.4586 0.9106 0.9403
11.4759 0.9110 0.9414
11.4932 0.9114 0.9424
11.5105 0.9118 0.9432
11.5278 0.9123 0.9439
11.5451 0.9127 0.9446
11.5624 0.9131 0.9451
11.5797 0.9135 0.9455
11.5971 0.9139 0.9458
11.6144 0.9143 0.9460
11.6317 0.9147 0.9461
11.6490 0.9150 0.9461
11.6663 0.9153 0.9461
11.6836 0.9157 0.9460
11.7009 0.9160 0.9459
11.7182 0.9163 0.9458
11.7355 0.9166 0.9456
11.7528 0.9169 0.9455
11.7701 0.9172 0.9453
11.7875 0.9176 0.9452
11.8048 0.9180 0.9451
11.8221 0.9185 0.9450
11.8394 0.9190 0.9449
11.8567 0.9195 0.9449
11.8740 0.9202 0.9448
11.8913 0.9208 0.9448
11.9086 0.9216 0.9449
11.9259 0.9223 0.9449
11.9432 0.9231 0.9450
11.9605 0.9239 0.9451
11.9779 0.9247 0.9451
11.9952 0.9255 0.9452
12.0125 0.9263 0.9454
12.0298 0.9270 0.9455
12.0471 0.9276 0.9456
12.0644 0.9282 0.9458
12.0817 0.9287 0.9460
12.0990 0.9291 0.9462
12.1163 0.9294 0.9464
12.1336 0.9296 0.9466
12.1509 0.9297 0.9469
12.1683 0.9297 0.9472
12.1856 0.9297 0.9475
12.2029 0.9296 0.9479
12.2202 0.9295 0.9482
12.2375 0.9294 0.9485
12.2548 0.9292 0.9488
12.2721 0.9290 0.9490
12.2894 0.9288 0.9491
12.3067 0.9286 0.9490
12.3240 0.9285 0.9489
12.3413 0.9284 0.9485
12.3587 0.9282 0.9480
12.3760 0.9281 0.9472
12.3933 0.9280 0.9461
12.4106 0.9280 0.9447
12.4279 0.9279 0.9430
12.4452 0.9278 0.9409
12.4625 0.9276 0.9385
12.4798 0.9274 0.9358
12.4971 0.9272 0.9327
12.5144 0.9269 0.9293
12.5317 0.9265 0.9256
12.5491 0.9259 0.9216
12.5664 0.9253 0.9174
12.5837 0.9245 0.9130
12.6010 0.9236 0.9084
12.6183 0.9226 0.9038
12.6356 0.9213 0.8991
12.6529 0.9200 0.8945
12.6702 0.9184 0.8899
12.6875 0.9166 0.8855
12.7048 0.9147 0.8812
12.7221 0.9127 0.8771
12.7395 0.9105 0.8733
12.7568 0.9081 0.8697
12.7741 0.9057 0.8664
12.7914 0.9031 0.8634
12.8087 0.9004 0.8607
12.8260 0.8977 0.8582
12.8433 0.8950 0.8560
12.8606 0.8923 0.8539
12.8779 0.8896 0.8521
12.8952 0.8869 0.8505
12.9125 0.8843 0.8490
12.9299 0.8819 0.8476
12.9472 0.8795 0.8463
12.9645 0.8773 0.8451
12.9818 0.8752 0.8440
12.9991 0.8733 0.8429
13.0164 0.8716 0.8418
13.0337 0.8700 0.8407
13.0510 0.8686 0.8396
13.0683 0.8674 0.8384
13.0856 0.8664 0.8372
13.1029 0.8654 0.8359
13.1203 0.8647 0.8346
13.1376 0.8640 0.8331
13.1549 0.8634 0.8315
13.1722 0.8629 0.8297
13.1895 0.8624 0.8278
13.2068 0.8619 0.8257
13.2241 0.8613 0.8234
13.2414 0.8607 0.8209
13.2587 0.8601 0.8182
13.2760 0.8593 0.8153
13.2933 0.8585 0.8122
13.3107 0.8575 0.8089
13.3280 0.8564 0.8054
13.3453 0.8551 0.8018
13.3626 0.8536 0.7981
13.3799 0.8520 0.7943
13.3972 0.8502 0.7903
13.4145 0.8482 0.7863
13.4318 0.8460 0.7823
13.4491 0.8436 0.7782
13.4664 0.8410 0.7740
13.4837 0.8383 0.7699
13.5011 0.8353 0.7657
13.5184 0.8320 0.7615
13.5357 0.8286 0.7573
13.5530 0.8249 0.7530
13.5703 0.8210 0.7488
13.5876 0.8169 0.7445
13.6049 0.8125 0.7402
13.6222 0.8079 0.7359
13.6395 0.8032 0.7317
13.6568 0.7983 0.7274
13.6741 0.7932 0.7232
13.6915 0.7880 0.7191
13.7088 0.7826 0.7150
13.7261 0.7772 0.7111
13.7434 0.7718 0.7073
13.7607 0.7663 0.7037
13.7780 0.7608 0.7002
13.7953 0.7553 0.6970
13.8126 0.7498 0.6940
13.8299 0.7444 0.6912
13.8472 0.7390 0.6887
13.8645 0.7337 0.6864
13.8819 0.7285 0.6843
13.8992 0.7233 0.6825
13.9165 0.7182 0.6810
13.9338 0.7132 0.6796
13.9511 0.7083 0.6785
13.9684 0.7035 0.6776
13.9857 0.6988 0.6768
14.0030 0.6943 0.6762
14.0203 0.6900 0.6757
14.0376 0.6858 0.6753
14.0549 0.6818 0.6751
14.0723 0.6781 0.6749
14.0896 0.6745 0.6748
14.1069 0.6712 0.6748
14.1242 0.6682 0.6747
14.1415 0.6654 0.6748
14.1588 0.6628 0.6748
14.1761 0.6605 0.6749
14.1934 0.6584 0.6749
14.2107 0.6566 0.6749
14.2280 0.6549 0.6750
14.2453 0.6534 0.6749
14.2627 0.6521 0.6749
14.2800 0.6509 0.6748
14.2973 0.6499 0.6746
14.3146 0.6489 0.6744
14.3319 0.6480 0.6741
14.3492 0.6471 0.6738
14.3665 0.6463 0.6735
14.3838 0.6455 0.6731
14.4011 0.6448 0.6727
14.4184 0.6441 0.6723
14.4357 0.6434 0.6718
14.4531 0.6427 0.6714
14.4704 0.6421 0.6710
14.4877 0.6416 0.6705
14.5050 0.6411 0.6701
14.5223 0.6407 0.6698
14.5396 0.6404 0.6694
14.5569 0.6402 0.6691
14.5742 0.6401 0.6688
14.5915 0.6401 0.6685
14.6088 0.6402 0.6683
14.6261 0.6404 0.6680
14.6435 0.6407 0.6678
14.6608 0.6411 0.6675
14.6781 0.6415 0.6673
14.6954 0.6421 0.6670
14.7127 0.6427 0.6667
14.7300 0.6433 0.6663
14.7473 0.6440 0.6659
14.7646 0.6447 0.6655
14.7819 0.6454 0.6650
14.7992 0.6461 0.6646
14.8165 0.6468 0.6641
14.8338 0.6475 0.6636
14.8512 0.6482 0.6631
14.8685 0.6488 0.6626
14.8858 0.6495 0.6621
14.9031 0.6501 0.6617
14.9204 0.6508 0.6614
14.9377 0.6514 0.6611
14.9550 0.6520 0.6608
14.9723 0.6526 0.6607
14.9896 0.6532 0.6606
15.0069 0.6537 0.6606
15.0242 0.6543 0.6607
15.0416 0.6549 0.6609
15.0589 0.6554 0.6612
15.0762 0.6560 0.6616
15.0935 0.6566 0.6620
15.1108 0.6571 0.6626
15.1281 0.6577 0.6633
15.1454 0.6583 0.6640
15.1627 0.6588 0.6648
15.1800 0.6594 0.6658
15.1973 0.6600 0.6668
15.2146 0.6607 0.6679
15.2320 0.6613 0.6690
15.2493 0.6620 0.6703
15.2666 0.6627 0.6715
15.2839 0.6634 0.6729
15.3012 0.6642 0.6743
15.3185 0.6650 0.6757
15.3358 0.6659 0.6772
15.3531 0.6667 0.6787
15.3704 0.6677 0.6802
15.3877 0.6686 0.6817
15.4050 0.6697 0.6832
15.4224 0.6707 0.6848
15.4397 0.6718 0.6863
15.4570 0.6729 0.6878
15.4743 0.6740 0.6892
15.4916 0.6751 0.6907
15.5089 0.6763 0.6921
15.5262 0.6775 0.6935
15.5435 0.6786 0.6949
15.5608 0.6798 0.6963
15.5781 0.6810 0.6977
15.5954 0.6822 0.6990
15.6128 0.6834 0.7003
15.6301 0.6846 0.7016
15.6474 0.6858 0.7029
15.6647 0.6870 0.7042
15.6820 0.6881 0.7054
15.6993 0.6893 0.7066
15.7166 0.6905 0.7078
15.7339 0.6916 0.7089
15.7512 0.6927 0.7100
15.7685 0.6938 0.7111
15.7858 0.6949 0.7122
15.8032 0.6960 0.7132
15.8205 0.6970 0.7143
15.8378 0.6980 0.7153
15.8551 0.6990 0.7162
15.8724 0.7000 0.7172
15.8897 0.7010 0.7181
15.9070 0.7019 0.7191
15.9243 0.7029 0.7200
15.9416 0.7038 0.7209
15.9589 0.7047 0.7218
15.9762 0.7055 0.7228
15.9936 0.7064 0.7237
16.0109 0.7073 0.7246
16.0282 0.7082 0.7255
16.0455 0.7090 0.7263
16.0628 0.7099 0.7272
16.0801 0.7107 0.7281
16.0974 0.7116 0.7290
16.1147 0.7125 0.7299
16.1320 0.7133 0.7307
16.1493 0.7142 0.7316
16.1666 0.7151 0.7324
16.1840 0.7160 0.7333
16.2013 0.7169 0.7341
16.2186 0.7178 0.7349
16.2359 0.7187 0.7358
16.2532 0.7197 0.7366
16.2705 0.7206 0.7374
16.2878 0.7215 0.7383
16.3051 0.7225 0.7391
16.3224 0.7234 0.7399
16.3397 0.7244 0.7407
16.3570 0.7254 0.7416
16.3744 0.7263 0.7424
16.3917 0.7273 0.7432
16.4090 0.7283 0.7440
16.4263 0.7292 0.7449
16.4436 0.7302 0.7457
16.4609 0.7311 0.7465
16.4782 0.7321 0.7473
16.4955 0.7331 0.7482
16.5128 0.7340 0.7490
16.5301 0.7350 0.7498
16.5474 0.7359 0.7506
16.5648 0.7369 0.7514
16.5821 0.7378 0.7522
16.5994 0.7387 0.7530
16.6167 0.7396 0.7537
16.6340 0.7405 0.7545
16.6513 0.7414 0.7553
16.6686 0.7423 0.7560
16.6859 0.7432 0.7567
16.7032 0.7441 0.7575
16.7205 0.7449 0.7582
16.7378 0.7458 0.7589
16.7552 0.7467 0.7596
16.7725 0.7476 0.7604
16.7898 0.7485 0.7611
16.8071 0.7493 0.7618
16.8244 0.7502 0.7625
16.8417 0.7511 0.7632
16.8590 0.7521 0.7639
16.8763 0.7530 0.7646
16.8936 0.7539 0.7653
16.9109 0.7549 0.7660
16.9282 0.7559 0.7667
16.9456 0.7568 0.7674
16.9629 0.7578 0.7681
16.9802 0.7589 0.7688
16.9975 0.7599 0.7695
17.0148 0.7609 0.7702
17.0321 0.7620 0.7709
17.0494 0.7630 0.7716
17.0667 0.7641 0.7723
17.0840 0.7651 0.7730
17.1013 0.7662 0.7738
17.1186 0.7672 0.7745
17.1360 0.7683 0.7752
17.1533 0.7693 0.7759
17.1706 0.7703 0.7767
17.1879 0.7713 0.7774
17.2052 0.7723 0.7781
17.2225 0.7733 0.7789
17.2398 0.7742 0.7796
17.2571 0.7752 0.7804
17.2744 0.7761 0.7811
17.2917 0.7770 0.7819
17.3090 0.7779 0.7827
17.3264 0.7787 0.7834
17.3437 0.7796 0.7842
17.3610 0.7804 0.7850
17.3783 0.7812 0.7857
17.3956 0.7821 0.7865
17.4129 0.7829 0.7873
17.4302 0.7837 0.7880
17.4475 0.7845 0.7888
17.4648 0.7853 0.7896
17.4821 0.7861 0.7903
17.4994 0.7869 0.7911
17.5168 0.7877 0.7918
17.5341 0.7885 0.7925
17.5514 0.7893 0.7932
17.5687 0.7901 0.7940
17.5860 0.7909 0.7947
17.6033 0.7917 0.7954
17.6206 0.7925 0.7961
17.6379 0.7933 0.7968
17.6552 0.7941 0.7975
17.6725 0.7950 0.7982
17.6898 0.7958 0.7989
17.7072 0.7966 0.7996
17.7245 0.7974 0.8003
17.7418 0.7982 0.8010
17.7591 0.7990 0.8017
17.7764 0.7998 0.8024
17.7937 0.8006 0.8031
17.8110 0.8013 0.8038
17.8283 0.8021 0.8045
17.8456 0.8029 0.8052
17.8629 0.8036 0.8059
17.8802 0.8043 0.8066
17.8976 0.8051 0.8073
17.9149 0.8058 0.8080
17.9322 0.8065 0.8087
17.9495 0.8072 0.8095
17.9668 0.8079 0.8102
17.9841 0.8087 0.8109
18.0014 0.8094 0.8117
18.0187 0.8100 0.8124
18.0360 0.8107 0.8131
18.0533 0.8114 0.8139
18.0706 0.8121 0.8146
18.0879 0.8128 0.8153
18.1053 0.8135 0.8161
18.1226 0.8142 0.8168
18.1399 0.8148 0.8175
18.1572 0.8155 0.8182
18.1745 0.8162 0.8189
18.1918 0.8168 0.8197
18.2091 0.8175 0.8204
18.2264 0.8182 0.8211
18.2437 0.8188 0.8218
18.2610 0.8195 0.8224
18.2783 0.8201 0.8231
18.2957 0.8208 0.8238
18.3130 0.8214 0.8245
18.3303 0.8221 0.8251
18.3476 0.8227 0.8258
18.3649 0.8233 0.8264
18.3822 0.8240 0.8271
18.3995 0.8246 0.8277
18.4168 0.8252 0.8283
18.4341 0.8259 0.8290
18.4514 0.8265 0.8296
18.4687 0.8271 0.8302
18.4861 0.8277 0.8308
18.5034 0.8284 0.8314
18.5207 0.8290 0.8319
18.5380 0.8296 0.8325
18.5553 0.8302 0.8331
18.5726 0.8308 0.8336
18.5899 0.8313 0.8342
18.6072 0.8319 0.8347
18.6245 0.8325 0.8353
18.6418 0.8331 0.8358
18.6591 0.8336 0.8364
18.6765 0.8342 0.8369
18.6938 0.8347 0.8374
18.7111 0.8352 0.8380
18.7284 0.8358 0.8385
18.7457 0.8363 0.8390
18.7630 0.8368 0.8395
18.7803 0.8373 0.8401
18.7976 0.8378 0.8406
18.8149 0.8384 0.8411
18.8322 0.8389 0.8416
18.8495 0.8394 0.8421
18.8669 0.8398 0.8426
18.8842 0.8403 0.8431
18.9015 0.8408 0.8436
18.9188 0.8413 0.8441
18.9361 0.8418 0.8446
18.9534 0.8423 0.8451
18.9707 0.8428 0.8456
18.9880 0.8433 0.8461
19.0053 0.8437 0.8465
19.0226 0.8442 0.8470
19.0399 0.8447 0.8475
19.0573 0.8452 0.8479
19.0746 0.8456 0.8484
19.0919 0.8461 0.8488
19.1092 0.8466 0.8493
19.1265 0.8470 0.8497
19.1438 0.8475 0.8502
19.1611 0.8479 0.8506
19.1784 0.8484 0.8510
19.1957 0.8489 0.8515
19.2130 0.8493 0.8519
19.2303 0.8498 0.8523
19.2477 0.8502 0.8527
19.2650 0.8507 0.8532
19.2823 0.8511 0.8536
19.2996 0.8516 0.8540
19.3169 0.8520 0.8544
19.3342 0.8525 0.8549
19.3515 0.8529 0.8553
19.3688 0.8534 0.8557
19.3861 0.8538 0.8561
19.4034 0.8543 0.8565
19.4207 0.8547 0.8570
19.4381 0.8551 0.8574
19.4554 0.8555 0.8578
19.4727 0.8560 0.8582
19.4900 0.8564 0.8586
19.5073 0.8568 0.8590
19.5246 0.8572 0.8594
19.5419 0.8576 0.8598
19.5592 0.8580 0.8603
19.5765 0.8584 0.8607
19.5938 0.8588 0.8611
19.6111 0.8592 0.8615
19.6285 0.8595 0.8619
19.6458 0.8599 0.8623
19.6631 0.8603 0.8627
19.6804 0.8607 0.8631
19.6977 0.8611 0.8635
19.7150 0.8614 0.8639
19.7323 0.8618 0.8643
19.7496 0.8622 0.8647
19.7669 0.8626 0.8651
19.7842 0.8629 0.8655
19.8015 0.8633 0.8659
19.8189 0.8637 0.8663
19.8362 0.8641 0.8667
19.8535 0.8644 0.8671
19.8708 0.8648 0.8675
19.8881 0.8652 0.8679
19.9054 0.8655 0.8683
19.9227 0.8659 0.8686
19.9400 0.8663 0.8690
19.9573 0.8666 0.8694
19.9746 0.8670 0.8698
19.9919 0.8674 0.8701
20.0093 0.8677 0.8705
20.0266 0.8681 0.8708
20.0439 0.8684 0.8712
20.0612 0.8688 0.8716
20.0785 0.8691 0.8719
20.0958 0.8695 0.8723
20.1131 0.8698 0.8726
20.1304 0.8702 0.8729
20.1477 0.8705 0.8733
20.1650 0.8709 0.8736
20.1823 0.8712 0.8740
20.1997 0.8715 0.8743
20.2170 0.8719 0.8746
20.2343 0.8722 0.8749
20.2516 0.8725 0.8753
20.2689 0.8729 0.8756
20.2862 0.8732 0.8759
20.3035 0.8735 0.8762
20.3208 0.8738 0.8765
20.3381 0.8741 0.8769
20.3554 0.8745 0.8772
20.3727 0.8748 0.8775
20.3901 0.8751 0.8778
20.4074 0.8754 0.8781
20.4247 0.8757 0.8784
20.4420 0.8760 0.8788
20.4593 0.8763 0.8791
20.4766 0.8766 0.8794
20.4939 0.8770 0.8797
20.5112 0.8773 0.8800
20.5285 0.8776 0.8803
20.5458 0.8779 0.8806
20.5631 0.8782 0.8809
20.5805 0.8785 0.8812
20.5978 0.8788 0.8815
20.6151 0.8791 0.8818
20.6324 0.8794 0.8821
20.6497 0.8797 0.8824
20.6670 0.8800 0.8827
20.6843 0.8803 0.8830
20.7016 0.8806 0.8833
20.7189 0.8809 0.8836
20.7362 0.8811 0.8839
20.7535 0.8814 0.8841
20.7709 0.8817 0.8844
20.7882 0.8820 0.8847
20.8055 0.8823 0.8850
20.8228 0.8826 0.8853
20.8401 0.8829 0.8855
20.8574 0.8832 0.8858
20.8747 0.8834 0.8861
20.8920 0.8837 0.8864
20.9093 0.8840 0.8866
20.9266 0.8843 0.8869
20.9439 0.8846 0.8872
20.9613 0.8848 0.8875
20.9786 0.8851 0.8877
20.9959 0.8854 0.8880
21.0132 0.8857 0.8883
21.0305 0.8860 0.8886
21.0478 0.8862 0.8888
21.0651 0.8865 0.8891
21.0824 0.8868 0.8894
21.0997 0.8871 0.8897
21.1170 0.8873 0.8899
21.1343 0.8876 0.8902
21.1517 0.8879 0.8905
21.1690 0.8882 0.8907
21.1863 0.8884 0.8910
21.2036 0.8887 0.8913
21.2209 0.8890 0.8915
21.2382 0.8892 0.8918
21.2555 0.8895 0.8921
21.2728 0.8898 0.8923
21.2901 0.8900 0.8926
21.3074 0.8903 0.8928
21.3247 0.8906 0.8931
21.3420 0.8908 0.8933
21.3594 0.8911 0.8936
21.3767 0.8914 0.8938
21.3940 0.8916 0.8941
21.4113 0.8919 0.8943
21.4286 0.8921 0.8946
21.4459 0.8924 0.8948
21.4632 0.8926 0.8951
21.4805 0.8929 0.8953
21.4978 0.8931 0.8956
21.5151 0.8934 0.8958
21.5324 0.8936 0.8960
21.5498 0.8939 0.8963
21.5671 0.8941 0.8965
21.5844 0.8944 0.8968
21.6017 0.8946 0.8970
21.6190 0.8949 0.8972
21.6363 0.8951 0.8975
21.6536 0.8954 0.8977
21.6709 0.8956 0.8979
21.6882 0.8958 0.8982
21.7055 0.8961 0.8984
21.7228 0.8963 0.8986
21.7402 0.8966 0.8988
21.7575 0.8968 0.8991
21.7748 0.8970 0.8993
21.7921 0.8973 0.8995
21.8094 0.8975 0.8997
21.8267 0.8977 0.9000
21.8440 0.8980 0.9002
21.8613 0.8982 0.9004
21.8786 0.8984 0.9006
21.8959 0.8987 0.9008
21.9132 0.8989 0.9011
21.9306 0.8991 0.9013
21.9479 0.8994 0.9015
21.9652 0.8996 0.9017
21.9825 0.8998 0.9019
21.9998 0.9000 0.9021
22.0171 0.9003 0.9023
22.0344 0.9005 0.9026
22.0517 0.9007 0.9028
22.0690 0.9009 0.9030
22.0863 0.9012 0.9032
22.1036 0.9014 0.9034
22.1210 0.9016 0.9036
22.1383 0.9018 0.9038
22.1556 0.9020 0.9040
22.1729 0.9022 0.9043
22.1902 0.9024 0.9045
22.2075 0.9027 0.9047
22.2248 0.9029 0.9049
22.2421 0.9031 0.9051
22.2594 0.9033 0.9053
22.2767 0.9035 0.9055
22.2940 0.9037 0.9057
22.3114 0.9039 0.9059
22.3287 0.9041 0.9061
22.3460 0.9043 0.9063
22.3633 0.9045 0.9065
22.3806 0.9047 0.9067
22.3979 0.9049 0.9069
22.4152 0.9051 0.9071
22.4325 0.9053 0.9073
22.4498 0.9055 0.9075
22.4671 0.9058 0.9077
22.4844 0.9060 0.9079
22.5018 0.9062 0.9081
22.5191 0.9064 0.9082
22.5364 0.9066 0.9084
22.5537 0.9068 0.9086
22.5710 0.9069 0.9088
22.5883 0.9071 0.9090
22.6056 0.9073 0.9092
22.6229 0.9075 0.9094
22.6402 0.9077 0.9095
22.6575 0.9079 0.9097
22.6748 0.9081 0.9099
22.6922 0.9083 0.9101
22.7095 0.9085 0.9103
22.7268 0.9087 0.9105
22.7441 0.9089 0.9106
22.7614 0.9090 0.9108
22.7787 0.9092 0.9110
22.7960 0.9094 0.9112
22.8133 0.9096 0.9114
22.8306 0.9098 0.9116
22.8479 0.9100 0.9117
22.8652 0.9101 0.9119
22.8826 0.9103 0.9121
22.8999 0.9105 0.9123
22.9172 0.9107 0.9124
22.9345 0.9108 0.9126
22.9518 0.9110 0.9128
22.9691 0.9112 0.9130
22.9864 0.9114 0.9131
23.0037 0.9115 0.9133
23.0210 0.9117 0.9135
23.0383 0.9119 0.9137
23.0556 0.9121 0.9138
23.0730 0.9122 0.9140
23.0903 0.9124 0.9142
23.1076 0.9126 0.9143
23.1249 0.9127 0.9145
23.1422 0.9129 0.9146
23.1595 0.9131 0.9148
23.1768 0.9132 0.9150
23.1941 0.9134 0.9151
23.2114 0.9136 0.9153
23.2287 0.9137 0.9154
23.2460 0.9139 0.9156
23.2634 0.9140 0.9158
23.2807 0.9142 0.9159
23.2980 0.9144 0.9161
23.3153 0.9145 0.9162
23.3326 0.9147 0.9164
23.3499 0.9148 0.9165
23.3672 0.9150 0.9167
23.3845 0.9152 0.9168
23.4018 0.9153 0.9170
23.4191 0.9155 0.9171
23.4364 0.9156 0.9173
23.4538 0.9158 0.9174
23.4711 0.9159 0.9176
23.4884 0.9161 0.9177
23.5057 0.9162 0.9179
23.5230 0.9164 0.9180
23.5403 0.9165 0.9182
23.5576 0.9167 0.9183
23.5749 0.9169 0.9184
23.5922 0.9170 0.9186
23.6095 0.9172 0.9187
23.6268 0.9173 0.9188
23.6442 0.9175 0.9190
23.6615 0.9176 0.9191
23.6788 0.9178 0.9192
23.6961 0.9179 0.9194
23.7134 0.9181 0.9195
23.7307 0.9182 0.9196
23.7480 0.9184 0.9198
23.7653 0.9185 0.9199
23.7826 0.9186 0.9200
23.7999 0.9188 0.9202
23.8172 0.9189 0.9203
23.8346 0.9191 0.9204
23.8519 0.9192 0.9206
23.8692 0.9194 0.9207
23.8865 0.9195 0.9208
23.9038 0.9196 0.9210
23.9211 0.9198 0.9211
23.9384 0.9199 0.9212
23.9557 0.9200 0.9214
23.9730 0.9202 0.9215
23.9903 0.9203 0.9216
24.0076 0.9204 0.9218
24.0250 0.9206 0.9219
24.0423 0.9207 0.9221
24.0596 0.9208 0.9222
24.0769 0.9210 0.9223
24.0942 0.9211 0.9225
24.1115 0.9212 0.9226
24.1288 0.9214 0.9228
24.1461 0.9215 0.9229
24.1634 0.9216 0.9230
24.1807 0.9217 0.9232
24.1980 0.9219 0.9233
24.2154 0.9220 0.9234
24.2327 0.9221 0.9236
24.2500 0.9223 0.9237
24.2673 0.9224 0.9238
24.2846 0.9225 0.9240
24.3019 0.9226 0.9241
24.3192 0.9228 0.9242
24.3365 0.9229 0.9243
24.3538 0.9230 0.9245
24.3711 0.9232 0.9246
24.3884 0.9233 0.9247
24.4058 0.9234 0.9248
24.4231 0.9235 0.9250
24.4404 0.9237 0.9251
24.4577 0.9238 0.9252
24.4750 0.9239 0.9253
24.4923 0.9241 0.9255
24.5096 0.9242 0.9256
24.5269 0.9243 0.9257
24.5442 0.9245 0.9259
24.5615 0.9246 0.9260
24.5788 0.9247 0.9261
24.5961 0.9249 0.9262
24.6135 0.9250 0.9264
24.6308 0.9251 0.9265
24.6481 0.9252 0.9266
24.6654 0.9254 0.9268
24.6827 0.9255 0.9269
24.7000 0.9256 0.9270
24.7173 0.9257 0.9271
24.7346 0.9259 0.9273
24.7519 0.9260 0.9274
24.7692 0.9261 0.9275
24.7865 0.9263 0.9277
24.8039 0.9264 0.9278
24.8212 0.9265 0.9279
24.8385 0.9266 0.9280
24.8558 0.9268 0.9282
24.8731 0.9269 0.9283
24.8904 0.9270 0.9284
24.9077 0.9271 0.9285
24.9250 0.9273 0.9287
24.9423 0.9274 0.9288
24.9596 0.9275 0.9289
24.9769 0.9276 0.9290
24.9943 0.9278 0.9292
25.0116 0.9279 0.9293
25.0289 0.9280 0.9294
25.0462 0.9282 0.9296
25.0635 0.9283 0.9297
25.0808 0.9284 0.9298
25.0981 0.9285 0.9299
25.1154 0.9287 0.9301
25.1327 0.9288 0.9302
25.1500 0.9289 0.9303
25.1673 0.9290 0.9304
25.1847 0.9292 0.9306
25.2020 0.9293 0.9307
25.2193 0.9294 0.9308
25.2366 0.9295 0.9309
25.2539 0.9297 0.9310
25.2712 0.9298 0.9312
25.2885 0.9299 0.9313
25.3058 0.9300 0.9314
25.3231 0.9301 0.9315
25.3404 0.9303 0.9317
25.3577 0.9304 0.9318
25.3751 0.9305 0.9319
25.3924 0.9306 0.9320
25.4097 0.9307 0.9321
25.4270 0.9309 0.9322
25.4443 0.9310 0.9324
25.4616 0.9311 0.9325
25.4789 0.9312 0.9326
25.4962 0.9313 0.9327
25.5135 0.9315 0.9328
25.5308 0.9316 0.9329
25.5481 0.9317 0.9331
25.5655 0.9318 0.9332
25.5828 0.9319 0.9333
25.6001 0.9320 0.9334
25.6174 0.9322 0.9335
25.6347 0.9323 0.9336
25.6520 0.9324 0.9337
25.6693 0.9325 0.9338
25.6866 0.9326 0.9339
25.7039 0.9327 0.9340
25.7212 0.9329 0.9342
25.7385 0.9330 0.9343
25.7559 0.9331 0.9344
25.7732 0.9332 0.9345
25.7905 0.9333 0.9346
25.8078 0.9334 0.9347
25.8251 0.9335 0.9348
25.8424 0.9336 0.9349
25.8597 0.9338 0.9350
25.8770 0.9339 0.9351
25.8943 0.9340 0.9352
25.9116 0.9341 0.9353
25.9289 0.9342 0.9354
25.9463 0.9343 0.9355
25.9636 0.9344 0.9356
25.9809 0.9345 0.9357
25.9982 0.9346 0.9358
26.0155 0.9347 0.9359
26.0328 0.9349 0.9360
26.0501 0.9350 0.9361
26.0674 0.9351 0.9362
26.0847 0.9352 0.9363
26.1020 0.9353 0.9364
26.1193 0.9354 0.9366
26.1367 0.9355 0.9367
26.1540 0.9356 0.9368
26.1713 0.9357 0.9369
26.1886 0.9358 0.9370
26.2059 0.9359 0.9371
26.2232 0.9360 0.9372
26.2405 0.9361 0.9373
26.2578 0.9362 0.9374
26.2751 0.9363 0.9375
26.2924 0.9364 0.9376
26.3097 0.9365 0.9377
26.3271 0.9366 0.9378
26.3444 0.9367 0.9379
26.3617 0.9368 0.9380
26.3790 0.9369 0.9381
26.3963 0.9370 0.9382
26.4136 0.9371 0.9383
26.4309 0.9372 0.9384
26.4482 0.9373 0.9385
26.4655 0.9374 0.9386
26.4828 0.9375 0.9387
26.5001 0.9376 0.9388
26.5175 0.9377 0.9389
26.5348 0.9378 0.9390
26.5521 0.9379 0.9391
26.5694 0.9380 0.9392
26.5867 0.9381 0.9393
26.6040 0.9382 0.9394
26.6213 0.9383 0.9395
26.6386 0.9384 0.9396
26.6559 0.9385 0.9397
26.6732 0.9386 0.9398
26.6905 0.9387 0.9399
26.7079 0.9388 0.9399
26.7252 0.9389 0.9400
26.7425 0.9390 0.9401
26.7598 0.9391 0.9402
26.7771 0.9392 0.9403
26.7944 0.9393 0.9404
26.8117 0.9394 0.9405
26.8290 0.9395 0.9406
26.8463 0.9396 0.9407
26.8636 0.9397 0.9408
26.8809 0.9398 0.9409
26.8983 0.9399 0.9410
26.9156 0.9400 0.9411
26.9329 0.9400 0.9412
26.9502 0.9401 0.9413
26.9675 0.9402 0.9414
26.9848 0.9403 0.9415
27.0021 0.9404 0.9415
27.0194 0.9405 0.9416
27.0367 0.9406 0.9417
27.0540 0.9407 0.9418
27.0713 0.9408 0.9419
27.0887 0.9409 0.9420
27.1060 0.9410 0.9421
27.1233 0.9411 0.9422
27.1406 0.9412 0.9423
27.1579 0.9413 0.9424
27.1752 0.9414 0.9424
27.1925 0.9415 0.9425
27.2098 0.9415 0.9426
27.2271 0.9416 0.9427
27.2444 0.9417 0.9428
27.2617 0.9418 0.9429
27.2791 0.9419 0.9430
27.2964 0.9420 0.9431
27.3137 0.9421 0.9432
27.3310 0.9422 0.9432
27.3483 0.9423 0.9433
27.3656 0.9424 0.9434
27.3829 0.9424 0.9435
27.4002 0.9425 0.9436
27.4175 0.9426 0.9437
27.4348 0.9427 0.9438
27.4521 0.9428 0.9438
27.4695 0.9429 0.9439
27.4868 0.9430 0.9440
27.5041 0.9431 0.9441
27.5214 0.9431 0.9442
27.5387 0.9432 0.9443
27.5560 0.9433 0.9444
27.5733 0.9434 0.9444
27.5906 0.9435 0.9445
27.6079 0.9436 0.9446
27.6252 0.9436 0.9447
27.6425 0.9437 0.9448
27.6599 0.9438 0.9449
27.6772 0.9439 0.9449
27.6945 0.9440 0.9450
27.7118 0.9441 0.9451
27.7291 0.9442 0.9452
27.7464 0.9442 0.9453
27.7637 0.9443 0.9453
27.7810 0.9444 0.9454
27.7983 0.9445 0.9455
27.8156 0.9446 0.9456
27.8329 0.9447 0.9457
27.8503 0.9447 0.9458
27.8676 0.9448 0.9458
27.8849 0.9449 0.9459
27.9022 0.9450 0.9460
27.9195 0.9451 0.9461
27.9368 0.9451 0.9462
27.9541 0.9452 0.9462
27.9714 0.9453 0.9463
27.9887 0.9454 0.9464
28.0060 0.9455 0.9465
28.0233 0.9455 0.9465
28.0406 0.9456 0.9466
28.0580 0.9457 0.9467
28.0753 0.9458 0.9468
28.0926 0.9459 0.9469
28.1099 0.9459 0.9469
28.1272 0.9460 0.9470
28.1445 0.9461 0.9471
28.1618 0.9462 0.9472
28.1791 0.9463 0.9472
28.1964 0.9463 0.9473
28.2137 0.9464 0.9474
28.2310 0.9465 0.9475
28.2484 0.9466 0.9476
28.2657 0.9467 0.9476
28.2830 0.9467 0.9477
28.3003 0.9468 0.9478
28.3176 0.9469 0.9479
28.3349 0.9470 0.9479
28.3522 0.9470 0.9480
28.3695 0.9471 0.9481
28.3868 0.9472 0.9482
28.4041 0.9473 0.9482
28.4214 0.9473 0.9483
28.4388 0.9474 0.9484
28.4561 0.9475 0.9485
28.4734 0.9476 0.9485
28.4907 0.9477 0.9486
28.5080 0.9477 0.9487
28.5253 0.9478 0.9488
28.5426 0.9479 0.9488
28.5599 0.9480 0.9489
28.5772 0.9480 0.9490
28.5945 0.9481 0.9491
28.6118 0.9482 0.9491
28.6292 0.9483 0.9492
28.6465 0.9483 0.9493
28.6638 0.9484 0.9493
28.6811 0.9485 0.9494
28.6984 0.9486 0.9495
28.7157 0.9486 0.9496
28.7330 0.9487 0.9496
28.7503 0.9488 0.9497
28.7676 0.9488 0.9498
28.7849 0.9489 0.9499
28.8022 0.9490 0.9499
28.8196 0.9491 0.9500
28.8369 0.9491 0.9501
28.8542 0.9492 0.9501
28.8715 0.9493 0.9502
28.8888 0.9494 0.9503
28.9061 0.9494 0.9503
28.9234 0.9495 0.9504
28.9407 0.9496 0.9505
28.9580 0.9496 0.9506
28.9753 0.9497 0.9506
28.9926 0.9498 0.9507
29.0100 0.9499 0.9508
29.0273 0.9499 0.9508
29.0446 0.9500 0.9509
29.0619 0.9501 0.9510
29.0792 0.9501 0.9510
29.0965 0.9502 0.9511
29.1138 0.9503 0.9512
29.1311 0.9504 0.9512
29.1484 0.9504 0.9513
29.1657 0.9505 0.9514
29.1830 0.9506 0.9515
29.2004 0.9506 0.9515
29.2177 0.9507 0.9516
29.2350 0.9508 0.9517
29.2523 0.9508 0.9517
29.2696 0.9509 0.9518
29.2869 0.9510 0.9519
29.3042 0.9510 0.9519
29.3215 0.9511 0.9520
29.3388 0.9512 0.9521
29.3561 0.9512 0.9521
29.3734 0.9513 0.9522
29.3908 0.9514 0.9523
29.4081 0.9514 0.9523
29.4254 0.9515 0.9524
29.4427 0.9516 0.9524
29.4600 0.9516 0.9525
29.4773 0.9517 0.9526
29.4946 0.9518 0.9526
29.5119 0.9518 0.9527
29.5292 0.9519 0.9528
29.5465 0.9520 0.9528
29.5638 0.9520 0.9529
29.5812 0.9521 0.9530
29.5985 0.9522 0.9530
29.6158 0.9522 0.9531
29.6331 0.9523 0.9532
29.6504 0.9524 0.9532
29.6677 0.9524 0.9533
29.6850 0.9525 0.9533
29.7023 0.9526 0.9534
29.7196 0.9526 0.9535
29.7369 0.9527 0.9535
29.7542 0.9528 0.9536
29.7716 0.9528 0.9537
29.7889 0.9529 0.9537
29.8062 0.9529 0.9538
29.8235 0.9530 0.9539
29.8408 0.9531 0.9539
29.8581 0.9531 0.9540
29.8754 0.9532 0.9540
29.8927 0.9533 0.9541
29.9100 0.9533 0.9542
29.9273 0.9534 0.9542
29.9446 0.9535 0.9543
29.9620 0.9535 0.9543
29.9793 0.9536 0.9544
29.9966 0.9536 0.9545
30.0139 0.9537 0.9545
30.0312 0.9538 0.9546
30.0485 0.9538 0.9546
30.0658 0.9539 0.9547
30.0831 0.9539 0.9548
30.1004 0.9540 0.9548
30.1177 0.9541 0.9549
30.1350 0.9541 0.9549
30.1524 0.9542 0.9550
30.1697 0.9543 0.9551
30.1870 0.9543 0.9551
30.2043 0.9544 0.9552
30.2216 0.9544 0.9552
30.2389 0.9545 0.9553
30.2562 0.9546 0.9554
30.2735 0.9546 0.9554
30.2908 0.9547 0.9555
30.3081 0.9547 0.9555
30.3254 0.9548 0.9556
30.3428 0.9549 0.9557
30.3601 0.9549 0.9557
30.3774 0.9550 0.9558
30.3947 0.9550 0.9558
30.4120 0.9551 0.9559
30.4293 0.9551 0.9559
30.4466 0.9552 0.9560
30.4639 0.9553 0.9561
30.4812 0.9553 0.9561
30.4985 0.9554 0.9562
30.5158 0.9554 0.9562
30.5332 0.9555 0.9563
30.5505 0.9556 0.9563
30.5678 0.9556 0.9564
30.5851 0.9557 0.9565
30.6024 0.9557 0.9565
30.6197 0.9558 0.9566
30.6370 0.9558 0.9566
30.6543 0.9559 0.9567
30.6716 0.9560 0.9567
30.6889 0.9560 0.9568
30.7062 0.9561 0.9568
30.7236 0.9561 0.9569
30.7409 0.9562 0.9570
30.7582 0.9562 0.9570
30.7755 0.9563 0.9571
30.7928 0.9564 0.9571
30.8101 0.9564 0.9572
30.8274 0.9565 0.9572
30.8447 0.9565 0.9573
30.8620 0.9566 0.9573
30.8793 0.9566 0.9574
30.8966 0.9567 0.9575
30.9140 0.9567 0.9575
30.9313 0.9568 0.9576
30.9486 0.9569 0.9576
30.9659 0.9569 0.9577
30.9832 0.9570 0.9577
31.0005 0.9570 0.9578
31.0178 0.9571 0.9578
31.0351 0.9571 0.9579
31.0524 0.9572 0.9579
31.0697 0.9572 0.9580
31.0870 0.9573 0.9580
31.1044 0.9573 0.9581
31.1217 0.9574 0.9582
31.1390 0.9575 0.9582
31.1563 0.9575 0.9583
31.1736 0.9576 0.9583
31.1909 0.9576 0.9584
31.2082 0.9577 0.9584
31.2255 0.9577 0.9585
31.2428 0.9578 0.9585
31.2601 0.9578 0.9586
31.2774 0.9579 0.9586
31.2947 0.9579 0.9587
31.3121 0.9580 0.9587
31.3294 0.9580 0.9588
31.3467 0.9581 0.9588
31.3640 0.9582 0.9589
31.3813 0.9582 0.9589
31.3986 0.9583 0.9590
31.4159 0.9583 0.9590
31.4332 0.9584 0.9591
31.4505 0.9584 0.9591
31.4678 0.9585 0.9592
31.4851 0.9585 0.9592
31.5025 0.9586 0.9593
31.5198 0.9586 0.9593
31.5371 0.9587 0.9594
31.5544 0.9587 0.9594
31.5717 0.9588 0.9595
31.5890 0.9588 0.9595
31.6063 0.9589 0.9596
31.6236 0.9589 0.9596
31.6409 0.9590 0.9597
31.6582 0.9590 0.9597
31.6755 0.9591 0.9598
31.6929 0.9591 0.9598
31.7102 0.9592 0.9599
31.7275 0.9592 0.9599
31.7448 0.9593 0.9600
31.7621 0.9593 0.9600
31.7794 0.9594 0.9601
31.7967 0.9594 0.9601
31.8140 0.9595 0.9602
31.8313 0.9595 0.9602
31.8486 0.9596 0.9603
31.8659 0.9596 0.9603
31.8833 0.9597 0.9604
31.9006 0.9597 0.9604
31.9179 0.9598 0.9605
31.9352 0.9598 0.9605
31.9525 0.9599 0.9606
31.9698 0.9599 0.9606
31.9871 0.9600 0.9607
32.0044 0.9600 0.9607
32.0217 0.9601 0.9608
32.0390 0.9601 0.9608
32.0563 0.9602 0.9609
32.0737 0.9602 0.9609
32.0910 0.9603 0.9610
32.1083 0.9603 0.9610
32.1256 0.9604 0.9611
32.1429 0.9604 0.9611
32.1602 0.9605 0.9612
32.1775 0.9605 0.9612
32.1948 0.9606 0.9612
32.2121 0.9606 0.9613
32.2294 0.9607 0.9613
32.2467 0.9607 0.9614
32.2641 0.9607 0.9614
32.2814 0.9608 0.9615
32.2987 0.9608 0.9615
32.3160 0.9609 0.9616
32.3333 0.9609 0.9616
32.3506 0.9610 0.9617
32.3679 0.9610 0.9617
32.3852 0.9611 0.9618
32.4025 0.9611 0.9618
32.4198 0.9612 0.9618
32.4371 0.9612 0.9619
32.4545 0.9613 0.9619
32.4718 0.9613 0.9620
32.4891 0.9614 0.9620
32.5064 0.9614 0.9621
32.5237 0.9615 0.9621
32.5410 0.9615 0.9622
32.5583 0.9615 0.9622
32.5756 0.9616 0.9623
32.5929 0.9616 0.9623
32.6102 0.9617 0.9623
32.6275 0.9617 0.9624
32.6449 0.9618 0.9624
32.6622 0.9618 0.9625
32.6795 0.9619 0.9625
32.6968 0.9619 0.9626
32.7141 0.9620 0.9626
32.7314 0.9620 0.9627
32.7487 0.9620 0.9627
32.7660 0.9621 0.9627
32.7833 0.9621 0.9628
32.8006 0.9622 0.9628
32.8179 0.9622 0.9629
32.8353 0.9623 0.9629
32.8526 0.9623 0.9630
32.8699 0.9624 0.9630
32.8872 0.9624 0.9631
32.9045 0.9624 0.9631
32.9218 0.9625 0.9631
32.9391 0.9625 0.9632
32.9564 0.9626 0.9632
32.9737 0.9626 0.9633
32.9910 0.9627 0.9633
33.0083 0.9627 0.9634
33.0257 0.9628 0.9634
33.0430 0.9628 0.9634
33.0603 0.9628 0.9635
33.0776 0.9629 0.9635
33.0949 0.9629 0.9636
33.1122 0.9630 0.9636
33.1295 0.9630 0.9637
33.1468 0.9631 0.9637
33.1641 0.9631 0.9637
33.1814 0.9631 0.9638
33.1987 0.9632 0.9638
33.2161 0.9632 0.9639
33.2334 0.9633 0.9639
33.2507 0.9633 0.9639
33.2680 0.9634 0.9640
33.2853 0.9634 0.9640
33.3026 0.9634 0.9641
33.3199 0.9635 0.9641
33.3372 0.9635 0.9642
33.3545 0.9636 0.9642
33.3718 0.9636 0.9642
33.3891 0.9637 0.9643
33.4065 0.9637 0.9643
33.4238 0.9637 0.9644
33.4411 0.9638 0.9644
33.4584 0.9638 0.9644
33.4757 0.9639 0.9645
33.4930 0.9639 0.9645
33.5103 0.9639 0.9646
33.5276 0.9640 0.9646
33.5449 0.9640 0.9646
33.5622 0.9641 0.9647
33.5795 0.9641 0.9647
33.5969 0.9642 0.9648
33.6142 0.9642 0.9648
33.6315 0.9642 0.9648
33.6488 0.9643 0.9649
33.6661 0.9643 0.9649
33.6834 0.9644 0.9650
33.7007 0.9644 0.9650
33.7180 0.9644 0.9650
33.7353 0.9645 0.9651
33.7526 0.9645 0.9651
33.7699 0.9646 0.9652
33.7873 0.9646 0.9652
33.8046 0.9646 0.9652
33.8219 0.9647 0.9653
33.8392 0.9647 0.9653
33.8565 0.9648 0.9654
33.8738 0.9648 0.9654
33.8911 0.9648 0.9654
33.9084 0.9649 0.9655
33.9257 0.9649 0.9655
33.9430 0.9650 0.9656
33.9603 0.9650 0.9656
33.9777 0.9650 0.9656
33.9950 0.9651 0.9657
34.0123 0.9651 0.9657
34.0296 0.9652 0.9658
34.0469 0.9652 0.9658
34.0642 0.9652 0.9658
34.0815 0.9653 0.9659
34.0988 0.9653 0.9659
34.1161 0.9654 0.9659
34.1334 0.9654 0.9660
34.1507 0.9654 0.9660
34.1681 0.9655 0.9661
34.1854 0.9655 0.9661
34.2027 0.9655 0.9661
34.2200 0.9656 0.9662
34.2373 0.9656 0.9662
34.2546 0.9657 0.9663
34.2719 0.9657 0.9663
34.2892 0.9657 0.9663
34.3065 0.9658 0.9664
34.3238 0.9658 0.9664
34.3411 0.9659 0.9664
34.3585 0.9659 0.9665
34.3758 0.9659 0.9665
34.3931 0.9660 0.9665
34.4104 0.9660 0.9666
34.4277 0.9660 0.9666
34.4450 0.9661 0.9667
34.4623 0.9661 0.9667
34.4796 0.9662 0.9667
34.4969 0.9662 0.9668
34.5142 0.9662 0.9668
34.5315 0.9663 0.9668
34.5488 0.9663 0.9669
34.5662 0.9663 0.9669
34.5835 0.9664 0.9670
34.6008 0.9664 0.9670
  
  
  
  
  
dim="1">gridpoints</dimension>  
  
  
  
  
  
  
  
  
0.0000 -0.6258 -0.3677
0.0173 -0.6258 -0.3677
0.0346 -0.6105 -0.3709
0.0519 -0.5853 -0.3762
0.0692 -0.5504 -0.3831
0.0865 -0.5062 -0.3912
0.1039 -0.4532 -0.4000
0.1212 -0.3920 -0.4089
0.1385 -0.3232 -0.4173
0.1558 -0.2475 -0.4246
0.1731 -0.1658 -0.4301
0.1904 -0.0789 -0.4332
0.2077 0.0123 -0.4333
0.2250 0.1069 -0.4302
0.2423 0.2038 -0.4233
0.2596 0.3019 -0.4126
0.2769 0.4003 -0.3980
0.2943 0.4978 -0.3795
0.3116 0.5932 -0.3574
0.3289 0.6855 -0.3320
0.3462 0.7735 -0.3037
0.3635 0.8562 -0.2730
0.3808 0.9326 -0.2406
0.3981 1.0016 -0.2069
0.4154 1.0625 -0.1724
0.4327 1.1146 -0.1378
0.4500 1.1574 -0.1034
0.4673 1.1906 -0.0695
0.4847 1.2140 -0.0365
0.5020 1.2279 -0.0044
0.5193 1.2326 0.0267
0.5366 1.2286 0.0569
0.5539 1.2169 0.0863
0.5712 1.1985 0.1152
0.5885 1.1744 0.1438
0.6058 1.1462 0.1724
0.6231 1.1151 0.2014
0.6404 1.0825 0.2308
0.6577 1.0499 0.2611
0.6751 1.0185 0.2924
0.6924 0.9895 0.3248
0.7097 0.9639 0.3584
0.7270 0.9425 0.3933
0.7443 0.9259 0.4293
0.7616 0.9144 0.4665
0.7789 0.9082 0.5048
0.7962 0.9070 0.5440
0.8135 0.9106 0.5839
0.8308 0.9185 0.6246
0.8481 0.9300 0.6658
0.8655 0.9445 0.7073
0.8828 0.9611 0.7491
0.9001 0.9790 0.7910
0.9174 0.9975 0.8328
0.9347 1.0157 0.8745
0.9520 1.0330 0.9158
0.9693 1.0489 0.9567
0.9866 1.0628 0.9970
1.0039 1.0743 1.0365
1.0212 1.0833 1.0750
1.0385 1.0895 1.1124
1.0559 1.0929 1.1484
1.0732 1.0936 1.1828
1.0905 1.0916 1.2156
1.1078 1.0871 1.2464
1.1251 1.0803 1.2751
1.1424 1.0715 1.3015
1.1597 1.0608 1.3255
1.1770 1.0486 1.3470
1.1943 1.0352 1.3659
1.2116 1.0206 1.3821
1.2289 1.0054 1.3957
1.2463 0.9895 1.4066
1.2636 0.9734 1.4149
1.2809 0.9573 1.4208
1.2982 0.9413 1.4243
1.3155 0.9257 1.4257
1.3328 0.9108 1.4252
1.3501 0.8967 1.4231
1.3674 0.8836 1.4197
1.3847 0.8717 1.4152
1.4020 0.8611 1.4099
1.4193 0.8519 1.4043
1.4367 0.8442 1.3985
1.4540 0.8381 1.3929
1.4713 0.8334 1.3877
1.4886 0.8302 1.3833
1.5059 0.8285 1.3797
1.5232 0.8280 1.3771
1.5405 0.8288 1.3757
1.5578 0.8306 1.3755
1.5751 0.8334 1.3765
1.5924 0.8370 1.3787
1.6097 0.8414 1.3820
1.6271 0.8463 1.3863
1.6444 0.8518 1.3915
1.6617 0.8577 1.3973
1.6790 0.8640 1.4037
1.6963 0.8707 1.4103
1.7136 0.8777 1.4170
1.7309 0.8850 1.4236
1.7482 0.8927 1.4297
1.7655 0.9006 1.4351
1.7828 0.9089 1.4397
1.8001 0.9174 1.4431
1.8174 0.9263 1.4450
1.8348 0.9355 1.4453
1.8521 0.9448 1.4436
1.8694 0.9544 1.4397
1.8867 0.9642 1.4334
1.9040 0.9742 1.4245
1.9213 0.9841 1.4126
1.9386 0.9942 1.3978
1.9559 1.0041 1.3799
1.9732 1.0140 1.3587
1.9905 1.0237 1.3343
2.0078 1.0332 1.3067
2.0252 1.0424 1.2760
2.0425 1.0513 1.2424
2.0598 1.0599 1.2061
2.0771 1.0680 1.1674
2.0944 1.0758 1.1268
2.1117 1.0832 1.0846
2.1290 1.0901 1.0414
2.1463 1.0966 0.9976
2.1636 1.1026 0.9538
2.1809 1.1083 0.9107
2.1982 1.1135 0.8686
2.2156 1.1183 0.8283
2.2329 1.1226 0.7901
2.2502 1.1264 0.7545
2.2675 1.1298 0.7219
2.2848 1.1326 0.6927
2.3021 1.1349 0.6670
2.3194 1.1366 0.6450
2.3367 1.1377 0.6267
2.3540 1.1382 0.6122
2.3713 1.1381 0.6013
2.3886 1.1372 0.5939
2.4060 1.1358 0.5897
2.4233 1.1336 0.5884
2.4406 1.1308 0.5898
2.4579 1.1273 0.5933
2.4752 1.1232 0.5988
2.4925 1.1185 0.6059
2.5098 1.1131 0.6141
2.5271 1.1072 0.6231
2.5444 1.1008 0.6327
2.5617 1.0938 0.6426
2.5790 1.0863 0.6524
2.5964 1.0784 0.6621
2.6137 1.0700 0.6714
2.6310 1.0612 0.6803
2.6483 1.0520 0.6885
2.6656 1.0426 0.6960
2.6829 1.0329 0.7028
2.7002 1.0231 0.7087
2.7175 1.0132 0.7139
2.7348 1.0034 0.7182
2.7521 0.9936 0.7216
2.7694 0.9841 0.7241
2.7868 0.9749 0.7257
2.8041 0.9662 0.7264
2.8214 0.9579 0.7261
2.8387 0.9503 0.7250
2.8560 0.9433 0.7229
2.8733 0.9371 0.7199
2.8906 0.9317 0.7160
2.9079 0.9271 0.7113
2.9252 0.9234 0.7057
2.9425 0.9206 0.6993
2.9598 0.9185 0.6922
2.9772 0.9173 0.6844
2.9945 0.9167 0.6760
3.0118 0.9168 0.6671
3.0291 0.9174 0.6577
3.0464 0.9183 0.6479
3.0637 0.9196 0.6378
3.0810 0.9208 0.6276
3.0983 0.9221 0.6173
3.1156 0.9231 0.6070
3.1329 0.9237 0.5968
3.1502 0.9238 0.5869
3.1676 0.9233 0.5773
3.1849 0.9220 0.5682
3.2022 0.9199 0.5596
3.2195 0.9169 0.5517
3.2368 0.9130 0.5444
3.2541 0.9082 0.5379
3.2714 0.9025 0.5322
3.2887 0.8960 0.5273
3.3060 0.8888 0.5233
3.3233 0.8809 0.5201
3.3406 0.8726 0.5178
3.3580 0.8640 0.5164
3.3753 0.8552 0.5158
3.3926 0.8464 0.5159
3.4099 0.8378 0.5169
3.4272 0.8296 0.5185
3.4445 0.8220 0.5208
3.4618 0.8151 0.5237
3.4791 0.8090 0.5272
3.4964 0.8038 0.5312
3.5137 0.7997 0.5356
3.5310 0.7966 0.5404
3.5484 0.7946 0.5456
3.5657 0.7935 0.5510
3.5830 0.7933 0.5566
3.6003 0.7940 0.5624
3.6176 0.7953 0.5684
3.6349 0.7971 0.5744
3.6522 0.7994 0.5806
3.6695 0.8018 0.5867
3.6868 0.8044 0.5929
3.7041 0.8070 0.5992
3.7214 0.8094 0.6054
3.7388 0.8116 0.6117
3.7561 0.8134 0.6180
3.7734 0.8150 0.6243
3.7907 0.8162 0.6306
3.8080 0.8169 0.6369
3.8253 0.8173 0.6432
3.8426 0.8174 0.6496
3.8599 0.8170 0.6558
3.8772 0.8163 0.6621
3.8945 0.8152 0.6682
3.9118 0.8138 0.6741
3.9292 0.8120 0.6798
3.9465 0.8099 0.6853
3.9638 0.8073 0.6903
3.9811 0.8044 0.6949
3.9984 0.8011 0.6990
4.0157 0.7975 0.7023
4.0330 0.7934 0.7050
4.0503 0.7890 0.7067
4.0676 0.7843 0.7075
4.0849 0.7792 0.7072
4.1022 0.7739 0.7059
4.1196 0.7685 0.7033
4.1369 0.7629 0.6995
4.1542 0.7572 0.6946
4.1715 0.7516 0.6884
4.1888 0.7460 0.6811
4.2061 0.7406 0.6727
4.2234 0.7354 0.6635
4.2407 0.7304 0.6534
4.2580 0.7256 0.6427
4.2753 0.7211 0.6316
4.2926 0.7169 0.6203
4.3100 0.7130 0.6090
4.3273 0.7093 0.5980
4.3446 0.7059 0.5874
4.3619 0.7027 0.5774
4.3792 0.6996 0.5683
4.3965 0.6968 0.5602
4.4138 0.6942 0.5532
4.4311 0.6918 0.5475
4.4484 0.6895 0.5430
4.4657 0.6875 0.5398
4.4830 0.6856 0.5380
4.5004 0.6841 0.5374
4.5177 0.6828 0.5380
4.5350 0.6817 0.5397
4.5523 0.6810 0.5424
4.5696 0.6806 0.5459
4.5869 0.6806 0.5501
4.6042 0.6809 0.5549
4.6215 0.6814 0.5601
4.6388 0.6823 0.5656
4.6561 0.6834 0.5712
4.6734 0.6847 0.5768
4.6908 0.6861 0.5823
4.7081 0.6876 0.5876
4.7254 0.6892 0.5926
4.7427 0.6907 0.5973
4.7600 0.6921 0.6016
4.7773 0.6933 0.6054
4.7946 0.6944 0.6089
4.8119 0.6952 0.6119
4.8292 0.6957 0.6145
4.8465 0.6960 0.6167
4.8638 0.6960 0.6185
4.8812 0.6957 0.6201
4.8985 0.6952 0.6213
4.9158 0.6944 0.6224
4.9331 0.6935 0.6233
4.9504 0.6924 0.6241
4.9677 0.6912 0.6249
4.9850 0.6899 0.6258
5.0023 0.6887 0.6267
5.0196 0.6875 0.6279
5.0369 0.6863 0.6292
5.0542 0.6853 0.6308
5.0715 0.6844 0.6327
5.0889 0.6836 0.6349
5.1062 0.6831 0.6374
5.1235 0.6827 0.6402
5.1408 0.6825 0.6433
5.1581 0.6825 0.6468
5.1754 0.6827 0.6504
5.1927 0.6832 0.6543
5.2100 0.6838 0.6584
5.2273 0.6845 0.6626
5.2446 0.6855 0.6668
5.2619 0.6865 0.6710
5.2793 0.6877 0.6752
5.2966 0.6890 0.6793
5.3139 0.6903 0.6832
5.3312 0.6917 0.6869
5.3485 0.6930 0.6904
5.3658 0.6943 0.6936
5.3831 0.6955 0.6964
5.4004 0.6966 0.6990
5.4177 0.6975 0.7012
5.4350 0.6983 0.7031
5.4523 0.6988 0.7047
5.4697 0.6992 0.7060
5.4870 0.6993 0.7071
5.5043 0.6992 0.7080
5.5216 0.6990 0.7087
5.5389 0.6986 0.7093
5.5562 0.6982 0.7099
5.5735 0.6976 0.7104
5.5908 0.6971 0.7109
5.6081 0.6966 0.7115
5.6254 0.6962 0.7122
5.6427 0.6959 0.7131
5.6601 0.6958 0.7140
5.6774 0.6960 0.7151
5.6947 0.6964 0.7164
5.7120 0.6972 0.7178
5.7293 0.6982 0.7193
5.7466 0.6997 0.7209
5.7639 0.7015 0.7226
5.7812 0.7036 0.7244
5.7985 0.7061 0.7262
5.8158 0.7090 0.7280
5.8331 0.7121 0.7298
5.8505 0.7156 0.7315
5.8678 0.7193 0.7332
5.8851 0.7232 0.7348
5.9024 0.7272 0.7363
5.9197 0.7314 0.7377
5.9370 0.7356 0.7390
5.9543 0.7398 0.7403
5.9716 0.7440 0.7415
5.9889 0.7481 0.7427
6.0062 0.7521 0.7439
6.0235 0.7558 0.7451
6.0409 0.7594 0.7464
6.0582 0.7628 0.7477
6.0755 0.7659 0.7492
6.0928 0.7687 0.7507
6.1101 0.7713 0.7524
6.1274 0.7737 0.7543
6.1447 0.7758 0.7563
6.1620 0.7777 0.7584
6.1793 0.7793 0.7607
6.1966 0.7808 0.7631
6.2139 0.7822 0.7657
6.2313 0.7834 0.7683
6.2486 0.7845 0.7711
6.2659 0.7855 0.7739
6.2832 0.7865 0.7768
6.3005 0.7874 0.7797
6.3178 0.7884 0.7827
6.3351 0.7893 0.7856
6.3524 0.7903 0.7885
6.3697 0.7914 0.7914
6.3870 0.7925 0.7943
6.4043 0.7937 0.7971
6.4217 0.7950 0.7999
6.4390 0.7964 0.8026
6.4563 0.7979 0.8053
6.4736 0.7995 0.8079
6.4909 0.8012 0.8104
6.5082 0.8030 0.8129
6.5255 0.8050 0.8154
6.5428 0.8070 0.8178
6.5601 0.8092 0.8202
6.5774 0.8114 0.8225
6.5947 0.8138 0.8249
6.6121 0.8162 0.8272
6.6294 0.8186 0.8296
6.6467 0.8211 0.8319
6.6640 0.8237 0.8343
6.6813 0.8262 0.8367
6.6986 0.8288 0.8392
6.7159 0.8314 0.8416
6.7332 0.8340 0.8442
6.7505 0.8366 0.8467
6.7678 0.8391 0.8493
6.7851 0.8416 0.8519
6.8025 0.8440 0.8545
6.8198 0.8464 0.8571
6.8371 0.8488 0.8598
6.8544 0.8511 0.8624
6.8717 0.8534 0.8650
6.8890 0.8555 0.8676
6.9063 0.8577 0.8701
6.9236 0.8598 0.8726
6.9409 0.8618 0.8750
6.9582 0.8637 0.8774
6.9755 0.8656 0.8798
6.9929 0.8675 0.8820
7.0102 0.8692 0.8842
7.0275 0.8709 0.8864
7.0448 0.8725 0.8884
7.0621 0.8741 0.8904
7.0794 0.8756 0.8924
7.0967 0.8770 0.8942
7.1140 0.8783 0.8960
7.1313 0.8796 0.8978
7.1486 0.8807 0.8994
7.1659 0.8819 0.9010
7.1833 0.8830 0.9025
7.2006 0.8840 0.9040
7.2179 0.8850 0.9054
7.2352 0.8859 0.9067
7.2525 0.8869 0.9079
7.2698 0.8878 0.9090
7.2871 0.8887 0.9101
7.3044 0.8896 0.9111
7.3217 0.8906 0.9121
7.3390 0.8916 0.9131
7.3563 0.8927 0.9140
7.3737 0.8938 0.9149
7.3910 0.8950 0.9157
7.4083 0.8963 0.9166
7.4256 0.8976 0.9175
7.4429 0.8991 0.9185
7.4602 0.9006 0.9195
7.4775 0.9023 0.9205
7.4948 0.9041 0.9215
7.5121 0.9059 0.9227
7.5294 0.9078 0.9238
7.5467 0.9099 0.9251
7.5641 0.9120 0.9263
7.5814 0.9141 0.9277
7.5987 0.9163 0.9290
7.6160 0.9185 0.9303
7.6333 0.9207 0.9317
7.6506 0.9230 0.9331
7.6679 0.9252 0.9344
7.6852 0.9274 0.9358
7.7025 0.9295 0.9370
7.7198 0.9316 0.9383
7.7371 0.9336 0.9395
7.7545 0.9355 0.9407
7.7718 0.9374 0.9418
7.7891 0.9392 0.9429
7.8064 0.9409 0.9439
7.8237 0.9426 0.9448
7.8410 0.9442 0.9457
7.8583 0.9457 0.9466
7.8756 0.9471 0.9474
7.8929 0.9486 0.9482
7.9102 0.9499 0.9490
7.9275 0.9512 0.9497
7.9449 0.9525 0.9504
7.9622 0.9537 0.9512
7.9795 0.9549 0.9519
7.9968 0.9560 0.9526
8.0141 0.9571 0.9533
8.0314 0.9580 0.9541
8.0487 0.9589 0.9548
8.0660 0.9598 0.9556
8.0833 0.9605 0.9564
8.1006 0.9611 0.9572
8.1179 0.9616 0.9580
8.1353 0.9621 0.9589
8.1526 0.9624 0.9598
8.1699 0.9626 0.9607
8.1872 0.9628 0.9616
8.2045 0.9629 0.9625
8.2218 0.9630 0.9635
8.2391 0.9630 0.9644
8.2564 0.9630 0.9654
8.2737 0.9631 0.9663
8.2910 0.9631 0.9672
8.3083 0.9633 0.9681
8.3256 0.9635 0.9690
8.3430 0.9638 0.9698
8.3603 0.9643 0.9706
8.3776 0.9649 0.9714
8.3949 0.9656 0.9721
8.4122 0.9665 0.9728
8.4295 0.9676 0.9735
8.4468 0.9688 0.9741
8.4641 0.9701 0.9747
8.4814 0.9716 0.9753
8.4987 0.9732 0.9758
8.5160 0.9749 0.9764
8.5334 0.9767 0.9770
8.5507 0.9785 0.9776
8.5680 0.9803 0.9782
8.5853 0.9822 0.9788
8.6026 0.9840 0.9794
8.6199 0.9857 0.9801
8.6372 0.9874 0.9807
8.6545 0.9889 0.9814
8.6718 0.9903 0.9821
8.6891 0.9916 0.9828
8.7064 0.9927 0.9834
8.7238 0.9936 0.9841
8.7411 0.9943 0.9847
8.7584 0.9949 0.9853
8.7757 0.9952 0.9858
8.7930 0.9954 0.9862
8.8103 0.9954 0.9866
8.8276 0.9952 0.9870
8.8449 0.9948 0.9873
8.8622 0.9943 0.9875
8.8795 0.9937 0.9876
8.8968 0.9929 0.9877
8.9142 0.9921 0.9877
8.9315 0.9912 0.9877
8.9488 0.9902 0.9876
8.9661 0.9892 0.9874
8.9834 0.9882 0.9871
9.0007 0.9871 0.9868
9.0180 0.9860 0.9864
9.0353 0.9848 0.9860
9.0526 0.9837 0.9854
9.0699 0.9825 0.9847
9.0872 0.9813 0.9840
9.1046 0.9801 0.9832
9.1219 0.9789 0.9822
9.1392 0.9776 0.9812
9.1565 0.9763 0.9801
9.1738 0.9750 0.9788
9.1911 0.9736 0.9775
9.2084 0.9723 0.9761
9.2257 0.9709 0.9747
9.2430 0.9696 0.9731
9.2603 0.9682 0.9716
9.2776 0.9669 0.9699
9.2950 0.9656 0.9683
9.3123 0.9644 0.9667
9.3296 0.9632 0.9651
9.3469 0.9621 0.9635
9.3642 0.9610 0.9619
9.3815 0.9600 0.9604
9.3988 0.9591 0.9589
9.4161 0.9582 0.9576
9.4334 0.9573 0.9562
9.4507 0.9565 0.9550
9.4680 0.9557 0.9539
9.4854 0.9549 0.9528
9.5027 0.9541 0.9519
9.5200 0.9533 0.9510
9.5373 0.9525 0.9503
9.5546 0.9516 0.9496
9.5719 0.9507 0.9491
9.5892 0.9498 0.9486
9.6065 0.9489 0.9482
9.6238 0.9479 0.9479
9.6411 0.9468 0.9476
9.6584 0.9458 0.9474
9.6758 0.9448 0.9472
9.6931 0.9437 0.9470
9.7104 0.9427 0.9468
9.7277 0.9417 0.9466
9.7450 0.9407 0.9464
9.7623 0.9397 0.9461
9.7796 0.9387 0.9457
9.7969 0.9377 0.9452
9.8142 0.9367 0.9447
9.8315 0.9356 0.9440
9.8488 0.9345 0.9432
9.8662 0.9334 0.9423
9.8835 0.9322 0.9412
9.9008 0.9309 0.9401
9.9181 0.9295 0.9388
9.9354 0.9279 0.9375
9.9527 0.9263 0.9361
9.9700 0.9246 0.9347
9.9873 0.9228 0.9333
10.0046 0.9209 0.9319
10.0219 0.9190 0.9306
10.0392 0.9170 0.9293
10.0566 0.9150 0.9282
10.0739 0.9130 0.9272
10.0912 0.9111 0.9262
10.1085 0.9093 0.9255
10.1258 0.9076 0.9248
10.1431 0.9061 0.9243
10.1604 0.9047 0.9239
10.1777 0.9035 0.9236
10.1950 0.9025 0.9233
10.2123 0.9017 0.9231
10.2296 0.9011 0.9229
10.2470 0.9007 0.9228
10.2643 0.9005 0.9226
10.2816 0.9006 0.9223
10.2989 0.9008 0.9220
10.3162 0.9011 0.9216
10.3335 0.9017 0.9212
10.3508 0.9023 0.9207
10.3681 0.9031 0.9201
10.3854 0.9039 0.9195
10.4027 0.9048 0.9188
10.4200 0.9058 0.9181
10.4374 0.9068 0.9174
10.4547 0.9078 0.9166
10.4720 0.9088 0.9159
10.4893 0.9097 0.9152
10.5066 0.9106 0.9145
10.5239 0.9115 0.9138
10.5412 0.9123 0.9132
10.5585 0.9130 0.9127
10.5758 0.9136 0.9122
10.5931 0.9142 0.9117
10.6104 0.9147 0.9113
10.6278 0.9151 0.9110
10.6451 0.9154 0.9107
10.6624 0.9156 0.9105
10.6797 0.9157 0.9103
10.6970 0.9157 0.9102
10.7143 0.9156 0.9101
10.7316 0.9155 0.9101
10.7489 0.9153 0.9101
10.7662 0.9150 0.9102
10.7835 0.9147 0.9103
10.8008 0.9143 0.9105
10.8182 0.9138 0.9107
10.8355 0.9134 0.9109
10.8528 0.9129 0.9111
10.8701 0.9123 0.9114
10.8874 0.9118 0.9117
10.9047 0.9112 0.9120
10.9220 0.9107 0.9122
10.9393 0.9101 0.9125
10.9566 0.9096 0.9127
10.9739 0.9090 0.9130
10.9912 0.9085 0.9132
11.0086 0.9080 0.9134
11.0259 0.9075 0.9136
11.0432 0.9070 0.9138
11.0605 0.9066 0.9140
11.0778 0.9062 0.9143
11.0951 0.9058 0.9145
11.1124 0.9055 0.9149
11.1297 0.9052 0.9153
11.1470 0.9049 0.9158
11.1643 0.9048 0.9164
11.1816 0.9046 0.9171
11.1990 0.9046 0.9180
11.2163 0.9045 0.9190
11.2336 0.9046 0.9201
11.2509 0.9047 0.9213
11.2682 0.9048 0.9226
11.2855 0.9050 0.9239
11.3028 0.9052 0.9254
11.3201 0.9055 0.9269
11.3374 0.9058 0.9284
11.3547 0.9061 0.9299
11.3720 0.9064 0.9314
11.3894 0.9068 0.9329
11.4067 0.9072 0.9343
11.4240 0.9076 0.9357
11.4413 0.9080 0.9369
11.4586 0.9084 0.9381
11.4759 0.9089 0.9391
11.4932 0.9093 0.9400
11.5105 0.9097 0.9408
11.5278 0.9102 0.9415
11.5451 0.9106 0.9421
11.5624 0.9110 0.9426
11.5797 0.9114 0.9429
11.5971 0.9118 0.9432
11.6144 0.9122 0.9433
11.6317 0.9125 0.9434
11.6490 0.9129 0.9434
11.6663 0.9132 0.9433
11.6836 0.9135 0.9433
11.7009 0.9138 0.9431
11.7182 0.9141 0.9430
11.7355 0.9144 0.9428
11.7528 0.9147 0.9426
11.7701 0.9151 0.9425
11.7875 0.9155 0.9423
11.8048 0.9159 0.9422
11.8221 0.9163 0.9421
11.8394 0.9169 0.9420
11.8567 0.9174 0.9420
11.8740 0.9181 0.9419
11.8913 0.9187 0.9419
11.9086 0.9195 0.9419
11.9259 0.9202 0.9420
11.9432 0.9210 0.9420
11.9605 0.9218 0.9421
11.9779 0.9226 0.9422
11.9952 0.9234 0.9422
12.0125 0.9241 0.9423
12.0298 0.9248 0.9424
12.0471 0.9254 0.9426
12.0644 0.9259 0.9427
12.0817 0.9264 0.9429
12.0990 0.9267 0.9431
12.1163 0.9270 0.9433
12.1336 0.9272 0.9435
12.1509 0.9273 0.9438
12.1683 0.9273 0.9441
12.1856 0.9272 0.9444
12.2029 0.9271 0.9447
12.2202 0.9269 0.9450
12.2375 0.9268 0.9452
12.2548 0.9266 0.9454
12.2721 0.9264 0.9456
12.2894 0.9262 0.9456
12.3067 0.9260 0.9455
12.3240 0.9258 0.9453
12.3413 0.9257 0.9449
12.3587 0.9255 0.9442
12.3760 0.9254 0.9433
12.3933 0.9253 0.9421
12.4106 0.9252 0.9406
12.4279 0.9251 0.9387
12.4452 0.9249 0.9366
12.4625 0.9248 0.9341
12.4798 0.9245 0.9312
12.4971 0.9243 0.9280
12.5144 0.9239 0.9245
12.5317 0.9234 0.9207
12.5491 0.9229 0.9166
12.5664 0.9222 0.9123
12.5837 0.9214 0.9079
12.6010 0.9204 0.9033
12.6183 0.9193 0.8986
12.6356 0.9180 0.8939
12.6529 0.9165 0.8893
12.6702 0.9149 0.8848
12.6875 0.9131 0.8803
12.7048 0.9111 0.8761
12.7221 0.9090 0.8721
12.7395 0.9067 0.8684
12.7568 0.9043 0.8649
12.7741 0.9018 0.8616
12.7914 0.8992 0.8587
12.8087 0.8966 0.8560
12.8260 0.8938 0.8536
12.8433 0.8911 0.8514
12.8606 0.8884 0.8495
12.8779 0.8857 0.8477
12.8952 0.8830 0.8461
12.9125 0.8804 0.8447
12.9299 0.8780 0.8433
12.9472 0.8756 0.8421
12.9645 0.8734 0.8409
12.9818 0.8714 0.8398
12.9991 0.8695 0.8387
13.0164 0.8678 0.8376
13.0337 0.8663 0.8365
13.0510 0.8650 0.8354
13.0683 0.8638 0.8342
13.0856 0.8628 0.8330
13.1029 0.8619 0.8317
13.1203 0.8612 0.8303
13.1376 0.8605 0.8288
13.1549 0.8599 0.8272
13.1722 0.8594 0.8254
13.1895 0.8589 0.8234
13.2068 0.8584 0.8212
13.2241 0.8578 0.8189
13.2414 0.8572 0.8163
13.2587 0.8565 0.8136
13.2760 0.8558 0.8106
13.2933 0.8548 0.8075
13.3107 0.8538 0.8042
13.3280 0.8526 0.8007
13.3453 0.8513 0.7971
13.3626 0.8498 0.7933
13.3799 0.8481 0.7894
13.3972 0.8462 0.7855
13.4145 0.8442 0.7815
13.4318 0.8419 0.7774
13.4491 0.8395 0.7733
13.4664 0.8368 0.7692
13.4837 0.8340 0.7650
13.5011 0.8309 0.7609
13.5184 0.8276 0.7567
13.5357 0.8241 0.7525
13.5530 0.8204 0.7483
13.5703 0.8164 0.7440
13.5876 0.8122 0.7398
13.6049 0.8078 0.7355
13.6222 0.8032 0.7313
13.6395 0.7984 0.7270
13.6568 0.7934 0.7228
13.6741 0.7883 0.7187
13.6915 0.7830 0.7146
13.7088 0.7777 0.7106
13.7261 0.7723 0.7068
13.7434 0.7668 0.7030
13.7607 0.7614 0.6995
13.7780 0.7559 0.6961
13.7953 0.7504 0.6930
13.8126 0.7450 0.6901
13.8299 0.7396 0.6874
13.8472 0.7342 0.6850
13.8645 0.7289 0.6828
13.8819 0.7237 0.6809
13.8992 0.7186 0.6792
13.9165 0.7136 0.6777
13.9338 0.7086 0.6765
13.9511 0.7038 0.6754
13.9684 0.6991 0.6746
13.9857 0.6945 0.6739
14.0030 0.6901 0.6734
14.0203 0.6858 0.6729
14.0376 0.6817 0.6727
14.0549 0.6778 0.6725
14.0723 0.6742 0.6724
14.0896 0.6707 0.6723
14.1069 0.6675 0.6723
14.1242 0.6646 0.6724
14.1415 0.6619 0.6724
14.1588 0.6594 0.6725
14.1761 0.6572 0.6726
14.1934 0.6553 0.6727
14.2107 0.6535 0.6727
14.2280 0.6520 0.6728
14.2453 0.6506 0.6728
14.2627 0.6493 0.6727
14.2800 0.6482 0.6727
14.2973 0.6473 0.6725
14.3146 0.6463 0.6723
14.3319 0.6455 0.6721
14.3492 0.6447 0.6718
14.3665 0.6440 0.6715
14.3838 0.6432 0.6712
14.4011 0.6425 0.6708
14.4184 0.6419 0.6704
14.4357 0.6412 0.6700
14.4531 0.6406 0.6695
14.4704 0.6401 0.6691
14.4877 0.6396 0.6687
14.5050 0.6392 0.6684
14.5223 0.6389 0.6680
14.5396 0.6386 0.6677
14.5569 0.6385 0.6674
14.5742 0.6384 0.6672
14.5915 0.6385 0.6669
14.6088 0.6387 0.6667
14.6261 0.6389 0.6665
14.6435 0.6393 0.6663
14.6608 0.6398 0.6661
14.6781 0.6403 0.6658
14.6954 0.6409 0.6656
14.7127 0.6415 0.6653
14.7300 0.6422 0.6649
14.7473 0.6429 0.6646
14.7646 0.6437 0.6642
14.7819 0.6444 0.6637
14.7992 0.6451 0.6633
14.8165 0.6459 0.6628
14.8338 0.6466 0.6623
14.8512 0.6473 0.6619
14.8685 0.6480 0.6614
14.8858 0.6487 0.6610
14.9031 0.6494 0.6606
14.9204 0.6500 0.6603
14.9377 0.6507 0.6601
14.9550 0.6513 0.6599
14.9723 0.6519 0.6598
14.9896 0.6526 0.6598
15.0069 0.6532 0.6598
15.0242 0.6538 0.6600
15.0416 0.6544 0.6602
15.0589 0.6550 0.6606
15.0762 0.6555 0.6610
15.0935 0.6561 0.6615
15.1108 0.6567 0.6621
15.1281 0.6573 0.6628
15.1454 0.6579 0.6636
15.1627 0.6585 0.6645
15.1800 0.6591 0.6655
15.1973 0.6598 0.6665
15.2146 0.6604 0.6677
15.2320 0.6611 0.6689
15.2493 0.6618 0.6702
15.2666 0.6625 0.6715
15.2839 0.6633 0.6729
15.3012 0.6641 0.6743
15.3185 0.6650 0.6758
15.3358 0.6658 0.6773
15.3531 0.6668 0.6788
15.3704 0.6677 0.6803
15.3877 0.6687 0.6819
15.4050 0.6698 0.6834
15.4224 0.6708 0.6850
15.4397 0.6719 0.6865
15.4570 0.6731 0.6880
15.4743 0.6742 0.6895
15.4916 0.6754 0.6909
15.5089 0.6766 0.6924
15.5262 0.6778 0.6938
15.5435 0.6790 0.6952
15.5608 0.6802 0.6966
15.5781 0.6814 0.6980
15.5954 0.6826 0.6994
15.6128 0.6838 0.7007
15.6301 0.6850 0.7020
15.6474 0.6862 0.7033
15.6647 0.6874 0.7045
15.6820 0.6886 0.7058
15.6993 0.6898 0.7070
15.7166 0.6909 0.7082
15.7339 0.6921 0.7093
15.7512 0.6932 0.7104
15.7685 0.6943 0.7115
15.7858 0.6954 0.7126
15.8032 0.6965 0.7137
15.8205 0.6976 0.7147
15.8378 0.6986 0.7157
15.8551 0.6996 0.7167
15.8724 0.7006 0.7177
15.8897 0.7016 0.7186
15.9070 0.7025 0.7196
15.9243 0.7035 0.7205
15.9416 0.7044 0.7214
15.9589 0.7053 0.7223
15.9762 0.7062 0.7233
15.9936 0.7071 0.7242
16.0109 0.7080 0.7251
16.0282 0.7088 0.7260
16.0455 0.7097 0.7269
16.0628 0.7106 0.7278
16.0801 0.7114 0.7287
16.0974 0.7123 0.7295
16.1147 0.7132 0.7304
16.1320 0.7141 0.7313
16.1493 0.7150 0.7322
16.1666 0.7159 0.7330
16.1840 0.7168 0.7339
16.2013 0.7177 0.7347
16.2186 0.7186 0.7356
16.2359 0.7195 0.7364
16.2532 0.7205 0.7372
16.2705 0.7214 0.7381
16.2878 0.7224 0.7389
16.3051 0.7233 0.7397
16.3224 0.7243 0.7406
16.3397 0.7253 0.7414
16.3570 0.7262 0.7422
16.3744 0.7272 0.7431
16.3917 0.7282 0.7439
16.4090 0.7292 0.7447
16.4263 0.7301 0.7456
16.4436 0.7311 0.7464
16.4609 0.7321 0.7472
16.4782 0.7331 0.7481
16.4955 0.7340 0.7489
16.5128 0.7350 0.7497
16.5301 0.7360 0.7505
16.5474 0.7369 0.7513
16.5648 0.7378 0.7521
16.5821 0.7388 0.7529
16.5994 0.7397 0.7537
16.6167 0.7406 0.7545
16.6340 0.7415 0.7553
16.6513 0.7424 0.7560
16.6686 0.7433 0.7568
16.6859 0.7442 0.7575
16.7032 0.7451 0.7583
16.7205 0.7460 0.7590
16.7378 0.7469 0.7597
16.7552 0.7478 0.7604
16.7725 0.7486 0.7611
16.7898 0.7495 0.7619
16.8071 0.7504 0.7626
16.8244 0.7513 0.7633
16.8417 0.7522 0.7640
16.8590 0.7532 0.7647
16.8763 0.7541 0.7654
16.8936 0.7551 0.7661
16.9109 0.7560 0.7668
16.9282 0.7570 0.7675
16.9456 0.7580 0.7682
16.9629 0.7590 0.7689
16.9802 0.7600 0.7696
16.9975 0.7611 0.7704
17.0148 0.7621 0.7711
17.0321 0.7632 0.7718
17.0494 0.7642 0.7725
17.0667 0.7653 0.7732
17.0840 0.7663 0.7739
17.1013 0.7674 0.7747
17.1186 0.7684 0.7754
17.1360 0.7695 0.7761
17.1533 0.7705 0.7768
17.1706 0.7715 0.7776
17.1879 0.7725 0.7783
17.2052 0.7735 0.7791
17.2225 0.7745 0.7798
17.2398 0.7755 0.7806
17.2571 0.7764 0.7813
17.2744 0.7773 0.7821
17.2917 0.7782 0.7829
17.3090 0.7791 0.7836
17.3264 0.7799 0.7844
17.3437 0.7808 0.7852
17.3610 0.7816 0.7859
17.3783 0.7825 0.7867
17.3956 0.7833 0.7875
17.4129 0.7841 0.7883
17.4302 0.7849 0.7890
17.4475 0.7857 0.7898
17.4648 0.7865 0.7905
17.4821 0.7873 0.7913
17.4994 0.7881 0.7920
17.5168 0.7889 0.7928
17.5341 0.7897 0.7935
17.5514 0.7905 0.7942
17.5687 0.7913 0.7950
17.5860 0.7921 0.7957
17.6033 0.7929 0.7964
17.6206 0.7937 0.7971
17.6379 0.7946 0.7978
17.6552 0.7954 0.7985
17.6725 0.7962 0.7992
17.6898 0.7970 0.7999
17.7072 0.7978 0.8006
17.7245 0.7986 0.8013
17.7418 0.7994 0.8020
17.7591 0.8002 0.8027
17.7764 0.8010 0.8034
17.7937 0.8018 0.8041
17.8110 0.8026 0.8048
17.8283 0.8033 0.8055
17.8456 0.8041 0.8062
17.8629 0.8048 0.8069
17.8802 0.8056 0.8076
17.8976 0.8063 0.8083
17.9149 0.8070 0.8091
17.9322 0.8078 0.8098
17.9495 0.8085 0.8105
17.9668 0.8092 0.8112
17.9841 0.8099 0.8120
18.0014 0.8106 0.8127
18.0187 0.8113 0.8134
18.0360 0.8120 0.8142
18.0533 0.8127 0.8149
18.0706 0.8133 0.8156
18.0879 0.8140 0.8164
18.1053 0.8147 0.8171
18.1226 0.8154 0.8178
18.1399 0.8161 0.8186
18.1572 0.8167 0.8193
18.1745 0.8174 0.8200
18.1918 0.8181 0.8207
18.2091 0.8187 0.8214
18.2264 0.8194 0.8221
18.2437 0.8200 0.8228
18.2610 0.8207 0.8235
18.2783 0.8213 0.8242
18.2957 0.8220 0.8249
18.3130 0.8226 0.8255
18.3303 0.8233 0.8262
18.3476 0.8239 0.8268
18.3649 0.8246 0.8275
18.3822 0.8252 0.8281
18.3995 0.8258 0.8288
18.4168 0.8265 0.8294
18.4341 0.8271 0.8300
18.4514 0.8277 0.8306
18.4687 0.8283 0.8312
18.4861 0.8290 0.8318
18.5034 0.8296 0.8324
18.5207 0.8302 0.8330
18.5380 0.8308 0.8335
18.5553 0.8314 0.8341
18.5726 0.8320 0.8347
18.5899 0.8325 0.8352
18.6072 0.8331 0.8358
18.6245 0.8337 0.8363
18.6418 0.8342 0.8369
18.6591 0.8348 0.8374
18.6765 0.8354 0.8379
18.6938 0.8359 0.8385
18.7111 0.8364 0.8390
18.7284 0.8370 0.8395
18.7457 0.8375 0.8400
18.7630 0.8380 0.8406
18.7803 0.8385 0.8411
18.7976 0.8390 0.8416
18.8149 0.8395 0.8421
18.8322 0.8400 0.8426
18.8495 0.8405 0.8431
18.8669 0.8410 0.8436
18.8842 0.8415 0.8441
18.9015 0.8420 0.8446
18.9188 0.8425 0.8451
18.9361 0.8430 0.8456
18.9534 0.8434 0.8461
18.9707 0.8439 0.8466
18.9880 0.8444 0.8471
19.0053 0.8449 0.8475
19.0226 0.8454 0.8480
19.0399 0.8458 0.8485
19.0573 0.8463 0.8489
19.0746 0.8468 0.8494
19.0919 0.8472 0.8498
19.1092 0.8477 0.8503
19.1265 0.8482 0.8507
19.1438 0.8486 0.8511
19.1611 0.8491 0.8516
19.1784 0.8495 0.8520
19.1957 0.8500 0.8524
19.2130 0.8505 0.8529
19.2303 0.8509 0.8533
19.2477 0.8514 0.8537
19.2650 0.8518 0.8541
19.2823 0.8523 0.8546
19.2996 0.8527 0.8550
19.3169 0.8532 0.8554
19.3342 0.8536 0.8558
19.3515 0.8541 0.8563
19.3688 0.8545 0.8567
19.3861 0.8549 0.8571
19.4034 0.8554 0.8575
19.4207 0.8558 0.8579
19.4381 0.8562 0.8583
19.4554 0.8566 0.8587
19.4727 0.8571 0.8592
19.4900 0.8575 0.8596
19.5073 0.8579 0.8600
19.5246 0.8583 0.8604
19.5419 0.8587 0.8608
19.5592 0.8591 0.8612
19.5765 0.8595 0.8616
19.5938 0.8599 0.8620
19.6111 0.8602 0.8624
19.6285 0.8606 0.8628
19.6458 0.8610 0.8633
19.6631 0.8614 0.8637
19.6804 0.8618 0.8641
19.6977 0.8621 0.8645
19.7150 0.8625 0.8649
19.7323 0.8629 0.8653
19.7496 0.8633 0.8657
19.7669 0.8636 0.8661
19.7842 0.8640 0.8665
19.8015 0.8644 0.8669
19.8189 0.8648 0.8673
19.8362 0.8651 0.8677
19.8535 0.8655 0.8680
19.8708 0.8659 0.8684
19.8881 0.8662 0.8688
19.9054 0.8666 0.8692
19.9227 0.8670 0.8696
19.9400 0.8673 0.8699
19.9573 0.8677 0.8703
19.9746 0.8681 0.8707
19.9919 0.8684 0.8710
20.0093 0.8688 0.8714
20.0266 0.8691 0.8718
20.0439 0.8695 0.8721
20.0612 0.8698 0.8725
20.0785 0.8702 0.8728
20.0958 0.8705 0.8732
20.1131 0.8709 0.8735
20.1304 0.8712 0.8739
20.1477 0.8716 0.8742
20.1650 0.8719 0.8745
20.1823 0.8722 0.8749
20.1997 0.8726 0.8752
20.2170 0.8729 0.8755
20.2343 0.8732 0.8758
20.2516 0.8736 0.8762
20.2689 0.8739 0.8765
20.2862 0.8742 0.8768
20.3035 0.8745 0.8771
20.3208 0.8749 0.8774
20.3381 0.8752 0.8778
20.3554 0.8755 0.8781
20.3727 0.8758 0.8784
20.3901 0.8761 0.8787
20.4074 0.8764 0.8790
20.4247 0.8767 0.8793
20.4420 0.8771 0.8796
20.4593 0.8774 0.8799
20.4766 0.8777 0.8803
20.4939 0.8780 0.8806
20.5112 0.8783 0.8809
20.5285 0.8786 0.8812
20.5458 0.8789 0.8815
20.5631 0.8792 0.8818
20.5805 0.8795 0.8821
20.5978 0.8798 0.8824
20.6151 0.8801 0.8827
20.6324 0.8804 0.8830
20.6497 0.8807 0.8833
20.6670 0.8810 0.8836
20.6843 0.8813 0.8839
20.7016 0.8816 0.8841
20.7189 0.8819 0.8844
20.7362 0.8821 0.8847
20.7535 0.8824 0.8850
20.7709 0.8827 0.8853
20.7882 0.8830 0.8856
20.8055 0.8833 0.8858
20.8228 0.8836 0.8861
20.8401 0.8839 0.8864
20.8574 0.8841 0.8867
20.8747 0.8844 0.8869
20.8920 0.8847 0.8872
20.9093 0.8850 0.8875
20.9266 0.8853 0.8878
20.9439 0.8855 0.8880
20.9613 0.8858 0.8883
20.9786 0.8861 0.8886
20.9959 0.8864 0.8889
21.0132 0.8867 0.8891
21.0305 0.8869 0.8894
21.0478 0.8872 0.8897
21.0651 0.8875 0.8899
21.0824 0.8878 0.8902
21.0997 0.8880 0.8905
21.1170 0.8883 0.8908
21.1343 0.8886 0.8910
21.1517 0.8889 0.8913
21.1690 0.8891 0.8916
21.1863 0.8894 0.8918
21.2036 0.8897 0.8921
21.2209 0.8899 0.8924
21.2382 0.8902 0.8926
21.2555 0.8905 0.8929
21.2728 0.8907 0.8931
21.2901 0.8910 0.8934
21.3074 0.8913 0.8937
21.3247 0.8915 0.8939
21.3420 0.8918 0.8942
21.3594 0.8920 0.8944
21.3767 0.8923 0.8947
21.3940 0.8926 0.8949
21.4113 0.8928 0.8951
21.4286 0.8931 0.8954
21.4459 0.8933 0.8956
21.4632 0.8936 0.8959
21.4805 0.8938 0.8961
21.4978 0.8941 0.8964
21.5151 0.8943 0.8966
21.5324 0.8946 0.8968
21.5498 0.8948 0.8971
21.5671 0.8951 0.8973
21.5844 0.8953 0.8976
21.6017 0.8956 0.8978
21.6190 0.8958 0.8980
21.6363 0.8960 0.8983
21.6536 0.8963 0.8985
21.6709 0.8965 0.8987
21.6882 0.8968 0.8990
21.7055 0.8970 0.8992
21.7228 0.8972 0.8994
21.7402 0.8975 0.8996
21.7575 0.8977 0.8999
21.7748 0.8979 0.9001
21.7921 0.8982 0.9003
21.8094 0.8984 0.9005
21.8267 0.8987 0.9007
21.8440 0.8989 0.9010
21.8613 0.8991 0.9012
21.8786 0.8993 0.9014
21.8959 0.8996 0.9016
21.9132 0.8998 0.9018
21.9306 0.9000 0.9020
21.9479 0.9003 0.9023
21.9652 0.9005 0.9025
21.9825 0.9007 0.9027
21.9998 0.9009 0.9029
22.0171 0.9012 0.9031
22.0344 0.9014 0.9033
22.0517 0.9016 0.9035
22.0690 0.9018 0.9037
22.0863 0.9020 0.9040
22.1036 0.9023 0.9042
22.1210 0.9025 0.9044
22.1383 0.9027 0.9046
22.1556 0.9029 0.9048
22.1729 0.9031 0.9050
22.1902 0.9033 0.9052
22.2075 0.9035 0.9054
22.2248 0.9037 0.9056
22.2421 0.9040 0.9059
22.2594 0.9042 0.9061
22.2767 0.9044 0.9063
22.2940 0.9046 0.9065
22.3114 0.9048 0.9067
22.3287 0.9050 0.9069
22.3460 0.9052 0.9071
22.3633 0.9054 0.9073
22.3806 0.9056 0.9075
22.3979 0.9058 0.9077
22.4152 0.9060 0.9078
22.4325 0.9062 0.9080
22.4498 0.9064 0.9082
22.4671 0.9066 0.9084
22.4844 0.9068 0.9086
22.5018 0.9070 0.9088
22.5191 0.9072 0.9090
22.5364 0.9074 0.9092
22.5537 0.9076 0.9093
22.5710 0.9078 0.9095
22.5883 0.9080 0.9097
22.6056 0.9082 0.9099
22.6229 0.9084 0.9101
22.6402 0.9086 0.9103
22.6575 0.9088 0.9105
22.6748 0.9090 0.9106
22.6922 0.9091 0.9108
22.7095 0.9093 0.9110
22.7268 0.9095 0.9112
22.7441 0.9097 0.9114
22.7614 0.9099 0.9115
22.7787 0.9101 0.9117
22.7960 0.9102 0.9119
22.8133 0.9104 0.9121
22.8306 0.9106 0.9123
22.8479 0.9108 0.9124
22.8652 0.9110 0.9126
22.8826 0.9111 0.9128
22.8999 0.9113 0.9130
22.9172 0.9115 0.9132
22.9345 0.9117 0.9133
22.9518 0.9118 0.9135
22.9691 0.9120 0.9137
22.9864 0.9122 0.9138
23.0037 0.9124 0.9140
23.0210 0.9125 0.9142
23.0383 0.9127 0.9144
23.0556 0.9129 0.9145
23.0730 0.9130 0.9147
23.0903 0.9132 0.9149
23.1076 0.9134 0.9150
23.1249 0.9135 0.9152
23.1422 0.9137 0.9153
23.1595 0.9139 0.9155
23.1768 0.9140 0.9157
23.1941 0.9142 0.9158
23.2114 0.9144 0.9160
23.2287 0.9145 0.9161
23.2460 0.9147 0.9163
23.2634 0.9148 0.9164
23.2807 0.9150 0.9166
23.2980 0.9152 0.9168
23.3153 0.9153 0.9169
23.3326 0.9155 0.9171
23.3499 0.9156 0.9172
23.3672 0.9158 0.9174
23.3845 0.9160 0.9175
23.4018 0.9161 0.9177
23.4191 0.9163 0.9178
23.4364 0.9164 0.9180
23.4538 0.9166 0.9181
23.4711 0.9167 0.9182
23.4884 0.9169 0.9184
23.5057 0.9170 0.9185
23.5230 0.9172 0.9187
23.5403 0.9173 0.9188
23.5576 0.9175 0.9190
23.5749 0.9176 0.9191
23.5922 0.9178 0.9192
23.6095 0.9179 0.9194
23.6268 0.9181 0.9195
23.6442 0.9182 0.9196
23.6615 0.9184 0.9198
23.6788 0.9185 0.9199
23.6961 0.9187 0.9200
23.7134 0.9188 0.9202
23.7307 0.9190 0.9203
23.7480 0.9191 0.9204
23.7653 0.9193 0.9206
23.7826 0.9194 0.9207
23.7999 0.9195 0.9208
23.8172 0.9197 0.9209
23.8346 0.9198 0.9211
23.8519 0.9200 0.9212
23.8692 0.9201 0.9213
23.8865 0.9202 0.9215
23.9038 0.9204 0.9216
23.9211 0.9205 0.9217
23.9384 0.9207 0.9219
23.9557 0.9208 0.9220
23.9730 0.9209 0.9222
23.9903 0.9211 0.9223
24.0076 0.9212 0.9224
24.0250 0.9213 0.9226
24.0423 0.9214 0.9227
24.0596 0.9216 0.9228
24.0769 0.9217 0.9230
24.0942 0.9218 0.9231
24.1115 0.9220 0.9233
24.1288 0.9221 0.9234
24.1461 0.9222 0.9235
24.1634 0.9224 0.9237
24.1807 0.9225 0.9238
24.1980 0.9226 0.9239
24.2154 0.9227 0.9241
24.2327 0.9229 0.9242
24.2500 0.9230 0.9243
24.2673 0.9231 0.9245
24.2846 0.9232 0.9246
24.3019 0.9234 0.9247
24.3192 0.9235 0.9248
24.3365 0.9236 0.9250
24.3538 0.9238 0.9251
24.3711 0.9239 0.9252
24.3884 0.9240 0.9253
24.4058 0.9241 0.9255
24.4231 0.9243 0.9256
24.4404 0.9244 0.9257
24.4577 0.9245 0.9258
24.4750 0.9247 0.9260
24.4923 0.9248 0.9261
24.5096 0.9249 0.9262
24.5269 0.9251 0.9263
24.5442 0.9252 0.9265
24.5615 0.9253 0.9266
24.5788 0.9254 0.9267
24.5961 0.9256 0.9269
24.6135 0.9257 0.9270
24.6308 0.9258 0.9271
24.6481 0.9260 0.9272
24.6654 0.9261 0.9274
24.6827 0.9262 0.9275
24.7000 0.9263 0.9276
24.7173 0.9265 0.9278
24.7346 0.9266 0.9279
24.7519 0.9267 0.9280
24.7692 0.9268 0.9281
24.7865 0.9270 0.9283
24.8039 0.9271 0.9284
24.8212 0.9272 0.9285
24.8385 0.9273 0.9286
24.8558 0.9275 0.9288
24.8731 0.9276 0.9289
24.8904 0.9277 0.9290
24.9077 0.9278 0.9292
24.9250 0.9280 0.9293
24.9423 0.9281 0.9294
24.9596 0.9282 0.9295
24.9769 0.9283 0.9297
24.9943 0.9285 0.9298
25.0116 0.9286 0.9299
25.0289 0.9287 0.9300
25.0462 0.9288 0.9302
25.0635 0.9290 0.9303
25.0808 0.9291 0.9304
25.0981 0.9292 0.9305
25.1154 0.9294 0.9306
25.1327 0.9295 0.9308
25.1500 0.9296 0.9309
25.1673 0.9297 0.9310
25.1847 0.9299 0.9311
25.2020 0.9300 0.9313
25.2193 0.9301 0.9314
25.2366 0.9302 0.9315
25.2539 0.9303 0.9316
25.2712 0.9305 0.9318
25.2885 0.9306 0.9319
25.3058 0.9307 0.9320
25.3231 0.9308 0.9321
25.3404 0.9309 0.9322
25.3577 0.9311 0.9324
25.3751 0.9312 0.9325
25.3924 0.9313 0.9326
25.4097 0.9314 0.9327
25.4270 0.9315 0.9328
25.4443 0.9317 0.9329
25.4616 0.9318 0.9331
25.4789 0.9319 0.9332
25.4962 0.9320 0.9333
25.5135 0.9321 0.9334
25.5308 0.9322 0.9335
25.5481 0.9324 0.9336
25.5655 0.9325 0.9337
25.5828 0.9326 0.9339
25.6001 0.9327 0.9340
25.6174 0.9328 0.9341
25.6347 0.9329 0.9342
25.6520 0.9331 0.9343
25.6693 0.9332 0.9344
25.6866 0.9333 0.9345
25.7039 0.9334 0.9346
25.7212 0.9335 0.9347
25.7385 0.9336 0.9348
25.7559 0.9337 0.9349
25.7732 0.9339 0.9350
25.7905 0.9340 0.9352
25.8078 0.9341 0.9353
25.8251 0.9342 0.9354
25.8424 0.9343 0.9355
25.8597 0.9344 0.9356
25.8770 0.9345 0.9357
25.8943 0.9346 0.9358
25.9116 0.9347 0.9359
25.9289 0.9349 0.9360
25.9463 0.9350 0.9361
25.9636 0.9351 0.9362
25.9809 0.9352 0.9363
25.9982 0.9353 0.9364
26.0155 0.9354 0.9365
26.0328 0.9355 0.9366
26.0501 0.9356 0.9367
26.0674 0.9357 0.9368
26.0847 0.9358 0.9369
26.1020 0.9359 0.9370
26.1193 0.9360 0.9371
26.1367 0.9361 0.9372
26.1540 0.9362 0.9373
26.1713 0.9363 0.9374
26.1886 0.9364 0.9375
26.2059 0.9365 0.9376
26.2232 0.9366 0.9377
26.2405 0.9367 0.9378
26.2578 0.9368 0.9379
26.2751 0.9369 0.9380
26.2924 0.9370 0.9381
26.3097 0.9371 0.9382
26.3271 0.9372 0.9383
26.3444 0.9373 0.9384
26.3617 0.9374 0.9385
26.3790 0.9375 0.9386
26.3963 0.9376 0.9387
26.4136 0.9377 0.9388
26.4309 0.9378 0.9389
26.4482 0.9379 0.9390
26.4655 0.9380 0.9391
26.4828 0.9381 0.9392
26.5001 0.9382 0.9393
26.5175 0.9383 0.9394
26.5348 0.9384 0.9395
26.5521 0.9385 0.9396
26.5694 0.9386 0.9397
26.5867 0.9387 0.9398
26.6040 0.9388 0.9399
26.6213 0.9389 0.9400
26.6386 0.9390 0.9401
26.6559 0.9391 0.9402
26.6732 0.9392 0.9403
26.6905 0.9393 0.9404
26.7079 0.9394 0.9405
26.7252 0.9395 0.9406
26.7425 0.9396 0.9407
26.7598 0.9397 0.9408
26.7771 0.9398 0.9409
26.7944 0.9399 0.9410
26.8117 0.9400 0.9410
26.8290 0.9401 0.9411
26.8463 0.9402 0.9412
26.8636 0.9403 0.9413
26.8809 0.9404 0.9414
26.8983 0.9405 0.9415
26.9156 0.9406 0.9416
26.9329 0.9407 0.9417
26.9502 0.9407 0.9418
26.9675 0.9408 0.9419
26.9848 0.9409 0.9420
27.0021 0.9410 0.9421
27.0194 0.9411 0.9422
27.0367 0.9412 0.9422
27.0540 0.9413 0.9423
27.0713 0.9414 0.9424
27.0887 0.9415 0.9425
27.1060 0.9416 0.9426
27.1233 0.9417 0.9427
27.1406 0.9418 0.9428
27.1579 0.9419 0.9429
27.1752 0.9420 0.9430
27.1925 0.9420 0.9430
27.2098 0.9421 0.9431
27.2271 0.9422 0.9432
27.2444 0.9423 0.9433
27.2617 0.9424 0.9434
27.2791 0.9425 0.9435
27.2964 0.9426 0.9436
27.3137 0.9427 0.9437
27.3310 0.9428 0.9437
27.3483 0.9428 0.9438
27.3656 0.9429 0.9439
27.3829 0.9430 0.9440
27.4002 0.9431 0.9441
27.4175 0.9432 0.9442
27.4348 0.9433 0.9443
27.4521 0.9434 0.9443
27.4695 0.9435 0.9444
27.4868 0.9435 0.9445
27.5041 0.9436 0.9446
27.5214 0.9437 0.9447
27.5387 0.9438 0.9448
27.5560 0.9439 0.9448
27.5733 0.9440 0.9449
27.5906 0.9441 0.9450
27.6079 0.9441 0.9451
27.6252 0.9442 0.9452
27.6425 0.9443 0.9453
27.6599 0.9444 0.9453
27.6772 0.9445 0.9454
27.6945 0.9446 0.9455
27.7118 0.9446 0.9456
27.7291 0.9447 0.9457
27.7464 0.9448 0.9458
27.7637 0.9449 0.9458
27.7810 0.9450 0.9459
27.7983 0.9451 0.9460
27.8156 0.9451 0.9461
27.8329 0.9452 0.9462
27.8503 0.9453 0.9462
27.8676 0.9454 0.9463
27.8849 0.9455 0.9464
27.9022 0.9455 0.9465
27.9195 0.9456 0.9466
27.9368 0.9457 0.9466
27.9541 0.9458 0.9467
27.9714 0.9459 0.9468
27.9887 0.9459 0.9469
28.0060 0.9460 0.9470
28.0233 0.9461 0.9470
28.0406 0.9462 0.9471
28.0580 0.9463 0.9472
28.0753 0.9463 0.9473
28.0926 0.9464 0.9473
28.1099 0.9465 0.9474
28.1272 0.9466 0.9475
28.1445 0.9467 0.9476
28.1618 0.9467 0.9476
28.1791 0.9468 0.9477
28.1964 0.9469 0.9478
28.2137 0.9470 0.9479
28.2310 0.9470 0.9480
28.2484 0.9471 0.9480
28.2657 0.9472 0.9481
28.2830 0.9473 0.9482
28.3003 0.9474 0.9483
28.3176 0.9474 0.9483
28.3349 0.9475 0.9484
28.3522 0.9476 0.9485
28.3695 0.9477 0.9486
28.3868 0.9477 0.9486
28.4041 0.9478 0.9487
28.4214 0.9479 0.9488
28.4388 0.9480 0.9489
28.4561 0.9480 0.9489
28.4734 0.9481 0.9490
28.4907 0.9482 0.9491
28.5080 0.9483 0.9491
28.5253 0.9483 0.9492
28.5426 0.9484 0.9493
28.5599 0.9485 0.9494
28.5772 0.9486 0.9494
28.5945 0.9486 0.9495
28.6118 0.9487 0.9496
28.6292 0.9488 0.9497
28.6465 0.9489 0.9497
28.6638 0.9489 0.9498
28.6811 0.9490 0.9499
28.6984 0.9491 0.9499
28.7157 0.9492 0.9500
28.7330 0.9492 0.9501
28.7503 0.9493 0.9502
28.7676 0.9494 0.9502
28.7849 0.9495 0.9503
28.8022 0.9495 0.9504
28.8196 0.9496 0.9504
28.8369 0.9497 0.9505
28.8542 0.9497 0.9506
28.8715 0.9498 0.9507
28.8888 0.9499 0.9507
28.9061 0.9500 0.9508
28.9234 0.9500 0.9509
28.9407 0.9501 0.9509
28.9580 0.9502 0.9510
28.9753 0.9502 0.9511
28.9926 0.9503 0.9511
29.0100 0.9504 0.9512
29.0273 0.9504 0.9513
29.0446 0.9505 0.9514
29.0619 0.9506 0.9514
29.0792 0.9507 0.9515
29.0965 0.9507 0.9516
29.1138 0.9508 0.9516
29.1311 0.9509 0.9517
29.1484 0.9509 0.9518
29.1657 0.9510 0.9518
29.1830 0.9511 0.9519
29.2004 0.9511 0.9520
29.2177 0.9512 0.9520
29.2350 0.9513 0.9521
29.2523 0.9513 0.9522
29.2696 0.9514 0.9522
29.2869 0.9515 0.9523
29.3042 0.9515 0.9524
29.3215 0.9516 0.9524
29.3388 0.9517 0.9525
29.3561 0.9518 0.9526
29.3734 0.9518 0.9526
29.3908 0.9519 0.9527
29.4081 0.9520 0.9528
29.4254 0.9520 0.9528
29.4427 0.9521 0.9529
29.4600 0.9521 0.9530
29.4773 0.9522 0.9530
29.4946 0.9523 0.9531
29.5119 0.9523 0.9531
29.5292 0.9524 0.9532
29.5465 0.9525 0.9533
29.5638 0.9525 0.9533
29.5812 0.9526 0.9534
29.5985 0.9527 0.9535
29.6158 0.9527 0.9535
29.6331 0.9528 0.9536
29.6504 0.9529 0.9537
29.6677 0.9529 0.9537
29.6850 0.9530 0.9538
29.7023 0.9531 0.9538
29.7196 0.9531 0.9539
29.7369 0.9532 0.9540
29.7542 0.9532 0.9540
29.7716 0.9533 0.9541
29.7889 0.9534 0.9542
29.8062 0.9534 0.9542
29.8235 0.9535 0.9543
29.8408 0.9536 0.9543
29.8581 0.9536 0.9544
29.8754 0.9537 0.9545
29.8927 0.9538 0.9545
29.9100 0.9538 0.9546
29.9273 0.9539 0.9546
29.9446 0.9539 0.9547
29.9620 0.9540 0.9548
29.9793 0.9541 0.9548
29.9966 0.9541 0.9549
30.0139 0.9542 0.9549
30.0312 0.9542 0.9550
30.0485 0.9543 0.9551
30.0658 0.9544 0.9551
30.0831 0.9544 0.9552
30.1004 0.9545 0.9552
30.1177 0.9546 0.9553
30.1350 0.9546 0.9554
30.1524 0.9547 0.9554
30.1697 0.9547 0.9555
30.1870 0.9548 0.9555
30.2043 0.9549 0.9556
30.2216 0.9549 0.9557
30.2389 0.9550 0.9557
30.2562 0.9550 0.9558
30.2735 0.9551 0.9558
30.2908 0.9552 0.9559
30.3081 0.9552 0.9559
30.3254 0.9553 0.9560
30.3428 0.9553 0.9561
30.3601 0.9554 0.9561
30.3774 0.9554 0.9562
30.3947 0.9555 0.9562
30.4120 0.9556 0.9563
30.4293 0.9556 0.9564
30.4466 0.9557 0.9564
30.4639 0.9557 0.9565
30.4812 0.9558 0.9565
30.4985 0.9559 0.9566
30.5158 0.9559 0.9566
30.5332 0.9560 0.9567
30.5505 0.9560 0.9567
30.5678 0.9561 0.9568
30.5851 0.9561 0.9569
30.6024 0.9562 0.9569
30.6197 0.9563 0.9570
30.6370 0.9563 0.9570
30.6543 0.9564 0.9571
30.6716 0.9564 0.9571
30.6889 0.9565 0.9572
30.7062 0.9565 0.9573
30.7236 0.9566 0.9573
30.7409 0.9566 0.9574
30.7582 0.9567 0.9574
30.7755 0.9568 0.9575
30.7928 0.9568 0.9575
30.8101 0.9569 0.9576
30.8274 0.9569 0.9576
30.8447 0.9570 0.9577
30.8620 0.9570 0.9577
30.8793 0.9571 0.9578
30.8966 0.9571 0.9579
30.9140 0.9572 0.9579
30.9313 0.9573 0.9580
30.9486 0.9573 0.9580
30.9659 0.9574 0.9581
30.9832 0.9574 0.9581
31.0005 0.9575 0.9582
31.0178 0.9575 0.9582
31.0351 0.9576 0.9583
31.0524 0.9576 0.9583
31.0697 0.9577 0.9584
31.0870 0.9577 0.9584
31.1044 0.9578 0.9585
31.1217 0.9579 0.9585
31.1390 0.9579 0.9586
31.1563 0.9580 0.9586
31.1736 0.9580 0.9587
31.1909 0.9581 0.9588
31.2082 0.9581 0.9588
31.2255 0.9582 0.9589
31.2428 0.9582 0.9589
31.2601 0.9583 0.9590
31.2774 0.9583 0.9590
31.2947 0.9584 0.9591
31.3121 0.9584 0.9591
31.3294 0.9585 0.9592
31.3467 0.9585 0.9592
31.3640 0.9586 0.9593
31.3813 0.9586 0.9593
31.3986 0.9587 0.9594
31.4159 0.9588 0.9594
31.4332 0.9588 0.9595
31.4505 0.9589 0.9595
31.4678 0.9589 0.9596
31.4851 0.9590 0.9596
31.5025 0.9590 0.9597
31.5198 0.9591 0.9597
31.5371 0.9591 0.9598
31.5544 0.9592 0.9598
31.5717 0.9592 0.9599
31.5890 0.9593 0.9599
31.6063 0.9593 0.9600
31.6236 0.9594 0.9600
31.6409 0.9594 0.9601
31.6582 0.9595 0.9601
31.6755 0.9595 0.9602
31.6929 0.9596 0.9602
31.7102 0.9596 0.9603
31.7275 0.9597 0.9603
31.7448 0.9597 0.9604
31.7621 0.9598 0.9604
31.7794 0.9598 0.9605
31.7967 0.9599 0.9605
31.8140 0.9599 0.9606
31.8313 0.9600 0.9606
31.8486 0.9600 0.9607
31.8659 0.9601 0.9607
31.8833 0.9601 0.9608
31.9006 0.9602 0.9608
31.9179 0.9602 0.9609
31.9352 0.9603 0.9609
31.9525 0.9603 0.9609
31.9698 0.9604 0.9610
31.9871 0.9604 0.9610
32.0044 0.9605 0.9611
32.0217 0.9605 0.9611
32.0390 0.9605 0.9612
32.0563 0.9606 0.9612
32.0737 0.9606 0.9613
32.0910 0.9607 0.9613
32.1083 0.9607 0.9614
32.1256 0.9608 0.9614
32.1429 0.9608 0.9615
32.1602 0.9609 0.9615
32.1775 0.9609 0.9616
32.1948 0.9610 0.9616
32.2121 0.9610 0.9617
32.2294 0.9611 0.9617
32.2467 0.9611 0.9617
32.2641 0.9612 0.9618
32.2814 0.9612 0.9618
32.2987 0.9613 0.9619
32.3160 0.9613 0.9619
32.3333 0.9614 0.9620
32.3506 0.9614 0.9620
32.3679 0.9614 0.9621
32.3852 0.9615 0.9621
32.4025 0.9615 0.9622
32.4198 0.9616 0.9622
32.4371 0.9616 0.9623
32.4545 0.9617 0.9623
32.4718 0.9617 0.9623
32.4891 0.9618 0.9624
32.5064 0.9618 0.9624
32.5237 0.9619 0.9625
32.5410 0.9619 0.9625
32.5583 0.9620 0.9626
32.5756 0.9620 0.9626
32.5929 0.9620 0.9627
32.6102 0.9621 0.9627
32.6275 0.9621 0.9627
32.6449 0.9622 0.9628
32.6622 0.9622 0.9628
32.6795 0.9623 0.9629
32.6968 0.9623 0.9629
32.7141 0.9624 0.9630
32.7314 0.9624 0.9630
32.7487 0.9625 0.9631
32.7660 0.9625 0.9631
32.7833 0.9625 0.9631
32.8006 0.9626 0.9632
32.8179 0.9626 0.9632
32.8353 0.9627 0.9633
32.8526 0.9627 0.9633
32.8699 0.9628 0.9634
32.8872 0.9628 0.9634
32.9045 0.9628 0.9634
32.9218 0.9629 0.9635
32.9391 0.9629 0.9635
32.9564 0.9630 0.9636
32.9737 0.9630 0.9636
32.9910 0.9631 0.9637
33.0083 0.9631 0.9637
33.0257 0.9632 0.9637
33.0430 0.9632 0.9638
33.0603 0.9632 0.9638
33.0776 0.9633 0.9639
33.0949 0.9633 0.9639
33.1122 0.9634 0.9640
33.1295 0.9634 0.9640
33.1468 0.9635 0.9640
33.1641 0.9635 0.9641
33.1814 0.9635 0.9641
33.1987 0.9636 0.9642
33.2161 0.9636 0.9642
33.2334 0.9637 0.9642
33.2507 0.9637 0.9643
33.2680 0.9638 0.9643
33.2853 0.9638 0.9644
33.3026 0.9638 0.9644
33.3199 0.9639 0.9645
33.3372 0.9639 0.9645
33.3545 0.9640 0.9645
33.3718 0.9640 0.9646
33.3891 0.9640 0.9646
33.4065 0.9641 0.9647
33.4238 0.9641 0.9647
33.4411 0.9642 0.9647
33.4584 0.9642 0.9648
33.4757 0.9643 0.9648
33.4930 0.9643 0.9649
33.5103 0.9643 0.9649
33.5276 0.9644 0.9649
33.5449 0.9644 0.9650
33.5622 0.9645 0.9650
33.5795 0.9645 0.9651
33.5969 0.9645 0.9651
33.6142 0.9646 0.9651
33.6315 0.9646 0.9652
33.6488 0.9647 0.9652
33.6661 0.9647 0.9653
33.6834 0.9647 0.9653
33.7007 0.9648 0.9653
33.7180 0.9648 0.9654
33.7353 0.9649 0.9654
33.7526 0.9649 0.9655
33.7699 0.9649 0.9655
33.7873 0.9650 0.9655
33.8046 0.9650 0.9656
33.8219 0.9651 0.9656
33.8392 0.9651 0.9657
33.8565 0.9651 0.9657
33.8738 0.9652 0.9657
33.8911 0.9652 0.9658
33.9084 0.9653 0.9658
33.9257 0.9653 0.9658
33.9430 0.9653 0.9659
33.9603 0.9654 0.9659
33.9777 0.9654 0.9660
33.9950 0.9655 0.9660
34.0123 0.9655 0.9660
34.0296 0.9655 0.9661
34.0469 0.9656 0.9661
34.0642 0.9656 0.9662
34.0815 0.9657 0.9662
34.0988 0.9657 0.9662
34.1161 0.9657 0.9663
34.1334 0.9658 0.9663
34.1507 0.9658 0.9663
34.1681 0.9658 0.9664
34.1854 0.9659 0.9664
34.2027 0.9659 0.9665
34.2200 0.9660 0.9665
34.2373 0.9660 0.9665
34.2546 0.9660 0.9666
34.2719 0.9661 0.9666
34.2892 0.9661 0.9666
34.3065 0.9661 0.9667
34.3238 0.9662 0.9667
34.3411 0.9662 0.9668
34.3585 0.9663 0.9668
34.3758 0.9663 0.9668
34.3931 0.9663 0.9669
34.4104 0.9664 0.9669
34.4277 0.9664 0.9669
34.4450 0.9664 0.9670
34.4623 0.9665 0.9670
34.4796 0.9665 0.9671
34.4969 0.9666 0.9671
34.5142 0.9666 0.9671
34.5315 0.9666 0.9672
34.5488 0.9667 0.9672
34.5662 0.9667 0.9672
34.5835 0.9667 0.9673
34.6008 0.9668 0.9673
