0.0000 20.3073 17.0258
0.0173 20.2169 16.9625
0.0345 19.9489 16.7744
0.0518 19.5119 16.4671
0.0690 18.9200 16.0492
0.0863 18.1917 15.5326
0.1035 17.3490 14.9313
0.1208 16.4163 14.2610
0.1380 15.4189 13.5385
0.1553 14.3824 12.7809
0.1726 13.3308 12.0047
0.1898 12.2864 11.2258
0.2071 11.2683 10.4582
0.2243 10.2927 9.7144
0.2416 9.3719 9.0045
0.2588 8.5148 8.3365
0.2761 7.7269 7.7161
0.2933 7.0107 7.1467
0.3106 6.3659 6.6300
0.3278 5.7902 6.1657
0.3451 5.2796 5.7520
0.3624 4.8291 5.3860
0.3796 4.4329 5.0641
0.3969 4.0850 4.7817
0.4141 3.7796 4.5343
0.4314 3.5110 4.3170
0.4486 3.2740 4.1251
0.4659 3.0642 3.9543
0.4831 2.8775 3.8004
0.5004 2.7107 3.6598
0.5177 2.5609 3.5293
0.5349 2.4261 3.4062
0.5522 2.3045 3.2882
0.5694 2.1946 3.1736
0.5867 2.0955 3.0611
0.6039 2.0063 2.9496
0.6212 1.9263 2.8385
0.6384 1.8549 2.7275
0.6557 1.7916 2.6164
0.6730 1.7358 2.5054
0.6902 1.6871 2.3946
0.7075 1.6448 2.2846
0.7247 1.6085 2.1759
0.7420 1.5774 2.0692
0.7592 1.5511 1.9650
0.7765 1.5288 1.8642
0.7937 1.5100 1.7675
0.8110 1.4941 1.6758
0.8282 1.4806 1.5896
0.8455 1.4688 1.5097
0.8628 1.4583 1.4366
0.8800 1.4487 1.3709
0.8973 1.4395 1.3127
0.9145 1.4305 1.2624
0.9318 1.4212 1.2199
0.9490 1.4114 1.1851
0.9663 1.4008 1.1578
0.9835 1.3893 1.1375
1.0008 1.3766 1.1237
1.0181 1.3626 1.1157
1.0353 1.3473 1.1129
1.0526 1.3306 1.1145
1.0698 1.3126 1.1196
1.0871 1.2934 1.1276
1.1043 1.2731 1.1377
1.1216 1.2520 1.1492
1.1388 1.2304 1.1614
1.1561 1.2085 1.1738
1.1734 1.1868 1.1860
1.1906 1.1656 1.1975
1.2079 1.1454 1.2080
1.2251 1.1264 1.2174
1.2424 1.1090 1.2254
1.2596 1.0935 1.2319
1.2769 1.0803 1.2369
1.2941 1.0694 1.2405
1.3114 1.0609 1.2426
1.3286 1.0550 1.2434
1.3459 1.0514 1.2429
1.3632 1.0502 1.2413
1.3804 1.0511 1.2387
1.3977 1.0539 1.2353
1.4149 1.0582 1.2312
1.4322 1.0638 1.2265
1.4494 1.0703 1.2214
1.4667 1.0773 1.2160
1.4839 1.0846 1.2103
1.5012 1.0918 1.2044
1.5185 1.0987 1.1984
1.5357 1.1051 1.1923
1.5530 1.1107 1.1861
1.5702 1.1156 1.1797
1.5875 1.1194 1.1730
1.6047 1.1224 1.1661
1.6220 1.1243 1.1588
1.6392 1.1252 1.1510
1.6565 1.1251 1.1427
1.6738 1.1241 1.1337
1.6910 1.1222 1.1240
1.7083 1.1194 1.1136
1.7255 1.1158 1.1024
1.7428 1.1115 1.0904
1.7600 1.1065 1.0778
1.7773 1.1008 1.0645
1.7945 1.0945 1.0508
1.8118 1.0875 1.0366
1.8290 1.0800 1.0222
1.8463 1.0719 1.0078
1.8636 1.0633 0.9935
1.8808 1.0542 0.9795
1.8981 1.0446 0.9660
1.9153 1.0346 0.9533
1.9326 1.0243 0.9413
1.9498 1.0135 0.9302
1.9671 1.0024 0.9202
1.9843 0.9910 0.9113
2.0016 0.9793 0.9035
2.0189 0.9674 0.8967
2.0361 0.9552 0.8909
2.0534 0.9428 0.8860
2.0706 0.9301 0.8818
2.0879 0.9173 0.8783
2.1051 0.9042 0.8752
2.1224 0.8910 0.8724
2.1396 0.8776 0.8697
2.1569 0.8640 0.8668
2.1742 0.8504 0.8636
2.1914 0.8366 0.8600
2.2087 0.8227 0.8558
2.2259 0.8089 0.8510
2.2432 0.7950 0.8454
2.2604 0.7812 0.8389
2.2777 0.7674 0.8317
2.2949 0.7537 0.8236
2.3122 0.7401 0.8148
2.3294 0.7267 0.8052
2.3467 0.7135 0.7950
2.3640 0.7006 0.7843
2.3812 0.6878 0.7732
2.3985 0.6755 0.7618
2.4157 0.6635 0.7503
2.4330 0.6519 0.7389
2.4502 0.6409 0.7276
2.4675 0.6306 0.7166
2.4847 0.6210 0.7060
2.5020 0.6122 0.6960
2.5193 0.6043 0.6866
2.5365 0.5974 0.6779
2.5538 0.5915 0.6700
2.5710 0.5867 0.6630
2.5883 0.5830 0.6568
2.6055 0.5804 0.6514
2.6228 0.5788 0.6469
2.6400 0.5782 0.6432
2.6573 0.5785 0.6403
2.6746 0.5797 0.6381
2.6918 0.5815 0.6366
2.7091 0.5840 0.6357
2.7263 0.5869 0.6354
2.7436 0.5903 0.6355
2.7608 0.5939 0.6361
2.7781 0.5978 0.6371
2.7953 0.6019 0.6384
2.8126 0.6062 0.6399
2.8299 0.6105 0.6417
2.8471 0.6150 0.6437
2.8644 0.6195 0.6459
2.8816 0.6241 0.6482
2.8989 0.6288 0.6507
2.9161 0.6334 0.6533
2.9334 0.6381 0.6559
2.9506 0.6426 0.6587
2.9679 0.6470 0.6614
2.9851 0.6511 0.6643
3.0024 0.6548 0.6671
3.0197 0.6581 0.6699
3.0369 0.6607 0.6726
3.0542 0.6626 0.6752
3.0714 0.6636 0.6777
3.0887 0.6636 0.6801
3.1059 0.6625 0.6823
3.1232 0.6602 0.6843
3.1404 0.6567 0.6860
3.1577 0.6520 0.6875
3.1750 0.6460 0.6888
3.1922 0.6388 0.6899
3.2095 0.6306 0.6907
3.2267 0.6215 0.6912
3.2440 0.6115 0.6915
3.2612 0.6010 0.6917
3.2785 0.5901 0.6915
3.2957 0.5790 0.6912
3.3130 0.5679 0.6907
3.3303 0.5571 0.6900
3.3475 0.5468 0.6890
3.3648 0.5372 0.6878
3.3820 0.5284 0.6864
3.3993 0.5207 0.6846
3.4165 0.5140 0.6826
3.4338 0.5084 0.6803
3.4510 0.5040 0.6776
3.4683 0.5007 0.6746
3.4855 0.4986 0.6712
3.5028 0.4974 0.6674
3.5201 0.4972 0.6633
3.5373 0.4977 0.6589
3.5546 0.4988 0.6543
3.5718 0.5003 0.6494
3.5891 0.5022 0.6443
3.6063 0.5042 0.6392
3.6236 0.5062 0.6340
3.6408 0.5082 0.6289
3.6581 0.5100 0.6239
3.6754 0.5116 0.6191
3.6926 0.5129 0.6144
3.7099 0.5140 0.6101
3.7271 0.5149 0.6060
3.7444 0.5155 0.6022
3.7616 0.5160 0.5987
3.7789 0.5164 0.5956
3.7961 0.5167 0.5927
3.8134 0.5171 0.5900
3.8307 0.5175 0.5876
3.8479 0.5181 0.5854
3.8652 0.5188 0.5833
3.8824 0.5197 0.5813
3.8997 0.5208 0.5794
3.9169 0.5221 0.5775
3.9342 0.5235 0.5757
3.9514 0.5251 0.5738
3.9687 0.5269 0.5720
3.9859 0.5288 0.5701
4.0032 0.5308 0.5682
4.0205 0.5329 0.5662
4.0377 0.5350 0.5643
4.0550 0.5372 0.5623
4.0722 0.5395 0.5604
4.0895 0.5417 0.5585
4.1067 0.5440 0.5566
4.1240 0.5464 0.5548
4.1412 0.5487 0.5531
4.1585 0.5510 0.5514
4.1758 0.5534 0.5498
4.1930 0.5557 0.5483
4.2103 0.5580 0.5470
4.2275 0.5602 0.5457
4.2448 0.5624 0.5447
4.2620 0.5644 0.5437
4.2793 0.5662 0.5429
4.2965 0.5679 0.5422
4.3138 0.5693 0.5417
4.3311 0.5705 0.5414
4.3483 0.5714 0.5411
4.3656 0.5720 0.5410
4.3828 0.5723 0.5411
4.4001 0.5723 0.5413
4.4173 0.5719 0.5415
4.4346 0.5712 0.5419
4.4518 0.5702 0.5424
4.4691 0.5689 0.5429
4.4863 0.5673 0.5435
4.5036 0.5655 0.5442
4.5209 0.5635 0.5449
4.5381 0.5614 0.5457
4.5554 0.5593 0.5466
4.5726 0.5571 0.5475
4.5899 0.5550 0.5485
4.6071 0.5530 0.5496
4.6244 0.5512 0.5507
4.6416 0.5496 0.5520
4.6589 0.5483 0.5533
4.6762 0.5472 0.5547
4.6934 0.5466 0.5562
4.7107 0.5463 0.5578
4.7279 0.5463 0.5594
4.7452 0.5467 0.5610
4.7624 0.5475 0.5627
4.7797 0.5486 0.5644
4.7969 0.5500 0.5660
4.8142 0.5516 0.5676
4.8315 0.5534 0.5691
4.8487 0.5554 0.5706
4.8660 0.5574 0.5720
4.8832 0.5595 0.5733
4.9005 0.5615 0.5745
4.9177 0.5635 0.5757
4.9350 0.5654 0.5767
4.9522 0.5673 0.5776
4.9695 0.5689 0.5785
4.9867 0.5705 0.5792
5.0040 0.5719 0.5799
5.0213 0.5733 0.5804
5.0385 0.5745 0.5809
5.0558 0.5757 0.5814
5.0730 0.5768 0.5817
5.0903 0.5779 0.5821
5.1075 0.5791 0.5823
5.1248 0.5803 0.5826
5.1420 0.5816 0.5828
5.1593 0.5830 0.5830
5.1766 0.5845 0.5832
5.1938 0.5861 0.5834
5.2111 0.5878 0.5837
5.2283 0.5896 0.5841
5.2456 0.5915 0.5845
5.2628 0.5934 0.5851
5.2801 0.5954 0.5857
5.2973 0.5975 0.5865
5.3146 0.5995 0.5875
5.3319 0.6015 0.5886
5.3491 0.6034 0.5900
5.3664 0.6053 0.5915
5.3836 0.6071 0.5932
5.4009 0.6088 0.5951
5.4181 0.6104 0.5972
5.4354 0.6119 0.5994
5.4526 0.6133 0.6018
5.4699 0.6146 0.6042
5.4871 0.6159 0.6068
5.5044 0.6171 0.6094
5.5217 0.6182 0.6120
5.5389 0.6193 0.6146
5.5562 0.6204 0.6171
5.5734 0.6214 0.6195
5.5907 0.6225 0.6217
5.6079 0.6236 0.6238
5.6252 0.6247 0.6258
5.6424 0.6258 0.6275
5.6597 0.6270 0.6290
5.6770 0.6281 0.6303
5.6942 0.6293 0.6315
5.7115 0.6304 0.6324
5.7287 0.6316 0.6332
5.7460 0.6328 0.6338
5.7632 0.6340 0.6343
5.7805 0.6352 0.6347
5.7977 0.6364 0.6351
5.8150 0.6376 0.6354
5.8323 0.6388 0.6357
5.8495 0.6401 0.6360
5.8668 0.6413 0.6364
5.8840 0.6426 0.6369
5.9013 0.6440 0.6374
5.9185 0.6454 0.6381
5.9358 0.6469 0.6389
5.9530 0.6484 0.6398
5.9703 0.6500 0.6408
5.9875 0.6517 0.6420
6.0048 0.6534 0.6432
6.0221 0.6552 0.6447
6.0393 0.6571 0.6462
6.0566 0.6590 0.6478
6.0738 0.6610 0.6495
6.0911 0.6630 0.6513
6.1083 0.6650 0.6532
6.1256 0.6671 0.6551
6.1428 0.6691 0.6571
6.1601 0.6711 0.6591
6.1774 0.6731 0.6612
6.1946 0.6750 0.6633
6.2119 0.6769 0.6654
6.2291 0.6787 0.6675
6.2464 0.6804 0.6697
6.2636 0.6821 0.6718
6.2809 0.6837 0.6739
6.2981 0.6852 0.6761
6.3154 0.6867 0.6782
6.3327 0.6880 0.6802
6.3499 0.6893 0.6823
6.3672 0.6905 0.6843
6.3844 0.6917 0.6862
6.4017 0.6927 0.6881
6.4189 0.6937 0.6898
6.4362 0.6946 0.6915
6.4534 0.6954 0.6931
6.4707 0.6962 0.6946
6.4879 0.6969 0.6960
6.5052 0.6975 0.6973
6.5225 0.6981 0.6985
6.5397 0.6986 0.6995
6.5570 0.6991 0.7005
6.5742 0.6995 0.7014
6.5915 0.6999 0.7022
6.6087 0.7003 0.7029
6.6260 0.7008 0.7035
6.6432 0.7012 0.7042
6.6605 0.7016 0.7047
6.6778 0.7021 0.7053
6.6950 0.7025 0.7059
6.7123 0.7030 0.7065
6.7295 0.7036 0.7071
6.7468 0.7041 0.7078
6.7640 0.7046 0.7084
6.7813 0.7052 0.7092
6.7985 0.7057 0.7100
6.8158 0.7062 0.7108
6.8331 0.7066 0.7117
6.8503 0.7070 0.7127
6.8676 0.7073 0.7137
6.8848 0.7076 0.7147
6.9021 0.7078 0.7158
6.9193 0.7079 0.7169
6.9366 0.7079 0.7181
6.9538 0.7079 0.7192
6.9711 0.7079 0.7204
6.9883 0.7078 0.7215
7.0056 0.7077 0.7227
7.0229 0.7076 0.7238
7.0401 0.7075 0.7250
7.0574 0.7074 0.7261
7.0746 0.7074 0.7273
7.0919 0.7074 0.7284
7.1091 0.7075 0.7296
7.1264 0.7078 0.7307
7.1436 0.7081 0.7319
7.1609 0.7085 0.7331
7.1782 0.7091 0.7343
7.1954 0.7098 0.7355
7.2127 0.7106 0.7368
7.2299 0.7115 0.7380
7.2472 0.7125 0.7393
7.2644 0.7136 0.7406
7.2817 0.7149 0.7418
7.2989 0.7162 0.7431
7.3162 0.7177 0.7443
7.3335 0.7192 0.7455
7.3507 0.7208 0.7466
7.3680 0.7224 0.7477
7.3852 0.7241 0.7487
7.4025 0.7258 0.7496
7.4197 0.7275 0.7504
7.4370 0.7292 0.7511
7.4542 0.7309 0.7518
7.4715 0.7325 0.7523
7.4887 0.7342 0.7528
7.5060 0.7358 0.7532
7.5233 0.7373 0.7535
7.5405 0.7388 0.7537
7.5578 0.7402 0.7539
7.5750 0.7416 0.7540
7.5923 0.7428 0.7540
7.6095 0.7441 0.7541
7.6268 0.7452 0.7541
7.6440 0.7463 0.7541
7.6613 0.7473 0.7540
7.6786 0.7482 0.7540
7.6958 0.7491 0.7540
7.7131 0.7499 0.7541
7.7303 0.7506 0.7541
7.7476 0.7513 0.7542
7.7648 0.7519 0.7544
7.7821 0.7525 0.7545
7.7993 0.7530 0.7547
7.8166 0.7534 0.7550
7.8339 0.7538 0.7553
7.8511 0.7542 0.7557
7.8684 0.7545 0.7560
7.8856 0.7548 0.7565
7.9029 0.7550 0.7569
7.9201 0.7552 0.7574
7.9374 0.7554 0.7579
7.9546 0.7556 0.7584
7.9719 0.7558 0.7589
7.9891 0.7560 0.7594
8.0064 0.7562 0.7599
8.0237 0.7564 0.7604
8.0409 0.7565 0.7608
8.0582 0.7567 0.7612
8.0754 0.7568 0.7616
8.0927 0.7570 0.7618
8.1099 0.7571 0.7620
8.1272 0.7572 0.7621
8.1444 0.7573 0.7622
8.1617 0.7574 0.7621
8.1790 0.7575 0.7620
8.1962 0.7575 0.7617
8.2135 0.7575 0.7614
8.2307 0.7575 0.7609
8.2480 0.7575 0.7604
8.2652 0.7574 0.7597
8.2825 0.7573 0.7590
8.2997 0.7572 0.7583
8.3170 0.7570 0.7574
8.3343 0.7569 0.7565
8.3515 0.7567 0.7556
8.3688 0.7564 0.7547
8.3860 0.7561 0.7537
8.4033 0.7558 0.7528
8.4205 0.7555 0.7518
8.4378 0.7551 0.7509
8.4550 0.7546 0.7500
8.4723 0.7542 0.7492
8.4896 0.7537 0.7484
8.5068 0.7531 0.7477
8.5241 0.7526 0.7470
8.5413 0.7520 0.7465
8.5586 0.7514 0.7460
8.5758 0.7509 0.7456
8.5931 0.7503 0.7453
8.6103 0.7498 0.7451
8.6276 0.7494 0.7450
8.6448 0.7489 0.7450
8.6621 0.7486 0.7450
8.6794 0.7482 0.7451
8.6966 0.7480 0.7453
8.7139 0.7478 0.7456
8.7311 0.7476 0.7459
8.7484 0.7475 0.7463
8.7656 0.7475 0.7467
8.7829 0.7475 0.7471
8.8001 0.7476 0.7476
8.8174 0.7477 0.7481
8.8347 0.7479 0.7486
8.8519 0.7481 0.7491
8.8692 0.7483 0.7497
8.8864 0.7486 0.7502
8.9037 0.7488 0.7507
8.9209 0.7492 0.7511
8.9382 0.7495 0.7516
8.9554 0.7499 0.7520
8.9727 0.7502 0.7524
8.9900 0.7506 0.7528
9.0072 0.7510 0.7531
9.0245 0.7514 0.7533
9.0417 0.7518 0.7536
9.0590 0.7522 0.7537
9.0762 0.7526 0.7539
9.0935 0.7530 0.7540
9.1107 0.7534 0.7541
9.1280 0.7537 0.7542
9.1452 0.7540 0.7542
9.1625 0.7543 0.7543
9.1798 0.7546 0.7543
9.1970 0.7548 0.7543
9.2143 0.7550 0.7543
9.2315 0.7551 0.7543
9.2488 0.7552 0.7543
9.2660 0.7553 0.7543
9.2833 0.7553 0.7544
9.3005 0.7553 0.7544
9.3178 0.7553 0.7544
9.3351 0.7553 0.7545
9.3523 0.7553 0.7546
9.3696 0.7552 0.7547
9.3868 0.7552 0.7548
9.4041 0.7551 0.7550
9.4213 0.7551 0.7551
9.4386 0.7551 0.7553
9.4558 0.7551 0.7555
9.4731 0.7551 0.7558
9.4904 0.7552 0.7560
9.5076 0.7554 0.7563
9.5249 0.7555 0.7566
9.5421 0.7557 0.7569
9.5594 0.7560 0.7573
9.5766 0.7563 0.7576
9.5939 0.7567 0.7580
9.6111 0.7571 0.7584
9.6284 0.7575 0.7589
9.6456 0.7580 0.7593
9.6629 0.7586 0.7598
9.6802 0.7591 0.7603
9.6974 0.7597 0.7609
9.7147 0.7603 0.7614
9.7319 0.7609 0.7620
9.7492 0.7614 0.7625
9.7664 0.7620 0.7631
9.7837 0.7626 0.7637
9.8009 0.7631 0.7643
9.8182 0.7637 0.7649
9.8355 0.7642 0.7655
9.8527 0.7646 0.7661
9.8700 0.7650 0.7667
9.8872 0.7654 0.7673
9.9045 0.7657 0.7678
9.9217 0.7660 0.7684
9.9390 0.7663 0.7689
9.9562 0.7665 0.7694
9.9735 0.7666 0.7699
9.9908 0.7668 0.7704
10.0080 0.7669 0.7708
10.0253 0.7670 0.7713
10.0425 0.7670 0.7717
10.0598 0.7671 0.7721
10.0770 0.7671 0.7725
10.0943 0.7672 0.7729
10.1115 0.7672 0.7733
10.1288 0.7673 0.7736
10.1460 0.7674 0.7740
10.1633 0.7675 0.7743
10.1806 0.7676 0.7747
10.1978 0.7678 0.7750
10.2151 0.7680 0.7754
10.2323 0.7683 0.7757
10.2496 0.7685 0.7760
10.2668 0.7689 0.7763
10.2841 0.7692 0.7766
10.3013 0.7697 0.7769
10.3186 0.7701 0.7772
10.3359 0.7706 0.7774
10.3531 0.7712 0.7777
10.3704 0.7718 0.7780
10.3876 0.7724 0.7783
10.4049 0.7731 0.7785
10.4221 0.7738 0.7788
10.4394 0.7746 0.7791
10.4566 0.7753 0.7794
10.4739 0.7761 0.7797
10.4912 0.7769 0.7801
10.5084 0.7777 0.7804
10.5257 0.7785 0.7808
10.5429 0.7793 0.7812
10.5602 0.7801 0.7816
10.5774 0.7808 0.7820
10.5947 0.7816 0.7824
10.6119 0.7822 0.7828
10.6292 0.7829 0.7832
10.6464 0.7835 0.7836
10.6637 0.7840 0.7840
10.6810 0.7845 0.7844
10.6982 0.7849 0.7848
10.7155 0.7853 0.7851
10.7327 0.7856 0.7854
10.7500 0.7859 0.7856
10.7672 0.7861 0.7859
10.7845 0.7863 0.7861
10.8017 0.7865 0.7863
10.8190 0.7866 0.7864
10.8363 0.7867 0.7866
10.8535 0.7868 0.7867
10.8708 0.7869 0.7869
10.8880 0.7870 0.7870
10.9053 0.7871 0.7872
10.9225 0.7872 0.7873
10.9398 0.7874 0.7875
10.9570 0.7875 0.7877
10.9743 0.7877 0.7880
10.9916 0.7879 0.7882
11.0088 0.7881 0.7885
11.0261 0.7884 0.7889
11.0433 0.7887 0.7892
11.0606 0.7889 0.7896
11.0778 0.7893 0.7900
11.0951 0.7896 0.7904
11.1123 0.7899 0.7908
11.1296 0.7902 0.7913
11.1468 0.7906 0.7917
11.1641 0.7909 0.7922
11.1814 0.7912 0.7926
11.1986 0.7915 0.7931
11.2159 0.7919 0.7935
11.2331 0.7922 0.7939
11.2504 0.7925 0.7943
11.2676 0.7928 0.7947
11.2849 0.7931 0.7951
11.3021 0.7934 0.7955
11.3194 0.7938 0.7958
11.3367 0.7941 0.7961
11.3539 0.7944 0.7964
11.3712 0.7948 0.7967
11.3884 0.7951 0.7970
11.4057 0.7955 0.7973
11.4229 0.7959 0.7975
11.4402 0.7963 0.7978
11.4574 0.7967 0.7980
11.4747 0.7971 0.7983
11.4920 0.7976 0.7985
11.5092 0.7980 0.7988
11.5265 0.7984 0.7990
11.5437 0.7989 0.7993
11.5610 0.7993 0.7996
11.5782 0.7997 0.7999
11.5955 0.8001 0.8002
11.6127 0.8006 0.8005
11.6300 0.8009 0.8009
11.6472 0.8013 0.8012
11.6645 0.8017 0.8016
11.6818 0.8021 0.8019
11.6990 0.8024 0.8023
11.7163 0.8027 0.8027
11.7335 0.8031 0.8031
11.7508 0.8034 0.8035
11.7680 0.8037 0.8038
11.7853 0.8040 0.8042
11.8025 0.8043 0.8046
11.8198 0.8046 0.8050
11.8371 0.8049 0.8053
11.8543 0.8052 0.8057
11.8716 0.8056 0.8060
11.8888 0.8059 0.8063
11.9061 0.8062 0.8066
11.9233 0.8065 0.8069
11.9406 0.8069 0.8072
11.9578 0.8072 0.8075
11.9751 0.8076 0.8078
11.9924 0.8079 0.8080
12.0096 0.8083 0.8083
12.0269 0.8087 0.8086
12.0441 0.8091 0.8089
12.0614 0.8094 0.8092
12.0786 0.8098 0.8095
12.0959 0.8102 0.8098
12.1131 0.8106 0.8101
12.1304 0.8110 0.8105
12.1476 0.8114 0.8108
12.1649 0.8119 0.8112
12.1822 0.8123 0.8116
12.1994 0.8127 0.8120
12.2167 0.8131 0.8124
12.2339 0.8136 0.8127
12.2512 0.8140 0.8131
12.2684 0.8145 0.8135
12.2857 0.8150 0.8139
12.3029 0.8155 0.8143
12.3202 0.8159 0.8147
12.3375 0.8164 0.8151
12.3547 0.8169 0.8155
12.3720 0.8174 0.8159
12.3892 0.8180 0.8162
12.4065 0.8185 0.8166
12.4237 0.8190 0.8170
12.4410 0.8195 0.8173
12.4582 0.8200 0.8177
12.4755 0.8205 0.8180
12.4928 0.8210 0.8183
12.5100 0.8214 0.8187
12.5273 0.8219 0.8190
12.5445 0.8223 0.8193
12.5618 0.8227 0.8197
12.5790 0.8231 0.8200
12.5963 0.8235 0.8203
12.6135 0.8238 0.8206
12.6308 0.8241 0.8210
12.6480 0.8244 0.8213
12.6653 0.8247 0.8216
12.6826 0.8249 0.8220
12.6998 0.8251 0.8223
12.7171 0.8254 0.8227
12.7343 0.8256 0.8231
12.7516 0.8258 0.8235
12.7688 0.8260 0.8238
12.7861 0.8262 0.8243
12.8033 0.8264 0.8247
12.8206 0.8266 0.8251
12.8379 0.8268 0.8255
12.8551 0.8270 0.8260
12.8724 0.8273 0.8265
12.8896 0.8275 0.8270
12.9069 0.8278 0.8274
12.9241 0.8281 0.8279
12.9414 0.8284 0.8284
12.9586 0.8287 0.8289
12.9759 0.8290 0.8295
12.9932 0.8293 0.8300
13.0104 0.8297 0.8305
13.0277 0.8301 0.8310
13.0449 0.8304 0.8315
13.0622 0.8308 0.8319
13.0794 0.8312 0.8324
13.0967 0.8316 0.8329
13.1139 0.8320 0.8333
13.1312 0.8324 0.8337
13.1484 0.8328 0.8341
13.1657 0.8333 0.8345
13.1830 0.8337 0.8348
13.2002 0.8341 0.8351
13.2175 0.8346 0.8354
13.2347 0.8350 0.8357
13.2520 0.8355 0.8360
13.2692 0.8359 0.8362
13.2865 0.8363 0.8365
13.3037 0.8368 0.8367
13.3210 0.8372 0.8369
13.3383 0.8376 0.8371
13.3555 0.8380 0.8373
13.3728 0.8384 0.8376
13.3900 0.8388 0.8378
13.4073 0.8392 0.8380
13.4245 0.8396 0.8383
13.4418 0.8399 0.8386
13.4590 0.8403 0.8388
13.4763 0.8406 0.8391
13.4936 0.8409 0.8394
13.5108 0.8413 0.8397
13.5281 0.8416 0.8401
13.5453 0.8419 0.8404
13.5626 0.8423 0.8408
13.5798 0.8426 0.8411
13.5971 0.8429 0.8415
13.6143 0.8432 0.8419
13.6316 0.8436 0.8422
13.6488 0.8439 0.8426
13.6661 0.8442 0.8430
13.6834 0.8446 0.8434
13.7006 0.8449 0.8437
13.7179 0.8453 0.8441
13.7351 0.8456 0.8445
13.7524 0.8460 0.8449
13.7696 0.8463 0.8453
13.7869 0.8467 0.8457
13.8041 0.8471 0.8461
13.8214 0.8474 0.8465
13.8387 0.8478 0.8469
13.8559 0.8482 0.8473
13.8732 0.8486 0.8477
13.8904 0.8490 0.8481
13.9077 0.8493 0.8486
13.9249 0.8497 0.8490
13.9422 0.8501 0.8494
13.9594 0.8505 0.8498
13.9767 0.8509 0.8502
13.9940 0.8512 0.8506
14.0112 0.8516 0.8509
14.0285 0.8520 0.8513
14.0457 0.8524 0.8517
14.0630 0.8528 0.8521
14.0802 0.8531 0.8524
14.0975 0.8535 0.8527
14.1147 0.8539 0.8531
14.1320 0.8542 0.8534
14.1493 0.8546 0.8537
14.1665 0.8549 0.8540
14.1838 0.8553 0.8543
14.2010 0.8556 0.8546
14.2183 0.8560 0.8549
14.2355 0.8563 0.8552
14.2528 0.8567 0.8555
14.2700 0.8570 0.8558
14.2873 0.8573 0.8561
14.3045 0.8577 0.8564
14.3218 0.8580 0.8567
14.3391 0.8584 0.8570
14.3563 0.8587 0.8574
14.3736 0.8591 0.8577
14.3908 0.8594 0.8580
14.4081 0.8598 0.8584
14.4253 0.8601 0.8587
14.4426 0.8605 0.8591
14.4598 0.8609 0.8595
14.4771 0.8612 0.8598
14.4944 0.8616 0.8602
14.5116 0.8619 0.8605
14.5289 0.8623 0.8609
14.5461 0.8626 0.8613
14.5634 0.8630 0.8616
14.5806 0.8633 0.8620
14.5979 0.8637 0.8624
14.6151 0.8640 0.8627
14.6324 0.8643 0.8631
14.6497 0.8647 0.8635
14.6669 0.8650 0.8638
14.6842 0.8653 0.8642
14.7014 0.8657 0.8646
14.7187 0.8660 0.8649
14.7359 0.8663 0.8653
14.7532 0.8667 0.8656
14.7704 0.8670 0.8660
14.7877 0.8673 0.8664
14.8049 0.8677 0.8667
14.8222 0.8680 0.8671
14.8395 0.8684 0.8674
14.8567 0.8687 0.8678
14.8740 0.8691 0.8681
14.8912 0.8694 0.8685
14.9085 0.8698 0.8688
14.9257 0.8701 0.8692
14.9430 0.8705 0.8695
14.9602 0.8709 0.8699
14.9775 0.8712 0.8702
14.9948 0.8716 0.8706
15.0120 0.8719 0.8709
15.0293 0.8723 0.8712
15.0465 0.8726 0.8716
15.0638 0.8730 0.8719
15.0810 0.8733 0.8722
15.0983 0.8737 0.8726
15.1155 0.8740 0.8729
15.1328 0.8743 0.8732
15.1501 0.8747 0.8735
15.1673 0.8750 0.8739
15.1846 0.8753 0.8742
15.2018 0.8757 0.8745
15.2191 0.8760 0.8748
15.2363 0.8763 0.8751
15.2536 0.8766 0.8755
15.2708 0.8769 0.8758
15.2881 0.8772 0.8761
15.3053 0.8775 0.8764
15.3226 0.8778 0.8767
15.3399 0.8780 0.8770
15.3571 0.8783 0.8774
15.3744 0.8786 0.8777
15.3916 0.8789 0.8780
15.4089 0.8791 0.8783
15.4261 0.8794 0.8786
15.4434 0.8797 0.8790
15.4606 0.8799 0.8793
15.4779 0.8802 0.8796
15.4952 0.8805 0.8800
15.5124 0.8808 0.8803
15.5297 0.8810 0.8806
15.5469 0.8813 0.8810
15.5642 0.8816 0.8813
15.5814 0.8819 0.8817
15.5987 0.8822 0.8820
15.6159 0.8825 0.8823
15.6332 0.8828 0.8827
15.6505 0.8831 0.8830
15.6677 0.8834 0.8833
15.6850 0.8837 0.8836
15.7022 0.8840 0.8840
15.7195 0.8843 0.8843
15.7367 0.8846 0.8846
15.7540 0.8849 0.8849
15.7712 0.8852 0.8851
15.7885 0.8856 0.8854
15.8057 0.8859 0.8857
15.8230 0.8862 0.8859
15.8403 0.8865 0.8862
15.8575 0.8868 0.8865
15.8748 0.8871 0.8867
15.8920 0.8873 0.8869
15.9093 0.8876 0.8872
15.9265 0.8879 0.8874
15.9438 0.8882 0.8877
15.9610 0.8884 0.8879
15.9783 0.8887 0.8882
15.9956 0.8889 0.8884
16.0128 0.8892 0.8887
16.0301 0.8895 0.8889
16.0473 0.8897 0.8892
16.0646 0.8899 0.8895
16.0818 0.8902 0.8897
16.0991 0.8904 0.8900
16.1163 0.8907 0.8903
16.1336 0.8909 0.8906
16.1509 0.8912 0.8908
16.1681 0.8914 0.8911
16.1854 0.8917 0.8914
16.2026 0.8919 0.8917
16.2199 0.8922 0.8920
16.2371 0.8924 0.8923
16.2544 0.8927 0.8926
16.2716 0.8929 0.8929
16.2889 0.8932 0.8933
16.3061 0.8934 0.8936
16.3234 0.8937 0.8939
16.3407 0.8939 0.8942
16.3579 0.8942 0.8945
16.3752 0.8945 0.8948
16.3924 0.8947 0.8951
16.4097 0.8950 0.8954
16.4269 0.8953 0.8958
16.4442 0.8955 0.8961
16.4614 0.8958 0.8964
16.4787 0.8961 0.8967
16.4960 0.8964 0.8970
16.5132 0.8966 0.8972
16.5305 0.8969 0.8975
16.5477 0.8972 0.8978
16.5650 0.8975 0.8981
16.5822 0.8978 0.8984
16.5995 0.8980 0.8986
16.6167 0.8983 0.8989
16.6340 0.8986 0.8992
16.6513 0.8989 0.8994
16.6685 0.8991 0.8997
16.6858 0.8994 0.8999
16.7030 0.8997 0.9002
16.7203 0.8999 0.9004
16.7375 0.9002 0.9007
16.7548 0.9005 0.9009
16.7720 0.9007 0.9012
16.7893 0.9010 0.9014
16.8065 0.9012 0.9017
16.8238 0.9015 0.9019
16.8411 0.9017 0.9021
16.8583 0.9020 0.9024
16.8756 0.9022 0.9026
16.8928 0.9025 0.9029
16.9101 0.9027 0.9031
16.9273 0.9029 0.9034
16.9446 0.9032 0.9036
16.9618 0.9034 0.9039
16.9791 0.9037 0.9041
16.9964 0.9039 0.9044
17.0136 0.9042 0.9046
17.0309 0.9044 0.9049
17.0481 0.9047 0.9052
17.0654 0.9049 0.9054
17.0826 0.9052 0.9057
17.0999 0.9054 0.9059
17.1171 0.9056 0.9062
17.1344 0.9059 0.9064
17.1517 0.9061 0.9067
17.1689 0.9064 0.9069
17.1862 0.9066 0.9072
17.2034 0.9069 0.9075
17.2207 0.9071 0.9077
17.2379 0.9074 0.9080
17.2552 0.9076 0.9082
17.2724 0.9079 0.9085
17.2897 0.9081 0.9087
17.3069 0.9083 0.9089
17.3242 0.9086 0.9092
17.3415 0.9088 0.9094
17.3587 0.9091 0.9097
17.3760 0.9093 0.9099
17.3932 0.9095 0.9101
17.4105 0.9097 0.9104
17.4277 0.9100 0.9106
17.4450 0.9102 0.9108
17.4622 0.9104 0.9111
17.4795 0.9106 0.9113
17.4968 0.9108 0.9115
17.5140 0.9111 0.9118
17.5313 0.9113 0.9120
17.5485 0.9115 0.9122
17.5658 0.9117 0.9124
17.5830 0.9119 0.9126
17.6003 0.9121 0.9129
17.6175 0.9124 0.9131
17.6348 0.9126 0.9133
17.6521 0.9128 0.9135
17.6693 0.9130 0.9137
17.6866 0.9132 0.9140
17.7038 0.9134 0.9142
17.7211 0.9137 0.9144
17.7383 0.9139 0.9146
17.7556 0.9141 0.9148
17.7728 0.9143 0.9150
17.7901 0.9145 0.9152
17.8073 0.9147 0.9155
17.8246 0.9150 0.9157
17.8419 0.9152 0.9159
17.8591 0.9154 0.9161
17.8764 0.9156 0.9163
17.8936 0.9158 0.9165
17.9109 0.9160 0.9167
17.9281 0.9162 0.9169
17.9454 0.9164 0.9172
17.9626 0.9166 0.9174
17.9799 0.9168 0.9176
17.9972 0.9170 0.9178
18.0144 0.9172 0.9180
18.0317 0.9173 0.9182
18.0489 0.9175 0.9184
18.0662 0.9177 0.9186
18.0834 0.9179 0.9187
18.1007 0.9181 0.9189
18.1179 0.9183 0.9191
18.1352 0.9185 0.9193
18.1525 0.9187 0.9195
18.1697 0.9189 0.9197
18.1870 0.9190 0.9198
18.2042 0.9192 0.9200
18.2215 0.9194 0.9202
18.2387 0.9196 0.9204
18.2560 0.9198 0.9206
18.2732 0.9200 0.9207
18.2905 0.9202 0.9209
18.3077 0.9204 0.9211
18.3250 0.9206 0.9213
18.3423 0.9208 0.9214
18.3595 0.9209 0.9216
18.3768 0.9211 0.9218
18.3940 0.9213 0.9220
18.4113 0.9215 0.9221
18.4285 0.9217 0.9223
18.4458 0.9219 0.9225
18.4630 0.9221 0.9227
18.4803 0.9223 0.9228
18.4976 0.9224 0.9230
18.5148 0.9226 0.9232
18.5321 0.9228 0.9233
18.5493 0.9230 0.9235
18.5666 0.9232 0.9237
18.5838 0.9234 0.9239
18.6011 0.9236 0.9240
18.6183 0.9237 0.9242
18.6356 0.9239 0.9244
18.6529 0.9241 0.9245
18.6701 0.9243 0.9247
18.6874 0.9245 0.9249
18.7046 0.9247 0.9250
18.7219 0.9249 0.9252
18.7391 0.9250 0.9254
18.7564 0.9252 0.9256
18.7736 0.9254 0.9257
18.7909 0.9256 0.9259
18.8081 0.9258 0.9261
18.8254 0.9259 0.9262
18.8427 0.9261 0.9264
18.8599 0.9263 0.9266
18.8772 0.9265 0.9268
18.8944 0.9267 0.9269
18.9117 0.9268 0.9271
18.9289 0.9270 0.9273
18.9462 0.9272 0.9274
18.9634 0.9274 0.9276
18.9807 0.9275 0.9278
18.9980 0.9277 0.9280
19.0152 0.9279 0.9281
19.0325 0.9280 0.9283
19.0497 0.9282 0.9285
19.0670 0.9284 0.9286
19.0842 0.9285 0.9288
19.1015 0.9287 0.9290
19.1187 0.9289 0.9291
19.1360 0.9290 0.9293
19.1533 0.9292 0.9295
19.1705 0.9294 0.9296
19.1878 0.9295 0.9298
19.2050 0.9297 0.9299
19.2223 0.9299 0.9301
19.2395 0.9300 0.9303
19.2568 0.9302 0.9304
19.2740 0.9303 0.9306
19.2913 0.9305 0.9307
19.3085 0.9306 0.9309
19.3258 0.9308 0.9310
19.3431 0.9310 0.9312
19.3603 0.9311 0.9313
19.3776 0.9313 0.9315
19.3948 0.9314 0.9316
19.4121 0.9316 0.9318
19.4293 0.9317 0.9319
19.4466 0.9319 0.9321
19.4638 0.9320 0.9322
19.4811 0.9322 0.9324
19.4984 0.9323 0.9325
19.5156 0.9325 0.9327
19.5329 0.9326 0.9328
19.5501 0.9328 0.9330
19.5674 0.9329 0.9331
19.5846 0.9331 0.9333
19.6019 0.9332 0.9334
19.6191 0.9334 0.9335
19.6364 0.9335 0.9337
19.6537 0.9337 0.9338
19.6709 0.9338 0.9340
19.6882 0.9340 0.9341
19.7054 0.9341 0.9343
19.7227 0.9343 0.9344
19.7399 0.9344 0.9346
19.7572 0.9346 0.9347
19.7744 0.9347 0.9348
19.7917 0.9348 0.9350
19.8090 0.9350 0.9351
19.8262 0.9351 0.9353
19.8435 0.9353 0.9354
19.8607 0.9354 0.9355
19.8780 0.9355 0.9357
19.8952 0.9357 0.9358
19.9125 0.9358 0.9360
19.9297 0.9359 0.9361
19.9470 0.9361 0.9362
19.9642 0.9362 0.9364
19.9815 0.9363 0.9365
19.9988 0.9365 0.9366
20.0160 0.9366 0.9368
20.0333 0.9367 0.9369
20.0505 0.9369 0.9370
20.0678 0.9370 0.9372
20.0850 0.9371 0.9373
20.1023 0.9372 0.9375
20.1195 0.9374 0.9376
20.1368 0.9375 0.9377
20.1541 0.9376 0.9379
20.1713 0.9378 0.9380
20.1886 0.9379 0.9381
20.2058 0.9380 0.9382
20.2231 0.9381 0.9384
20.2403 0.9383 0.9385
20.2576 0.9384 0.9386
20.2748 0.9385 0.9388
20.2921 0.9386 0.9389
20.3094 0.9388 0.9390
20.3266 0.9389 0.9391
20.3439 0.9390 0.9393
20.3611 0.9391 0.9394
20.3784 0.9393 0.9395
20.3956 0.9394 0.9396
20.4129 0.9395 0.9398
20.4301 0.9396 0.9399
20.4474 0.9398 0.9400
20.4646 0.9399 0.9401
20.4819 0.9400 0.9403
20.4992 0.9401 0.9404
20.5164 0.9402 0.9405
20.5337 0.9404 0.9406
20.5509 0.9405 0.9407
20.5682 0.9406 0.9409
20.5854 0.9407 0.9410
20.6027 0.9408 0.9411
20.6199 0.9410 0.9412
20.6372 0.9411 0.9413
20.6545 0.9412 0.9415
20.6717 0.9413 0.9416
20.6890 0.9414 0.9417
20.7062 0.9416 0.9418
20.7235 0.9417 0.9419
20.7407 0.9418 0.9420
20.7580 0.9419 0.9422
20.7752 0.9420 0.9423
20.7925 0.9421 0.9424
20.8098 0.9423 0.9425
20.8270 0.9424 0.9426
20.8443 0.9425 0.9427
20.8615 0.9426 0.9429
20.8788 0.9427 0.9430
20.8960 0.9428 0.9431
20.9133 0.9429 0.9432
20.9305 0.9431 0.9433
20.9478 0.9432 0.9434
20.9650 0.9433 0.9435
20.9823 0.9434 0.9436
20.9996 0.9435 0.9438
21.0168 0.9436 0.9439
21.0341 0.9437 0.9440
21.0513 0.9438 0.9441
21.0686 0.9440 0.9442
21.0858 0.9441 0.9443
21.1031 0.9442 0.9444
21.1203 0.9443 0.9445
21.1376 0.9444 0.9446
21.1549 0.9445 0.9447
21.1721 0.9446 0.9449
21.1894 0.9447 0.9450
21.2066 0.9448 0.9451
21.2239 0.9449 0.9452
21.2411 0.9450 0.9453
21.2584 0.9451 0.9454
21.2756 0.9453 0.9455
21.2929 0.9454 0.9456
21.3102 0.9455 0.9457
21.3274 0.9456 0.9458
21.3447 0.9457 0.9459
21.3619 0.9458 0.9460
21.3792 0.9459 0.9461
21.3964 0.9460 0.9462
21.4137 0.9461 0.9463
21.4309 0.9462 0.9464
21.4482 0.9463 0.9465
21.4654 0.9464 0.9466
21.4827 0.9465 0.9467
21.5000 0.9466 0.9468
21.5172 0.9467 0.9469
21.5345 0.9468 0.9470
21.5517 0.9469 0.9471
21.5690 0.9470 0.9472
21.5862 0.9471 0.9473
21.6035 0.9472 0.9474
21.6207 0.9473 0.9475
21.6380 0.9474 0.9476
21.6553 0.9475 0.9477
21.6725 0.9476 0.9478
21.6898 0.9477 0.9479
21.7070 0.9478 0.9480
21.7243 0.9479 0.9481
21.7415 0.9480 0.9482
21.7588 0.9481 0.9483
21.7760 0.9482 0.9484
21.7933 0.9483 0.9485
21.8106 0.9484 0.9486
21.8278 0.9485 0.9487
21.8451 0.9486 0.9488
21.8623 0.9487 0.9489
21.8796 0.9488 0.9490
21.8968 0.9489 0.9491
21.9141 0.9490 0.9492
21.9313 0.9491 0.9493
21.9486 0.9492 0.9494
21.9658 0.9493 0.9495
21.9831 0.9494 0.9496
22.0004 0.9495 0.9497
22.0176 0.9496 0.9498
22.0349 0.9496 0.9498
22.0521 0.9497 0.9499
22.0694 0.9498 0.9500
22.0866 0.9499 0.9501
22.1039 0.9500 0.9502
22.1211 0.9501 0.9503
22.1384 0.9502 0.9504
22.1557 0.9503 0.9505
22.1729 0.9504 0.9506
22.1902 0.9505 0.9507
22.2074 0.9506 0.9508
22.2247 0.9506 0.9509
22.2419 0.9507 0.9509
22.2592 0.9508 0.9510
22.2764 0.9509 0.9511
22.2937 0.9510 0.9512
22.3110 0.9511 0.9513
22.3282 0.9512 0.9514
22.3455 0.9513 0.9515
22.3627 0.9514 0.9516
22.3800 0.9514 0.9517
22.3972 0.9515 0.9517
22.4145 0.9516 0.9518
22.4317 0.9517 0.9519
22.4490 0.9518 0.9520
22.4662 0.9519 0.9521
22.4835 0.9520 0.9522
22.5008 0.9520 0.9523
22.5180 0.9521 0.9523
22.5353 0.9522 0.9524
22.5525 0.9523 0.9525
22.5698 0.9524 0.9526
22.5870 0.9525 0.9527
22.6043 0.9525 0.9528
22.6215 0.9526 0.9528
22.6388 0.9527 0.9529
22.6561 0.9528 0.9530
22.6733 0.9529 0.9531
22.6906 0.9530 0.9532
22.7078 0.9530 0.9532
22.7251 0.9531 0.9533
22.7423 0.9532 0.9534
22.7596 0.9533 0.9535
22.7768 0.9534 0.9536
22.7941 0.9534 0.9536
22.8114 0.9535 0.9537
22.8286 0.9536 0.9538
22.8459 0.9537 0.9539
22.8631 0.9538 0.9540
22.8804 0.9538 0.9540
22.8976 0.9539 0.9541
22.9149 0.9540 0.9542
22.9321 0.9541 0.9543
22.9494 0.9542 0.9544
22.9666 0.9542 0.9544
22.9839 0.9543 0.9545
23.0012 0.9544 0.9546
23.0184 0.9545 0.9547
23.0357 0.9546 0.9547
23.0529 0.9546 0.9548
23.0702 0.9547 0.9549
23.0874 0.9548 0.9550
23.1047 0.9549 0.9550
23.1219 0.9549 0.9551
23.1392 0.9550 0.9552
23.1565 0.9551 0.9552
23.1737 0.9551 0.9553
23.1910 0.9552 0.9554
23.2082 0.9553 0.9555
23.2255 0.9554 0.9555
23.2427 0.9554 0.9556
23.2600 0.9555 0.9557
23.2772 0.9556 0.9558
23.2945 0.9557 0.9558
23.3118 0.9557 0.9559
23.3290 0.9558 0.9560
23.3463 0.9559 0.9560
23.3635 0.9559 0.9561
23.3808 0.9560 0.9562
23.3980 0.9561 0.9563
23.4153 0.9561 0.9563
23.4325 0.9562 0.9564
23.4498 0.9563 0.9565
23.4670 0.9564 0.9565
23.4843 0.9564 0.9566
23.5016 0.9565 0.9567
23.5188 0.9566 0.9567
23.5361 0.9566 0.9568
23.5533 0.9567 0.9569
23.5706 0.9568 0.9570
23.5878 0.9568 0.9570
23.6051 0.9569 0.9571
23.6223 0.9570 0.9572
23.6396 0.9571 0.9572
23.6569 0.9571 0.9573
23.6741 0.9572 0.9574
23.6914 0.9573 0.9574
23.7086 0.9573 0.9575
23.7259 0.9574 0.9576
23.7431 0.9575 0.9576
23.7604 0.9575 0.9577
23.7776 0.9576 0.9578
23.7949 0.9577 0.9578
23.8122 0.9577 0.9579
23.8294 0.9578 0.9579
23.8467 0.9579 0.9580
23.8639 0.9579 0.9581
23.8812 0.9580 0.9581
23.8984 0.9581 0.9582
23.9157 0.9581 0.9583
23.9329 0.9582 0.9583
23.9502 0.9582 0.9584
23.9674 0.9583 0.9585
23.9847 0.9584 0.9585
24.0020 0.9584 0.9586
24.0192 0.9585 0.9587
24.0365 0.9586 0.9587
24.0537 0.9586 0.9588
24.0710 0.9587 0.9588
24.0882 0.9587 0.9589
24.1055 0.9588 0.9590
24.1227 0.9589 0.9590
24.1400 0.9589 0.9591
24.1573 0.9590 0.9592
24.1745 0.9591 0.9592
24.1918 0.9591 0.9593
24.2090 0.9592 0.9594
24.2263 0.9592 0.9594
24.2435 0.9593 0.9595
24.2608 0.9594 0.9595
24.2780 0.9594 0.9596
24.2953 0.9595 0.9597
24.3126 0.9596 0.9597
24.3298 0.9596 0.9598
24.3471 0.9597 0.9598
24.3643 0.9597 0.9599
24.3816 0.9598 0.9600
24.3988 0.9599 0.9600
24.4161 0.9599 0.9601
24.4333 0.9600 0.9602
24.4506 0.9601 0.9602
24.4678 0.9601 0.9603
24.4851 0.9602 0.9603
24.5024 0.9602 0.9604
24.5196 0.9603 0.9605
24.5369 0.9604 0.9605
24.5541 0.9604 0.9606
24.5714 0.9605 0.9606
24.5886 0.9605 0.9607
24.6059 0.9606 0.9608
24.6231 0.9607 0.9608
24.6404 0.9607 0.9609
24.6577 0.9608 0.9609
24.6749 0.9608 0.9610
24.6922 0.9609 0.9611
24.7094 0.9610 0.9611
24.7267 0.9610 0.9612
24.7439 0.9611 0.9612
24.7612 0.9611 0.9613
24.7784 0.9612 0.9614
24.7957 0.9613 0.9614
24.8130 0.9613 0.9615
24.8302 0.9614 0.9615
24.8475 0.9614 0.9616
24.8647 0.9615 0.9617
24.8820 0.9616 0.9617
24.8992 0.9616 0.9618
24.9165 0.9617 0.9618
24.9337 0.9617 0.9619
24.9510 0.9618 0.9620
24.9682 0.9619 0.9620
24.9855 0.9619 0.9621
25.0028 0.9620 0.9621
25.0200 0.9620 0.9622
25.0373 0.9621 0.9622
25.0545 0.9621 0.9623
25.0718 0.9622 0.9624
25.0890 0.9623 0.9624
25.1063 0.9623 0.9625
25.1235 0.9624 0.9625
25.1408 0.9624 0.9626
25.1581 0.9625 0.9626
25.1753 0.9625 0.9627
25.1926 0.9626 0.9628
25.2098 0.9627 0.9628
25.2271 0.9627 0.9629
25.2443 0.9628 0.9629
25.2616 0.9628 0.9630
25.2788 0.9629 0.9630
25.2961 0.9629 0.9631
25.3134 0.9630 0.9632
25.3306 0.9631 0.9632
25.3479 0.9631 0.9633
25.3651 0.9632 0.9633
25.3824 0.9632 0.9634
25.3996 0.9633 0.9634
25.4169 0.9633 0.9635
25.4341 0.9634 0.9635
25.4514 0.9634 0.9636
25.4687 0.9635 0.9637
25.4859 0.9635 0.9637
25.5032 0.9636 0.9638
25.5204 0.9637 0.9638
25.5377 0.9637 0.9639
25.5549 0.9638 0.9639
25.5722 0.9638 0.9640
25.5894 0.9639 0.9640
25.6067 0.9639 0.9641
25.6239 0.9640 0.9641
25.6412 0.9640 0.9642
25.6585 0.9641 0.9642
25.6757 0.9641 0.9643
25.6930 0.9642 0.9644
25.7102 0.9643 0.9644
25.7275 0.9643 0.9645
25.7447 0.9644 0.9645
25.7620 0.9644 0.9646
25.7792 0.9645 0.9646
25.7965 0.9645 0.9647
25.8138 0.9646 0.9647
25.8310 0.9646 0.9648
25.8483 0.9647 0.9648
25.8655 0.9647 0.9649
25.8828 0.9648 0.9649
25.9000 0.9648 0.9650
25.9173 0.9649 0.9650
25.9345 0.9649 0.9651
25.9518 0.9650 0.9651
25.9691 0.9650 0.9652
25.9863 0.9651 0.9652
26.0036 0.9651 0.9653
26.0208 0.9652 0.9653
26.0381 0.9652 0.9654
26.0553 0.9653 0.9654
26.0726 0.9653 0.9655
26.0898 0.9654 0.9655
26.1071 0.9654 0.9656
26.1243 0.9655 0.9656
26.1416 0.9655 0.9657
26.1589 0.9656 0.9657
26.1761 0.9656 0.9658
26.1934 0.9657 0.9658
26.2106 0.9657 0.9659
26.2279 0.9658 0.9659
26.2451 0.9658 0.9660
26.2624 0.9659 0.9660
26.2796 0.9659 0.9661
26.2969 0.9660 0.9661
26.3142 0.9660 0.9662
26.3314 0.9661 0.9662
26.3487 0.9661 0.9663
26.3659 0.9662 0.9663
26.3832 0.9662 0.9664
26.4004 0.9663 0.9664
26.4177 0.9663 0.9665
26.4349 0.9664 0.9665
26.4522 0.9664 0.9666
26.4695 0.9665 0.9666
26.4867 0.9665 0.9667
26.5040 0.9666 0.9667
26.5212 0.9666 0.9668
26.5385 0.9667 0.9668
26.5557 0.9667 0.9669
26.5730 0.9668 0.9669
26.5902 0.9668 0.9670
26.6075 0.9669 0.9670
26.6247 0.9669 0.9671
26.6420 0.9670 0.9671
26.6593 0.9670 0.9672
26.6765 0.9671 0.9672
26.6938 0.9671 0.9673
26.7110 0.9672 0.9673
26.7283 0.9672 0.9673
26.7455 0.9672 0.9674
26.7628 0.9673 0.9674
26.7800 0.9673 0.9675
26.7973 0.9674 0.9675
26.8146 0.9674 0.9676
26.8318 0.9675 0.9676
26.8491 0.9675 0.9677
26.8663 0.9676 0.9677
26.8836 0.9676 0.9678
26.9008 0.9677 0.9678
26.9181 0.9677 0.9678
26.9353 0.9678 0.9679
26.9526 0.9678 0.9679
26.9699 0.9678 0.9680
26.9871 0.9679 0.9680
27.0044 0.9679 0.9681
27.0216 0.9680 0.9681
27.0389 0.9680 0.9682
27.0561 0.9681 0.9682
27.0734 0.9681 0.9683
27.0906 0.9682 0.9683
27.1079 0.9682 0.9683
27.1251 0.9682 0.9684
27.1424 0.9683 0.9684
27.1597 0.9683 0.9685
27.1769 0.9684 0.9685
27.1942 0.9684 0.9686
27.2114 0.9685 0.9686
27.2287 0.9685 0.9686
27.2459 0.9686 0.9687
27.2632 0.9686 0.9687
27.2804 0.9686 0.9688
27.2977 0.9687 0.9688
27.3150 0.9687 0.9689
27.3322 0.9688 0.9689
27.3495 0.9688 0.9690
27.3667 0.9689 0.9690
27.3840 0.9689 0.9690
27.4012 0.9689 0.9691
27.4185 0.9690 0.9691
27.4357 0.9690 0.9692
27.4530 0.9691 0.9692
27.4703 0.9691 0.9693
27.4875 0.9692 0.9693
27.5048 0.9692 0.9693
27.5220 0.9692 0.9694
27.5393 0.9693 0.9694
27.5565 0.9693 0.9695
27.5738 0.9694 0.9695
27.5910 0.9694 0.9695
27.6083 0.9695 0.9696
27.6255 0.9695 0.9696
27.6428 0.9695 0.9697
27.6601 0.9696 0.9697
27.6773 0.9696 0.9698
27.6946 0.9697 0.9698
27.7118 0.9697 0.9698
27.7291 0.9697 0.9699
27.7463 0.9698 0.9699
27.7636 0.9698 0.9700
27.7808 0.9699 0.9700
27.7981 0.9699 0.9700
27.8154 0.9699 0.9701
27.8326 0.9700 0.9701
27.8499 0.9700 0.9702
27.8671 0.9701 0.9702
27.8844 0.9701 0.9702
27.9016 0.9702 0.9703
27.9189 0.9702 0.9703
27.9361 0.9702 0.9704
27.9534 0.9703 0.9704
27.9707 0.9703 0.9704
27.9879 0.9704 0.9705
28.0052 0.9704 0.9705
28.0224 0.9704 0.9706
28.0397 0.9705 0.9706
28.0569 0.9705 0.9706
28.0742 0.9706 0.9707
28.0914 0.9706 0.9707
28.1087 0.9706 0.9708
28.1259 0.9707 0.9708
28.1432 0.9707 0.9708
28.1605 0.9707 0.9709
28.1777 0.9708 0.9709
28.1950 0.9708 0.9710
28.2122 0.9709 0.9710
28.2295 0.9709 0.9710
28.2467 0.9709 0.9711
28.2640 0.9710 0.9711
28.2812 0.9710 0.9711
28.2985 0.9711 0.9712
28.3158 0.9711 0.9712
28.3330 0.9711 0.9713
28.3503 0.9712 0.9713
28.3675 0.9712 0.9713
28.3848 0.9713 0.9714
28.4020 0.9713 0.9714
28.4193 0.9713 0.9715
28.4365 0.9714 0.9715
28.4538 0.9714 0.9715
28.4711 0.9714 0.9716
28.4883 0.9715 0.9716
28.5056 0.9715 0.9716
28.5228 0.9716 0.9717
28.5401 0.9716 0.9717
28.5573 0.9716 0.9718
28.5746 0.9717 0.9718
28.5918 0.9717 0.9718
28.6091 0.9717 0.9719
28.6263 0.9718 0.9719
28.6436 0.9718 0.9719
28.6609 0.9718 0.9720
28.6781 0.9719 0.9720
28.6954 0.9719 0.9720
28.7126 0.9720 0.9721
28.7299 0.9720 0.9721
28.7471 0.9720 0.9722
28.7644 0.9721 0.9722
28.7816 0.9721 0.9722
28.7989 0.9721 0.9723
28.8162 0.9722 0.9723
28.8334 0.9722 0.9723
28.8507 0.9722 0.9724
28.8679 0.9723 0.9724
28.8852 0.9723 0.9724
28.9024 0.9724 0.9725
28.9197 0.9724 0.9725
28.9369 0.9724 0.9726
28.9542 0.9725 0.9726
28.9715 0.9725 0.9726
28.9887 0.9725 0.9727
29.0060 0.9726 0.9727
29.0232 0.9726 0.9727
29.0405 0.9726 0.9728
29.0577 0.9727 0.9728
29.0750 0.9727 0.9728
29.0922 0.9727 0.9729
29.1095 0.9728 0.9729
29.1267 0.9728 0.9729
29.1440 0.9729 0.9730
29.1613 0.9729 0.9730
29.1785 0.9729 0.9730
29.1958 0.9730 0.9731
29.2130 0.9730 0.9731
29.2303 0.9730 0.9731
29.2475 0.9731 0.9732
29.2648 0.9731 0.9732
29.2820 0.9731 0.9732
29.2993 0.9732 0.9733
29.3166 0.9732 0.9733
29.3338 0.9732 0.9733
29.3511 0.9733 0.9734
29.3683 0.9733 0.9734
29.3856 0.9733 0.9734
29.4028 0.9734 0.9735
29.4201 0.9734 0.9735
29.4373 0.9734 0.9735
29.4546 0.9735 0.9736
29.4719 0.9735 0.9736
29.4891 0.9735 0.9736
29.5064 0.9736 0.9737
29.5236 0.9736 0.9737
29.5409 0.9736 0.9737
29.5581 0.9737 0.9738
29.5754 0.9737 0.9738
29.5926 0.9737 0.9738
29.6099 0.9738 0.9739
29.6271 0.9738 0.9739
29.6444 0.9738 0.9739
29.6617 0.9739 0.9740
29.6789 0.9739 0.9740
29.6962 0.9739 0.9740
29.7134 0.9740 0.9741
29.7307 0.9740 0.9741
29.7479 0.9740 0.9741
29.7652 0.9741 0.9742
29.7824 0.9741 0.9742
29.7997 0.9741 0.9742
29.8170 0.9742 0.9743
29.8342 0.9742 0.9743
29.8515 0.9742 0.9743
29.8687 0.9742 0.9744
29.8860 0.9743 0.9744
29.9032 0.9743 0.9744
29.9205 0.9743 0.9745
29.9377 0.9744 0.9745
29.9550 0.9744 0.9745
29.9723 0.9744 0.9746
29.9895 0.9745 0.9746
30.0068 0.9745 0.9746
30.0240 0.9745 0.9746
30.0413 0.9746 0.9747
30.0585 0.9746 0.9747
30.0758 0.9746 0.9747
30.0930 0.9747 0.9748
30.1103 0.9747 0.9748
30.1275 0.9747 0.9748
30.1448 0.9748 0.9749
30.1621 0.9748 0.9749
30.1793 0.9748 0.9749
30.1966 0.9748 0.9750
30.2138 0.9749 0.9750
30.2311 0.9749 0.9750
30.2483 0.9749 0.9750
30.2656 0.9750 0.9751
30.2828 0.9750 0.9751
30.3001 0.9750 0.9751
30.3174 0.9751 0.9752
30.3346 0.9751 0.9752
30.3519 0.9751 0.9752
30.3691 0.9751 0.9753
30.3864 0.9752 0.9753
30.4036 0.9752 0.9753
30.4209 0.9752 0.9753
30.4381 0.9753 0.9754
30.4554 0.9753 0.9754
30.4727 0.9753 0.9754
30.4899 0.9754 0.9755
30.5072 0.9754 0.9755
30.5244 0.9754 0.9755
30.5417 0.9754 0.9756
30.5589 0.9755 0.9756
30.5762 0.9755 0.9756
30.5934 0.9755 0.9756
30.6107 0.9756 0.9757
30.6280 0.9756 0.9757
30.6452 0.9756 0.9757
30.6625 0.9757 0.9758
30.6797 0.9757 0.9758
30.6970 0.9757 0.9758
30.7142 0.9757 0.9758
30.7315 0.9758 0.9759
30.7487 0.9758 0.9759
30.7660 0.9758 0.9759
30.7832 0.9759 0.9760
30.8005 0.9759 0.9760
30.8178 0.9759 0.9760
30.8350 0.9759 0.9761
30.8523 0.9760 0.9761
30.8695 0.9760 0.9761
30.8868 0.9760 0.9761
30.9040 0.9761 0.9762
30.9213 0.9761 0.9762
30.9385 0.9761 0.9762
30.9558 0.9761 0.9762
30.9731 0.9762 0.9763
30.9903 0.9762 0.9763
31.0076 0.9762 0.9763
31.0248 0.9763 0.9764
31.0421 0.9763 0.9764
31.0593 0.9763 0.9764
31.0766 0.9763 0.9764
31.0938 0.9764 0.9765
31.1111 0.9764 0.9765
31.1284 0.9764 0.9765
31.1456 0.9765 0.9766
31.1629 0.9765 0.9766
31.1801 0.9765 0.9766
31.1974 0.9765 0.9766
31.2146 0.9766 0.9767
31.2319 0.9766 0.9767
31.2491 0.9766 0.9767
31.2664 0.9766 0.9767
31.2836 0.9767 0.9768
31.3009 0.9767 0.9768
31.3182 0.9767 0.9768
31.3354 0.9768 0.9769
31.3527 0.9768 0.9769
31.3699 0.9768 0.9769
31.3872 0.9768 0.9769
31.4044 0.9769 0.9770
31.4217 0.9769 0.9770
31.4389 0.9769 0.9770
31.4562 0.9769 0.9770
31.4735 0.9770 0.9771
31.4907 0.9770 0.9771
31.5080 0.9770 0.9771
31.5252 0.9770 0.9772
31.5425 0.9771 0.9772
31.5597 0.9771 0.9772
31.5770 0.9771 0.9772
31.5942 0.9772 0.9773
31.6115 0.9772 0.9773
31.6288 0.9772 0.9773
31.6460 0.9772 0.9773
31.6633 0.9773 0.9774
31.6805 0.9773 0.9774
31.6978 0.9773 0.9774
31.7150 0.9773 0.9774
31.7323 0.9774 0.9775
31.7495 0.9774 0.9775
31.7668 0.9774 0.9775
31.7840 0.9774 0.9775
31.8013 0.9775 0.9776
31.8186 0.9775 0.9776
31.8358 0.9775 0.9776
31.8531 0.9775 0.9776
31.8703 0.9776 0.9777
31.8876 0.9776 0.9777
31.9048 0.9776 0.9777
31.9221 0.9776 0.9778
31.9393 0.9777 0.9778
31.9566 0.9777 0.9778
31.9739 0.9777 0.9778
31.9911 0.9778 0.9779
32.0084 0.9778 0.9779
32.0256 0.9778 0.9779
32.0429 0.9778 0.9779
32.0601 0.9779 0.9780
32.0774 0.9779 0.9780
32.0946 0.9779 0.9780
32.1119 0.9779 0.9780
32.1292 0.9780 0.9781
32.1464 0.9780 0.9781
32.1637 0.9780 0.9781
32.1809 0.9780 0.9781
32.1982 0.9781 0.9782
32.2154 0.9781 0.9782
32.2327 0.9781 0.9782
32.2499 0.9781 0.9782
32.2672 0.9782 0.9783
32.2844 0.9782 0.9783
32.3017 0.9782 0.9783
32.3190 0.9782 0.9783
32.3362 0.9783 0.9783
32.3535 0.9783 0.9784
32.3707 0.9783 0.9784
32.3880 0.9783 0.9784
32.4052 0.9783 0.9784
32.4225 0.9784 0.9785
32.4397 0.9784 0.9785
32.4570 0.9784 0.9785
32.4743 0.9784 0.9785
32.4915 0.9785 0.9786
32.5088 0.9785 0.9786
32.5260 0.9785 0.9786
32.5433 0.9785 0.9786
32.5605 0.9786 0.9787
32.5778 0.9786 0.9787
32.5950 0.9786 0.9787
32.6123 0.9786 0.9787
32.6296 0.9787 0.9788
32.6468 0.9787 0.9788
32.6641 0.9787 0.9788
32.6813 0.9787 0.9788
32.6986 0.9788 0.9789
32.7158 0.9788 0.9789
32.7331 0.9788 0.9789
32.7503 0.9788 0.9789
32.7676 0.9789 0.9789
32.7848 0.9789 0.9790
32.8021 0.9789 0.9790
32.8194 0.9789 0.9790
32.8366 0.9789 0.9790
32.8539 0.9790 0.9791
32.8711 0.9790 0.9791
32.8884 0.9790 0.9791
32.9056 0.9790 0.9791
32.9229 0.9791 0.9792
32.9401 0.9791 0.9792
32.9574 0.9791 0.9792
32.9747 0.9791 0.9792
32.9919 0.9792 0.9792
33.0092 0.9792 0.9793
33.0264 0.9792 0.9793
33.0437 0.9792 0.9793
33.0609 0.9792 0.9793
33.0782 0.9793 0.9794
33.0954 0.9793 0.9794
33.1127 0.9793 0.9794
33.1300 0.9793 0.9794
33.1472 0.9794 0.9795
33.1645 0.9794 0.9795
33.1817 0.9794 0.9795
33.1990 0.9794 0.9795
33.2162 0.9794 0.9795
33.2335 0.9795 0.9796
33.2507 0.9795 0.9796
33.2680 0.9795 0.9796
33.2852 0.9795 0.9796
33.3025 0.9796 0.9797
33.3198 0.9796 0.9797
33.3370 0.9796 0.9797
33.3543 0.9796 0.9797
33.3715 0.9796 0.9797
33.3888 0.9797 0.9798
33.4060 0.9797 0.9798
33.4233 0.9797 0.9798
33.4405 0.9797 0.9798
33.4578 0.9798 0.9799
33.4751 0.9798 0.9799
33.4923 0.9798 0.9799
33.5096 0.9798 0.9799
33.5268 0.9798 0.9799
33.5441 0.9799 0.9800
33.5613 0.9799 0.9800
33.5786 0.9799 0.9800
33.5958 0.9799 0.9800
33.6131 0.9800 0.9800
33.6304 0.9800 0.9801
33.6476 0.9800 0.9801
33.6649 0.9800 0.9801
33.6821 0.9800 0.9801
33.6994 0.9801 0.9802
33.7166 0.9801 0.9802
33.7339 0.9801 0.9802
33.7511 0.9801 0.9802
33.7684 0.9801 0.9802
33.7856 0.9802 0.9803
33.8029 0.9802 0.9803
33.8202 0.9802 0.9803
33.8374 0.9802 0.9803
33.8547 0.9803 0.9803
33.8719 0.9803 0.9804
33.8892 0.9803 0.9804
33.9064 0.9803 0.9804
33.9237 0.9803 0.9804
33.9409 0.9804 0.9805
33.9582 0.9804 0.9805
33.9755 0.9804 0.9805
33.9927 0.9804 0.9805
34.0100 0.9804 0.9805
34.0272 0.9805 0.9806
34.0445 0.9805 0.9806
34.0617 0.9805 0.9806
34.0790 0.9805 0.9806
34.0962 0.9805 0.9806
34.1135 0.9806 0.9807
34.1308 0.9806 0.9807
34.1480 0.9806 0.9807
34.1653 0.9806 0.9807
34.1825 0.9807 0.9807
34.1998 0.9807 0.9808
34.2170 0.9807 0.9808
34.2343 0.9807 0.9808
34.2515 0.9807 0.9808
34.2688 0.9808 0.9808
34.2860 0.9808 0.9809
34.3033 0.9808 0.9809
34.3206 0.9808 0.9809
34.3378 0.9808 0.9809
34.3551 0.9809 0.9809
34.3723 0.9809 0.9810
34.3896 0.9809 0.9810
34.4068 0.9809 0.9810
34.4241 0.9809 0.9810
34.4413 0.9810 0.9810
34.4586 0.9810 0.9811
34.4759 0.9810 0.9811
34.4931 0.9810 0.9811
  
  
  
  
  
dim="1">gridpoints</dimension>  
  
  
  
  
  
  
  
  
0.0000 1.4683 1.5054
0.0173 1.4683 1.5054
0.0345 1.4700 1.5131
0.0518 1.4727 1.5257
0.0690 1.4761 1.5430
0.0863 1.4798 1.5648
0.1035 1.4834 1.5907
0.1208 1.4863 1.6201
0.1380 1.4882 1.6525
0.1553 1.4885 1.6873
0.1726 1.4868 1.7238
0.1898 1.4826 1.7612
0.2071 1.4756 1.7988
0.2243 1.4656 1.8356
0.2416 1.4524 1.8709
0.2588 1.4360 1.9038
0.2761 1.4165 1.9336
0.2933 1.3939 1.9593
0.3106 1.3686 1.9805
0.3278 1.3408 1.9964
0.3451 1.3109 2.0065
0.3624 1.2795 2.0104
0.3796 1.2469 2.0079
0.3969 1.2138 1.9986
0.4141 1.1806 1.9827
0.4314 1.1479 1.9601
0.4486 1.1163 1.9309
0.4659 1.0862 1.8955
0.4831 1.0581 1.8541
0.5004 1.0325 1.8071
0.5177 1.0096 1.7551
0.5349 0.9899 1.6985
0.5522 0.9734 1.6379
0.5694 0.9602 1.5739
0.5867 0.9505 1.5072
0.6039 0.9441 1.4383
0.6212 0.9408 1.3680
0.6384 0.9404 1.2971
0.6557 0.9427 1.2261
0.6730 0.9472 1.1559
0.6902 0.9535 1.0872
0.7075 0.9614 1.0208
0.7247 0.9703 0.9573
0.7420 0.9799 0.8975
0.7592 0.9899 0.8422
0.7765 0.9998 0.7918
0.7937 1.0094 0.7469
0.8110 1.0184 0.7080
0.8282 1.0266 0.6754
0.8455 1.0337 0.6493
0.8628 1.0395 0.6299
0.8800 1.0440 0.6170
0.8973 1.0470 0.6104
0.9145 1.0483 0.6098
0.9318 1.0478 0.6148
0.9490 1.0456 0.6249
0.9663 1.0415 0.6393
0.9835 1.0356 0.6575
1.0008 1.0279 0.6787
1.0181 1.0185 0.7022
1.0353 1.0076 0.7272
1.0526 0.9952 0.7531
1.0698 0.9817 0.7794
1.0871 0.9674 0.8053
1.1043 0.9526 0.8305
1.1216 0.9375 0.8545
1.1388 0.9227 0.8771
1.1561 0.9085 0.8980
1.1734 0.8952 0.9170
1.1906 0.8832 0.9339
1.2079 0.8729 0.9489
1.2251 0.8644 0.9618
1.2424 0.8581 0.9728
1.2596 0.8540 0.9819
1.2769 0.8522 0.9892
1.2941 0.8527 0.9949
1.3114 0.8554 0.9991
1.3286 0.8602 1.0019
1.3459 0.8667 1.0037
1.3632 0.8748 1.0044
1.3804 0.8841 1.0043
1.3977 0.8944 1.0035
1.4149 0.9052 1.0022
1.4322 0.9163 1.0004
1.4494 0.9273 0.9983
1.4667 0.9380 0.9959
1.4839 0.9481 0.9933
1.5012 0.9574 0.9906
1.5185 0.9658 0.9876
1.5357 0.9731 0.9843
1.5530 0.9793 0.9808
1.5702 0.9844 0.9770
1.5875 0.9883 0.9727
1.6047 0.9910 0.9679
1.6220 0.9927 0.9624
1.6392 0.9934 0.9563
1.6565 0.9931 0.9495
1.6738 0.9919 0.9419
1.6910 0.9898 0.9335
1.7083 0.9869 0.9243
1.7255 0.9833 0.9143
1.7428 0.9789 0.9037
1.7600 0.9739 0.8925
1.7773 0.9683 0.8808
1.7945 0.9621 0.8689
1.8118 0.9553 0.8568
1.8290 0.9480 0.8448
1.8463 0.9402 0.8331
1.8636 0.9320 0.8218
1.8808 0.9233 0.8110
1.8981 0.9141 0.8011
1.9153 0.9047 0.7920
1.9326 0.8949 0.7838
1.9498 0.8847 0.7767
1.9671 0.8743 0.7706
1.9843 0.8637 0.7656
2.0016 0.8528 0.7616
2.0189 0.8416 0.7584
2.0361 0.8303 0.7561
2.0534 0.8188 0.7544
2.0706 0.8070 0.7531
2.0879 0.7951 0.7522
2.1051 0.7831 0.7513
2.1224 0.7709 0.7504
2.1396 0.7586 0.7492
2.1569 0.7461 0.7477
2.1742 0.7336 0.7455
2.1914 0.7211 0.7427
2.2087 0.7086 0.7392
2.2259 0.6961 0.7348
2.2432 0.6836 0.7295
2.2604 0.6713 0.7234
2.2777 0.6591 0.7165
2.2949 0.6470 0.7088
2.3122 0.6351 0.7004
2.3294 0.6234 0.6914
2.3467 0.6120 0.6820
2.3640 0.6008 0.6722
2.3812 0.5901 0.6621
2.3985 0.5797 0.6520
2.4157 0.5698 0.6420
2.4330 0.5605 0.6322
2.4502 0.5518 0.6227
2.4675 0.5438 0.6137
2.4847 0.5367 0.6052
2.5020 0.5305 0.5975
2.5193 0.5253 0.5904
2.5365 0.5211 0.5841
2.5538 0.5180 0.5787
2.5710 0.5159 0.5741
2.5883 0.5149 0.5704
2.6055 0.5149 0.5675
2.6228 0.5158 0.5653
2.6400 0.5175 0.5639
2.6573 0.5201 0.5633
2.6746 0.5232 0.5632
2.6918 0.5270 0.5637
2.7091 0.5311 0.5648
2.7263 0.5356 0.5662
2.7436 0.5403 0.5681
2.7608 0.5453 0.5703
2.7781 0.5503 0.5728
2.7953 0.5554 0.5754
2.8126 0.5606 0.5783
2.8299 0.5659 0.5814
2.8471 0.5711 0.5846
2.8644 0.5764 0.5879
2.8816 0.5817 0.5913
2.8989 0.5869 0.5947
2.9161 0.5921 0.5983
2.9334 0.5972 0.6018
2.9506 0.6020 0.6054
2.9679 0.6065 0.6089
2.9851 0.6107 0.6125
3.0024 0.6143 0.6160
3.0197 0.6173 0.6194
3.0369 0.6195 0.6226
3.0542 0.6208 0.6258
3.0714 0.6211 0.6287
3.0887 0.6204 0.6315
3.1059 0.6184 0.6340
3.1232 0.6152 0.6363
3.1404 0.6108 0.6383
3.1577 0.6052 0.6401
3.1750 0.5984 0.6416
3.1922 0.5906 0.6429
3.2095 0.5818 0.6439
3.2267 0.5722 0.6446
3.2440 0.5621 0.6452
3.2612 0.5516 0.6455
3.2785 0.5409 0.6456
3.2957 0.5303 0.6454
3.3130 0.5200 0.6451
3.3303 0.5102 0.6445
3.3475 0.5010 0.6437
3.3648 0.4927 0.6426
3.3820 0.4855 0.6413
3.3993 0.4793 0.6396
3.4165 0.4742 0.6377
3.4338 0.4703 0.6354
3.4510 0.4676 0.6327
3.4683 0.4660 0.6297
3.4855 0.4653 0.6264
3.5028 0.4656 0.6227
3.5201 0.4667 0.6187
3.5373 0.4683 0.6144
3.5546 0.4705 0.6100
3.5718 0.4729 0.6053
3.5891 0.4755 0.6006
3.6063 0.4781 0.5958
3.6236 0.4806 0.5910
3.6408 0.4830 0.5864
3.6581 0.4851 0.5819
3.6754 0.4870 0.5777
3.6926 0.4886 0.5737
3.7099 0.4899 0.5700
3.7271 0.4910 0.5666
3.7444 0.4919 0.5635
3.7616 0.4927 0.5607
3.7789 0.4935 0.5582
3.7961 0.4942 0.5559
3.8134 0.4950 0.5539
3.8307 0.4959 0.5520
3.8479 0.4969 0.5503
3.8652 0.4981 0.5488
3.8824 0.4995 0.5473
3.8997 0.5011 0.5458
3.9169 0.5029 0.5444
3.9342 0.5048 0.5429
3.9514 0.5069 0.5415
3.9687 0.5091 0.5400
3.9859 0.5114 0.5385
4.0032 0.5137 0.5370
4.0205 0.5162 0.5354
4.0377 0.5186 0.5338
4.0550 0.5211 0.5323
4.0722 0.5237 0.5307
4.0895 0.5262 0.5292
4.1067 0.5288 0.5278
4.1240 0.5313 0.5264
4.1412 0.5339 0.5251
4.1585 0.5365 0.5238
4.1758 0.5390 0.5227
4.1930 0.5415 0.5217
4.2103 0.5440 0.5208
4.2275 0.5463 0.5200
4.2448 0.5485 0.5194
4.2620 0.5506 0.5189
4.2793 0.5525 0.5185
4.2965 0.5541 0.5183
4.3138 0.5555 0.5182
4.3311 0.5567 0.5183
4.3483 0.5575 0.5185
4.3656 0.5581 0.5189
4.3828 0.5583 0.5193
4.4001 0.5581 0.5199
4.4173 0.5577 0.5206
4.4346 0.5569 0.5213
4.4518 0.5558 0.5221
4.4691 0.5545 0.5230
4.4863 0.5529 0.5240
4.5036 0.5512 0.5250
4.5209 0.5493 0.5260
4.5381 0.5473 0.5272
4.5554 0.5453 0.5283
4.5726 0.5434 0.5296
4.5899 0.5415 0.5309
4.6071 0.5398 0.5323
4.6244 0.5383 0.5338
4.6416 0.5371 0.5354
4.6589 0.5362 0.5370
4.6762 0.5356 0.5387
4.6934 0.5353 0.5405
4.7107 0.5355 0.5423
4.7279 0.5360 0.5441
4.7452 0.5368 0.5460
4.7624 0.5380 0.5479
4.7797 0.5395 0.5497
4.7969 0.5412 0.5516
4.8142 0.5432 0.5533
4.8315 0.5453 0.5550
4.8487 0.5475 0.5566
4.8660 0.5497 0.5582
4.8832 0.5520 0.5596
4.9005 0.5542 0.5609
4.9177 0.5563 0.5622
4.9350 0.5583 0.5633
4.9522 0.5602 0.5644
4.9695 0.5620 0.5653
4.9867 0.5636 0.5662
5.0040 0.5651 0.5669
5.0213 0.5665 0.5676
5.0385 0.5678 0.5682
5.0558 0.5691 0.5688
5.0730 0.5703 0.5693
5.0903 0.5716 0.5697
5.1075 0.5729 0.5701
5.1248 0.5743 0.5705
5.1420 0.5758 0.5709
5.1593 0.5773 0.5713
5.1766 0.5790 0.5717
5.1938 0.5808 0.5721
5.2111 0.5826 0.5726
5.2283 0.5846 0.5731
5.2456 0.5867 0.5738
5.2628 0.5888 0.5746
5.2801 0.5909 0.5755
5.2973 0.5930 0.5765
5.3146 0.5951 0.5778
5.3319 0.5972 0.5792
5.3491 0.5992 0.5807
5.3664 0.6011 0.5825
5.3836 0.6029 0.5845
5.4009 0.6047 0.5866
5.4181 0.6063 0.5889
5.4354 0.6078 0.5914
5.4526 0.6093 0.5939
5.4699 0.6106 0.5966
5.4871 0.6119 0.5993
5.5044 0.6131 0.6020
5.5217 0.6143 0.6047
5.5389 0.6155 0.6074
5.5562 0.6166 0.6099
5.5734 0.6177 0.6123
5.5907 0.6189 0.6146
5.6079 0.6201 0.6167
5.6252 0.6212 0.6186
5.6424 0.6224 0.6203
5.6597 0.6236 0.6218
5.6770 0.6249 0.6231
5.6942 0.6261 0.6243
5.7115 0.6273 0.6252
5.7287 0.6286 0.6259
5.7460 0.6299 0.6266
5.7632 0.6311 0.6271
5.7805 0.6324 0.6276
5.7977 0.6336 0.6280
5.8150 0.6349 0.6284
5.8323 0.6362 0.6288
5.8495 0.6375 0.6292
5.8668 0.6389 0.6297
5.8840 0.6403 0.6303
5.9013 0.6417 0.6310
5.9185 0.6432 0.6318
5.9358 0.6448 0.6328
5.9530 0.6464 0.6338
5.9703 0.6481 0.6350
5.9875 0.6499 0.6363
6.0048 0.6517 0.6378
6.0221 0.6536 0.6393
6.0393 0.6555 0.6410
6.0566 0.6575 0.6427
6.0738 0.6596 0.6446
6.0911 0.6616 0.6465
6.1083 0.6637 0.6485
6.1256 0.6658 0.6505
6.1428 0.6678 0.6526
6.1601 0.6698 0.6547
6.1774 0.6718 0.6569
6.1946 0.6737 0.6590
6.2119 0.6756 0.6612
6.2291 0.6774 0.6634
6.2464 0.6792 0.6656
6.2636 0.6808 0.6678
6.2809 0.6824 0.6700
6.2981 0.6839 0.6722
6.3154 0.6853 0.6743
6.3327 0.6867 0.6764
6.3499 0.6879 0.6785
6.3672 0.6891 0.6805
6.3844 0.6902 0.6824
6.4017 0.6913 0.6843
6.4189 0.6922 0.6861
6.4362 0.6931 0.6878
6.4534 0.6939 0.6893
6.4707 0.6947 0.6908
6.4879 0.6953 0.6922
6.5052 0.6959 0.6934
6.5225 0.6965 0.6946
6.5397 0.6970 0.6956
6.5570 0.6975 0.6966
6.5742 0.6979 0.6974
6.5915 0.6984 0.6982
6.6087 0.6988 0.6989
6.6260 0.6992 0.6996
6.6432 0.6997 0.7003
6.6605 0.7001 0.7009
6.6778 0.7006 0.7015
6.6950 0.7011 0.7021
6.7123 0.7016 0.7027
6.7295 0.7022 0.7034
6.7468 0.7027 0.7041
6.7640 0.7033 0.7048
6.7813 0.7038 0.7056
6.7985 0.7044 0.7065
6.8158 0.7048 0.7074
6.8331 0.7053 0.7084
6.8503 0.7057 0.7094
6.8676 0.7060 0.7104
6.8848 0.7062 0.7115
6.9021 0.7064 0.7127
6.9193 0.7065 0.7138
6.9366 0.7066 0.7150
6.9538 0.7066 0.7162
6.9711 0.7065 0.7174
6.9883 0.7064 0.7186
7.0056 0.7063 0.7197
7.0229 0.7063 0.7209
7.0401 0.7062 0.7221
7.0574 0.7062 0.7233
7.0746 0.7062 0.7244
7.0919 0.7063 0.7256
7.1091 0.7065 0.7268
7.1264 0.7068 0.7280
7.1436 0.7072 0.7292
7.1609 0.7078 0.7304
7.1782 0.7084 0.7316
7.1954 0.7092 0.7329
7.2127 0.7100 0.7341
7.2299 0.7110 0.7354
7.2472 0.7122 0.7367
7.2644 0.7134 0.7380
7.2817 0.7147 0.7393
7.2989 0.7161 0.7405
7.3162 0.7176 0.7417
7.3335 0.7192 0.7429
7.3507 0.7208 0.7440
7.3680 0.7225 0.7451
7.3852 0.7242 0.7460
7.4025 0.7259 0.7469
7.4197 0.7276 0.7477
7.4370 0.7293 0.7484
7.4542 0.7310 0.7490
7.4715 0.7327 0.7495
7.4887 0.7343 0.7500
7.5060 0.7359 0.7503
7.5233 0.7374 0.7506
7.5405 0.7389 0.7508
7.5578 0.7403 0.7510
7.5750 0.7416 0.7511
7.5923 0.7429 0.7511
7.6095 0.7441 0.7511
7.6268 0.7452 0.7511
7.6440 0.7462 0.7511
7.6613 0.7472 0.7511
7.6786 0.7481 0.7512
7.6958 0.7489 0.7512
7.7131 0.7497 0.7512
7.7303 0.7504 0.7513
7.7476 0.7511 0.7514
7.7648 0.7516 0.7516
7.7821 0.7522 0.7518
7.7993 0.7527 0.7521
7.8166 0.7531 0.7524
7.8339 0.7535 0.7527
7.8511 0.7538 0.7531
7.8684 0.7541 0.7535
7.8856 0.7543 0.7539
7.9029 0.7546 0.7544
7.9201 0.7548 0.7549
7.9374 0.7550 0.7554
7.9546 0.7552 0.7559
7.9719 0.7554 0.7565
7.9891 0.7555 0.7570
8.0064 0.7557 0.7575
8.0237 0.7559 0.7579
8.0409 0.7561 0.7584
8.0582 0.7562 0.7587
8.0754 0.7564 0.7591
8.0927 0.7565 0.7593
8.1099 0.7566 0.7595
8.1272 0.7568 0.7596
8.1444 0.7568 0.7596
8.1617 0.7569 0.7595
8.1790 0.7570 0.7593
8.1962 0.7570 0.7590
8.2135 0.7570 0.7586
8.2307 0.7570 0.7582
8.2480 0.7569 0.7576
8.2652 0.7568 0.7570
8.2825 0.7567 0.7562
8.2997 0.7566 0.7554
8.3170 0.7565 0.7546
8.3343 0.7563 0.7537
8.3515 0.7561 0.7528
8.3688 0.7558 0.7519
8.3860 0.7555 0.7509
8.4033 0.7552 0.7500
8.4205 0.7548 0.7491
8.4378 0.7544 0.7482
8.4550 0.7540 0.7473
8.4723 0.7535 0.7465
8.4896 0.7530 0.7458
8.5068 0.7525 0.7452
8.5241 0.7519 0.7446
8.5413 0.7514 0.7441
8.5586 0.7508 0.7437
8.5758 0.7503 0.7433
8.5931 0.7498 0.7431
8.6103 0.7493 0.7430
8.6276 0.7488 0.7429
8.6448 0.7484 0.7429
8.6621 0.7481 0.7430
8.6794 0.7478 0.7432
8.6966 0.7476 0.7434
8.7139 0.7474 0.7437
8.7311 0.7473 0.7441
8.7484 0.7473 0.7445
8.7656 0.7473 0.7450
8.7829 0.7473 0.7455
8.8001 0.7474 0.7460
8.8174 0.7476 0.7465
8.8347 0.7478 0.7470
8.8519 0.7480 0.7476
8.8692 0.7483 0.7481
8.8864 0.7485 0.7487
8.9037 0.7489 0.7492
8.9209 0.7492 0.7497
8.9382 0.7496 0.7501
8.9554 0.7499 0.7505
8.9727 0.7503 0.7509
8.9900 0.7508 0.7513
9.0072 0.7512 0.7516
9.0245 0.7516 0.7519
9.0417 0.7520 0.7521
9.0590 0.7524 0.7523
9.0762 0.7528 0.7525
9.0935 0.7532 0.7526
9.1107 0.7536 0.7527
9.1280 0.7539 0.7528
9.1452 0.7542 0.7528
9.1625 0.7545 0.7529
9.1798 0.7548 0.7529
9.1970 0.7550 0.7529
9.2143 0.7552 0.7529
9.2315 0.7553 0.7530
9.2488 0.7554 0.7530
9.2660 0.7555 0.7530
9.2833 0.7555 0.7531
9.3005 0.7555 0.7531
9.3178 0.7555 0.7532
9.3351 0.7555 0.7533
9.3523 0.7555 0.7534
9.3696 0.7554 0.7535
9.3868 0.7554 0.7537
9.4041 0.7554 0.7539
9.4213 0.7554 0.7541
9.4386 0.7554 0.7543
9.4558 0.7554 0.7545
9.4731 0.7555 0.7548
9.4904 0.7556 0.7551
9.5076 0.7558 0.7554
9.5249 0.7560 0.7557
9.5421 0.7562 0.7560
9.5594 0.7565 0.7564
9.5766 0.7568 0.7568
9.5939 0.7572 0.7572
9.6111 0.7577 0.7577
9.6284 0.7581 0.7581
9.6456 0.7586 0.7586
9.6629 0.7592 0.7591
9.6802 0.7598 0.7596
9.6974 0.7603 0.7602
9.7147 0.7609 0.7608
9.7319 0.7615 0.7614
9.7492 0.7621 0.7620
9.7664 0.7627 0.7626
9.7837 0.7633 0.7632
9.8009 0.7639 0.7638
9.8182 0.7644 0.7644
9.8355 0.7649 0.7650
9.8527 0.7653 0.7656
9.8700 0.7657 0.7662
9.8872 0.7661 0.7668
9.9045 0.7664 0.7674
9.9217 0.7667 0.7679
9.9390 0.7669 0.7684
9.9562 0.7671 0.7690
9.9735 0.7673 0.7694
9.9908 0.7674 0.7699
10.0080 0.7675 0.7704
10.0253 0.7676 0.7708
10.0425 0.7677 0.7713
10.0598 0.7677 0.7717
10.0770 0.7678 0.7721
10.0943 0.7679 0.7725
10.1115 0.7679 0.7729
10.1288 0.7680 0.7732
10.1460 0.7681 0.7736
10.1633 0.7683 0.7740
10.1806 0.7684 0.7743
10.1978 0.7686 0.7747
10.2151 0.7688 0.7750
10.2323 0.7691 0.7753
10.2496 0.7694 0.7757
10.2668 0.7698 0.7760
10.2841 0.7702 0.7763
10.3013 0.7706 0.7766
10.3186 0.7711 0.7769
10.3359 0.7716 0.7771
10.3531 0.7722 0.7774
10.3704 0.7728 0.7777
10.3876 0.7735 0.7780
10.4049 0.7742 0.7783
10.4221 0.7749 0.7786
10.4394 0.7757 0.7789
10.4566 0.7765 0.7792
10.4739 0.7773 0.7795
10.4912 0.7781 0.7799
10.5084 0.7789 0.7802
10.5257 0.7797 0.7806
10.5429 0.7805 0.7810
10.5602 0.7812 0.7814
10.5774 0.7820 0.7819
10.5947 0.7827 0.7823
10.6119 0.7834 0.7827
10.6292 0.7840 0.7831
10.6464 0.7846 0.7835
10.6637 0.7851 0.7839
10.6810 0.7856 0.7843
10.6982 0.7860 0.7846
10.7155 0.7864 0.7850
10.7327 0.7867 0.7853
10.7500 0.7870 0.7855
10.7672 0.7872 0.7858
10.7845 0.7874 0.7860
10.8017 0.7875 0.7862
10.8190 0.7876 0.7863
10.8363 0.7877 0.7865
10.8535 0.7878 0.7867
10.8708 0.7879 0.7868
10.8880 0.7880 0.7870
10.9053 0.7881 0.7871
10.9225 0.7883 0.7873
10.9398 0.7884 0.7875
10.9570 0.7886 0.7877
10.9743 0.7888 0.7880
10.9916 0.7890 0.7883
11.0088 0.7892 0.7886
11.0261 0.7895 0.7889
11.0433 0.7898 0.7893
11.0606 0.7901 0.7897
11.0778 0.7904 0.7901
11.0951 0.7907 0.7905
11.1123 0.7910 0.7910
11.1296 0.7914 0.7914
11.1468 0.7917 0.7919
11.1641 0.7920 0.7923
11.1814 0.7924 0.7928
11.1986 0.7927 0.7932
11.2159 0.7930 0.7937
11.2331 0.7934 0.7941
11.2504 0.7937 0.7945
11.2676 0.7940 0.7949
11.2849 0.7943 0.7953
11.3021 0.7946 0.7957
11.3194 0.7950 0.7960
11.3367 0.7953 0.7963
11.3539 0.7956 0.7966
11.3712 0.7960 0.7969
11.3884 0.7964 0.7972
11.4057 0.7967 0.7975
11.4229 0.7971 0.7977
11.4402 0.7976 0.7980
11.4574 0.7980 0.7982
11.4747 0.7984 0.7985
11.4920 0.7988 0.7988
11.5092 0.7993 0.7990
11.5265 0.7997 0.7993
11.5437 0.8002 0.7996
11.5610 0.8006 0.7999
11.5782 0.8010 0.8002
11.5955 0.8014 0.8005
11.6127 0.8018 0.8008
11.6300 0.8022 0.8012
11.6472 0.8026 0.8015
11.6645 0.8030 0.8019
11.6818 0.8034 0.8023
11.6990 0.8037 0.8026
11.7163 0.8040 0.8030
11.7335 0.8044 0.8034
11.7508 0.8047 0.8038
11.7680 0.8050 0.8042
11.7853 0.8053 0.8046
11.8025 0.8056 0.8050
11.8198 0.8059 0.8053
11.8371 0.8062 0.8057
11.8543 0.8066 0.8060
11.8716 0.8069 0.8064
11.8888 0.8072 0.8067
11.9061 0.8075 0.8070
11.9233 0.8079 0.8073
11.9406 0.8082 0.8076
11.9578 0.8086 0.8079
11.9751 0.8089 0.8082
11.9924 0.8093 0.8085
12.0096 0.8097 0.8088
12.0269 0.8100 0.8090
12.0441 0.8104 0.8093
12.0614 0.8108 0.8096
12.0786 0.8112 0.8100
12.0959 0.8116 0.8103
12.1131 0.8120 0.8106
12.1304 0.8124 0.8110
12.1476 0.8128 0.8113
12.1649 0.8133 0.8117
12.1822 0.8137 0.8121
12.1994 0.8141 0.8125
12.2167 0.8146 0.8129
12.2339 0.8150 0.8133
12.2512 0.8155 0.8137
12.2684 0.8159 0.8141
12.2857 0.8164 0.8145
12.3029 0.8169 0.8149
12.3202 0.8174 0.8153
12.3375 0.8179 0.8157
12.3547 0.8184 0.8160
12.3720 0.8189 0.8164
12.3892 0.8194 0.8168
12.4065 0.8199 0.8172
12.4237 0.8204 0.8175
12.4410 0.8209 0.8179
12.4582 0.8214 0.8182
12.4755 0.8219 0.8186
12.4928 0.8224 0.8189
12.5100 0.8229 0.8193
12.5273 0.8233 0.8196
12.5445 0.8237 0.8199
12.5618 0.8241 0.8203
12.5790 0.8245 0.8206
12.5963 0.8249 0.8209
12.6135 0.8252 0.8212
12.6308 0.8255 0.8216
12.6480 0.8258 0.8219
12.6653 0.8261 0.8223
12.6826 0.8263 0.8226
12.6998 0.8265 0.8230
12.7171 0.8267 0.8233
12.7343 0.8270 0.8237
12.7516 0.8272 0.8241
12.7688 0.8274 0.8245
12.7861 0.8276 0.8249
12.8033 0.8278 0.8254
12.8206 0.8280 0.8258
12.8379 0.8282 0.8263
12.8551 0.8284 0.8267
12.8724 0.8287 0.8272
12.8896 0.8289 0.8277
12.9069 0.8292 0.8282
12.9241 0.8295 0.8287
12.9414 0.8298 0.8292
12.9586 0.8301 0.8297
12.9759 0.8304 0.8302
12.9932 0.8308 0.8307
13.0104 0.8311 0.8312
13.0277 0.8315 0.8317
13.0449 0.8319 0.8322
13.0622 0.8323 0.8327
13.0794 0.8327 0.8332
13.0967 0.8331 0.8336
13.1139 0.8335 0.8340
13.1312 0.8339 0.8344
13.1484 0.8343 0.8348
13.1657 0.8348 0.8352
13.1830 0.8352 0.8355
13.2002 0.8356 0.8359
13.2175 0.8361 0.8362
13.2347 0.8365 0.8364
13.2520 0.8370 0.8367
13.2692 0.8374 0.8369
13.2865 0.8378 0.8372
13.3037 0.8383 0.8374
13.3210 0.8387 0.8376
13.3383 0.8391 0.8378
13.3555 0.8395 0.8381
13.3728 0.8399 0.8383
13.3900 0.8403 0.8385
13.4073 0.8407 0.8388
13.4245 0.8410 0.8390
13.4418 0.8414 0.8393
13.4590 0.8417 0.8396
13.4763 0.8421 0.8399
13.4936 0.8424 0.8402
13.5108 0.8427 0.8405
13.5281 0.8431 0.8409
13.5453 0.8434 0.8412
13.5626 0.8437 0.8416
13.5798 0.8440 0.8419
13.5971 0.8444 0.8423
13.6143 0.8447 0.8427
13.6316 0.8450 0.8430
13.6488 0.8454 0.8434
13.6661 0.8457 0.8438
13.6834 0.8460 0.8442
13.7006 0.8464 0.8446
13.7179 0.8467 0.8450
13.7351 0.8471 0.8453
13.7524 0.8474 0.8457
13.7696 0.8478 0.8461
13.7869 0.8482 0.8465
13.8041 0.8486 0.8469
13.8214 0.8489 0.8474
13.8387 0.8493 0.8478
13.8559 0.8497 0.8482
13.8732 0.8501 0.8486
13.8904 0.8504 0.8490
13.9077 0.8508 0.8494
13.9249 0.8512 0.8498
13.9422 0.8516 0.8502
13.9594 0.8520 0.8506
13.9767 0.8524 0.8510
13.9940 0.8527 0.8514
14.0112 0.8531 0.8518
14.0285 0.8535 0.8522
14.0457 0.8539 0.8525
14.0630 0.8542 0.8529
14.0802 0.8546 0.8533
14.0975 0.8550 0.8536
14.1147 0.8553 0.8539
14.1320 0.8557 0.8542
14.1493 0.8561 0.8546
14.1665 0.8564 0.8549
14.1838 0.8568 0.8552
14.2010 0.8571 0.8555
14.2183 0.8575 0.8558
14.2355 0.8578 0.8561
14.2528 0.8581 0.8564
14.2700 0.8585 0.8567
14.2873 0.8588 0.8570
14.3045 0.8592 0.8573
14.3218 0.8595 0.8576
14.3391 0.8599 0.8579
14.3563 0.8602 0.8582
14.3736 0.8606 0.8586
14.3908 0.8609 0.8589
14.4081 0.8613 0.8593
14.4253 0.8616 0.8596
14.4426 0.8620 0.8600
14.4598 0.8623 0.8603
14.4771 0.8627 0.8607
14.4944 0.8631 0.8611
14.5116 0.8634 0.8614
14.5289 0.8638 0.8618
14.5461 0.8641 0.8622
14.5634 0.8645 0.8625
14.5806 0.8648 0.8629
14.5979 0.8651 0.8633
14.6151 0.8655 0.8636
14.6324 0.8658 0.8640
14.6497 0.8661 0.8644
14.6669 0.8665 0.8647
14.6842 0.8668 0.8651
14.7014 0.8671 0.8655
14.7187 0.8675 0.8658
14.7359 0.8678 0.8662
14.7532 0.8681 0.8665
14.7704 0.8685 0.8669
14.7877 0.8688 0.8673
14.8049 0.8691 0.8676
14.8222 0.8695 0.8680
14.8395 0.8698 0.8683
14.8567 0.8702 0.8687
14.8740 0.8705 0.8690
14.8912 0.8709 0.8694
14.9085 0.8712 0.8697
14.9257 0.8716 0.8701
14.9430 0.8720 0.8704
14.9602 0.8723 0.8708
14.9775 0.8727 0.8711
14.9948 0.8730 0.8715
15.0120 0.8734 0.8718
15.0293 0.8737 0.8721
15.0465 0.8741 0.8725
15.0638 0.8744 0.8728
15.0810 0.8748 0.8731
15.0983 0.8751 0.8735
15.1155 0.8754 0.8738
15.1328 0.8758 0.8741
15.1501 0.8761 0.8744
15.1673 0.8764 0.8748
15.1846 0.8768 0.8751
15.2018 0.8771 0.8754
15.2191 0.8774 0.8757
15.2363 0.8777 0.8760
15.2536 0.8780 0.8764
15.2708 0.8783 0.8767
15.2881 0.8786 0.8770
15.3053 0.8789 0.8773
15.3226 0.8792 0.8776
15.3399 0.8794 0.8779
15.3571 0.8797 0.8782
15.3744 0.8800 0.8786
15.3916 0.8803 0.8789
15.4089 0.8805 0.8792
15.4261 0.8808 0.8795
15.4434 0.8811 0.8799
15.4606 0.8813 0.8802
15.4779 0.8816 0.8805
15.4952 0.8819 0.8809
15.5124 0.8822 0.8812
15.5297 0.8824 0.8815
15.5469 0.8827 0.8819
15.5642 0.8830 0.8822
15.5814 0.8833 0.8826
15.5987 0.8836 0.8829
15.6159 0.8839 0.8832
15.6332 0.8842 0.8836
15.6505 0.8845 0.8839
15.6677 0.8848 0.8842
15.6850 0.8851 0.8845
15.7022 0.8854 0.8849
15.7195 0.8857 0.8852
15.7367 0.8860 0.8855
15.7540 0.8863 0.8857
15.7712 0.8866 0.8860
15.7885 0.8869 0.8863
15.8057 0.8872 0.8866
15.8230 0.8875 0.8868
15.8403 0.8878 0.8871
15.8575 0.8881 0.8873
15.8748 0.8884 0.8876
15.8920 0.8887 0.8878
15.9093 0.8890 0.8881
15.9265 0.8893 0.8883
15.9438 0.8895 0.8885
15.9610 0.8898 0.8888
15.9783 0.8900 0.8890
15.9956 0.8903 0.8893
16.0128 0.8906 0.8895
16.0301 0.8908 0.8898
16.0473 0.8910 0.8901
16.0646 0.8913 0.8903
16.0818 0.8915 0.8906
16.0991 0.8918 0.8909
16.1163 0.8920 0.8912
16.1336 0.8923 0.8914
16.1509 0.8925 0.8917
16.1681 0.8928 0.8920
16.1854 0.8930 0.8923
16.2026 0.8932 0.8926
16.2199 0.8935 0.8929
16.2371 0.8937 0.8932
16.2544 0.8940 0.8935
16.2716 0.8942 0.8938
16.2889 0.8945 0.8941
16.3061 0.8948 0.8944
16.3234 0.8950 0.8948
16.3407 0.8953 0.8951
16.3579 0.8955 0.8954
16.3752 0.8958 0.8957
16.3924 0.8961 0.8960
16.4097 0.8963 0.8963
16.4269 0.8966 0.8966
16.4442 0.8969 0.8969
16.4614 0.8971 0.8972
16.4787 0.8974 0.8975
16.4960 0.8977 0.8978
16.5132 0.8980 0.8981
16.5305 0.8982 0.8984
16.5477 0.8985 0.8987
16.5650 0.8988 0.8990
16.5822 0.8991 0.8992
16.5995 0.8994 0.8995
16.6167 0.8996 0.8998
16.6340 0.8999 0.9000
16.6513 0.9002 0.9003
16.6685 0.9004 0.9005
16.6858 0.9007 0.9008
16.7030 0.9010 0.9010
16.7203 0.9012 0.9013
16.7375 0.9015 0.9015
16.7548 0.9018 0.9018
16.7720 0.9020 0.9020
16.7893 0.9023 0.9023
16.8065 0.9025 0.9025
16.8238 0.9028 0.9027
16.8411 0.9030 0.9030
16.8583 0.9032 0.9032
16.8756 0.9035 0.9035
16.8928 0.9037 0.9037
16.9101 0.9040 0.9040
16.9273 0.9042 0.9042
16.9446 0.9045 0.9045
16.9618 0.9047 0.9047
16.9791 0.9049 0.9050
16.9964 0.9052 0.9052
17.0136 0.9054 0.9055
17.0309 0.9057 0.9057
17.0481 0.9059 0.9060
17.0654 0.9062 0.9062
17.0826 0.9064 0.9065
17.0999 0.9067 0.9068
17.1171 0.9069 0.9070
17.1344 0.9071 0.9073
17.1517 0.9074 0.9075
17.1689 0.9076 0.9078
17.1862 0.9079 0.9080
17.2034 0.9081 0.9083
17.2207 0.9084 0.9085
17.2379 0.9086 0.9088
17.2552 0.9089 0.9090
17.2724 0.9091 0.9093
17.2897 0.9093 0.9095
17.3069 0.9096 0.9098
17.3242 0.9098 0.9100
17.3415 0.9100 0.9102
17.3587 0.9103 0.9105
17.3760 0.9105 0.9107
17.3932 0.9107 0.9110
17.4105 0.9110 0.9112
17.4277 0.9112 0.9114
17.4450 0.9114 0.9117
17.4622 0.9116 0.9119
17.4795 0.9118 0.9121
17.4968 0.9121 0.9123
17.5140 0.9123 0.9126
17.5313 0.9125 0.9128
17.5485 0.9127 0.9130
17.5658 0.9129 0.9132
17.5830 0.9131 0.9134
17.6003 0.9133 0.9137
17.6175 0.9136 0.9139
17.6348 0.9138 0.9141
17.6521 0.9140 0.9143
17.6693 0.9142 0.9145
17.6866 0.9144 0.9148
17.7038 0.9146 0.9150
17.7211 0.9149 0.9152
17.7383 0.9151 0.9154
17.7556 0.9153 0.9156
17.7728 0.9155 0.9158
17.7901 0.9157 0.9160
17.8073 0.9159 0.9163
17.8246 0.9161 0.9165
17.8419 0.9163 0.9167
17.8591 0.9165 0.9169
17.8764 0.9167 0.9171
17.8936 0.9170 0.9173
17.9109 0.9172 0.9175
17.9281 0.9173 0.9177
17.9454 0.9175 0.9179
17.9626 0.9177 0.9181
17.9799 0.9179 0.9183
17.9972 0.9181 0.9185
18.0144 0.9183 0.9187
18.0317 0.9185 0.9189
18.0489 0.9187 0.9191
18.0662 0.9189 0.9193
18.0834 0.9191 0.9195
18.1007 0.9192 0.9197
18.1179 0.9194 0.9199
18.1352 0.9196 0.9201
18.1525 0.9198 0.9202
18.1697 0.9200 0.9204
18.1870 0.9202 0.9206
18.2042 0.9204 0.9208
18.2215 0.9206 0.9210
18.2387 0.9207 0.9211
18.2560 0.9209 0.9213
18.2732 0.9211 0.9215
18.2905 0.9213 0.9217
18.3077 0.9215 0.9218
18.3250 0.9217 0.9220
18.3423 0.9219 0.9222
18.3595 0.9221 0.9224
18.3768 0.9223 0.9225
18.3940 0.9224 0.9227
18.4113 0.9226 0.9229
18.4285 0.9228 0.9231
18.4458 0.9230 0.9232
18.4630 0.9232 0.9234
18.4803 0.9234 0.9236
18.4976 0.9236 0.9237
18.5148 0.9237 0.9239
18.5321 0.9239 0.9241
18.5493 0.9241 0.9242
18.5666 0.9243 0.9244
18.5838 0.9245 0.9246
18.6011 0.9247 0.9248
18.6183 0.9248 0.9249
18.6356 0.9250 0.9251
18.6529 0.9252 0.9253
18.6701 0.9254 0.9254
18.6874 0.9256 0.9256
18.7046 0.9258 0.9258
18.7219 0.9259 0.9259
18.7391 0.9261 0.9261
18.7564 0.9263 0.9263
18.7736 0.9265 0.9265
18.7909 0.9267 0.9266
18.8081 0.9268 0.9268
18.8254 0.9270 0.9270
18.8427 0.9272 0.9271
18.8599 0.9274 0.9273
18.8772 0.9275 0.9275
18.8944 0.9277 0.9277
18.9117 0.9279 0.9278
18.9289 0.9281 0.9280
18.9462 0.9282 0.9282
18.9634 0.9284 0.9283
18.9807 0.9286 0.9285
18.9980 0.9288 0.9287
19.0152 0.9289 0.9288
19.0325 0.9291 0.9290
19.0497 0.9293 0.9292
19.0670 0.9294 0.9293
19.0842 0.9296 0.9295
19.1015 0.9298 0.9297
19.1187 0.9299 0.9298
19.1360 0.9301 0.9300
19.1533 0.9302 0.9302
19.1705 0.9304 0.9303
19.1878 0.9306 0.9305
19.2050 0.9307 0.9306
19.2223 0.9309 0.9308
19.2395 0.9310 0.9309
19.2568 0.9312 0.9311
19.2740 0.9314 0.9313
19.2913 0.9315 0.9314
19.3085 0.9317 0.9316
19.3258 0.9318 0.9317
19.3431 0.9320 0.9319
19.3603 0.9321 0.9320
19.3776 0.9323 0.9322
19.3948 0.9324 0.9323
19.4121 0.9326 0.9325
19.4293 0.9327 0.9326
19.4466 0.9329 0.9328
19.4638 0.9330 0.9329
19.4811 0.9332 0.9331
19.4984 0.9333 0.9332
19.5156 0.9335 0.9333
19.5329 0.9336 0.9335
19.5501 0.9338 0.9336
19.5674 0.9339 0.9338
19.5846 0.9341 0.9339
19.6019 0.9342 0.9341
19.6191 0.9344 0.9342
19.6364 0.9345 0.9344
19.6537 0.9347 0.9345
19.6709 0.9348 0.9346
19.6882 0.9350 0.9348
19.7054 0.9351 0.9349
19.7227 0.9352 0.9351
19.7399 0.9354 0.9352
19.7572 0.9355 0.9354
19.7744 0.9357 0.9355
19.7917 0.9358 0.9356
19.8090 0.9360 0.9358
19.8262 0.9361 0.9359
19.8435 0.9362 0.9361
19.8607 0.9364 0.9362
19.8780 0.9365 0.9363
19.8952 0.9366 0.9365
19.9125 0.9368 0.9366
19.9297 0.9369 0.9367
19.9470 0.9370 0.9369
19.9642 0.9372 0.9370
19.9815 0.9373 0.9372
19.9988 0.9374 0.9373
20.0160 0.9376 0.9374
20.0333 0.9377 0.9376
20.0505 0.9378 0.9377
20.0678 0.9379 0.9378
20.0850 0.9381 0.9380
20.1023 0.9382 0.9381
20.1195 0.9383 0.9382
20.1368 0.9384 0.9384
20.1541 0.9386 0.9385
20.1713 0.9387 0.9386
20.1886 0.9388 0.9388
20.2058 0.9389 0.9389
20.2231 0.9391 0.9390
20.2403 0.9392 0.9391
20.2576 0.9393 0.9393
20.2748 0.9394 0.9394
20.2921 0.9396 0.9395
20.3094 0.9397 0.9396
20.3266 0.9398 0.9398
20.3439 0.9399 0.9399
20.3611 0.9401 0.9400
20.3784 0.9402 0.9401
20.3956 0.9403 0.9403
20.4129 0.9404 0.9404
20.4301 0.9405 0.9405
20.4474 0.9407 0.9406
20.4646 0.9408 0.9408
20.4819 0.9409 0.9409
20.4992 0.9410 0.9410
20.5164 0.9412 0.9411
20.5337 0.9413 0.9412
20.5509 0.9414 0.9414
20.5682 0.9415 0.9415
20.5854 0.9416 0.9416
20.6027 0.9418 0.9417
20.6199 0.9419 0.9418
20.6372 0.9420 0.9420
20.6545 0.9421 0.9421
20.6717 0.9422 0.9422
20.6890 0.9423 0.9423
20.7062 0.9425 0.9424
20.7235 0.9426 0.9425
20.7407 0.9427 0.9427
20.7580 0.9428 0.9428
20.7752 0.9429 0.9429
20.7925 0.9430 0.9430
20.8098 0.9431 0.9431
20.8270 0.9433 0.9432
20.8443 0.9434 0.9433
20.8615 0.9435 0.9435
20.8788 0.9436 0.9436
20.8960 0.9437 0.9437
20.9133 0.9438 0.9438
20.9305 0.9439 0.9439
20.9478 0.9440 0.9440
20.9650 0.9442 0.9441
20.9823 0.9443 0.9442
20.9996 0.9444 0.9444
21.0168 0.9445 0.9445
21.0341 0.9446 0.9446
21.0513 0.9447 0.9447
21.0686 0.9448 0.9448
21.0858 0.9449 0.9449
21.1031 0.9450 0.9450
21.1203 0.9451 0.9451
21.1376 0.9453 0.9452
21.1549 0.9454 0.9453
21.1721 0.9455 0.9454
21.1894 0.9456 0.9455
21.2066 0.9457 0.9456
21.2239 0.9458 0.9458
21.2411 0.9459 0.9459
21.2584 0.9460 0.9460
21.2756 0.9461 0.9461
21.2929 0.9462 0.9462
21.3102 0.9463 0.9463
21.3274 0.9464 0.9464
21.3447 0.9465 0.9465
21.3619 0.9466 0.9466
21.3792 0.9467 0.9467
21.3964 0.9468 0.9468
21.4137 0.9469 0.9469
21.4309 0.9470 0.9470
21.4482 0.9471 0.9471
21.4654 0.9472 0.9472
21.4827 0.9473 0.9473
21.5000 0.9474 0.9474
21.5172 0.9475 0.9475
21.5345 0.9476 0.9476
21.5517 0.9477 0.9477
21.5690 0.9478 0.9478
21.5862 0.9479 0.9479
21.6035 0.9480 0.9480
21.6207 0.9481 0.9481
21.6380 0.9482 0.9482
21.6553 0.9483 0.9483
21.6725 0.9484 0.9484
21.6898 0.9485 0.9485
21.7070 0.9486 0.9486
21.7243 0.9487 0.9487
21.7415 0.9488 0.9488
21.7588 0.9489 0.9489
21.7760 0.9490 0.9490
21.7933 0.9491 0.9491
21.8106 0.9492 0.9492
21.8278 0.9493 0.9493
21.8451 0.9494 0.9494
21.8623 0.9495 0.9495
21.8796 0.9496 0.9495
21.8968 0.9497 0.9496
21.9141 0.9498 0.9497
21.9313 0.9499 0.9498
21.9486 0.9500 0.9499
21.9658 0.9501 0.9500
21.9831 0.9502 0.9501
22.0004 0.9503 0.9502
22.0176 0.9503 0.9503
22.0349 0.9504 0.9504
22.0521 0.9505 0.9505
22.0694 0.9506 0.9506
22.0866 0.9507 0.9507
22.1039 0.9508 0.9508
22.1211 0.9509 0.9508
22.1384 0.9510 0.9509
22.1557 0.9511 0.9510
22.1729 0.9512 0.9511
22.1902 0.9512 0.9512
22.2074 0.9513 0.9513
22.2247 0.9514 0.9514
22.2419 0.9515 0.9515
22.2592 0.9516 0.9516
22.2764 0.9517 0.9517
22.2937 0.9518 0.9517
22.3110 0.9519 0.9518
22.3282 0.9519 0.9519
22.3455 0.9520 0.9520
22.3627 0.9521 0.9521
22.3800 0.9522 0.9522
22.3972 0.9523 0.9523
22.4145 0.9524 0.9523
22.4317 0.9525 0.9524
22.4490 0.9525 0.9525
22.4662 0.9526 0.9526
22.4835 0.9527 0.9527
22.5008 0.9528 0.9528
22.5180 0.9529 0.9529
22.5353 0.9530 0.9529
22.5525 0.9530 0.9530
22.5698 0.9531 0.9531
22.5870 0.9532 0.9532
22.6043 0.9533 0.9533
22.6215 0.9534 0.9533
22.6388 0.9535 0.9534
22.6561 0.9535 0.9535
22.6733 0.9536 0.9536
22.6906 0.9537 0.9537
22.7078 0.9538 0.9538
22.7251 0.9539 0.9538
22.7423 0.9539 0.9539
22.7596 0.9540 0.9540
22.7768 0.9541 0.9541
22.7941 0.9542 0.9542
22.8114 0.9543 0.9542
22.8286 0.9543 0.9543
22.8459 0.9544 0.9544
22.8631 0.9545 0.9545
22.8804 0.9546 0.9545
22.8976 0.9547 0.9546
22.9149 0.9547 0.9547
22.9321 0.9548 0.9548
22.9494 0.9549 0.9548
22.9666 0.9550 0.9549
22.9839 0.9550 0.9550
23.0012 0.9551 0.9551
23.0184 0.9552 0.9551
23.0357 0.9553 0.9552
23.0529 0.9554 0.9553
23.0702 0.9554 0.9554
23.0874 0.9555 0.9554
23.1047 0.9556 0.9555
23.1219 0.9556 0.9556
23.1392 0.9557 0.9557
23.1565 0.9558 0.9557
23.1737 0.9559 0.9558
23.1910 0.9559 0.9559
23.2082 0.9560 0.9559
23.2255 0.9561 0.9560
23.2427 0.9562 0.9561
23.2600 0.9562 0.9562
23.2772 0.9563 0.9562
23.2945 0.9564 0.9563
23.3118 0.9564 0.9564
23.3290 0.9565 0.9564
23.3463 0.9566 0.9565
23.3635 0.9566 0.9566
23.3808 0.9567 0.9567
23.3980 0.9568 0.9567
23.4153 0.9569 0.9568
23.4325 0.9569 0.9569
23.4498 0.9570 0.9569
23.4670 0.9571 0.9570
23.4843 0.9571 0.9571
23.5016 0.9572 0.9571
23.5188 0.9573 0.9572
23.5361 0.9573 0.9573
23.5533 0.9574 0.9574
23.5706 0.9575 0.9574
23.5878 0.9575 0.9575
23.6051 0.9576 0.9576
23.6223 0.9577 0.9576
23.6396 0.9577 0.9577
23.6569 0.9578 0.9578
23.6741 0.9579 0.9578
23.6914 0.9579 0.9579
23.7086 0.9580 0.9580
23.7259 0.9581 0.9580
23.7431 0.9581 0.9581
23.7604 0.9582 0.9581
23.7776 0.9583 0.9582
23.7949 0.9583 0.9583
23.8122 0.9584 0.9583
23.8294 0.9585 0.9584
23.8467 0.9585 0.9585
23.8639 0.9586 0.9585
23.8812 0.9587 0.9586
23.8984 0.9587 0.9587
23.9157 0.9588 0.9587
23.9329 0.9589 0.9588
23.9502 0.9589 0.9589
23.9674 0.9590 0.9589
23.9847 0.9590 0.9590
24.0020 0.9591 0.9590
24.0192 0.9592 0.9591
24.0365 0.9592 0.9592
24.0537 0.9593 0.9592
24.0710 0.9594 0.9593
24.0882 0.9594 0.9594
24.1055 0.9595 0.9594
24.1227 0.9595 0.9595
24.1400 0.9596 0.9595
24.1573 0.9597 0.9596
24.1745 0.9597 0.9597
24.1918 0.9598 0.9597
24.2090 0.9598 0.9598
24.2263 0.9599 0.9599
24.2435 0.9600 0.9599
24.2608 0.9600 0.9600
24.2780 0.9601 0.9600
24.2953 0.9602 0.9601
24.3126 0.9602 0.9602
24.3298 0.9603 0.9602
24.3471 0.9603 0.9603
24.3643 0.9604 0.9603
24.3816 0.9605 0.9604
24.3988 0.9605 0.9605
24.4161 0.9606 0.9605
24.4333 0.9606 0.9606
24.4506 0.9607 0.9606
24.4678 0.9608 0.9607
24.4851 0.9608 0.9608
24.5024 0.9609 0.9608
24.5196 0.9609 0.9609
24.5369 0.9610 0.9610
24.5541 0.9611 0.9610
24.5714 0.9611 0.9611
24.5886 0.9612 0.9611
24.6059 0.9612 0.9612
24.6231 0.9613 0.9613
24.6404 0.9614 0.9613
24.6577 0.9614 0.9614
24.6749 0.9615 0.9614
24.6922 0.9615 0.9615
24.7094 0.9616 0.9616
24.7267 0.9617 0.9616
24.7439 0.9617 0.9617
24.7612 0.9618 0.9617
24.7784 0.9618 0.9618
24.7957 0.9619 0.9618
24.8130 0.9620 0.9619
24.8302 0.9620 0.9620
24.8475 0.9621 0.9620
24.8647 0.9621 0.9621
24.8820 0.9622 0.9621
24.8992 0.9622 0.9622
24.9165 0.9623 0.9623
24.9337 0.9624 0.9623
24.9510 0.9624 0.9624
24.9682 0.9625 0.9624
24.9855 0.9625 0.9625
25.0028 0.9626 0.9625
25.0200 0.9626 0.9626
25.0373 0.9627 0.9627
25.0545 0.9628 0.9627
25.0718 0.9628 0.9628
25.0890 0.9629 0.9628
25.1063 0.9629 0.9629
25.1235 0.9630 0.9629
25.1408 0.9630 0.9630
25.1581 0.9631 0.9631
25.1753 0.9632 0.9631
25.1926 0.9632 0.9632
25.2098 0.9633 0.9632
25.2271 0.9633 0.9633
25.2443 0.9634 0.9633
25.2616 0.9634 0.9634
25.2788 0.9635 0.9634
25.2961 0.9635 0.9635
25.3134 0.9636 0.9636
25.3306 0.9637 0.9636
25.3479 0.9637 0.9637
25.3651 0.9638 0.9637
25.3824 0.9638 0.9638
25.3996 0.9639 0.9638
25.4169 0.9639 0.9639
25.4341 0.9640 0.9639
25.4514 0.9640 0.9640
25.4687 0.9641 0.9641
25.4859 0.9641 0.9641
25.5032 0.9642 0.9642
25.5204 0.9643 0.9642
25.5377 0.9643 0.9643
25.5549 0.9644 0.9643
25.5722 0.9644 0.9644
25.5894 0.9645 0.9644
25.6067 0.9645 0.9645
25.6239 0.9646 0.9645
25.6412 0.9646 0.9646
25.6585 0.9647 0.9646
25.6757 0.9647 0.9647
25.6930 0.9648 0.9647
25.7102 0.9648 0.9648
25.7275 0.9649 0.9649
25.7447 0.9649 0.9649
25.7620 0.9650 0.9650
25.7792 0.9650 0.9650
25.7965 0.9651 0.9651
25.8138 0.9651 0.9651
25.8310 0.9652 0.9652
25.8483 0.9653 0.9652
25.8655 0.9653 0.9653
25.8828 0.9654 0.9653
25.9000 0.9654 0.9654
25.9173 0.9655 0.9654
25.9345 0.9655 0.9655
25.9518 0.9656 0.9655
25.9691 0.9656 0.9656
25.9863 0.9657 0.9656
26.0036 0.9657 0.9657
26.0208 0.9658 0.9657
26.0381 0.9658 0.9658
26.0553 0.9659 0.9658
26.0726 0.9659 0.9659
26.0898 0.9660 0.9659
26.1071 0.9660 0.9660
26.1243 0.9661 0.9660
26.1416 0.9661 0.9661
26.1589 0.9662 0.9661
26.1761 0.9662 0.9662
26.1934 0.9663 0.9662
26.2106 0.9663 0.9663
26.2279 0.9664 0.9663
26.2451 0.9664 0.9664
26.2624 0.9665 0.9664
26.2796 0.9665 0.9665
26.2969 0.9666 0.9665
26.3142 0.9666 0.9666
26.3314 0.9666 0.9666
26.3487 0.9667 0.9667
26.3659 0.9667 0.9667
26.3832 0.9668 0.9668
26.4004 0.9668 0.9668
26.4177 0.9669 0.9669
26.4349 0.9669 0.9669
26.4522 0.9670 0.9670
26.4695 0.9670 0.9670
26.4867 0.9671 0.9671
26.5040 0.9671 0.9671
26.5212 0.9672 0.9671
26.5385 0.9672 0.9672
26.5557 0.9673 0.9672
26.5730 0.9673 0.9673
26.5902 0.9674 0.9673
26.6075 0.9674 0.9674
26.6247 0.9675 0.9674
26.6420 0.9675 0.9675
26.6593 0.9676 0.9675
26.6765 0.9676 0.9676
26.6938 0.9676 0.9676
26.7110 0.9677 0.9677
26.7283 0.9677 0.9677
26.7455 0.9678 0.9678
26.7628 0.9678 0.9678
26.7800 0.9679 0.9678
26.7973 0.9679 0.9679
26.8146 0.9680 0.9679
26.8318 0.9680 0.9680
26.8491 0.9681 0.9680
26.8663 0.9681 0.9681
26.8836 0.9682 0.9681
26.9008 0.9682 0.9682
26.9181 0.9682 0.9682
26.9353 0.9683 0.9683
26.9526 0.9683 0.9683
26.9699 0.9684 0.9683
26.9871 0.9684 0.9684
27.0044 0.9685 0.9684
27.0216 0.9685 0.9685
27.0389 0.9686 0.9685
27.0561 0.9686 0.9686
27.0734 0.9686 0.9686
27.0906 0.9687 0.9687
27.1079 0.9687 0.9687
27.1251 0.9688 0.9687
27.1424 0.9688 0.9688
27.1597 0.9689 0.9688
27.1769 0.9689 0.9689
27.1942 0.9689 0.9689
27.2114 0.9690 0.9690
27.2287 0.9690 0.9690
27.2459 0.9691 0.9690
27.2632 0.9691 0.9691
27.2804 0.9692 0.9691
27.2977 0.9692 0.9692
27.3150 0.9692 0.9692
27.3322 0.9693 0.9693
27.3495 0.9693 0.9693
27.3667 0.9694 0.9693
27.3840 0.9694 0.9694
27.4012 0.9695 0.9694
27.4185 0.9695 0.9695
27.4357 0.9695 0.9695
27.4530 0.9696 0.9696
27.4703 0.9696 0.9696
27.4875 0.9697 0.9696
27.5048 0.9697 0.9697
27.5220 0.9698 0.9697
27.5393 0.9698 0.9698
27.5565 0.9698 0.9698
27.5738 0.9699 0.9698
27.5910 0.9699 0.9699
27.6083 0.9700 0.9699
27.6255 0.9700 0.9700
27.6428 0.9700 0.9700
27.6601 0.9701 0.9701
27.6773 0.9701 0.9701
27.6946 0.9702 0.9701
27.7118 0.9702 0.9702
27.7291 0.9702 0.9702
27.7463 0.9703 0.9703
27.7636 0.9703 0.9703
27.7808 0.9704 0.9703
27.7981 0.9704 0.9704
27.8154 0.9704 0.9704
27.8326 0.9705 0.9705
27.8499 0.9705 0.9705
27.8671 0.9706 0.9705
27.8844 0.9706 0.9706
27.9016 0.9706 0.9706
27.9189 0.9707 0.9707
27.9361 0.9707 0.9707
27.9534 0.9708 0.9707
27.9707 0.9708 0.9708
27.9879 0.9708 0.9708
28.0052 0.9709 0.9709
28.0224 0.9709 0.9709
28.0397 0.9710 0.9709
28.0569 0.9710 0.9710
28.0742 0.9710 0.9710
28.0914 0.9711 0.9711
28.1087 0.9711 0.9711
28.1259 0.9712 0.9711
28.1432 0.9712 0.9712
28.1605 0.9712 0.9712
28.1777 0.9713 0.9712
28.1950 0.9713 0.9713
28.2122 0.9714 0.9713
28.2295 0.9714 0.9714
28.2467 0.9714 0.9714
28.2640 0.9715 0.9714
28.2812 0.9715 0.9715
28.2985 0.9715 0.9715
28.3158 0.9716 0.9716
28.3330 0.9716 0.9716
28.3503 0.9717 0.9716
28.3675 0.9717 0.9717
28.3848 0.9717 0.9717
28.4020 0.9718 0.9717
28.4193 0.9718 0.9718
28.4365 0.9718 0.9718
28.4538 0.9719 0.9719
28.4711 0.9719 0.9719
28.4883 0.9720 0.9719
28.5056 0.9720 0.9720
28.5228 0.9720 0.9720
28.5401 0.9721 0.9720
28.5573 0.9721 0.9721
28.5746 0.9721 0.9721
28.5918 0.9722 0.9721
28.6091 0.9722 0.9722
28.6263 0.9722 0.9722
28.6436 0.9723 0.9723
28.6609 0.9723 0.9723
28.6781 0.9724 0.9723
28.6954 0.9724 0.9724
28.7126 0.9724 0.9724
28.7299 0.9725 0.9724
28.7471 0.9725 0.9725
28.7644 0.9725 0.9725
28.7816 0.9726 0.9725
28.7989 0.9726 0.9726
28.8162 0.9726 0.9726
28.8334 0.9727 0.9727
28.8507 0.9727 0.9727
28.8679 0.9727 0.9727
28.8852 0.9728 0.9728
28.9024 0.9728 0.9728
28.9197 0.9729 0.9728
28.9369 0.9729 0.9729
28.9542 0.9729 0.9729
28.9715 0.9730 0.9729
28.9887 0.9730 0.9730
29.0060 0.9730 0.9730
29.0232 0.9731 0.9730
29.0405 0.9731 0.9731
29.0577 0.9731 0.9731
29.0750 0.9732 0.9731
29.0922 0.9732 0.9732
29.1095 0.9732 0.9732
29.1267 0.9733 0.9732
29.1440 0.9733 0.9733
29.1613 0.9733 0.9733
29.1785 0.9734 0.9733
29.1958 0.9734 0.9734
29.2130 0.9734 0.9734
29.2303 0.9735 0.9734
29.2475 0.9735 0.9735
29.2648 0.9735 0.9735
29.2820 0.9736 0.9736
29.2993 0.9736 0.9736
29.3166 0.9736 0.9736
29.3338 0.9737 0.9737
29.3511 0.9737 0.9737
29.3683 0.9737 0.9737
29.3856 0.9738 0.9738
29.4028 0.9738 0.9738
29.4201 0.9738 0.9738
29.4373 0.9739 0.9739
29.4546 0.9739 0.9739
29.4719 0.9739 0.9739
29.4891 0.9740 0.9739
29.5064 0.9740 0.9740
29.5236 0.9740 0.9740
29.5409 0.9741 0.9740
29.5581 0.9741 0.9741
29.5754 0.9741 0.9741
29.5926 0.9742 0.9741
29.6099 0.9742 0.9742
29.6271 0.9742 0.9742
29.6444 0.9743 0.9742
29.6617 0.9743 0.9743
29.6789 0.9743 0.9743
29.6962 0.9744 0.9743
29.7134 0.9744 0.9744
29.7307 0.9744 0.9744
29.7479 0.9745 0.9744
29.7652 0.9745 0.9745
29.7824 0.9745 0.9745
29.7997 0.9746 0.9745
29.8170 0.9746 0.9746
29.8342 0.9746 0.9746
29.8515 0.9747 0.9746
29.8687 0.9747 0.9747
29.8860 0.9747 0.9747
29.9032 0.9747 0.9747
29.9205 0.9748 0.9748
29.9377 0.9748 0.9748
29.9550 0.9748 0.9748
29.9723 0.9749 0.9748
29.9895 0.9749 0.9749
30.0068 0.9749 0.9749
30.0240 0.9750 0.9749
30.0413 0.9750 0.9750
30.0585 0.9750 0.9750
30.0758 0.9751 0.9750
30.0930 0.9751 0.9751
30.1103 0.9751 0.9751
30.1275 0.9751 0.9751
30.1448 0.9752 0.9752
30.1621 0.9752 0.9752
30.1793 0.9752 0.9752
30.1966 0.9753 0.9752
30.2138 0.9753 0.9753
30.2311 0.9753 0.9753
30.2483 0.9754 0.9753
30.2656 0.9754 0.9754
30.2828 0.9754 0.9754
30.3001 0.9754 0.9754
30.3174 0.9755 0.9755
30.3346 0.9755 0.9755
30.3519 0.9755 0.9755
30.3691 0.9756 0.9755
30.3864 0.9756 0.9756
30.4036 0.9756 0.9756
30.4209 0.9757 0.9756
30.4381 0.9757 0.9757
30.4554 0.9757 0.9757
30.4727 0.9757 0.9757
30.4899 0.9758 0.9758
30.5072 0.9758 0.9758
30.5244 0.9758 0.9758
30.5417 0.9759 0.9758
30.5589 0.9759 0.9759
30.5762 0.9759 0.9759
30.5934 0.9759 0.9759
30.6107 0.9760 0.9760
30.6280 0.9760 0.9760
30.6452 0.9760 0.9760
30.6625 0.9761 0.9760
30.6797 0.9761 0.9761
30.6970 0.9761 0.9761
30.7142 0.9762 0.9761
30.7315 0.9762 0.9762
30.7487 0.9762 0.9762
30.7660 0.9762 0.9762
30.7832 0.9763 0.9762
30.8005 0.9763 0.9763
30.8178 0.9763 0.9763
30.8350 0.9763 0.9763
30.8523 0.9764 0.9764
30.8695 0.9764 0.9764
30.8868 0.9764 0.9764
30.9040 0.9765 0.9764
30.9213 0.9765 0.9765
30.9385 0.9765 0.9765
30.9558 0.9765 0.9765
30.9731 0.9766 0.9766
30.9903 0.9766 0.9766
31.0076 0.9766 0.9766
31.0248 0.9767 0.9766
31.0421 0.9767 0.9767
31.0593 0.9767 0.9767
31.0766 0.9767 0.9767
31.0938 0.9768 0.9767
31.1111 0.9768 0.9768
31.1284 0.9768 0.9768
31.1456 0.9768 0.9768
31.1629 0.9769 0.9769
31.1801 0.9769 0.9769
31.1974 0.9769 0.9769
31.2146 0.9770 0.9769
31.2319 0.9770 0.9770
31.2491 0.9770 0.9770
31.2664 0.9770 0.9770
31.2836 0.9771 0.9770
31.3009 0.9771 0.9771
31.3182 0.9771 0.9771
31.3354 0.9771 0.9771
31.3527 0.9772 0.9772
31.3699 0.9772 0.9772
31.3872 0.9772 0.9772
31.4044 0.9773 0.9772
31.4217 0.9773 0.9773
31.4389 0.9773 0.9773
31.4562 0.9773 0.9773
31.4735 0.9774 0.9773
31.4907 0.9774 0.9774
31.5080 0.9774 0.9774
31.5252 0.9774 0.9774
31.5425 0.9775 0.9774
31.5597 0.9775 0.9775
31.5770 0.9775 0.9775
31.5942 0.9775 0.9775
31.6115 0.9776 0.9775
31.6288 0.9776 0.9776
31.6460 0.9776 0.9776
31.6633 0.9776 0.9776
31.6805 0.9777 0.9777
31.6978 0.9777 0.9777
31.7150 0.9777 0.9777
31.7323 0.9777 0.9777
31.7495 0.9778 0.9778
31.7668 0.9778 0.9778
31.7840 0.9778 0.9778
31.8013 0.9779 0.9778
31.8186 0.9779 0.9779
31.8358 0.9779 0.9779
31.8531 0.9779 0.9779
31.8703 0.9780 0.9779
31.8876 0.9780 0.9780
31.9048 0.9780 0.9780
31.9221 0.9780 0.9780
31.9393 0.9781 0.9780
31.9566 0.9781 0.9781
31.9739 0.9781 0.9781
31.9911 0.9781 0.9781
32.0084 0.9782 0.9781
32.0256 0.9782 0.9782
32.0429 0.9782 0.9782
32.0601 0.9782 0.9782
32.0774 0.9783 0.9782
32.0946 0.9783 0.9783
32.1119 0.9783 0.9783
32.1292 0.9783 0.9783
32.1464 0.9784 0.9783
32.1637 0.9784 0.9784
32.1809 0.9784 0.9784
32.1982 0.9784 0.9784
32.2154 0.9785 0.9784
32.2327 0.9785 0.9785
32.2499 0.9785 0.9785
32.2672 0.9785 0.9785
32.2844 0.9785 0.9785
32.3017 0.9786 0.9786
32.3190 0.9786 0.9786
32.3362 0.9786 0.9786
32.3535 0.9786 0.9786
32.3707 0.9787 0.9786
32.3880 0.9787 0.9787
32.4052 0.9787 0.9787
32.4225 0.9787 0.9787
32.4397 0.9788 0.9787
32.4570 0.9788 0.9788
32.4743 0.9788 0.9788
32.4915 0.9788 0.9788
32.5088 0.9789 0.9788
32.5260 0.9789 0.9789
32.5433 0.9789 0.9789
32.5605 0.9789 0.9789
32.5778 0.9790 0.9789
32.5950 0.9790 0.9790
32.6123 0.9790 0.9790
32.6296 0.9790 0.9790
32.6468 0.9790 0.9790
32.6641 0.9791 0.9791
32.6813 0.9791 0.9791
32.6986 0.9791 0.9791
32.7158 0.9791 0.9791
32.7331 0.9792 0.9791
32.7503 0.9792 0.9792
32.7676 0.9792 0.9792
32.7848 0.9792 0.9792
32.8021 0.9793 0.9792
32.8194 0.9793 0.9793
32.8366 0.9793 0.9793
32.8539 0.9793 0.9793
32.8711 0.9793 0.9793
32.8884 0.9794 0.9794
32.9056 0.9794 0.9794
32.9229 0.9794 0.9794
32.9401 0.9794 0.9794
32.9574 0.9795 0.9794
32.9747 0.9795 0.9795
32.9919 0.9795 0.9795
33.0092 0.9795 0.9795
33.0264 0.9796 0.9795
33.0437 0.9796 0.9796
33.0609 0.9796 0.9796
33.0782 0.9796 0.9796
33.0954 0.9796 0.9796
33.1127 0.9797 0.9796
33.1300 0.9797 0.9797
33.1472 0.9797 0.9797
33.1645 0.9797 0.9797
33.1817 0.9798 0.9797
33.1990 0.9798 0.9798
33.2162 0.9798 0.9798
33.2335 0.9798 0.9798
33.2507 0.9798 0.9798
33.2680 0.9799 0.9798
33.2852 0.9799 0.9799
33.3025 0.9799 0.9799
33.3198 0.9799 0.9799
33.3370 0.9800 0.9799
33.3543 0.9800 0.9800
33.3715 0.9800 0.9800
33.3888 0.9800 0.9800
33.4060 0.9800 0.9800
33.4233 0.9801 0.9800
33.4405 0.9801 0.9801
33.4578 0.9801 0.9801
33.4751 0.9801 0.9801
33.4923 0.9801 0.9801
33.5096 0.9802 0.9802
33.5268 0.9802 0.9802
33.5441 0.9802 0.9802
33.5613 0.9802 0.9802
33.5786 0.9803 0.9802
33.5958 0.9803 0.9803
33.6131 0.9803 0.9803
33.6304 0.9803 0.9803
33.6476 0.9803 0.9803
33.6649 0.9804 0.9803
33.6821 0.9804 0.9804
33.6994 0.9804 0.9804
33.7166 0.9804 0.9804
33.7339 0.9804 0.9804
33.7511 0.9805 0.9804
33.7684 0.9805 0.9805
33.7856 0.9805 0.9805
33.8029 0.9805 0.9805
33.8202 0.9806 0.9805
33.8374 0.9806 0.9806
33.8547 0.9806 0.9806
33.8719 0.9806 0.9806
33.8892 0.9806 0.9806
33.9064 0.9807 0.9806
33.9237 0.9807 0.9807
33.9409 0.9807 0.9807
33.9582 0.9807 0.9807
33.9755 0.9807 0.9807
33.9927 0.9808 0.9807
34.0100 0.9808 0.9808
34.0272 0.9808 0.9808
34.0445 0.9808 0.9808
34.0617 0.9808 0.9808
34.0790 0.9809 0.9808
34.0962 0.9809 0.9809
34.1135 0.9809 0.9809
34.1308 0.9809 0.9809
34.1480 0.9809 0.9809
34.1653 0.9810 0.9809
34.1825 0.9810 0.9810
34.1998 0.9810 0.9810
34.2170 0.9810 0.9810
34.2343 0.9810 0.9810
34.2515 0.9811 0.9810
34.2688 0.9811 0.9811
34.2860 0.9811 0.9811
34.3033 0.9811 0.9811
34.3206 0.9811 0.9811
34.3378 0.9812 0.9811
34.3551 0.9812 0.9812
34.3723 0.9812 0.9812
34.3896 0.9812 0.9812
34.4068 0.9812 0.9812
34.4241 0.9813 0.9812
34.4413 0.9813 0.9813
34.4586 0.9813 0.9813
34.4759 0.9813 0.9813
34.4931 0.9813 0.9813
