0.0000 15.6705 31.1692
0.0167 15.6201 31.0387
0.0334 15.4702 30.6505
0.0501 15.2243 30.0156
0.0668 14.8884 29.1513
0.0834 14.4702 28.0804
0.1001 13.9793 26.8308
0.1168 13.4261 25.4334
0.1335 12.8224 23.9212
0.1502 12.1798 22.3278
0.1669 11.5101 20.6860
0.1836 10.8249 19.0269
0.2003 10.1346 17.3788
0.2170 9.4491 15.7663
0.2336 8.7768 14.2102
0.2503 8.1253 12.7269
0.2670 7.5005 11.3288
0.2837 6.9073 10.0240
0.3004 6.3493 8.8171
0.3171 5.8291 7.7095
0.3338 5.3483 6.6997
0.3505 4.9075 5.7845
0.3672 4.5067 4.9587
0.3838 4.1451 4.2162
0.4005 3.8217 3.5506
0.4172 3.5348 2.9550
0.4339 3.2824 2.4226
0.4506 3.0626 1.9473
0.4673 2.8729 1.5233
0.4840 2.7110 1.1455
0.5007 2.5745 0.8096
0.5174 2.4610 0.5117
0.5340 2.3680 0.2489
0.5507 2.2933 0.0185
0.5674 2.2346 -0.1815
0.5841 2.1898 -0.3528
0.6008 2.1569 -0.4970
0.6175 2.1341 -0.6154
0.6342 2.1196 -0.7093
0.6509 2.1119 -0.7800
0.6676 2.1095 -0.8287
0.6843 2.1111 -0.8571
0.7009 2.1155 -0.8666
0.7176 2.1217 -0.8589
0.7343 2.1289 -0.8358
0.7510 2.1362 -0.7992
0.7677 2.1431 -0.7508
0.7844 2.1491 -0.6926
0.8011 2.1538 -0.6264
0.8178 2.1569 -0.5540
0.8345 2.1584 -0.4771
0.8511 2.1582 -0.3971
0.8678 2.1562 -0.3155
0.8845 2.1527 -0.2336
0.9012 2.1477 -0.1523
0.9179 2.1415 -0.0725
0.9346 2.1341 0.0049
0.9513 2.1259 0.0796
0.9680 2.1171 0.1511
0.9847 2.1077 0.2191
1.0013 2.0981 0.2834
1.0180 2.0883 0.3440
1.0347 2.0784 0.4009
1.0514 2.0686 0.4542
1.0681 2.0589 0.5040
1.0848 2.0494 0.5505
1.1015 2.0400 0.5938
1.1182 2.0307 0.6341
1.1349 2.0215 0.6717
1.1515 2.0123 0.7066
1.1682 2.0031 0.7390
1.1849 1.9936 0.7689
1.2016 1.9837 0.7965
1.2183 1.9733 0.8219
1.2350 1.9622 0.8450
1.2517 1.9503 0.8658
1.2684 1.9373 0.8845
1.2851 1.9232 0.9010
1.3017 1.9078 0.9152
1.3184 1.8910 0.9273
1.3351 1.8728 0.9372
1.3518 1.8532 0.9451
1.3685 1.8322 0.9509
1.3852 1.8100 0.9548
1.4019 1.7867 0.9569
1.4186 1.7625 0.9574
1.4353 1.7378 0.9564
1.4519 1.7128 0.9542
1.4686 1.6879 0.9510
1.4853 1.6635 0.9470
1.5020 1.6397 0.9424
1.5187 1.6170 0.9376
1.5354 1.5957 0.9327
1.5521 1.5758 0.9279
1.5688 1.5576 0.9235
1.5855 1.5411 0.9196
1.6021 1.5263 0.9163
1.6188 1.5131 0.9139
1.6355 1.5013 0.9122
1.6522 1.4908 0.9115
1.6689 1.4812 0.9116
1.6856 1.4724 0.9125
1.7023 1.4639 0.9143
1.7190 1.4555 0.9167
1.7357 1.4470 0.9196
1.7523 1.4381 0.9229
1.7690 1.4285 0.9264
1.7857 1.4183 0.9300
1.8024 1.4072 0.9333
1.8191 1.3954 0.9364
1.8358 1.3828 0.9389
1.8525 1.3695 0.9407
1.8692 1.3557 0.9417
1.8859 1.3416 0.9418
1.9026 1.3273 0.9408
1.9192 1.3131 0.9388
1.9359 1.2991 0.9357
1.9526 1.2855 0.9315
1.9693 1.2726 0.9263
1.9860 1.2603 0.9202
2.0027 1.2489 0.9131
2.0194 1.2383 0.9054
2.0361 1.2287 0.8969
2.0528 1.2200 0.8880
2.0694 1.2121 0.8785
2.0861 1.2049 0.8687
2.1028 1.1984 0.8585
2.1195 1.1923 0.8481
2.1362 1.1865 0.8375
2.1529 1.1808 0.8268
2.1696 1.1750 0.8159
2.1863 1.1689 0.8048
2.2030 1.1623 0.7937
2.2196 1.1550 0.7825
2.2363 1.1469 0.7712
2.2530 1.1378 0.7599
2.2697 1.1277 0.7485
2.2864 1.1164 0.7371
2.3031 1.1040 0.7257
2.3198 1.0905 0.7143
2.3365 1.0759 0.7030
2.3532 1.0603 0.6916
2.3698 1.0437 0.6803
2.3865 1.0263 0.6689
2.4032 1.0081 0.6575
2.4199 0.9894 0.6459
2.4366 0.9702 0.6341
2.4533 0.9506 0.6222
2.4700 0.9307 0.6099
2.4867 0.9107 0.5973
2.5034 0.8907 0.5845
2.5200 0.8706 0.5712
2.5367 0.8507 0.5577
2.5534 0.8309 0.5440
2.5701 0.8113 0.5302
2.5868 0.7920 0.5163
2.6035 0.7730 0.5027
2.6202 0.7543 0.4893
2.6369 0.7359 0.4765
2.6536 0.7180 0.4643
2.6702 0.7006 0.4531
2.6869 0.6837 0.4428
2.7036 0.6674 0.4338
2.7203 0.6517 0.4261
2.7370 0.6368 0.4197
2.7537 0.6226 0.4148
2.7704 0.6094 0.4114
2.7871 0.5971 0.4094
2.8038 0.5860 0.4088
2.8204 0.5759 0.4095
2.8371 0.5671 0.4115
2.8538 0.5596 0.4145
2.8705 0.5534 0.4186
2.8872 0.5486 0.4235
2.9039 0.5451 0.4292
2.9206 0.5430 0.4354
2.9373 0.5422 0.4421
2.9540 0.5426 0.4491
2.9706 0.5442 0.4563
2.9873 0.5469 0.4636
3.0040 0.5505 0.4708
3.0207 0.5549 0.4778
3.0374 0.5599 0.4845
3.0541 0.5655 0.4909
3.0708 0.5715 0.4968
3.0875 0.5777 0.5021
3.1042 0.5841 0.5068
3.1208 0.5905 0.5109
3.1375 0.5968 0.5143
3.1542 0.6031 0.5170
3.1709 0.6091 0.5190
3.1876 0.6150 0.5203
3.2043 0.6206 0.5211
3.2210 0.6260 0.5213
3.2377 0.6311 0.5211
3.2544 0.6360 0.5205
3.2711 0.6407 0.5198
3.2877 0.6451 0.5189
3.3044 0.6493 0.5180
3.3211 0.6532 0.5173
3.3378 0.6567 0.5167
3.3545 0.6600 0.5165
3.3712 0.6629 0.5166
3.3879 0.6654 0.5171
3.4046 0.6674 0.5180
3.4213 0.6690 0.5193
3.4379 0.6701 0.5209
3.4546 0.6706 0.5227
3.4713 0.6707 0.5248
3.4880 0.6704 0.5270
3.5047 0.6696 0.5293
3.5214 0.6685 0.5315
3.5381 0.6670 0.5336
3.5548 0.6654 0.5356
3.5715 0.6637 0.5373
3.5881 0.6620 0.5388
3.6048 0.6604 0.5401
3.6215 0.6589 0.5412
3.6382 0.6577 0.5421
3.6549 0.6569 0.5428
3.6716 0.6565 0.5435
3.6883 0.6565 0.5440
3.7050 0.6570 0.5446
3.7217 0.6579 0.5451
3.7383 0.6593 0.5457
3.7550 0.6611 0.5463
3.7717 0.6633 0.5470
3.7884 0.6657 0.5476
3.8051 0.6684 0.5481
3.8218 0.6712 0.5485
3.8385 0.6740 0.5486
3.8552 0.6768 0.5483
3.8719 0.6793 0.5476
3.8885 0.6817 0.5463
3.9052 0.6837 0.5444
3.9219 0.6852 0.5417
3.9386 0.6863 0.5381
3.9553 0.6868 0.5337
3.9720 0.6867 0.5284
3.9887 0.6860 0.5223
4.0054 0.6846 0.5152
4.0221 0.6825 0.5075
4.0387 0.6798 0.4990
4.0554 0.6764 0.4899
4.0721 0.6723 0.4804
4.0888 0.6677 0.4705
4.1055 0.6625 0.4603
4.1222 0.6567 0.4501
4.1389 0.6504 0.4399
4.1556 0.6437 0.4297
4.1723 0.6366 0.4198
4.1889 0.6291 0.4101
4.2056 0.6212 0.4008
4.2223 0.6130 0.3918
4.2390 0.6044 0.3832
4.2557 0.5956 0.3751
4.2724 0.5866 0.3675
4.2891 0.5772 0.3603
4.3058 0.5677 0.3537
4.3225 0.5579 0.3475
4.3391 0.5480 0.3418
4.3558 0.5379 0.3366
4.3725 0.5277 0.3320
4.3892 0.5174 0.3278
4.4059 0.5071 0.3242
4.4226 0.4969 0.3210
4.4393 0.4869 0.3183
4.4560 0.4771 0.3161
4.4727 0.4676 0.3143
4.4894 0.4585 0.3129
4.5060 0.4500 0.3118
4.5227 0.4420 0.3111
4.5394 0.4348 0.3106
4.5561 0.4283 0.3104
4.5728 0.4225 0.3104
4.5895 0.4176 0.3106
4.6062 0.4136 0.3109
4.6229 0.4104 0.3113
4.6396 0.4079 0.3118
4.6562 0.4063 0.3124
4.6729 0.4054 0.3131
4.6896 0.4052 0.3140
4.7063 0.4056 0.3149
4.7230 0.4065 0.3160
4.7397 0.4079 0.3172
4.7564 0.4097 0.3186
4.7731 0.4117 0.3202
4.7898 0.4141 0.3221
4.8064 0.4166 0.3242
4.8231 0.4194 0.3266
4.8398 0.4222 0.3293
4.8565 0.4252 0.3323
4.8732 0.4283 0.3356
4.8899 0.4314 0.3392
4.9066 0.4346 0.3430
4.9233 0.4379 0.3471
4.9400 0.4413 0.3514
4.9566 0.4448 0.3558
4.9733 0.4483 0.3604
4.9900 0.4520 0.3650
5.0067 0.4558 0.3696
5.0234 0.4596 0.3742
5.0401 0.4636 0.3788
5.0568 0.4676 0.3832
5.0735 0.4717 0.3875
5.0902 0.4759 0.3916
5.1068 0.4800 0.3955
5.1235 0.4842 0.3992
5.1402 0.4883 0.4027
5.1569 0.4923 0.4060
5.1736 0.4962 0.4091
5.1903 0.4999 0.4121
5.2070 0.5034 0.4149
5.2237 0.5067 0.4177
5.2404 0.5097 0.4204
5.2570 0.5124 0.4231
5.2737 0.5147 0.4258
5.2904 0.5168 0.4286
5.3071 0.5185 0.4315
5.3238 0.5198 0.4345
5.3405 0.5208 0.4378
5.3572 0.5215 0.4412
5.3739 0.5219 0.4447
5.3906 0.5221 0.4485
5.4072 0.5221 0.4525
5.4239 0.5220 0.4567
5.4406 0.5218 0.4610
5.4573 0.5216 0.4654
5.4740 0.5215 0.4700
5.4907 0.5215 0.4746
5.5074 0.5216 0.4792
5.5241 0.5219 0.4838
5.5408 0.5225 0.4883
5.5574 0.5233 0.4927
5.5741 0.5243 0.4971
5.5908 0.5256 0.5012
5.6075 0.5272 0.5052
5.6242 0.5290 0.5089
5.6409 0.5310 0.5125
5.6576 0.5333 0.5158
5.6743 0.5357 0.5189
5.6910 0.5382 0.5218
5.7077 0.5409 0.5245
5.7243 0.5436 0.5270
5.7410 0.5465 0.5293
5.7577 0.5493 0.5314
5.7744 0.5523 0.5334
5.7911 0.5552 0.5353
5.8078 0.5582 0.5370
5.8245 0.5613 0.5387
5.8412 0.5643 0.5403
5.8579 0.5674 0.5419
5.8745 0.5705 0.5435
5.8912 0.5736 0.5450
5.9079 0.5768 0.5466
5.9246 0.5799 0.5482
5.9413 0.5831 0.5498
5.9580 0.5863 0.5515
5.9747 0.5895 0.5532
5.9914 0.5927 0.5551
6.0081 0.5960 0.5569
6.0247 0.5992 0.5589
6.0414 0.6024 0.5610
6.0581 0.6056 0.5632
6.0748 0.6087 0.5654
6.0915 0.6119 0.5677
6.1082 0.6150 0.5701
6.1249 0.6181 0.5726
6.1416 0.6212 0.5752
6.1583 0.6242 0.5778
6.1749 0.6272 0.5805
6.1916 0.6303 0.5832
6.2083 0.6333 0.5859
6.2250 0.6363 0.5887
6.2417 0.6393 0.5915
6.2584 0.6423 0.5942
6.2751 0.6454 0.5970
6.2918 0.6485 0.5998
6.3085 0.6516 0.6025
6.3251 0.6547 0.6052
6.3418 0.6578 0.6079
6.3585 0.6610 0.6105
6.3752 0.6642 0.6131
6.3919 0.6674 0.6157
6.4086 0.6707 0.6181
6.4253 0.6739 0.6206
6.4420 0.6771 0.6230
6.4587 0.6803 0.6253
6.4753 0.6835 0.6277
6.4920 0.6866 0.6299
6.5087 0.6897 0.6322
6.5254 0.6926 0.6345
6.5421 0.6956 0.6367
6.5588 0.6984 0.6390
6.5755 0.7011 0.6413
6.5922 0.7038 0.6436
6.6089 0.7063 0.6459
6.6255 0.7088 0.6482
6.6422 0.7111 0.6506
6.6589 0.7134 0.6530
6.6756 0.7156 0.6554
6.6923 0.7178 0.6579
6.7090 0.7199 0.6604
6.7257 0.7220 0.6628
6.7424 0.7241 0.6653
6.7591 0.7261 0.6678
6.7757 0.7282 0.6703
6.7924 0.7302 0.6728
6.8091 0.7323 0.6753
6.8258 0.7344 0.6777
6.8425 0.7366 0.6801
6.8592 0.7387 0.6825
6.8759 0.7409 0.6849
6.8926 0.7432 0.6872
6.9093 0.7454 0.6894
6.9260 0.7476 0.6917
6.9426 0.7499 0.6938
6.9593 0.7521 0.6959
6.9760 0.7544 0.6980
6.9927 0.7565 0.7000
7.0094 0.7587 0.7019
7.0261 0.7608 0.7038
7.0428 0.7629 0.7055
7.0595 0.7649 0.7072
7.0762 0.7668 0.7089
7.0928 0.7686 0.7104
7.1095 0.7704 0.7119
7.1262 0.7721 0.7133
7.1429 0.7737 0.7147
7.1596 0.7753 0.7159
7.1763 0.7768 0.7172
7.1930 0.7782 0.7183
7.2097 0.7796 0.7194
7.2264 0.7809 0.7205
7.2430 0.7821 0.7216
7.2597 0.7834 0.7226
7.2764 0.7846 0.7237
7.2931 0.7857 0.7247
7.3098 0.7868 0.7258
7.3265 0.7880 0.7269
7.3432 0.7890 0.7280
7.3599 0.7901 0.7291
7.3766 0.7912 0.7302
7.3932 0.7922 0.7314
7.4099 0.7933 0.7325
7.4266 0.7943 0.7337
7.4433 0.7953 0.7348
7.4600 0.7963 0.7360
7.4767 0.7972 0.7371
7.4934 0.7981 0.7382
7.5101 0.7990 0.7392
7.5268 0.7999 0.7402
7.5434 0.8007 0.7412
7.5601 0.8015 0.7421
7.5768 0.8022 0.7429
7.5935 0.8029 0.7438
7.6102 0.8036 0.7445
7.6269 0.8042 0.7453
7.6436 0.8048 0.7460
7.6603 0.8054 0.7467
7.6770 0.8059 0.7473
7.6936 0.8064 0.7480
7.7103 0.8068 0.7487
7.7270 0.8072 0.7494
7.7437 0.8076 0.7501
7.7604 0.8080 0.7508
7.7771 0.8083 0.7516
7.7938 0.8085 0.7524
7.8105 0.8088 0.7532
7.8272 0.8090 0.7541
7.8438 0.8092 0.7550
7.8605 0.8094 0.7559
7.8772 0.8095 0.7569
7.8939 0.8097 0.7578
7.9106 0.8099 0.7588
7.9273 0.8100 0.7598
7.9440 0.8102 0.7608
7.9607 0.8104 0.7618
7.9774 0.8106 0.7628
7.9940 0.8109 0.7638
8.0107 0.8112 0.7648
8.0274 0.8115 0.7657
8.0441 0.8118 0.7667
8.0608 0.8122 0.7676
8.0775 0.8126 0.7685
8.0942 0.8131 0.7694
8.1109 0.8135 0.7703
8.1276 0.8140 0.7712
8.1442 0.8144 0.7721
8.1609 0.8148 0.7729
8.1776 0.8152 0.7738
8.1943 0.8156 0.7746
8.2110 0.8160 0.7753
8.2277 0.8163 0.7761
8.2444 0.8165 0.7768
8.2611 0.8167 0.7775
8.2778 0.8168 0.7782
8.2945 0.8169 0.7788
8.3111 0.8170 0.7794
8.3278 0.8170 0.7800
8.3445 0.8170 0.7806
8.3612 0.8169 0.7812
8.3779 0.8168 0.7817
8.3946 0.8168 0.7823
8.4113 0.8167 0.7828
8.4280 0.8166 0.7833
8.4447 0.8166 0.7839
8.4613 0.8166 0.7844
8.4780 0.8166 0.7849
8.4947 0.8166 0.7854
8.5114 0.8167 0.7860
8.5281 0.8168 0.7865
8.5448 0.8169 0.7870
8.5615 0.8171 0.7874
8.5782 0.8173 0.7879
8.5949 0.8175 0.7883
8.6115 0.8178 0.7887
8.6282 0.8180 0.7891
8.6449 0.8183 0.7894
8.6616 0.8186 0.7897
8.6783 0.8188 0.7900
8.6950 0.8190 0.7902
8.7117 0.8192 0.7904
8.7284 0.8194 0.7906
8.7451 0.8196 0.7908
8.7617 0.8197 0.7909
8.7784 0.8197 0.7911
8.7951 0.8198 0.7913
8.8118 0.8198 0.7915
8.8285 0.8197 0.7917
8.8452 0.8196 0.7919
8.8619 0.8195 0.7922
8.8786 0.8193 0.7926
8.8953 0.8192 0.7930
8.9119 0.8190 0.7934
8.9286 0.8188 0.7939
8.9453 0.8186 0.7944
8.9620 0.8184 0.7950
8.9787 0.8182 0.7957
8.9954 0.8181 0.7963
9.0121 0.8179 0.7971
9.0288 0.8178 0.7978
9.0455 0.8178 0.7986
9.0621 0.8177 0.7993
9.0788 0.8177 0.8001
9.0955 0.8178 0.8009
9.1122 0.8179 0.8017
9.1289 0.8181 0.8025
9.1456 0.8183 0.8033
9.1623 0.8185 0.8040
9.1790 0.8189 0.8047
9.1957 0.8192 0.8054
9.2123 0.8196 0.8061
9.2290 0.8201 0.8068
9.2457 0.8206 0.8074
9.2624 0.8211 0.8080
9.2791 0.8217 0.8086
9.2958 0.8223 0.8092
9.3125 0.8230 0.8098
9.3292 0.8236 0.8103
9.3459 0.8243 0.8109
9.3625 0.8250 0.8114
9.3792 0.8258 0.8119
9.3959 0.8265 0.8125
9.4126 0.8273 0.8130
9.4293 0.8280 0.8136
9.4460 0.8288 0.8141
9.4627 0.8296 0.8147
9.4794 0.8305 0.8153
9.4961 0.8313 0.8159
9.5128 0.8322 0.8165
9.5294 0.8331 0.8171
9.5461 0.8340 0.8177
9.5628 0.8349 0.8183
9.5795 0.8359 0.8189
9.5962 0.8368 0.8194
9.6129 0.8378 0.8200
9.6296 0.8388 0.8206
9.6463 0.8398 0.8211
9.6630 0.8408 0.8216
9.6796 0.8418 0.8221
9.6963 0.8428 0.8225
9.7130 0.8438 0.8230
9.7297 0.8448 0.8233
9.7464 0.8458 0.8237
9.7631 0.8467 0.8240
9.7798 0.8476 0.8244
9.7965 0.8485 0.8246
9.8132 0.8493 0.8249
9.8298 0.8501 0.8251
9.8465 0.8509 0.8254
9.8632 0.8516 0.8256
9.8799 0.8523 0.8258
9.8966 0.8530 0.8260
9.9133 0.8536 0.8262
9.9300 0.8542 0.8264
9.9467 0.8547 0.8265
9.9634 0.8552 0.8267
9.9800 0.8557 0.8269
9.9967 0.8561 0.8270
10.0134 0.8565 0.8272
10.0301 0.8568 0.8274
10.0468 0.8571 0.8275
10.0635 0.8574 0.8277
10.0802 0.8576 0.8279
10.0969 0.8577 0.8280
10.1136 0.8578 0.8282
10.1302 0.8578 0.8284
10.1469 0.8578 0.8286
10.1636 0.8577 0.8288
10.1803 0.8576 0.8290
10.1970 0.8574 0.8292
10.2137 0.8572 0.8294
10.2304 0.8570 0.8297
10.2471 0.8567 0.8299
10.2638 0.8564 0.8302
10.2804 0.8561 0.8305
10.2971 0.8557 0.8308
10.3138 0.8554 0.8311
10.3305 0.8551 0.8314
10.3472 0.8547 0.8318
10.3639 0.8544 0.8321
10.3806 0.8542 0.8325
10.3973 0.8539 0.8329
10.4140 0.8537 0.8333
10.4306 0.8535 0.8337
10.4473 0.8534 0.8341
10.4640 0.8532 0.8346
10.4807 0.8531 0.8350
10.4974 0.8531 0.8355
10.5141 0.8530 0.8360
10.5308 0.8530 0.8365
10.5475 0.8530 0.8370
10.5642 0.8530 0.8375
10.5808 0.8530 0.8380
10.5975 0.8531 0.8386
10.6142 0.8531 0.8391
10.6309 0.8532 0.8397
10.6476 0.8533 0.8402
10.6643 0.8534 0.8408
10.6810 0.8535 0.8413
10.6977 0.8537 0.8419
10.7144 0.8538 0.8424
10.7311 0.8540 0.8430
10.7477 0.8543 0.8435
10.7644 0.8545 0.8441
10.7811 0.8548 0.8446
10.7978 0.8551 0.8451
10.8145 0.8555 0.8457
10.8312 0.8559 0.8462
10.8479 0.8563 0.8467
10.8646 0.8568 0.8472
10.8813 0.8572 0.8477
10.8979 0.8577 0.8483
10.9146 0.8583 0.8488
10.9313 0.8588 0.8493
10.9480 0.8594 0.8498
10.9647 0.8600 0.8504
10.9814 0.8605 0.8509
10.9981 0.8611 0.8514
11.0148 0.8617 0.8519
11.0315 0.8623 0.8525
11.0481 0.8628 0.8530
11.0648 0.8634 0.8535
11.0815 0.8639 0.8540
11.0982 0.8645 0.8545
11.1149 0.8650 0.8550
11.1316 0.8656 0.8554
11.1483 0.8661 0.8559
11.1650 0.8666 0.8563
11.1817 0.8672 0.8567
11.1983 0.8677 0.8571
11.2150 0.8682 0.8575
11.2317 0.8687 0.8579
11.2484 0.8693 0.8582
11.2651 0.8698 0.8585
11.2818 0.8703 0.8588
11.2985 0.8709 0.8591
11.3152 0.8714 0.8593
11.3319 0.8719 0.8596
11.3485 0.8725 0.8598
11.3652 0.8730 0.8600
11.3819 0.8735 0.8603
11.3986 0.8741 0.8605
11.4153 0.8746 0.8607
11.4320 0.8751 0.8609
11.4487 0.8756 0.8611
11.4654 0.8761 0.8613
11.4821 0.8765 0.8615
11.4987 0.8770 0.8618
11.5154 0.8774 0.8621
11.5321 0.8778 0.8624
11.5488 0.8782 0.8627
11.5655 0.8786 0.8630
11.5822 0.8790 0.8634
11.5989 0.8793 0.8638
11.6156 0.8797 0.8642
11.6323 0.8800 0.8647
11.6489 0.8803 0.8651
11.6656 0.8806 0.8656
11.6823 0.8809 0.8661
11.6990 0.8812 0.8666
11.7157 0.8815 0.8672
11.7324 0.8818 0.8677
11.7491 0.8821 0.8682
11.7658 0.8824 0.8687
11.7825 0.8827 0.8691
11.7991 0.8830 0.8696
11.8158 0.8832 0.8700
11.8325 0.8835 0.8704
11.8492 0.8837 0.8708
11.8659 0.8840 0.8711
11.8826 0.8842 0.8715
11.8993 0.8844 0.8717
11.9160 0.8846 0.8720
11.9327 0.8847 0.8723
11.9493 0.8848 0.8725
11.9660 0.8849 0.8727
11.9827 0.8850 0.8729
11.9994 0.8851 0.8730
12.0161 0.8851 0.8732
12.0328 0.8851 0.8733
12.0495 0.8851 0.8735
12.0662 0.8850 0.8736
12.0829 0.8850 0.8737
12.0996 0.8849 0.8738
12.1162 0.8848 0.8739
12.1329 0.8847 0.8739
12.1496 0.8846 0.8740
12.1663 0.8844 0.8740
12.1830 0.8843 0.8740
12.1997 0.8841 0.8740
12.2164 0.8839 0.8739
12.2331 0.8837 0.8739
12.2498 0.8835 0.8738
12.2664 0.8833 0.8737
12.2831 0.8831 0.8736
12.2998 0.8828 0.8735
12.3165 0.8826 0.8734
12.3332 0.8823 0.8733
12.3499 0.8820 0.8732
12.3666 0.8816 0.8730
12.3833 0.8813 0.8729
12.4000 0.8809 0.8728
12.4166 0.8804 0.8727
12.4333 0.8800 0.8726
12.4500 0.8795 0.8725
12.4667 0.8789 0.8723
12.4834 0.8784 0.8722
12.5001 0.8778 0.8721
12.5168 0.8771 0.8719
12.5335 0.8765 0.8717
12.5502 0.8758 0.8715
12.5668 0.8751 0.8713
12.5835 0.8744 0.8710
12.6002 0.8737 0.8707
12.6169 0.8729 0.8704
12.6336 0.8722 0.8700
12.6503 0.8715 0.8696
12.6670 0.8708 0.8691
12.6837 0.8701 0.8685
12.7004 0.8694 0.8680
12.7170 0.8687 0.8673
12.7337 0.8680 0.8666
12.7504 0.8673 0.8659
12.7671 0.8667 0.8651
12.7838 0.8660 0.8642
12.8005 0.8653 0.8633
12.8172 0.8646 0.8624
12.8339 0.8638 0.8614
12.8506 0.8630 0.8605
12.8672 0.8622 0.8594
12.8839 0.8613 0.8584
12.9006 0.8604 0.8573
12.9173 0.8594 0.8562
12.9340 0.8584 0.8551
12.9507 0.8573 0.8540
12.9674 0.8561 0.8528
12.9841 0.8548 0.8517
13.0008 0.8535 0.8505
13.0174 0.8521 0.8493
13.0341 0.8507 0.8481
13.0508 0.8492 0.8469
13.0675 0.8477 0.8456
13.0842 0.8461 0.8443
13.1009 0.8445 0.8430
13.1176 0.8428 0.8417
13.1343 0.8411 0.8403
13.1510 0.8394 0.8389
13.1676 0.8377 0.8375
13.1843 0.8359 0.8360
13.2010 0.8341 0.8345
13.2177 0.8324 0.8329
13.2344 0.8306 0.8314
13.2511 0.8288 0.8297
13.2678 0.8270 0.8281
13.2845 0.8252 0.8264
13.3012 0.8235 0.8247
13.3179 0.8217 0.8229
13.3345 0.8200 0.8212
13.3512 0.8183 0.8194
13.3679 0.8166 0.8177
13.3846 0.8149 0.8159
13.4013 0.8132 0.8142
13.4180 0.8116 0.8126
13.4347 0.8100 0.8109
13.4514 0.8085 0.8093
13.4681 0.8070 0.8078
13.4847 0.8056 0.8063
13.5014 0.8042 0.8048
13.5181 0.8028 0.8034
13.5348 0.8015 0.8021
13.5515 0.8003 0.8009
13.5682 0.7991 0.7997
13.5849 0.7980 0.7985
13.6016 0.7970 0.7974
13.6183 0.7960 0.7964
13.6349 0.7950 0.7954
13.6516 0.7941 0.7945
13.6683 0.7933 0.7936
13.6850 0.7925 0.7928
13.7017 0.7918 0.7920
13.7184 0.7911 0.7912
13.7351 0.7905 0.7905
13.7518 0.7899 0.7897
13.7685 0.7893 0.7890
13.7851 0.7888 0.7883
13.8018 0.7882 0.7877
13.8185 0.7877 0.7870
13.8352 0.7872 0.7864
13.8519 0.7867 0.7857
13.8686 0.7863 0.7851
13.8853 0.7858 0.7845
13.9020 0.7854 0.7840
13.9187 0.7849 0.7834
13.9353 0.7845 0.7829
13.9520 0.7841 0.7824
13.9687 0.7837 0.7819
13.9854 0.7833 0.7814
14.0021 0.7830 0.7810
14.0188 0.7826 0.7806
14.0355 0.7823 0.7802
14.0522 0.7820 0.7798
14.0689 0.7817 0.7795
14.0855 0.7814 0.7791
14.1022 0.7811 0.7788
14.1189 0.7809 0.7785
14.1356 0.7806 0.7782
14.1523 0.7804 0.7779
14.1690 0.7802 0.7776
14.1857 0.7799 0.7773
14.2024 0.7797 0.7771
14.2191 0.7795 0.7769
14.2357 0.7793 0.7767
14.2524 0.7791 0.7765
14.2691 0.7789 0.7763
14.2858 0.7788 0.7762
14.3025 0.7786 0.7761
14.3192 0.7784 0.7761
14.3359 0.7783 0.7761
14.3526 0.7782 0.7761
14.3693 0.7781 0.7762
14.3859 0.7781 0.7763
14.4026 0.7780 0.7764
14.4193 0.7780 0.7766
14.4360 0.7781 0.7768
14.4527 0.7781 0.7771
14.4694 0.7782 0.7773
14.4861 0.7784 0.7777
14.5028 0.7785 0.7780
14.5195 0.7787 0.7784
14.5362 0.7789 0.7787
14.5528 0.7792 0.7791
14.5695 0.7794 0.7796
14.5862 0.7797 0.7800
14.6029 0.7800 0.7805
14.6196 0.7804 0.7809
14.6363 0.7807 0.7814
14.6530 0.7811 0.7820
14.6697 0.7815 0.7825
14.6864 0.7819 0.7830
14.7030 0.7823 0.7836
14.7197 0.7827 0.7842
14.7364 0.7832 0.7848
14.7531 0.7836 0.7854
14.7698 0.7841 0.7860
14.7865 0.7845 0.7866
14.8032 0.7850 0.7872
14.8199 0.7855 0.7879
14.8366 0.7859 0.7885
14.8532 0.7864 0.7892
14.8699 0.7869 0.7898
14.8866 0.7874 0.7905
14.9033 0.7879 0.7911
14.9200 0.7884 0.7918
14.9367 0.7888 0.7924
14.9534 0.7893 0.7930
14.9701 0.7899 0.7937
14.9868 0.7904 0.7943
15.0034 0.7909 0.7949
15.0201 0.7914 0.7955
15.0368 0.7920 0.7962
15.0535 0.7925 0.7968
15.0702 0.7931 0.7974
15.0869 0.7937 0.7980
15.1036 0.7943 0.7986
15.1203 0.7950 0.7992
15.1370 0.7956 0.7998
15.1536 0.7963 0.8004
15.1703 0.7970 0.8010
15.1870 0.7977 0.8016
15.2037 0.7984 0.8022
15.2204 0.7991 0.8028
15.2371 0.7999 0.8035
15.2538 0.8006 0.8041
15.2705 0.8014 0.8047
15.2872 0.8022 0.8054
15.3038 0.8030 0.8060
15.3205 0.8038 0.8067
15.3372 0.8046 0.8074
15.3539 0.8054 0.8081
15.3706 0.8062 0.8088
15.3873 0.8070 0.8095
15.4040 0.8078 0.8102
15.4207 0.8086 0.8109
15.4374 0.8094 0.8117
15.4540 0.8102 0.8124
15.4707 0.8111 0.8132
15.4874 0.8119 0.8139
15.5041 0.8127 0.8147
15.5208 0.8135 0.8154
15.5375 0.8143 0.8162
15.5542 0.8151 0.8169
15.5709 0.8159 0.8177
15.5876 0.8167 0.8185
15.6042 0.8175 0.8192
15.6209 0.8183 0.8200
15.6376 0.8191 0.8208
15.6543 0.8199 0.8215
15.6710 0.8206 0.8223
15.6877 0.8214 0.8231
15.7044 0.8222 0.8238
15.7211 0.8230 0.8246
15.7378 0.8237 0.8254
15.7545 0.8245 0.8261
15.7711 0.8253 0.8269
15.7878 0.8261 0.8277
15.8045 0.8268 0.8284
15.8212 0.8276 0.8292
15.8379 0.8284 0.8299
15.8546 0.8291 0.8307
15.8713 0.8299 0.8314
15.8880 0.8307 0.8322
15.9047 0.8314 0.8329
15.9213 0.8322 0.8336
15.9380 0.8329 0.8343
15.9547 0.8336 0.8350
15.9714 0.8344 0.8356
15.9881 0.8351 0.8363
16.0048 0.8358 0.8369
16.0215 0.8365 0.8376
16.0382 0.8372 0.8382
16.0549 0.8379 0.8388
16.0715 0.8385 0.8394
16.0882 0.8392 0.8399
16.1049 0.8399 0.8405
16.1216 0.8405 0.8411
16.1383 0.8411 0.8416
16.1550 0.8418 0.8422
16.1717 0.8424 0.8427
16.1884 0.8430 0.8432
16.2051 0.8436 0.8438
16.2217 0.8442 0.8443
16.2384 0.8448 0.8448
16.2551 0.8454 0.8453
16.2718 0.8460 0.8459
16.2885 0.8465 0.8464
16.3052 0.8471 0.8469
16.3219 0.8477 0.8475
16.3386 0.8483 0.8480
16.3553 0.8488 0.8486
16.3719 0.8494 0.8491
16.3886 0.8499 0.8496
16.4053 0.8505 0.8502
16.4220 0.8510 0.8507
16.4387 0.8516 0.8513
16.4554 0.8521 0.8518
16.4721 0.8527 0.8523
16.4888 0.8532 0.8529
16.5055 0.8537 0.8534
16.5221 0.8543 0.8539
16.5388 0.8548 0.8544
16.5555 0.8553 0.8550
16.5722 0.8558 0.8555
16.5889 0.8563 0.8560
16.6056 0.8568 0.8565
16.6223 0.8573 0.8570
16.6390 0.8578 0.8575
16.6557 0.8584 0.8580
16.6723 0.8589 0.8585
16.6890 0.8594 0.8590
16.7057 0.8599 0.8595
16.7224 0.8604 0.8600
16.7391 0.8609 0.8605
16.7558 0.8614 0.8610
16.7725 0.8619 0.8615
16.7892 0.8624 0.8620
16.8059 0.8629 0.8625
16.8225 0.8634 0.8630
16.8392 0.8639 0.8635
16.8559 0.8643 0.8640
16.8726 0.8648 0.8645
16.8893 0.8653 0.8649
16.9060 0.8658 0.8654
16.9227 0.8663 0.8659
16.9394 0.8668 0.8664
16.9561 0.8672 0.8668
16.9727 0.8677 0.8673
16.9894 0.8682 0.8677
17.0061 0.8686 0.8682
17.0228 0.8691 0.8686
17.0395 0.8695 0.8691
17.0562 0.8700 0.8695
17.0729 0.8704 0.8699
17.0896 0.8709 0.8703
17.1063 0.8713 0.8707
17.1230 0.8717 0.8711
17.1396 0.8721 0.8716
17.1563 0.8726 0.8720
17.1730 0.8730 0.8723
17.1897 0.8734 0.8727
17.2064 0.8738 0.8731
17.2231 0.8742 0.8735
17.2398 0.8746 0.8739
17.2565 0.8750 0.8743
17.2732 0.8754 0.8746
17.2898 0.8758 0.8750
17.3065 0.8762 0.8754
17.3232 0.8766 0.8758
17.3399 0.8770 0.8761
17.3566 0.8774 0.8765
17.3733 0.8777 0.8768
17.3900 0.8781 0.8772
17.4067 0.8785 0.8776
17.4234 0.8789 0.8779
17.4400 0.8792 0.8783
17.4567 0.8796 0.8786
17.4734 0.8800 0.8790
17.4901 0.8803 0.8793
17.5068 0.8807 0.8797
17.5235 0.8810 0.8800
17.5402 0.8814 0.8804
17.5569 0.8818 0.8807
17.5736 0.8821 0.8811
17.5902 0.8825 0.8814
17.6069 0.8828 0.8818
17.6236 0.8831 0.8821
17.6403 0.8835 0.8824
17.6570 0.8838 0.8828
17.6737 0.8842 0.8831
17.6904 0.8845 0.8835
17.7071 0.8849 0.8838
17.7238 0.8852 0.8841
17.7404 0.8855 0.8845
17.7571 0.8859 0.8848
17.7738 0.8862 0.8851
17.7905 0.8866 0.8854
17.8072 0.8869 0.8858
17.8239 0.8872 0.8861
17.8406 0.8876 0.8864
17.8573 0.8879 0.8867
17.8740 0.8882 0.8871
17.8906 0.8886 0.8874
17.9073 0.8889 0.8877
17.9240 0.8892 0.8880
17.9407 0.8896 0.8883
17.9574 0.8899 0.8886
17.9741 0.8902 0.8890
17.9908 0.8906 0.8893
18.0075 0.8909 0.8896
18.0242 0.8912 0.8899
18.0408 0.8915 0.8902
18.0575 0.8918 0.8905
18.0742 0.8922 0.8908
18.0909 0.8925 0.8911
18.1076 0.8928 0.8914
18.1243 0.8931 0.8917
18.1410 0.8934 0.8920
18.1577 0.8937 0.8923
18.1744 0.8940 0.8926
18.1910 0.8943 0.8929
18.2077 0.8946 0.8932
18.2244 0.8949 0.8935
18.2411 0.8952 0.8937
18.2578 0.8955 0.8940
18.2745 0.8958 0.8943
18.2912 0.8960 0.8946
18.3079 0.8963 0.8949
18.3246 0.8966 0.8952
18.3413 0.8969 0.8954
18.3579 0.8972 0.8957
18.3746 0.8975 0.8960
18.3913 0.8977 0.8963
18.4080 0.8980 0.8965
18.4247 0.8983 0.8968
18.4414 0.8986 0.8971
18.4581 0.8988 0.8974
18.4748 0.8991 0.8976
18.4915 0.8994 0.8979
18.5081 0.8996 0.8982
18.5248 0.8999 0.8984
18.5415 0.9002 0.8987
18.5582 0.9004 0.8989
18.5749 0.9007 0.8992
18.5916 0.9009 0.8995
18.6083 0.9012 0.8997
18.6250 0.9015 0.9000
18.6417 0.9017 0.9002
18.6583 0.9020 0.9005
18.6750 0.9022 0.9007
18.6917 0.9025 0.9010
18.7084 0.9027 0.9012
18.7251 0.9030 0.9015
18.7418 0.9032 0.9018
18.7585 0.9035 0.9020
18.7752 0.9037 0.9023
18.7919 0.9039 0.9025
18.8085 0.9042 0.9027
18.8252 0.9044 0.9030
18.8419 0.9047 0.9032
18.8586 0.9049 0.9035
18.8753 0.9051 0.9037
18.8920 0.9054 0.9040
18.9087 0.9056 0.9042
18.9254 0.9059 0.9044
18.9421 0.9061 0.9047
18.9587 0.9063 0.9049
18.9754 0.9066 0.9051
18.9921 0.9068 0.9054
19.0088 0.9071 0.9056
19.0255 0.9073 0.9058
19.0422 0.9075 0.9061
19.0589 0.9078 0.9063
19.0756 0.9080 0.9065
19.0923 0.9082 0.9067
19.1089 0.9085 0.9070
19.1256 0.9087 0.9072
19.1423 0.9089 0.9074
19.1590 0.9091 0.9076
19.1757 0.9094 0.9079
19.1924 0.9096 0.9081
19.2091 0.9098 0.9083
19.2258 0.9100 0.9085
19.2425 0.9103 0.9087
19.2591 0.9105 0.9090
19.2758 0.9107 0.9092
19.2925 0.9109 0.9094
19.3092 0.9111 0.9096
19.3259 0.9114 0.9099
19.3426 0.9116 0.9101
19.3593 0.9118 0.9103
19.3760 0.9120 0.9105
19.3927 0.9122 0.9107
19.4093 0.9124 0.9110
19.4260 0.9126 0.9112
19.4427 0.9128 0.9114
19.4594 0.9131 0.9116
19.4761 0.9133 0.9118
19.4928 0.9135 0.9120
19.5095 0.9137 0.9122
19.5262 0.9139 0.9124
19.5429 0.9141 0.9127
19.5596 0.9143 0.9129
19.5762 0.9145 0.9131
19.5929 0.9147 0.9133
19.6096 0.9149 0.9135
19.6263 0.9151 0.9137
19.6430 0.9153 0.9139
19.6597 0.9155 0.9141
19.6764 0.9157 0.9143
19.6931 0.9159 0.9145
19.7098 0.9161 0.9147
19.7264 0.9163 0.9149
19.7431 0.9165 0.9151
19.7598 0.9167 0.9153
19.7765 0.9169 0.9155
19.7932 0.9171 0.9157
19.8099 0.9173 0.9159
19.8266 0.9175 0.9161
19.8433 0.9177 0.9163
19.8600 0.9179 0.9165
19.8766 0.9181 0.9167
19.8933 0.9183 0.9169
19.9100 0.9185 0.9171
19.9267 0.9186 0.9172
19.9434 0.9188 0.9174
19.9601 0.9190 0.9176
19.9768 0.9192 0.9178
19.9935 0.9194 0.9180
20.0102 0.9196 0.9182
20.0268 0.9198 0.9184
20.0435 0.9200 0.9186
20.0602 0.9201 0.9187
20.0769 0.9203 0.9189
20.0936 0.9205 0.9191
20.1103 0.9207 0.9193
20.1270 0.9209 0.9195
20.1437 0.9210 0.9197
20.1604 0.9212 0.9198
20.1770 0.9214 0.9200
20.1937 0.9216 0.9202
20.2104 0.9217 0.9204
20.2271 0.9219 0.9205
20.2438 0.9221 0.9207
20.2605 0.9223 0.9209
20.2772 0.9224 0.9211
20.2939 0.9226 0.9212
20.3106 0.9228 0.9214
20.3272 0.9230 0.9216
20.3439 0.9231 0.9217
20.3606 0.9233 0.9219
20.3773 0.9235 0.9221
20.3940 0.9236 0.9222
20.4107 0.9238 0.9224
20.4274 0.9240 0.9226
20.4441 0.9241 0.9227
20.4608 0.9243 0.9229
20.4774 0.9245 0.9231
20.4941 0.9246 0.9232
20.5108 0.9248 0.9234
20.5275 0.9250 0.9236
20.5442 0.9251 0.9237
20.5609 0.9253 0.9239
20.5776 0.9255 0.9240
20.5943 0.9256 0.9242
20.6110 0.9258 0.9243
20.6276 0.9259 0.9245
20.6443 0.9261 0.9247
20.6610 0.9263 0.9248
20.6777 0.9264 0.9250
20.6944 0.9266 0.9251
20.7111 0.9267 0.9253
20.7278 0.9269 0.9254
20.7445 0.9271 0.9256
20.7612 0.9272 0.9257
20.7779 0.9274 0.9259
20.7945 0.9275 0.9260
20.8112 0.9277 0.9262
20.8279 0.9278 0.9263
20.8446 0.9280 0.9265
20.8613 0.9281 0.9266
20.8780 0.9283 0.9268
20.8947 0.9284 0.9269
20.9114 0.9286 0.9271
20.9281 0.9287 0.9272
20.9447 0.9289 0.9274
20.9614 0.9290 0.9275
20.9781 0.9292 0.9277
20.9948 0.9293 0.9278
21.0115 0.9295 0.9280
21.0282 0.9296 0.9281
21.0449 0.9298 0.9283
21.0616 0.9299 0.9284
21.0783 0.9301 0.9286
21.0949 0.9302 0.9287
21.1116 0.9304 0.9289
21.1283 0.9305 0.9290
21.1450 0.9307 0.9292
21.1617 0.9308 0.9293
21.1784 0.9309 0.9294
21.1951 0.9311 0.9296
21.2118 0.9312 0.9297
21.2285 0.9314 0.9299
21.2451 0.9315 0.9300
21.2618 0.9316 0.9302
21.2785 0.9318 0.9303
21.2952 0.9319 0.9304
21.3119 0.9321 0.9306
21.3286 0.9322 0.9307
21.3453 0.9323 0.9309
21.3620 0.9325 0.9310
21.3787 0.9326 0.9311
21.3953 0.9327 0.9313
21.4120 0.9329 0.9314
21.4287 0.9330 0.9315
21.4454 0.9331 0.9317
21.4621 0.9333 0.9318
21.4788 0.9334 0.9319
21.4955 0.9335 0.9321
21.5122 0.9337 0.9322
21.5289 0.9338 0.9323
21.5455 0.9339 0.9325
21.5622 0.9341 0.9326
21.5789 0.9342 0.9327
21.5956 0.9343 0.9329
21.6123 0.9344 0.9330
21.6290 0.9346 0.9331
21.6457 0.9347 0.9332
21.6624 0.9348 0.9334
21.6791 0.9350 0.9335
21.6957 0.9351 0.9336
21.7124 0.9352 0.9338
21.7291 0.9353 0.9339
21.7458 0.9355 0.9340
21.7625 0.9356 0.9341
21.7792 0.9357 0.9343
21.7959 0.9358 0.9344
21.8126 0.9360 0.9345
21.8293 0.9361 0.9346
21.8459 0.9362 0.9348
21.8626 0.9363 0.9349
21.8793 0.9365 0.9350
21.8960 0.9366 0.9351
21.9127 0.9367 0.9353
21.9294 0.9368 0.9354
21.9461 0.9369 0.9355
21.9628 0.9371 0.9356
21.9795 0.9372 0.9357
21.9961 0.9373 0.9359
22.0128 0.9374 0.9360
22.0295 0.9375 0.9361
22.0462 0.9377 0.9362
22.0629 0.9378 0.9364
22.0796 0.9379 0.9365
22.0963 0.9380 0.9366
22.1130 0.9381 0.9367
22.1297 0.9382 0.9368
22.1464 0.9384 0.9370
22.1630 0.9385 0.9371
22.1797 0.9386 0.9372
22.1964 0.9387 0.9373
22.2131 0.9388 0.9374
22.2298 0.9389 0.9376
22.2465 0.9390 0.9377
22.2632 0.9391 0.9378
22.2799 0.9393 0.9379
22.2966 0.9394 0.9380
22.3132 0.9395 0.9381
22.3299 0.9396 0.9383
22.3466 0.9397 0.9384
22.3633 0.9398 0.9385
22.3800 0.9399 0.9386
22.3967 0.9400 0.9387
22.4134 0.9402 0.9388
22.4301 0.9403 0.9389
22.4468 0.9404 0.9390
22.4634 0.9405 0.9392
22.4801 0.9406 0.9393
22.4968 0.9407 0.9394
22.5135 0.9408 0.9395
22.5302 0.9409 0.9396
22.5469 0.9410 0.9397
22.5636 0.9411 0.9398
22.5803 0.9412 0.9399
22.5970 0.9413 0.9400
22.6136 0.9415 0.9401
22.6303 0.9416 0.9402
22.6470 0.9417 0.9403
22.6637 0.9418 0.9404
22.6804 0.9419 0.9405
22.6971 0.9420 0.9407
22.7138 0.9421 0.9408
22.7305 0.9422 0.9409
22.7472 0.9423 0.9410
22.7638 0.9424 0.9411
22.7805 0.9425 0.9412
22.7972 0.9426 0.9413
22.8139 0.9427 0.9414
22.8306 0.9428 0.9415
22.8473 0.9429 0.9416
22.8640 0.9430 0.9417
22.8807 0.9431 0.9418
22.8974 0.9432 0.9419
22.9140 0.9433 0.9420
22.9307 0.9434 0.9421
22.9474 0.9435 0.9422
22.9641 0.9436 0.9423
22.9808 0.9437 0.9424
22.9975 0.9438 0.9425
23.0142 0.9438 0.9425
23.0309 0.9439 0.9426
23.0476 0.9440 0.9427
23.0642 0.9441 0.9428
23.0809 0.9442 0.9429
23.0976 0.9443 0.9430
23.1143 0.9444 0.9431
23.1310 0.9445 0.9432
23.1477 0.9446 0.9433
23.1644 0.9447 0.9434
23.1811 0.9447 0.9435
23.1978 0.9448 0.9435
23.2144 0.9449 0.9436
23.2311 0.9450 0.9437
23.2478 0.9451 0.9438
23.2645 0.9452 0.9439
23.2812 0.9453 0.9440
23.2979 0.9453 0.9440
23.3146 0.9454 0.9441
23.3313 0.9455 0.9442
23.3480 0.9456 0.9443
23.3647 0.9457 0.9444
23.3813 0.9458 0.9444
23.3980 0.9458 0.9445
23.4147 0.9459 0.9446
23.4314 0.9460 0.9447
23.4481 0.9461 0.9448
23.4648 0.9462 0.9448
23.4815 0.9462 0.9449
23.4982 0.9463 0.9450
23.5149 0.9464 0.9451
23.5315 0.9465 0.9451
23.5482 0.9465 0.9452
23.5649 0.9466 0.9453
23.5816 0.9467 0.9454
23.5983 0.9468 0.9454
23.6150 0.9469 0.9455
23.6317 0.9469 0.9456
23.6484 0.9470 0.9457
23.6651 0.9471 0.9458
23.6817 0.9472 0.9458
23.6984 0.9472 0.9459
23.7151 0.9473 0.9460
23.7318 0.9474 0.9461
23.7485 0.9475 0.9461
23.7652 0.9475 0.9462
23.7819 0.9476 0.9463
23.7986 0.9477 0.9464
23.8153 0.9478 0.9464
23.8319 0.9479 0.9465
23.8486 0.9479 0.9466
23.8653 0.9480 0.9467
23.8820 0.9481 0.9467
23.8987 0.9482 0.9468
23.9154 0.9482 0.9469
23.9321 0.9483 0.9470
23.9488 0.9484 0.9471
23.9655 0.9485 0.9471
23.9821 0.9486 0.9472
23.9988 0.9486 0.9473
24.0155 0.9487 0.9474
24.0322 0.9488 0.9474
24.0489 0.9489 0.9475
24.0656 0.9490 0.9476
24.0823 0.9490 0.9477
24.0990 0.9491 0.9478
24.1157 0.9492 0.9478
24.1323 0.9493 0.9479
24.1490 0.9494 0.9480
24.1657 0.9494 0.9481
24.1824 0.9495 0.9482
24.1991 0.9496 0.9483
24.2158 0.9497 0.9483
24.2325 0.9498 0.9484
24.2492 0.9498 0.9485
24.2659 0.9499 0.9486
24.2825 0.9500 0.9487
24.2992 0.9501 0.9487
24.3159 0.9502 0.9488
24.3326 0.9502 0.9489
24.3493 0.9503 0.9490
24.3660 0.9504 0.9491
24.3827 0.9505 0.9492
24.3994 0.9506 0.9492
24.4161 0.9507 0.9493
24.4327 0.9507 0.9494
24.4494 0.9508 0.9495
24.4661 0.9509 0.9496
24.4828 0.9510 0.9497
24.4995 0.9510 0.9497
24.5162 0.9511 0.9498
24.5329 0.9512 0.9499
24.5496 0.9513 0.9500
24.5663 0.9514 0.9501
24.5830 0.9514 0.9501
24.5996 0.9515 0.9502
24.6163 0.9516 0.9503
24.6330 0.9517 0.9504
24.6497 0.9518 0.9505
24.6664 0.9518 0.9506
24.6831 0.9519 0.9506
24.6998 0.9520 0.9507
24.7165 0.9521 0.9508
24.7332 0.9522 0.9509
24.7498 0.9522 0.9510
24.7665 0.9523 0.9510
24.7832 0.9524 0.9511
24.7999 0.9525 0.9512
24.8166 0.9525 0.9513
24.8333 0.9526 0.9513
24.8500 0.9527 0.9514
24.8667 0.9528 0.9515
24.8834 0.9528 0.9516
24.9000 0.9529 0.9517
24.9167 0.9530 0.9517
24.9334 0.9531 0.9518
24.9501 0.9531 0.9519
24.9668 0.9532 0.9520
24.9835 0.9533 0.9520
25.0002 0.9534 0.9521
25.0169 0.9534 0.9522
25.0336 0.9535 0.9523
25.0502 0.9536 0.9523
25.0669 0.9537 0.9524
25.0836 0.9537 0.9525
25.1003 0.9538 0.9526
25.1170 0.9539 0.9526
25.1337 0.9540 0.9527
25.1504 0.9540 0.9528
25.1671 0.9541 0.9529
25.1838 0.9542 0.9529
25.2004 0.9543 0.9530
25.2171 0.9543 0.9531
25.2338 0.9544 0.9532
25.2505 0.9545 0.9532
25.2672 0.9545 0.9533
25.2839 0.9546 0.9534
25.3006 0.9547 0.9534
25.3173 0.9548 0.9535
25.3340 0.9548 0.9536
25.3506 0.9549 0.9537
25.3673 0.9550 0.9537
25.3840 0.9550 0.9538
25.4007 0.9551 0.9539
25.4174 0.9552 0.9539
25.4341 0.9552 0.9540
25.4508 0.9553 0.9541
25.4675 0.9554 0.9542
25.4842 0.9554 0.9542
25.5008 0.9555 0.9543
25.5175 0.9556 0.9544
25.5342 0.9557 0.9544
25.5509 0.9557 0.9545
25.5676 0.9558 0.9546
25.5843 0.9559 0.9546
25.6010 0.9559 0.9547
25.6177 0.9560 0.9548
25.6344 0.9561 0.9548
25.6510 0.9561 0.9549
25.6677 0.9562 0.9550
25.6844 0.9563 0.9550
25.7011 0.9563 0.9551
25.7178 0.9564 0.9552
25.7345 0.9564 0.9552
25.7512 0.9565 0.9553
25.7679 0.9566 0.9554
25.7846 0.9566 0.9554
25.8013 0.9567 0.9555
25.8179 0.9568 0.9556
25.8346 0.9568 0.9556
25.8513 0.9569 0.9557
25.8680 0.9570 0.9558
25.8847 0.9570 0.9558
25.9014 0.9571 0.9559
25.9181 0.9572 0.9560
25.9348 0.9572 0.9560
25.9515 0.9573 0.9561
25.9681 0.9574 0.9562
25.9848 0.9574 0.9562
26.0015 0.9575 0.9563
26.0182 0.9575 0.9564
26.0349 0.9576 0.9564
26.0516 0.9577 0.9565
26.0683 0.9577 0.9565
26.0850 0.9578 0.9566
26.1017 0.9579 0.9567
26.1183 0.9579 0.9567
26.1350 0.9580 0.9568
26.1517 0.9580 0.9569
26.1684 0.9581 0.9569
26.1851 0.9582 0.9570
26.2018 0.9582 0.9571
26.2185 0.9583 0.9571
26.2352 0.9584 0.9572
26.2519 0.9584 0.9572
26.2685 0.9585 0.9573
26.2852 0.9585 0.9574
26.3019 0.9586 0.9574
26.3186 0.9587 0.9575
26.3353 0.9587 0.9576
26.3520 0.9588 0.9576
26.3687 0.9588 0.9577
26.3854 0.9589 0.9577
26.4021 0.9590 0.9578
26.4187 0.9590 0.9579
26.4354 0.9591 0.9579
26.4521 0.9591 0.9580
26.4688 0.9592 0.9580
26.4855 0.9593 0.9581
26.5022 0.9593 0.9582
26.5189 0.9594 0.9582
26.5356 0.9594 0.9583
26.5523 0.9595 0.9583
26.5689 0.9596 0.9584
26.5856 0.9596 0.9585
26.6023 0.9597 0.9585
26.6190 0.9597 0.9586
26.6357 0.9598 0.9586
26.6524 0.9599 0.9587
26.6691 0.9599 0.9588
26.6858 0.9600 0.9588
26.7025 0.9600 0.9589
26.7191 0.9601 0.9589
26.7358 0.9601 0.9590
26.7525 0.9602 0.9591
26.7692 0.9603 0.9591
26.7859 0.9603 0.9592
26.8026 0.9604 0.9592
26.8193 0.9604 0.9593
26.8360 0.9605 0.9593
26.8527 0.9605 0.9594
26.8693 0.9606 0.9595
26.8860 0.9607 0.9595
26.9027 0.9607 0.9596
26.9194 0.9608 0.9596
26.9361 0.9608 0.9597
26.9528 0.9609 0.9597
26.9695 0.9609 0.9598
26.9862 0.9610 0.9599
27.0029 0.9610 0.9599
27.0195 0.9611 0.9600
27.0362 0.9612 0.9600
27.0529 0.9612 0.9601
27.0696 0.9613 0.9601
27.0863 0.9613 0.9602
27.1030 0.9614 0.9603
27.1197 0.9614 0.9603
27.1364 0.9615 0.9604
27.1531 0.9615 0.9604
27.1698 0.9616 0.9605
27.1864 0.9616 0.9605
27.2031 0.9617 0.9606
27.2198 0.9618 0.9606
27.2365 0.9618 0.9607
27.2532 0.9619 0.9608
27.2699 0.9619 0.9608
27.2866 0.9620 0.9609
27.3033 0.9620 0.9609
27.3200 0.9621 0.9610
27.3366 0.9621 0.9610
27.3533 0.9622 0.9611
27.3700 0.9622 0.9611
27.3867 0.9623 0.9612
27.4034 0.9623 0.9612
27.4201 0.9624 0.9613
27.4368 0.9624 0.9613
27.4535 0.9625 0.9614
27.4702 0.9626 0.9615
27.4868 0.9626 0.9615
27.5035 0.9627 0.9616
27.5202 0.9627 0.9616
27.5369 0.9628 0.9617
27.5536 0.9628 0.9617
27.5703 0.9629 0.9618
27.5870 0.9629 0.9618
27.6037 0.9630 0.9619
27.6204 0.9630 0.9619
27.6370 0.9631 0.9620
27.6537 0.9631 0.9620
27.6704 0.9632 0.9621
27.6871 0.9632 0.9621
27.7038 0.9633 0.9622
27.7205 0.9633 0.9622
27.7372 0.9634 0.9623
27.7539 0.9634 0.9623
27.7706 0.9635 0.9624
27.7872 0.9635 0.9624
27.8039 0.9636 0.9625
27.8206 0.9636 0.9625
27.8373 0.9637 0.9626
27.8540 0.9637 0.9626
27.8707 0.9638 0.9627
27.8874 0.9638 0.9627
27.9041 0.9639 0.9628
27.9208 0.9639 0.9628
27.9374 0.9640 0.9629
27.9541 0.9640 0.9629
27.9708 0.9641 0.9630
27.9875 0.9641 0.9630
28.0042 0.9642 0.9631
28.0209 0.9642 0.9631
28.0376 0.9643 0.9632
28.0543 0.9643 0.9632
28.0710 0.9644 0.9633
28.0876 0.9644 0.9633
28.1043 0.9644 0.9634
28.1210 0.9645 0.9634
28.1377 0.9645 0.9635
28.1544 0.9646 0.9635
28.1711 0.9646 0.9636
28.1878 0.9647 0.9636
28.2045 0.9647 0.9637
28.2212 0.9648 0.9637
28.2378 0.9648 0.9638
28.2545 0.9649 0.9638
28.2712 0.9649 0.9639
28.2879 0.9650 0.9639
28.3046 0.9650 0.9640
28.3213 0.9651 0.9640
28.3380 0.9651 0.9641
28.3547 0.9652 0.9641
28.3714 0.9652 0.9642
28.3881 0.9652 0.9642
28.4047 0.9653 0.9642
28.4214 0.9653 0.9643
28.4381 0.9654 0.9643
28.4548 0.9654 0.9644
28.4715 0.9655 0.9644
28.4882 0.9655 0.9645
28.5049 0.9656 0.9645
28.5216 0.9656 0.9646
28.5383 0.9657 0.9646
28.5549 0.9657 0.9647
28.5716 0.9657 0.9647
28.5883 0.9658 0.9648
28.6050 0.9658 0.9648
28.6217 0.9659 0.9648
28.6384 0.9659 0.9649
28.6551 0.9660 0.9649
28.6718 0.9660 0.9650
28.6885 0.9661 0.9650
28.7051 0.9661 0.9651
28.7218 0.9661 0.9651
28.7385 0.9662 0.9652
28.7552 0.9662 0.9652
28.7719 0.9663 0.9653
28.7886 0.9663 0.9653
28.8053 0.9664 0.9653
28.8220 0.9664 0.9654
28.8387 0.9665 0.9654
28.8553 0.9665 0.9655
28.8720 0.9665 0.9655
28.8887 0.9666 0.9656
28.9054 0.9666 0.9656
28.9221 0.9667 0.9657
28.9388 0.9667 0.9657
28.9555 0.9668 0.9657
28.9722 0.9668 0.9658
28.9889 0.9668 0.9658
29.0055 0.9669 0.9659
29.0222 0.9669 0.9659
29.0389 0.9670 0.9660
29.0556 0.9670 0.9660
29.0723 0.9670 0.9660
29.0890 0.9671 0.9661
29.1057 0.9671 0.9661
29.1224 0.9672 0.9662
29.1391 0.9672 0.9662
29.1557 0.9673 0.9663
29.1724 0.9673 0.9663
29.1891 0.9673 0.9663
29.2058 0.9674 0.9664
29.2225 0.9674 0.9664
29.2392 0.9675 0.9665
29.2559 0.9675 0.9665
29.2726 0.9675 0.9666
29.2893 0.9676 0.9666
29.3059 0.9676 0.9666
29.3226 0.9677 0.9667
29.3393 0.9677 0.9667
29.3560 0.9678 0.9668
29.3727 0.9678 0.9668
29.3894 0.9678 0.9668
29.4061 0.9679 0.9669
29.4228 0.9679 0.9669
29.4395 0.9680 0.9670
29.4561 0.9680 0.9670
29.4728 0.9680 0.9671
29.4895 0.9681 0.9671
29.5062 0.9681 0.9671
29.5229 0.9682 0.9672
29.5396 0.9682 0.9672
29.5563 0.9682 0.9673
29.5730 0.9683 0.9673
29.5897 0.9683 0.9673
29.6064 0.9684 0.9674
29.6230 0.9684 0.9674
29.6397 0.9684 0.9675
29.6564 0.9685 0.9675
29.6731 0.9685 0.9675
29.6898 0.9686 0.9676
29.7065 0.9686 0.9676
29.7232 0.9686 0.9677
29.7399 0.9687 0.9677
29.7566 0.9687 0.9677
29.7732 0.9687 0.9678
29.7899 0.9688 0.9678
29.8066 0.9688 0.9679
29.8233 0.9689 0.9679
29.8400 0.9689 0.9679
29.8567 0.9689 0.9680
29.8734 0.9690 0.9680
29.8901 0.9690 0.9681
29.9068 0.9691 0.9681
29.9234 0.9691 0.9681
29.9401 0.9691 0.9682
29.9568 0.9692 0.9682
29.9735 0.9692 0.9682
29.9902 0.9692 0.9683
30.0069 0.9693 0.9683
30.0236 0.9693 0.9684
30.0403 0.9694 0.9684
30.0570 0.9694 0.9684
30.0736 0.9694 0.9685
30.0903 0.9695 0.9685
30.1070 0.9695 0.9686
30.1237 0.9695 0.9686
30.1404 0.9696 0.9686
30.1571 0.9696 0.9687
30.1738 0.9697 0.9687
30.1905 0.9697 0.9687
30.2072 0.9697 0.9688
30.2238 0.9698 0.9688
30.2405 0.9698 0.9689
30.2572 0.9698 0.9689
30.2739 0.9699 0.9689
30.2906 0.9699 0.9690
30.3073 0.9699 0.9690
30.3240 0.9700 0.9690
30.3407 0.9700 0.9691
30.3574 0.9701 0.9691
30.3740 0.9701 0.9692
30.3907 0.9701 0.9692
30.4074 0.9702 0.9692
30.4241 0.9702 0.9693
30.4408 0.9702 0.9693
30.4575 0.9703 0.9693
30.4742 0.9703 0.9694
30.4909 0.9703 0.9694
30.5076 0.9704 0.9695
30.5242 0.9704 0.9695
30.5409 0.9705 0.9695
30.5576 0.9705 0.9696
30.5743 0.9705 0.9696
30.5910 0.9706 0.9696
30.6077 0.9706 0.9697
30.6244 0.9706 0.9697
30.6411 0.9707 0.9697
30.6578 0.9707 0.9698
30.6744 0.9707 0.9698
30.6911 0.9708 0.9698
30.7078 0.9708 0.9699
30.7245 0.9708 0.9699
30.7412 0.9709 0.9700
30.7579 0.9709 0.9700
30.7746 0.9709 0.9700
30.7913 0.9710 0.9701
30.8080 0.9710 0.9701
30.8247 0.9710 0.9701
30.8413 0.9711 0.9702
30.8580 0.9711 0.9702
30.8747 0.9711 0.9702
30.8914 0.9712 0.9703
30.9081 0.9712 0.9703
30.9248 0.9712 0.9703
30.9415 0.9713 0.9704
30.9582 0.9713 0.9704
30.9749 0.9713 0.9704
30.9915 0.9714 0.9705
31.0082 0.9714 0.9705
31.0249 0.9715 0.9705
31.0416 0.9715 0.9706
31.0583 0.9715 0.9706
31.0750 0.9716 0.9707
31.0917 0.9716 0.9707
31.1084 0.9716 0.9707
31.1251 0.9717 0.9708
31.1417 0.9717 0.9708
31.1584 0.9717 0.9708
31.1751 0.9718 0.9709
31.1918 0.9718 0.9709
31.2085 0.9718 0.9709
31.2252 0.9718 0.9710
31.2419 0.9719 0.9710
31.2586 0.9719 0.9710
31.2753 0.9719 0.9711
31.2919 0.9720 0.9711
31.3086 0.9720 0.9711
31.3253 0.9720 0.9712
31.3420 0.9721 0.9712
31.3587 0.9721 0.9712
31.3754 0.9721 0.9713
31.3921 0.9722 0.9713
31.4088 0.9722 0.9713
31.4255 0.9722 0.9714
31.4421 0.9723 0.9714
31.4588 0.9723 0.9714
31.4755 0.9723 0.9715
31.4922 0.9724 0.9715
31.5089 0.9724 0.9715
31.5256 0.9724 0.9716
31.5423 0.9725 0.9716
31.5590 0.9725 0.9716
31.5757 0.9725 0.9716
31.5923 0.9726 0.9717
31.6090 0.9726 0.9717
31.6257 0.9726 0.9717
31.6424 0.9727 0.9718
31.6591 0.9727 0.9718
31.6758 0.9727 0.9718
31.6925 0.9727 0.9719
31.7092 0.9728 0.9719
31.7259 0.9728 0.9719
31.7425 0.9728 0.9720
31.7592 0.9729 0.9720
31.7759 0.9729 0.9720
31.7926 0.9729 0.9721
31.8093 0.9730 0.9721
31.8260 0.9730 0.9721
31.8427 0.9730 0.9722
31.8594 0.9731 0.9722
31.8761 0.9731 0.9722
31.8927 0.9731 0.9723
31.9094 0.9731 0.9723
31.9261 0.9732 0.9723
31.9428 0.9732 0.9723
31.9595 0.9732 0.9724
31.9762 0.9733 0.9724
31.9929 0.9733 0.9724
32.0096 0.9733 0.9725
32.0263 0.9734 0.9725
32.0429 0.9734 0.9725
32.0596 0.9734 0.9726
32.0763 0.9734 0.9726
32.0930 0.9735 0.9726
32.1097 0.9735 0.9727
32.1264 0.9735 0.9727
32.1431 0.9736 0.9727
32.1598 0.9736 0.9727
32.1765 0.9736 0.9728
32.1932 0.9737 0.9728
32.2098 0.9737 0.9728
32.2265 0.9737 0.9729
32.2432 0.9737 0.9729
32.2599 0.9738 0.9729
32.2766 0.9738 0.9730
32.2933 0.9738 0.9730
32.3100 0.9739 0.9730
32.3267 0.9739 0.9731
32.3434 0.9739 0.9731
32.3600 0.9740 0.9731
32.3767 0.9740 0.9731
32.3934 0.9740 0.9732
32.4101 0.9740 0.9732
32.4268 0.9741 0.9732
32.4435 0.9741 0.9733
32.4602 0.9741 0.9733
32.4769 0.9742 0.9733
32.4936 0.9742 0.9733
32.5102 0.9742 0.9734
32.5269 0.9742 0.9734
32.5436 0.9743 0.9734
32.5603 0.9743 0.9735
32.5770 0.9743 0.9735
32.5937 0.9744 0.9735
32.6104 0.9744 0.9736
32.6271 0.9744 0.9736
32.6438 0.9744 0.9736
32.6604 0.9745 0.9736
32.6771 0.9745 0.9737
32.6938 0.9745 0.9737
32.7105 0.9746 0.9737
32.7272 0.9746 0.9738
32.7439 0.9746 0.9738
32.7606 0.9746 0.9738
32.7773 0.9747 0.9738
32.7940 0.9747 0.9739
32.8106 0.9747 0.9739
32.8273 0.9747 0.9739
32.8440 0.9748 0.9740
32.8607 0.9748 0.9740
32.8774 0.9748 0.9740
32.8941 0.9749 0.9740
32.9108 0.9749 0.9741
32.9275 0.9749 0.9741
32.9442 0.9749 0.9741
32.9608 0.9750 0.9742
32.9775 0.9750 0.9742
32.9942 0.9750 0.9742
33.0109 0.9750 0.9742
33.0276 0.9751 0.9743
33.0443 0.9751 0.9743
33.0610 0.9751 0.9743
33.0777 0.9752 0.9743
33.0944 0.9752 0.9744
33.1110 0.9752 0.9744
33.1277 0.9752 0.9744
33.1444 0.9753 0.9745
33.1611 0.9753 0.9745
33.1778 0.9753 0.9745
33.1945 0.9753 0.9745
33.2112 0.9754 0.9746
33.2279 0.9754 0.9746
33.2446 0.9754 0.9746
33.2612 0.9755 0.9746
33.2779 0.9755 0.9747
33.2946 0.9755 0.9747
33.3113 0.9755 0.9747
33.3280 0.9756 0.9748
33.3447 0.9756 0.9748
33.3614 0.9756 0.9748
  
  
  
  
  
dim="1">gridpoints</dimension>  
  
  
  
  
  
  
  
  
0.0000 0.6787 -1.9684
0.0167 0.6787 -1.9684
0.0334 0.6734 -1.9688
0.0501 0.6646 -1.9697
0.0668 0.6529 -1.9711
0.0834 0.6386 -1.9731
0.1001 0.6223 -1.9760
0.1168 0.6047 -1.9799
0.1335 0.5866 -1.9850
0.1502 0.5686 -1.9916
0.1669 0.5516 -1.9998
0.1836 0.5364 -2.0100
0.2003 0.5238 -2.0223
0.2170 0.5143 -2.0367
0.2336 0.5087 -2.0535
0.2503 0.5075 -2.0726
0.2670 0.5111 -2.0939
0.2837 0.5198 -2.1172
0.3004 0.5338 -2.1423
0.3171 0.5531 -2.1688
0.3338 0.5777 -2.1960
0.3505 0.6074 -2.2234
0.3672 0.6419 -2.2501
0.3838 0.6809 -2.2752
0.4005 0.7240 -2.2977
0.4172 0.7707 -2.3166
0.4339 0.8205 -2.3308
0.4506 0.8727 -2.3391
0.4673 0.9269 -2.3404
0.4840 0.9825 -2.3339
0.5007 1.0390 -2.3185
0.5174 1.0957 -2.2937
0.5340 1.1521 -2.2589
0.5507 1.2078 -2.2137
0.5674 1.2623 -2.1581
0.5841 1.3151 -2.0923
0.6008 1.3658 -2.0165
0.6175 1.4140 -1.9315
0.6342 1.4595 -1.8380
0.6509 1.5019 -1.7369
0.6676 1.5409 -1.6294
0.6843 1.5765 -1.5167
0.7009 1.6086 -1.3999
0.7176 1.6370 -1.2805
0.7343 1.6618 -1.1595
0.7510 1.6831 -1.0382
0.7677 1.7010 -0.9177
0.7844 1.7157 -0.7990
0.8011 1.7274 -0.6831
0.8178 1.7364 -0.5706
0.8345 1.7430 -0.4622
0.8511 1.7475 -0.3585
0.8678 1.7501 -0.2597
0.8845 1.7512 -0.1662
0.9012 1.7510 -0.0780
0.9179 1.7499 0.0048
0.9346 1.7479 0.0823
0.9513 1.7454 0.1545
0.9680 1.7425 0.2218
0.9847 1.7392 0.2842
1.0013 1.7358 0.3421
1.0180 1.7323 0.3957
1.0347 1.7287 0.4454
1.0514 1.7250 0.4914
1.0681 1.7213 0.5340
1.0848 1.7174 0.5735
1.1015 1.7134 0.6100
1.1182 1.7091 0.6437
1.1349 1.7044 0.6749
1.1515 1.6993 0.7036
1.1682 1.6936 0.7299
1.1849 1.6871 0.7540
1.2016 1.6797 0.7758
1.2183 1.6713 0.7953
1.2350 1.6617 0.8127
1.2517 1.6508 0.8279
1.2684 1.6385 0.8409
1.2851 1.6247 0.8518
1.3017 1.6095 0.8606
1.3184 1.5928 0.8674
1.3351 1.5747 0.8722
1.3518 1.5554 0.8753
1.3685 1.5350 0.8767
1.3852 1.5139 0.8766
1.4019 1.4922 0.8751
1.4186 1.4704 0.8726
1.4353 1.4487 0.8692
1.4519 1.4275 0.8651
1.4686 1.4070 0.8606
1.4853 1.3876 0.8559
1.5020 1.3696 0.8513
1.5187 1.3531 0.8468
1.5354 1.3382 0.8428
1.5521 1.3251 0.8394
1.5688 1.3136 0.8367
1.5855 1.3037 0.8348
1.6021 1.2952 0.8337
1.6188 1.2879 0.8335
1.6355 1.2815 0.8343
1.6522 1.2757 0.8358
1.6689 1.2704 0.8381
1.6856 1.2650 0.8411
1.7023 1.2594 0.8446
1.7190 1.2534 0.8485
1.7357 1.2466 0.8526
1.7523 1.2391 0.8567
1.7690 1.2307 0.8606
1.7857 1.2215 0.8642
1.8024 1.2113 0.8673
1.8191 1.2004 0.8697
1.8358 1.1889 0.8712
1.8525 1.1770 0.8719
1.8692 1.1647 0.8715
1.8859 1.1525 0.8700
1.9026 1.1403 0.8674
1.9192 1.1285 0.8637
1.9359 1.1172 0.8590
1.9526 1.1066 0.8533
1.9693 1.0967 0.8467
1.9860 1.0876 0.8394
2.0027 1.0795 0.8313
2.0194 1.0722 0.8227
2.0361 1.0657 0.8136
2.0528 1.0600 0.8041
2.0694 1.0550 0.7943
2.0861 1.0504 0.7843
2.1028 1.0462 0.7741
2.1195 1.0421 0.7638
2.1362 1.0379 0.7533
2.1529 1.0335 0.7428
2.1696 1.0287 0.7322
2.1863 1.0232 0.7215
2.2030 1.0169 0.7108
2.2196 1.0097 0.7000
2.2363 1.0015 0.6892
2.2530 0.9922 0.6784
2.2697 0.9817 0.6676
2.2864 0.9700 0.6568
2.3031 0.9573 0.6461
2.3198 0.9434 0.6354
2.3365 0.9286 0.6247
2.3532 0.9128 0.6140
2.3698 0.8963 0.6034
2.3865 0.8791 0.5926
2.4032 0.8614 0.5818
2.4199 0.8433 0.5708
2.4366 0.8249 0.5596
2.4533 0.8063 0.5481
2.4700 0.7876 0.5363
2.4867 0.7689 0.5242
2.5034 0.7503 0.5118
2.5200 0.7318 0.4992
2.5367 0.7135 0.4864
2.5534 0.6955 0.4736
2.5701 0.6778 0.4607
2.5868 0.6605 0.4481
2.6035 0.6434 0.4359
2.6202 0.6269 0.4243
2.6369 0.6107 0.4134
2.6536 0.5951 0.4034
2.6702 0.5800 0.3945
2.6869 0.5655 0.3868
2.7036 0.5517 0.3804
2.7203 0.5386 0.3754
2.7370 0.5264 0.3719
2.7537 0.5150 0.3698
2.7704 0.5047 0.3691
2.7871 0.4954 0.3698
2.8038 0.4873 0.3718
2.8204 0.4804 0.3749
2.8371 0.4747 0.3792
2.8538 0.4704 0.3843
2.8705 0.4673 0.3903
2.8872 0.4657 0.3969
2.9039 0.4653 0.4041
2.9206 0.4662 0.4116
2.9373 0.4682 0.4194
2.9540 0.4714 0.4273
2.9706 0.4756 0.4352
2.9873 0.4807 0.4430
3.0040 0.4865 0.4506
3.0207 0.4929 0.4579
3.0374 0.4998 0.4647
3.0541 0.5070 0.4710
3.0708 0.5144 0.4767
3.0875 0.5219 0.4818
3.1042 0.5293 0.4862
3.1208 0.5367 0.4899
3.1375 0.5439 0.4929
3.1542 0.5508 0.4952
3.1709 0.5575 0.4968
3.1876 0.5640 0.4979
3.2043 0.5701 0.4983
3.2210 0.5760 0.4983
3.2377 0.5816 0.4980
3.2544 0.5869 0.4975
3.2711 0.5920 0.4968
3.2877 0.5967 0.4962
3.3044 0.6012 0.4957
3.3211 0.6053 0.4954
3.3378 0.6091 0.4953
3.3545 0.6125 0.4957
3.3712 0.6155 0.4964
3.3879 0.6181 0.4974
3.4046 0.6201 0.4989
3.4213 0.6217 0.5007
3.4379 0.6228 0.5028
3.4546 0.6234 0.5051
3.4713 0.6235 0.5075
3.4880 0.6231 0.5099
3.5047 0.6224 0.5124
3.5214 0.6215 0.5147
3.5381 0.6203 0.5168
3.5548 0.6190 0.5188
3.5715 0.6176 0.5205
3.5881 0.6164 0.5220
3.6048 0.6153 0.5232
3.6215 0.6145 0.5242
3.6382 0.6140 0.5251
3.6549 0.6139 0.5258
3.6716 0.6142 0.5264
3.6883 0.6150 0.5270
3.7050 0.6163 0.5276
3.7217 0.6180 0.5283
3.7383 0.6201 0.5289
3.7550 0.6225 0.5296
3.7717 0.6252 0.5302
3.7884 0.6282 0.5308
3.8051 0.6313 0.5312
3.8218 0.6344 0.5314
3.8385 0.6374 0.5312
3.8552 0.6403 0.5306
3.8719 0.6429 0.5295
3.8885 0.6452 0.5277
3.9052 0.6470 0.5251
3.9219 0.6484 0.5218
3.9386 0.6492 0.5176
3.9553 0.6494 0.5125
3.9720 0.6489 0.5065
3.9887 0.6478 0.4997
4.0054 0.6460 0.4921
4.0221 0.6436 0.4839
4.0387 0.6404 0.4750
4.0554 0.6367 0.4656
4.0721 0.6323 0.4559
4.0888 0.6273 0.4460
4.1055 0.6218 0.4359
4.1222 0.6158 0.4258
4.1389 0.6093 0.4158
4.1556 0.6025 0.4061
4.1723 0.5952 0.3966
4.1889 0.5876 0.3874
4.2056 0.5797 0.3786
4.2223 0.5714 0.3703
4.2390 0.5629 0.3624
4.2557 0.5542 0.3550
4.2724 0.5452 0.3481
4.2891 0.5360 0.3416
4.3058 0.5266 0.3357
4.3225 0.5170 0.3303
4.3391 0.5073 0.3254
4.3558 0.4975 0.3210
4.3725 0.4876 0.3171
4.3892 0.4777 0.3137
4.4059 0.4679 0.3108
4.4226 0.4583 0.3084
4.4393 0.4488 0.3064
4.4560 0.4397 0.3049
4.4727 0.4310 0.3038
4.4894 0.4227 0.3030
4.5060 0.4151 0.3026
4.5227 0.4081 0.3024
4.5394 0.4019 0.3025
4.5561 0.3964 0.3028
4.5728 0.3918 0.3033
4.5895 0.3880 0.3040
4.6062 0.3851 0.3047
4.6229 0.3830 0.3055
4.6396 0.3816 0.3065
4.6562 0.3810 0.3075
4.6729 0.3811 0.3086
4.6896 0.3819 0.3098
4.7063 0.3831 0.3112
4.7230 0.3849 0.3127
4.7397 0.3870 0.3143
4.7564 0.3895 0.3162
4.7731 0.3922 0.3182
4.7898 0.3951 0.3206
4.8064 0.3983 0.3231
4.8231 0.4015 0.3260
4.8398 0.4048 0.3292
4.8565 0.4083 0.3326
4.8732 0.4118 0.3364
4.8899 0.4153 0.3404
4.9066 0.4190 0.3446
4.9233 0.4227 0.3490
4.9400 0.4265 0.3537
4.9566 0.4303 0.3584
4.9733 0.4343 0.3632
4.9900 0.4383 0.3680
5.0067 0.4424 0.3729
5.0234 0.4466 0.3776
5.0401 0.4509 0.3823
5.0568 0.4552 0.3868
5.0735 0.4596 0.3911
5.0902 0.4640 0.3952
5.1068 0.4684 0.3992
5.1235 0.4727 0.4029
5.1402 0.4770 0.4064
5.1569 0.4811 0.4097
5.1736 0.4851 0.4129
5.1903 0.4889 0.4159
5.2070 0.4925 0.4188
5.2237 0.4957 0.4216
5.2404 0.4987 0.4244
5.2570 0.5014 0.4272
5.2737 0.5037 0.4301
5.2904 0.5057 0.4331
5.3071 0.5073 0.4361
5.3238 0.5086 0.4394
5.3405 0.5096 0.4428
5.3572 0.5103 0.4464
5.3739 0.5107 0.4502
5.3906 0.5110 0.4542
5.4072 0.5111 0.4584
5.4239 0.5111 0.4627
5.4406 0.5110 0.4672
5.4573 0.5110 0.4718
5.4740 0.5111 0.4764
5.4907 0.5114 0.4811
5.5074 0.5118 0.4858
5.5241 0.5124 0.4904
5.5408 0.5132 0.4949
5.5574 0.5143 0.4993
5.5741 0.5157 0.5036
5.5908 0.5174 0.5077
5.6075 0.5193 0.5116
5.6242 0.5214 0.5152
5.6409 0.5237 0.5187
5.6576 0.5262 0.5219
5.6743 0.5289 0.5249
5.6910 0.5316 0.5277
5.7077 0.5345 0.5303
5.7243 0.5375 0.5327
5.7410 0.5405 0.5349
5.7577 0.5436 0.5370
5.7744 0.5467 0.5389
5.7911 0.5498 0.5407
5.8078 0.5530 0.5425
5.8245 0.5562 0.5441
5.8412 0.5594 0.5458
5.8579 0.5626 0.5474
5.8745 0.5658 0.5489
5.8912 0.5691 0.5505
5.9079 0.5724 0.5521
5.9246 0.5757 0.5537
5.9413 0.5790 0.5554
5.9580 0.5823 0.5572
5.9747 0.5856 0.5590
5.9914 0.5889 0.5609
6.0081 0.5923 0.5628
6.0247 0.5956 0.5649
6.0414 0.5989 0.5671
6.0581 0.6021 0.5693
6.0748 0.6054 0.5716
6.0915 0.6086 0.5740
6.1082 0.6118 0.5765
6.1249 0.6150 0.5790
6.1416 0.6181 0.5817
6.1583 0.6212 0.5843
6.1749 0.6243 0.5870
6.1916 0.6274 0.5898
6.2083 0.6305 0.5926
6.2250 0.6336 0.5954
6.2417 0.6367 0.5982
6.2584 0.6398 0.6009
6.2751 0.6429 0.6037
6.2918 0.6461 0.6065
6.3085 0.6492 0.6092
6.3251 0.6524 0.6119
6.3418 0.6557 0.6146
6.3585 0.6589 0.6172
6.3752 0.6622 0.6198
6.3919 0.6654 0.6223
6.4086 0.6687 0.6248
6.4253 0.6720 0.6272
6.4420 0.6752 0.6296
6.4587 0.6785 0.6319
6.4753 0.6816 0.6342
6.4920 0.6848 0.6365
6.5087 0.6878 0.6388
6.5254 0.6908 0.6410
6.5421 0.6937 0.6433
6.5588 0.6966 0.6455
6.5755 0.6993 0.6478
6.5922 0.7019 0.6501
6.6089 0.7044 0.6524
6.6255 0.7069 0.6548
6.6422 0.7092 0.6572
6.6589 0.7115 0.6596
6.6756 0.7137 0.6620
6.6923 0.7158 0.6645
6.7090 0.7180 0.6670
6.7257 0.7200 0.6694
6.7424 0.7221 0.6719
6.7591 0.7242 0.6744
6.7757 0.7263 0.6769
6.7924 0.7284 0.6793
6.8091 0.7305 0.6818
6.8258 0.7326 0.6842
6.8425 0.7348 0.6866
6.8592 0.7370 0.6889
6.8759 0.7392 0.6912
6.8926 0.7414 0.6935
6.9093 0.7437 0.6957
6.9260 0.7460 0.6979
6.9426 0.7482 0.7000
6.9593 0.7505 0.7021
6.9760 0.7527 0.7041
6.9927 0.7549 0.7060
7.0094 0.7570 0.7079
7.0261 0.7591 0.7097
7.0428 0.7611 0.7114
7.0595 0.7631 0.7130
7.0762 0.7650 0.7146
7.0928 0.7668 0.7161
7.1095 0.7685 0.7175
7.1262 0.7702 0.7189
7.1429 0.7718 0.7201
7.1596 0.7733 0.7214
7.1763 0.7748 0.7225
7.1930 0.7762 0.7236
7.2097 0.7775 0.7247
7.2264 0.7788 0.7258
7.2430 0.7800 0.7268
7.2597 0.7812 0.7278
7.2764 0.7824 0.7289
7.2931 0.7836 0.7299
7.3098 0.7847 0.7309
7.3265 0.7858 0.7320
7.3432 0.7869 0.7331
7.3599 0.7879 0.7342
7.3766 0.7890 0.7353
7.3932 0.7900 0.7364
7.4099 0.7911 0.7376
7.4266 0.7921 0.7387
7.4433 0.7930 0.7398
7.4600 0.7940 0.7409
7.4767 0.7949 0.7420
7.4934 0.7959 0.7431
7.5101 0.7967 0.7441
7.5268 0.7976 0.7450
7.5434 0.7984 0.7460
7.5601 0.7991 0.7468
7.5768 0.7999 0.7476
7.5935 0.8006 0.7484
7.6102 0.8012 0.7492
7.6269 0.8018 0.7499
7.6436 0.8024 0.7505
7.6603 0.8029 0.7512
7.6770 0.8034 0.7519
7.6936 0.8039 0.7525
7.7103 0.8043 0.7532
7.7270 0.8047 0.7539
7.7437 0.8051 0.7546
7.7604 0.8054 0.7553
7.7771 0.8057 0.7561
7.7938 0.8060 0.7569
7.8105 0.8062 0.7577
7.8272 0.8064 0.7586
7.8438 0.8066 0.7595
7.8605 0.8068 0.7604
7.8772 0.8069 0.7613
7.8939 0.8071 0.7623
7.9106 0.8073 0.7633
7.9273 0.8075 0.7643
7.9440 0.8076 0.7652
7.9607 0.8079 0.7662
7.9774 0.8081 0.7672
7.9940 0.8084 0.7682
8.0107 0.8087 0.7691
8.0274 0.8090 0.7700
8.0441 0.8094 0.7710
8.0608 0.8098 0.7719
8.0775 0.8102 0.7728
8.0942 0.8107 0.7737
8.1109 0.8111 0.7746
8.1276 0.8116 0.7754
8.1442 0.8120 0.7763
8.1609 0.8124 0.7771
8.1776 0.8128 0.7779
8.1943 0.8132 0.7787
8.2110 0.8135 0.7794
8.2277 0.8138 0.7801
8.2444 0.8141 0.7808
8.2611 0.8142 0.7815
8.2778 0.8144 0.7822
8.2945 0.8145 0.7828
8.3111 0.8145 0.7834
8.3278 0.8145 0.7839
8.3445 0.8145 0.7845
8.3612 0.8144 0.7850
8.3779 0.8143 0.7855
8.3946 0.8143 0.7861
8.4113 0.8142 0.7866
8.4280 0.8142 0.7871
8.4447 0.8141 0.7876
8.4613 0.8141 0.7881
8.4780 0.8142 0.7886
8.4947 0.8142 0.7892
8.5114 0.8143 0.7897
8.5281 0.8145 0.7901
8.5448 0.8146 0.7906
8.5615 0.8148 0.7911
8.5782 0.8151 0.7915
8.5949 0.8153 0.7919
8.6115 0.8156 0.7923
8.6282 0.8158 0.7926
8.6449 0.8161 0.7929
8.6616 0.8164 0.7932
8.6783 0.8166 0.7934
8.6950 0.8169 0.7936
8.7117 0.8171 0.7938
8.7284 0.8172 0.7940
8.7451 0.8174 0.7941
8.7617 0.8175 0.7943
8.7784 0.8175 0.7945
8.7951 0.8176 0.7946
8.8118 0.8176 0.7948
8.8285 0.8175 0.7951
8.8452 0.8174 0.7953
8.8619 0.8173 0.7956
8.8786 0.8171 0.7960
8.8953 0.8170 0.7964
8.9119 0.8168 0.7968
8.9286 0.8166 0.7973
8.9453 0.8164 0.7979
8.9620 0.8163 0.7985
8.9787 0.8161 0.7991
8.9954 0.8160 0.7998
9.0121 0.8159 0.8005
9.0288 0.8158 0.8013
9.0455 0.8158 0.8021
9.0621 0.8158 0.8028
9.0788 0.8158 0.8036
9.0955 0.8159 0.8044
9.1122 0.8160 0.8052
9.1289 0.8162 0.8059
9.1456 0.8165 0.8067
9.1623 0.8168 0.8074
9.1790 0.8171 0.8081
9.1957 0.8175 0.8088
9.2123 0.8180 0.8095
9.2290 0.8185 0.8101
9.2457 0.8190 0.8108
9.2624 0.8196 0.8114
9.2791 0.8202 0.8119
9.2958 0.8208 0.8125
9.3125 0.8215 0.8130
9.3292 0.8222 0.8136
9.3459 0.8229 0.8141
9.3625 0.8236 0.8146
9.3792 0.8244 0.8152
9.3959 0.8251 0.8157
9.4126 0.8259 0.8162
9.4293 0.8267 0.8168
9.4460 0.8275 0.8173
9.4627 0.8284 0.8179
9.4794 0.8292 0.8185
9.4961 0.8301 0.8190
9.5128 0.8310 0.8196
9.5294 0.8319 0.8202
9.5461 0.8328 0.8208
9.5628 0.8337 0.8214
9.5795 0.8347 0.8220
9.5962 0.8357 0.8225
9.6129 0.8367 0.8231
9.6296 0.8377 0.8236
9.6463 0.8387 0.8241
9.6630 0.8397 0.8246
9.6796 0.8407 0.8251
9.6963 0.8417 0.8255
9.7130 0.8427 0.8259
9.7297 0.8437 0.8263
9.7464 0.8446 0.8266
9.7631 0.8456 0.8269
9.7798 0.8465 0.8272
9.7965 0.8473 0.8275
9.8132 0.8481 0.8277
9.8298 0.8489 0.8280
9.8465 0.8497 0.8282
9.8632 0.8504 0.8284
9.8799 0.8511 0.8286
9.8966 0.8517 0.8288
9.9133 0.8523 0.8289
9.9300 0.8529 0.8291
9.9467 0.8534 0.8293
9.9634 0.8539 0.8294
9.9800 0.8544 0.8296
9.9967 0.8548 0.8297
10.0134 0.8552 0.8299
10.0301 0.8555 0.8301
10.0468 0.8558 0.8302
10.0635 0.8560 0.8304
10.0802 0.8562 0.8305
10.0969 0.8563 0.8307
10.1136 0.8563 0.8309
10.1302 0.8563 0.8310
10.1469 0.8563 0.8312
10.1636 0.8562 0.8314
10.1803 0.8561 0.8316
10.1970 0.8559 0.8318
10.2137 0.8557 0.8321
10.2304 0.8554 0.8323
10.2471 0.8551 0.8326
10.2638 0.8548 0.8328
10.2804 0.8545 0.8331
10.2971 0.8541 0.8334
10.3138 0.8538 0.8337
10.3305 0.8535 0.8340
10.3472 0.8532 0.8344
10.3639 0.8529 0.8347
10.3806 0.8526 0.8351
10.3973 0.8524 0.8355
10.4140 0.8522 0.8359
10.4306 0.8520 0.8363
10.4473 0.8519 0.8368
10.4640 0.8517 0.8372
10.4807 0.8517 0.8377
10.4974 0.8516 0.8381
10.5141 0.8516 0.8386
10.5308 0.8516 0.8391
10.5475 0.8516 0.8396
10.5642 0.8516 0.8401
10.5808 0.8516 0.8406
10.5975 0.8517 0.8412
10.6142 0.8518 0.8417
10.6309 0.8519 0.8423
10.6476 0.8520 0.8428
10.6643 0.8521 0.8434
10.6810 0.8522 0.8439
10.6977 0.8524 0.8444
10.7144 0.8526 0.8450
10.7311 0.8528 0.8455
10.7477 0.8530 0.8461
10.7644 0.8533 0.8466
10.7811 0.8536 0.8471
10.7978 0.8539 0.8476
10.8145 0.8543 0.8482
10.8312 0.8547 0.8487
10.8479 0.8552 0.8492
10.8646 0.8556 0.8497
10.8813 0.8561 0.8502
10.8979 0.8567 0.8507
10.9146 0.8572 0.8512
10.9313 0.8578 0.8518
10.9480 0.8583 0.8523
10.9647 0.8589 0.8528
10.9814 0.8595 0.8533
10.9981 0.8601 0.8538
11.0148 0.8607 0.8543
11.0315 0.8612 0.8549
11.0481 0.8618 0.8554
11.0648 0.8624 0.8559
11.0815 0.8629 0.8564
11.0982 0.8635 0.8568
11.1149 0.8640 0.8573
11.1316 0.8646 0.8577
11.1483 0.8651 0.8582
11.1650 0.8656 0.8586
11.1817 0.8662 0.8590
11.1983 0.8667 0.8594
11.2150 0.8672 0.8597
11.2317 0.8677 0.8601
11.2484 0.8683 0.8604
11.2651 0.8688 0.8607
11.2818 0.8693 0.8610
11.2985 0.8699 0.8612
11.3152 0.8704 0.8615
11.3319 0.8709 0.8617
11.3485 0.8715 0.8619
11.3652 0.8720 0.8621
11.3819 0.8725 0.8623
11.3986 0.8731 0.8625
11.4153 0.8736 0.8627
11.4320 0.8741 0.8629
11.4487 0.8745 0.8631
11.4654 0.8750 0.8634
11.4821 0.8755 0.8636
11.4987 0.8759 0.8638
11.5154 0.8763 0.8641
11.5321 0.8768 0.8644
11.5488 0.8771 0.8647
11.5655 0.8775 0.8650
11.5822 0.8779 0.8654
11.5989 0.8782 0.8658
11.6156 0.8786 0.8662
11.6323 0.8789 0.8667
11.6489 0.8792 0.8671
11.6656 0.8795 0.8676
11.6823 0.8798 0.8681
11.6990 0.8801 0.8686
11.7157 0.8804 0.8691
11.7324 0.8807 0.8696
11.7491 0.8810 0.8701
11.7658 0.8812 0.8706
11.7825 0.8815 0.8711
11.7991 0.8818 0.8715
11.8158 0.8820 0.8719
11.8325 0.8823 0.8723
11.8492 0.8825 0.8726
11.8659 0.8827 0.8730
11.8826 0.8829 0.8733
11.8993 0.8831 0.8735
11.9160 0.8833 0.8738
11.9327 0.8834 0.8740
11.9493 0.8835 0.8742
11.9660 0.8836 0.8744
11.9827 0.8837 0.8745
11.9994 0.8837 0.8747
12.0161 0.8838 0.8748
12.0328 0.8837 0.8750
12.0495 0.8837 0.8751
12.0662 0.8837 0.8752
12.0829 0.8836 0.8753
12.0996 0.8835 0.8753
12.1162 0.8834 0.8754
12.1329 0.8833 0.8754
12.1496 0.8831 0.8755
12.1663 0.8830 0.8755
12.1830 0.8828 0.8754
12.1997 0.8826 0.8754
12.2164 0.8824 0.8754
12.2331 0.8822 0.8753
12.2498 0.8820 0.8752
12.2664 0.8818 0.8751
12.2831 0.8816 0.8750
12.2998 0.8813 0.8748
12.3165 0.8810 0.8747
12.3332 0.8807 0.8746
12.3499 0.8804 0.8744
12.3666 0.8800 0.8743
12.3833 0.8797 0.8742
12.4000 0.8792 0.8741
12.4166 0.8788 0.8739
12.4333 0.8783 0.8738
12.4500 0.8778 0.8737
12.4667 0.8773 0.8735
12.4834 0.8767 0.8734
12.5001 0.8760 0.8732
12.5168 0.8754 0.8730
12.5335 0.8747 0.8728
12.5502 0.8740 0.8726
12.5668 0.8733 0.8724
12.5835 0.8726 0.8721
12.6002 0.8719 0.8718
12.6169 0.8711 0.8714
12.6336 0.8704 0.8710
12.6503 0.8697 0.8705
12.6670 0.8690 0.8700
12.6837 0.8683 0.8694
12.7004 0.8676 0.8688
12.7170 0.8669 0.8681
12.7337 0.8662 0.8674
12.7504 0.8655 0.8666
12.7671 0.8648 0.8658
12.7838 0.8642 0.8649
12.8005 0.8635 0.8640
12.8172 0.8627 0.8631
12.8339 0.8620 0.8621
12.8506 0.8612 0.8611
12.8672 0.8603 0.8600
12.8839 0.8594 0.8590
12.9006 0.8585 0.8579
12.9173 0.8575 0.8568
12.9340 0.8564 0.8557
12.9507 0.8553 0.8545
12.9674 0.8541 0.8534
12.9841 0.8528 0.8522
13.0008 0.8515 0.8510
13.0174 0.8501 0.8498
13.0341 0.8486 0.8486
13.0508 0.8471 0.8473
13.0675 0.8456 0.8460
13.0842 0.8440 0.8448
13.1009 0.8423 0.8434
13.1176 0.8407 0.8421
13.1343 0.8390 0.8407
13.1510 0.8373 0.8393
13.1676 0.8355 0.8379
13.1843 0.8338 0.8364
13.2010 0.8320 0.8348
13.2177 0.8302 0.8333
13.2344 0.8284 0.8317
13.2511 0.8267 0.8300
13.2678 0.8249 0.8284
13.2845 0.8231 0.8267
13.3012 0.8214 0.8249
13.3179 0.8196 0.8232
13.3345 0.8179 0.8215
13.3512 0.8162 0.8197
13.3679 0.8145 0.8180
13.3846 0.8129 0.8163
13.4013 0.8113 0.8146
13.4180 0.8097 0.8129
13.4347 0.8081 0.8113
13.4514 0.8066 0.8097
13.4681 0.8051 0.8081
13.4847 0.8037 0.8067
13.5014 0.8023 0.8053
13.5181 0.8010 0.8039
13.5348 0.7998 0.8026
13.5515 0.7986 0.8014
13.5682 0.7974 0.8002
13.5849 0.7964 0.7991
13.6016 0.7953 0.7980
13.6183 0.7944 0.7970
13.6349 0.7935 0.7961
13.6516 0.7926 0.7952
13.6683 0.7918 0.7943
13.6850 0.7911 0.7935
13.7017 0.7904 0.7927
13.7184 0.7897 0.7920
13.7351 0.7891 0.7912
13.7518 0.7885 0.7905
13.7685 0.7880 0.7898
13.7851 0.7875 0.7892
13.8018 0.7870 0.7885
13.8185 0.7865 0.7879
13.8352 0.7860 0.7872
13.8519 0.7855 0.7866
13.8686 0.7851 0.7860
13.8853 0.7847 0.7855
13.9020 0.7842 0.7849
13.9187 0.7838 0.7844
13.9353 0.7834 0.7839
13.9520 0.7830 0.7834
13.9687 0.7827 0.7829
13.9854 0.7823 0.7825
14.0021 0.7820 0.7821
14.0188 0.7816 0.7817
14.0355 0.7813 0.7813
14.0522 0.7810 0.7809
14.0689 0.7808 0.7806
14.0855 0.7805 0.7803
14.1022 0.7803 0.7800
14.1189 0.7800 0.7797
14.1356 0.7798 0.7794
14.1523 0.7796 0.7791
14.1690 0.7794 0.7789
14.1857 0.7792 0.7786
14.2024 0.7790 0.7784
14.2191 0.7788 0.7782
14.2357 0.7786 0.7780
14.2524 0.7784 0.7778
14.2691 0.7783 0.7777
14.2858 0.7781 0.7776
14.3025 0.7780 0.7775
14.3192 0.7778 0.7775
14.3359 0.7777 0.7775
14.3526 0.7777 0.7776
14.3693 0.7776 0.7777
14.3859 0.7776 0.7778
14.4026 0.7776 0.7780
14.4193 0.7776 0.7782
14.4360 0.7777 0.7784
14.4527 0.7777 0.7787
14.4694 0.7779 0.7790
14.4861 0.7780 0.7793
14.5028 0.7782 0.7797
14.5195 0.7784 0.7801
14.5362 0.7786 0.7805
14.5528 0.7789 0.7809
14.5695 0.7792 0.7813
14.5862 0.7795 0.7818
14.6029 0.7798 0.7823
14.6196 0.7802 0.7827
14.6363 0.7806 0.7833
14.6530 0.7810 0.7838
14.6697 0.7814 0.7843
14.6864 0.7818 0.7849
14.7030 0.7822 0.7855
14.7197 0.7827 0.7861
14.7364 0.7831 0.7867
14.7531 0.7836 0.7873
14.7698 0.7841 0.7879
14.7865 0.7846 0.7886
14.8032 0.7850 0.7892
14.8199 0.7855 0.7898
14.8366 0.7860 0.7905
14.8532 0.7865 0.7912
14.8699 0.7870 0.7918
14.8866 0.7875 0.7925
14.9033 0.7880 0.7931
14.9200 0.7885 0.7938
14.9367 0.7890 0.7944
14.9534 0.7895 0.7951
14.9701 0.7900 0.7957
14.9868 0.7906 0.7963
15.0034 0.7911 0.7970
15.0201 0.7917 0.7976
15.0368 0.7922 0.7982
15.0535 0.7928 0.7988
15.0702 0.7934 0.7994
15.0869 0.7940 0.8000
15.1036 0.7946 0.8006
15.1203 0.7953 0.8013
15.1370 0.7959 0.8019
15.1536 0.7966 0.8025
15.1703 0.7973 0.8031
15.1870 0.7980 0.8037
15.2037 0.7988 0.8043
15.2204 0.7995 0.8049
15.2371 0.8003 0.8056
15.2538 0.8011 0.8062
15.2705 0.8018 0.8069
15.2872 0.8026 0.8075
15.3038 0.8034 0.8082
15.3205 0.8042 0.8089
15.3372 0.8050 0.8096
15.3539 0.8059 0.8103
15.3706 0.8067 0.8110
15.3873 0.8075 0.8117
15.4040 0.8083 0.8124
15.4207 0.8092 0.8131
15.4374 0.8100 0.8139
15.4540 0.8108 0.8146
15.4707 0.8116 0.8154
15.4874 0.8124 0.8161
15.5041 0.8133 0.8169
15.5208 0.8141 0.8176
15.5375 0.8149 0.8184
15.5542 0.8157 0.8192
15.5709 0.8165 0.8199
15.5876 0.8173 0.8207
15.6042 0.8181 0.8215
15.6209 0.8189 0.8222
15.6376 0.8197 0.8230
15.6543 0.8205 0.8238
15.6710 0.8213 0.8245
15.6877 0.8221 0.8253
15.7044 0.8228 0.8261
15.7211 0.8236 0.8268
15.7378 0.8244 0.8276
15.7545 0.8252 0.8284
15.7711 0.8259 0.8291
15.7878 0.8267 0.8299
15.8045 0.8275 0.8307
15.8212 0.8283 0.8314
15.8379 0.8290 0.8322
15.8546 0.8298 0.8329
15.8713 0.8306 0.8337
15.8880 0.8313 0.8344
15.9047 0.8321 0.8351
15.9213 0.8328 0.8358
15.9380 0.8336 0.8365
15.9547 0.8343 0.8372
15.9714 0.8351 0.8379
15.9881 0.8358 0.8385
16.0048 0.8365 0.8392
16.0215 0.8372 0.8398
16.0382 0.8379 0.8404
16.0549 0.8386 0.8410
16.0715 0.8392 0.8416
16.0882 0.8399 0.8421
16.1049 0.8405 0.8427
16.1216 0.8412 0.8432
16.1383 0.8418 0.8438
16.1550 0.8424 0.8443
16.1717 0.8431 0.8449
16.1884 0.8437 0.8454
16.2051 0.8443 0.8459
16.2217 0.8449 0.8465
16.2384 0.8455 0.8470
16.2551 0.8461 0.8475
16.2718 0.8467 0.8480
16.2885 0.8472 0.8486
16.3052 0.8478 0.8491
16.3219 0.8484 0.8496
16.3386 0.8490 0.8502
16.3553 0.8495 0.8507
16.3719 0.8501 0.8513
16.3886 0.8506 0.8518
16.4053 0.8512 0.8523
16.4220 0.8518 0.8529
16.4387 0.8523 0.8534
16.4554 0.8528 0.8539
16.4721 0.8534 0.8545
16.4888 0.8539 0.8550
16.5055 0.8544 0.8555
16.5221 0.8550 0.8561
16.5388 0.8555 0.8566
16.5555 0.8560 0.8571
16.5722 0.8565 0.8576
16.5889 0.8570 0.8581
16.6056 0.8575 0.8586
16.6223 0.8580 0.8592
16.6390 0.8586 0.8597
16.6557 0.8591 0.8602
16.6723 0.8596 0.8607
16.6890 0.8601 0.8612
16.7057 0.8606 0.8617
16.7224 0.8611 0.8622
16.7391 0.8616 0.8627
16.7558 0.8621 0.8631
16.7725 0.8626 0.8636
16.7892 0.8631 0.8641
16.8059 0.8636 0.8646
16.8225 0.8641 0.8651
16.8392 0.8646 0.8656
16.8559 0.8651 0.8661
16.8726 0.8655 0.8666
16.8893 0.8660 0.8670
16.9060 0.8665 0.8675
16.9227 0.8670 0.8680
16.9394 0.8675 0.8684
16.9561 0.8679 0.8689
16.9727 0.8684 0.8693
16.9894 0.8689 0.8698
17.0061 0.8693 0.8702
17.0228 0.8698 0.8707
17.0395 0.8702 0.8711
17.0562 0.8707 0.8715
17.0729 0.8711 0.8719
17.0896 0.8716 0.8724
17.1063 0.8720 0.8728
17.1230 0.8724 0.8732
17.1396 0.8728 0.8736
17.1563 0.8733 0.8740
17.1730 0.8737 0.8744
17.1897 0.8741 0.8748
17.2064 0.8745 0.8751
17.2231 0.8749 0.8755
17.2398 0.8753 0.8759
17.2565 0.8757 0.8763
17.2732 0.8761 0.8766
17.2898 0.8765 0.8770
17.3065 0.8769 0.8774
17.3232 0.8773 0.8777
17.3399 0.8777 0.8781
17.3566 0.8780 0.8785
17.3733 0.8784 0.8788
17.3900 0.8788 0.8792
17.4067 0.8792 0.8795
17.4234 0.8795 0.8799
17.4400 0.8799 0.8802
17.4567 0.8803 0.8806
17.4734 0.8806 0.8809
17.4901 0.8810 0.8813
17.5068 0.8814 0.8816
17.5235 0.8817 0.8820
17.5402 0.8821 0.8823
17.5569 0.8824 0.8827
17.5736 0.8828 0.8830
17.5902 0.8831 0.8834
17.6069 0.8835 0.8837
17.6236 0.8838 0.8840
17.6403 0.8842 0.8844
17.6570 0.8845 0.8847
17.6737 0.8849 0.8850
17.6904 0.8852 0.8854
17.7071 0.8855 0.8857
17.7238 0.8859 0.8860
17.7404 0.8862 0.8864
17.7571 0.8866 0.8867
17.7738 0.8869 0.8870
17.7905 0.8872 0.8873
17.8072 0.8876 0.8877
17.8239 0.8879 0.8880
17.8406 0.8882 0.8883
17.8573 0.8886 0.8886
17.8740 0.8889 0.8889
17.8906 0.8893 0.8893
17.9073 0.8896 0.8896
17.9240 0.8899 0.8899
17.9407 0.8902 0.8902
17.9574 0.8906 0.8905
17.9741 0.8909 0.8908
17.9908 0.8912 0.8911
18.0075 0.8915 0.8914
18.0242 0.8919 0.8917
18.0408 0.8922 0.8920
18.0575 0.8925 0.8923
18.0742 0.8928 0.8926
18.0909 0.8931 0.8929
18.1076 0.8934 0.8932
18.1243 0.8937 0.8935
18.1410 0.8940 0.8938
18.1577 0.8943 0.8941
18.1744 0.8946 0.8944
18.1910 0.8949 0.8947
18.2077 0.8952 0.8950
18.2244 0.8955 0.8953
18.2411 0.8958 0.8956
18.2578 0.8961 0.8958
18.2745 0.8964 0.8961
18.2912 0.8967 0.8964
18.3079 0.8970 0.8967
18.3246 0.8973 0.8970
18.3413 0.8975 0.8972
18.3579 0.8978 0.8975
18.3746 0.8981 0.8978
18.3913 0.8984 0.8981
18.4080 0.8986 0.8983
18.4247 0.8989 0.8986
18.4414 0.8992 0.8989
18.4581 0.8995 0.8991
18.4748 0.8997 0.8994
18.4915 0.9000 0.8997
18.5081 0.9003 0.8999
18.5248 0.9005 0.9002
18.5415 0.9008 0.9004
18.5582 0.9010 0.9007
18.5749 0.9013 0.9010
18.5916 0.9016 0.9012
18.6083 0.9018 0.9015
18.6250 0.9021 0.9017
18.6417 0.9023 0.9020
18.6583 0.9026 0.9022
18.6750 0.9028 0.9025
18.6917 0.9031 0.9027
18.7084 0.9033 0.9030
18.7251 0.9036 0.9032
18.7418 0.9038 0.9035
18.7585 0.9041 0.9037
18.7752 0.9043 0.9040
18.7919 0.9046 0.9042
18.8085 0.9048 0.9045
18.8252 0.9050 0.9047
18.8419 0.9053 0.9050
18.8586 0.9055 0.9052
18.8753 0.9058 0.9054
18.8920 0.9060 0.9057
18.9087 0.9062 0.9059
18.9254 0.9065 0.9061
18.9421 0.9067 0.9064
18.9587 0.9070 0.9066
18.9754 0.9072 0.9068
18.9921 0.9074 0.9071
19.0088 0.9077 0.9073
19.0255 0.9079 0.9075
19.0422 0.9081 0.9077
19.0589 0.9084 0.9080
19.0756 0.9086 0.9082
19.0923 0.9088 0.9084
19.1089 0.9091 0.9086
19.1256 0.9093 0.9089
19.1423 0.9095 0.9091
19.1590 0.9097 0.9093
19.1757 0.9100 0.9095
19.1924 0.9102 0.9097
19.2091 0.9104 0.9100
19.2258 0.9106 0.9102
19.2425 0.9109 0.9104
19.2591 0.9111 0.9106
19.2758 0.9113 0.9108
19.2925 0.9115 0.9111
19.3092 0.9117 0.9113
19.3259 0.9119 0.9115
19.3426 0.9122 0.9117
19.3593 0.9124 0.9119
19.3760 0.9126 0.9121
19.3927 0.9128 0.9124
19.4093 0.9130 0.9126
19.4260 0.9132 0.9128
19.4427 0.9134 0.9130
19.4594 0.9136 0.9132
19.4761 0.9138 0.9134
19.4928 0.9141 0.9136
19.5095 0.9143 0.9138
19.5262 0.9145 0.9141
19.5429 0.9147 0.9143
19.5596 0.9149 0.9145
19.5762 0.9151 0.9147
19.5929 0.9153 0.9149
19.6096 0.9155 0.9151
19.6263 0.9157 0.9153
19.6430 0.9159 0.9155
19.6597 0.9161 0.9157
19.6764 0.9163 0.9159
19.6931 0.9165 0.9161
19.7098 0.9167 0.9163
19.7264 0.9169 0.9165
19.7431 0.9171 0.9167
19.7598 0.9173 0.9169
19.7765 0.9175 0.9171
19.7932 0.9177 0.9173
19.8099 0.9179 0.9175
19.8266 0.9181 0.9176
19.8433 0.9183 0.9178
19.8600 0.9184 0.9180
19.8766 0.9186 0.9182
19.8933 0.9188 0.9184
19.9100 0.9190 0.9186
19.9267 0.9192 0.9188
19.9434 0.9194 0.9190
19.9601 0.9196 0.9192
19.9768 0.9198 0.9194
19.9935 0.9200 0.9195
20.0102 0.9201 0.9197
20.0268 0.9203 0.9199
20.0435 0.9205 0.9201
20.0602 0.9207 0.9203
20.0769 0.9209 0.9205
20.0936 0.9211 0.9206
20.1103 0.9212 0.9208
20.1270 0.9214 0.9210
20.1437 0.9216 0.9212
20.1604 0.9218 0.9213
20.1770 0.9219 0.9215
20.1937 0.9221 0.9217
20.2104 0.9223 0.9219
20.2271 0.9225 0.9220
20.2438 0.9226 0.9222
20.2605 0.9228 0.9224
20.2772 0.9230 0.9225
20.2939 0.9232 0.9227
20.3106 0.9233 0.9229
20.3272 0.9235 0.9231
20.3439 0.9237 0.9232
20.3606 0.9238 0.9234
20.3773 0.9240 0.9236
20.3940 0.9242 0.9237
20.4107 0.9243 0.9239
20.4274 0.9245 0.9240
20.4441 0.9247 0.9242
20.4608 0.9248 0.9244
20.4774 0.9250 0.9245
20.4941 0.9252 0.9247
20.5108 0.9253 0.9249
20.5275 0.9255 0.9250
20.5442 0.9257 0.9252
20.5609 0.9258 0.9253
20.5776 0.9260 0.9255
20.5943 0.9262 0.9256
20.6110 0.9263 0.9258
20.6276 0.9265 0.9259
20.6443 0.9266 0.9261
20.6610 0.9268 0.9263
20.6777 0.9269 0.9264
20.6944 0.9271 0.9266
20.7111 0.9273 0.9267
20.7278 0.9274 0.9269
20.7445 0.9276 0.9270
20.7612 0.9277 0.9272
20.7779 0.9279 0.9273
20.7945 0.9280 0.9275
20.8112 0.9282 0.9276
20.8279 0.9283 0.9278
20.8446 0.9285 0.9279
20.8613 0.9286 0.9280
20.8780 0.9288 0.9282
20.8947 0.9289 0.9283
20.9114 0.9291 0.9285
20.9281 0.9293 0.9286
20.9447 0.9294 0.9288
20.9614 0.9296 0.9289
20.9781 0.9297 0.9291
20.9948 0.9298 0.9292
21.0115 0.9300 0.9294
21.0282 0.9301 0.9295
21.0449 0.9303 0.9297
21.0616 0.9304 0.9298
21.0783 0.9306 0.9300
21.0949 0.9307 0.9301
21.1116 0.9309 0.9302
21.1283 0.9310 0.9304
21.1450 0.9312 0.9305
21.1617 0.9313 0.9307
21.1784 0.9314 0.9308
21.1951 0.9316 0.9310
21.2118 0.9317 0.9311
21.2285 0.9319 0.9312
21.2451 0.9320 0.9314
21.2618 0.9321 0.9315
21.2785 0.9323 0.9317
21.2952 0.9324 0.9318
21.3119 0.9326 0.9319
21.3286 0.9327 0.9321
21.3453 0.9328 0.9322
21.3620 0.9330 0.9323
21.3787 0.9331 0.9325
21.3953 0.9332 0.9326
21.4120 0.9334 0.9327
21.4287 0.9335 0.9329
21.4454 0.9336 0.9330
21.4621 0.9338 0.9331
21.4788 0.9339 0.9333
21.4955 0.9340 0.9334
21.5122 0.9341 0.9335
21.5289 0.9343 0.9337
21.5455 0.9344 0.9338
21.5622 0.9345 0.9339
21.5789 0.9347 0.9341
21.5956 0.9348 0.9342
21.6123 0.9349 0.9343
21.6290 0.9351 0.9344
21.6457 0.9352 0.9346
21.6624 0.9353 0.9347
21.6791 0.9354 0.9348
21.6957 0.9356 0.9349
21.7124 0.9357 0.9351
21.7291 0.9358 0.9352
21.7458 0.9359 0.9353
21.7625 0.9361 0.9354
21.7792 0.9362 0.9356
21.7959 0.9363 0.9357
21.8126 0.9364 0.9358
21.8293 0.9366 0.9359
21.8459 0.9367 0.9360
21.8626 0.9368 0.9362
21.8793 0.9369 0.9363
21.8960 0.9371 0.9364
21.9127 0.9372 0.9365
21.9294 0.9373 0.9367
21.9461 0.9374 0.9368
21.9628 0.9375 0.9369
21.9795 0.9376 0.9370
21.9961 0.9378 0.9371
22.0128 0.9379 0.9373
22.0295 0.9380 0.9374
22.0462 0.9381 0.9375
22.0629 0.9382 0.9376
22.0796 0.9383 0.9377
22.0963 0.9385 0.9379
22.1130 0.9386 0.9380
22.1297 0.9387 0.9381
22.1464 0.9388 0.9382
22.1630 0.9389 0.9383
22.1797 0.9390 0.9384
22.1964 0.9391 0.9386
22.2131 0.9393 0.9387
22.2298 0.9394 0.9388
22.2465 0.9395 0.9389
22.2632 0.9396 0.9390
22.2799 0.9397 0.9391
22.2966 0.9398 0.9393
22.3132 0.9399 0.9394
22.3299 0.9400 0.9395
22.3466 0.9402 0.9396
22.3633 0.9403 0.9397
22.3800 0.9404 0.9398
22.3967 0.9405 0.9399
22.4134 0.9406 0.9400
22.4301 0.9407 0.9402
22.4468 0.9408 0.9403
22.4634 0.9409 0.9404
22.4801 0.9410 0.9405
22.4968 0.9411 0.9406
22.5135 0.9412 0.9407
22.5302 0.9414 0.9408
22.5469 0.9415 0.9409
22.5636 0.9416 0.9410
22.5803 0.9417 0.9411
22.5970 0.9418 0.9412
22.6136 0.9419 0.9413
22.6303 0.9420 0.9414
22.6470 0.9421 0.9415
22.6637 0.9422 0.9416
22.6804 0.9423 0.9417
22.6971 0.9424 0.9418
22.7138 0.9425 0.9419
22.7305 0.9426 0.9420
22.7472 0.9427 0.9421
22.7638 0.9428 0.9422
22.7805 0.9429 0.9423
22.7972 0.9430 0.9424
22.8139 0.9431 0.9425
22.8306 0.9432 0.9426
22.8473 0.9433 0.9427
22.8640 0.9434 0.9428
22.8807 0.9435 0.9429
22.8974 0.9436 0.9430
22.9140 0.9437 0.9431
22.9307 0.9438 0.9432
22.9474 0.9439 0.9433
22.9641 0.9440 0.9434
22.9808 0.9441 0.9435
22.9975 0.9442 0.9436
23.0142 0.9443 0.9437
23.0309 0.9444 0.9438
23.0476 0.9444 0.9439
23.0642 0.9445 0.9440
23.0809 0.9446 0.9441
23.0976 0.9447 0.9442
23.1143 0.9448 0.9442
23.1310 0.9449 0.9443
23.1477 0.9450 0.9444
23.1644 0.9451 0.9445
23.1811 0.9452 0.9446
23.1978 0.9452 0.9447
23.2144 0.9453 0.9448
23.2311 0.9454 0.9448
23.2478 0.9455 0.9449
23.2645 0.9456 0.9450
23.2812 0.9457 0.9451
23.2979 0.9457 0.9452
23.3146 0.9458 0.9452
23.3313 0.9459 0.9453
23.3480 0.9460 0.9454
23.3647 0.9461 0.9455
23.3813 0.9462 0.9456
23.3980 0.9462 0.9456
23.4147 0.9463 0.9457
23.4314 0.9464 0.9458
23.4481 0.9465 0.9459
23.4648 0.9466 0.9459
23.4815 0.9466 0.9460
23.4982 0.9467 0.9461
23.5149 0.9468 0.9462
23.5315 0.9469 0.9462
23.5482 0.9469 0.9463
23.5649 0.9470 0.9464
23.5816 0.9471 0.9465
23.5983 0.9472 0.9465
23.6150 0.9472 0.9466
23.6317 0.9473 0.9467
23.6484 0.9474 0.9468
23.6651 0.9475 0.9468
23.6817 0.9476 0.9469
23.6984 0.9476 0.9470
23.7151 0.9477 0.9471
23.7318 0.9478 0.9471
23.7485 0.9479 0.9472
23.7652 0.9479 0.9473
23.7819 0.9480 0.9474
23.7986 0.9481 0.9474
23.8153 0.9482 0.9475
23.8319 0.9482 0.9476
23.8486 0.9483 0.9477
23.8653 0.9484 0.9477
23.8820 0.9485 0.9478
23.8987 0.9485 0.9479
23.9154 0.9486 0.9480
23.9321 0.9487 0.9480
23.9488 0.9488 0.9481
23.9655 0.9489 0.9482
23.9821 0.9489 0.9483
23.9988 0.9490 0.9483
24.0155 0.9491 0.9484
24.0322 0.9492 0.9485
24.0489 0.9493 0.9486
24.0656 0.9493 0.9487
24.0823 0.9494 0.9487
24.0990 0.9495 0.9488
24.1157 0.9496 0.9489
24.1323 0.9497 0.9490
24.1490 0.9497 0.9491
24.1657 0.9498 0.9491
24.1824 0.9499 0.9492
24.1991 0.9500 0.9493
24.2158 0.9501 0.9494
24.2325 0.9501 0.9495
24.2492 0.9502 0.9495
24.2659 0.9503 0.9496
24.2825 0.9504 0.9497
24.2992 0.9505 0.9498
24.3159 0.9505 0.9499
24.3326 0.9506 0.9499
24.3493 0.9507 0.9500
24.3660 0.9508 0.9501
24.3827 0.9509 0.9502
24.3994 0.9509 0.9503
24.4161 0.9510 0.9504
24.4327 0.9511 0.9504
24.4494 0.9512 0.9505
24.4661 0.9513 0.9506
24.4828 0.9513 0.9507
24.4995 0.9514 0.9508
24.5162 0.9515 0.9508
24.5329 0.9516 0.9509
24.5496 0.9517 0.9510
24.5663 0.9517 0.9511
24.5830 0.9518 0.9512
24.5996 0.9519 0.9512
24.6163 0.9520 0.9513
24.6330 0.9521 0.9514
24.6497 0.9521 0.9515
24.6664 0.9522 0.9516
24.6831 0.9523 0.9516
24.6998 0.9524 0.9517
24.7165 0.9524 0.9518
24.7332 0.9525 0.9519
24.7498 0.9526 0.9520
24.7665 0.9527 0.9520
24.7832 0.9528 0.9521
24.7999 0.9528 0.9522
24.8166 0.9529 0.9523
24.8333 0.9530 0.9523
24.8500 0.9531 0.9524
24.8667 0.9531 0.9525
24.8834 0.9532 0.9526
24.9000 0.9533 0.9526
24.9167 0.9534 0.9527
24.9334 0.9534 0.9528
24.9501 0.9535 0.9529
24.9668 0.9536 0.9529
24.9835 0.9537 0.9530
25.0002 0.9537 0.9531
25.0169 0.9538 0.9532
25.0336 0.9539 0.9532
25.0502 0.9540 0.9533
25.0669 0.9540 0.9534
25.0836 0.9541 0.9535
25.1003 0.9542 0.9535
25.1170 0.9542 0.9536
25.1337 0.9543 0.9537
25.1504 0.9544 0.9538
25.1671 0.9545 0.9538
25.1838 0.9545 0.9539
25.2004 0.9546 0.9540
25.2171 0.9547 0.9540
25.2338 0.9548 0.9541
25.2505 0.9548 0.9542
25.2672 0.9549 0.9543
25.2839 0.9550 0.9543
25.3006 0.9550 0.9544
25.3173 0.9551 0.9545
25.3340 0.9552 0.9545
25.3506 0.9552 0.9546
25.3673 0.9553 0.9547
25.3840 0.9554 0.9548
25.4007 0.9555 0.9548
25.4174 0.9555 0.9549
25.4341 0.9556 0.9550
25.4508 0.9557 0.9550
25.4675 0.9557 0.9551
25.4842 0.9558 0.9552
25.5008 0.9559 0.9552
25.5175 0.9559 0.9553
25.5342 0.9560 0.9554
25.5509 0.9561 0.9554
25.5676 0.9561 0.9555
25.5843 0.9562 0.9556
25.6010 0.9563 0.9556
25.6177 0.9563 0.9557
25.6344 0.9564 0.9558
25.6510 0.9565 0.9558
25.6677 0.9565 0.9559
25.6844 0.9566 0.9560
25.7011 0.9567 0.9560
25.7178 0.9567 0.9561
25.7345 0.9568 0.9562
25.7512 0.9569 0.9562
25.7679 0.9569 0.9563
25.7846 0.9570 0.9564
25.8013 0.9570 0.9564
25.8179 0.9571 0.9565
25.8346 0.9572 0.9566
25.8513 0.9572 0.9566
25.8680 0.9573 0.9567
25.8847 0.9574 0.9568
25.9014 0.9574 0.9568
25.9181 0.9575 0.9569
25.9348 0.9576 0.9569
25.9515 0.9576 0.9570
25.9681 0.9577 0.9571
25.9848 0.9577 0.9571
26.0015 0.9578 0.9572
26.0182 0.9579 0.9573
26.0349 0.9579 0.9573
26.0516 0.9580 0.9574
26.0683 0.9581 0.9574
26.0850 0.9581 0.9575
26.1017 0.9582 0.9576
26.1183 0.9583 0.9576
26.1350 0.9583 0.9577
26.1517 0.9584 0.9578
26.1684 0.9584 0.9578
26.1851 0.9585 0.9579
26.2018 0.9586 0.9579
26.2185 0.9586 0.9580
26.2352 0.9587 0.9581
26.2519 0.9587 0.9581
26.2685 0.9588 0.9582
26.2852 0.9589 0.9583
26.3019 0.9589 0.9583
26.3186 0.9590 0.9584
26.3353 0.9590 0.9584
26.3520 0.9591 0.9585
26.3687 0.9592 0.9586
26.3854 0.9592 0.9586
26.4021 0.9593 0.9587
26.4187 0.9593 0.9587
26.4354 0.9594 0.9588
26.4521 0.9595 0.9589
26.4688 0.9595 0.9589
26.4855 0.9596 0.9590
26.5022 0.9596 0.9590
26.5189 0.9597 0.9591
26.5356 0.9598 0.9592
26.5523 0.9598 0.9592
26.5689 0.9599 0.9593
26.5856 0.9599 0.9593
26.6023 0.9600 0.9594
26.6190 0.9601 0.9595
26.6357 0.9601 0.9595
26.6524 0.9602 0.9596
26.6691 0.9602 0.9596
26.6858 0.9603 0.9597
26.7025 0.9603 0.9597
26.7191 0.9604 0.9598
26.7358 0.9605 0.9599
26.7525 0.9605 0.9599
26.7692 0.9606 0.9600
26.7859 0.9606 0.9600
26.8026 0.9607 0.9601
26.8193 0.9607 0.9601
26.8360 0.9608 0.9602
26.8527 0.9609 0.9603
26.8693 0.9609 0.9603
26.8860 0.9610 0.9604
26.9027 0.9610 0.9604
26.9194 0.9611 0.9605
26.9361 0.9611 0.9605
26.9528 0.9612 0.9606
26.9695 0.9612 0.9607
26.9862 0.9613 0.9607
27.0029 0.9614 0.9608
27.0195 0.9614 0.9608
27.0362 0.9615 0.9609
27.0529 0.9615 0.9609
27.0696 0.9616 0.9610
27.0863 0.9616 0.9610
27.1030 0.9617 0.9611
27.1197 0.9617 0.9611
27.1364 0.9618 0.9612
27.1531 0.9618 0.9613
27.1698 0.9619 0.9613
27.1864 0.9620 0.9614
27.2031 0.9620 0.9614
27.2198 0.9621 0.9615
27.2365 0.9621 0.9615
27.2532 0.9622 0.9616
27.2699 0.9622 0.9616
27.2866 0.9623 0.9617
27.3033 0.9623 0.9617
27.3200 0.9624 0.9618
27.3366 0.9624 0.9618
27.3533 0.9625 0.9619
27.3700 0.9625 0.9620
27.3867 0.9626 0.9620
27.4034 0.9626 0.9621
27.4201 0.9627 0.9621
27.4368 0.9627 0.9622
27.4535 0.9628 0.9622
27.4702 0.9628 0.9623
27.4868 0.9629 0.9623
27.5035 0.9630 0.9624
27.5202 0.9630 0.9624
27.5369 0.9631 0.9625
27.5536 0.9631 0.9625
27.5703 0.9632 0.9626
27.5870 0.9632 0.9626
27.6037 0.9633 0.9627
27.6204 0.9633 0.9627
27.6370 0.9634 0.9628
27.6537 0.9634 0.9628
27.6704 0.9635 0.9629
27.6871 0.9635 0.9629
27.7038 0.9636 0.9630
27.7205 0.9636 0.9630
27.7372 0.9637 0.9631
27.7539 0.9637 0.9631
27.7706 0.9638 0.9632
27.7872 0.9638 0.9632
27.8039 0.9639 0.9633
27.8206 0.9639 0.9633
27.8373 0.9640 0.9634
27.8540 0.9640 0.9634
27.8707 0.9641 0.9635
27.8874 0.9641 0.9635
27.9041 0.9642 0.9636
27.9208 0.9642 0.9636
27.9374 0.9643 0.9637
27.9541 0.9643 0.9637
27.9708 0.9643 0.9638
27.9875 0.9644 0.9638
28.0042 0.9644 0.9639
28.0209 0.9645 0.9639
28.0376 0.9645 0.9640
28.0543 0.9646 0.9640
28.0710 0.9646 0.9641
28.0876 0.9647 0.9641
28.1043 0.9647 0.9642
28.1210 0.9648 0.9642
28.1377 0.9648 0.9643
28.1544 0.9649 0.9643
28.1711 0.9649 0.9644
28.1878 0.9650 0.9644
28.2045 0.9650 0.9645
28.2212 0.9651 0.9645
28.2378 0.9651 0.9645
28.2545 0.9652 0.9646
28.2712 0.9652 0.9646
28.2879 0.9652 0.9647
28.3046 0.9653 0.9647
28.3213 0.9653 0.9648
28.3380 0.9654 0.9648
28.3547 0.9654 0.9649
28.3714 0.9655 0.9649
28.3881 0.9655 0.9650
28.4047 0.9656 0.9650
28.4214 0.9656 0.9651
28.4381 0.9657 0.9651
28.4548 0.9657 0.9651
28.4715 0.9657 0.9652
28.4882 0.9658 0.9652
28.5049 0.9658 0.9653
28.5216 0.9659 0.9653
28.5383 0.9659 0.9654
28.5549 0.9660 0.9654
28.5716 0.9660 0.9655
28.5883 0.9661 0.9655
28.6050 0.9661 0.9656
28.6217 0.9662 0.9656
28.6384 0.9662 0.9656
28.6551 0.9662 0.9657
28.6718 0.9663 0.9657
28.6885 0.9663 0.9658
28.7051 0.9664 0.9658
28.7218 0.9664 0.9659
28.7385 0.9665 0.9659
28.7552 0.9665 0.9660
28.7719 0.9665 0.9660
28.7886 0.9666 0.9660
28.8053 0.9666 0.9661
28.8220 0.9667 0.9661
28.8387 0.9667 0.9662
28.8553 0.9668 0.9662
28.8720 0.9668 0.9663
28.8887 0.9668 0.9663
28.9054 0.9669 0.9663
28.9221 0.9669 0.9664
28.9388 0.9670 0.9664
28.9555 0.9670 0.9665
28.9722 0.9671 0.9665
28.9889 0.9671 0.9666
29.0055 0.9671 0.9666
29.0222 0.9672 0.9666
29.0389 0.9672 0.9667
29.0556 0.9673 0.9667
29.0723 0.9673 0.9668
29.0890 0.9674 0.9668
29.1057 0.9674 0.9669
29.1224 0.9674 0.9669
29.1391 0.9675 0.9669
29.1557 0.9675 0.9670
29.1724 0.9676 0.9670
29.1891 0.9676 0.9671
29.2058 0.9676 0.9671
29.2225 0.9677 0.9671
29.2392 0.9677 0.9672
29.2559 0.9678 0.9672
29.2726 0.9678 0.9673
29.2893 0.9679 0.9673
29.3059 0.9679 0.9674
29.3226 0.9679 0.9674
29.3393 0.9680 0.9674
29.3560 0.9680 0.9675
29.3727 0.9681 0.9675
29.3894 0.9681 0.9676
29.4061 0.9681 0.9676
29.4228 0.9682 0.9676
29.4395 0.9682 0.9677
29.4561 0.9683 0.9677
29.4728 0.9683 0.9678
29.4895 0.9683 0.9678
29.5062 0.9684 0.9678
29.5229 0.9684 0.9679
29.5396 0.9685 0.9679
29.5563 0.9685 0.9680
29.5730 0.9685 0.9680
29.5897 0.9686 0.9680
29.6064 0.9686 0.9681
29.6230 0.9686 0.9681
29.6397 0.9687 0.9682
29.6564 0.9687 0.9682
29.6731 0.9688 0.9682
29.6898 0.9688 0.9683
29.7065 0.9688 0.9683
29.7232 0.9689 0.9684
29.7399 0.9689 0.9684
29.7566 0.9690 0.9684
29.7732 0.9690 0.9685
29.7899 0.9690 0.9685
29.8066 0.9691 0.9686
29.8233 0.9691 0.9686
29.8400 0.9692 0.9686
29.8567 0.9692 0.9687
29.8734 0.9692 0.9687
29.8901 0.9693 0.9687
29.9068 0.9693 0.9688
29.9234 0.9693 0.9688
29.9401 0.9694 0.9689
29.9568 0.9694 0.9689
29.9735 0.9695 0.9689
29.9902 0.9695 0.9690
30.0069 0.9695 0.9690
30.0236 0.9696 0.9690
30.0403 0.9696 0.9691
30.0570 0.9696 0.9691
30.0736 0.9697 0.9692
30.0903 0.9697 0.9692
30.1070 0.9698 0.9692
30.1237 0.9698 0.9693
30.1404 0.9698 0.9693
30.1571 0.9699 0.9693
30.1738 0.9699 0.9694
30.1905 0.9699 0.9694
30.2072 0.9700 0.9695
30.2238 0.9700 0.9695
30.2405 0.9700 0.9695
30.2572 0.9701 0.9696
30.2739 0.9701 0.9696
30.2906 0.9702 0.9696
30.3073 0.9702 0.9697
30.3240 0.9702 0.9697
30.3407 0.9703 0.9698
30.3574 0.9703 0.9698
30.3740 0.9703 0.9698
30.3907 0.9704 0.9699
30.4074 0.9704 0.9699
30.4241 0.9704 0.9699
30.4408 0.9705 0.9700
30.4575 0.9705 0.9700
30.4742 0.9705 0.9700
30.4909 0.9706 0.9701
30.5076 0.9706 0.9701
30.5242 0.9707 0.9701
30.5409 0.9707 0.9702
30.5576 0.9707 0.9702
30.5743 0.9708 0.9703
30.5910 0.9708 0.9703
30.6077 0.9708 0.9703
30.6244 0.9709 0.9704
30.6411 0.9709 0.9704
30.6578 0.9709 0.9704
30.6744 0.9710 0.9705
30.6911 0.9710 0.9705
30.7078 0.9710 0.9705
30.7245 0.9711 0.9706
30.7412 0.9711 0.9706
30.7579 0.9711 0.9706
30.7746 0.9712 0.9707
30.7913 0.9712 0.9707
30.8080 0.9712 0.9707
30.8247 0.9713 0.9708
30.8413 0.9713 0.9708
30.8580 0.9713 0.9708
30.8747 0.9714 0.9709
30.8914 0.9714 0.9709
30.9081 0.9714 0.9709
30.9248 0.9715 0.9710
30.9415 0.9715 0.9710
30.9582 0.9715 0.9711
30.9749 0.9716 0.9711
30.9915 0.9716 0.9711
31.0082 0.9717 0.9712
31.0249 0.9717 0.9712
31.0416 0.9717 0.9712
31.0583 0.9717 0.9713
31.0750 0.9718 0.9713
31.0917 0.9718 0.9713
31.1084 0.9718 0.9714
31.1251 0.9719 0.9714
31.1417 0.9719 0.9714
31.1584 0.9719 0.9715
31.1751 0.9720 0.9715
31.1918 0.9720 0.9715
31.2085 0.9720 0.9716
31.2252 0.9721 0.9716
31.2419 0.9721 0.9716
31.2586 0.9721 0.9717
31.2753 0.9722 0.9717
31.2919 0.9722 0.9717
31.3086 0.9722 0.9718
31.3253 0.9723 0.9718
31.3420 0.9723 0.9718
31.3587 0.9723 0.9718
31.3754 0.9724 0.9719
31.3921 0.9724 0.9719
31.4088 0.9724 0.9719
31.4255 0.9725 0.9720
31.4421 0.9725 0.9720
31.4588 0.9725 0.9720
31.4755 0.9726 0.9721
31.4922 0.9726 0.9721
31.5089 0.9726 0.9721
31.5256 0.9727 0.9722
31.5423 0.9727 0.9722
31.5590 0.9727 0.9722
31.5757 0.9728 0.9723
31.5923 0.9728 0.9723
31.6090 0.9728 0.9723
31.6257 0.9728 0.9724
31.6424 0.9729 0.9724
31.6591 0.9729 0.9724
31.6758 0.9729 0.9725
31.6925 0.9730 0.9725
31.7092 0.9730 0.9725
31.7259 0.9730 0.9726
31.7425 0.9731 0.9726
31.7592 0.9731 0.9726
31.7759 0.9731 0.9726
31.7926 0.9732 0.9727
31.8093 0.9732 0.9727
31.8260 0.9732 0.9727
31.8427 0.9732 0.9728
31.8594 0.9733 0.9728
31.8761 0.9733 0.9728
31.8927 0.9733 0.9729
31.9094 0.9734 0.9729
31.9261 0.9734 0.9729
31.9428 0.9734 0.9730
31.9595 0.9735 0.9730
31.9762 0.9735 0.9730
31.9929 0.9735 0.9730
32.0096 0.9735 0.9731
32.0263 0.9736 0.9731
32.0429 0.9736 0.9731
32.0596 0.9736 0.9732
32.0763 0.9737 0.9732
32.0930 0.9737 0.9732
32.1097 0.9737 0.9733
32.1264 0.9738 0.9733
32.1431 0.9738 0.9733
32.1598 0.9738 0.9733
32.1765 0.9738 0.9734
32.1932 0.9739 0.9734
32.2098 0.9739 0.9734
32.2265 0.9739 0.9735
32.2432 0.9740 0.9735
32.2599 0.9740 0.9735
32.2766 0.9740 0.9736
32.2933 0.9740 0.9736
32.3100 0.9741 0.9736
32.3267 0.9741 0.9736
32.3434 0.9741 0.9737
32.3600 0.9742 0.9737
32.3767 0.9742 0.9737
32.3934 0.9742 0.9738
32.4101 0.9743 0.9738
32.4268 0.9743 0.9738
32.4435 0.9743 0.9738
32.4602 0.9743 0.9739
32.4769 0.9744 0.9739
32.4936 0.9744 0.9739
32.5102 0.9744 0.9740
32.5269 0.9745 0.9740
32.5436 0.9745 0.9740
32.5603 0.9745 0.9740
32.5770 0.9745 0.9741
32.5937 0.9746 0.9741
32.6104 0.9746 0.9741
32.6271 0.9746 0.9742
32.6438 0.9746 0.9742
32.6604 0.9747 0.9742
32.6771 0.9747 0.9742
32.6938 0.9747 0.9743
32.7105 0.9748 0.9743
32.7272 0.9748 0.9743
32.7439 0.9748 0.9744
32.7606 0.9748 0.9744
32.7773 0.9749 0.9744
32.7940 0.9749 0.9744
32.8106 0.9749 0.9745
32.8273 0.9750 0.9745
32.8440 0.9750 0.9745
32.8607 0.9750 0.9746
32.8774 0.9750 0.9746
32.8941 0.9751 0.9746
32.9108 0.9751 0.9746
32.9275 0.9751 0.9747
32.9442 0.9751 0.9747
32.9608 0.9752 0.9747
32.9775 0.9752 0.9747
32.9942 0.9752 0.9748
33.0109 0.9753 0.9748
33.0276 0.9753 0.9748
33.0443 0.9753 0.9749
33.0610 0.9753 0.9749
33.0777 0.9754 0.9749
33.0944 0.9754 0.9749
33.1110 0.9754 0.9750
33.1277 0.9754 0.9750
33.1444 0.9755 0.9750
33.1611 0.9755 0.9750
33.1778 0.9755 0.9751
33.1945 0.9755 0.9751
33.2112 0.9756 0.9751
33.2279 0.9756 0.9752
33.2446 0.9756 0.9752
33.2612 0.9757 0.9752
33.2779 0.9757 0.9752
33.2946 0.9757 0.9753
33.3113 0.9757 0.9753
33.3280 0.9758 0.9753
33.3447 0.9758 0.9753
33.3614 0.9758 0.9754
