0.0000 5.5670 6.8671
0.0179 5.5676 6.8684
0.0358 5.5693 6.8724
0.0537 5.5721 6.8790
0.0717 5.5762 6.8883
0.0896 5.5813 6.9004
0.1075 5.5877 6.9153
0.1254 5.5953 6.9330
0.1433 5.6040 6.9537
0.1612 5.6141 6.9774
0.1791 5.6254 7.0043
0.1971 5.6380 7.0345
0.2150 5.6519 7.0682
0.2329 5.6672 7.1054
0.2508 5.6839 7.1465
0.2687 5.7022 7.1916
0.2866 5.7219 7.2409
0.3045 5.7433 7.2946
0.3225 5.7663 7.3531
0.3404 5.7910 7.4165
0.3583 5.8176 7.4850
0.3762 5.8462 7.5588
0.3941 5.8767 7.6382
0.4120 5.9094 7.7231
0.4300 5.9444 7.8135
0.4479 5.9818 7.9092
0.4658 6.0217 8.0098
0.4837 6.0642 8.1145
0.5016 6.1097 8.2224
0.5195 6.1581 8.3321
0.5374 6.2097 8.4418
0.5554 6.2646 8.5490
0.5733 6.3230 8.6509
0.5912 6.3849 8.7441
0.6091 6.4504 8.8247
0.6270 6.5195 8.8882
0.6449 6.5922 8.9299
0.6628 6.6682 8.9450
0.6808 6.7473 8.9284
0.6987 6.8289 8.8755
0.7166 6.9123 8.7822
0.7345 6.9967 8.6452
0.7524 7.0809 8.4621
0.7703 7.1636 8.2322
0.7882 7.2430 7.9561
0.8062 7.3172 7.6362
0.8241 7.3842 7.2766
0.8420 7.4416 6.8832
0.8599 7.4872 6.4633
0.8778 7.5184 6.0254
0.8957 7.5330 5.5790
0.9136 7.5291 5.1340
0.9316 7.5047 4.7004
0.9495 7.4587 4.2876
0.9674 7.3902 3.9044
0.9853 7.2992 3.5582
1.0032 7.1861 3.2547
1.0211 7.0522 2.9982
1.0390 6.8993 2.7910
1.0570 6.7296 2.6336
1.0749 6.5461 2.5249
1.0928 6.3517 2.4622
1.1107 6.1498 2.4416
1.1286 5.9434 2.4581
1.1465 5.7356 2.5063
1.1645 5.5290 2.5800
1.1824 5.3258 2.6733
1.2003 5.1276 2.7801
1.2182 4.9355 2.8948
1.2361 4.7500 3.0123
1.2540 4.5711 3.1280
1.2719 4.3984 3.2382
1.2899 4.2313 3.3398
1.3078 4.0687 3.4308
1.3257 3.9100 3.5095
1.3436 3.7542 3.5755
1.3615 3.6010 3.6288
1.3794 3.4501 3.6699
1.3973 3.3019 3.7001
1.4153 3.1570 3.7208
1.4332 3.0165 3.7337
1.4511 2.8819 3.7405
1.4690 2.7549 3.7429
1.4869 2.6375 3.7423
1.5048 2.5315 3.7397
1.5227 2.4387 3.7355
1.5407 2.3607 3.7300
1.5586 2.2987 3.7224
1.5765 2.2533 3.7119
1.5944 2.2247 3.6968
1.6123 2.2125 3.6753
1.6302 2.2158 3.6454
1.6481 2.2330 3.6051
1.6661 2.2624 3.5524
1.6840 2.3015 3.4860
1.7019 2.3480 3.4047
1.7198 2.3992 3.3084
1.7377 2.4526 3.1974
1.7556 2.5057 3.0732
1.7735 2.5563 2.9376
1.7915 2.6027 2.7936
1.8094 2.6435 2.6446
1.8273 2.6776 2.4946
1.8452 2.7047 2.3475
1.8631 2.7248 2.2077
1.8810 2.7384 2.0791
1.8989 2.7463 1.9654
1.9169 2.7497 1.8698
1.9348 2.7500 1.7947
1.9527 2.7486 1.7417
1.9706 2.7472 1.7118
1.9885 2.7470 1.7050
2.0064 2.7494 1.7206
2.0244 2.7553 1.7572
2.0423 2.7653 1.8127
2.0602 2.7796 1.8848
2.0781 2.7981 1.9705
2.0960 2.8203 2.0667
2.1139 2.8454 2.1702
2.1318 2.8724 2.2776
2.1498 2.8999 2.3859
2.1677 2.9267 2.4921
2.1856 2.9517 2.5933
2.2035 2.9736 2.6871
2.2214 2.9915 2.7715
2.2393 3.0050 2.8449
2.2572 3.0137 2.9060
2.2752 3.0176 2.9542
2.2931 3.0173 2.9893
2.3110 3.0133 3.0117
2.3289 3.0064 3.0219
2.3468 2.9977 3.0213
2.3647 2.9881 3.0112
2.3826 2.9784 2.9933
2.4006 2.9695 2.9694
2.4185 2.9617 2.9415
2.4364 2.9553 2.9111
2.4543 2.9502 2.8800
2.4722 2.9460 2.8495
2.4901 2.9421 2.8206
2.5080 2.9378 2.7941
2.5260 2.9322 2.7703
2.5439 2.9245 2.7495
2.5618 2.9139 2.7314
2.5797 2.8998 2.7157
2.5976 2.8819 2.7021
2.6155 2.8599 2.6899
2.6334 2.8342 2.6788
2.6514 2.8050 2.6681
2.6693 2.7731 2.6575
2.6872 2.7391 2.6466
2.7051 2.7039 2.6353
2.7230 2.6683 2.6233
2.7409 2.6331 2.6104
2.7589 2.5989 2.5966
2.7768 2.5660 2.5816
2.7947 2.5347 2.5652
2.8126 2.5049 2.5472
2.8305 2.4763 2.5273
2.8484 2.4485 2.5052
2.8663 2.4211 2.4806
2.8843 2.3934 2.4531
2.9022 2.3650 2.4226
2.9201 2.3355 2.3890
2.9380 2.3046 2.3526
2.9559 2.2723 2.3135
2.9738 2.2387 2.2724
2.9917 2.2043 2.2300
3.0097 2.1696 2.1873
3.0276 2.1356 2.1455
3.0455 2.1031 2.1057
3.0634 2.0731 2.0693
3.0813 2.0466 2.0375
3.0992 2.0246 2.0115
3.1171 2.0081 1.9922
3.1351 1.9977 1.9804
3.1530 1.9941 1.9766
3.1709 1.9975 1.9807
3.1888 2.0082 1.9928
3.2067 2.0261 2.0124
3.2246 2.0509 2.0387
3.2425 2.0821 2.0709
3.2605 2.1191 2.1081
3.2784 2.1609 2.1492
3.2963 2.2067 2.1934
3.3142 2.2555 2.2396
3.3321 2.3061 2.2873
3.3500 2.3576 2.3357
3.3679 2.4089 2.3843
3.3859 2.4590 2.4328
3.4038 2.5070 2.4808
3.4217 2.5522 2.5281
3.4396 2.5939 2.5743
3.4575 2.6317 2.6189
3.4754 2.6651 2.6613
3.4934 2.6938 2.7008
3.5113 2.7175 2.7364
3.5292 2.7362 2.7668
3.5471 2.7495 2.7908
3.5650 2.7573 2.8068
3.5829 2.7594 2.8133
3.6008 2.7554 2.8088
3.6188 2.7449 2.7921
3.6367 2.7275 2.7619
3.6546 2.7028 2.7175
3.6725 2.6702 2.6586
3.6904 2.6293 2.5851
3.7083 2.5796 2.4976
3.7262 2.5210 2.3972
3.7442 2.4532 2.2853
3.7621 2.3763 2.1637
3.7800 2.2904 2.0345
3.7979 2.1960 1.9001
3.8158 2.0935 1.7627
3.8337 1.9838 1.6246
3.8516 1.8677 1.4880
3.8696 1.7459 1.3545
3.8875 1.6196 1.2255
3.9054 1.4895 1.1020
3.9233 1.3565 0.9845
3.9412 1.2215 0.8732
3.9591 1.0849 0.7677
3.9770 0.9475 0.6675
3.9950 0.8096 0.5718
4.0129 0.6716 0.4795
4.0308 0.5337 0.3896
4.0487 0.3963 0.3013
4.0666 0.2595 0.2135
4.0845 0.1236 0.1257
4.1024 -0.0110 0.0373
4.1204 -0.1438 -0.0520
4.1383 -0.2744 -0.1422
4.1562 -0.4019 -0.2331
4.1741 -0.5256 -0.3244
4.1920 -0.6446 -0.4156
4.2099 -0.7579 -0.5060
4.2278 -0.8645 -0.5948
4.2458 -0.9631 -0.6814
4.2637 -1.0529 -0.7647
4.2816 -1.1328 -0.8439
4.2995 -1.2019 -0.9182
4.3174 -1.2596 -0.9867
4.3353 -1.3055 -1.0486
4.3533 -1.3392 -1.1033
4.3712 -1.3609 -1.1501
4.3891 -1.3709 -1.1887
4.4070 -1.3697 -1.2187
4.4249 -1.3581 -1.2402
4.4428 -1.3374 -1.2534
4.4607 -1.3086 -1.2586
4.4787 -1.2732 -1.2564
4.4966 -1.2326 -1.2477
4.5145 -1.1881 -1.2333
4.5324 -1.1413 -1.2144
4.5503 -1.0934 -1.1920
4.5682 -1.0455 -1.1673
4.5861 -0.9987 -1.1412
4.6041 -0.9537 -1.1147
4.6220 -0.9112 -1.0884
4.6399 -0.8718 -1.0629
4.6578 -0.8356 -1.0385
4.6757 -0.8029 -1.0151
4.6936 -0.7736 -0.9929
4.7115 -0.7479 -0.9714
4.7295 -0.7256 -0.9503
4.7474 -0.7066 -0.9291
4.7653 -0.6908 -0.9076
4.7832 -0.6780 -0.8853
4.8011 -0.6682 -0.8620
4.8190 -0.6613 -0.8376
4.8369 -0.6571 -0.8122
4.8549 -0.6556 -0.7859
4.8728 -0.6565 -0.7592
4.8907 -0.6598 -0.7323
4.9086 -0.6651 -0.7060
4.9265 -0.6721 -0.6807
4.9444 -0.6807 -0.6571
4.9623 -0.6903 -0.6357
4.9803 -0.7005 -0.6170
4.9982 -0.7109 -0.6015
5.0161 -0.7209 -0.5892
5.0340 -0.7301 -0.5805
5.0519 -0.7380 -0.5753
5.0698 -0.7442 -0.5733
5.0878 -0.7482 -0.5744
5.1057 -0.7496 -0.5781
5.1236 -0.7483 -0.5839
5.1415 -0.7439 -0.5911
5.1594 -0.7364 -0.5990
5.1773 -0.7257 -0.6070
5.1952 -0.7117 -0.6144
5.2132 -0.6945 -0.6204
5.2311 -0.6744 -0.6245
5.2490 -0.6515 -0.6262
5.2669 -0.6261 -0.6249
5.2848 -0.5985 -0.6205
5.3027 -0.5691 -0.6127
5.3206 -0.5384 -0.6016
5.3386 -0.5067 -0.5873
5.3565 -0.4746 -0.5700
5.3744 -0.4425 -0.5502
5.3923 -0.4108 -0.5281
5.4102 -0.3799 -0.5043
5.4281 -0.3502 -0.4793
5.4460 -0.3219 -0.4537
5.4640 -0.2954 -0.4280
5.4819 -0.2706 -0.4026
5.4998 -0.2479 -0.3779
5.5177 -0.2271 -0.3542
5.5356 -0.2082 -0.3319
5.5535 -0.1911 -0.3111
5.5714 -0.1758 -0.2919
5.5894 -0.1620 -0.2743
5.6073 -0.1496 -0.2583
5.6252 -0.1386 -0.2438
5.6431 -0.1286 -0.2306
5.6610 -0.1198 -0.2185
5.6789 -0.1119 -0.2074
5.6968 -0.1050 -0.1969
5.7148 -0.0991 -0.1869
5.7327 -0.0941 -0.1772
5.7506 -0.0901 -0.1675
5.7685 -0.0871 -0.1577
5.7864 -0.0850 -0.1477
5.8043 -0.0840 -0.1374
5.8223 -0.0839 -0.1266
5.8402 -0.0846 -0.1154
5.8581 -0.0861 -0.1039
5.8760 -0.0882 -0.0919
5.8939 -0.0906 -0.0796
5.9118 -0.0933 -0.0671
5.9297 -0.0958 -0.0544
5.9477 -0.0980 -0.0416
5.9656 -0.0996 -0.0289
5.9835 -0.1003 -0.0164
6.0014 -0.1000 -0.0041
6.0193 -0.0984 0.0078
6.0372 -0.0954 0.0193
6.0551 -0.0909 0.0300
6.0731 -0.0850 0.0401
6.0910 -0.0776 0.0493
6.1089 -0.0689 0.0575
6.1268 -0.0590 0.0647
6.1447 -0.0480 0.0709
6.1626 -0.0361 0.0759
6.1805 -0.0236 0.0798
6.1985 -0.0105 0.0826
6.2164 0.0029 0.0846
6.2343 0.0166 0.0858
6.2522 0.0304 0.0864
6.2701 0.0442 0.0867
6.2880 0.0582 0.0870
6.3059 0.0723 0.0876
6.3239 0.0865 0.0888
6.3418 0.1009 0.0908
6.3597 0.1155 0.0939
6.3776 0.1305 0.0984
6.3955 0.1458 0.1044
6.4134 0.1615 0.1119
6.4313 0.1775 0.1211
6.4493 0.1938 0.1319
6.4672 0.2103 0.1442
6.4851 0.2269 0.1578
6.5030 0.2435 0.1726
6.5209 0.2600 0.1882
6.5388 0.2761 0.2044
6.5568 0.2918 0.2209
6.5747 0.3069 0.2374
6.5926 0.3213 0.2536
6.6105 0.3349 0.2693
6.6284 0.3477 0.2841
6.6463 0.3596 0.2980
6.6642 0.3705 0.3107
6.6822 0.3804 0.3221
6.7001 0.3895 0.3322
6.7180 0.3976 0.3410
6.7359 0.4048 0.3484
6.7538 0.4112 0.3545
6.7717 0.4167 0.3593
6.7896 0.4214 0.3631
6.8076 0.4254 0.3660
6.8255 0.4285 0.3680
6.8434 0.4310 0.3695
6.8613 0.4326 0.3704
6.8792 0.4336 0.3711
6.8971 0.4338 0.3715
6.9150 0.4334 0.3720
6.9330 0.4323 0.3726
6.9509 0.4307 0.3734
6.9688 0.4285 0.3745
6.9867 0.4259 0.3760
7.0046 0.4230 0.3780
7.0225 0.4199 0.3805
7.0404 0.4166 0.3835
7.0584 0.4134 0.3872
7.0763 0.4104 0.3914
7.0942 0.4077 0.3962
7.1121 0.4055 0.4016
7.1300 0.4039 0.4076
7.1479 0.4029 0.4141
7.1658 0.4028 0.4211
7.1838 0.4035 0.4285
7.2017 0.4051 0.4363
7.2196 0.4076 0.4445
7.2375 0.4111 0.4529
7.2554 0.4155 0.4616
7.2733 0.4208 0.4703
7.2912 0.4269 0.4791
7.3092 0.4337 0.4878
7.3271 0.4411 0.4965
7.3450 0.4490 0.5049
7.3629 0.4574 0.5131
7.3808 0.4662 0.5210
7.3987 0.4753 0.5286
7.4167 0.4845 0.5358
7.4346 0.4939 0.5425
7.4525 0.5033 0.5488
7.4704 0.5128 0.5547
7.4883 0.5223 0.5601
7.5062 0.5317 0.5652
7.5241 0.5411 0.5698
7.5421 0.5504 0.5742
7.5600 0.5595 0.5783
7.5779 0.5686 0.5823
7.5958 0.5775 0.5861
7.6137 0.5862 0.5899
7.6316 0.5947 0.5938
7.6495 0.6030 0.5977
7.6675 0.6112 0.6018
7.6854 0.6191 0.6061
7.7033 0.6268 0.6106
7.7212 0.6342 0.6154
7.7391 0.6414 0.6203
7.7570 0.6484 0.6254
7.7749 0.6553 0.6307
7.7929 0.6619 0.6362
7.8108 0.6683 0.6417
7.8287 0.6747 0.6473
7.8466 0.6809 0.6528
7.8645 0.6870 0.6584
7.8824 0.6930 0.6638
7.9003 0.6989 0.6692
7.9183 0.7047 0.6743
7.9362 0.7104 0.6793
7.9541 0.7160 0.6841
7.9720 0.7214 0.6886
7.9899 0.7266 0.6929
8.0078 0.7315 0.6968
8.0257 0.7362 0.7005
8.0437 0.7405 0.7039
8.0616 0.7444 0.7070
8.0795 0.7480 0.7097
8.0974 0.7510 0.7122
8.1153 0.7537 0.7145
8.1332 0.7558 0.7166
8.1512 0.7576 0.7184
8.1691 0.7589 0.7202
8.1870 0.7599 0.7220
8.2049 0.7606 0.7238
8.2228 0.7610 0.7257
8.2407 0.7613 0.7278
8.2586 0.7614 0.7301
8.2766 0.7616 0.7327
8.2945 0.7618 0.7357
8.3124 0.7621 0.7390
8.3303 0.7626 0.7428
8.3482 0.7633 0.7470
8.3661 0.7643 0.7516
8.3840 0.7657 0.7566
8.4020 0.7673 0.7621
8.4199 0.7694 0.7678
8.4378 0.7717 0.7738
8.4557 0.7744 0.7801
8.4736 0.7774 0.7865
8.4915 0.7808 0.7931
8.5094 0.7843 0.7997
8.5274 0.7881 0.8062
8.5453 0.7921 0.8127
8.5632 0.7963 0.8190
8.5811 0.8006 0.8251
8.5990 0.8050 0.8310
8.6169 0.8095 0.8365
8.6348 0.8140 0.8418
8.6528 0.8186 0.8468
8.6707 0.8232 0.8514
8.6886 0.8279 0.8556
8.7065 0.8327 0.8596
8.7244 0.8374 0.8632
8.7423 0.8423 0.8665
8.7602 0.8471 0.8695
8.7782 0.8520 0.8723
8.7961 0.8570 0.8749
8.8140 0.8619 0.8773
8.8319 0.8669 0.8795
8.8498 0.8719 0.8817
8.8677 0.8769 0.8837
8.8857 0.8820 0.8857
8.9036 0.8869 0.8877
8.9215 0.8919 0.8897
8.9394 0.8968 0.8917
8.9573 0.9017 0.8938
8.9752 0.9066 0.8960
8.9931 0.9114 0.8984
9.0111 0.9162 0.9009
9.0290 0.9210 0.9036
9.0469 0.9257 0.9065
9.0648 0.9304 0.9096
9.0827 0.9351 0.9130
9.1006 0.9397 0.9166
9.1185 0.9444 0.9204
9.1365 0.9490 0.9244
9.1544 0.9536 0.9286
9.1723 0.9581 0.9330
9.1902 0.9626 0.9376
9.2081 0.9670 0.9424
9.2260 0.9713 0.9473
9.2439 0.9755 0.9523
9.2619 0.9796 0.9574
9.2798 0.9837 0.9625
9.2977 0.9875 0.9676
9.3156 0.9912 0.9727
9.3335 0.9948 0.9778
9.3514 0.9982 0.9828
9.3693 1.0014 0.9877
9.3873 1.0045 0.9925
9.4052 1.0073 0.9971
9.4231 1.0100 1.0015
9.4410 1.0125 1.0057
9.4589 1.0149 1.0097
9.4768 1.0171 1.0135
9.4947 1.0192 1.0170
9.5127 1.0211 1.0204
9.5306 1.0230 1.0236
9.5485 1.0248 1.0266
9.5664 1.0266 1.0295
9.5843 1.0284 1.0324
9.6022 1.0303 1.0351
9.6201 1.0323 1.0379
9.6381 1.0345 1.0407
9.6560 1.0369 1.0436
9.6739 1.0394 1.0465
9.6918 1.0423 1.0496
9.7097 1.0453 1.0528
9.7276 1.0487 1.0562
9.7456 1.0523 1.0597
9.7635 1.0562 1.0633
9.7814 1.0603 1.0671
9.7993 1.0646 1.0710
9.8172 1.0692 1.0749
9.8351 1.0739 1.0789
9.8530 1.0787 1.0830
9.8710 1.0837 1.0870
9.8889 1.0887 1.0911
9.9068 1.0937 1.0952
9.9247 1.0988 1.0993
9.9426 1.1039 1.1033
9.9605 1.1089 1.1073
9.9784 1.1138 1.1113
9.9964 1.1187 1.1153
10.0143 1.1234 1.1192
10.0322 1.1281 1.1231
10.0501 1.1327 1.1270
10.0680 1.1371 1.1308
10.0859 1.1415 1.1347
10.1038 1.1457 1.1385
10.1218 1.1499 1.1423
10.1397 1.1539 1.1462
10.1576 1.1580 1.1500
10.1755 1.1619 1.1538
10.1934 1.1659 1.1577
10.2113 1.1698 1.1616
10.2292 1.1738 1.1655
10.2472 1.1779 1.1696
10.2651 1.1820 1.1737
10.2830 1.1862 1.1779
10.3009 1.1904 1.1822
10.3188 1.1948 1.1866
10.3367 1.1993 1.1912
10.3546 1.2040 1.1959
10.3726 1.2087 1.2008
10.3905 1.2135 1.2058
10.4084 1.2184 1.2109
10.4263 1.2234 1.2162
10.4442 1.2284 1.2216
10.4621 1.2335 1.2271
10.4801 1.2386 1.2327
10.4980 1.2437 1.2383
10.5159 1.2488 1.2440
10.5338 1.2538 1.2496
10.5517 1.2588 1.2553
10.5696 1.2637 1.2610
10.5875 1.2686 1.2666
10.6055 1.2734 1.2721
10.6234 1.2782 1.2777
10.6413 1.2828 1.2831
10.6592 1.2875 1.2885
10.6771 1.2920 1.2938
10.6950 1.2965 1.2990
10.7129 1.3011 1.3042
10.7309 1.3056 1.3094
10.7488 1.3101 1.3145
10.7667 1.3147 1.3196
10.7846 1.3193 1.3246
10.8025 1.3240 1.3297
10.8204 1.3288 1.3348
10.8383 1.3338 1.3400
10.8563 1.3389 1.3452
10.8742 1.3442 1.3504
10.8921 1.3497 1.3557
10.9100 1.3554 1.3611
10.9279 1.3612 1.3666
10.9458 1.3673 1.3722
10.9637 1.3736 1.3779
10.9817 1.3800 1.3837
10.9996 1.3866 1.3897
11.0175 1.3934 1.3957
11.0354 1.4004 1.4020
11.0533 1.4075 1.4084
11.0712 1.4147 1.4150
11.0891 1.4221 1.4217
11.1071 1.4296 1.4287
11.1250 1.4373 1.4358
11.1429 1.4450 1.4431
11.1608 1.4529 1.4506
11.1787 1.4608 1.4583
11.1966 1.4689 1.4662
11.2146 1.4770 1.4743
11.2325 1.4853 1.4826
11.2504 1.4936 1.4910
11.2683 1.5020 1.4997
11.2862 1.5105 1.5084
11.3041 1.5190 1.5173
11.3220 1.5276 1.5264
11.3400 1.5362 1.5355
11.3579 1.5449 1.5447
11.3758 1.5537 1.5540
11.3937 1.5624 1.5632
11.4116 1.5712 1.5725
11.4295 1.5800 1.5818
11.4474 1.5887 1.5910
11.4654 1.5975 1.6001
11.4833 1.6062 1.6091
11.5012 1.6148 1.6179
11.5191 1.6234 1.6266
11.5370 1.6319 1.6351
11.5549 1.6403 1.6434
11.5728 1.6486 1.6515
11.5908 1.6567 1.6594
11.6087 1.6647 1.6670
11.6266 1.6725 1.6744
11.6445 1.6800 1.6815
11.6624 1.6873 1.6882
11.6803 1.6944 1.6947
11.6982 1.7012 1.7009
11.7162 1.7076 1.7067
11.7341 1.7138 1.7123
11.7520 1.7195 1.7175
11.7699 1.7249 1.7224
11.7878 1.7299 1.7269
11.8057 1.7345 1.7312
11.8236 1.7387 1.7352
11.8416 1.7424 1.7389
11.8595 1.7458 1.7423
11.8774 1.7487 1.7456
11.8953 1.7512 1.7486
11.9132 1.7534 1.7515
11.9311 1.7552 1.7542
11.9491 1.7567 1.7569
11.9670 1.7579 1.7594
11.9849 1.7589 1.7617
12.0028 1.7596 1.7640
12.0207 1.7602 1.7662
12.0386 1.7605 1.7682
12.0565 1.7608 1.7700
12.0745 1.7609 1.7716
12.0924 1.7609 1.7730
12.1103 1.7609 1.7741
12.1282 1.7608 1.7749
12.1461 1.7606 1.7753
12.1640 1.7604 1.7754
12.1819 1.7601 1.7750
12.1999 1.7598 1.7743
12.2178 1.7594 1.7732
12.2357 1.7590 1.7718
12.2536 1.7585 1.7701
12.2715 1.7581 1.7681
12.2894 1.7576 1.7660
12.3073 1.7572 1.7638
12.3253 1.7568 1.7616
12.3432 1.7564 1.7595
12.3611 1.7562 1.7576
12.3790 1.7561 1.7560
12.3969 1.7560 1.7548
12.4148 1.7562 1.7540
12.4327 1.7565 1.7537
12.4507 1.7569 1.7539
12.4686 1.7575 1.7548
12.4865 1.7583 1.7562
12.5044 1.7593 1.7582
12.5223 1.7604 1.7609
12.5402 1.7616 1.7641
12.5581 1.7629 1.7677
12.5761 1.7643 1.7719
12.5940 1.7658 1.7764
12.6119 1.7673 1.7811
12.6298 1.7688 1.7861
12.6477 1.7703 1.7911
12.6656 1.7717 1.7961
12.6835 1.7731 1.8009
12.7015 1.7744 1.8055
12.7194 1.7756 1.8097
12.7373 1.7766 1.8134
12.7552 1.7775 1.8166
12.7731 1.7782 1.8191
12.7910 1.7788 1.8209
12.8090 1.7792 1.8219
12.8269 1.7793 1.8222
12.8448 1.7793 1.8218
12.8627 1.7791 1.8206
12.8806 1.7787 1.8188
12.8985 1.7781 1.8164
12.9164 1.7774 1.8136
12.9344 1.7765 1.8103
12.9523 1.7757 1.8069
12.9702 1.7748 1.8034
12.9881 1.7741 1.7999
13.0060 1.7735 1.7966
13.0239 1.7733 1.7935
13.0418 1.7734 1.7909
13.0598 1.7740 1.7888
13.0777 1.7752 1.7871
13.0956 1.7770 1.7861
13.1135 1.7794 1.7856
13.1314 1.7824 1.7856
13.1493 1.7859 1.7861
13.1672 1.7900 1.7871
13.1852 1.7944 1.7883
13.2031 1.7990 1.7897
13.2210 1.8036 1.7912
13.2389 1.8079 1.7927
13.2568 1.8119 1.7941
13.2747 1.8152 1.7952
13.2926 1.8177 1.7960
13.3106 1.8192 1.7965
13.3285 1.8195 1.7965
13.3464 1.8186 1.7960
13.3643 1.8165 1.7951
13.3822 1.8131 1.7936
13.4001 1.8085 1.7915
13.4180 1.8028 1.7889
13.4360 1.7962 1.7856
13.4539 1.7888 1.7816
13.4718 1.7807 1.7768
13.4897 1.7721 1.7711
13.5076 1.7630 1.7643
13.5255 1.7537 1.7562
13.5435 1.7440 1.7467
13.5614 1.7340 1.7356
13.5793 1.7235 1.7225
13.5972 1.7123 1.7074
13.6151 1.7001 1.6898
13.6330 1.6866 1.6697
13.6509 1.6714 1.6468
13.6689 1.6539 1.6208
13.6868 1.6337 1.5917
13.7047 1.6103 1.5592
13.7226 1.5831 1.5233
13.7405 1.5518 1.4839
13.7584 1.5158 1.4410
13.7763 1.4750 1.3946
13.7943 1.4290 1.3449
13.8122 1.3779 1.2920
13.8301 1.3217 1.2362
13.8480 1.2605 1.1776
13.8659 1.1948 1.1167
13.8838 1.1251 1.0536
13.9017 1.0518 0.9887
13.9197 0.9757 0.9223
13.9376 0.8976 0.8547
13.9555 0.8183 0.7863
13.9734 0.7386 0.7173
13.9913 0.6593 0.6479
14.0092 0.5811 0.5784
14.0271 0.5050 0.5089
14.0451 0.4315 0.4396
14.0630 0.3612 0.3708
14.0809 0.2947 0.3027
14.0988 0.2324 0.2356
14.1167 0.1747 0.1697
14.1346 0.1218 0.1054
14.1525 0.0739 0.0432
14.1705 0.0311 -0.0166
14.1884 -0.0066 -0.0735
14.2063 -0.0392 -0.1269
14.2242 -0.0670 -0.1764
14.2421 -0.0902 -0.2215
14.2600 -0.1090 -0.2618
14.2780 -0.1239 -0.2969
14.2959 -0.1352 -0.3266
14.3138 -0.1433 -0.3506
14.3317 -0.1488 -0.3690
14.3496 -0.1521 -0.3818
14.3675 -0.1537 -0.3891
14.3854 -0.1539 -0.3911
14.4034 -0.1533 -0.3883
14.4213 -0.1522 -0.3811
14.4392 -0.1509 -0.3698
14.4571 -0.1497 -0.3551
14.4750 -0.1488 -0.3375
14.4929 -0.1484 -0.3175
14.5108 -0.1485 -0.2956
14.5288 -0.1491 -0.2723
14.5467 -0.1502 -0.2479
14.5646 -0.1519 -0.2230
14.5825 -0.1539 -0.1977
14.6004 -0.1562 -0.1725
14.6183 -0.1586 -0.1475
14.6362 -0.1611 -0.1229
14.6542 -0.1634 -0.0988
14.6721 -0.1654 -0.0755
14.6900 -0.1671 -0.0529
14.7079 -0.1683 -0.0311
14.7258 -0.1689 -0.0102
14.7437 -0.1690 0.0098
14.7616 -0.1683 0.0288
14.7796 -0.1670 0.0468
14.7975 -0.1650 0.0638
14.8154 -0.1622 0.0798
14.8333 -0.1588 0.0946
14.8512 -0.1548 0.1082
14.8691 -0.1502 0.1204
14.8870 -0.1450 0.1313
14.9050 -0.1393 0.1407
14.9229 -0.1333 0.1485
14.9408 -0.1269 0.1545
14.9587 -0.1203 0.1586
14.9766 -0.1136 0.1606
14.9945 -0.1068 0.1604
15.0124 -0.1000 0.1579
15.0304 -0.0933 0.1530
15.0483 -0.0868 0.1456
15.0662 -0.0804 0.1358
15.0841 -0.0744 0.1235
15.1020 -0.0687 0.1089
15.1199 -0.0633 0.0920
15.1379 -0.0584 0.0733
15.1558 -0.0538 0.0528
15.1737 -0.0497 0.0311
15.1916 -0.0460 0.0083
15.2095 -0.0427 -0.0149
15.2274 -0.0398 -0.0382
15.2453 -0.0373 -0.0611
15.2633 -0.0352 -0.0832
15.2812 -0.0333 -0.1040
15.2991 -0.0317 -0.1231
15.3170 -0.0303 -0.1403
15.3349 -0.0290 -0.1552
15.3528 -0.0277 -0.1677
15.3707 -0.0264 -0.1775
15.3887 -0.0249 -0.1848
15.4066 -0.0233 -0.1894
15.4245 -0.0215 -0.1914
15.4424 -0.0193 -0.1911
15.4603 -0.0168 -0.1885
15.4782 -0.0140 -0.1840
15.4961 -0.0108 -0.1776
15.5141 -0.0072 -0.1697
15.5320 -0.0032 -0.1605
15.5499 0.0011 -0.1503
15.5678 0.0058 -0.1392
15.5857 0.0107 -0.1275
15.6036 0.0158 -0.1154
15.6215 0.0212 -0.1030
15.6395 0.0266 -0.0905
15.6574 0.0321 -0.0780
15.6753 0.0377 -0.0655
15.6932 0.0433 -0.0532
15.7111 0.0489 -0.0411
15.7290 0.0544 -0.0293
15.7469 0.0598 -0.0177
15.7649 0.0651 -0.0064
15.7828 0.0704 0.0046
15.8007 0.0755 0.0153
15.8186 0.0805 0.0256
15.8365 0.0854 0.0357
15.8544 0.0902 0.0455
15.8724 0.0950 0.0549
15.8903 0.0996 0.0641
15.9082 0.1042 0.0730
15.9261 0.1087 0.0816
15.9440 0.1132 0.0900
15.9619 0.1176 0.0982
15.9798 0.1220 0.1061
15.9978 0.1263 0.1138
16.0157 0.1306 0.1213
16.0336 0.1348 0.1286
16.0515 0.1390 0.1357
16.0694 0.1432 0.1426
16.0873 0.1473 0.1494
16.1052 0.1514 0.1560
16.1232 0.1554 0.1624
16.1411 0.1594 0.1686
16.1590 0.1633 0.1747
16.1769 0.1672 0.1807
16.1948 0.1711 0.1865
16.2127 0.1750 0.1923
16.2306 0.1789 0.1979
16.2486 0.1828 0.2034
16.2665 0.1867 0.2088
16.2844 0.1906 0.2140
16.3023 0.1945 0.2192
16.3202 0.1984 0.2243
16.3381 0.2024 0.2293
16.3560 0.2064 0.2342
16.3740 0.2103 0.2391
16.3919 0.2143 0.2438
16.4098 0.2183 0.2484
16.4277 0.2223 0.2529
16.4456 0.2262 0.2573
16.4635 0.2302 0.2616
16.4814 0.2341 0.2657
16.4994 0.2380 0.2698
16.5173 0.2418 0.2737
16.5352 0.2456 0.2775
16.5531 0.2493 0.2812
16.5710 0.2530 0.2848
16.5889 0.2566 0.2882
16.6069 0.2602 0.2915
16.6248 0.2638 0.2947
16.6427 0.2672 0.2978
16.6606 0.2707 0.3007
16.6785 0.2740 0.3036
16.6964 0.2774 0.3063
16.7143 0.2807 0.3090
16.7323 0.2840 0.3115
16.7502 0.2873 0.3140
16.7681 0.2906 0.3163
16.7860 0.2938 0.3186
16.8039 0.2971 0.3208
16.8218 0.3003 0.3229
16.8397 0.3036 0.3250
16.8577 0.3069 0.3271
16.8756 0.3102 0.3290
16.8935 0.3135 0.3310
16.9114 0.3168 0.3329
16.9293 0.3201 0.3348
16.9472 0.3235 0.3368
16.9651 0.3268 0.3387
16.9831 0.3302 0.3406
17.0010 0.3336 0.3426
17.0189 0.3370 0.3445
17.0368 0.3404 0.3466
17.0547 0.3439 0.3486
17.0726 0.3473 0.3507
17.0905 0.3508 0.3529
17.1085 0.3543 0.3551
17.1264 0.3578 0.3574
17.1443 0.3613 0.3597
17.1622 0.3648 0.3620
17.1801 0.3683 0.3644
17.1980 0.3718 0.3668
17.2159 0.3753 0.3692
17.2339 0.3789 0.3717
17.2518 0.3824 0.3743
17.2697 0.3859 0.3768
17.2876 0.3894 0.3794
17.3055 0.3929 0.3820
17.3234 0.3964 0.3847
17.3414 0.3999 0.3874
17.3593 0.4034 0.3901
17.3772 0.4068 0.3929
17.3951 0.4102 0.3957
17.4130 0.4135 0.3986
17.4309 0.4168 0.4015
17.4488 0.4201 0.4045
17.4668 0.4233 0.4076
17.4847 0.4265 0.4107
17.5026 0.4297 0.4138
17.5205 0.4327 0.4170
17.5384 0.4358 0.4203
17.5563 0.4387 0.4236
17.5742 0.4417 0.4269
17.5922 0.4446 0.4303
17.6101 0.4474 0.4337
17.6280 0.4502 0.4371
17.6459 0.4530 0.4406
17.6638 0.4558 0.4441
17.6817 0.4586 0.4476
17.6996 0.4613 0.4510
17.7176 0.4640 0.4545
17.7355 0.4668 0.4579
17.7534 0.4695 0.4613
17.7713 0.4723 0.4647
17.7892 0.4750 0.4681
17.8071 0.4778 0.4714
17.8250 0.4806 0.4747
17.8430 0.4834 0.4779
17.8609 0.4862 0.4811
17.8788 0.4891 0.4842
17.8967 0.4919 0.4873
17.9146 0.4947 0.4903
17.9325 0.4975 0.4933
17.9504 0.5003 0.4962
17.9684 0.5031 0.4991
17.9863 0.5058 0.5019
18.0042 0.5085 0.5047
18.0221 0.5112 0.5074
18.0400 0.5138 0.5100
18.0579 0.5163 0.5127
18.0758 0.5188 0.5152
18.0938 0.5212 0.5177
18.1117 0.5236 0.5202
18.1296 0.5259 0.5226
18.1475 0.5281 0.5249
18.1654 0.5303 0.5272
18.1833 0.5324 0.5295
18.2013 0.5345 0.5317
18.2192 0.5366 0.5339
18.2371 0.5386 0.5361
18.2550 0.5406 0.5382
18.2729 0.5425 0.5403
18.2908 0.5445 0.5424
18.3087 0.5464 0.5444
18.3267 0.5484 0.5464
18.3446 0.5503 0.5484
18.3625 0.5523 0.5504
18.3804 0.5542 0.5524
18.3983 0.5562 0.5543
18.4162 0.5582 0.5562
18.4341 0.5602 0.5582
18.4521 0.5623 0.5601
18.4700 0.5643 0.5620
18.4879 0.5664 0.5639
18.5058 0.5684 0.5658
18.5237 0.5705 0.5677
18.5416 0.5726 0.5697
18.5595 0.5746 0.5716
18.5775 0.5767 0.5735
18.5954 0.5787 0.5754
18.6133 0.5808 0.5774
18.6312 0.5828 0.5793
18.6491 0.5847 0.5812
18.6670 0.5867 0.5831
18.6849 0.5886 0.5851
18.7029 0.5905 0.5870
18.7208 0.5923 0.5889
18.7387 0.5942 0.5908
18.7566 0.5960 0.5926
18.7745 0.5977 0.5945
18.7924 0.5994 0.5963
18.8103 0.6011 0.5981
18.8283 0.6028 0.5999
18.8462 0.6044 0.6017
18.8641 0.6061 0.6034
18.8820 0.6077 0.6051
18.8999 0.6092 0.6068
18.9178 0.6108 0.6084
18.9358 0.6123 0.6101
18.9537 0.6139 0.6117
18.9716 0.6154 0.6132
18.9895 0.6169 0.6148
19.0074 0.6184 0.6163
19.0253 0.6198 0.6178
19.0432 0.6213 0.6192
19.0612 0.6227 0.6207
19.0791 0.6241 0.6221
19.0970 0.6256 0.6235
19.1149 0.6270 0.6248
19.1328 0.6283 0.6262
19.1507 0.6297 0.6275
19.1686 0.6311 0.6288
19.1866 0.6324 0.6301
19.2045 0.6338 0.6314
19.2224 0.6351 0.6327
19.2403 0.6364 0.6340
19.2582 0.6377 0.6352
19.2761 0.6390 0.6365
19.2940 0.6403 0.6377
19.3120 0.6415 0.6389
19.3299 0.6428 0.6402
19.3478 0.6440 0.6414
19.3657 0.6452 0.6426
19.3836 0.6464 0.6438
19.4015 0.6476 0.6450
19.4194 0.6488 0.6462
19.4374 0.6500 0.6474
19.4553 0.6512 0.6486
19.4732 0.6523 0.6498
19.4911 0.6535 0.6510
19.5090 0.6546 0.6522
19.5269 0.6558 0.6534
19.5448 0.6570 0.6545
19.5628 0.6582 0.6557
19.5807 0.6594 0.6569
19.5986 0.6606 0.6581
19.6165 0.6618 0.6593
19.6344 0.6630 0.6606
19.6523 0.6642 0.6618
19.6703 0.6654 0.6630
19.6882 0.6667 0.6643
19.7061 0.6679 0.6655
19.7240 0.6691 0.6668
19.7419 0.6703 0.6680
19.7598 0.6716 0.6693
19.7777 0.6728 0.6705
19.7957 0.6740 0.6717
19.8136 0.6751 0.6729
19.8315 0.6763 0.6741
19.8494 0.6774 0.6752
19.8673 0.6785 0.6764
19.8852 0.6796 0.6775
19.9031 0.6806 0.6786
19.9211 0.6817 0.6797
19.9390 0.6827 0.6807
19.9569 0.6837 0.6817
19.9748 0.6846 0.6827
19.9927 0.6855 0.6837
20.0106 0.6865 0.6847
20.0285 0.6874 0.6856
20.0465 0.6883 0.6866
20.0644 0.6892 0.6875
20.0823 0.6900 0.6884
20.1002 0.6909 0.6893
20.1181 0.6918 0.6902
20.1360 0.6927 0.6911
20.1539 0.6936 0.6920
20.1719 0.6945 0.6929
20.1898 0.6954 0.6938
20.2077 0.6964 0.6947
20.2256 0.6973 0.6956
20.2435 0.6983 0.6965
20.2614 0.6992 0.6974
20.2793 0.7002 0.6983
20.2973 0.7012 0.6992
20.3152 0.7021 0.7002
20.3331 0.7031 0.7011
20.3510 0.7041 0.7020
20.3689 0.7051 0.7029
20.3868 0.7061 0.7038
20.4048 0.7071 0.7048
20.4227 0.7081 0.7057
20.4406 0.7090 0.7066
20.4585 0.7100 0.7075
20.4764 0.7110 0.7084
20.4943 0.7119 0.7093
20.5122 0.7128 0.7102
20.5302 0.7137 0.7111
20.5481 0.7146 0.7120
20.5660 0.7155 0.7129
20.5839 0.7164 0.7137
20.6018 0.7173 0.7146
20.6197 0.7181 0.7155
20.6376 0.7189 0.7163
20.6556 0.7198 0.7172
20.6735 0.7206 0.7180
20.6914 0.7214 0.7189
20.7093 0.7222 0.7197
20.7272 0.7230 0.7206
20.7451 0.7238 0.7214
20.7630 0.7246 0.7222
20.7810 0.7254 0.7231
20.7989 0.7261 0.7239
20.8168 0.7269 0.7247
20.8347 0.7277 0.7255
20.8526 0.7285 0.7264
20.8705 0.7293 0.7272
20.8884 0.7300 0.7280
20.9064 0.7308 0.7288
20.9243 0.7316 0.7296
20.9422 0.7324 0.7304
20.9601 0.7331 0.7312
20.9780 0.7339 0.7320
20.9959 0.7347 0.7328
21.0138 0.7354 0.7336
21.0318 0.7362 0.7344
21.0497 0.7370 0.7352
21.0676 0.7377 0.7360
21.0855 0.7385 0.7367
21.1034 0.7392 0.7375
21.1213 0.7400 0.7383
21.1392 0.7407 0.7390
21.1572 0.7415 0.7398
21.1751 0.7422 0.7405
21.1930 0.7430 0.7413
21.2109 0.7437 0.7420
21.2288 0.7444 0.7427
21.2467 0.7452 0.7434
21.2647 0.7459 0.7442
21.2826 0.7467 0.7449
21.3005 0.7474 0.7456
21.3184 0.7481 0.7463
21.3363 0.7488 0.7470
21.3542 0.7496 0.7477
21.3721 0.7503 0.7484
21.3901 0.7510 0.7492
21.4080 0.7518 0.7499
21.4259 0.7525 0.7506
21.4438 0.7532 0.7513
21.4617 0.7539 0.7520
21.4796 0.7547 0.7527
21.4975 0.7554 0.7534
21.5155 0.7561 0.7541
21.5334 0.7568 0.7548
21.5513 0.7575 0.7555
21.5692 0.7582 0.7562
21.5871 0.7589 0.7569
21.6050 0.7596 0.7577
21.6229 0.7603 0.7583
21.6409 0.7610 0.7590
21.6588 0.7617 0.7597
21.6767 0.7623 0.7604
21.6946 0.7630 0.7611
21.7125 0.7637 0.7618
21.7304 0.7643 0.7624
21.7483 0.7650 0.7631
21.7663 0.7656 0.7637
21.7842 0.7662 0.7644
21.8021 0.7669 0.7650
21.8200 0.7675 0.7656
21.8379 0.7681 0.7662
21.8558 0.7687 0.7669
21.8737 0.7693 0.7675
21.8917 0.7699 0.7681
21.9096 0.7704 0.7687
21.9275 0.7710 0.7692
21.9454 0.7716 0.7698
21.9633 0.7721 0.7704
21.9812 0.7727 0.7710
21.9992 0.7733 0.7715
22.0171 0.7738 0.7721
22.0350 0.7743 0.7727
22.0529 0.7749 0.7732
22.0708 0.7754 0.7738
22.0887 0.7759 0.7743
22.1066 0.7765 0.7748
22.1246 0.7770 0.7754
22.1425 0.7775 0.7759
22.1604 0.7780 0.7764
22.1783 0.7785 0.7769
22.1962 0.7791 0.7775
22.2141 0.7796 0.7780
22.2320 0.7801 0.7785
22.2500 0.7806 0.7790
22.2679 0.7811 0.7795
22.2858 0.7816 0.7799
22.3037 0.7821 0.7804
22.3216 0.7827 0.7809
22.3395 0.7832 0.7814
22.3574 0.7837 0.7819
22.3754 0.7842 0.7824
22.3933 0.7848 0.7829
22.4112 0.7853 0.7834
22.4291 0.7858 0.7839
22.4470 0.7863 0.7844
22.4649 0.7869 0.7849
22.4828 0.7874 0.7854
22.5008 0.7880 0.7860
22.5187 0.7885 0.7865
22.5366 0.7890 0.7870
22.5545 0.7896 0.7876
22.5724 0.7901 0.7881
22.5903 0.7906 0.7887
22.6082 0.7912 0.7893
22.6262 0.7917 0.7898
22.6441 0.7922 0.7904
22.6620 0.7927 0.7910
22.6799 0.7932 0.7915
22.6978 0.7937 0.7921
22.7157 0.7942 0.7926
22.7337 0.7947 0.7932
22.7516 0.7952 0.7937
22.7695 0.7957 0.7942
22.7874 0.7962 0.7948
22.8053 0.7967 0.7953
22.8232 0.7972 0.7958
22.8411 0.7976 0.7963
22.8591 0.7981 0.7968
22.8770 0.7986 0.7972
22.8949 0.7991 0.7977
22.9128 0.7995 0.7982
22.9307 0.8000 0.7986
22.9486 0.8005 0.7991
22.9665 0.8009 0.7995
22.9845 0.8014 0.8000
23.0024 0.8019 0.8004
23.0203 0.8023 0.8009
23.0382 0.8028 0.8013
23.0561 0.8033 0.8017
23.0740 0.8037 0.8022
23.0919 0.8042 0.8026
23.1099 0.8046 0.8030
23.1278 0.8051 0.8035
23.1457 0.8056 0.8039
23.1636 0.8060 0.8043
23.1815 0.8064 0.8048
23.1994 0.8069 0.8052
23.2173 0.8073 0.8056
23.2353 0.8077 0.8060
23.2532 0.8082 0.8065
23.2711 0.8086 0.8069
23.2890 0.8090 0.8073
23.3069 0.8094 0.8078
23.3248 0.8098 0.8082
23.3427 0.8102 0.8086
23.3607 0.8107 0.8090
23.3786 0.8111 0.8094
23.3965 0.8115 0.8099
23.4144 0.8119 0.8103
23.4323 0.8123 0.8107
23.4502 0.8127 0.8111
23.4681 0.8131 0.8115
23.4861 0.8135 0.8119
23.5040 0.8139 0.8124
23.5219 0.8143 0.8128
23.5398 0.8147 0.8132
23.5577 0.8151 0.8136
23.5756 0.8155 0.8140
23.5936 0.8159 0.8144
23.6115 0.8163 0.8148
23.6294 0.8166 0.8152
23.6473 0.8170 0.8156
23.6652 0.8174 0.8159
23.6831 0.8178 0.8163
23.7010 0.8181 0.8167
23.7190 0.8185 0.8171
23.7369 0.8189 0.8174
23.7548 0.8192 0.8178
23.7727 0.8196 0.8182
23.7906 0.8200 0.8185
23.8085 0.8203 0.8189
23.8264 0.8207 0.8193
23.8444 0.8210 0.8196
23.8623 0.8214 0.8200
23.8802 0.8217 0.8203
23.8981 0.8221 0.8207
23.9160 0.8224 0.8210
23.9339 0.8227 0.8214
23.9518 0.8231 0.8217
23.9698 0.8234 0.8220
23.9877 0.8237 0.8224
24.0056 0.8240 0.8227
24.0235 0.8243 0.8230
24.0414 0.8246 0.8233
24.0593 0.8249 0.8236
24.0772 0.8252 0.8238
24.0952 0.8255 0.8241
24.1131 0.8257 0.8244
24.1310 0.8260 0.8246
24.1489 0.8262 0.8248
24.1668 0.8264 0.8251
24.1847 0.8266 0.8253
24.2026 0.8268 0.8255
24.2206 0.8270 0.8257
24.2385 0.8272 0.8258
24.2564 0.8274 0.8260
24.2743 0.8275 0.8262
24.2922 0.8277 0.8263
24.3101 0.8278 0.8264
24.3281 0.8280 0.8266
24.3460 0.8281 0.8267
24.3639 0.8282 0.8268
24.3818 0.8283 0.8270
24.3997 0.8285 0.8271
24.4176 0.8286 0.8272
24.4355 0.8287 0.8273
24.4535 0.8288 0.8274
24.4714 0.8290 0.8275
24.4893 0.8291 0.8276
24.5072 0.8292 0.8278
24.5251 0.8294 0.8279
24.5430 0.8295 0.8281
24.5609 0.8297 0.8282
24.5789 0.8298 0.8284
24.5968 0.8300 0.8286
24.6147 0.8302 0.8288
24.6326 0.8304 0.8290
24.6505 0.8306 0.8292
24.6684 0.8308 0.8295
24.6863 0.8311 0.8297
24.7043 0.8313 0.8300
24.7222 0.8316 0.8303
24.7401 0.8319 0.8306
24.7580 0.8322 0.8309
24.7759 0.8325 0.8312
24.7938 0.8328 0.8315
24.8117 0.8332 0.8319
24.8297 0.8335 0.8322
24.8476 0.8339 0.8326
24.8655 0.8342 0.8330
24.8834 0.8346 0.8333
24.9013 0.8350 0.8337
24.9192 0.8354 0.8341
24.9371 0.8358 0.8345
24.9551 0.8362 0.8349
24.9730 0.8366 0.8353
24.9909 0.8370 0.8357
25.0088 0.8374 0.8361
25.0267 0.8378 0.8365
25.0446 0.8382 0.8369
25.0626 0.8386 0.8373
25.0805 0.8390 0.8377
25.0984 0.8394 0.8381
25.1163 0.8398 0.8385
25.1342 0.8402 0.8389
25.1521 0.8406 0.8393
25.1700 0.8410 0.8397
25.1880 0.8413 0.8401
25.2059 0.8417 0.8405
25.2238 0.8421 0.8409
25.2417 0.8425 0.8412
25.2596 0.8429 0.8416
25.2775 0.8432 0.8420
25.2954 0.8436 0.8424
25.3134 0.8440 0.8427
25.3313 0.8443 0.8431
25.3492 0.8447 0.8435
25.3671 0.8451 0.8438
25.3850 0.8454 0.8442
25.4029 0.8458 0.8446
25.4208 0.8461 0.8449
25.4388 0.8465 0.8453
25.4567 0.8468 0.8456
25.4746 0.8472 0.8460
25.4925 0.8475 0.8463
25.5104 0.8479 0.8466
25.5283 0.8482 0.8470
25.5462 0.8485 0.8473
25.5642 0.8489 0.8476
25.5821 0.8492 0.8480
25.6000 0.8495 0.8483
25.6179 0.8498 0.8486
25.6358 0.8501 0.8489
25.6537 0.8505 0.8493
25.6716 0.8508 0.8496
25.6896 0.8511 0.8499
25.7075 0.8514 0.8502
25.7254 0.8516 0.8505
25.7433 0.8519 0.8508
25.7612 0.8522 0.8510
25.7791 0.8525 0.8513
25.7971 0.8528 0.8516
25.8150 0.8531 0.8519
25.8329 0.8533 0.8521
25.8508 0.8536 0.8524
25.8687 0.8538 0.8527
25.8866 0.8541 0.8529
25.9045 0.8544 0.8532
25.9225 0.8546 0.8534
25.9404 0.8549 0.8537
25.9583 0.8551 0.8540
25.9762 0.8554 0.8542
25.9941 0.8556 0.8544
26.0120 0.8559 0.8547
26.0299 0.8561 0.8549
26.0479 0.8563 0.8552
26.0658 0.8566 0.8554
26.0837 0.8568 0.8556
26.1016 0.8570 0.8559
26.1195 0.8573 0.8561
26.1374 0.8575 0.8563
26.1553 0.8577 0.8566
26.1733 0.8579 0.8568
26.1912 0.8582 0.8570
26.2091 0.8584 0.8572
26.2270 0.8586 0.8574
26.2449 0.8588 0.8576
26.2628 0.8590 0.8578
26.2807 0.8592 0.8580
26.2987 0.8594 0.8582
26.3166 0.8595 0.8584
26.3345 0.8597 0.8586
26.3524 0.8599 0.8588
26.3703 0.8601 0.8589
26.3882 0.8602 0.8591
26.4061 0.8604 0.8593
26.4241 0.8606 0.8595
26.4420 0.8607 0.8596
26.4599 0.8609 0.8598
26.4778 0.8611 0.8600
26.4957 0.8612 0.8601
26.5136 0.8614 0.8603
26.5315 0.8616 0.8605
26.5495 0.8618 0.8606
26.5674 0.8620 0.8608
26.5853 0.8622 0.8610
26.6032 0.8624 0.8612
26.6211 0.8626 0.8614
26.6390 0.8628 0.8616
26.6570 0.8630 0.8618
26.6749 0.8632 0.8621
26.6928 0.8634 0.8623
26.7107 0.8636 0.8625
26.7286 0.8639 0.8627
26.7465 0.8641 0.8630
26.7644 0.8644 0.8632
26.7824 0.8646 0.8635
26.8003 0.8648 0.8637
26.8182 0.8651 0.8640
26.8361 0.8653 0.8642
26.8540 0.8656 0.8645
26.8719 0.8659 0.8647
26.8898 0.8661 0.8650
26.9078 0.8664 0.8653
26.9257 0.8666 0.8655
26.9436 0.8669 0.8658
26.9615 0.8671 0.8660
26.9794 0.8674 0.8663
26.9973 0.8677 0.8666
27.0152 0.8679 0.8668
27.0332 0.8682 0.8671
27.0511 0.8684 0.8673
27.0690 0.8687 0.8676
27.0869 0.8689 0.8678
27.1048 0.8692 0.8681
27.1227 0.8694 0.8683
27.1406 0.8697 0.8686
27.1586 0.8699 0.8688
27.1765 0.8702 0.8691
27.1944 0.8704 0.8693
27.2123 0.8706 0.8696
27.2302 0.8709 0.8698
27.2481 0.8711 0.8701
27.2660 0.8713 0.8703
27.2840 0.8716 0.8705
27.3019 0.8718 0.8708
27.3198 0.8720 0.8710
27.3377 0.8723 0.8712
27.3556 0.8725 0.8715
27.3735 0.8727 0.8717
27.3915 0.8730 0.8719
27.4094 0.8732 0.8721
27.4273 0.8734 0.8724
27.4452 0.8736 0.8726
27.4631 0.8739 0.8728
27.4810 0.8741 0.8730
27.4989 0.8743 0.8733
27.5169 0.8745 0.8735
27.5348 0.8747 0.8737
27.5527 0.8750 0.8739
27.5706 0.8752 0.8741
27.5885 0.8754 0.8744
27.6064 0.8756 0.8746
27.6243 0.8758 0.8748
27.6423 0.8760 0.8750
27.6602 0.8762 0.8752
27.6781 0.8764 0.8754
27.6960 0.8766 0.8756
27.7139 0.8768 0.8758
27.7318 0.8770 0.8760
27.7497 0.8772 0.8762
27.7677 0.8774 0.8764
27.7856 0.8776 0.8766
27.8035 0.8778 0.8768
27.8214 0.8780 0.8770
27.8393 0.8782 0.8772
27.8572 0.8784 0.8774
27.8751 0.8786 0.8776
27.8931 0.8788 0.8778
27.9110 0.8790 0.8780
27.9289 0.8792 0.8782
27.9468 0.8794 0.8784
27.9647 0.8796 0.8786
27.9826 0.8798 0.8787
28.0005 0.8800 0.8789
28.0185 0.8801 0.8791
28.0364 0.8803 0.8793
28.0543 0.8805 0.8795
28.0722 0.8807 0.8797
28.0901 0.8809 0.8799
28.1080 0.8811 0.8801
28.1260 0.8812 0.8802
28.1439 0.8814 0.8804
28.1618 0.8816 0.8806
28.1797 0.8818 0.8808
28.1976 0.8820 0.8810
28.2155 0.8822 0.8812
28.2334 0.8823 0.8814
28.2514 0.8825 0.8815
28.2693 0.8827 0.8817
28.2872 0.8829 0.8819
28.3051 0.8831 0.8821
28.3230 0.8833 0.8823
28.3409 0.8834 0.8825
28.3588 0.8836 0.8826
28.3768 0.8838 0.8828
28.3947 0.8840 0.8830
28.4126 0.8842 0.8832
28.4305 0.8844 0.8834
28.4484 0.8845 0.8836
28.4663 0.8847 0.8838
28.4842 0.8849 0.8839
28.5022 0.8851 0.8841
28.5201 0.8853 0.8843
28.5380 0.8854 0.8845
28.5559 0.8856 0.8847
28.5738 0.8858 0.8849
28.5917 0.8860 0.8850
28.6096 0.8862 0.8852
28.6276 0.8864 0.8854
28.6455 0.8865 0.8856
28.6634 0.8867 0.8858
28.6813 0.8869 0.8859
28.6992 0.8871 0.8861
28.7171 0.8872 0.8863
28.7350 0.8874 0.8865
28.7530 0.8876 0.8867
28.7709 0.8878 0.8868
28.7888 0.8879 0.8870
28.8067 0.8881 0.8872
28.8246 0.8883 0.8874
28.8425 0.8885 0.8875
28.8604 0.8886 0.8877
28.8784 0.8888 0.8879
28.8963 0.8890 0.8881
28.9142 0.8892 0.8882
28.9321 0.8893 0.8884
28.9500 0.8895 0.8886
28.9679 0.8897 0.8887
28.9859 0.8898 0.8889
29.0038 0.8900 0.8891
29.0217 0.8902 0.8893
29.0396 0.8903 0.8894
29.0575 0.8905 0.8896
29.0754 0.8907 0.8898
29.0933 0.8909 0.8899
29.1113 0.8910 0.8901
29.1292 0.8912 0.8903
29.1471 0.8914 0.8904
29.1650 0.8915 0.8906
29.1829 0.8917 0.8908
29.2008 0.8918 0.8909
29.2187 0.8920 0.8911
29.2367 0.8922 0.8913
29.2546 0.8923 0.8914
29.2725 0.8925 0.8916
29.2904 0.8927 0.8918
29.3083 0.8928 0.8919
29.3262 0.8930 0.8921
29.3441 0.8932 0.8923
29.3621 0.8933 0.8924
29.3800 0.8935 0.8926
29.3979 0.8936 0.8927
29.4158 0.8938 0.8929
29.4337 0.8940 0.8931
29.4516 0.8941 0.8932
29.4695 0.8943 0.8934
29.4875 0.8944 0.8935
29.5054 0.8946 0.8937
29.5233 0.8947 0.8939
29.5412 0.8949 0.8940
29.5591 0.8951 0.8942
29.5770 0.8952 0.8943
29.5949 0.8954 0.8945
29.6129 0.8955 0.8946
29.6308 0.8957 0.8948
29.6487 0.8958 0.8950
29.6666 0.8960 0.8951
29.6845 0.8961 0.8953
29.7024 0.8963 0.8954
29.7204 0.8965 0.8956
29.7383 0.8966 0.8957
29.7562 0.8968 0.8959
29.7741 0.8969 0.8960
29.7920 0.8971 0.8962
29.8099 0.8972 0.8963
29.8278 0.8974 0.8965
29.8458 0.8975 0.8966
29.8637 0.8977 0.8968
29.8816 0.8978 0.8969
29.8995 0.8980 0.8971
29.9174 0.8981 0.8972
29.9353 0.8983 0.8974
29.9532 0.8984 0.8975
29.9712 0.8986 0.8977
29.9891 0.8987 0.8978
30.0070 0.8989 0.8980
30.0249 0.8990 0.8981
30.0428 0.8991 0.8983
30.0607 0.8993 0.8984
30.0786 0.8994 0.8986
30.0966 0.8996 0.8987
30.1145 0.8997 0.8989
30.1324 0.8999 0.8990
30.1503 0.9000 0.8992
30.1682 0.9002 0.8993
30.1861 0.9003 0.8995
30.2040 0.9004 0.8996
30.2220 0.9006 0.8997
30.2399 0.9007 0.8999
30.2578 0.9009 0.9000
30.2757 0.9010 0.9002
30.2936 0.9012 0.9003
30.3115 0.9013 0.9005
30.3294 0.9014 0.9006
30.3474 0.9016 0.9007
30.3653 0.9017 0.9009
30.3832 0.9019 0.9010
30.4011 0.9020 0.9012
30.4190 0.9021 0.9013
30.4369 0.9023 0.9014
30.4549 0.9024 0.9016
30.4728 0.9026 0.9017
30.4907 0.9027 0.9019
30.5086 0.9028 0.9020
30.5265 0.9030 0.9021
30.5444 0.9031 0.9023
30.5623 0.9032 0.9024
30.5803 0.9034 0.9026
30.5982 0.9035 0.9027
30.6161 0.9037 0.9028
30.6340 0.9038 0.9030
30.6519 0.9039 0.9031
30.6698 0.9041 0.9032
30.6877 0.9042 0.9034
30.7057 0.9043 0.9035
30.7236 0.9045 0.9036
30.7415 0.9046 0.9038
30.7594 0.9047 0.9039
30.7773 0.9049 0.9040
30.7952 0.9050 0.9042
30.8131 0.9051 0.9043
30.8311 0.9053 0.9044
30.8490 0.9054 0.9046
30.8669 0.9055 0.9047
30.8848 0.9056 0.9048
30.9027 0.9058 0.9050
30.9206 0.9059 0.9051
30.9385 0.9060 0.9052
30.9565 0.9062 0.9054
30.9744 0.9063 0.9055
30.9923 0.9064 0.9056
31.0102 0.9066 0.9058
31.0281 0.9067 0.9059
31.0460 0.9068 0.9060
31.0639 0.9069 0.9061
31.0819 0.9071 0.9063
31.0998 0.9072 0.9064
31.1177 0.9073 0.9065
31.1356 0.9075 0.9067
31.1535 0.9076 0.9068
31.1714 0.9077 0.9069
31.1894 0.9078 0.9070
31.2073 0.9080 0.9072
31.2252 0.9081 0.9073
31.2431 0.9082 0.9074
31.2610 0.9083 0.9075
31.2789 0.9085 0.9077
31.2968 0.9086 0.9078
31.3148 0.9087 0.9079
31.3327 0.9088 0.9080
31.3506 0.9090 0.9082
31.3685 0.9091 0.9083
31.3864 0.9092 0.9084
31.4043 0.9093 0.9085
31.4222 0.9094 0.9087
31.4402 0.9096 0.9088
31.4581 0.9097 0.9089
31.4760 0.9098 0.9090
31.4939 0.9099 0.9092
31.5118 0.9101 0.9093
31.5297 0.9102 0.9094
31.5476 0.9103 0.9095
31.5656 0.9104 0.9096
31.5835 0.9105 0.9098
31.6014 0.9107 0.9099
31.6193 0.9108 0.9100
31.6372 0.9109 0.9101
31.6551 0.9110 0.9102
31.6730 0.9111 0.9104
31.6910 0.9112 0.9105
31.7089 0.9114 0.9106
31.7268 0.9115 0.9107
31.7447 0.9116 0.9108
31.7626 0.9117 0.9110
31.7805 0.9118 0.9111
31.7984 0.9120 0.9112
31.8164 0.9121 0.9113
31.8343 0.9122 0.9114
31.8522 0.9123 0.9115
31.8701 0.9124 0.9117
31.8880 0.9125 0.9118
31.9059 0.9126 0.9119
31.9238 0.9128 0.9120
31.9418 0.9129 0.9121
31.9597 0.9130 0.9122
31.9776 0.9131 0.9124
31.9955 0.9132 0.9125
32.0134 0.9133 0.9126
32.0313 0.9134 0.9127
32.0493 0.9136 0.9128
32.0672 0.9137 0.9129
32.0851 0.9138 0.9130
32.1030 0.9139 0.9132
32.1209 0.9140 0.9133
32.1388 0.9141 0.9134
32.1567 0.9142 0.9135
32.1747 0.9144 0.9136
32.1926 0.9145 0.9137
32.2105 0.9146 0.9138
32.2284 0.9147 0.9139
32.2463 0.9148 0.9141
32.2642 0.9149 0.9142
32.2821 0.9150 0.9143
32.3001 0.9151 0.9144
32.3180 0.9152 0.9145
32.3359 0.9153 0.9146
32.3538 0.9155 0.9147
32.3717 0.9156 0.9148
32.3896 0.9157 0.9149
32.4075 0.9158 0.9151
32.4255 0.9159 0.9152
32.4434 0.9160 0.9153
32.4613 0.9161 0.9154
32.4792 0.9162 0.9155
32.4971 0.9163 0.9156
32.5150 0.9164 0.9157
32.5329 0.9165 0.9158
32.5509 0.9166 0.9159
32.5688 0.9168 0.9160
32.5867 0.9169 0.9161
32.6046 0.9170 0.9162
32.6225 0.9171 0.9163
32.6404 0.9172 0.9165
32.6583 0.9173 0.9166
32.6763 0.9174 0.9167
32.6942 0.9175 0.9168
32.7121 0.9176 0.9169
32.7300 0.9177 0.9170
32.7479 0.9178 0.9171
32.7658 0.9179 0.9172
32.7838 0.9180 0.9173
32.8017 0.9181 0.9174
32.8196 0.9182 0.9175
32.8375 0.9183 0.9176
32.8554 0.9184 0.9177
32.8733 0.9185 0.9178
32.8912 0.9186 0.9179
32.9092 0.9187 0.9180
32.9271 0.9188 0.9181
32.9450 0.9189 0.9182
32.9629 0.9190 0.9183
32.9808 0.9191 0.9184
32.9987 0.9193 0.9185
33.0166 0.9194 0.9186
33.0346 0.9195 0.9188
33.0525 0.9196 0.9189
33.0704 0.9197 0.9190
33.0883 0.9198 0.9191
33.1062 0.9199 0.9192
33.1241 0.9200 0.9193
33.1420 0.9201 0.9194
33.1600 0.9202 0.9195
33.1779 0.9203 0.9196
33.1958 0.9204 0.9197
33.2137 0.9205 0.9198
33.2316 0.9206 0.9199
33.2495 0.9207 0.9200
33.2674 0.9208 0.9201
33.2854 0.9209 0.9202
33.3033 0.9209 0.9203
33.3212 0.9210 0.9204
33.3391 0.9211 0.9205
33.3570 0.9212 0.9206
33.3749 0.9213 0.9207
33.3928 0.9214 0.9207
33.4108 0.9215 0.9208
33.4287 0.9216 0.9209
33.4466 0.9217 0.9210
33.4645 0.9218 0.9211
33.4824 0.9219 0.9212
33.5003 0.9220 0.9213
33.5183 0.9221 0.9214
33.5362 0.9222 0.9215
33.5541 0.9223 0.9216
33.5720 0.9224 0.9217
33.5899 0.9225 0.9218
33.6078 0.9226 0.9219
33.6257 0.9227 0.9220
33.6437 0.9228 0.9221
33.6616 0.9229 0.9222
33.6795 0.9230 0.9223
33.6974 0.9231 0.9224
33.7153 0.9232 0.9225
33.7332 0.9233 0.9226
33.7511 0.9233 0.9227
33.7691 0.9234 0.9228
33.7870 0.9235 0.9229
33.8049 0.9236 0.9230
33.8228 0.9237 0.9230
33.8407 0.9238 0.9231
33.8586 0.9239 0.9232
33.8765 0.9240 0.9233
33.8945 0.9241 0.9234
33.9124 0.9242 0.9235
33.9303 0.9243 0.9236
33.9482 0.9244 0.9237
33.9661 0.9245 0.9238
33.9840 0.9245 0.9239
34.0019 0.9246 0.9240
34.0199 0.9247 0.9241
34.0378 0.9248 0.9242
34.0557 0.9249 0.9242
34.0736 0.9250 0.9243
34.0915 0.9251 0.9244
34.1094 0.9252 0.9245
34.1273 0.9253 0.9246
34.1453 0.9254 0.9247
34.1632 0.9254 0.9248
34.1811 0.9255 0.9249
34.1990 0.9256 0.9250
34.2169 0.9257 0.9251
34.2348 0.9258 0.9252
34.2527 0.9259 0.9252
34.2707 0.9260 0.9253
34.2886 0.9261 0.9254
34.3065 0.9262 0.9255
34.3244 0.9262 0.9256
34.3423 0.9263 0.9257
34.3602 0.9264 0.9258
34.3782 0.9265 0.9259
34.3961 0.9266 0.9259
34.4140 0.9267 0.9260
34.4319 0.9268 0.9261
34.4498 0.9269 0.9262
34.4677 0.9269 0.9263
34.4856 0.9270 0.9264
34.5036 0.9271 0.9265
34.5215 0.9272 0.9266
34.5394 0.9273 0.9266
34.5573 0.9274 0.9267
34.5752 0.9275 0.9268
34.5931 0.9275 0.9269
34.6110 0.9276 0.9270
34.6290 0.9277 0.9271
34.6469 0.9278 0.9272
34.6648 0.9279 0.9273
34.6827 0.9280 0.9273
34.7006 0.9281 0.9274
34.7185 0.9281 0.9275
34.7364 0.9282 0.9276
34.7544 0.9283 0.9277
34.7723 0.9284 0.9278
34.7902 0.9285 0.9278
34.8081 0.9286 0.9279
34.8260 0.9286 0.9280
34.8439 0.9287 0.9281
34.8618 0.9288 0.9282
34.8798 0.9289 0.9283
34.8977 0.9290 0.9283
34.9156 0.9291 0.9284
34.9335 0.9291 0.9285
34.9514 0.9292 0.9286
34.9693 0.9293 0.9287
34.9872 0.9294 0.9288
35.0052 0.9295 0.9288
35.0231 0.9296 0.9289
35.0410 0.9296 0.9290
35.0589 0.9297 0.9291
35.0768 0.9298 0.9292
35.0947 0.9299 0.9293
35.1127 0.9300 0.9293
35.1306 0.9300 0.9294
35.1485 0.9301 0.9295
35.1664 0.9302 0.9296
35.1843 0.9303 0.9297
35.2022 0.9304 0.9297
35.2201 0.9304 0.9298
35.2381 0.9305 0.9299
35.2560 0.9306 0.9300
35.2739 0.9307 0.9301
35.2918 0.9308 0.9302
35.3097 0.9308 0.9302
35.3276 0.9309 0.9303
35.3455 0.9310 0.9304
35.3635 0.9311 0.9305
35.3814 0.9312 0.9305
35.3993 0.9312 0.9306
35.4172 0.9313 0.9307
35.4351 0.9314 0.9308
35.4530 0.9315 0.9309
35.4709 0.9316 0.9309
35.4889 0.9316 0.9310
35.5068 0.9317 0.9311
35.5247 0.9318 0.9312
35.5426 0.9319 0.9313
35.5605 0.9319 0.9313
35.5784 0.9320 0.9314
35.5963 0.9321 0.9315
35.6143 0.9322 0.9316
35.6322 0.9322 0.9316
35.6501 0.9323 0.9317
35.6680 0.9324 0.9318
35.6859 0.9325 0.9319
35.7038 0.9326 0.9320
35.7217 0.9326 0.9320
35.7397 0.9327 0.9321
35.7576 0.9328 0.9322
35.7755 0.9329 0.9323
35.7934 0.9329 0.9323
35.8113 0.9330 0.9324
  
  
  
  
  
dim="1">gridpoints</dimension>  
  
  
  
  
  
  
  
  
0.0000 5.6539 7.0591
0.0179 5.6539 7.0591
0.0358 5.6557 7.0634
0.0537 5.6587 7.0705
0.0717 5.6630 7.0804
0.0896 5.6684 7.0933
0.1075 5.6752 7.1092
0.1254 5.6831 7.1281
0.1433 5.6924 7.1501
0.1612 5.7029 7.1752
0.1791 5.7148 7.2037
0.1971 5.7281 7.2354
0.2150 5.7428 7.2707
0.2329 5.7590 7.3094
0.2508 5.7766 7.3518
0.2687 5.7958 7.3979
0.2866 5.8166 7.4476
0.3045 5.8391 7.5011
0.3225 5.8634 7.5582
0.3404 5.8894 7.6188
0.3583 5.9174 7.6825
0.3762 5.9474 7.7490
0.3941 5.9794 7.8177
0.4120 6.0136 7.8877
0.4300 6.0501 7.9580
0.4479 6.0889 8.0272
0.4658 6.1302 8.0934
0.4837 6.1741 8.1547
0.5016 6.2205 8.2085
0.5195 6.2696 8.2518
0.5374 6.3213 8.2815
0.5554 6.3756 8.2938
0.5733 6.4324 8.2850
0.5912 6.4916 8.2511
0.6091 6.5527 8.1881
0.6270 6.6155 8.0924
0.6449 6.6793 7.9606
0.6628 6.7434 7.7900
0.6808 6.8069 7.5790
0.6987 6.8687 7.3268
0.7166 6.9275 7.0340
0.7345 6.9817 6.7027
0.7524 7.0296 6.3363
0.7703 7.0693 5.9397
0.7882 7.0989 5.5194
0.8062 7.1162 5.0827
0.8241 7.1193 4.6382
0.8420 7.1062 4.1948
0.8599 7.0753 3.7616
0.8778 7.0251 3.3479
0.8957 6.9546 2.9620
0.9136 6.8634 2.6113
0.9316 6.7515 2.3022
0.9495 6.6195 2.0394
0.9674 6.4688 1.8260
0.9853 6.3010 1.6634
1.0032 6.1185 1.5513
1.0211 5.9240 1.4878
1.0390 5.7205 1.4698
1.0570 5.5112 1.4930
1.0749 5.2992 1.5522
1.0928 5.0874 1.6415
1.1107 4.8784 1.7549
1.1286 4.6745 1.8862
1.1465 4.4774 2.0294
1.1645 4.2882 2.1788
1.1824 4.1075 2.3292
1.2003 3.9353 2.4763
1.2182 3.7712 2.6160
1.2361 3.6145 2.7454
1.2540 3.4640 2.8622
1.2719 3.3189 2.9648
1.2899 3.1779 3.0524
1.3078 3.0401 3.1250
1.3257 2.9051 3.1831
1.3436 2.7725 3.2278
1.3615 2.6425 3.2604
1.3794 2.5159 3.2828
1.3973 2.3935 3.2969
1.4153 2.2769 3.3045
1.4332 2.1678 3.3075
1.4511 2.0678 3.3074
1.4690 1.9790 3.3054
1.4869 1.9030 3.3020
1.5048 1.8413 3.2975
1.5227 1.7951 3.2914
1.5407 1.7650 3.2829
1.5586 1.7512 3.2704
1.5765 1.7533 3.2523
1.5944 1.7704 3.2265
1.6123 1.8011 3.1912
1.6302 1.8435 3.1443
1.6481 1.8953 3.0844
1.6661 1.9542 3.0103
1.6840 2.0175 2.9216
1.7019 2.0827 2.8185
1.7198 2.1473 2.7021
1.7377 2.2091 2.5742
1.7556 2.2663 2.4374
1.7735 2.3173 2.2949
1.7915 2.3612 2.1505
1.8094 2.3975 2.0080
1.8273 2.4259 1.8718
1.8452 2.4470 1.7458
1.8631 2.4616 1.6338
1.8810 2.4706 1.5389
1.8989 2.4756 1.4639
1.9169 2.4779 1.4107
1.9348 2.4792 1.3803
1.9527 2.4810 1.3730
1.9706 2.4846 1.3884
1.9885 2.4912 1.4253
2.0064 2.5015 1.4818
2.0244 2.5160 1.5556
2.0423 2.5348 1.6438
2.0602 2.5575 1.7436
2.0781 2.5836 1.8516
2.0960 2.6121 1.9645
2.1139 2.6418 2.0793
2.1318 2.6716 2.1927
2.1498 2.7000 2.3020
2.1677 2.7258 2.4046
2.1856 2.7482 2.4983
2.2035 2.7661 2.5812
2.2214 2.7792 2.6520
2.2393 2.7874 2.7097
2.2572 2.7907 2.7541
2.2752 2.7897 2.7850
2.2931 2.7851 2.8030
2.3110 2.7778 2.8091
2.3289 2.7688 2.8046
2.3468 2.7591 2.7910
2.3647 2.7496 2.7701
2.3826 2.7410 2.7438
2.4006 2.7337 2.7139
2.4185 2.7278 2.6823
2.4364 2.7232 2.6504
2.4543 2.7195 2.6196
2.4722 2.7161 2.5908
2.4901 2.7121 2.5647
2.5080 2.7068 2.5417
2.5260 2.6993 2.5218
2.5439 2.6887 2.5047
2.5618 2.6746 2.4902
2.5797 2.6566 2.4776
2.5976 2.6347 2.4666
2.6155 2.6089 2.4565
2.6334 2.5798 2.4468
2.6514 2.5480 2.4371
2.6693 2.5142 2.4271
2.6872 2.4794 2.4166
2.7051 2.4444 2.4053
2.7230 2.4099 2.3931
2.7409 2.3765 2.3799
2.7589 2.3446 2.3656
2.7768 2.3144 2.3499
2.7947 2.2858 2.3326
2.8126 2.2585 2.3134
2.8305 2.2322 2.2921
2.8484 2.2063 2.2683
2.8663 2.1802 2.2417
2.8843 2.1535 2.2123
2.9022 2.1258 2.1799
2.9201 2.0967 2.1447
2.9380 2.0662 2.1070
2.9559 2.0345 2.0673
2.9738 2.0020 2.0264
2.9917 1.9694 1.9853
3.0097 1.9373 1.9451
3.0276 1.9067 1.9069
3.0455 1.8786 1.8722
3.0634 1.8540 1.8420
3.0813 1.8338 1.8177
3.0992 1.8191 1.8000
3.1171 1.8104 1.7898
3.1351 1.8084 1.7874
3.1530 1.8134 1.7931
3.1709 1.8255 1.8066
3.1888 1.8447 1.8274
3.2067 1.8707 1.8550
3.2246 1.9030 1.8885
3.2425 1.9409 1.9268
3.2605 1.9835 1.9689
3.2784 2.0300 2.0139
3.2963 2.0793 2.0608
3.3142 2.1303 2.1088
3.3321 2.1820 2.1574
3.3500 2.2334 2.2059
3.3679 2.2834 2.2540
3.3859 2.3312 2.3013
3.4038 2.3760 2.3477
3.4217 2.4171 2.3927
3.4396 2.4541 2.4359
3.4575 2.4866 2.4769
3.4754 2.5142 2.5148
3.4934 2.5367 2.5488
3.5113 2.5540 2.5777
3.5292 2.5659 2.6003
3.5471 2.5722 2.6151
3.5650 2.5727 2.6206
3.5829 2.5671 2.6154
3.6008 2.5552 2.5982
3.6188 2.5364 2.5678
3.6367 2.5104 2.5234
3.6546 2.4767 2.4646
3.6725 2.4349 2.3914
3.6904 2.3845 2.3042
3.7083 2.3253 2.2041
3.7262 2.2572 2.0923
3.7442 2.1800 1.9708
3.7621 2.0940 1.8414
3.7800 1.9995 1.7066
3.7979 1.8972 1.5687
3.8158 1.7876 1.4299
3.8337 1.6716 1.2924
3.8516 1.5501 1.1580
3.8696 1.4241 1.0282
3.8875 1.2944 0.9040
3.9054 1.1619 0.7861
3.9233 1.0275 0.6746
3.9412 0.8918 0.5693
3.9591 0.7554 0.4697
3.9770 0.6188 0.3750
3.9950 0.4823 0.2842
4.0129 0.3462 0.1963
4.0308 0.2107 0.1103
4.0487 0.0761 0.0252
4.0666 -0.0573 -0.0597
4.0845 -0.1893 -0.1450
4.1024 -0.3194 -0.2309
4.1204 -0.4471 -0.3177
4.1383 -0.5718 -0.4052
4.1562 -0.6927 -0.4931
4.1741 -0.8090 -0.5810
4.1920 -0.9197 -0.6682
4.2099 -1.0238 -0.7540
4.2278 -1.1202 -0.8377
4.2458 -1.2080 -0.9183
4.2637 -1.2861 -0.9950
4.2816 -1.3537 -1.0669
4.2995 -1.4100 -1.1332
4.3174 -1.4546 -1.1932
4.3353 -1.4871 -1.2461
4.3533 -1.5077 -1.2913
4.3712 -1.5164 -1.3283
4.3891 -1.5139 -1.3570
4.4070 -1.5009 -1.3771
4.4249 -1.4785 -1.3889
4.4428 -1.4478 -1.3926
4.4607 -1.4101 -1.3888
4.4787 -1.3670 -1.3783
4.4966 -1.3198 -1.3619
4.5145 -1.2700 -1.3406
4.5324 -1.2189 -1.3157
4.5503 -1.1676 -1.2882
4.5682 -1.1173 -1.2591
4.5861 -1.0689 -1.2294
4.6041 -1.0230 -1.1999
4.6220 -0.9801 -1.1712
4.6399 -0.9405 -1.1436
4.6578 -0.9046 -1.1172
4.6757 -0.8723 -1.0922
4.6936 -0.8436 -1.0681
4.7115 -0.8185 -1.0447
4.7295 -0.7968 -1.0216
4.7474 -0.7785 -0.9983
4.7653 -0.7633 -0.9745
4.7832 -0.7511 -0.9499
4.8011 -0.7419 -0.9243
4.8190 -0.7355 -0.8977
4.8369 -0.7318 -0.8702
4.8549 -0.7306 -0.8421
4.8728 -0.7317 -0.8138
4.8907 -0.7351 -0.7859
4.9086 -0.7402 -0.7588
4.9265 -0.7470 -0.7333
4.9444 -0.7550 -0.7098
4.9623 -0.7637 -0.6888
4.9803 -0.7728 -0.6708
4.9982 -0.7816 -0.6562
5.0161 -0.7899 -0.6450
5.0340 -0.7970 -0.6374
5.0519 -0.8025 -0.6331
5.0698 -0.8060 -0.6320
5.0878 -0.8071 -0.6337
5.1057 -0.8055 -0.6377
5.1236 -0.8010 -0.6434
5.1415 -0.7933 -0.6502
5.1594 -0.7825 -0.6572
5.1773 -0.7685 -0.6640
5.1952 -0.7512 -0.6696
5.2132 -0.7310 -0.6735
5.2311 -0.7079 -0.6752
5.2490 -0.6823 -0.6742
5.2669 -0.6544 -0.6700
5.2848 -0.6245 -0.6626
5.3027 -0.5932 -0.6519
5.3206 -0.5609 -0.6378
5.3386 -0.5279 -0.6207
5.3565 -0.4948 -0.6009
5.3744 -0.4620 -0.5787
5.3923 -0.4300 -0.5546
5.4102 -0.3989 -0.5291
5.4281 -0.3693 -0.5028
5.4460 -0.3414 -0.4761
5.4640 -0.3153 -0.4497
5.4819 -0.2911 -0.4238
5.4998 -0.2690 -0.3989
5.5177 -0.2488 -0.3752
5.5356 -0.2306 -0.3530
5.5535 -0.2141 -0.3325
5.5714 -0.1993 -0.3135
5.5894 -0.1860 -0.2963
5.6073 -0.1741 -0.2806
5.6252 -0.1634 -0.2663
5.6431 -0.1538 -0.2532
5.6610 -0.1453 -0.2412
5.6789 -0.1377 -0.2301
5.6968 -0.1310 -0.2195
5.7148 -0.1253 -0.2092
5.7327 -0.1205 -0.1991
5.7506 -0.1167 -0.1890
5.7685 -0.1139 -0.1788
5.7864 -0.1121 -0.1682
5.8043 -0.1112 -0.1573
5.8223 -0.1112 -0.1459
5.8402 -0.1120 -0.1342
5.8581 -0.1134 -0.1220
5.8760 -0.1153 -0.1095
5.8939 -0.1175 -0.0968
5.9118 -0.1197 -0.0838
5.9297 -0.1216 -0.0707
5.9477 -0.1231 -0.0577
5.9656 -0.1238 -0.0447
5.9835 -0.1235 -0.0320
6.0014 -0.1221 -0.0196
6.0193 -0.1194 -0.0077
6.0372 -0.1152 0.0037
6.0551 -0.1095 0.0144
6.0731 -0.1023 0.0243
6.0910 -0.0938 0.0332
6.1089 -0.0839 0.0412
6.1268 -0.0729 0.0482
6.1447 -0.0610 0.0540
6.1626 -0.0483 0.0587
6.1805 -0.0350 0.0623
6.1985 -0.0212 0.0650
6.2164 -0.0072 0.0668
6.2343 0.0069 0.0680
6.2522 0.0212 0.0687
6.2701 0.0355 0.0693
6.2880 0.0499 0.0700
6.3059 0.0643 0.0711
6.3239 0.0789 0.0729
6.3418 0.0938 0.0757
6.3597 0.1088 0.0798
6.3776 0.1242 0.0852
6.3955 0.1400 0.0923
6.4134 0.1560 0.1009
6.4313 0.1724 0.1112
6.4493 0.1890 0.1230
6.4672 0.2058 0.1362
6.4851 0.2225 0.1506
6.5030 0.2392 0.1661
6.5209 0.2557 0.1822
6.5388 0.2717 0.1989
6.5568 0.2873 0.2156
6.5747 0.3021 0.2322
6.5926 0.3163 0.2484
6.6105 0.3295 0.2639
6.6284 0.3419 0.2784
6.6463 0.3534 0.2919
6.6642 0.3639 0.3042
6.6822 0.3734 0.3151
6.7001 0.3820 0.3247
6.7180 0.3897 0.3329
6.7359 0.3965 0.3397
6.7538 0.4025 0.3453
6.7717 0.4077 0.3498
6.7896 0.4120 0.3532
6.8076 0.4156 0.3557
6.8255 0.4184 0.3576
6.8434 0.4205 0.3588
6.8613 0.4219 0.3597
6.8792 0.4225 0.3603
6.8971 0.4225 0.3609
6.9150 0.4218 0.3615
6.9330 0.4205 0.3623
6.9509 0.4187 0.3633
6.9688 0.4165 0.3647
6.9867 0.4138 0.3666
7.0046 0.4109 0.3689
7.0225 0.4078 0.3718
7.0404 0.4047 0.3753
7.0584 0.4017 0.3793
7.0763 0.3990 0.3840
7.0942 0.3966 0.3892
7.1121 0.3948 0.3950
7.1300 0.3936 0.4014
7.1479 0.3931 0.4082
7.1658 0.3935 0.4156
7.1838 0.3948 0.4234
7.2017 0.3970 0.4315
7.2196 0.4002 0.4399
7.2375 0.4043 0.4486
7.2554 0.4093 0.4574
7.2733 0.4151 0.4663
7.2912 0.4217 0.4751
7.3092 0.4290 0.4840
7.3271 0.4368 0.4926
7.3450 0.4452 0.5011
7.3629 0.4539 0.5093
7.3808 0.4630 0.5171
7.3987 0.4723 0.5246
7.4167 0.4818 0.5317
7.4346 0.4914 0.5383
7.4525 0.5010 0.5445
7.4704 0.5106 0.5502
7.4883 0.5202 0.5556
7.5062 0.5297 0.5605
7.5241 0.5392 0.5651
7.5421 0.5485 0.5694
7.5600 0.5577 0.5735
7.5779 0.5667 0.5775
7.5958 0.5756 0.5813
7.6137 0.5843 0.5852
7.6316 0.5929 0.5892
7.6495 0.6012 0.5932
7.6675 0.6093 0.5975
7.6854 0.6171 0.6019
7.7033 0.6247 0.6065
7.7212 0.6321 0.6114
7.7391 0.6393 0.6165
7.7570 0.6463 0.6217
7.7749 0.6530 0.6271
7.7929 0.6596 0.6327
7.8108 0.6660 0.6382
7.8287 0.6723 0.6439
7.8466 0.6785 0.6495
7.8645 0.6845 0.6551
7.8824 0.6905 0.6605
7.9003 0.6964 0.6658
7.9183 0.7022 0.6710
7.9362 0.7078 0.6759
7.9541 0.7133 0.6806
7.9720 0.7187 0.6851
7.9899 0.7238 0.6893
8.0078 0.7286 0.6932
8.0257 0.7331 0.6968
8.0437 0.7373 0.7001
8.0616 0.7411 0.7031
8.0795 0.7444 0.7058
8.0974 0.7473 0.7082
8.1153 0.7498 0.7104
8.1332 0.7518 0.7125
8.1512 0.7534 0.7144
8.1691 0.7546 0.7162
8.1870 0.7555 0.7180
8.2049 0.7561 0.7199
8.2228 0.7565 0.7219
8.2407 0.7567 0.7241
8.2586 0.7569 0.7266
8.2766 0.7571 0.7294
8.2945 0.7573 0.7325
8.3124 0.7577 0.7361
8.3303 0.7584 0.7401
8.3482 0.7592 0.7445
8.3661 0.7604 0.7493
8.3840 0.7619 0.7546
8.4020 0.7638 0.7602
8.4199 0.7660 0.7661
8.4378 0.7685 0.7723
8.4557 0.7714 0.7787
8.4736 0.7746 0.7852
8.4915 0.7781 0.7918
8.5094 0.7818 0.7984
8.5274 0.7858 0.8050
8.5453 0.7899 0.8114
8.5632 0.7942 0.8177
8.5811 0.7986 0.8237
8.5990 0.8030 0.8295
8.6169 0.8076 0.8350
8.6348 0.8122 0.8402
8.6528 0.8169 0.8450
8.6707 0.8216 0.8495
8.6886 0.8264 0.8537
8.7065 0.8312 0.8575
8.7244 0.8360 0.8610
8.7423 0.8409 0.8642
8.7602 0.8458 0.8672
8.7782 0.8507 0.8699
8.7961 0.8557 0.8724
8.8140 0.8607 0.8747
8.8319 0.8658 0.8770
8.8498 0.8708 0.8791
8.8677 0.8759 0.8811
8.8857 0.8809 0.8831
8.9036 0.8859 0.8851
8.9215 0.8909 0.8871
8.9394 0.8958 0.8892
8.9573 0.9007 0.8914
8.9752 0.9056 0.8937
8.9931 0.9104 0.8961
9.0111 0.9152 0.8987
9.0290 0.9200 0.9015
9.0469 0.9247 0.9045
9.0648 0.9294 0.9078
9.0827 0.9341 0.9112
9.1006 0.9387 0.9149
9.1185 0.9434 0.9188
9.1365 0.9480 0.9229
9.1544 0.9525 0.9273
9.1723 0.9571 0.9318
9.1902 0.9615 0.9365
9.2081 0.9659 0.9413
9.2260 0.9702 0.9462
9.2439 0.9744 0.9513
9.2619 0.9785 0.9564
9.2798 0.9824 0.9615
9.2977 0.9862 0.9667
9.3156 0.9899 0.9718
9.3335 0.9934 0.9769
9.3514 0.9967 0.9818
9.3693 0.9999 0.9867
9.3873 1.0029 0.9914
9.4052 1.0057 0.9960
9.4231 1.0083 1.0003
9.4410 1.0108 1.0045
9.4589 1.0131 1.0084
9.4768 1.0152 1.0121
9.4947 1.0173 1.0156
9.5127 1.0192 1.0190
9.5306 1.0210 1.0221
9.5485 1.0229 1.0251
9.5664 1.0247 1.0280
9.5843 1.0265 1.0308
9.6022 1.0285 1.0335
9.6201 1.0306 1.0363
9.6381 1.0328 1.0391
9.6560 1.0353 1.0420
9.6739 1.0379 1.0450
9.6918 1.0408 1.0482
9.7097 1.0440 1.0514
9.7276 1.0475 1.0549
9.7456 1.0512 1.0584
9.7635 1.0552 1.0621
9.7814 1.0594 1.0659
9.7993 1.0638 1.0698
9.8172 1.0684 1.0738
9.8351 1.0732 1.0778
9.8530 1.0781 1.0819
9.8710 1.0831 1.0860
9.8889 1.0881 1.0901
9.9068 1.0932 1.0941
9.9247 1.0983 1.0982
9.9426 1.1033 1.1022
9.9605 1.1083 1.1063
9.9784 1.1132 1.1102
9.9964 1.1181 1.1142
10.0143 1.1228 1.1181
10.0322 1.1275 1.1220
10.0501 1.1320 1.1259
10.0680 1.1364 1.1298
10.0859 1.1407 1.1336
10.1038 1.1449 1.1374
10.1218 1.1491 1.1413
10.1397 1.1531 1.1451
10.1576 1.1571 1.1489
10.1755 1.1611 1.1528
10.1934 1.1650 1.1566
10.2113 1.1690 1.1606
10.2292 1.1730 1.1645
10.2472 1.1770 1.1686
10.2651 1.1811 1.1727
10.2830 1.1854 1.1769
10.3009 1.1897 1.1813
10.3188 1.1941 1.1858
10.3367 1.1986 1.1904
10.3546 1.2033 1.1952
10.3726 1.2080 1.2001
10.3905 1.2129 1.2051
10.4084 1.2178 1.2103
10.4263 1.2228 1.2156
10.4442 1.2278 1.2210
10.4621 1.2329 1.2265
10.4801 1.2380 1.2321
10.4980 1.2430 1.2378
10.5159 1.2481 1.2434
10.5338 1.2531 1.2491
10.5517 1.2581 1.2547
10.5696 1.2630 1.2604
10.5875 1.2678 1.2660
10.6055 1.2726 1.2715
10.6234 1.2773 1.2770
10.6413 1.2819 1.2824
10.6592 1.2865 1.2877
10.6771 1.2911 1.2930
10.6950 1.2956 1.2982
10.7129 1.3001 1.3034
10.7309 1.3045 1.3085
10.7488 1.3091 1.3135
10.7667 1.3136 1.3186
10.7846 1.3183 1.3237
10.8025 1.3230 1.3287
10.8204 1.3279 1.3338
10.8383 1.3329 1.3390
10.8563 1.3380 1.3441
10.8742 1.3434 1.3494
10.8921 1.3489 1.3547
10.9100 1.3546 1.3601
10.9279 1.3605 1.3655
10.9458 1.3665 1.3711
10.9637 1.3728 1.3768
10.9817 1.3793 1.3827
10.9996 1.3859 1.3886
11.0175 1.3928 1.3947
11.0354 1.3997 1.4010
11.0533 1.4069 1.4074
11.0712 1.4141 1.4140
11.0891 1.4215 1.4208
11.1071 1.4290 1.4277
11.1250 1.4366 1.4349
11.1429 1.4444 1.4422
11.1608 1.4522 1.4497
11.1787 1.4602 1.4574
11.1966 1.4682 1.4653
11.2146 1.4763 1.4734
11.2325 1.4845 1.4817
11.2504 1.4928 1.4902
11.2683 1.5011 1.4988
11.2862 1.5096 1.5075
11.3041 1.5180 1.5164
11.3220 1.5266 1.5254
11.3400 1.5352 1.5345
11.3579 1.5438 1.5436
11.3758 1.5524 1.5528
11.3937 1.5611 1.5620
11.4116 1.5698 1.5711
11.4295 1.5785 1.5803
11.4474 1.5871 1.5893
11.4654 1.5957 1.5983
11.4833 1.6043 1.6072
11.5012 1.6129 1.6159
11.5191 1.6213 1.6244
11.5370 1.6297 1.6327
11.5549 1.6379 1.6409
11.5728 1.6460 1.6488
11.5908 1.6540 1.6564
11.6087 1.6618 1.6639
11.6266 1.6693 1.6710
11.6445 1.6767 1.6779
11.6624 1.6838 1.6844
11.6803 1.6906 1.6907
11.6982 1.6972 1.6966
11.7162 1.7034 1.7022
11.7341 1.7093 1.7075
11.7520 1.7148 1.7125
11.7699 1.7199 1.7171
11.7878 1.7246 1.7215
11.8057 1.7290 1.7255
11.8236 1.7329 1.7292
11.8416 1.7363 1.7327
11.8595 1.7394 1.7360
11.8774 1.7421 1.7390
11.8953 1.7444 1.7418
11.9132 1.7463 1.7445
11.9311 1.7479 1.7471
11.9491 1.7491 1.7495
11.9670 1.7501 1.7518
11.9849 1.7508 1.7540
12.0028 1.7514 1.7561
12.0207 1.7517 1.7581
12.0386 1.7519 1.7599
12.0565 1.7519 1.7615
12.0745 1.7519 1.7629
12.0924 1.7518 1.7641
12.1103 1.7516 1.7649
12.1282 1.7513 1.7655
12.1461 1.7510 1.7656
12.1640 1.7506 1.7655
12.1819 1.7502 1.7649
12.1999 1.7497 1.7639
12.2178 1.7492 1.7626
12.2357 1.7486 1.7610
12.2536 1.7480 1.7591
12.2715 1.7474 1.7569
12.2894 1.7469 1.7547
12.3073 1.7463 1.7523
12.3253 1.7458 1.7500
12.3432 1.7453 1.7479
12.3611 1.7450 1.7459
12.3790 1.7448 1.7443
12.3969 1.7447 1.7430
12.4148 1.7447 1.7422
12.4327 1.7449 1.7419
12.4507 1.7453 1.7422
12.4686 1.7458 1.7431
12.4865 1.7465 1.7445
12.5044 1.7474 1.7466
12.5223 1.7484 1.7493
12.5402 1.7495 1.7524
12.5581 1.7507 1.7561
12.5761 1.7520 1.7602
12.5940 1.7534 1.7646
12.6119 1.7548 1.7693
12.6298 1.7561 1.7742
12.6477 1.7575 1.7790
12.6656 1.7588 1.7838
12.6835 1.7600 1.7885
12.7015 1.7611 1.7928
12.7194 1.7621 1.7967
12.7373 1.7630 1.8001
12.7552 1.7637 1.8030
12.7731 1.7642 1.8051
12.7910 1.7646 1.8066
12.8090 1.7648 1.8073
12.8269 1.7647 1.8072
12.8448 1.7645 1.8064
12.8627 1.7641 1.8049
12.8806 1.7635 1.8028
12.8985 1.7627 1.8001
12.9164 1.7618 1.7970
12.9344 1.7608 1.7935
12.9523 1.7597 1.7898
12.9702 1.7588 1.7861
12.9881 1.7579 1.7824
13.0060 1.7572 1.7790
13.0239 1.7569 1.7758
13.0418 1.7570 1.7731
13.0598 1.7575 1.7709
13.0777 1.7586 1.7692
13.0956 1.7604 1.7681
13.1135 1.7627 1.7675
13.1314 1.7656 1.7675
13.1493 1.7691 1.7679
13.1672 1.7730 1.7687
13.1852 1.7773 1.7698
13.2031 1.7816 1.7710
13.2210 1.7860 1.7723
13.2389 1.7900 1.7735
13.2568 1.7936 1.7746
13.2747 1.7965 1.7754
13.2926 1.7985 1.7759
13.3106 1.7994 1.7759
13.3285 1.7992 1.7756
13.3464 1.7978 1.7747
13.3643 1.7950 1.7733
13.3822 1.7910 1.7714
13.4001 1.7859 1.7689
13.4180 1.7796 1.7658
13.4360 1.7725 1.7620
13.4539 1.7645 1.7575
13.4718 1.7559 1.7522
13.4897 1.7469 1.7458
13.5076 1.7374 1.7384
13.5255 1.7276 1.7297
13.5435 1.7175 1.7194
13.5614 1.7070 1.7075
13.5793 1.6960 1.6936
13.5972 1.6842 1.6775
13.6151 1.6713 1.6590
13.6330 1.6571 1.6379
13.6509 1.6410 1.6139
13.6689 1.6225 1.5869
13.6868 1.6013 1.5566
13.7047 1.5767 1.5230
13.7226 1.5483 1.4860
13.7405 1.5156 1.4455
13.7584 1.4782 1.4015
13.7763 1.4359 1.3541
13.7943 1.3885 1.3034
13.8122 1.3360 1.2496
13.8301 1.2784 1.1929
13.8480 1.2160 1.1336
13.8659 1.1492 1.0720
13.8838 1.0785 1.0083
13.9017 1.0045 0.9430
13.9197 0.9278 0.8763
13.9376 0.8494 0.8085
13.9555 0.7699 0.7400
13.9734 0.6903 0.6709
13.9913 0.6113 0.6016
14.0092 0.5337 0.5322
14.0271 0.4583 0.4629
14.0451 0.3857 0.3940
14.0630 0.3165 0.3256
14.0809 0.2512 0.2580
14.0988 0.1902 0.1915
14.1167 0.1339 0.1263
14.1346 0.0825 0.0629
14.1525 0.0362 0.0016
14.1705 -0.0050 -0.0571
14.1884 -0.0411 -0.1127
14.2063 -0.0721 -0.1648
14.2242 -0.0984 -0.2128
14.2421 -0.1201 -0.2563
14.2600 -0.1375 -0.2949
14.2780 -0.1511 -0.3282
14.2959 -0.1612 -0.3561
14.3138 -0.1682 -0.3783
14.3317 -0.1727 -0.3949
14.3496 -0.1751 -0.4058
14.3675 -0.1758 -0.4113
14.3854 -0.1754 -0.4117
14.4034 -0.1742 -0.4073
14.4213 -0.1726 -0.3985
14.4392 -0.1709 -0.3859
14.4571 -0.1693 -0.3700
14.4750 -0.1681 -0.3513
14.4929 -0.1674 -0.3303
14.5108 -0.1672 -0.3075
14.5288 -0.1676 -0.2835
14.5467 -0.1685 -0.2585
14.5646 -0.1699 -0.2331
14.5825 -0.1717 -0.2074
14.6004 -0.1737 -0.1819
14.6183 -0.1758 -0.1566
14.6362 -0.1779 -0.1318
14.6542 -0.1799 -0.1077
14.6721 -0.1816 -0.0842
14.6900 -0.1829 -0.0616
14.7079 -0.1837 -0.0398
14.7258 -0.1839 -0.0189
14.7437 -0.1835 0.0010
14.7616 -0.1825 0.0200
14.7796 -0.1808 0.0379
14.7975 -0.1783 0.0548
14.8154 -0.1752 0.0706
14.8333 -0.1714 0.0852
14.8512 -0.1670 0.0986
14.8691 -0.1620 0.1106
14.8870 -0.1565 0.1212
14.9050 -0.1505 0.1303
14.9229 -0.1442 0.1377
14.9408 -0.1375 0.1433
14.9587 -0.1307 0.1470
14.9766 -0.1237 0.1486
14.9945 -0.1167 0.1479
15.0124 -0.1098 0.1450
15.0304 -0.1029 0.1396
15.0483 -0.0962 0.1317
15.0662 -0.0898 0.1214
15.0841 -0.0836 0.1086
15.1020 -0.0778 0.0936
15.1199 -0.0724 0.0764
15.1379 -0.0673 0.0574
15.1558 -0.0627 0.0367
15.1737 -0.0585 0.0148
15.1916 -0.0548 -0.0079
15.2095 -0.0514 -0.0311
15.2274 -0.0485 -0.0542
15.2453 -0.0459 -0.0768
15.2633 -0.0437 -0.0985
15.2812 -0.0418 -0.1188
15.2991 -0.0401 -0.1374
15.3170 -0.0386 -0.1539
15.3349 -0.0371 -0.1681
15.3528 -0.0357 -0.1798
15.3707 -0.0342 -0.1889
15.3887 -0.0326 -0.1954
15.4066 -0.0309 -0.1993
15.4245 -0.0288 -0.2006
15.4424 -0.0265 -0.1995
15.4603 -0.0238 -0.1963
15.4782 -0.0208 -0.1911
15.4961 -0.0173 -0.1841
15.5141 -0.0135 -0.1757
15.5320 -0.0093 -0.1661
15.5499 -0.0048 -0.1554
15.5678 -0.0000 -0.1440
15.5857 0.0051 -0.1320
15.6036 0.0104 -0.1196
15.6215 0.0158 -0.1070
15.6395 0.0214 -0.0942
15.6574 0.0271 -0.0815
15.6753 0.0328 -0.0689
15.6932 0.0385 -0.0565
15.7111 0.0441 -0.0443
15.7290 0.0497 -0.0323
15.7469 0.0552 -0.0207
15.7649 0.0606 -0.0093
15.7828 0.0659 0.0017
15.8007 0.0711 0.0124
15.8186 0.0762 0.0229
15.8365 0.0812 0.0330
15.8544 0.0860 0.0428
15.8724 0.0908 0.0522
15.8903 0.0956 0.0615
15.9082 0.1002 0.0704
15.9261 0.1048 0.0791
15.9440 0.1093 0.0875
15.9619 0.1138 0.0957
15.9798 0.1183 0.1036
15.9978 0.1227 0.1114
16.0157 0.1270 0.1189
16.0336 0.1313 0.1262
16.0515 0.1356 0.1333
16.0694 0.1398 0.1403
16.0873 0.1439 0.1470
16.1052 0.1481 0.1536
16.1232 0.1521 0.1600
16.1411 0.1562 0.1663
16.1590 0.1602 0.1725
16.1769 0.1641 0.1784
16.1948 0.1681 0.1843
16.2127 0.1720 0.1900
16.2306 0.1760 0.1957
16.2486 0.1799 0.2012
16.2665 0.1839 0.2066
16.2844 0.1878 0.2119
16.3023 0.1918 0.2171
16.3202 0.1958 0.2222
16.3381 0.1998 0.2272
16.3560 0.2038 0.2322
16.3740 0.2079 0.2370
16.3919 0.2119 0.2417
16.4098 0.2160 0.2463
16.4277 0.2200 0.2509
16.4456 0.2240 0.2553
16.4635 0.2280 0.2596
16.4814 0.2319 0.2637
16.4994 0.2358 0.2678
16.5173 0.2397 0.2717
16.5352 0.2435 0.2755
16.5531 0.2473 0.2792
16.5710 0.2510 0.2828
16.5889 0.2547 0.2862
16.6069 0.2583 0.2895
16.6248 0.2619 0.2927
16.6427 0.2654 0.2958
16.6606 0.2688 0.2988
16.6785 0.2722 0.3016
16.6964 0.2756 0.3044
16.7143 0.2790 0.3070
16.7323 0.2823 0.3096
16.7502 0.2856 0.3120
16.7681 0.2889 0.3144
16.7860 0.2922 0.3167
16.8039 0.2955 0.3189
16.8218 0.2988 0.3211
16.8397 0.3021 0.3232
16.8577 0.3054 0.3252
16.8756 0.3088 0.3272
16.8935 0.3121 0.3292
16.9114 0.3155 0.3311
16.9293 0.3188 0.3331
16.9472 0.3222 0.3350
16.9651 0.3256 0.3370
16.9831 0.3290 0.3389
17.0010 0.3325 0.3409
17.0189 0.3359 0.3429
17.0368 0.3394 0.3450
17.0547 0.3428 0.3471
17.0726 0.3463 0.3493
17.0905 0.3498 0.3514
17.1085 0.3533 0.3537
17.1264 0.3568 0.3560
17.1443 0.3604 0.3583
17.1622 0.3639 0.3607
17.1801 0.3675 0.3631
17.1980 0.3710 0.3656
17.2159 0.3746 0.3681
17.2339 0.3781 0.3706
17.2518 0.3817 0.3731
17.2697 0.3852 0.3757
17.2876 0.3888 0.3784
17.3055 0.3923 0.3810
17.3234 0.3958 0.3837
17.3414 0.3993 0.3864
17.3593 0.4028 0.3892
17.3772 0.4062 0.3920
17.3951 0.4096 0.3949
17.4130 0.4130 0.3978
17.4309 0.4163 0.4008
17.4488 0.4196 0.4038
17.4668 0.4228 0.4069
17.4847 0.4260 0.4100
17.5026 0.4291 0.4132
17.5205 0.4322 0.4164
17.5384 0.4353 0.4197
17.5563 0.4383 0.4231
17.5742 0.4412 0.4264
17.5922 0.4441 0.4298
17.6101 0.4470 0.4333
17.6280 0.4498 0.4367
17.6459 0.4526 0.4402
17.6638 0.4554 0.4437
17.6817 0.4581 0.4472
17.6996 0.4609 0.4507
17.7176 0.4636 0.4542
17.7355 0.4664 0.4576
17.7534 0.4692 0.4611
17.7713 0.4719 0.4645
17.7892 0.4747 0.4678
17.8071 0.4775 0.4711
17.8250 0.4803 0.4744
17.8430 0.4831 0.4777
17.8609 0.4860 0.4808
17.8788 0.4888 0.4840
17.8967 0.4916 0.4871
17.9146 0.4945 0.4901
17.9325 0.4973 0.4931
17.9504 0.5001 0.4960
17.9684 0.5028 0.4989
17.9863 0.5056 0.5017
18.0042 0.5083 0.5044
18.0221 0.5109 0.5071
18.0400 0.5135 0.5098
18.0579 0.5161 0.5124
18.0758 0.5186 0.5150
18.0938 0.5210 0.5175
18.1117 0.5233 0.5199
18.1296 0.5256 0.5223
18.1475 0.5279 0.5247
18.1654 0.5301 0.5270
18.1833 0.5322 0.5292
18.2013 0.5343 0.5315
18.2192 0.5363 0.5337
18.2371 0.5383 0.5358
18.2550 0.5403 0.5380
18.2729 0.5423 0.5400
18.2908 0.5442 0.5421
18.3087 0.5462 0.5442
18.3267 0.5481 0.5462
18.3446 0.5501 0.5482
18.3625 0.5521 0.5501
18.3804 0.5540 0.5521
18.3983 0.5560 0.5541
18.4162 0.5580 0.5560
18.4341 0.5600 0.5579
18.4521 0.5621 0.5598
18.4700 0.5641 0.5618
18.4879 0.5662 0.5637
18.5058 0.5683 0.5656
18.5237 0.5703 0.5675
18.5416 0.5724 0.5695
18.5595 0.5745 0.5714
18.5775 0.5765 0.5733
18.5954 0.5786 0.5752
18.6133 0.5806 0.5772
18.6312 0.5826 0.5791
18.6491 0.5846 0.5810
18.6670 0.5865 0.5830
18.6849 0.5885 0.5849
18.7029 0.5903 0.5868
18.7208 0.5922 0.5887
18.7387 0.5940 0.5906
18.7566 0.5958 0.5925
18.7745 0.5976 0.5943
18.7924 0.5993 0.5961
18.8103 0.6010 0.5980
18.8283 0.6026 0.5997
18.8462 0.6043 0.6015
18.8641 0.6059 0.6032
18.8820 0.6075 0.6049
18.8999 0.6091 0.6066
18.9178 0.6106 0.6083
18.9358 0.6122 0.6099
18.9537 0.6137 0.6115
18.9716 0.6152 0.6130
18.9895 0.6167 0.6146
19.0074 0.6182 0.6161
19.0253 0.6197 0.6176
19.0432 0.6211 0.6190
19.0612 0.6226 0.6205
19.0791 0.6240 0.6219
19.0970 0.6254 0.6233
19.1149 0.6268 0.6246
19.1328 0.6282 0.6260
19.1507 0.6296 0.6273
19.1686 0.6309 0.6286
19.1866 0.6323 0.6299
19.2045 0.6336 0.6312
19.2224 0.6349 0.6325
19.2403 0.6362 0.6338
19.2582 0.6375 0.6350
19.2761 0.6388 0.6363
19.2940 0.6401 0.6375
19.3120 0.6414 0.6387
19.3299 0.6426 0.6400
19.3478 0.6438 0.6412
19.3657 0.6451 0.6424
19.3836 0.6463 0.6436
19.4015 0.6475 0.6448
19.4194 0.6487 0.6461
19.4374 0.6498 0.6472
19.4553 0.6510 0.6484
19.4732 0.6522 0.6496
19.4911 0.6533 0.6508
19.5090 0.6545 0.6520
19.5269 0.6557 0.6532
19.5448 0.6568 0.6544
19.5628 0.6580 0.6556
19.5807 0.6592 0.6568
19.5986 0.6604 0.6580
19.6165 0.6616 0.6592
19.6344 0.6628 0.6604
19.6523 0.6641 0.6616
19.6703 0.6653 0.6629
19.6882 0.6665 0.6641
19.7061 0.6678 0.6654
19.7240 0.6690 0.6666
19.7419 0.6702 0.6679
19.7598 0.6714 0.6691
19.7777 0.6727 0.6703
19.7957 0.6738 0.6716
19.8136 0.6750 0.6728
19.8315 0.6762 0.6739
19.8494 0.6773 0.6751
19.8673 0.6784 0.6762
19.8852 0.6795 0.6773
19.9031 0.6805 0.6784
19.9211 0.6815 0.6795
19.9390 0.6825 0.6805
19.9569 0.6835 0.6816
19.9748 0.6845 0.6826
19.9927 0.6854 0.6835
20.0106 0.6863 0.6845
20.0285 0.6872 0.6855
20.0465 0.6881 0.6864
20.0644 0.6890 0.6873
20.0823 0.6899 0.6882
20.1002 0.6908 0.6891
20.1181 0.6917 0.6900
20.1360 0.6926 0.6909
20.1539 0.6935 0.6918
20.1719 0.6944 0.6927
20.1898 0.6953 0.6936
20.2077 0.6962 0.6945
20.2256 0.6972 0.6954
20.2435 0.6981 0.6964
20.2614 0.6991 0.6973
20.2793 0.7001 0.6982
20.2973 0.7011 0.6991
20.3152 0.7020 0.7000
20.3331 0.7030 0.7009
20.3510 0.7040 0.7019
20.3689 0.7050 0.7028
20.3868 0.7060 0.7037
20.4048 0.7070 0.7046
20.4227 0.7080 0.7055
20.4406 0.7089 0.7065
20.4585 0.7099 0.7074
20.4764 0.7109 0.7083
20.4943 0.7118 0.7092
20.5122 0.7127 0.7101
20.5302 0.7136 0.7110
20.5481 0.7145 0.7118
20.5660 0.7154 0.7127
20.5839 0.7163 0.7136
20.6018 0.7172 0.7145
20.6197 0.7180 0.7153
20.6376 0.7188 0.7162
20.6556 0.7197 0.7170
20.6735 0.7205 0.7179
20.6914 0.7213 0.7187
20.7093 0.7221 0.7196
20.7272 0.7229 0.7204
20.7451 0.7237 0.7213
20.7630 0.7245 0.7221
20.7810 0.7253 0.7229
20.7989 0.7260 0.7238
20.8168 0.7268 0.7246
20.8347 0.7276 0.7254
20.8526 0.7284 0.7262
20.8705 0.7292 0.7271
20.8884 0.7299 0.7279
20.9064 0.7307 0.7287
20.9243 0.7315 0.7295
20.9422 0.7323 0.7303
20.9601 0.7330 0.7311
20.9780 0.7338 0.7319
20.9959 0.7346 0.7327
21.0138 0.7353 0.7335
21.0318 0.7361 0.7343
21.0497 0.7369 0.7351
21.0676 0.7376 0.7358
21.0855 0.7384 0.7366
21.1034 0.7391 0.7374
21.1213 0.7399 0.7381
21.1392 0.7406 0.7389
21.1572 0.7414 0.7397
21.1751 0.7421 0.7404
21.1930 0.7429 0.7411
21.2109 0.7436 0.7419
21.2288 0.7444 0.7426
21.2467 0.7451 0.7433
21.2647 0.7458 0.7441
21.2826 0.7466 0.7448
21.3005 0.7473 0.7455
21.3184 0.7480 0.7462
21.3363 0.7488 0.7469
21.3542 0.7495 0.7476
21.3721 0.7502 0.7483
21.3901 0.7510 0.7490
21.4080 0.7517 0.7498
21.4259 0.7524 0.7505
21.4438 0.7531 0.7512
21.4617 0.7539 0.7519
21.4796 0.7546 0.7526
21.4975 0.7553 0.7533
21.5155 0.7560 0.7540
21.5334 0.7567 0.7547
21.5513 0.7574 0.7554
21.5692 0.7581 0.7561
21.5871 0.7588 0.7568
21.6050 0.7595 0.7575
21.6229 0.7602 0.7582
21.6409 0.7609 0.7589
21.6588 0.7616 0.7596
21.6767 0.7623 0.7603
21.6946 0.7629 0.7610
21.7125 0.7636 0.7616
21.7304 0.7642 0.7623
21.7483 0.7649 0.7630
21.7663 0.7655 0.7636
21.7842 0.7661 0.7643
21.8021 0.7668 0.7649
21.8200 0.7674 0.7655
21.8379 0.7680 0.7661
21.8558 0.7686 0.7667
21.8737 0.7692 0.7673
21.8917 0.7698 0.7679
21.9096 0.7703 0.7685
21.9275 0.7709 0.7691
21.9454 0.7715 0.7697
21.9633 0.7720 0.7703
21.9812 0.7726 0.7709
21.9992 0.7732 0.7714
22.0171 0.7737 0.7720
22.0350 0.7742 0.7725
22.0529 0.7748 0.7731
22.0708 0.7753 0.7736
22.0887 0.7758 0.7742
22.1066 0.7764 0.7747
22.1246 0.7769 0.7753
22.1425 0.7774 0.7758
22.1604 0.7779 0.7763
22.1783 0.7784 0.7768
22.1962 0.7790 0.7773
22.2141 0.7795 0.7778
22.2320 0.7800 0.7783
22.2500 0.7805 0.7788
22.2679 0.7810 0.7793
22.2858 0.7815 0.7798
22.3037 0.7820 0.7803
22.3216 0.7826 0.7808
22.3395 0.7831 0.7813
22.3574 0.7836 0.7818
22.3754 0.7841 0.7823
22.3933 0.7847 0.7828
22.4112 0.7852 0.7832
22.4291 0.7857 0.7838
22.4470 0.7863 0.7843
22.4649 0.7868 0.7848
22.4828 0.7873 0.7853
22.5008 0.7879 0.7858
22.5187 0.7884 0.7864
22.5366 0.7889 0.7869
22.5545 0.7895 0.7875
22.5724 0.7900 0.7880
22.5903 0.7905 0.7886
22.6082 0.7911 0.7892
22.6262 0.7916 0.7897
22.6441 0.7921 0.7903
22.6620 0.7926 0.7909
22.6799 0.7932 0.7914
22.6978 0.7937 0.7920
22.7157 0.7942 0.7925
22.7337 0.7947 0.7931
22.7516 0.7951 0.7936
22.7695 0.7956 0.7941
22.7874 0.7961 0.7947
22.8053 0.7966 0.7952
22.8232 0.7971 0.7957
22.8411 0.7976 0.7962
22.8591 0.7980 0.7966
22.8770 0.7985 0.7971
22.8949 0.7990 0.7976
22.9128 0.7994 0.7981
22.9307 0.7999 0.7985
22.9486 0.8004 0.7990
22.9665 0.8008 0.7994
22.9845 0.8013 0.7999
23.0024 0.8018 0.8003
23.0203 0.8022 0.8007
23.0382 0.8027 0.8012
23.0561 0.8032 0.8016
23.0740 0.8036 0.8020
23.0919 0.8041 0.8025
23.1099 0.8046 0.8029
23.1278 0.8050 0.8033
23.1457 0.8055 0.8038
23.1636 0.8059 0.8042
23.1815 0.8063 0.8046
23.1994 0.8068 0.8051
23.2173 0.8072 0.8055
23.2353 0.8076 0.8059
23.2532 0.8081 0.8064
23.2711 0.8085 0.8068
23.2890 0.8089 0.8072
23.3069 0.8093 0.8076
23.3248 0.8097 0.8081
23.3427 0.8101 0.8085
23.3607 0.8106 0.8089
23.3786 0.8110 0.8093
23.3965 0.8114 0.8097
23.4144 0.8118 0.8102
23.4323 0.8122 0.8106
23.4502 0.8126 0.8110
23.4681 0.8130 0.8114
23.4861 0.8134 0.8118
23.5040 0.8138 0.8122
23.5219 0.8142 0.8126
23.5398 0.8146 0.8130
23.5577 0.8150 0.8135
23.5756 0.8154 0.8139
23.5936 0.8158 0.8143
23.6115 0.8161 0.8146
23.6294 0.8165 0.8150
23.6473 0.8169 0.8154
23.6652 0.8173 0.8158
23.6831 0.8177 0.8162
23.7010 0.8180 0.8166
23.7190 0.8184 0.8169
23.7369 0.8188 0.8173
23.7548 0.8191 0.8177
23.7727 0.8195 0.8180
23.7906 0.8199 0.8184
23.8085 0.8202 0.8188
23.8264 0.8206 0.8191
23.8444 0.8209 0.8195
23.8623 0.8213 0.8198
23.8802 0.8216 0.8202
23.8981 0.8219 0.8205
23.9160 0.8223 0.8209
23.9339 0.8226 0.8212
23.9518 0.8230 0.8216
23.9698 0.8233 0.8219
23.9877 0.8236 0.8222
24.0056 0.8239 0.8225
24.0235 0.8242 0.8228
24.0414 0.8245 0.8231
24.0593 0.8248 0.8234
24.0772 0.8251 0.8237
24.0952 0.8253 0.8240
24.1131 0.8256 0.8242
24.1310 0.8258 0.8245
24.1489 0.8261 0.8247
24.1668 0.8263 0.8249
24.1847 0.8265 0.8251
24.2026 0.8267 0.8253
24.2206 0.8269 0.8255
24.2385 0.8271 0.8257
24.2564 0.8272 0.8258
24.2743 0.8274 0.8260
24.2922 0.8275 0.8261
24.3101 0.8277 0.8263
24.3281 0.8278 0.8264
24.3460 0.8280 0.8265
24.3639 0.8281 0.8267
24.3818 0.8282 0.8268
24.3997 0.8283 0.8269
24.4176 0.8284 0.8270
24.4355 0.8286 0.8271
24.4535 0.8287 0.8272
24.4714 0.8288 0.8274
24.4893 0.8289 0.8275
24.5072 0.8291 0.8276
24.5251 0.8292 0.8278
24.5430 0.8294 0.8279
24.5609 0.8295 0.8281
24.5789 0.8297 0.8283
24.5968 0.8299 0.8284
24.6147 0.8301 0.8286
24.6326 0.8303 0.8289
24.6505 0.8305 0.8291
24.6684 0.8307 0.8293
24.6863 0.8310 0.8296
24.7043 0.8312 0.8299
24.7222 0.8315 0.8301
24.7401 0.8318 0.8304
24.7580 0.8321 0.8308
24.7759 0.8324 0.8311
24.7938 0.8327 0.8314
24.8117 0.8331 0.8318
24.8297 0.8334 0.8321
24.8476 0.8338 0.8325
24.8655 0.8342 0.8329
24.8834 0.8345 0.8332
24.9013 0.8349 0.8336
24.9192 0.8353 0.8340
24.9371 0.8357 0.8344
24.9551 0.8361 0.8348
24.9730 0.8365 0.8352
24.9909 0.8369 0.8356
25.0088 0.8373 0.8360
25.0267 0.8377 0.8364
25.0446 0.8381 0.8368
25.0626 0.8385 0.8372
25.0805 0.8389 0.8376
25.0984 0.8393 0.8380
25.1163 0.8397 0.8384
25.1342 0.8401 0.8388
25.1521 0.8405 0.8392
25.1700 0.8409 0.8396
25.1880 0.8413 0.8400
25.2059 0.8417 0.8404
25.2238 0.8421 0.8408
25.2417 0.8424 0.8412
25.2596 0.8428 0.8415
25.2775 0.8432 0.8419
25.2954 0.8436 0.8423
25.3134 0.8439 0.8427
25.3313 0.8443 0.8430
25.3492 0.8446 0.8434
25.3671 0.8450 0.8438
25.3850 0.8454 0.8441
25.4029 0.8457 0.8445
25.4208 0.8461 0.8448
25.4388 0.8464 0.8452
25.4567 0.8468 0.8455
25.4746 0.8471 0.8459
25.4925 0.8475 0.8462
25.5104 0.8478 0.8466
25.5283 0.8481 0.8469
25.5462 0.8485 0.8472
25.5642 0.8488 0.8476
25.5821 0.8491 0.8479
25.6000 0.8494 0.8482
25.6179 0.8498 0.8485
25.6358 0.8501 0.8489
25.6537 0.8504 0.8492
25.6716 0.8507 0.8495
25.6896 0.8510 0.8498
25.7075 0.8513 0.8501
25.7254 0.8516 0.8504
25.7433 0.8519 0.8507
25.7612 0.8522 0.8510
25.7791 0.8524 0.8512
25.7971 0.8527 0.8515
25.8150 0.8530 0.8518
25.8329 0.8533 0.8521
25.8508 0.8535 0.8523
25.8687 0.8538 0.8526
25.8866 0.8540 0.8528
25.9045 0.8543 0.8531
25.9225 0.8545 0.8534
25.9404 0.8548 0.8536
25.9583 0.8550 0.8539
25.9762 0.8553 0.8541
25.9941 0.8555 0.8544
26.0120 0.8558 0.8546
26.0299 0.8560 0.8548
26.0479 0.8563 0.8551
26.0658 0.8565 0.8553
26.0837 0.8567 0.8556
26.1016 0.8570 0.8558
26.1195 0.8572 0.8560
26.1374 0.8574 0.8563
26.1553 0.8576 0.8565
26.1733 0.8579 0.8567
26.1912 0.8581 0.8569
26.2091 0.8583 0.8571
26.2270 0.8585 0.8573
26.2449 0.8587 0.8576
26.2628 0.8589 0.8578
26.2807 0.8591 0.8579
26.2987 0.8593 0.8581
26.3166 0.8595 0.8583
26.3345 0.8596 0.8585
26.3524 0.8598 0.8587
26.3703 0.8600 0.8588
26.3882 0.8602 0.8590
26.4061 0.8603 0.8592
26.4241 0.8605 0.8594
26.4420 0.8607 0.8595
26.4599 0.8608 0.8597
26.4778 0.8610 0.8599
26.4957 0.8612 0.8600
26.5136 0.8613 0.8602
26.5315 0.8615 0.8604
26.5495 0.8617 0.8606
26.5674 0.8619 0.8607
26.5853 0.8621 0.8609
26.6032 0.8623 0.8611
26.6211 0.8625 0.8613
26.6390 0.8627 0.8615
26.6570 0.8629 0.8617
26.6749 0.8631 0.8620
26.6928 0.8633 0.8622
26.7107 0.8636 0.8624
26.7286 0.8638 0.8627
26.7465 0.8640 0.8629
26.7644 0.8643 0.8631
26.7824 0.8645 0.8634
26.8003 0.8648 0.8636
26.8182 0.8650 0.8639
26.8361 0.8653 0.8642
26.8540 0.8655 0.8644
26.8719 0.8658 0.8647
26.8898 0.8660 0.8649
26.9078 0.8663 0.8652
26.9257 0.8666 0.8655
26.9436 0.8668 0.8657
26.9615 0.8671 0.8660
26.9794 0.8673 0.8662
26.9973 0.8676 0.8665
27.0152 0.8679 0.8667
27.0332 0.8681 0.8670
27.0511 0.8684 0.8673
27.0690 0.8686 0.8675
27.0869 0.8689 0.8678
27.1048 0.8691 0.8680
27.1227 0.8694 0.8683
27.1406 0.8696 0.8685
27.1586 0.8699 0.8688
27.1765 0.8701 0.8690
27.1944 0.8703 0.8693
27.2123 0.8706 0.8695
27.2302 0.8708 0.8697
27.2481 0.8711 0.8700
27.2660 0.8713 0.8702
27.2840 0.8715 0.8705
27.3019 0.8718 0.8707
27.3198 0.8720 0.8709
27.3377 0.8722 0.8712
27.3556 0.8725 0.8714
27.3735 0.8727 0.8716
27.3915 0.8729 0.8718
27.4094 0.8731 0.8721
27.4273 0.8734 0.8723
27.4452 0.8736 0.8725
27.4631 0.8738 0.8727
27.4810 0.8740 0.8730
27.4989 0.8742 0.8732
27.5169 0.8745 0.8734
27.5348 0.8747 0.8736
27.5527 0.8749 0.8738
27.5706 0.8751 0.8741
27.5885 0.8753 0.8743
27.6064 0.8755 0.8745
27.6243 0.8757 0.8747
27.6423 0.8760 0.8749
27.6602 0.8762 0.8751
27.6781 0.8764 0.8753
27.6960 0.8766 0.8755
27.7139 0.8768 0.8757
27.7318 0.8770 0.8760
27.7497 0.8772 0.8762
27.7677 0.8774 0.8764
27.7856 0.8776 0.8766
27.8035 0.8778 0.8768
27.8214 0.8780 0.8769
27.8393 0.8782 0.8771
27.8572 0.8784 0.8773
27.8751 0.8786 0.8775
27.8931 0.8788 0.8777
27.9110 0.8790 0.8779
27.9289 0.8791 0.8781
27.9468 0.8793 0.8783
27.9647 0.8795 0.8785
27.9826 0.8797 0.8787
28.0005 0.8799 0.8789
28.0185 0.8801 0.8791
28.0364 0.8803 0.8792
28.0543 0.8805 0.8794
28.0722 0.8806 0.8796
28.0901 0.8808 0.8798
28.1080 0.8810 0.8800
28.1260 0.8812 0.8802
28.1439 0.8814 0.8804
28.1618 0.8816 0.8805
28.1797 0.8817 0.8807
28.1976 0.8819 0.8809
28.2155 0.8821 0.8811
28.2334 0.8823 0.8813
28.2514 0.8825 0.8815
28.2693 0.8827 0.8817
28.2872 0.8828 0.8818
28.3051 0.8830 0.8820
28.3230 0.8832 0.8822
28.3409 0.8834 0.8824
28.3588 0.8836 0.8826
28.3768 0.8838 0.8828
28.3947 0.8839 0.8830
28.4126 0.8841 0.8831
28.4305 0.8843 0.8833
28.4484 0.8845 0.8835
28.4663 0.8847 0.8837
28.4842 0.8849 0.8839
28.5022 0.8850 0.8841
28.5201 0.8852 0.8842
28.5380 0.8854 0.8844
28.5559 0.8856 0.8846
28.5738 0.8858 0.8848
28.5917 0.8859 0.8850
28.6096 0.8861 0.8852
28.6276 0.8863 0.8853
28.6455 0.8865 0.8855
28.6634 0.8867 0.8857
28.6813 0.8868 0.8859
28.6992 0.8870 0.8861
28.7171 0.8872 0.8862
28.7350 0.8874 0.8864
28.7530 0.8875 0.8866
28.7709 0.8877 0.8868
28.7888 0.8879 0.8869
28.8067 0.8881 0.8871
28.8246 0.8882 0.8873
28.8425 0.8884 0.8875
28.8604 0.8886 0.8876
28.8784 0.8888 0.8878
28.8963 0.8889 0.8880
28.9142 0.8891 0.8882
28.9321 0.8893 0.8883
28.9500 0.8894 0.8885
28.9679 0.8896 0.8887
28.9859 0.8898 0.8889
29.0038 0.8900 0.8890
29.0217 0.8901 0.8892
29.0396 0.8903 0.8894
29.0575 0.8905 0.8895
29.0754 0.8906 0.8897
29.0933 0.8908 0.8899
29.1113 0.8910 0.8900
29.1292 0.8911 0.8902
29.1471 0.8913 0.8904
29.1650 0.8915 0.8905
29.1829 0.8916 0.8907
29.2008 0.8918 0.8909
29.2187 0.8920 0.8910
29.2367 0.8921 0.8912
29.2546 0.8923 0.8914
29.2725 0.8925 0.8915
29.2904 0.8926 0.8917
29.3083 0.8928 0.8919
29.3262 0.8929 0.8920
29.3441 0.8931 0.8922
29.3621 0.8933 0.8923
29.3800 0.8934 0.8925
29.3979 0.8936 0.8927
29.4158 0.8937 0.8928
29.4337 0.8939 0.8930
29.4516 0.8941 0.8932
29.4695 0.8942 0.8933
29.4875 0.8944 0.8935
29.5054 0.8945 0.8936
29.5233 0.8947 0.8938
29.5412 0.8949 0.8939
29.5591 0.8950 0.8941
29.5770 0.8952 0.8943
29.5949 0.8953 0.8944
29.6129 0.8955 0.8946
29.6308 0.8956 0.8947
29.6487 0.8958 0.8949
29.6666 0.8959 0.8950
29.6845 0.8961 0.8952
29.7024 0.8962 0.8954
29.7204 0.8964 0.8955
29.7383 0.8966 0.8957
29.7562 0.8967 0.8958
29.7741 0.8969 0.8960
29.7920 0.8970 0.8961
29.8099 0.8972 0.8963
29.8278 0.8973 0.8964
29.8458 0.8975 0.8966
29.8637 0.8976 0.8967
29.8816 0.8978 0.8969
29.8995 0.8979 0.8970
29.9174 0.8981 0.8972
29.9353 0.8982 0.8973
29.9532 0.8984 0.8975
29.9712 0.8985 0.8976
29.9891 0.8987 0.8978
30.0070 0.8988 0.8979
30.0249 0.8990 0.8981
30.0428 0.8991 0.8982
30.0607 0.8992 0.8984
30.0786 0.8994 0.8985
30.0966 0.8995 0.8987
30.1145 0.8997 0.8988
30.1324 0.8998 0.8990
30.1503 0.9000 0.8991
30.1682 0.9001 0.8993
30.1861 0.9003 0.8994
30.2040 0.9004 0.8995
30.2220 0.9005 0.8997
30.2399 0.9007 0.8998
30.2578 0.9008 0.9000
30.2757 0.9010 0.9001
30.2936 0.9011 0.9003
30.3115 0.9013 0.9004
30.3294 0.9014 0.9005
30.3474 0.9015 0.9007
30.3653 0.9017 0.9008
30.3832 0.9018 0.9010
30.4011 0.9020 0.9011
30.4190 0.9021 0.9012
30.4369 0.9022 0.9014
30.4549 0.9024 0.9015
30.4728 0.9025 0.9017
30.4907 0.9027 0.9018
30.5086 0.9028 0.9019
30.5265 0.9029 0.9021
30.5444 0.9031 0.9022
30.5623 0.9032 0.9024
30.5803 0.9033 0.9025
30.5982 0.9035 0.9026
30.6161 0.9036 0.9028
30.6340 0.9037 0.9029
30.6519 0.9039 0.9030
30.6698 0.9040 0.9032
30.6877 0.9041 0.9033
30.7057 0.9043 0.9034
30.7236 0.9044 0.9036
30.7415 0.9045 0.9037
30.7594 0.9047 0.9039
30.7773 0.9048 0.9040
30.7952 0.9049 0.9041
30.8131 0.9051 0.9043
30.8311 0.9052 0.9044
30.8490 0.9053 0.9045
30.8669 0.9055 0.9046
30.8848 0.9056 0.9048
30.9027 0.9057 0.9049
30.9206 0.9059 0.9050
30.9385 0.9060 0.9052
30.9565 0.9061 0.9053
30.9744 0.9063 0.9054
30.9923 0.9064 0.9056
31.0102 0.9065 0.9057
31.0281 0.9066 0.9058
31.0460 0.9068 0.9060
31.0639 0.9069 0.9061
31.0819 0.9070 0.9062
31.0998 0.9072 0.9063
31.1177 0.9073 0.9065
31.1356 0.9074 0.9066
31.1535 0.9075 0.9067
31.1714 0.9077 0.9069
31.1894 0.9078 0.9070
31.2073 0.9079 0.9071
31.2252 0.9080 0.9072
31.2431 0.9082 0.9074
31.2610 0.9083 0.9075
31.2789 0.9084 0.9076
31.2968 0.9085 0.9077
31.3148 0.9087 0.9079
31.3327 0.9088 0.9080
31.3506 0.9089 0.9081
31.3685 0.9090 0.9082
31.3864 0.9092 0.9084
31.4043 0.9093 0.9085
31.4222 0.9094 0.9086
31.4402 0.9095 0.9087
31.4581 0.9096 0.9089
31.4760 0.9098 0.9090
31.4939 0.9099 0.9091
31.5118 0.9100 0.9092
31.5297 0.9101 0.9093
31.5476 0.9102 0.9095
31.5656 0.9104 0.9096
31.5835 0.9105 0.9097
31.6014 0.9106 0.9098
31.6193 0.9107 0.9099
31.6372 0.9108 0.9101
31.6551 0.9110 0.9102
31.6730 0.9111 0.9103
31.6910 0.9112 0.9104
31.7089 0.9113 0.9105
31.7268 0.9114 0.9107
31.7447 0.9116 0.9108
31.7626 0.9117 0.9109
31.7805 0.9118 0.9110
31.7984 0.9119 0.9111
31.8164 0.9120 0.9113
31.8343 0.9121 0.9114
31.8522 0.9123 0.9115
31.8701 0.9124 0.9116
31.8880 0.9125 0.9117
31.9059 0.9126 0.9118
31.9238 0.9127 0.9120
31.9418 0.9128 0.9121
31.9597 0.9130 0.9122
31.9776 0.9131 0.9123
31.9955 0.9132 0.9124
32.0134 0.9133 0.9125
32.0313 0.9134 0.9126
32.0493 0.9135 0.9128
32.0672 0.9136 0.9129
32.0851 0.9137 0.9130
32.1030 0.9139 0.9131
32.1209 0.9140 0.9132
32.1388 0.9141 0.9133
32.1567 0.9142 0.9134
32.1747 0.9143 0.9136
32.1926 0.9144 0.9137
32.2105 0.9145 0.9138
32.2284 0.9146 0.9139
32.2463 0.9148 0.9140
32.2642 0.9149 0.9141
32.2821 0.9150 0.9142
32.3001 0.9151 0.9143
32.3180 0.9152 0.9144
32.3359 0.9153 0.9146
32.3538 0.9154 0.9147
32.3717 0.9155 0.9148
32.3896 0.9156 0.9149
32.4075 0.9157 0.9150
32.4255 0.9159 0.9151
32.4434 0.9160 0.9152
32.4613 0.9161 0.9153
32.4792 0.9162 0.9154
32.4971 0.9163 0.9155
32.5150 0.9164 0.9157
32.5329 0.9165 0.9158
32.5509 0.9166 0.9159
32.5688 0.9167 0.9160
32.5867 0.9168 0.9161
32.6046 0.9169 0.9162
32.6225 0.9170 0.9163
32.6404 0.9171 0.9164
32.6583 0.9172 0.9165
32.6763 0.9173 0.9166
32.6942 0.9175 0.9167
32.7121 0.9176 0.9168
32.7300 0.9177 0.9169
32.7479 0.9178 0.9170
32.7658 0.9179 0.9171
32.7838 0.9180 0.9173
32.8017 0.9181 0.9174
32.8196 0.9182 0.9175
32.8375 0.9183 0.9176
32.8554 0.9184 0.9177
32.8733 0.9185 0.9178
32.8912 0.9186 0.9179
32.9092 0.9187 0.9180
32.9271 0.9188 0.9181
32.9450 0.9189 0.9182
32.9629 0.9190 0.9183
32.9808 0.9191 0.9184
32.9987 0.9192 0.9185
33.0166 0.9193 0.9186
33.0346 0.9194 0.9187
33.0525 0.9195 0.9188
33.0704 0.9196 0.9189
33.0883 0.9197 0.9190
33.1062 0.9198 0.9191
33.1241 0.9199 0.9192
33.1420 0.9200 0.9193
33.1600 0.9201 0.9194
33.1779 0.9202 0.9195
33.1958 0.9203 0.9196
33.2137 0.9204 0.9197
33.2316 0.9205 0.9198
33.2495 0.9206 0.9199
33.2674 0.9207 0.9200
33.2854 0.9208 0.9201
33.3033 0.9209 0.9202
33.3212 0.9210 0.9203
33.3391 0.9211 0.9204
33.3570 0.9212 0.9205
33.3749 0.9213 0.9206
33.3928 0.9214 0.9207
33.4108 0.9215 0.9208
33.4287 0.9216 0.9209
33.4466 0.9217 0.9210
33.4645 0.9218 0.9211
33.4824 0.9219 0.9212
33.5003 0.9220 0.9213
33.5183 0.9221 0.9214
33.5362 0.9222 0.9215
33.5541 0.9223 0.9216
33.5720 0.9224 0.9217
33.5899 0.9225 0.9218
33.6078 0.9226 0.9219
33.6257 0.9226 0.9220
33.6437 0.9227 0.9221
33.6616 0.9228 0.9221
33.6795 0.9229 0.9222
33.6974 0.9230 0.9223
33.7153 0.9231 0.9224
33.7332 0.9232 0.9225
33.7511 0.9233 0.9226
33.7691 0.9234 0.9227
33.7870 0.9235 0.9228
33.8049 0.9236 0.9229
33.8228 0.9237 0.9230
33.8407 0.9238 0.9231
33.8586 0.9239 0.9232
33.8765 0.9240 0.9233
33.8945 0.9240 0.9234
33.9124 0.9241 0.9235
33.9303 0.9242 0.9236
33.9482 0.9243 0.9236
33.9661 0.9244 0.9237
33.9840 0.9245 0.9238
34.0019 0.9246 0.9239
34.0199 0.9247 0.9240
34.0378 0.9248 0.9241
34.0557 0.9249 0.9242
34.0736 0.9250 0.9243
34.0915 0.9251 0.9244
34.1094 0.9251 0.9245
34.1273 0.9252 0.9246
34.1453 0.9253 0.9247
34.1632 0.9254 0.9247
34.1811 0.9255 0.9248
34.1990 0.9256 0.9249
34.2169 0.9257 0.9250
34.2348 0.9258 0.9251
34.2527 0.9259 0.9252
34.2707 0.9259 0.9253
34.2886 0.9260 0.9254
34.3065 0.9261 0.9255
34.3244 0.9262 0.9255
34.3423 0.9263 0.9256
34.3602 0.9264 0.9257
34.3782 0.9265 0.9258
34.3961 0.9266 0.9259
34.4140 0.9266 0.9260
34.4319 0.9267 0.9261
34.4498 0.9268 0.9262
34.4677 0.9269 0.9263
34.4856 0.9270 0.9263
34.5036 0.9271 0.9264
34.5215 0.9272 0.9265
34.5394 0.9273 0.9266
34.5573 0.9273 0.9267
34.5752 0.9274 0.9268
34.5931 0.9275 0.9269
34.6110 0.9276 0.9269
34.6290 0.9277 0.9270
34.6469 0.9278 0.9271
34.6648 0.9279 0.9272
34.6827 0.9279 0.9273
34.7006 0.9280 0.9274
34.7185 0.9281 0.9275
34.7364 0.9282 0.9275
34.7544 0.9283 0.9276
34.7723 0.9284 0.9277
34.7902 0.9284 0.9278
34.8081 0.9285 0.9279
34.8260 0.9286 0.9280
34.8439 0.9287 0.9281
34.8618 0.9288 0.9281
34.8798 0.9289 0.9282
34.8977 0.9289 0.9283
34.9156 0.9290 0.9284
34.9335 0.9291 0.9285
34.9514 0.9292 0.9286
34.9693 0.9293 0.9286
34.9872 0.9294 0.9287
35.0052 0.9294 0.9288
35.0231 0.9295 0.9289
35.0410 0.9296 0.9290
35.0589 0.9297 0.9290
35.0768 0.9298 0.9291
35.0947 0.9298 0.9292
35.1127 0.9299 0.9293
35.1306 0.9300 0.9294
35.1485 0.9301 0.9295
35.1664 0.9302 0.9295
35.1843 0.9302 0.9296
35.2022 0.9303 0.9297
35.2201 0.9304 0.9298
35.2381 0.9305 0.9299
35.2560 0.9306 0.9299
35.2739 0.9306 0.9300
35.2918 0.9307 0.9301
35.3097 0.9308 0.9302
35.3276 0.9309 0.9303
35.3455 0.9310 0.9303
35.3635 0.9310 0.9304
35.3814 0.9311 0.9305
35.3993 0.9312 0.9306
35.4172 0.9313 0.9307
35.4351 0.9314 0.9307
35.4530 0.9314 0.9308
35.4709 0.9315 0.9309
35.4889 0.9316 0.9310
35.5068 0.9317 0.9311
35.5247 0.9318 0.9311
35.5426 0.9318 0.9312
35.5605 0.9319 0.9313
35.5784 0.9320 0.9314
35.5963 0.9321 0.9314
35.6143 0.9321 0.9315
35.6322 0.9322 0.9316
35.6501 0.9323 0.9317
35.6680 0.9324 0.9318
35.6859 0.9324 0.9318
35.7038 0.9325 0.9319
35.7217 0.9326 0.9320
35.7397 0.9327 0.9321
35.7576 0.9327 0.9321
35.7755 0.9328 0.9322
35.7934 0.9329 0.9323
35.8113 0.9330 0.9324
