0.0000 23.8859 10.6163
0.0185 23.8412 10.6158
0.0371 23.7077 10.6146
0.0556 23.4866 10.6125
0.0742 23.1801 10.6097
0.0927 22.7912 10.6062
0.1112 22.3231 10.6022
0.1298 21.7794 10.5975
0.1483 21.1641 10.5922
0.1669 20.4810 10.5861
0.1854 19.7342 10.5788
0.2039 18.9279 10.5700
0.2225 18.0668 10.5588
0.2410 17.1559 10.5443
0.2596 16.2010 10.5251
0.2781 15.2089 10.4999
0.2966 14.1874 10.4666
0.3152 13.1456 10.4232
0.3337 12.0936 10.3673
0.3523 11.0424 10.2965
0.3708 10.0037 10.2083
0.3894 8.9896 10.1002
0.4079 8.0118 9.9703
0.4264 7.0815 9.8167
0.4450 6.2089 9.6383
0.4635 5.4026 9.4348
0.4821 4.6692 9.2067
0.5006 4.0138 8.9554
0.5191 3.4389 8.6833
0.5377 2.9453 8.3937
0.5562 2.5319 8.0910
0.5748 2.1960 7.7802
0.5933 1.9336 7.4668
0.6118 1.7398 7.1566
0.6304 1.6090 6.8555
0.6489 1.5352 6.5693
0.6675 1.5126 6.3030
0.6860 1.5351 6.0610
0.7045 1.5971 5.8469
0.7231 1.6931 5.6630
0.7416 1.8181 5.5106
0.7602 1.9672 5.3897
0.7787 2.1359 5.2993
0.7972 2.3197 5.2371
0.8158 2.5144 5.2001
0.8343 2.7159 5.1843
0.8529 2.9202 5.1850
0.8714 3.1231 5.1973
0.8899 3.3208 5.2159
0.9085 3.5091 5.2352
0.9270 3.6844 5.2501
0.9456 3.8428 5.2555
0.9641 3.9810 5.2470
0.9827 4.0958 5.2209
1.0012 4.1844 5.1741
1.0197 4.2449 5.1048
1.0383 4.2756 5.0119
1.0568 4.2760 4.8957
1.0754 4.2461 4.7575
1.0939 4.1871 4.5997
1.1124 4.1010 4.4255
1.1310 3.9906 4.2391
1.1495 3.8599 4.0450
1.1681 3.7133 3.8481
1.1866 3.5558 3.6533
1.2051 3.3929 3.4653
1.2237 3.2301 3.2883
1.2422 3.0727 3.1259
1.2608 2.9258 2.9809
1.2793 2.7937 2.8553
1.2978 2.6801 2.7501
1.3164 2.5874 2.6654
1.3349 2.5173 2.6008
1.3535 2.4702 2.5551
1.3720 2.4455 2.5264
1.3905 2.4414 2.5128
1.4091 2.4554 2.5120
1.4276 2.4842 2.5216
1.4462 2.5240 2.5392
1.4647 2.5707 2.5626
1.4832 2.6201 2.5897
1.5018 2.6681 2.6187
1.5203 2.7108 2.6480
1.5389 2.7450 2.6764
1.5574 2.7679 2.7027
1.5760 2.7776 2.7262
1.5945 2.7729 2.7466
1.6130 2.7532 2.7636
1.6316 2.7190 2.7772
1.6501 2.6712 2.7876
1.6687 2.6116 2.7954
1.6872 2.5421 2.8010
1.7057 2.4654 2.8049
1.7243 2.3840 2.8079
1.7428 2.3006 2.8104
1.7614 2.2178 2.8131
1.7799 2.1380 2.8162
1.7984 2.0632 2.8201
1.8170 1.9950 2.8249
1.8355 1.9346 2.8306
1.8541 1.8828 2.8371
1.8726 1.8399 2.8443
1.8911 1.8059 2.8516
1.9097 1.7803 2.8588
1.9282 1.7626 2.8654
1.9468 1.7520 2.8707
1.9653 1.7478 2.8743
1.9838 1.7491 2.8755
2.0024 1.7552 2.8738
2.0209 1.7654 2.8684
2.0395 1.7792 2.8589
2.0580 1.7961 2.8447
2.0765 1.8160 2.8253
2.0951 1.8384 2.8003
2.1136 1.8633 2.7695
2.1322 1.8905 2.7329
2.1507 1.9199 2.6906
2.1693 1.9512 2.6430
2.1878 1.9842 2.5907
2.2063 2.0186 2.5345
2.2249 2.0541 2.4756
2.2434 2.0904 2.4152
2.2620 2.1269 2.3549
2.2805 2.1632 2.2962
2.2990 2.1990 2.2407
2.3176 2.2339 2.1901
2.3361 2.2675 2.1458
2.3547 2.2997 2.1092
2.3732 2.3302 2.0815
2.3917 2.3590 2.0635
2.4103 2.3860 2.0558
2.4288 2.4113 2.0585
2.4474 2.4349 2.0714
2.4659 2.4570 2.0943
2.4844 2.4777 2.1261
2.5030 2.4971 2.1659
2.5215 2.5155 2.2125
2.5401 2.5329 2.2644
2.5586 2.5494 2.3201
2.5771 2.5652 2.3781
2.5957 2.5803 2.4369
2.6142 2.5947 2.4951
2.6328 2.6085 2.5514
2.6513 2.6217 2.6046
2.6698 2.6343 2.6539
2.6884 2.6463 2.6986
2.7069 2.6577 2.7380
2.7255 2.6683 2.7720
2.7440 2.6782 2.8006
2.7626 2.6871 2.8238
2.7811 2.6949 2.8422
2.7996 2.7014 2.8561
2.8182 2.7063 2.8662
2.8367 2.7093 2.8733
2.8553 2.7101 2.8781
2.8738 2.7084 2.8813
2.8923 2.7039 2.8836
2.9109 2.6965 2.8856
2.9294 2.6860 2.8876
2.9480 2.6724 2.8898
2.9665 2.6559 2.8923
2.9850 2.6366 2.8949
3.0036 2.6151 2.8973
3.0221 2.5917 2.8989
3.0407 2.5670 2.8992
3.0592 2.5418 2.8975
3.0777 2.5167 2.8932
3.0963 2.4925 2.8856
3.1148 2.4696 2.8743
3.1334 2.4487 2.8589
3.1519 2.4301 2.8392
3.1704 2.4141 2.8150
3.1890 2.4007 2.7865
3.2075 2.3899 2.7539
3.2261 2.3812 2.7176
3.2446 2.3743 2.6780
3.2631 2.3685 2.6356
3.2817 2.3632 2.5909
3.3002 2.3575 2.5446
3.3188 2.3508 2.4970
3.3373 2.3423 2.4487
3.3559 2.3315 2.4001
3.3744 2.3180 2.3517
3.3929 2.3015 2.3039
3.4115 2.2818 2.2571
3.4300 2.2592 2.2117
3.4486 2.2338 2.1680
3.4671 2.2061 2.1266
3.4856 2.1765 2.0879
3.5042 2.1457 2.0521
3.5227 2.1142 2.0198
3.5413 2.0826 1.9913
3.5598 2.0514 1.9669
3.5783 2.0210 1.9468
3.5969 1.9918 1.9312
3.6154 1.9640 1.9199
3.6340 1.9376 1.9129
3.6525 1.9125 1.9097
3.6710 1.8885 1.9098
3.6896 1.8653 1.9126
3.7081 1.8425 1.9170
3.7267 1.8195 1.9221
3.7452 1.7956 1.9264
3.7637 1.7701 1.9287
3.7823 1.7423 1.9273
3.8008 1.7113 1.9207
3.8194 1.6763 1.9073
3.8379 1.6365 1.8854
3.8564 1.5910 1.8537
3.8750 1.5393 1.8107
3.8935 1.4806 1.7553
3.9121 1.4146 1.6867
3.9306 1.3409 1.6042
3.9492 1.2596 1.5077
3.9677 1.1707 1.3973
3.9862 1.0746 1.2737
4.0048 0.9719 1.1377
4.0233 0.8633 0.9908
4.0419 0.7496 0.8345
4.0604 0.6319 0.6709
4.0789 0.5113 0.5021
4.0975 0.3889 0.3306
4.1160 0.2659 0.1589
4.1346 0.1434 -0.0107
4.1531 0.0223 -0.1757
4.1716 -0.0963 -0.3338
4.1902 -0.2116 -0.4831
4.2087 -0.3228 -0.6217
4.2273 -0.4293 -0.7482
4.2458 -0.5306 -0.8617
4.2643 -0.6262 -0.9613
4.2829 -0.7158 -1.0468
4.3014 -0.7990 -1.1181
4.3200 -0.8756 -1.1757
4.3385 -0.9455 -1.2202
4.3570 -1.0086 -1.2524
4.3756 -1.0647 -1.2734
4.3941 -1.1139 -1.2845
4.4127 -1.1562 -1.2867
4.4312 -1.1917 -1.2815
4.4497 -1.2205 -1.2701
4.4683 -1.2430 -1.2536
4.4868 -1.2592 -1.2332
4.5054 -1.2696 -1.2098
4.5239 -1.2746 -1.1844
4.5425 -1.2744 -1.1576
4.5610 -1.2696 -1.1301
4.5795 -1.2606 -1.1023
4.5981 -1.2477 -1.0745
4.6166 -1.2314 -1.0471
4.6352 -1.2122 -1.0202
4.6537 -1.1903 -0.9939
4.6722 -1.1661 -0.9681
4.6908 -1.1400 -0.9428
4.7093 -1.1122 -0.9180
4.7279 -1.0830 -0.8936
4.7464 -1.0525 -0.8695
4.7649 -1.0210 -0.8456
4.7835 -0.9887 -0.8219
4.8020 -0.9557 -0.7984
4.8206 -0.9222 -0.7751
4.8391 -0.8884 -0.7521
4.8576 -0.8545 -0.7295
4.8762 -0.8206 -0.7075
4.8947 -0.7870 -0.6863
4.9133 -0.7539 -0.6660
4.9318 -0.7215 -0.6469
4.9503 -0.6903 -0.6292
4.9689 -0.6604 -0.6130
4.9874 -0.6321 -0.5984
5.0060 -0.6057 -0.5854
5.0245 -0.5814 -0.5741
5.0430 -0.5595 -0.5644
5.0616 -0.5401 -0.5561
5.0801 -0.5232 -0.5490
5.0987 -0.5091 -0.5429
5.1172 -0.4976 -0.5375
5.1358 -0.4886 -0.5324
5.1543 -0.4820 -0.5275
5.1728 -0.4775 -0.5222
5.1914 -0.4748 -0.5165
5.2099 -0.4735 -0.5099
5.2285 -0.4734 -0.5024
5.2470 -0.4740 -0.4938
5.2655 -0.4749 -0.4839
5.2841 -0.4758 -0.4726
5.3026 -0.4762 -0.4601
5.3212 -0.4759 -0.4462
5.3397 -0.4747 -0.4310
5.3582 -0.4722 -0.4147
5.3768 -0.4685 -0.3973
5.3953 -0.4633 -0.3790
5.4139 -0.4567 -0.3599
5.4324 -0.4487 -0.3402
5.4509 -0.4393 -0.3201
5.4695 -0.4285 -0.2997
5.4880 -0.4165 -0.2793
5.5066 -0.4034 -0.2591
5.5251 -0.3892 -0.2391
5.5436 -0.3741 -0.2197
5.5622 -0.3582 -0.2009
5.5807 -0.3415 -0.1828
5.5993 -0.3242 -0.1657
5.6178 -0.3063 -0.1496
5.6363 -0.2880 -0.1344
5.6549 -0.2694 -0.1204
5.6734 -0.2504 -0.1074
5.6920 -0.2313 -0.0955
5.7105 -0.2120 -0.0846
5.7291 -0.1928 -0.0745
5.7476 -0.1736 -0.0653
5.7661 -0.1545 -0.0568
5.7847 -0.1356 -0.0490
5.8032 -0.1170 -0.0416
5.8218 -0.0986 -0.0346
5.8403 -0.0805 -0.0279
5.8588 -0.0628 -0.0215
5.8774 -0.0454 -0.0151
5.8959 -0.0284 -0.0089
5.9145 -0.0117 -0.0026
5.9330 0.0047 0.0037
5.9515 0.0207 0.0100
5.9701 0.0363 0.0165
5.9886 0.0516 0.0230
6.0072 0.0666 0.0297
6.0257 0.0812 0.0366
6.0442 0.0954 0.0436
6.0628 0.1093 0.0508
6.0813 0.1227 0.0582
6.0999 0.1358 0.0659
6.1184 0.1486 0.0737
6.1369 0.1609 0.0819
6.1555 0.1727 0.0903
6.1740 0.1842 0.0990
6.1926 0.1951 0.1080
6.2111 0.2056 0.1172
6.2296 0.2155 0.1267
6.2482 0.2247 0.1364
6.2667 0.2334 0.1463
6.2853 0.2413 0.1563
6.3038 0.2484 0.1665
6.3224 0.2546 0.1767
6.3409 0.2600 0.1870
6.3594 0.2644 0.1972
6.3780 0.2678 0.2073
6.3965 0.2702 0.2172
6.4151 0.2717 0.2270
6.4336 0.2723 0.2366
6.4521 0.2720 0.2459
6.4707 0.2710 0.2551
6.4892 0.2693 0.2640
6.5078 0.2672 0.2728
6.5263 0.2649 0.2814
6.5448 0.2624 0.2899
6.5634 0.2601 0.2984
6.5819 0.2580 0.3070
6.6005 0.2565 0.3156
6.6190 0.2557 0.3244
6.6375 0.2557 0.3334
6.6561 0.2566 0.3426
6.6746 0.2587 0.3521
6.6932 0.2618 0.3619
6.7117 0.2661 0.3719
6.7302 0.2715 0.3822
6.7488 0.2779 0.3926
6.7673 0.2854 0.4033
6.7859 0.2937 0.4140
6.8044 0.3029 0.4248
6.8229 0.3128 0.4356
6.8415 0.3232 0.4462
6.8600 0.3341 0.4566
6.8786 0.3453 0.4668
6.8971 0.3568 0.4766
6.9157 0.3685 0.4860
6.9342 0.3802 0.4949
6.9527 0.3919 0.5032
6.9713 0.4036 0.5109
6.9898 0.4152 0.5180
7.0084 0.4267 0.5244
7.0269 0.4381 0.5301
7.0454 0.4493 0.5351
7.0640 0.4604 0.5394
7.0825 0.4713 0.5431
7.1011 0.4821 0.5463
7.1196 0.4927 0.5490
7.1381 0.5031 0.5514
7.1567 0.5134 0.5534
7.1752 0.5236 0.5552
7.1938 0.5336 0.5570
7.2123 0.5435 0.5588
7.2308 0.5532 0.5607
7.2494 0.5628 0.5627
7.2679 0.5722 0.5650
7.2865 0.5814 0.5677
7.3050 0.5904 0.5706
7.3235 0.5992 0.5739
7.3421 0.6078 0.5777
7.3606 0.6161 0.5818
7.3792 0.6242 0.5862
7.3977 0.6319 0.5911
7.4162 0.6395 0.5964
7.4348 0.6467 0.6020
7.4533 0.6537 0.6079
7.4719 0.6604 0.6142
7.4904 0.6670 0.6208
7.5090 0.6733 0.6277
7.5275 0.6795 0.6349
7.5460 0.6856 0.6424
7.5646 0.6916 0.6501
7.5831 0.6975 0.6581
7.6017 0.7034 0.6662
7.6202 0.7092 0.6744
7.6387 0.7150 0.6828
7.6573 0.7208 0.6911
7.6758 0.7265 0.6995
7.6944 0.7321 0.7078
7.7129 0.7376 0.7159
7.7314 0.7429 0.7239
7.7500 0.7480 0.7316
7.7685 0.7528 0.7391
7.7871 0.7574 0.7463
7.8056 0.7617 0.7531
7.8241 0.7657 0.7596
7.8427 0.7693 0.7657
7.8612 0.7726 0.7715
7.8798 0.7755 0.7769
7.8983 0.7782 0.7820
7.9168 0.7806 0.7868
7.9354 0.7828 0.7914
7.9539 0.7847 0.7957
7.9725 0.7866 0.7999
7.9910 0.7884 0.8039
8.0095 0.7901 0.8078
8.0281 0.7918 0.8117
8.0466 0.7936 0.8155
8.0652 0.7955 0.8194
8.0837 0.7975 0.8234
8.1022 0.7997 0.8274
8.1208 0.8020 0.8316
8.1393 0.8046 0.8358
8.1579 0.8074 0.8402
8.1764 0.8104 0.8447
8.1950 0.8137 0.8492
8.2135 0.8172 0.8539
8.2320 0.8209 0.8587
8.2506 0.8250 0.8635
8.2691 0.8292 0.8684
8.2877 0.8337 0.8733
8.3062 0.8385 0.8782
8.3247 0.8435 0.8831
8.3433 0.8487 0.8879
8.3618 0.8541 0.8927
8.3804 0.8596 0.8974
8.3989 0.8653 0.9019
8.4174 0.8711 0.9064
8.4360 0.8770 0.9108
8.4545 0.8829 0.9150
8.4731 0.8889 0.9191
8.4916 0.8948 0.9230
8.5101 0.9007 0.9269
8.5287 0.9066 0.9306
8.5472 0.9123 0.9342
8.5658 0.9180 0.9378
8.5843 0.9235 0.9413
8.6028 0.9289 0.9447
8.6214 0.9342 0.9480
8.6399 0.9394 0.9514
8.6585 0.9445 0.9547
8.6770 0.9494 0.9581
8.6955 0.9543 0.9615
8.7141 0.9591 0.9650
8.7326 0.9638 0.9685
8.7512 0.9685 0.9721
8.7697 0.9731 0.9759
8.7883 0.9778 0.9797
8.8068 0.9824 0.9836
8.8253 0.9870 0.9877
8.8439 0.9916 0.9919
8.8624 0.9963 0.9963
8.8810 1.0010 1.0008
8.8995 1.0058 1.0055
8.9180 1.0106 1.0103
8.9366 1.0155 1.0153
8.9551 1.0205 1.0204
8.9737 1.0255 1.0257
8.9922 1.0306 1.0310
9.0107 1.0357 1.0365
9.0293 1.0410 1.0420
9.0478 1.0462 1.0476
9.0664 1.0515 1.0532
9.0849 1.0568 1.0588
9.1034 1.0621 1.0644
9.1220 1.0673 1.0700
9.1405 1.0725 1.0754
9.1591 1.0776 1.0808
9.1776 1.0826 1.0861
9.1961 1.0875 1.0912
9.2147 1.0922 1.0962
9.2332 1.0967 1.1011
9.2518 1.1010 1.1057
9.2703 1.1051 1.1103
9.2888 1.1090 1.1146
9.3074 1.1128 1.1188
9.3259 1.1163 1.1229
9.3445 1.1196 1.1268
9.3630 1.1228 1.1307
9.3816 1.1259 1.1344
9.4001 1.1288 1.1380
9.4186 1.1317 1.1416
9.4372 1.1346 1.1452
9.4557 1.1375 1.1487
9.4743 1.1404 1.1522
9.4928 1.1434 1.1557
9.5113 1.1465 1.1593
9.5299 1.1497 1.1630
9.5484 1.1530 1.1667
9.5670 1.1565 1.1705
9.5855 1.1602 1.1745
9.6040 1.1641 1.1786
9.6226 1.1681 1.1828
9.6411 1.1724 1.1873
9.6597 1.1768 1.1918
9.6782 1.1814 1.1966
9.6967 1.1862 1.2016
9.7153 1.1912 1.2067
9.7338 1.1963 1.2121
9.7524 1.2016 1.2176
9.7709 1.2071 1.2233
9.7894 1.2126 1.2291
9.8080 1.2183 1.2351
9.8265 1.2241 1.2412
9.8451 1.2301 1.2475
9.8636 1.2360 1.2537
9.8821 1.2421 1.2601
9.9007 1.2482 1.2665
9.9192 1.2544 1.2729
9.9378 1.2607 1.2794
9.9563 1.2669 1.2858
9.9749 1.2732 1.2923
9.9934 1.2795 1.2987
10.0119 1.2858 1.3050
10.0305 1.2921 1.3113
10.0490 1.2984 1.3176
10.0676 1.3047 1.3239
10.0861 1.3111 1.3301
10.1046 1.3174 1.3363
10.1232 1.3238 1.3424
10.1417 1.3302 1.3485
10.1603 1.3366 1.3546
10.1788 1.3430 1.3606
10.1973 1.3495 1.3667
10.2159 1.3560 1.3728
10.2344 1.3626 1.3789
10.2530 1.3693 1.3850
10.2715 1.3761 1.3911
10.2900 1.3830 1.3973
10.3086 1.3899 1.4036
10.3271 1.3970 1.4100
10.3457 1.4041 1.4164
10.3642 1.4114 1.4230
10.3827 1.4187 1.4298
10.4013 1.4262 1.4366
10.4198 1.4337 1.4436
10.4384 1.4413 1.4508
10.4569 1.4490 1.4581
10.4754 1.4568 1.4656
10.4940 1.4646 1.4733
10.5125 1.4724 1.4811
10.5311 1.4802 1.4891
10.5496 1.4880 1.4973
10.5682 1.4959 1.5055
10.5867 1.5037 1.5140
10.6052 1.5115 1.5225
10.6238 1.5194 1.5312
10.6423 1.5272 1.5400
10.6609 1.5351 1.5489
10.6794 1.5429 1.5579
10.6979 1.5508 1.5669
10.7165 1.5588 1.5761
10.7350 1.5668 1.5853
10.7536 1.5749 1.5945
10.7721 1.5832 1.6038
10.7906 1.5915 1.6131
10.8092 1.6000 1.6224
10.8277 1.6086 1.6318
10.8463 1.6174 1.6412
10.8648 1.6264 1.6506
10.8833 1.6355 1.6600
10.9019 1.6449 1.6694
10.9204 1.6544 1.6788
10.9390 1.6641 1.6883
10.9575 1.6741 1.6978
10.9760 1.6843 1.7074
10.9946 1.6947 1.7170
11.0131 1.7054 1.7268
11.0317 1.7164 1.7367
11.0502 1.7276 1.7468
11.0687 1.7391 1.7570
11.0873 1.7509 1.7675
11.1058 1.7631 1.7783
11.1244 1.7757 1.7894
11.1429 1.7887 1.8009
11.1615 1.8021 1.8127
11.1800 1.8159 1.8250
11.1985 1.8302 1.8377
11.2171 1.8449 1.8509
11.2356 1.8602 1.8646
11.2542 1.8759 1.8788
11.2727 1.8921 1.8935
11.2912 1.9088 1.9087
11.3098 1.9258 1.9244
11.3283 1.9433 1.9405
11.3469 1.9610 1.9570
11.3654 1.9790 1.9737
11.3839 1.9971 1.9906
11.4025 2.0152 2.0075
11.4210 2.0332 2.0242
11.4396 2.0508 2.0406
11.4581 2.0680 2.0566
11.4766 2.0845 2.0718
11.4952 2.1001 2.0860
11.5137 2.1145 2.0991
11.5323 2.1276 2.1109
11.5508 2.1391 2.1211
11.5693 2.1488 2.1297
11.5879 2.1566 2.1365
11.6064 2.1623 2.1414
11.6250 2.1658 2.1445
11.6435 2.1671 2.1457
11.6620 2.1662 2.1452
11.6806 2.1631 2.1431
11.6991 2.1581 2.1396
11.7177 2.1512 2.1348
11.7362 2.1427 2.1290
11.7548 2.1328 2.1223
11.7733 2.1219 2.1150
11.7918 2.1102 2.1073
11.8104 2.0980 2.0994
11.8289 2.0855 2.0913
11.8475 2.0730 2.0832
11.8660 2.0608 2.0751
11.8845 2.0489 2.0672
11.9031 2.0374 2.0593
11.9216 2.0265 2.0515
11.9402 2.0162 2.0438
11.9587 2.0065 2.0361
11.9772 1.9973 2.0285
11.9958 1.9886 2.0209
12.0143 1.9802 2.0133
12.0329 1.9722 2.0057
12.0514 1.9645 1.9981
12.0699 1.9570 1.9906
12.0885 1.9497 1.9832
12.1070 1.9425 1.9760
12.1256 1.9355 1.9689
12.1441 1.9286 1.9620
12.1626 1.9218 1.9553
12.1812 1.9153 1.9488
12.1997 1.9089 1.9425
12.2183 1.9027 1.9364
12.2368 1.8968 1.9304
12.2553 1.8912 1.9245
12.2739 1.8859 1.9187
12.2924 1.8808 1.9129
12.3110 1.8761 1.9070
12.3295 1.8716 1.9011
12.3481 1.8674 1.8951
12.3666 1.8634 1.8890
12.3851 1.8595 1.8828
12.4037 1.8559 1.8765
12.4222 1.8523 1.8702
12.4408 1.8488 1.8640
12.4593 1.8454 1.8579
12.4778 1.8419 1.8520
12.4964 1.8383 1.8464
12.5149 1.8346 1.8411
12.5335 1.8309 1.8363
12.5520 1.8270 1.8320
12.5705 1.8229 1.8283
12.5891 1.8188 1.8251
12.6076 1.8145 1.8225
12.6262 1.8102 1.8205
12.6447 1.8058 1.8191
12.6632 1.8015 1.8181
12.6818 1.7972 1.8175
12.7003 1.7929 1.8172
12.7189 1.7889 1.8170
12.7374 1.7850 1.8170
12.7559 1.7814 1.8169
12.7745 1.7781 1.8167
12.7930 1.7751 1.8162
12.8116 1.7726 1.8154
12.8301 1.7705 1.8143
12.8486 1.7688 1.8129
12.8672 1.7677 1.8110
12.8857 1.7672 1.8089
12.9043 1.7672 1.8064
12.9228 1.7677 1.8038
12.9414 1.7688 1.8009
12.9599 1.7703 1.7980
12.9784 1.7723 1.7949
12.9970 1.7746 1.7919
13.0155 1.7772 1.7889
13.0341 1.7799 1.7859
13.0526 1.7825 1.7829
13.0711 1.7850 1.7799
13.0897 1.7871 1.7768
13.1082 1.7887 1.7736
13.1268 1.7897 1.7702
13.1453 1.7898 1.7664
13.1638 1.7889 1.7623
13.1824 1.7870 1.7577
13.2009 1.7838 1.7525
13.2195 1.7793 1.7467
13.2380 1.7735 1.7403
13.2565 1.7663 1.7331
13.2751 1.7578 1.7252
13.2936 1.7481 1.7166
13.3122 1.7371 1.7072
13.3307 1.7250 1.6971
13.3492 1.7120 1.6864
13.3678 1.6983 1.6749
13.3863 1.6839 1.6629
13.4049 1.6692 1.6503
13.4234 1.6541 1.6372
13.4419 1.6390 1.6235
13.4605 1.6238 1.6094
13.4790 1.6088 1.5948
13.4976 1.5938 1.5797
13.5161 1.5790 1.5641
13.5347 1.5641 1.5479
13.5532 1.5491 1.5311
13.5717 1.5337 1.5134
13.5903 1.5177 1.4947
13.6088 1.5008 1.4750
13.6274 1.4827 1.4540
13.6459 1.4631 1.4315
13.6644 1.4417 1.4074
13.6830 1.4182 1.3814
13.7015 1.3924 1.3536
13.7201 1.3640 1.3236
13.7386 1.3329 1.2916
13.7571 1.2989 1.2574
13.7757 1.2621 1.2212
13.7942 1.2225 1.1830
13.8128 1.1800 1.1429
13.8313 1.1349 1.1013
13.8498 1.0872 1.0584
13.8684 1.0373 1.0143
13.8869 0.9853 0.9695
13.9055 0.9315 0.9241
13.9240 0.8760 0.8783
13.9425 0.8194 0.8324
13.9611 0.7617 0.7864
13.9796 0.7032 0.7404
13.9982 0.6444 0.6943
14.0167 0.5853 0.6482
14.0352 0.5264 0.6017
14.0538 0.4678 0.5548
14.0723 0.4099 0.5072
14.0909 0.3530 0.4589
14.1094 0.2972 0.4095
14.1280 0.2430 0.3591
14.1465 0.1905 0.3076
14.1650 0.1401 0.2553
14.1836 0.0921 0.2022
14.2021 0.0467 0.1487
14.2207 0.0042 0.0954
14.2392 -0.0352 0.0426
14.2577 -0.0713 -0.0089
14.2763 -0.1038 -0.0585
14.2948 -0.1328 -0.1056
14.3134 -0.1580 -0.1495
14.3319 -0.1795 -0.1896
14.3504 -0.1973 -0.2255
14.3690 -0.2115 -0.2566
14.3875 -0.2224 -0.2828
14.4061 -0.2300 -0.3038
14.4246 -0.2346 -0.3198
14.4431 -0.2366 -0.3308
14.4617 -0.2362 -0.3370
14.4802 -0.2339 -0.3389
14.4988 -0.2298 -0.3368
14.5173 -0.2245 -0.3311
14.5358 -0.2181 -0.3225
14.5544 -0.2109 -0.3114
14.5729 -0.2034 -0.2982
14.5915 -0.1956 -0.2834
14.6100 -0.1877 -0.2675
14.6285 -0.1799 -0.2508
14.6471 -0.1723 -0.2337
14.6656 -0.1650 -0.2163
14.6842 -0.1581 -0.1989
14.7027 -0.1515 -0.1817
14.7213 -0.1453 -0.1648
14.7398 -0.1394 -0.1483
14.7583 -0.1341 -0.1323
14.7769 -0.1291 -0.1169
14.7954 -0.1246 -0.1021
14.8140 -0.1206 -0.0879
14.8325 -0.1171 -0.0744
14.8510 -0.1143 -0.0616
14.8696 -0.1120 -0.0496
14.8881 -0.1104 -0.0383
14.9067 -0.1094 -0.0277
14.9252 -0.1092 -0.0180
14.9437 -0.1097 -0.0090
14.9623 -0.1109 -0.0009
14.9808 -0.1128 0.0064
14.9994 -0.1153 0.0129
15.0179 -0.1183 0.0186
15.0364 -0.1218 0.0235
15.0550 -0.1257 0.0275
15.0735 -0.1298 0.0307
15.0921 -0.1340 0.0330
15.1106 -0.1382 0.0345
15.1291 -0.1422 0.0350
15.1477 -0.1460 0.0346
15.1662 -0.1494 0.0332
15.1848 -0.1523 0.0306
15.2033 -0.1547 0.0269
15.2218 -0.1565 0.0220
15.2404 -0.1576 0.0157
15.2589 -0.1580 0.0080
15.2775 -0.1577 -0.0012
15.2960 -0.1567 -0.0120
15.3146 -0.1550 -0.0244
15.3331 -0.1528 -0.0384
15.3516 -0.1500 -0.0541
15.3702 -0.1468 -0.0712
15.3887 -0.1432 -0.0897
15.4073 -0.1394 -0.1094
15.4258 -0.1354 -0.1301
15.4443 -0.1313 -0.1514
15.4629 -0.1273 -0.1730
15.4814 -0.1234 -0.1946
15.5000 -0.1196 -0.2157
15.5185 -0.1160 -0.2360
15.5370 -0.1127 -0.2551
15.5556 -0.1095 -0.2725
15.5741 -0.1066 -0.2880
15.5927 -0.1037 -0.3013
15.6112 -0.1010 -0.3121
15.6297 -0.0983 -0.3204
15.6483 -0.0955 -0.3260
15.6668 -0.0927 -0.3289
15.6854 -0.0897 -0.3293
15.7039 -0.0865 -0.3271
15.7224 -0.0831 -0.3227
15.7410 -0.0793 -0.3161
15.7595 -0.0753 -0.3076
15.7781 -0.0710 -0.2975
15.7966 -0.0664 -0.2861
15.8151 -0.0615 -0.2734
15.8337 -0.0564 -0.2599
15.8522 -0.0511 -0.2458
15.8708 -0.0457 -0.2312
15.8893 -0.0402 -0.2162
15.9078 -0.0346 -0.2012
15.9264 -0.0291 -0.1862
15.9449 -0.0237 -0.1714
15.9635 -0.0184 -0.1568
15.9820 -0.0134 -0.1425
16.0006 -0.0085 -0.1286
16.0191 -0.0040 -0.1151
16.0376 0.0002 -0.1020
16.0562 0.0041 -0.0895
16.0747 0.0076 -0.0774
16.0933 0.0107 -0.0658
16.1118 0.0135 -0.0547
16.1303 0.0159 -0.0441
16.1489 0.0180 -0.0340
16.1674 0.0198 -0.0242
16.1860 0.0213 -0.0149
16.2045 0.0226 -0.0059
16.2230 0.0237 0.0027
16.2416 0.0247 0.0110
16.2601 0.0256 0.0191
16.2787 0.0265 0.0269
16.2972 0.0274 0.0345
16.3157 0.0283 0.0420
16.3343 0.0294 0.0493
16.3528 0.0305 0.0565
16.3714 0.0318 0.0636
16.3899 0.0333 0.0706
16.4084 0.0350 0.0775
16.4270 0.0368 0.0844
16.4455 0.0389 0.0911
16.4641 0.0412 0.0978
16.4826 0.0437 0.1044
16.5011 0.0464 0.1110
16.5197 0.0493 0.1174
16.5382 0.0524 0.1238
16.5568 0.0556 0.1302
16.5753 0.0590 0.1365
16.5939 0.0626 0.1427
16.6124 0.0663 0.1488
16.6309 0.0701 0.1550
16.6495 0.0739 0.1610
16.6680 0.0779 0.1671
16.6866 0.0818 0.1731
16.7051 0.0858 0.1791
16.7236 0.0898 0.1850
16.7422 0.0937 0.1909
16.7607 0.0976 0.1967
16.7793 0.1014 0.2025
16.7978 0.1052 0.2082
16.8163 0.1088 0.2138
16.8349 0.1123 0.2192
16.8534 0.1157 0.2246
16.8720 0.1190 0.2298
16.8905 0.1222 0.2348
16.9090 0.1253 0.2397
16.9276 0.1282 0.2443
16.9461 0.1311 0.2487
16.9647 0.1339 0.2529
16.9832 0.1366 0.2568
17.0017 0.1392 0.2605
17.0203 0.1418 0.2638
17.0388 0.1443 0.2669
17.0574 0.1468 0.2696
17.0759 0.1493 0.2720
17.0944 0.1518 0.2740
17.1130 0.1542 0.2756
17.1315 0.1566 0.2768
17.1501 0.1590 0.2776
17.1686 0.1614 0.2780
17.1872 0.1638 0.2778
17.2057 0.1661 0.2772
17.2242 0.1685 0.2762
17.2428 0.1709 0.2746
17.2613 0.1732 0.2726
17.2799 0.1756 0.2701
17.2984 0.1780 0.2673
17.3169 0.1803 0.2640
17.3355 0.1827 0.2604
17.3540 0.1851 0.2566
17.3726 0.1876 0.2525
17.3911 0.1900 0.2483
17.4096 0.1925 0.2441
17.4282 0.1951 0.2398
17.4467 0.1976 0.2357
17.4653 0.2003 0.2317
17.4838 0.2029 0.2279
17.5023 0.2057 0.2245
17.5209 0.2084 0.2214
17.5394 0.2113 0.2186
17.5580 0.2142 0.2163
17.5765 0.2171 0.2145
17.5950 0.2201 0.2130
17.6136 0.2231 0.2121
17.6321 0.2262 0.2116
17.6507 0.2294 0.2115
17.6692 0.2325 0.2119
17.6877 0.2357 0.2126
17.7063 0.2389 0.2138
17.7248 0.2422 0.2152
17.7434 0.2455 0.2170
17.7619 0.2487 0.2190
17.7805 0.2520 0.2213
17.7990 0.2553 0.2239
17.8175 0.2585 0.2266
17.8361 0.2618 0.2295
17.8546 0.2650 0.2325
17.8732 0.2683 0.2356
17.8917 0.2715 0.2389
17.9102 0.2747 0.2422
17.9288 0.2778 0.2456
17.9473 0.2810 0.2490
17.9659 0.2841 0.2524
17.9844 0.2872 0.2559
18.0029 0.2903 0.2593
18.0215 0.2933 0.2628
18.0400 0.2964 0.2662
18.0586 0.2994 0.2696
18.0771 0.3024 0.2730
18.0956 0.3055 0.2764
18.1142 0.3085 0.2797
18.1327 0.3114 0.2830
18.1513 0.3144 0.2863
18.1698 0.3173 0.2896
18.1883 0.3202 0.2929
18.2069 0.3231 0.2961
18.2254 0.3260 0.2994
18.2440 0.3288 0.3027
18.2625 0.3316 0.3060
18.2810 0.3344 0.3094
18.2996 0.3371 0.3128
18.3181 0.3398 0.3162
18.3367 0.3425 0.3196
18.3552 0.3452 0.3231
18.3738 0.3479 0.3265
18.3923 0.3505 0.3300
18.4108 0.3532 0.3336
18.4294 0.3558 0.3371
18.4479 0.3585 0.3406
18.4665 0.3611 0.3441
18.4850 0.3637 0.3476
18.5035 0.3664 0.3511
18.5221 0.3690 0.3545
18.5406 0.3717 0.3580
18.5592 0.3743 0.3614
18.5777 0.3770 0.3647
18.5962 0.3797 0.3681
18.6148 0.3824 0.3714
18.6333 0.3851 0.3747
18.6519 0.3877 0.3780
18.6704 0.3904 0.3812
18.6889 0.3931 0.3845
18.7075 0.3958 0.3877
18.7260 0.3985 0.3909
18.7446 0.4012 0.3941
18.7631 0.4039 0.3973
18.7816 0.4065 0.4005
18.8002 0.4091 0.4037
18.8187 0.4117 0.4068
18.8373 0.4143 0.4099
18.8558 0.4168 0.4131
18.8743 0.4193 0.4161
18.8929 0.4218 0.4192
18.9114 0.4242 0.4222
18.9300 0.4266 0.4252
18.9485 0.4289 0.4282
18.9671 0.4313 0.4311
18.9856 0.4335 0.4340
19.0041 0.4358 0.4368
19.0227 0.4380 0.4395
19.0412 0.4401 0.4423
19.0598 0.4423 0.4449
19.0783 0.4444 0.4475
19.0968 0.4465 0.4501
19.1154 0.4485 0.4526
19.1339 0.4506 0.4550
19.1525 0.4527 0.4574
19.1710 0.4547 0.4597
19.1895 0.4568 0.4620
19.2081 0.4588 0.4642
19.2266 0.4609 0.4664
19.2452 0.4629 0.4686
19.2637 0.4650 0.4708
19.2822 0.4670 0.4729
19.3008 0.4691 0.4749
19.3193 0.4712 0.4770
19.3379 0.4733 0.4790
19.3564 0.4754 0.4811
19.3749 0.4775 0.4831
19.3935 0.4796 0.4850
19.4120 0.4818 0.4870
19.4306 0.4839 0.4890
19.4491 0.4860 0.4910
19.4676 0.4882 0.4929
19.4862 0.4903 0.4948
19.5047 0.4924 0.4968
19.5233 0.4945 0.4987
19.5418 0.4967 0.5006
19.5604 0.4988 0.5025
19.5789 0.5009 0.5043
19.5974 0.5030 0.5062
19.6160 0.5051 0.5081
19.6345 0.5071 0.5099
19.6531 0.5092 0.5118
19.6716 0.5112 0.5136
19.6901 0.5132 0.5155
19.7087 0.5152 0.5173
19.7272 0.5172 0.5191
19.7458 0.5192 0.5209
19.7643 0.5211 0.5227
19.7828 0.5231 0.5246
19.8014 0.5250 0.5264
19.8199 0.5269 0.5282
19.8385 0.5288 0.5300
19.8570 0.5307 0.5318
19.8755 0.5325 0.5336
19.8941 0.5344 0.5354
19.9126 0.5363 0.5373
19.9312 0.5381 0.5391
19.9497 0.5400 0.5409
19.9682 0.5418 0.5428
19.9868 0.5436 0.5446
20.0053 0.5454 0.5464
20.0239 0.5473 0.5483
20.0424 0.5491 0.5501
20.0609 0.5509 0.5520
20.0795 0.5526 0.5538
20.0980 0.5544 0.5557
20.1166 0.5562 0.5575
20.1351 0.5579 0.5593
20.1537 0.5597 0.5611
20.1722 0.5614 0.5629
20.1907 0.5631 0.5646
20.2093 0.5648 0.5664
20.2278 0.5664 0.5681
20.2464 0.5681 0.5698
20.2649 0.5697 0.5715
20.2834 0.5713 0.5732
20.3020 0.5729 0.5748
20.3205 0.5745 0.5764
20.3391 0.5761 0.5780
20.3576 0.5776 0.5796
20.3761 0.5792 0.5812
20.3947 0.5807 0.5827
20.4132 0.5822 0.5843
20.4318 0.5837 0.5858
20.4503 0.5851 0.5873
20.4688 0.5866 0.5888
20.4874 0.5881 0.5902
20.5059 0.5895 0.5917
20.5245 0.5910 0.5931
20.5430 0.5924 0.5946
20.5615 0.5938 0.5960
20.5801 0.5952 0.5974
20.5986 0.5966 0.5988
20.6172 0.5980 0.6002
20.6357 0.5994 0.6016
20.6542 0.6008 0.6029
20.6728 0.6022 0.6043
20.6913 0.6036 0.6056
20.7099 0.6049 0.6070
20.7284 0.6063 0.6083
20.7470 0.6077 0.6096
20.7655 0.6090 0.6109
20.7840 0.6104 0.6122
20.8026 0.6117 0.6135
20.8211 0.6130 0.6147
20.8397 0.6144 0.6160
20.8582 0.6157 0.6173
20.8767 0.6170 0.6185
20.8953 0.6183 0.6198
20.9138 0.6196 0.6210
20.9324 0.6209 0.6223
20.9509 0.6221 0.6235
20.9694 0.6234 0.6247
20.9880 0.6247 0.6260
21.0065 0.6259 0.6272
21.0251 0.6272 0.6284
21.0436 0.6284 0.6296
21.0621 0.6296 0.6308
21.0807 0.6308 0.6320
21.0992 0.6320 0.6332
21.1178 0.6332 0.6344
21.1363 0.6344 0.6356
21.1548 0.6356 0.6368
21.1734 0.6367 0.6380
21.1919 0.6379 0.6391
21.2105 0.6390 0.6403
21.2290 0.6402 0.6415
21.2475 0.6413 0.6426
21.2661 0.6424 0.6438
21.2846 0.6435 0.6450
21.3032 0.6447 0.6461
21.3217 0.6458 0.6473
21.3403 0.6469 0.6484
21.3588 0.6479 0.6495
21.3773 0.6490 0.6507
21.3959 0.6501 0.6518
21.4144 0.6512 0.6529
21.4330 0.6523 0.6540
21.4515 0.6534 0.6552
21.4700 0.6544 0.6563
21.4886 0.6555 0.6574
21.5071 0.6566 0.6585
21.5257 0.6576 0.6596
21.5442 0.6587 0.6607
21.5627 0.6598 0.6618
21.5813 0.6608 0.6628
21.5998 0.6619 0.6639
21.6184 0.6629 0.6650
21.6369 0.6639 0.6660
21.6554 0.6650 0.6671
21.6740 0.6660 0.6681
21.6925 0.6670 0.6692
21.7111 0.6680 0.6702
21.7296 0.6690 0.6712
21.7481 0.6700 0.6722
21.7667 0.6710 0.6732
21.7852 0.6720 0.6742
21.8038 0.6729 0.6752
21.8223 0.6739 0.6761
21.8408 0.6748 0.6771
21.8594 0.6758 0.6780
21.8779 0.6767 0.6789
21.8965 0.6776 0.6798
21.9150 0.6785 0.6807
21.9336 0.6794 0.6816
21.9521 0.6803 0.6825
21.9706 0.6812 0.6833
21.9892 0.6821 0.6842
22.0077 0.6830 0.6850
22.0263 0.6838 0.6859
22.0448 0.6847 0.6867
22.0633 0.6856 0.6876
22.0819 0.6864 0.6884
22.1004 0.6873 0.6892
22.1190 0.6881 0.6901
22.1375 0.6890 0.6909
22.1560 0.6898 0.6918
22.1746 0.6907 0.6926
22.1931 0.6916 0.6934
22.2117 0.6924 0.6943
22.2302 0.6933 0.6951
22.2487 0.6941 0.6960
22.2673 0.6949 0.6968
22.2858 0.6958 0.6976
22.3044 0.6966 0.6985
22.3229 0.6975 0.6993
22.3414 0.6983 0.7002
22.3600 0.6991 0.7010
22.3785 0.7000 0.7018
22.3971 0.7008 0.7027
22.4156 0.7016 0.7035
22.4341 0.7025 0.7043
22.4527 0.7033 0.7052
22.4712 0.7041 0.7060
22.4898 0.7049 0.7068
22.5083 0.7057 0.7076
22.5269 0.7065 0.7084
22.5454 0.7073 0.7092
22.5639 0.7082 0.7100
22.5825 0.7089 0.7108
22.6010 0.7097 0.7116
22.6196 0.7105 0.7124
22.6381 0.7113 0.7132
22.6566 0.7121 0.7139
22.6752 0.7129 0.7147
22.6937 0.7136 0.7154
22.7123 0.7144 0.7162
22.7308 0.7152 0.7169
22.7493 0.7159 0.7177
22.7679 0.7167 0.7184
22.7864 0.7174 0.7192
22.8050 0.7182 0.7199
22.8235 0.7189 0.7206
22.8420 0.7196 0.7213
22.8606 0.7204 0.7220
22.8791 0.7211 0.7228
22.8977 0.7218 0.7235
22.9162 0.7225 0.7242
22.9347 0.7232 0.7249
22.9533 0.7239 0.7256
22.9718 0.7246 0.7263
22.9904 0.7253 0.7270
23.0089 0.7260 0.7277
23.0274 0.7267 0.7284
23.0460 0.7274 0.7291
23.0645 0.7281 0.7298
23.0831 0.7287 0.7305
23.1016 0.7294 0.7312
23.1202 0.7301 0.7319
23.1387 0.7308 0.7326
23.1572 0.7315 0.7332
23.1758 0.7322 0.7339
23.1943 0.7328 0.7346
23.2129 0.7335 0.7353
23.2314 0.7342 0.7359
23.2499 0.7349 0.7366
23.2685 0.7355 0.7372
23.2870 0.7362 0.7379
23.3056 0.7369 0.7386
23.3241 0.7375 0.7392
23.3426 0.7382 0.7398
23.3612 0.7388 0.7405
23.3797 0.7395 0.7411
23.3983 0.7401 0.7418
23.4168 0.7408 0.7424
23.4353 0.7414 0.7430
23.4539 0.7420 0.7436
23.4724 0.7426 0.7443
23.4910 0.7433 0.7449
23.5095 0.7439 0.7455
23.5280 0.7445 0.7461
23.5466 0.7451 0.7467
23.5651 0.7457 0.7473
23.5837 0.7463 0.7479
23.6022 0.7468 0.7485
23.6207 0.7474 0.7491
23.6393 0.7480 0.7497
23.6578 0.7486 0.7502
23.6764 0.7491 0.7508
23.6949 0.7497 0.7514
23.7134 0.7503 0.7520
23.7320 0.7508 0.7525
23.7505 0.7514 0.7531
23.7691 0.7519 0.7537
23.7876 0.7525 0.7542
23.8062 0.7530 0.7548
23.8247 0.7536 0.7554
23.8432 0.7541 0.7559
23.8618 0.7547 0.7564
23.8803 0.7552 0.7570
23.8989 0.7558 0.7575
23.9174 0.7563 0.7581
23.9359 0.7569 0.7586
23.9545 0.7574 0.7591
23.9730 0.7580 0.7596
23.9916 0.7585 0.7601
24.0101 0.7590 0.7606
24.0286 0.7595 0.7611
24.0472 0.7600 0.7616
24.0657 0.7605 0.7621
24.0843 0.7610 0.7626
24.1028 0.7615 0.7631
24.1213 0.7620 0.7635
24.1399 0.7625 0.7640
24.1584 0.7629 0.7645
24.1770 0.7634 0.7649
24.1955 0.7638 0.7654
24.2140 0.7643 0.7658
24.2326 0.7647 0.7662
24.2511 0.7651 0.7666
24.2697 0.7655 0.7671
24.2882 0.7659 0.7675
24.3067 0.7663 0.7679
24.3253 0.7667 0.7683
24.3438 0.7671 0.7687
24.3624 0.7675 0.7691
24.3809 0.7678 0.7694
24.3995 0.7682 0.7698
24.4180 0.7686 0.7702
24.4365 0.7689 0.7706
24.4551 0.7693 0.7709
24.4736 0.7696 0.7713
24.4922 0.7700 0.7716
24.5107 0.7703 0.7720
24.5292 0.7707 0.7723
24.5478 0.7710 0.7726
24.5663 0.7713 0.7729
24.5849 0.7717 0.7732
24.6034 0.7720 0.7735
24.6219 0.7723 0.7738
24.6405 0.7726 0.7741
24.6590 0.7730 0.7744
24.6776 0.7733 0.7747
24.6961 0.7736 0.7750
24.7146 0.7739 0.7753
24.7332 0.7742 0.7756
24.7517 0.7745 0.7759
24.7703 0.7748 0.7762
24.7888 0.7751 0.7765
24.8073 0.7754 0.7768
24.8259 0.7758 0.7772
24.8444 0.7761 0.7775
24.8630 0.7764 0.7778
24.8815 0.7767 0.7781
24.9000 0.7770 0.7785
24.9186 0.7773 0.7788
24.9371 0.7776 0.7792
24.9557 0.7780 0.7795
24.9742 0.7783 0.7799
24.9928 0.7787 0.7802
25.0113 0.7790 0.7806
25.0298 0.7794 0.7810
25.0484 0.7798 0.7814
25.0669 0.7801 0.7817
25.0855 0.7805 0.7821
25.1040 0.7809 0.7825
25.1225 0.7814 0.7829
25.1411 0.7818 0.7834
25.1596 0.7822 0.7838
25.1782 0.7827 0.7842
25.1967 0.7831 0.7847
25.2152 0.7836 0.7851
25.2338 0.7840 0.7856
25.2523 0.7845 0.7860
25.2709 0.7850 0.7865
25.2894 0.7855 0.7870
25.3079 0.7860 0.7875
25.3265 0.7864 0.7879
25.3450 0.7869 0.7884
25.3636 0.7874 0.7889
25.3821 0.7879 0.7894
25.4006 0.7884 0.7899
25.4192 0.7889 0.7904
25.4377 0.7895 0.7909
25.4563 0.7900 0.7914
25.4748 0.7905 0.7919
25.4933 0.7910 0.7924
25.5119 0.7915 0.7929
25.5304 0.7920 0.7934
25.5490 0.7925 0.7939
25.5675 0.7930 0.7944
25.5861 0.7934 0.7949
25.6046 0.7939 0.7954
25.6231 0.7944 0.7959
25.6417 0.7949 0.7964
25.6602 0.7954 0.7968
25.6788 0.7958 0.7973
25.6973 0.7963 0.7978
25.7158 0.7968 0.7982
25.7344 0.7972 0.7987
25.7529 0.7977 0.7991
25.7715 0.7981 0.7996
25.7900 0.7986 0.8000
25.8085 0.7990 0.8005
25.8271 0.7995 0.8009
25.8456 0.7999 0.8013
25.8642 0.8003 0.8018
25.8827 0.8007 0.8022
25.9012 0.8012 0.8026
25.9198 0.8016 0.8030
25.9383 0.8020 0.8034
25.9569 0.8024 0.8038
25.9754 0.8028 0.8042
25.9939 0.8032 0.8046
26.0125 0.8036 0.8050
26.0310 0.8040 0.8054
26.0496 0.8044 0.8058
26.0681 0.8048 0.8062
26.0866 0.8052 0.8066
26.1052 0.8055 0.8070
26.1237 0.8059 0.8074
26.1423 0.8063 0.8077
26.1608 0.8067 0.8081
26.1794 0.8071 0.8085
26.1979 0.8075 0.8089
26.2164 0.8078 0.8092
26.2350 0.8082 0.8096
26.2535 0.8086 0.8100
26.2721 0.8089 0.8103
26.2906 0.8093 0.8107
26.3091 0.8096 0.8110
26.3277 0.8100 0.8114
26.3462 0.8103 0.8117
26.3648 0.8107 0.8120
26.3833 0.8110 0.8124
26.4018 0.8113 0.8127
26.4204 0.8116 0.8130
26.4389 0.8119 0.8133
26.4575 0.8122 0.8136
26.4760 0.8125 0.8139
26.4945 0.8128 0.8142
26.5131 0.8131 0.8145
26.5316 0.8134 0.8148
26.5502 0.8137 0.8151
26.5687 0.8140 0.8154
26.5872 0.8142 0.8156
26.6058 0.8145 0.8159
26.6243 0.8148 0.8162
26.6429 0.8150 0.8164
26.6614 0.8153 0.8167
26.6799 0.8156 0.8170
26.6985 0.8158 0.8172
26.7170 0.8161 0.8175
26.7356 0.8163 0.8177
26.7541 0.8166 0.8180
26.7727 0.8169 0.8182
26.7912 0.8171 0.8185
26.8097 0.8174 0.8187
26.8283 0.8177 0.8190
26.8468 0.8179 0.8193
26.8654 0.8182 0.8195
26.8839 0.8185 0.8198
26.9024 0.8187 0.8201
26.9210 0.8190 0.8204
26.9395 0.8193 0.8206
26.9581 0.8196 0.8209
26.9766 0.8199 0.8212
26.9951 0.8202 0.8215
27.0137 0.8205 0.8218
27.0322 0.8208 0.8221
27.0508 0.8212 0.8225
27.0693 0.8215 0.8228
27.0878 0.8218 0.8231
27.1064 0.8221 0.8235
27.1249 0.8225 0.8238
27.1435 0.8228 0.8241
27.1620 0.8232 0.8245
27.1805 0.8235 0.8248
27.1991 0.8239 0.8252
27.2176 0.8242 0.8255
27.2362 0.8246 0.8259
27.2547 0.8249 0.8262
27.2732 0.8253 0.8266
27.2918 0.8256 0.8269
27.3103 0.8260 0.8273
27.3289 0.8263 0.8276
27.3474 0.8267 0.8280
27.3660 0.8270 0.8283
27.3845 0.8274 0.8287
27.4030 0.8277 0.8290
27.4216 0.8280 0.8293
27.4401 0.8284 0.8297
27.4587 0.8287 0.8300
27.4772 0.8291 0.8304
27.4957 0.8294 0.8307
27.5143 0.8297 0.8310
27.5328 0.8301 0.8313
27.5514 0.8304 0.8317
27.5699 0.8307 0.8320
27.5884 0.8310 0.8323
27.6070 0.8313 0.8326
27.6255 0.8316 0.8329
27.6441 0.8320 0.8332
27.6626 0.8323 0.8335
27.6811 0.8326 0.8338
27.6997 0.8329 0.8341
27.7182 0.8331 0.8344
27.7368 0.8334 0.8347
27.7553 0.8337 0.8350
27.7738 0.8340 0.8352
27.7924 0.8343 0.8355
27.8109 0.8345 0.8358
27.8295 0.8348 0.8360
27.8480 0.8350 0.8363
27.8665 0.8353 0.8365
27.8851 0.8355 0.8368
27.9036 0.8358 0.8370
27.9222 0.8360 0.8373
27.9407 0.8363 0.8375
27.9593 0.8365 0.8378
27.9778 0.8368 0.8380
27.9963 0.8370 0.8383
28.0149 0.8373 0.8385
28.0334 0.8375 0.8388
28.0520 0.8378 0.8390
28.0705 0.8380 0.8393
28.0890 0.8383 0.8395
28.1076 0.8385 0.8398
28.1261 0.8388 0.8401
28.1447 0.8391 0.8403
28.1632 0.8393 0.8406
28.1817 0.8396 0.8409
28.2003 0.8399 0.8411
28.2188 0.8401 0.8414
28.2374 0.8404 0.8417
28.2559 0.8407 0.8419
28.2744 0.8410 0.8422
28.2930 0.8412 0.8425
28.3115 0.8415 0.8428
28.3301 0.8418 0.8430
28.3486 0.8421 0.8433
28.3671 0.8423 0.8436
28.3857 0.8426 0.8439
28.4042 0.8429 0.8441
28.4228 0.8432 0.8444
28.4413 0.8434 0.8447
28.4598 0.8437 0.8450
28.4784 0.8440 0.8452
28.4969 0.8442 0.8455
28.5155 0.8445 0.8458
28.5340 0.8448 0.8460
28.5526 0.8450 0.8463
28.5711 0.8453 0.8465
28.5896 0.8456 0.8468
28.6082 0.8458 0.8471
28.6267 0.8461 0.8473
28.6453 0.8464 0.8476
28.6638 0.8466 0.8478
28.6823 0.8469 0.8481
28.7009 0.8472 0.8484
28.7194 0.8474 0.8486
28.7380 0.8477 0.8489
28.7565 0.8479 0.8491
28.7750 0.8482 0.8494
28.7936 0.8484 0.8496
28.8121 0.8487 0.8499
28.8307 0.8489 0.8501
28.8492 0.8492 0.8504
28.8677 0.8495 0.8506
28.8863 0.8497 0.8509
28.9048 0.8500 0.8511
28.9234 0.8502 0.8514
28.9419 0.8505 0.8516
28.9604 0.8507 0.8519
28.9790 0.8510 0.8521
28.9975 0.8512 0.8524
29.0161 0.8514 0.8526
29.0346 0.8517 0.8529
29.0531 0.8519 0.8531
29.0717 0.8522 0.8533
29.0902 0.8524 0.8536
29.1088 0.8527 0.8538
29.1273 0.8529 0.8541
29.1459 0.8532 0.8543
29.1644 0.8534 0.8545
29.1829 0.8536 0.8548
29.2015 0.8539 0.8550
29.2200 0.8541 0.8553
29.2386 0.8543 0.8555
29.2571 0.8546 0.8557
29.2756 0.8548 0.8560
29.2942 0.8551 0.8562
29.3127 0.8553 0.8564
29.3313 0.8555 0.8567
29.3498 0.8558 0.8569
29.3683 0.8560 0.8571
29.3869 0.8562 0.8574
29.4054 0.8564 0.8576
29.4240 0.8567 0.8578
29.4425 0.8569 0.8580
29.4610 0.8571 0.8583
29.4796 0.8574 0.8585
29.4981 0.8576 0.8587
29.5167 0.8578 0.8589
29.5352 0.8580 0.8592
29.5537 0.8583 0.8594
29.5723 0.8585 0.8596
29.5908 0.8587 0.8598
29.6094 0.8589 0.8601
29.6279 0.8592 0.8603
29.6464 0.8594 0.8605
29.6650 0.8596 0.8607
29.6835 0.8598 0.8609
29.7021 0.8600 0.8612
29.7206 0.8603 0.8614
29.7392 0.8605 0.8616
29.7577 0.8607 0.8618
29.7762 0.8609 0.8620
29.7948 0.8611 0.8622
29.8133 0.8613 0.8624
29.8319 0.8616 0.8627
29.8504 0.8618 0.8629
29.8689 0.8620 0.8631
29.8875 0.8622 0.8633
29.9060 0.8624 0.8635
29.9246 0.8626 0.8637
29.9431 0.8628 0.8639
29.9616 0.8630 0.8641
29.9802 0.8633 0.8644
29.9987 0.8635 0.8646
30.0173 0.8637 0.8648
30.0358 0.8639 0.8650
30.0543 0.8641 0.8652
30.0729 0.8643 0.8654
30.0914 0.8645 0.8656
30.1100 0.8647 0.8658
30.1285 0.8649 0.8660
30.1470 0.8651 0.8662
30.1656 0.8653 0.8664
30.1841 0.8655 0.8666
30.2027 0.8657 0.8668
30.2212 0.8659 0.8670
30.2397 0.8661 0.8672
30.2583 0.8663 0.8674
30.2768 0.8665 0.8676
30.2954 0.8667 0.8678
30.3139 0.8670 0.8680
30.3325 0.8672 0.8682
30.3510 0.8674 0.8684
30.3695 0.8676 0.8686
30.3881 0.8678 0.8688
30.4066 0.8680 0.8690
30.4252 0.8682 0.8692
30.4437 0.8683 0.8694
30.4622 0.8685 0.8696
30.4808 0.8687 0.8698
30.4993 0.8689 0.8700
30.5179 0.8691 0.8702
30.5364 0.8693 0.8704
30.5549 0.8695 0.8706
30.5735 0.8697 0.8708
30.5920 0.8699 0.8710
30.6106 0.8701 0.8712
30.6291 0.8703 0.8714
30.6476 0.8705 0.8716
30.6662 0.8707 0.8718
30.6847 0.8709 0.8719
30.7033 0.8711 0.8721
30.7218 0.8713 0.8723
30.7403 0.8715 0.8725
30.7589 0.8717 0.8727
30.7774 0.8718 0.8729
30.7960 0.8720 0.8731
30.8145 0.8722 0.8733
30.8330 0.8724 0.8735
30.8516 0.8726 0.8737
30.8701 0.8728 0.8738
30.8887 0.8730 0.8740
30.9072 0.8732 0.8742
30.9258 0.8734 0.8744
30.9443 0.8735 0.8746
30.9628 0.8737 0.8748
30.9814 0.8739 0.8749
30.9999 0.8741 0.8751
31.0185 0.8743 0.8753
31.0370 0.8745 0.8755
31.0555 0.8746 0.8757
31.0741 0.8748 0.8759
31.0926 0.8750 0.8760
31.1112 0.8752 0.8762
31.1297 0.8754 0.8764
31.1482 0.8756 0.8766
31.1668 0.8757 0.8768
31.1853 0.8759 0.8769
31.2039 0.8761 0.8771
31.2224 0.8763 0.8773
31.2409 0.8765 0.8775
31.2595 0.8766 0.8776
31.2780 0.8768 0.8778
31.2966 0.8770 0.8780
31.3151 0.8772 0.8782
31.3336 0.8773 0.8784
31.3522 0.8775 0.8785
31.3707 0.8777 0.8787
31.3893 0.8779 0.8789
31.4078 0.8780 0.8791
31.4263 0.8782 0.8792
31.4449 0.8784 0.8794
31.4634 0.8786 0.8796
31.4820 0.8787 0.8797
31.5005 0.8789 0.8799
31.5190 0.8791 0.8801
31.5376 0.8792 0.8803
31.5561 0.8794 0.8804
31.5747 0.8796 0.8806
31.5932 0.8798 0.8808
31.6118 0.8799 0.8809
31.6303 0.8801 0.8811
31.6488 0.8803 0.8813
31.6674 0.8804 0.8814
31.6859 0.8806 0.8816
31.7045 0.8808 0.8818
31.7230 0.8809 0.8819
31.7415 0.8811 0.8821
31.7601 0.8813 0.8823
31.7786 0.8814 0.8824
31.7972 0.8816 0.8826
31.8157 0.8818 0.8828
31.8342 0.8819 0.8829
31.8528 0.8821 0.8831
31.8713 0.8823 0.8833
31.8899 0.8824 0.8834
31.9084 0.8826 0.8836
31.9269 0.8828 0.8837
31.9455 0.8829 0.8839
31.9640 0.8831 0.8841
31.9826 0.8833 0.8842
32.0011 0.8834 0.8844
32.0196 0.8836 0.8846
32.0382 0.8837 0.8847
32.0567 0.8839 0.8849
32.0753 0.8841 0.8850
32.0938 0.8842 0.8852
32.1123 0.8844 0.8854
32.1309 0.8845 0.8855
32.1494 0.8847 0.8857
32.1680 0.8849 0.8858
32.1865 0.8850 0.8860
32.2051 0.8852 0.8861
32.2236 0.8853 0.8863
32.2421 0.8855 0.8865
32.2607 0.8856 0.8866
32.2792 0.8858 0.8868
32.2978 0.8860 0.8869
32.3163 0.8861 0.8871
32.3348 0.8863 0.8872
32.3534 0.8864 0.8874
32.3719 0.8866 0.8875
32.3905 0.8867 0.8877
32.4090 0.8869 0.8878
32.4275 0.8870 0.8880
32.4461 0.8872 0.8881
32.4646 0.8874 0.8883
32.4832 0.8875 0.8885
32.5017 0.8877 0.8886
32.5202 0.8878 0.8888
32.5388 0.8880 0.8889
32.5573 0.8881 0.8891
32.5759 0.8883 0.8892
32.5944 0.8884 0.8894
32.6129 0.8886 0.8895
32.6315 0.8887 0.8897
32.6500 0.8889 0.8898
32.6686 0.8890 0.8900
32.6871 0.8892 0.8901
32.7056 0.8893 0.8902
32.7242 0.8895 0.8904
32.7427 0.8896 0.8905
32.7613 0.8898 0.8907
32.7798 0.8899 0.8908
32.7984 0.8901 0.8910
32.8169 0.8902 0.8911
32.8354 0.8903 0.8913
32.8540 0.8905 0.8914
32.8725 0.8906 0.8916
32.8911 0.8908 0.8917
32.9096 0.8909 0.8919
32.9281 0.8911 0.8920
32.9467 0.8912 0.8921
32.9652 0.8914 0.8923
32.9838 0.8915 0.8924
33.0023 0.8916 0.8926
33.0208 0.8918 0.8927
33.0394 0.8919 0.8929
33.0579 0.8921 0.8930
33.0765 0.8922 0.8931
33.0950 0.8924 0.8933
33.1135 0.8925 0.8934
33.1321 0.8926 0.8936
33.1506 0.8928 0.8937
33.1692 0.8929 0.8938
33.1877 0.8931 0.8940
33.2062 0.8932 0.8941
33.2248 0.8934 0.8943
33.2433 0.8935 0.8944
33.2619 0.8936 0.8945
33.2804 0.8938 0.8947
33.2989 0.8939 0.8948
33.3175 0.8940 0.8950
33.3360 0.8942 0.8951
33.3546 0.8943 0.8952
33.3731 0.8945 0.8954
33.3917 0.8946 0.8955
33.4102 0.8947 0.8956
33.4287 0.8949 0.8958
33.4473 0.8950 0.8959
33.4658 0.8951 0.8960
33.4844 0.8953 0.8962
33.5029 0.8954 0.8963
33.5214 0.8956 0.8964
33.5400 0.8957 0.8966
33.5585 0.8958 0.8967
33.5771 0.8960 0.8968
33.5956 0.8961 0.8970
33.6141 0.8962 0.8971
33.6327 0.8964 0.8972
33.6512 0.8965 0.8974
33.6698 0.8966 0.8975
33.6883 0.8968 0.8976
33.7068 0.8969 0.8978
33.7254 0.8970 0.8979
33.7439 0.8972 0.8980
33.7625 0.8973 0.8982
33.7810 0.8974 0.8983
33.7995 0.8976 0.8984
33.8181 0.8977 0.8986
33.8366 0.8978 0.8987
33.8552 0.8979 0.8988
33.8737 0.8981 0.8990
33.8922 0.8982 0.8991
33.9108 0.8983 0.8992
33.9293 0.8985 0.8993
33.9479 0.8986 0.8995
33.9664 0.8987 0.8996
33.9850 0.8989 0.8997
34.0035 0.8990 0.8998
34.0220 0.8991 0.9000
34.0406 0.8992 0.9001
34.0591 0.8994 0.9002
34.0777 0.8995 0.9004
34.0962 0.8996 0.9005
34.1147 0.8997 0.9006
34.1333 0.8999 0.9007
34.1518 0.9000 0.9009
34.1704 0.9001 0.9010
34.1889 0.9003 0.9011
34.2074 0.9004 0.9012
34.2260 0.9005 0.9014
34.2445 0.9006 0.9015
34.2631 0.9008 0.9016
34.2816 0.9009 0.9017
34.3001 0.9010 0.9019
34.3187 0.9011 0.9020
34.3372 0.9012 0.9021
34.3558 0.9014 0.9022
34.3743 0.9015 0.9023
34.3928 0.9016 0.9025
34.4114 0.9017 0.9026
34.4299 0.9019 0.9027
34.4485 0.9020 0.9028
34.4670 0.9021 0.9030
34.4855 0.9022 0.9031
34.5041 0.9024 0.9032
34.5226 0.9025 0.9033
34.5412 0.9026 0.9034
34.5597 0.9027 0.9036
34.5783 0.9028 0.9037
34.5968 0.9030 0.9038
34.6153 0.9031 0.9039
34.6339 0.9032 0.9040
34.6524 0.9033 0.9042
34.6710 0.9034 0.9043
34.6895 0.9036 0.9044
34.7080 0.9037 0.9045
34.7266 0.9038 0.9046
34.7451 0.9039 0.9047
34.7637 0.9040 0.9049
34.7822 0.9041 0.9050
34.8007 0.9043 0.9051
34.8193 0.9044 0.9052
34.8378 0.9045 0.9053
34.8564 0.9046 0.9054
34.8749 0.9047 0.9056
34.8934 0.9049 0.9057
34.9120 0.9050 0.9058
34.9305 0.9051 0.9059
34.9491 0.9052 0.9060
34.9676 0.9053 0.9061
34.9861 0.9054 0.9063
35.0047 0.9055 0.9064
35.0232 0.9057 0.9065
35.0418 0.9058 0.9066
35.0603 0.9059 0.9067
35.0788 0.9060 0.9068
35.0974 0.9061 0.9069
35.1159 0.9062 0.9071
35.1345 0.9063 0.9072
35.1530 0.9065 0.9073
35.1716 0.9066 0.9074
35.1901 0.9067 0.9075
35.2086 0.9068 0.9076
35.2272 0.9069 0.9077
35.2457 0.9070 0.9078
35.2643 0.9071 0.9079
35.2828 0.9073 0.9081
35.3013 0.9074 0.9082
35.3199 0.9075 0.9083
35.3384 0.9076 0.9084
35.3570 0.9077 0.9085
35.3755 0.9078 0.9086
35.3940 0.9079 0.9087
35.4126 0.9080 0.9088
35.4311 0.9081 0.9089
35.4497 0.9083 0.9091
35.4682 0.9084 0.9092
35.4867 0.9085 0.9093
35.5053 0.9086 0.9094
35.5238 0.9087 0.9095
35.5424 0.9088 0.9096
35.5609 0.9089 0.9097
35.5794 0.9090 0.9098
35.5980 0.9091 0.9099
35.6165 0.9092 0.9100
35.6351 0.9093 0.9101
35.6536 0.9094 0.9102
35.6721 0.9096 0.9103
35.6907 0.9097 0.9105
35.7092 0.9098 0.9106
35.7278 0.9099 0.9107
35.7463 0.9100 0.9108
35.7649 0.9101 0.9109
35.7834 0.9102 0.9110
35.8019 0.9103 0.9111
35.8205 0.9104 0.9112
35.8390 0.9105 0.9113
35.8576 0.9106 0.9114
35.8761 0.9107 0.9115
35.8946 0.9108 0.9116
35.9132 0.9109 0.9117
35.9317 0.9110 0.9118
35.9503 0.9111 0.9119
35.9688 0.9113 0.9120
35.9873 0.9114 0.9121
36.0059 0.9115 0.9122
36.0244 0.9116 0.9123
36.0430 0.9117 0.9124
36.0615 0.9118 0.9125
36.0800 0.9119 0.9126
36.0986 0.9120 0.9128
36.1171 0.9121 0.9129
36.1357 0.9122 0.9130
36.1542 0.9123 0.9131
36.1727 0.9124 0.9132
36.1913 0.9125 0.9133
36.2098 0.9126 0.9134
36.2284 0.9127 0.9135
36.2469 0.9128 0.9136
36.2654 0.9129 0.9137
36.2840 0.9130 0.9138
36.3025 0.9131 0.9139
36.3211 0.9132 0.9140
36.3396 0.9133 0.9141
36.3582 0.9134 0.9142
36.3767 0.9135 0.9143
36.3952 0.9136 0.9144
36.4138 0.9137 0.9145
36.4323 0.9138 0.9146
36.4509 0.9139 0.9147
36.4694 0.9140 0.9148
36.4879 0.9141 0.9149
36.5065 0.9142 0.9150
36.5250 0.9143 0.9151
36.5436 0.9144 0.9152
36.5621 0.9145 0.9153
36.5806 0.9146 0.9153
36.5992 0.9147 0.9154
36.6177 0.9148 0.9155
36.6363 0.9149 0.9156
36.6548 0.9150 0.9157
36.6733 0.9151 0.9158
36.6919 0.9152 0.9159
36.7104 0.9153 0.9160
36.7290 0.9154 0.9161
36.7475 0.9155 0.9162
36.7660 0.9156 0.9163
36.7846 0.9157 0.9164
36.8031 0.9158 0.9165
36.8217 0.9159 0.9166
36.8402 0.9160 0.9167
36.8587 0.9160 0.9168
36.8773 0.9161 0.9169
36.8958 0.9162 0.9170
36.9144 0.9163 0.9171
36.9329 0.9164 0.9172
36.9515 0.9165 0.9173
36.9700 0.9166 0.9174
36.9885 0.9167 0.9175
37.0071 0.9168 0.9175
37.0256 0.9169 0.9176
37.0442 0.9170 0.9177
37.0627 0.9171 0.9178
  
  
  
  
  
dim="1">gridpoints</dimension>  
  
  
  
  
  
  
  
  
0.0000 3.6711 8.7830
0.0185 3.6711 8.7830
0.0371 3.5929 8.7783
0.0556 3.4638 8.7701
0.0742 3.2855 8.7582
0.0927 3.0607 8.7420
0.1112 2.7926 8.7209
0.1298 2.4856 8.6940
0.1483 2.1446 8.6604
0.1669 1.7755 8.6189
0.1854 1.3848 8.5683
0.2039 0.9799 8.5073
0.2225 0.5686 8.4343
0.2410 0.1588 8.3480
0.2596 -0.2412 8.2468
0.2781 -0.6234 8.1295
0.2966 -0.9804 7.9948
0.3152 -1.3052 7.8418
0.3337 -1.5919 7.6702
0.3523 -1.8358 7.4797
0.3708 -2.0334 7.2708
0.3894 -2.1826 7.0446
0.4079 -2.2824 6.8029
0.4264 -2.3335 6.5480
0.4450 -2.3374 6.2829
0.4635 -2.2967 6.0112
0.4821 -2.2147 5.7371
0.5006 -2.0952 5.4649
0.5191 -1.9423 5.1994
0.5377 -1.7604 4.9452
0.5562 -1.5534 4.7068
0.5748 -1.3254 4.4884
0.5933 -1.0801 4.2934
0.6118 -0.8207 4.1249
0.6304 -0.5504 3.9848
0.6489 -0.2716 3.8744
0.6675 0.0130 3.7937
0.6860 0.3012 3.7423
0.7045 0.5908 3.7183
0.7231 0.8799 3.7194
0.7416 1.1663 3.7423
0.7602 1.4478 3.7835
0.7787 1.7223 3.8385
0.7972 1.9875 3.9028
0.8158 2.2408 3.9717
0.8343 2.4800 4.0403
0.8529 2.7023 4.1038
0.8714 2.9053 4.1578
0.8899 3.0865 4.1980
0.9085 3.2435 4.2208
0.9270 3.3742 4.2230
0.9456 3.4767 4.2025
0.9641 3.5496 4.1576
0.9827 3.5919 4.0879
1.0012 3.6034 3.9938
1.0197 3.5846 3.8767
1.0383 3.5364 3.7390
1.0568 3.4610 3.5838
1.0754 3.3611 3.4152
1.0939 3.2402 3.2376
1.1124 3.1025 3.0558
1.1310 2.9528 2.8747
1.1495 2.7961 2.6991
1.1681 2.6378 2.5332
1.1866 2.4832 2.3810
1.2051 2.3373 2.2454
1.2237 2.2046 2.1288
1.2422 2.0891 2.0325
1.2608 1.9937 1.9570
1.2793 1.9206 1.9021
1.2978 1.8707 1.8668
1.3164 1.8440 1.8495
1.3349 1.8395 1.8482
1.3535 1.8552 1.8608
1.3720 1.8882 1.8846
1.3905 1.9351 1.9173
1.4091 1.9921 1.9566
1.4276 2.0549 2.0001
1.4462 2.1194 2.0460
1.4647 2.1815 2.0923
1.4832 2.2374 2.1377
1.5018 2.2839 2.1809
1.5203 2.3184 2.2210
1.5389 2.3390 2.2573
1.5574 2.3444 2.2895
1.5760 2.3343 2.3174
1.5945 2.3091 2.3411
1.6130 2.2697 2.3609
1.6316 2.2177 2.3773
1.6501 2.1554 2.3908
1.6687 2.0852 2.4021
1.6872 2.0097 2.4117
1.7057 1.9317 2.4204
1.7243 1.8539 2.4288
1.7428 1.7786 2.4372
1.7614 1.7081 2.4461
1.7799 1.6441 2.4557
1.7984 1.5878 2.4659
1.8170 1.5402 2.4769
1.8355 1.5016 2.4883
1.8541 1.4722 2.4999
1.8726 1.4515 2.5114
1.8911 1.4389 2.5222
1.9097 1.4338 2.5320
1.9282 1.4353 2.5401
1.9468 1.4425 2.5460
1.9653 1.4545 2.5492
1.9838 1.4706 2.5490
2.0024 1.4902 2.5449
2.0209 1.5127 2.5364
2.0395 1.5378 2.5230
2.0580 1.5653 2.5043
2.0765 1.5949 2.4801
2.0951 1.6264 2.4501
2.1136 1.6598 2.4144
2.1322 1.6949 2.3733
2.1507 1.7315 2.3272
2.1693 1.7695 2.2769
2.1878 1.8084 2.2233
2.2063 1.8480 2.1674
2.2249 1.8878 2.1107
2.2434 1.9276 2.0547
2.2620 1.9668 2.0008
2.2805 2.0051 1.9508
2.2990 2.0422 1.9061
2.3176 2.0777 1.8682
2.3361 2.1114 1.8384
2.3547 2.1433 1.8177
2.3732 2.1732 1.8068
2.3917 2.2012 1.8061
2.4103 2.2272 1.8158
2.4288 2.2515 1.8355
2.4474 2.2742 1.8647
2.4659 2.2954 1.9026
2.4844 2.3153 1.9479
2.5030 2.3340 1.9995
2.5215 2.3517 2.0558
2.5401 2.3684 2.1154
2.5586 2.3844 2.1767
2.5771 2.3996 2.2383
2.5957 2.4141 2.2987
2.6142 2.4279 2.3567
2.6328 2.4410 2.4112
2.6513 2.4535 2.4613
2.6698 2.4653 2.5065
2.6884 2.4765 2.5461
2.7069 2.4869 2.5801
2.7255 2.4964 2.6084
2.7440 2.5049 2.6313
2.7626 2.5123 2.6491
2.7811 2.5184 2.6623
2.7996 2.5228 2.6718
2.8182 2.5253 2.6781
2.8367 2.5256 2.6821
2.8553 2.5235 2.6845
2.8738 2.5186 2.6860
2.8923 2.5108 2.6871
2.9109 2.4999 2.6882
2.9294 2.4860 2.6896
2.9480 2.4692 2.6912
2.9665 2.4497 2.6930
2.9850 2.4279 2.6946
3.0036 2.4043 2.6955
3.0221 2.3795 2.6951
3.0407 2.3541 2.6928
3.0592 2.3288 2.6879
3.0777 2.3043 2.6798
3.0963 2.2812 2.6680
3.1148 2.2601 2.6522
3.1334 2.2413 2.6321
3.1519 2.2251 2.6075
3.1704 2.2116 2.5787
3.1890 2.2006 2.5458
3.2075 2.1919 2.5093
3.2261 2.1849 2.4694
3.2446 2.1791 2.4268
3.2631 2.1739 2.3820
3.2817 2.1684 2.3356
3.3002 2.1619 2.2879
3.3188 2.1537 2.2397
3.3373 2.1433 2.1912
3.3559 2.1301 2.1430
3.3744 2.1139 2.0955
3.3929 2.0946 2.0489
3.4115 2.0722 2.0038
3.4300 2.0470 1.9605
3.4486 2.0194 1.9194
3.4671 1.9898 1.8809
3.4856 1.9589 1.8454
3.5042 1.9272 1.8132
3.5227 1.8953 1.7848
3.5413 1.8638 1.7603
3.5598 1.8330 1.7401
3.5783 1.8034 1.7242
3.5969 1.7750 1.7126
3.6154 1.7481 1.7052
3.6340 1.7225 1.7016
3.6525 1.6981 1.7013
3.6710 1.6746 1.7037
3.6896 1.6515 1.7078
3.7081 1.6282 1.7126
3.7267 1.6043 1.7169
3.7452 1.5789 1.7193
3.7637 1.5514 1.7183
3.7823 1.5208 1.7124
3.8008 1.4865 1.7000
3.8194 1.4476 1.6795
3.8379 1.4032 1.6494
3.8564 1.3528 1.6084
3.8750 1.2956 1.5554
3.8935 1.2313 1.4894
3.9121 1.1596 1.4098
3.9306 1.0803 1.3165
3.9492 0.9935 1.2094
3.9677 0.8996 1.0890
3.9862 0.7990 0.9563
4.0048 0.6925 0.8126
4.0233 0.5809 0.6594
4.0419 0.4653 0.4986
4.0604 0.3466 0.3324
4.0789 0.2261 0.1631
4.0975 0.1049 -0.0068
4.1160 -0.0160 -0.1749
4.1346 -0.1354 -0.3387
4.1531 -0.2524 -0.4959
4.1716 -0.3661 -0.6446
4.1902 -0.4757 -0.7828
4.2087 -0.5806 -0.9091
4.2273 -0.6803 -1.0223
4.2458 -0.7742 -1.1217
4.2643 -0.8620 -1.2069
4.2829 -0.9435 -1.2778
4.3014 -1.0183 -1.3348
4.3200 -1.0864 -1.3783
4.3385 -1.1476 -1.4093
4.3570 -1.2018 -1.4288
4.3756 -1.2491 -1.4379
4.3941 -1.2895 -1.4380
4.4127 -1.3230 -1.4303
4.4312 -1.3499 -1.4161
4.4497 -1.3703 -1.3967
4.4683 -1.3846 -1.3731
4.4868 -1.3929 -1.3464
4.5054 -1.3957 -1.3176
4.5239 -1.3934 -1.2874
4.5425 -1.3864 -1.2564
4.5610 -1.3751 -1.2252
4.5795 -1.3599 -1.1942
4.5981 -1.3414 -1.1635
4.6166 -1.3198 -1.1335
4.6352 -1.2956 -1.1041
4.6537 -1.2691 -1.0755
4.6722 -1.2407 -1.0476
4.6908 -1.2106 -1.0203
4.7093 -1.1792 -0.9935
4.7279 -1.1466 -0.9671
4.7464 -1.1130 -0.9411
4.7649 -1.0787 -0.9154
4.7835 -1.0437 -0.8900
4.8020 -1.0083 -0.8648
4.8206 -0.9727 -0.8400
4.8391 -0.9369 -0.8156
4.8576 -0.9013 -0.7918
4.8762 -0.8659 -0.7687
4.8947 -0.8310 -0.7466
4.9133 -0.7969 -0.7256
4.9318 -0.7639 -0.7060
4.9503 -0.7321 -0.6878
4.9689 -0.7019 -0.6712
4.9874 -0.6736 -0.6564
5.0060 -0.6473 -0.6432
5.0245 -0.6234 -0.6316
5.0430 -0.6020 -0.6216
5.0616 -0.5831 -0.6129
5.0801 -0.5670 -0.6053
5.0987 -0.5535 -0.5985
5.1172 -0.5426 -0.5922
5.1358 -0.5342 -0.5862
5.1543 -0.5280 -0.5800
5.1728 -0.5238 -0.5735
5.1914 -0.5211 -0.5662
5.2099 -0.5198 -0.5581
5.2285 -0.5193 -0.5489
5.2470 -0.5193 -0.5385
5.2655 -0.5194 -0.5269
5.2841 -0.5192 -0.5139
5.3026 -0.5185 -0.4996
5.3212 -0.5168 -0.4840
5.3397 -0.5140 -0.4672
5.3582 -0.5100 -0.4493
5.3768 -0.5046 -0.4305
5.3953 -0.4978 -0.4109
5.4139 -0.4895 -0.3906
5.4324 -0.4798 -0.3698
5.4509 -0.4687 -0.3488
5.4695 -0.4564 -0.3276
5.4880 -0.4429 -0.3066
5.5066 -0.4283 -0.2858
5.5251 -0.4128 -0.2654
5.5436 -0.3964 -0.2457
5.5622 -0.3792 -0.2267
5.5807 -0.3614 -0.2086
5.5993 -0.3431 -0.1914
5.6178 -0.3242 -0.1753
5.6363 -0.3050 -0.1603
5.6549 -0.2855 -0.1463
5.6734 -0.2658 -0.1334
5.6920 -0.2460 -0.1216
5.7105 -0.2262 -0.1107
5.7291 -0.2064 -0.1007
5.7476 -0.1867 -0.0915
5.7661 -0.1672 -0.0829
5.7847 -0.1480 -0.0749
5.8032 -0.1290 -0.0674
5.8218 -0.1104 -0.0602
5.8403 -0.0921 -0.0532
5.8588 -0.0741 -0.0465
5.8774 -0.0566 -0.0398
5.8959 -0.0394 -0.0331
5.9145 -0.0225 -0.0265
5.9330 -0.0060 -0.0198
5.9515 0.0101 -0.0130
5.9701 0.0258 -0.0061
5.9886 0.0412 0.0009
6.0072 0.0562 0.0081
6.0257 0.0708 0.0154
6.0442 0.0851 0.0229
6.0628 0.0989 0.0306
6.0813 0.1124 0.0386
6.0999 0.1255 0.0467
6.1184 0.1381 0.0551
6.1369 0.1504 0.0638
6.1555 0.1622 0.0727
6.1740 0.1735 0.0819
6.1926 0.1844 0.0913
6.2111 0.1947 0.1010
6.2296 0.2044 0.1110
6.2482 0.2134 0.1211
6.2667 0.2218 0.1314
6.2853 0.2295 0.1419
6.3038 0.2363 0.1524
6.3224 0.2422 0.1629
6.3409 0.2472 0.1735
6.3594 0.2513 0.1839
6.3780 0.2544 0.1942
6.3965 0.2565 0.2044
6.4151 0.2577 0.2144
6.4336 0.2580 0.2241
6.4521 0.2575 0.2336
6.4707 0.2564 0.2429
6.4892 0.2547 0.2520
6.5078 0.2526 0.2609
6.5263 0.2504 0.2698
6.5448 0.2482 0.2785
6.5634 0.2462 0.2872
6.5819 0.2446 0.2960
6.6005 0.2436 0.3050
6.6190 0.2434 0.3140
6.6375 0.2441 0.3233
6.6561 0.2458 0.3329
6.6746 0.2486 0.3427
6.6932 0.2525 0.3527
6.7117 0.2576 0.3630
6.7302 0.2637 0.3736
6.7488 0.2710 0.3843
6.7673 0.2791 0.3951
6.7859 0.2881 0.4060
6.8044 0.2979 0.4169
6.8229 0.3083 0.4278
6.8415 0.3192 0.4385
6.8600 0.3306 0.4489
6.8786 0.3422 0.4590
6.8971 0.3540 0.4688
6.9157 0.3659 0.4781
6.9342 0.3778 0.4868
6.9527 0.3898 0.4949
6.9713 0.4016 0.5025
6.9898 0.4134 0.5093
7.0084 0.4250 0.5155
7.0269 0.4365 0.5209
7.0454 0.4478 0.5257
7.0640 0.4589 0.5299
7.0825 0.4699 0.5335
7.1011 0.4807 0.5365
7.1196 0.4913 0.5391
7.1381 0.5018 0.5414
7.1567 0.5122 0.5435
7.1752 0.5223 0.5454
7.1938 0.5324 0.5472
7.2123 0.5423 0.5491
7.2308 0.5520 0.5512
7.2494 0.5616 0.5535
7.2679 0.5709 0.5560
7.2865 0.5801 0.5589
7.3050 0.5891 0.5621
7.3235 0.5979 0.5658
7.3421 0.6064 0.5698
7.3606 0.6146 0.5742
7.3792 0.6226 0.5789
7.3977 0.6303 0.5841
7.4162 0.6378 0.5896
7.4348 0.6449 0.5955
7.4533 0.6518 0.6018
7.4719 0.6585 0.6083
7.4904 0.6650 0.6152
7.5090 0.6713 0.6223
7.5275 0.6775 0.6298
7.5460 0.6835 0.6375
7.5646 0.6895 0.6454
7.5831 0.6954 0.6535
7.6017 0.7013 0.6618
7.6202 0.7071 0.6702
7.6387 0.7129 0.6786
7.6573 0.7186 0.6871
7.6758 0.7243 0.6955
7.6944 0.7299 0.7038
7.7129 0.7353 0.7120
7.7314 0.7405 0.7199
7.7500 0.7456 0.7276
7.7685 0.7503 0.7350
7.7871 0.7548 0.7421
7.8056 0.7590 0.7489
7.8241 0.7628 0.7553
7.8427 0.7663 0.7613
7.8612 0.7695 0.7670
7.8798 0.7724 0.7723
7.8983 0.7750 0.7773
7.9168 0.7773 0.7821
7.9354 0.7794 0.7866
7.9539 0.7814 0.7909
7.9725 0.7832 0.7950
7.9910 0.7850 0.7990
8.0095 0.7867 0.8029
8.0281 0.7885 0.8069
8.0466 0.7904 0.8108
8.0652 0.7924 0.8147
8.0837 0.7945 0.8187
8.1022 0.7968 0.8229
8.1208 0.7993 0.8271
8.1393 0.8020 0.8314
8.1579 0.8049 0.8358
8.1764 0.8081 0.8404
8.1950 0.8115 0.8451
8.2135 0.8151 0.8498
8.2320 0.8191 0.8547
8.2506 0.8232 0.8596
8.2691 0.8277 0.8645
8.2877 0.8323 0.8694
8.3062 0.8372 0.8744
8.3247 0.8424 0.8793
8.3433 0.8477 0.8841
8.3618 0.8532 0.8889
8.3804 0.8589 0.8936
8.3989 0.8646 0.8982
8.4174 0.8705 0.9026
8.4360 0.8765 0.9070
8.4545 0.8825 0.9112
8.4731 0.8885 0.9152
8.4916 0.8944 0.9192
8.5101 0.9004 0.9230
8.5287 0.9062 0.9268
8.5472 0.9120 0.9304
8.5658 0.9176 0.9339
8.5843 0.9231 0.9374
8.6028 0.9285 0.9409
8.6214 0.9338 0.9443
8.6399 0.9390 0.9476
8.6585 0.9440 0.9510
8.6770 0.9490 0.9545
8.6955 0.9538 0.9579
8.7141 0.9586 0.9615
8.7326 0.9634 0.9651
8.7512 0.9680 0.9687
8.7697 0.9727 0.9725
8.7883 0.9773 0.9765
8.8068 0.9820 0.9805
8.8253 0.9866 0.9847
8.8439 0.9913 0.9890
8.8624 0.9960 0.9934
8.8810 1.0007 0.9981
8.8995 1.0055 1.0028
8.9180 1.0104 1.0077
8.9366 1.0153 1.0128
8.9551 1.0203 1.0180
8.9737 1.0253 1.0233
8.9922 1.0305 1.0287
9.0107 1.0357 1.0342
9.0293 1.0409 1.0398
9.0478 1.0462 1.0454
9.0664 1.0515 1.0511
9.0849 1.0568 1.0567
9.1034 1.0621 1.0623
9.1220 1.0673 1.0679
9.1405 1.0725 1.0733
9.1591 1.0775 1.0787
9.1776 1.0825 1.0839
9.1961 1.0873 1.0891
9.2147 1.0919 1.0940
9.2332 1.0964 1.0988
9.2518 1.1006 1.1035
9.2703 1.1047 1.1079
9.2888 1.1085 1.1123
9.3074 1.1122 1.1164
9.3259 1.1156 1.1205
9.3445 1.1189 1.1244
9.3630 1.1221 1.1282
9.3816 1.1251 1.1319
9.4001 1.1280 1.1355
9.4186 1.1309 1.1391
9.4372 1.1338 1.1427
9.4557 1.1367 1.1462
9.4743 1.1396 1.1497
9.4928 1.1427 1.1533
9.5113 1.1458 1.1569
9.5299 1.1491 1.1606
9.5484 1.1525 1.1644
9.5670 1.1561 1.1683
9.5855 1.1598 1.1723
9.6040 1.1638 1.1765
9.6226 1.1679 1.1808
9.6411 1.1722 1.1853
9.6597 1.1767 1.1900
9.6782 1.1814 1.1948
9.6967 1.1863 1.1999
9.7153 1.1913 1.2051
9.7338 1.1965 1.2105
9.7524 1.2019 1.2161
9.7709 1.2074 1.2219
9.7894 1.2130 1.2278
9.8080 1.2188 1.2339
9.8265 1.2246 1.2400
9.8451 1.2306 1.2463
9.8636 1.2366 1.2526
9.8821 1.2427 1.2590
9.9007 1.2489 1.2654
9.9192 1.2551 1.2719
9.9378 1.2613 1.2783
9.9563 1.2676 1.2848
9.9749 1.2739 1.2912
9.9934 1.2802 1.2976
10.0119 1.2865 1.3039
10.0305 1.2928 1.3102
10.0490 1.2991 1.3165
10.0676 1.3055 1.3228
10.0861 1.3118 1.3289
10.1046 1.3181 1.3351
10.1232 1.3245 1.3412
10.1417 1.3309 1.3473
10.1603 1.3373 1.3534
10.1788 1.3437 1.3595
10.1973 1.3502 1.3655
10.2159 1.3568 1.3716
10.2344 1.3634 1.3777
10.2530 1.3701 1.3838
10.2715 1.3769 1.3899
10.2900 1.3837 1.3961
10.3086 1.3907 1.4024
10.3271 1.3978 1.4088
10.3457 1.4049 1.4153
10.3642 1.4122 1.4219
10.3827 1.4196 1.4287
10.4013 1.4270 1.4356
10.4198 1.4346 1.4426
10.4384 1.4422 1.4498
10.4569 1.4499 1.4572
10.4754 1.4576 1.4647
10.4940 1.4653 1.4724
10.5125 1.4731 1.4803
10.5311 1.4809 1.4883
10.5496 1.4887 1.4964
10.5682 1.4965 1.5047
10.5867 1.5043 1.5132
10.6052 1.5121 1.5217
10.6238 1.5199 1.5304
10.6423 1.5277 1.5392
10.6609 1.5355 1.5481
10.6794 1.5434 1.5570
10.6979 1.5513 1.5661
10.7165 1.5592 1.5752
10.7350 1.5672 1.5844
10.7536 1.5753 1.5936
10.7721 1.5835 1.6028
10.7906 1.5918 1.6121
10.8092 1.6003 1.6214
10.8277 1.6089 1.6307
10.8463 1.6177 1.6400
10.8648 1.6267 1.6493
10.8833 1.6358 1.6587
10.9019 1.6451 1.6680
10.9204 1.6547 1.6774
10.9390 1.6644 1.6868
10.9575 1.6744 1.6963
10.9760 1.6846 1.7058
10.9946 1.6950 1.7154
11.0131 1.7057 1.7251
11.0317 1.7166 1.7350
11.0502 1.7278 1.7450
11.0687 1.7394 1.7552
11.0873 1.7512 1.7657
11.1058 1.7634 1.7765
11.1244 1.7760 1.7876
11.1429 1.7890 1.7990
11.1615 1.8023 1.8108
11.1800 1.8162 1.8231
11.1985 1.8305 1.8358
11.2171 1.8452 1.8490
11.2356 1.8604 1.8627
11.2542 1.8761 1.8769
11.2727 1.8923 1.8916
11.2912 1.9088 1.9068
11.3098 1.9258 1.9224
11.3283 1.9431 1.9384
11.3469 1.9607 1.9547
11.3654 1.9785 1.9713
11.3839 1.9964 1.9880
11.4025 2.0142 2.0046
11.4210 2.0319 2.0210
11.4396 2.0491 2.0371
11.4581 2.0659 2.0526
11.4766 2.0818 2.0673
11.4952 2.0968 2.0809
11.5137 2.1106 2.0934
11.5323 2.1229 2.1045
11.5508 2.1336 2.1140
11.5693 2.1425 2.1218
11.5879 2.1495 2.1278
11.6064 2.1543 2.1320
11.6250 2.1569 2.1343
11.6435 2.1572 2.1347
11.6620 2.1554 2.1335
11.6806 2.1515 2.1307
11.6991 2.1456 2.1265
11.7177 2.1380 2.1211
11.7362 2.1288 2.1148
11.7548 2.1183 2.1076
11.7733 2.1069 2.1000
11.7918 2.0947 2.0919
11.8104 2.0821 2.0836
11.8289 2.0693 2.0753
11.8475 2.0566 2.0669
11.8660 2.0442 2.0586
11.8845 2.0322 2.0504
11.9031 2.0207 2.0424
11.9216 2.0097 2.0344
11.9402 1.9994 2.0265
11.9587 1.9896 2.0186
11.9772 1.9803 2.0108
11.9958 1.9715 2.0030
12.0143 1.9631 1.9953
12.0329 1.9551 1.9875
12.0514 1.9473 1.9798
12.0699 1.9397 1.9722
12.0885 1.9323 1.9647
12.1070 1.9250 1.9573
12.1256 1.9179 1.9501
12.1441 1.9109 1.9431
12.1626 1.9041 1.9363
12.1812 1.8974 1.9297
12.1997 1.8910 1.9233
12.2183 1.8848 1.9171
12.2368 1.8788 1.9111
12.2553 1.8732 1.9051
12.2739 1.8678 1.8992
12.2924 1.8627 1.8932
12.3110 1.8579 1.8872
12.3295 1.8534 1.8812
12.3481 1.8491 1.8750
12.3666 1.8451 1.8688
12.3851 1.8412 1.8625
12.4037 1.8374 1.8561
12.4222 1.8338 1.8497
12.4408 1.8302 1.8434
12.4593 1.8266 1.8373
12.4778 1.8230 1.8313
12.4964 1.8193 1.8257
12.5149 1.8156 1.8205
12.5335 1.8117 1.8157
12.5520 1.8076 1.8114
12.5705 1.8035 1.8077
12.5891 1.7992 1.8046
12.6076 1.7948 1.8020
12.6262 1.7904 1.8000
12.6447 1.7859 1.7986
12.6632 1.7814 1.7976
12.6818 1.7770 1.7970
12.7003 1.7727 1.7966
12.7189 1.7686 1.7964
12.7374 1.7647 1.7962
12.7559 1.7610 1.7960
12.7745 1.7577 1.7956
12.7930 1.7547 1.7949
12.8116 1.7521 1.7940
12.8301 1.7500 1.7926
12.8486 1.7484 1.7910
12.8672 1.7473 1.7889
12.8857 1.7468 1.7865
12.9043 1.7468 1.7839
12.9228 1.7473 1.7810
12.9414 1.7483 1.7779
12.9599 1.7498 1.7748
12.9784 1.7517 1.7716
12.9970 1.7540 1.7684
13.0155 1.7564 1.7652
13.0341 1.7589 1.7621
13.0526 1.7613 1.7589
13.0711 1.7635 1.7557
13.0897 1.7654 1.7524
13.1082 1.7666 1.7489
13.1268 1.7672 1.7452
13.1453 1.7669 1.7412
13.1638 1.7655 1.7367
13.1824 1.7631 1.7318
13.2009 1.7594 1.7263
13.2195 1.7544 1.7202
13.2380 1.7480 1.7133
13.2565 1.7403 1.7058
13.2751 1.7312 1.6975
13.2936 1.7209 1.6885
13.3122 1.7095 1.6787
13.3307 1.6969 1.6683
13.3492 1.6835 1.6571
13.3678 1.6693 1.6453
13.3863 1.6546 1.6329
13.4049 1.6395 1.6200
13.4234 1.6242 1.6065
13.4419 1.6088 1.5925
13.4605 1.5934 1.5780
13.4790 1.5781 1.5631
13.4976 1.5629 1.5477
13.5161 1.5478 1.5317
13.5347 1.5326 1.5151
13.5532 1.5173 1.4978
13.5717 1.5015 1.4797
13.5903 1.4851 1.4606
13.6088 1.4677 1.4404
13.6274 1.4491 1.4188
13.6459 1.4289 1.3958
13.6644 1.4068 1.3711
13.6830 1.3826 1.3445
13.7015 1.3559 1.3160
13.7201 1.3267 1.2854
13.7386 1.2948 1.2527
13.7571 1.2600 1.2179
13.7757 1.2224 1.1811
13.7942 1.1819 1.1423
13.8128 1.1387 1.1018
13.8313 1.0929 1.0598
13.8498 1.0447 1.0165
13.8684 0.9941 0.9722
13.8869 0.9416 0.9271
13.9055 0.8874 0.8815
13.9240 0.8317 0.8357
13.9425 0.7747 0.7897
13.9611 0.7169 0.7438
13.9796 0.6584 0.6978
13.9982 0.5996 0.6518
14.0167 0.5407 0.6056
14.0352 0.4820 0.5592
14.0538 0.4237 0.5123
14.0723 0.3662 0.4648
14.0909 0.3098 0.4164
14.1094 0.2546 0.3670
14.1280 0.2011 0.3166
14.1465 0.1494 0.2653
14.1650 0.0998 0.2130
14.1836 0.0527 0.1602
14.2021 0.0083 0.1071
14.2207 -0.0331 0.0542
14.2392 -0.0714 0.0020
14.2577 -0.1063 -0.0488
14.2763 -0.1376 -0.0975
14.2948 -0.1652 -0.1435
14.3134 -0.1892 -0.1862
14.3319 -0.2094 -0.2249
14.3504 -0.2260 -0.2593
14.3690 -0.2390 -0.2889
14.3875 -0.2487 -0.3135
14.4061 -0.2552 -0.3330
14.4246 -0.2588 -0.3473
14.4431 -0.2598 -0.3568
14.4617 -0.2585 -0.3616
14.4802 -0.2553 -0.3620
14.4988 -0.2505 -0.3586
14.5173 -0.2445 -0.3518
14.5358 -0.2375 -0.3421
14.5544 -0.2299 -0.3300
14.5729 -0.2219 -0.3160
14.5915 -0.2137 -0.3005
14.6100 -0.2055 -0.2840
14.6285 -0.1974 -0.2668
14.6471 -0.1896 -0.2491
14.6656 -0.1820 -0.2314
14.6842 -0.1749 -0.2137
14.7027 -0.1681 -0.1962
14.7213 -0.1617 -0.1791
14.7398 -0.1557 -0.1625
14.7583 -0.1502 -0.1463
14.7769 -0.1451 -0.1308
14.7954 -0.1405 -0.1159
14.8140 -0.1364 -0.1017
14.8325 -0.1329 -0.0881
14.8510 -0.1299 -0.0753
14.8696 -0.1276 -0.0632
14.8881 -0.1259 -0.0519
14.9067 -0.1250 -0.0414
14.9252 -0.1247 -0.0317
14.9437 -0.1252 -0.0229
14.9623 -0.1264 -0.0148
14.9808 -0.1282 -0.0075
14.9994 -0.1307 -0.0011
15.0179 -0.1336 0.0045
15.0364 -0.1370 0.0092
15.0550 -0.1408 0.0132
15.0735 -0.1447 0.0162
15.0921 -0.1488 0.0184
15.1106 -0.1527 0.0198
15.1291 -0.1566 0.0202
15.1477 -0.1601 0.0196
15.1662 -0.1633 0.0180
15.1848 -0.1659 0.0153
15.2033 -0.1680 0.0114
15.2218 -0.1695 0.0062
15.2404 -0.1702 -0.0003
15.2589 -0.1703 -0.0082
15.2775 -0.1697 -0.0177
15.2960 -0.1684 -0.0287
15.3146 -0.1665 -0.0414
15.3331 -0.1639 -0.0556
15.3516 -0.1609 -0.0714
15.3702 -0.1574 -0.0887
15.3887 -0.1536 -0.1074
15.4073 -0.1496 -0.1271
15.4258 -0.1454 -0.1478
15.4443 -0.1412 -0.1690
15.4629 -0.1370 -0.1905
15.4814 -0.1330 -0.2119
15.5000 -0.1291 -0.2327
15.5185 -0.1254 -0.2525
15.5370 -0.1220 -0.2711
15.5556 -0.1187 -0.2879
15.5741 -0.1156 -0.3028
15.5927 -0.1127 -0.3153
15.6112 -0.1098 -0.3254
15.6297 -0.1070 -0.3329
15.6483 -0.1041 -0.3377
15.6668 -0.1011 -0.3399
15.6854 -0.0980 -0.3395
15.7039 -0.0946 -0.3366
15.7224 -0.0910 -0.3314
15.7410 -0.0871 -0.3242
15.7595 -0.0829 -0.3152
15.7781 -0.0784 -0.3045
15.7966 -0.0736 -0.2926
15.8151 -0.0686 -0.2795
15.8337 -0.0634 -0.2656
15.8522 -0.0579 -0.2511
15.8708 -0.0524 -0.2362
15.8893 -0.0468 -0.2211
15.9078 -0.0411 -0.2059
15.9264 -0.0355 -0.1907
15.9449 -0.0301 -0.1757
15.9635 -0.0247 -0.1610
15.9820 -0.0196 -0.1466
16.0006 -0.0148 -0.1326
16.0191 -0.0102 -0.1191
16.0376 -0.0060 -0.1060
16.0562 -0.0021 -0.0934
16.0747 0.0014 -0.0813
16.0933 0.0046 -0.0698
16.1118 0.0074 -0.0587
16.1303 0.0098 -0.0480
16.1489 0.0119 -0.0379
16.1674 0.0137 -0.0281
16.1860 0.0152 -0.0188
16.2045 0.0166 -0.0098
16.2230 0.0177 -0.0012
16.2416 0.0188 0.0072
16.2601 0.0197 0.0152
16.2787 0.0207 0.0231
16.2972 0.0216 0.0308
16.3157 0.0227 0.0383
16.3343 0.0238 0.0456
16.3528 0.0250 0.0528
16.3714 0.0264 0.0600
16.3899 0.0280 0.0670
16.4084 0.0298 0.0739
16.4270 0.0318 0.0808
16.4455 0.0340 0.0876
16.4641 0.0364 0.0943
16.4826 0.0390 0.1010
16.5011 0.0418 0.1075
16.5197 0.0448 0.1140
16.5382 0.0480 0.1205
16.5568 0.0513 0.1268
16.5753 0.0549 0.1331
16.5939 0.0585 0.1394
16.6124 0.0623 0.1456
16.6309 0.0662 0.1517
16.6495 0.0701 0.1578
16.6680 0.0741 0.1639
16.6866 0.0781 0.1699
16.7051 0.0822 0.1759
16.7236 0.0862 0.1818
16.7422 0.0902 0.1877
16.7607 0.0941 0.1936
16.7793 0.0980 0.1993
16.7978 0.1018 0.2050
16.8163 0.1054 0.2106
16.8349 0.1090 0.2161
16.8534 0.1124 0.2214
16.8720 0.1158 0.2266
16.8905 0.1190 0.2316
16.9090 0.1221 0.2364
16.9276 0.1251 0.2410
16.9461 0.1280 0.2454
16.9647 0.1308 0.2495
16.9832 0.1335 0.2534
17.0017 0.1362 0.2570
17.0203 0.1388 0.2603
17.0388 0.1414 0.2633
17.0574 0.1439 0.2659
17.0759 0.1464 0.2683
17.0944 0.1489 0.2702
17.1130 0.1514 0.2718
17.1315 0.1538 0.2729
17.1501 0.1563 0.2736
17.1686 0.1587 0.2739
17.1872 0.1611 0.2737
17.2057 0.1636 0.2730
17.2242 0.1660 0.2718
17.2428 0.1684 0.2702
17.2613 0.1708 0.2681
17.2799 0.1732 0.2656
17.2984 0.1756 0.2626
17.3169 0.1780 0.2593
17.3355 0.1805 0.2557
17.3540 0.1829 0.2518
17.3726 0.1854 0.2478
17.3911 0.1879 0.2436
17.4096 0.1904 0.2394
17.4282 0.1930 0.2352
17.4467 0.1956 0.2311
17.4653 0.1983 0.2272
17.4838 0.2010 0.2235
17.5023 0.2038 0.2202
17.5209 0.2066 0.2172
17.5394 0.2095 0.2145
17.5580 0.2125 0.2124
17.5765 0.2155 0.2106
17.5950 0.2185 0.2094
17.6136 0.2216 0.2085
17.6321 0.2247 0.2082
17.6507 0.2279 0.2082
17.6692 0.2311 0.2087
17.6877 0.2343 0.2096
17.7063 0.2376 0.2109
17.7248 0.2409 0.2124
17.7434 0.2442 0.2143
17.7619 0.2475 0.2165
17.7805 0.2508 0.2189
17.7990 0.2541 0.2215
17.8175 0.2574 0.2243
17.8361 0.2607 0.2273
17.8546 0.2640 0.2304
17.8732 0.2672 0.2336
17.8917 0.2704 0.2369
17.9102 0.2737 0.2403
17.9288 0.2768 0.2437
17.9473 0.2800 0.2472
17.9659 0.2831 0.2507
17.9844 0.2863 0.2542
18.0029 0.2894 0.2577
18.0215 0.2925 0.2612
18.0400 0.2955 0.2646
18.0586 0.2986 0.2681
18.0771 0.3017 0.2715
18.0956 0.3047 0.2749
18.1142 0.3077 0.2783
18.1327 0.3107 0.2816
18.1513 0.3137 0.2849
18.1698 0.3166 0.2883
18.1883 0.3196 0.2916
18.2069 0.3225 0.2949
18.2254 0.3253 0.2982
18.2440 0.3282 0.3015
18.2625 0.3310 0.3049
18.2810 0.3338 0.3083
18.2996 0.3366 0.3117
18.3181 0.3393 0.3151
18.3367 0.3420 0.3186
18.3552 0.3447 0.3221
18.3738 0.3474 0.3256
18.3923 0.3501 0.3291
18.4108 0.3527 0.3327
18.4294 0.3554 0.3362
18.4479 0.3580 0.3398
18.4665 0.3607 0.3433
18.4850 0.3633 0.3468
18.5035 0.3660 0.3503
18.5221 0.3687 0.3538
18.5406 0.3713 0.3572
18.5592 0.3740 0.3607
18.5777 0.3767 0.3640
18.5962 0.3794 0.3674
18.6148 0.3821 0.3707
18.6333 0.3848 0.3741
18.6519 0.3875 0.3773
18.6704 0.3902 0.3806
18.6889 0.3929 0.3839
18.7075 0.3956 0.3871
18.7260 0.3983 0.3903
18.7446 0.4010 0.3936
18.7631 0.4037 0.3968
18.7816 0.4063 0.4000
18.8002 0.4090 0.4031
18.8187 0.4116 0.4063
18.8373 0.4141 0.4094
18.8558 0.4167 0.4126
18.8743 0.4192 0.4157
18.8929 0.4217 0.4187
18.9114 0.4241 0.4218
18.9300 0.4265 0.4248
18.9485 0.4288 0.4277
18.9671 0.4312 0.4306
18.9856 0.4334 0.4335
19.0041 0.4357 0.4363
19.0227 0.4379 0.4391
19.0412 0.4400 0.4418
19.0598 0.4422 0.4445
19.0783 0.4443 0.4471
19.0968 0.4464 0.4496
19.1154 0.4485 0.4521
19.1339 0.4506 0.4545
19.1525 0.4526 0.4569
19.1710 0.4547 0.4593
19.1895 0.4567 0.4616
19.2081 0.4588 0.4638
19.2266 0.4609 0.4660
19.2452 0.4629 0.4682
19.2637 0.4650 0.4703
19.2822 0.4671 0.4724
19.3008 0.4692 0.4745
19.3193 0.4713 0.4766
19.3379 0.4734 0.4786
19.3564 0.4755 0.4806
19.3749 0.4776 0.4826
19.3935 0.4798 0.4846
19.4120 0.4819 0.4866
19.4306 0.4840 0.4886
19.4491 0.4862 0.4906
19.4676 0.4883 0.4925
19.4862 0.4904 0.4944
19.5047 0.4926 0.4964
19.5233 0.4947 0.4983
19.5418 0.4968 0.5002
19.5604 0.4990 0.5021
19.5789 0.5011 0.5040
19.5974 0.5032 0.5059
19.6160 0.5052 0.5077
19.6345 0.5073 0.5096
19.6531 0.5094 0.5114
19.6716 0.5114 0.5133
19.6901 0.5134 0.5151
19.7087 0.5154 0.5170
19.7272 0.5174 0.5188
19.7458 0.5194 0.5206
19.7643 0.5213 0.5224
19.7828 0.5233 0.5243
19.8014 0.5252 0.5261
19.8199 0.5271 0.5279
19.8385 0.5290 0.5297
19.8570 0.5309 0.5315
19.8755 0.5328 0.5334
19.8941 0.5346 0.5352
19.9126 0.5365 0.5370
19.9312 0.5384 0.5388
19.9497 0.5402 0.5407
19.9682 0.5420 0.5425
19.9868 0.5439 0.5444
20.0053 0.5457 0.5462
20.0239 0.5475 0.5481
20.0424 0.5493 0.5499
20.0609 0.5511 0.5518
20.0795 0.5529 0.5536
20.0980 0.5547 0.5555
20.1166 0.5564 0.5573
20.1351 0.5582 0.5591
20.1537 0.5599 0.5609
20.1722 0.5617 0.5627
20.1907 0.5634 0.5645
20.2093 0.5650 0.5662
20.2278 0.5667 0.5679
20.2464 0.5684 0.5696
20.2649 0.5700 0.5713
20.2834 0.5716 0.5730
20.3020 0.5732 0.5746
20.3205 0.5748 0.5763
20.3391 0.5763 0.5779
20.3576 0.5779 0.5795
20.3761 0.5794 0.5810
20.3947 0.5809 0.5826
20.4132 0.5824 0.5841
20.4318 0.5839 0.5856
20.4503 0.5854 0.5871
20.4688 0.5869 0.5886
20.4874 0.5883 0.5901
20.5059 0.5898 0.5915
20.5245 0.5912 0.5930
20.5430 0.5927 0.5944
20.5615 0.5941 0.5958
20.5801 0.5955 0.5972
20.5986 0.5969 0.5986
20.6172 0.5983 0.6000
20.6357 0.5997 0.6014
20.6542 0.6011 0.6028
20.6728 0.6025 0.6041
20.6913 0.6038 0.6054
20.7099 0.6052 0.6068
20.7284 0.6066 0.6081
20.7470 0.6079 0.6094
20.7655 0.6093 0.6107
20.7840 0.6106 0.6120
20.8026 0.6120 0.6133
20.8211 0.6133 0.6146
20.8397 0.6146 0.6158
20.8582 0.6160 0.6171
20.8767 0.6173 0.6184
20.8953 0.6186 0.6196
20.9138 0.6199 0.6209
20.9324 0.6212 0.6221
20.9509 0.6224 0.6233
20.9694 0.6237 0.6246
20.9880 0.6250 0.6258
21.0065 0.6262 0.6270
21.0251 0.6274 0.6282
21.0436 0.6287 0.6295
21.0621 0.6299 0.6307
21.0807 0.6311 0.6319
21.0992 0.6323 0.6331
21.1178 0.6335 0.6343
21.1363 0.6347 0.6355
21.1548 0.6359 0.6366
21.1734 0.6370 0.6378
21.1919 0.6382 0.6390
21.2105 0.6393 0.6402
21.2290 0.6405 0.6413
21.2475 0.6416 0.6425
21.2661 0.6427 0.6437
21.2846 0.6438 0.6448
21.3032 0.6449 0.6460
21.3217 0.6460 0.6471
21.3403 0.6471 0.6483
21.3588 0.6482 0.6494
21.3773 0.6493 0.6505
21.3959 0.6504 0.6517
21.4144 0.6515 0.6528
21.4330 0.6526 0.6539
21.4515 0.6536 0.6550
21.4700 0.6547 0.6561
21.4886 0.6558 0.6573
21.5071 0.6568 0.6584
21.5257 0.6579 0.6595
21.5442 0.6590 0.6606
21.5627 0.6600 0.6616
21.5813 0.6611 0.6627
21.5998 0.6621 0.6638
21.6184 0.6632 0.6649
21.6369 0.6642 0.6659
21.6554 0.6652 0.6670
21.6740 0.6663 0.6680
21.6925 0.6673 0.6691
21.7111 0.6683 0.6701
21.7296 0.6693 0.6711
21.7481 0.6703 0.6721
21.7667 0.6713 0.6731
21.7852 0.6722 0.6741
21.8038 0.6732 0.6750
21.8223 0.6742 0.6760
21.8408 0.6751 0.6769
21.8594 0.6760 0.6779
21.8779 0.6770 0.6788
21.8965 0.6779 0.6797
21.9150 0.6788 0.6806
21.9336 0.6797 0.6815
21.9521 0.6806 0.6823
21.9706 0.6815 0.6832
21.9892 0.6823 0.6841
22.0077 0.6832 0.6849
22.0263 0.6841 0.6858
22.0448 0.6850 0.6866
22.0633 0.6858 0.6874
22.0819 0.6867 0.6883
22.1004 0.6875 0.6891
22.1190 0.6884 0.6899
22.1375 0.6892 0.6908
22.1560 0.6901 0.6916
22.1746 0.6910 0.6925
22.1931 0.6918 0.6933
22.2117 0.6927 0.6941
22.2302 0.6935 0.6950
22.2487 0.6944 0.6958
22.2673 0.6952 0.6967
22.2858 0.6960 0.6975
22.3044 0.6969 0.6984
22.3229 0.6977 0.6992
22.3414 0.6986 0.7000
22.3600 0.6994 0.7009
22.3785 0.7002 0.7017
22.3971 0.7011 0.7026
22.4156 0.7019 0.7034
22.4341 0.7027 0.7042
22.4527 0.7035 0.7050
22.4712 0.7044 0.7059
22.4898 0.7052 0.7067
22.5083 0.7060 0.7075
22.5269 0.7068 0.7083
22.5454 0.7076 0.7091
22.5639 0.7084 0.7099
22.5825 0.7092 0.7107
22.6010 0.7100 0.7115
22.6196 0.7108 0.7123
22.6381 0.7116 0.7130
22.6566 0.7123 0.7138
22.6752 0.7131 0.7146
22.6937 0.7139 0.7153
22.7123 0.7147 0.7161
22.7308 0.7154 0.7168
22.7493 0.7162 0.7176
22.7679 0.7169 0.7183
22.7864 0.7177 0.7190
22.8050 0.7184 0.7198
22.8235 0.7191 0.7205
22.8420 0.7199 0.7212
22.8606 0.7206 0.7219
22.8791 0.7213 0.7226
22.8977 0.7220 0.7234
22.9162 0.7227 0.7241
22.9347 0.7234 0.7248
22.9533 0.7241 0.7255
22.9718 0.7248 0.7262
22.9904 0.7255 0.7269
23.0089 0.7262 0.7276
23.0274 0.7269 0.7283
23.0460 0.7276 0.7290
23.0645 0.7283 0.7297
23.0831 0.7290 0.7304
23.1016 0.7297 0.7311
23.1202 0.7303 0.7318
23.1387 0.7310 0.7324
23.1572 0.7317 0.7331
23.1758 0.7324 0.7338
23.1943 0.7331 0.7345
23.2129 0.7337 0.7351
23.2314 0.7344 0.7358
23.2499 0.7351 0.7365
23.2685 0.7357 0.7371
23.2870 0.7364 0.7378
23.3056 0.7371 0.7384
23.3241 0.7377 0.7391
23.3426 0.7384 0.7397
23.3612 0.7390 0.7404
23.3797 0.7397 0.7410
23.3983 0.7403 0.7416
23.4168 0.7410 0.7423
23.4353 0.7416 0.7429
23.4539 0.7422 0.7435
23.4724 0.7429 0.7441
23.4910 0.7435 0.7447
23.5095 0.7441 0.7454
23.5280 0.7447 0.7460
23.5466 0.7453 0.7466
23.5651 0.7459 0.7472
23.5837 0.7465 0.7478
23.6022 0.7470 0.7483
23.6207 0.7476 0.7489
23.6393 0.7482 0.7495
23.6578 0.7488 0.7501
23.6764 0.7493 0.7507
23.6949 0.7499 0.7513
23.7134 0.7505 0.7518
23.7320 0.7510 0.7524
23.7505 0.7516 0.7530
23.7691 0.7521 0.7535
23.7876 0.7527 0.7541
23.8062 0.7532 0.7547
23.8247 0.7538 0.7552
23.8432 0.7543 0.7558
23.8618 0.7549 0.7563
23.8803 0.7554 0.7569
23.8989 0.7560 0.7574
23.9174 0.7565 0.7579
23.9359 0.7571 0.7584
23.9545 0.7576 0.7590
23.9730 0.7581 0.7595
23.9916 0.7587 0.7600
24.0101 0.7592 0.7605
24.0286 0.7597 0.7610
24.0472 0.7602 0.7615
24.0657 0.7607 0.7620
24.0843 0.7612 0.7625
24.1028 0.7617 0.7629
24.1213 0.7622 0.7634
24.1399 0.7627 0.7639
24.1584 0.7631 0.7643
24.1770 0.7636 0.7648
24.1955 0.7640 0.7652
24.2140 0.7644 0.7656
24.2326 0.7648 0.7661
24.2511 0.7653 0.7665
24.2697 0.7657 0.7669
24.2882 0.7661 0.7673
24.3067 0.7665 0.7677
24.3253 0.7669 0.7681
24.3438 0.7672 0.7685
24.3624 0.7676 0.7689
24.3809 0.7680 0.7693
24.3995 0.7684 0.7697
24.4180 0.7687 0.7700
24.4365 0.7691 0.7704
24.4551 0.7694 0.7708
24.4736 0.7698 0.7711
24.4922 0.7701 0.7715
24.5107 0.7705 0.7718
24.5292 0.7708 0.7721
24.5478 0.7711 0.7724
24.5663 0.7715 0.7728
24.5849 0.7718 0.7731
24.6034 0.7721 0.7734
24.6219 0.7725 0.7737
24.6405 0.7728 0.7740
24.6590 0.7731 0.7743
24.6776 0.7734 0.7746
24.6961 0.7737 0.7748
24.7146 0.7741 0.7751
24.7332 0.7744 0.7754
24.7517 0.7747 0.7757
24.7703 0.7750 0.7761
24.7888 0.7753 0.7764
24.8073 0.7756 0.7767
24.8259 0.7759 0.7770
24.8444 0.7762 0.7773
24.8630 0.7765 0.7777
24.8815 0.7768 0.7780
24.9000 0.7771 0.7783
24.9186 0.7775 0.7787
24.9371 0.7778 0.7790
24.9557 0.7781 0.7794
24.9742 0.7785 0.7797
24.9928 0.7788 0.7801
25.0113 0.7792 0.7805
25.0298 0.7795 0.7808
25.0484 0.7799 0.7812
25.0669 0.7803 0.7816
25.0855 0.7807 0.7820
25.1040 0.7811 0.7824
25.1225 0.7815 0.7828
25.1411 0.7820 0.7832
25.1596 0.7824 0.7837
25.1782 0.7828 0.7841
25.1967 0.7833 0.7845
25.2152 0.7838 0.7850
25.2338 0.7842 0.7855
25.2523 0.7847 0.7859
25.2709 0.7852 0.7864
25.2894 0.7857 0.7869
25.3079 0.7861 0.7873
25.3265 0.7866 0.7878
25.3450 0.7871 0.7883
25.3636 0.7876 0.7888
25.3821 0.7881 0.7893
25.4006 0.7886 0.7898
25.4192 0.7891 0.7903
25.4377 0.7896 0.7908
25.4563 0.7902 0.7913
25.4748 0.7907 0.7918
25.4933 0.7912 0.7923
25.5119 0.7917 0.7928
25.5304 0.7922 0.7933
25.5490 0.7927 0.7938
25.5675 0.7931 0.7943
25.5861 0.7936 0.7948
25.6046 0.7941 0.7953
25.6231 0.7946 0.7958
25.6417 0.7951 0.7963
25.6602 0.7956 0.7968
25.6788 0.7960 0.7972
25.6973 0.7965 0.7977
25.7158 0.7970 0.7982
25.7344 0.7974 0.7986
25.7529 0.7979 0.7991
25.7715 0.7983 0.7995
25.7900 0.7988 0.7999
25.8085 0.7992 0.8004
25.8271 0.7997 0.8008
25.8456 0.8001 0.8012
25.8642 0.8005 0.8017
25.8827 0.8009 0.8021
25.9012 0.8013 0.8025
25.9198 0.8018 0.8029
25.9383 0.8022 0.8033
25.9569 0.8026 0.8037
25.9754 0.8030 0.8041
25.9939 0.8034 0.8045
26.0125 0.8038 0.8049
26.0310 0.8042 0.8053
26.0496 0.8046 0.8057
26.0681 0.8050 0.8061
26.0866 0.8053 0.8065
26.1052 0.8057 0.8069
26.1237 0.8061 0.8073
26.1423 0.8065 0.8076
26.1608 0.8069 0.8080
26.1794 0.8073 0.8084
26.1979 0.8076 0.8088
26.2164 0.8080 0.8091
26.2350 0.8084 0.8095
26.2535 0.8087 0.8099
26.2721 0.8091 0.8102
26.2906 0.8095 0.8106
26.3091 0.8098 0.8109
26.3277 0.8102 0.8113
26.3462 0.8105 0.8116
26.3648 0.8108 0.8119
26.3833 0.8111 0.8123
26.4018 0.8115 0.8126
26.4204 0.8118 0.8129
26.4389 0.8121 0.8132
26.4575 0.8124 0.8135
26.4760 0.8127 0.8138
26.4945 0.8130 0.8141
26.5131 0.8133 0.8144
26.5316 0.8136 0.8147
26.5502 0.8138 0.8150
26.5687 0.8141 0.8153
26.5872 0.8144 0.8155
26.6058 0.8147 0.8158
26.6243 0.8149 0.8161
26.6429 0.8152 0.8163
26.6614 0.8155 0.8166
26.6799 0.8157 0.8169
26.6985 0.8160 0.8171
26.7170 0.8162 0.8174
26.7356 0.8165 0.8176
26.7541 0.8168 0.8179
26.7727 0.8170 0.8181
26.7912 0.8173 0.8184
26.8097 0.8175 0.8186
26.8283 0.8178 0.8189
26.8468 0.8181 0.8192
26.8654 0.8184 0.8194
26.8839 0.8186 0.8197
26.9024 0.8189 0.8200
26.9210 0.8192 0.8203
26.9395 0.8195 0.8205
26.9581 0.8198 0.8208
26.9766 0.8201 0.8211
26.9951 0.8204 0.8214
27.0137 0.8207 0.8217
27.0322 0.8210 0.8221
27.0508 0.8213 0.8224
27.0693 0.8216 0.8227
27.0878 0.8220 0.8230
27.1064 0.8223 0.8234
27.1249 0.8226 0.8237
27.1435 0.8230 0.8241
27.1620 0.8233 0.8244
27.1805 0.8237 0.8247
27.1991 0.8240 0.8251
27.2176 0.8244 0.8254
27.2362 0.8247 0.8258
27.2547 0.8251 0.8261
27.2732 0.8254 0.8265
27.2918 0.8258 0.8268
27.3103 0.8261 0.8272
27.3289 0.8265 0.8275
27.3474 0.8268 0.8279
27.3660 0.8272 0.8282
27.3845 0.8275 0.8286
27.4030 0.8279 0.8289
27.4216 0.8282 0.8293
27.4401 0.8286 0.8296
27.4587 0.8289 0.8299
27.4772 0.8292 0.8303
27.4957 0.8296 0.8306
27.5143 0.8299 0.8309
27.5328 0.8302 0.8313
27.5514 0.8306 0.8316
27.5699 0.8309 0.8319
27.5884 0.8312 0.8322
27.6070 0.8315 0.8325
27.6255 0.8318 0.8328
27.6441 0.8321 0.8331
27.6626 0.8324 0.8334
27.6811 0.8327 0.8337
27.6997 0.8330 0.8340
27.7182 0.8333 0.8343
27.7368 0.8336 0.8346
27.7553 0.8339 0.8349
27.7738 0.8341 0.8352
27.7924 0.8344 0.8354
27.8109 0.8347 0.8357
27.8295 0.8349 0.8359
27.8480 0.8352 0.8362
27.8665 0.8355 0.8365
27.8851 0.8357 0.8367
27.9036 0.8360 0.8370
27.9222 0.8362 0.8372
27.9407 0.8364 0.8375
27.9593 0.8367 0.8377
27.9778 0.8369 0.8380
27.9963 0.8372 0.8382
28.0149 0.8374 0.8384
28.0334 0.8377 0.8387
28.0520 0.8379 0.8390
28.0705 0.8382 0.8392
28.0890 0.8384 0.8395
28.1076 0.8387 0.8397
28.1261 0.8390 0.8400
28.1447 0.8392 0.8403
28.1632 0.8395 0.8405
28.1817 0.8398 0.8408
28.2003 0.8400 0.8411
28.2188 0.8403 0.8413
28.2374 0.8406 0.8416
28.2559 0.8408 0.8419
28.2744 0.8411 0.8421
28.2930 0.8414 0.8424
28.3115 0.8417 0.8427
28.3301 0.8419 0.8430
28.3486 0.8422 0.8432
28.3671 0.8425 0.8435
28.3857 0.8428 0.8438
28.4042 0.8430 0.8441
28.4228 0.8433 0.8443
28.4413 0.8436 0.8446
28.4598 0.8439 0.8449
28.4784 0.8441 0.8452
28.4969 0.8444 0.8454
28.5155 0.8447 0.8457
28.5340 0.8449 0.8460
28.5526 0.8452 0.8462
28.5711 0.8455 0.8465
28.5896 0.8457 0.8467
28.6082 0.8460 0.8470
28.6267 0.8463 0.8473
28.6453 0.8465 0.8475
28.6638 0.8468 0.8478
28.6823 0.8471 0.8480
28.7009 0.8473 0.8483
28.7194 0.8476 0.8485
28.7380 0.8478 0.8488
28.7565 0.8481 0.8491
28.7750 0.8483 0.8493
28.7936 0.8486 0.8496
28.8121 0.8489 0.8498
28.8307 0.8491 0.8501
28.8492 0.8494 0.8503
28.8677 0.8496 0.8506
28.8863 0.8499 0.8508
28.9048 0.8501 0.8511
28.9234 0.8504 0.8513
28.9419 0.8506 0.8516
28.9604 0.8509 0.8518
28.9790 0.8511 0.8521
28.9975 0.8514 0.8523
29.0161 0.8516 0.8526
29.0346 0.8519 0.8528
29.0531 0.8521 0.8530
29.0717 0.8523 0.8533
29.0902 0.8526 0.8535
29.1088 0.8528 0.8538
29.1273 0.8531 0.8540
29.1459 0.8533 0.8542
29.1644 0.8535 0.8545
29.1829 0.8538 0.8547
29.2015 0.8540 0.8550
29.2200 0.8543 0.8552
29.2386 0.8545 0.8554
29.2571 0.8547 0.8557
29.2756 0.8550 0.8559
29.2942 0.8552 0.8561
29.3127 0.8554 0.8564
29.3313 0.8557 0.8566
29.3498 0.8559 0.8568
29.3683 0.8561 0.8571
29.3869 0.8564 0.8573
29.4054 0.8566 0.8575
29.4240 0.8568 0.8577
29.4425 0.8571 0.8580
29.4610 0.8573 0.8582
29.4796 0.8575 0.8584
29.4981 0.8577 0.8586
29.5167 0.8580 0.8589
29.5352 0.8582 0.8591
29.5537 0.8584 0.8593
29.5723 0.8586 0.8595
29.5908 0.8589 0.8598
29.6094 0.8591 0.8600
29.6279 0.8593 0.8602
29.6464 0.8595 0.8604
29.6650 0.8597 0.8607
29.6835 0.8600 0.8609
29.7021 0.8602 0.8611
29.7206 0.8604 0.8613
29.7392 0.8606 0.8615
29.7577 0.8608 0.8617
29.7762 0.8611 0.8620
29.7948 0.8613 0.8622
29.8133 0.8615 0.8624
29.8319 0.8617 0.8626
29.8504 0.8619 0.8628
29.8689 0.8621 0.8630
29.8875 0.8623 0.8632
29.9060 0.8626 0.8635
29.9246 0.8628 0.8637
29.9431 0.8630 0.8639
29.9616 0.8632 0.8641
29.9802 0.8634 0.8643
29.9987 0.8636 0.8645
30.0173 0.8638 0.8647
30.0358 0.8640 0.8649
30.0543 0.8642 0.8651
30.0729 0.8644 0.8653
30.0914 0.8646 0.8655
30.1100 0.8649 0.8657
30.1285 0.8651 0.8659
30.1470 0.8653 0.8662
30.1656 0.8655 0.8664
30.1841 0.8657 0.8666
30.2027 0.8659 0.8668
30.2212 0.8661 0.8670
30.2397 0.8663 0.8672
30.2583 0.8665 0.8674
30.2768 0.8667 0.8676
30.2954 0.8669 0.8678
30.3139 0.8671 0.8680
30.3325 0.8673 0.8682
30.3510 0.8675 0.8684
30.3695 0.8677 0.8686
30.3881 0.8679 0.8688
30.4066 0.8681 0.8690
30.4252 0.8683 0.8692
30.4437 0.8685 0.8694
30.4622 0.8687 0.8696
30.4808 0.8689 0.8698
30.4993 0.8691 0.8700
30.5179 0.8693 0.8701
30.5364 0.8695 0.8703
30.5549 0.8697 0.8705
30.5735 0.8699 0.8707
30.5920 0.8701 0.8709
30.6106 0.8703 0.8711
30.6291 0.8705 0.8713
30.6476 0.8706 0.8715
30.6662 0.8708 0.8717
30.6847 0.8710 0.8719
30.7033 0.8712 0.8721
30.7218 0.8714 0.8723
30.7403 0.8716 0.8725
30.7589 0.8718 0.8727
30.7774 0.8720 0.8728
30.7960 0.8722 0.8730
30.8145 0.8724 0.8732
30.8330 0.8726 0.8734
30.8516 0.8727 0.8736
30.8701 0.8729 0.8738
30.8887 0.8731 0.8740
30.9072 0.8733 0.8742
30.9258 0.8735 0.8743
30.9443 0.8737 0.8745
30.9628 0.8739 0.8747
30.9814 0.8740 0.8749
30.9999 0.8742 0.8751
31.0185 0.8744 0.8753
31.0370 0.8746 0.8754
31.0555 0.8748 0.8756
31.0741 0.8750 0.8758
31.0926 0.8751 0.8760
31.1112 0.8753 0.8762
31.1297 0.8755 0.8763
31.1482 0.8757 0.8765
31.1668 0.8759 0.8767
31.1853 0.8760 0.8769
31.2039 0.8762 0.8771
31.2224 0.8764 0.8772
31.2409 0.8766 0.8774
31.2595 0.8768 0.8776
31.2780 0.8769 0.8778
31.2966 0.8771 0.8779
31.3151 0.8773 0.8781
31.3336 0.8775 0.8783
31.3522 0.8776 0.8785
31.3707 0.8778 0.8786
31.3893 0.8780 0.8788
31.4078 0.8782 0.8790
31.4263 0.8783 0.8792
31.4449 0.8785 0.8793
31.4634 0.8787 0.8795
31.4820 0.8789 0.8797
31.5005 0.8790 0.8799
31.5190 0.8792 0.8800
31.5376 0.8794 0.8802
31.5561 0.8796 0.8804
31.5747 0.8797 0.8805
31.5932 0.8799 0.8807
31.6118 0.8801 0.8809
31.6303 0.8802 0.8810
31.6488 0.8804 0.8812
31.6674 0.8806 0.8814
31.6859 0.8807 0.8815
31.7045 0.8809 0.8817
31.7230 0.8811 0.8819
31.7415 0.8812 0.8820
31.7601 0.8814 0.8822
31.7786 0.8816 0.8824
31.7972 0.8817 0.8825
31.8157 0.8819 0.8827
31.8342 0.8821 0.8829
31.8528 0.8822 0.8830
31.8713 0.8824 0.8832
31.8899 0.8826 0.8834
31.9084 0.8827 0.8835
31.9269 0.8829 0.8837
31.9455 0.8831 0.8839
31.9640 0.8832 0.8840
31.9826 0.8834 0.8842
32.0011 0.8835 0.8843
32.0196 0.8837 0.8845
32.0382 0.8839 0.8847
32.0567 0.8840 0.8848
32.0753 0.8842 0.8850
32.0938 0.8843 0.8851
32.1123 0.8845 0.8853
32.1309 0.8847 0.8855
32.1494 0.8848 0.8856
32.1680 0.8850 0.8858
32.1865 0.8851 0.8859
32.2051 0.8853 0.8861
32.2236 0.8855 0.8862
32.2421 0.8856 0.8864
32.2607 0.8858 0.8866
32.2792 0.8859 0.8867
32.2978 0.8861 0.8869
32.3163 0.8862 0.8870
32.3348 0.8864 0.8872
32.3534 0.8866 0.8873
32.3719 0.8867 0.8875
32.3905 0.8869 0.8876
32.4090 0.8870 0.8878
32.4275 0.8872 0.8879
32.4461 0.8873 0.8881
32.4646 0.8875 0.8882
32.4832 0.8876 0.8884
32.5017 0.8878 0.8885
32.5202 0.8879 0.8887
32.5388 0.8881 0.8889
32.5573 0.8882 0.8890
32.5759 0.8884 0.8892
32.5944 0.8885 0.8893
32.6129 0.8887 0.8895
32.6315 0.8888 0.8896
32.6500 0.8890 0.8897
32.6686 0.8891 0.8899
32.6871 0.8893 0.8900
32.7056 0.8894 0.8902
32.7242 0.8896 0.8903
32.7427 0.8897 0.8905
32.7613 0.8899 0.8906
32.7798 0.8900 0.8908
32.7984 0.8902 0.8909
32.8169 0.8903 0.8911
32.8354 0.8905 0.8912
32.8540 0.8906 0.8914
32.8725 0.8908 0.8915
32.8911 0.8909 0.8917
32.9096 0.8910 0.8918
32.9281 0.8912 0.8919
32.9467 0.8913 0.8921
32.9652 0.8915 0.8922
32.9838 0.8916 0.8924
33.0023 0.8918 0.8925
33.0208 0.8919 0.8927
33.0394 0.8921 0.8928
33.0579 0.8922 0.8929
33.0765 0.8923 0.8931
33.0950 0.8925 0.8932
33.1135 0.8926 0.8934
33.1321 0.8928 0.8935
33.1506 0.8929 0.8936
33.1692 0.8930 0.8938
33.1877 0.8932 0.8939
33.2062 0.8933 0.8941
33.2248 0.8935 0.8942
33.2433 0.8936 0.8943
33.2619 0.8937 0.8945
33.2804 0.8939 0.8946
33.2989 0.8940 0.8948
33.3175 0.8942 0.8949
33.3360 0.8943 0.8950
33.3546 0.8944 0.8952
33.3731 0.8946 0.8953
33.3917 0.8947 0.8954
33.4102 0.8949 0.8956
33.4287 0.8950 0.8957
33.4473 0.8951 0.8959
33.4658 0.8953 0.8960
33.4844 0.8954 0.8961
33.5029 0.8955 0.8963
33.5214 0.8957 0.8964
33.5400 0.8958 0.8965
33.5585 0.8959 0.8967
33.5771 0.8961 0.8968
33.5956 0.8962 0.8969
33.6141 0.8963 0.8971
33.6327 0.8965 0.8972
33.6512 0.8966 0.8973
33.6698 0.8967 0.8975
33.6883 0.8969 0.8976
33.7068 0.8970 0.8977
33.7254 0.8971 0.8979
33.7439 0.8973 0.8980
33.7625 0.8974 0.8981
33.7810 0.8975 0.8983
33.7995 0.8977 0.8984
33.8181 0.8978 0.8985
33.8366 0.8979 0.8986
33.8552 0.8981 0.8988
33.8737 0.8982 0.8989
33.8922 0.8983 0.8990
33.9108 0.8984 0.8992
33.9293 0.8986 0.8993
33.9479 0.8987 0.8994
33.9664 0.8988 0.8995
33.9850 0.8990 0.8997
34.0035 0.8991 0.8998
34.0220 0.8992 0.8999
34.0406 0.8993 0.9001
34.0591 0.8995 0.9002
34.0777 0.8996 0.9003
34.0962 0.8997 0.9004
34.1147 0.8999 0.9006
34.1333 0.9000 0.9007
34.1518 0.9001 0.9008
34.1704 0.9002 0.9009
34.1889 0.9004 0.9011
34.2074 0.9005 0.9012
34.2260 0.9006 0.9013
34.2445 0.9007 0.9014
34.2631 0.9009 0.9016
34.2816 0.9010 0.9017
34.3001 0.9011 0.9018
34.3187 0.9012 0.9019
34.3372 0.9014 0.9021
34.3558 0.9015 0.9022
34.3743 0.9016 0.9023
34.3928 0.9017 0.9024
34.4114 0.9019 0.9025
34.4299 0.9020 0.9027
34.4485 0.9021 0.9028
34.4670 0.9022 0.9029
34.4855 0.9023 0.9030
34.5041 0.9025 0.9031
34.5226 0.9026 0.9033
34.5412 0.9027 0.9034
34.5597 0.9028 0.9035
34.5783 0.9029 0.9036
34.5968 0.9031 0.9037
34.6153 0.9032 0.9039
34.6339 0.9033 0.9040
34.6524 0.9034 0.9041
34.6710 0.9035 0.9042
34.6895 0.9037 0.9043
34.7080 0.9038 0.9045
34.7266 0.9039 0.9046
34.7451 0.9040 0.9047
34.7637 0.9041 0.9048
34.7822 0.9043 0.9049
34.8007 0.9044 0.9050
34.8193 0.9045 0.9052
34.8378 0.9046 0.9053
34.8564 0.9047 0.9054
34.8749 0.9048 0.9055
34.8934 0.9050 0.9056
34.9120 0.9051 0.9057
34.9305 0.9052 0.9059
34.9491 0.9053 0.9060
34.9676 0.9054 0.9061
34.9861 0.9055 0.9062
35.0047 0.9057 0.9063
35.0232 0.9058 0.9064
35.0418 0.9059 0.9066
35.0603 0.9060 0.9067
35.0788 0.9061 0.9068
35.0974 0.9062 0.9069
35.1159 0.9063 0.9070
35.1345 0.9065 0.9071
35.1530 0.9066 0.9072
35.1716 0.9067 0.9073
35.1901 0.9068 0.9075
35.2086 0.9069 0.9076
35.2272 0.9070 0.9077
35.2457 0.9071 0.9078
35.2643 0.9072 0.9079
35.2828 0.9074 0.9080
35.3013 0.9075 0.9081
35.3199 0.9076 0.9082
35.3384 0.9077 0.9083
35.3570 0.9078 0.9085
35.3755 0.9079 0.9086
35.3940 0.9080 0.9087
35.4126 0.9081 0.9088
35.4311 0.9082 0.9089
35.4497 0.9084 0.9090
35.4682 0.9085 0.9091
35.4867 0.9086 0.9092
35.5053 0.9087 0.9093
35.5238 0.9088 0.9094
35.5424 0.9089 0.9095
35.5609 0.9090 0.9097
35.5794 0.9091 0.9098
35.5980 0.9092 0.9099
35.6165 0.9093 0.9100
35.6351 0.9094 0.9101
35.6536 0.9096 0.9102
35.6721 0.9097 0.9103
35.6907 0.9098 0.9104
35.7092 0.9099 0.9105
35.7278 0.9100 0.9106
35.7463 0.9101 0.9107
35.7649 0.9102 0.9108
35.7834 0.9103 0.9109
35.8019 0.9104 0.9110
35.8205 0.9105 0.9112
35.8390 0.9106 0.9113
35.8576 0.9107 0.9114
35.8761 0.9108 0.9115
35.8946 0.9109 0.9116
35.9132 0.9110 0.9117
35.9317 0.9111 0.9118
35.9503 0.9112 0.9119
35.9688 0.9114 0.9120
35.9873 0.9115 0.9121
36.0059 0.9116 0.9122
36.0244 0.9117 0.9123
36.0430 0.9118 0.9124
36.0615 0.9119 0.9125
36.0800 0.9120 0.9126
36.0986 0.9121 0.9127
36.1171 0.9122 0.9128
36.1357 0.9123 0.9129
36.1542 0.9124 0.9130
36.1727 0.9125 0.9131
36.1913 0.9126 0.9132
36.2098 0.9127 0.9133
36.2284 0.9128 0.9134
36.2469 0.9129 0.9135
36.2654 0.9130 0.9136
36.2840 0.9131 0.9137
36.3025 0.9132 0.9138
36.3211 0.9133 0.9139
36.3396 0.9134 0.9140
36.3582 0.9135 0.9141
36.3767 0.9136 0.9142
36.3952 0.9137 0.9143
36.4138 0.9138 0.9144
36.4323 0.9139 0.9145
36.4509 0.9140 0.9146
36.4694 0.9141 0.9147
36.4879 0.9142 0.9148
36.5065 0.9143 0.9149
36.5250 0.9144 0.9150
36.5436 0.9145 0.9151
36.5621 0.9146 0.9152
36.5806 0.9147 0.9153
36.5992 0.9148 0.9154
36.6177 0.9149 0.9155
36.6363 0.9150 0.9156
36.6548 0.9151 0.9157
36.6733 0.9152 0.9158
36.6919 0.9153 0.9159
36.7104 0.9154 0.9160
36.7290 0.9155 0.9161
36.7475 0.9156 0.9162
36.7660 0.9157 0.9163
36.7846 0.9158 0.9164
36.8031 0.9159 0.9165
36.8217 0.9160 0.9166
36.8402 0.9160 0.9167
36.8587 0.9161 0.9167
36.8773 0.9162 0.9168
36.8958 0.9163 0.9169
36.9144 0.9164 0.9170
36.9329 0.9165 0.9171
36.9515 0.9166 0.9172
36.9700 0.9167 0.9173
36.9885 0.9168 0.9174
37.0071 0.9169 0.9175
37.0256 0.9170 0.9176
37.0442 0.9171 0.9177
37.0627 0.9172 0.9178
