0.0000 39.0681 30.4470
0.0179 38.9168 30.3380
0.0359 38.4672 30.0140
0.0538 37.7312 29.4839
0.0718 36.7284 28.7618
0.0897 35.4846 27.8666
0.1076 34.0310 26.8208
0.1256 32.4026 25.6495
0.1435 30.6364 24.3795
0.1614 28.7707 23.0376
0.1794 26.8428 21.6504
0.1973 24.8883 20.2427
0.2153 22.9399 18.8373
0.2332 21.0265 17.4543
0.2511 19.1732 16.1111
0.2691 17.4003 14.8219
0.2870 15.7240 13.5980
0.3049 14.1560 12.4480
0.3229 12.7042 11.3778
0.3408 11.3729 10.3912
0.3588 10.1633 9.4901
0.3767 9.0740 8.6745
0.3946 8.1015 7.9432
0.4126 7.2406 7.2937
0.4305 6.4850 6.7227
0.4485 5.8274 6.2259
0.4664 5.2598 5.7986
0.4843 4.7741 5.4356
0.5023 4.3621 5.1314
0.5202 4.0155 4.8802
0.5381 3.7262 4.6762
0.5561 3.4865 4.5136
0.5740 3.2891 4.3868
0.5920 3.1270 4.2903
0.6099 2.9937 4.2190
0.6278 2.8834 4.1682
0.6458 2.7905 4.1335
0.6637 2.7103 4.1111
0.6816 2.6384 4.0976
0.6996 2.5710 4.0902
0.7175 2.5051 4.0865
0.7355 2.4382 4.0845
0.7534 2.3683 4.0829
0.7713 2.2942 4.0806
0.7893 2.2152 4.0768
0.8072 2.1313 4.0712
0.8252 2.0427 4.0637
0.8431 1.9505 4.0543
0.8610 1.8559 4.0432
0.8790 1.7606 4.0308
0.8969 1.6662 4.0173
0.9148 1.5748 4.0032
0.9328 1.4881 3.9887
0.9507 1.4080 3.9741
0.9687 1.3359 3.9596
0.9866 1.2732 3.9455
1.0045 1.2208 3.9317
1.0225 1.1792 3.9182
1.0404 1.1486 3.9051
1.0583 1.1289 3.8920
1.0763 1.1195 3.8790
1.0942 1.1194 3.8657
1.1122 1.1278 3.8520
1.1301 1.1431 3.8375
1.1480 1.1642 3.8221
1.1660 1.1894 3.8055
1.1839 1.2173 3.7874
1.2019 1.2466 3.7675
1.2198 1.2760 3.7455
1.2377 1.3043 3.7211
1.2557 1.3306 3.6940
1.2736 1.3541 3.6636
1.2915 1.3742 3.6297
1.3095 1.3905 3.5917
1.3274 1.4028 3.5492
1.3454 1.4111 3.5016
1.3633 1.4156 3.4485
1.3812 1.4165 3.3893
1.3992 1.4143 3.3238
1.4171 1.4095 3.2517
1.4350 1.4027 3.1726
1.4530 1.3946 3.0868
1.4709 1.3860 2.9942
1.4889 1.3776 2.8953
1.5068 1.3701 2.7908
1.5247 1.3642 2.6813
1.5427 1.3607 2.5678
1.5606 1.3599 2.4517
1.5786 1.3625 2.3341
1.5965 1.3686 2.2166
1.6144 1.3786 2.1006
1.6324 1.3925 1.9876
1.6503 1.4103 1.8791
1.6682 1.4317 1.7763
1.6862 1.4565 1.6804
1.7041 1.4843 1.5925
1.7221 1.5147 1.5132
1.7400 1.5473 1.4431
1.7579 1.5813 1.3825
1.7759 1.6164 1.3314
1.7938 1.6520 1.2897
1.8117 1.6875 1.2570
1.8297 1.7225 1.2329
1.8476 1.7563 1.2167
1.8656 1.7887 1.2077
1.8835 1.8191 1.2051
1.9014 1.8471 1.2082
1.9194 1.8725 1.2161
1.9373 1.8950 1.2280
1.9553 1.9142 1.2432
1.9732 1.9299 1.2609
1.9911 1.9422 1.2804
2.0091 1.9507 1.3009
2.0270 1.9557 1.3217
2.0449 1.9570 1.3423
2.0629 1.9547 1.3621
2.0808 1.9492 1.3804
2.0988 1.9405 1.3969
2.1167 1.9290 1.4111
2.1346 1.9149 1.4227
2.1526 1.8987 1.4313
2.1705 1.8807 1.4370
2.1885 1.8613 1.4396
2.2064 1.8408 1.4392
2.2243 1.8195 1.4359
2.2423 1.7979 1.4301
2.2602 1.7761 1.4219
2.2781 1.7543 1.4117
2.2961 1.7328 1.4000
2.3140 1.7117 1.3872
2.3320 1.6910 1.3736
2.3499 1.6709 1.3597
2.3678 1.6512 1.3457
2.3858 1.6319 1.3320
2.4037 1.6131 1.3188
2.4216 1.5948 1.3062
2.4396 1.5767 1.2944
2.4575 1.5591 1.2833
2.4755 1.5417 1.2731
2.4934 1.5247 1.2635
2.5113 1.5081 1.2547
2.5293 1.4919 1.2464
2.5472 1.4762 1.2387
2.5652 1.4609 1.2314
2.5831 1.4463 1.2245
2.6010 1.4323 1.2179
2.6190 1.4191 1.2117
2.6369 1.4066 1.2058
2.6548 1.3949 1.2002
2.6728 1.3840 1.1948
2.6907 1.3738 1.1898
2.7087 1.3644 1.1851
2.7266 1.3556 1.1807
2.7445 1.3474 1.1766
2.7625 1.3397 1.1726
2.7804 1.3324 1.1687
2.7983 1.3253 1.1648
2.8163 1.3184 1.1607
2.8342 1.3116 1.1564
2.8522 1.3047 1.1516
2.8701 1.2977 1.1462
2.8880 1.2904 1.1401
2.9060 1.2830 1.1331
2.9239 1.2752 1.1252
2.9419 1.2671 1.1162
2.9598 1.2587 1.1062
2.9777 1.2499 1.0951
2.9957 1.2408 1.0831
3.0136 1.2313 1.0701
3.0315 1.2214 1.0564
3.0495 1.2112 1.0420
3.0674 1.2006 1.0273
3.0854 1.1898 1.0123
3.1033 1.1786 0.9972
3.1212 1.1671 0.9824
3.1392 1.1553 0.9678
3.1571 1.1434 0.9538
3.1750 1.1312 0.9404
3.1930 1.1189 0.9277
3.2109 1.1066 0.9157
3.2289 1.0942 0.9045
3.2468 1.0819 0.8939
3.2647 1.0697 0.8839
3.2827 1.0578 0.8744
3.3006 1.0461 0.8650
3.3186 1.0348 0.8558
3.3365 1.0238 0.8463
3.3544 1.0132 0.8363
3.3724 1.0031 0.8257
3.3903 0.9933 0.8141
3.4082 0.9838 0.8014
3.4262 0.9746 0.7874
3.4441 0.9655 0.7719
3.4621 0.9563 0.7547
3.4800 0.9470 0.7360
3.4979 0.9372 0.7155
3.5159 0.9267 0.6934
3.5338 0.9154 0.6697
3.5517 0.9030 0.6445
3.5697 0.8892 0.6181
3.5876 0.8738 0.5906
3.6056 0.8566 0.5623
3.6235 0.8374 0.5335
3.6414 0.8160 0.5044
3.6594 0.7922 0.4754
3.6773 0.7661 0.4467
3.6953 0.7374 0.4186
3.7132 0.7063 0.3914
3.7311 0.6727 0.3654
3.7491 0.6367 0.3406
3.7670 0.5986 0.3173
3.7849 0.5585 0.2955
3.8029 0.5167 0.2752
3.8208 0.4735 0.2565
3.8388 0.4294 0.2393
3.8567 0.3846 0.2236
3.8746 0.3397 0.2091
3.8926 0.2951 0.1958
3.9105 0.2512 0.1835
3.9284 0.2083 0.1720
3.9464 0.1669 0.1613
3.9643 0.1272 0.1512
3.9823 0.0895 0.1414
4.0002 0.0539 0.1320
4.0181 0.0205 0.1227
4.0361 -0.0106 0.1134
4.0540 -0.0396 0.1042
4.0720 -0.0664 0.0947
4.0899 -0.0912 0.0851
4.1078 -0.1143 0.0753
4.1258 -0.1357 0.0651
4.1437 -0.1557 0.0545
4.1616 -0.1744 0.0436
4.1796 -0.1920 0.0323
4.1975 -0.2086 0.0207
4.2155 -0.2244 0.0087
4.2334 -0.2393 -0.0037
4.2513 -0.2535 -0.0163
4.2693 -0.2669 -0.0291
4.2872 -0.2795 -0.0421
4.3051 -0.2912 -0.0552
4.3231 -0.3021 -0.0683
4.3410 -0.3119 -0.0814
4.3590 -0.3208 -0.0945
4.3769 -0.3286 -0.1075
4.3948 -0.3353 -0.1204
4.4128 -0.3408 -0.1332
4.4307 -0.3453 -0.1459
4.4487 -0.3486 -0.1584
4.4666 -0.3510 -0.1709
4.4845 -0.3524 -0.1833
4.5025 -0.3531 -0.1956
4.5204 -0.3531 -0.2078
4.5383 -0.3526 -0.2199
4.5563 -0.3518 -0.2319
4.5742 -0.3509 -0.2439
4.5922 -0.3501 -0.2557
4.6101 -0.3494 -0.2673
4.6280 -0.3491 -0.2788
4.6460 -0.3494 -0.2899
4.6639 -0.3503 -0.3008
4.6818 -0.3519 -0.3114
4.6998 -0.3543 -0.3215
4.7177 -0.3576 -0.3313
4.7357 -0.3617 -0.3406
4.7536 -0.3667 -0.3495
4.7715 -0.3725 -0.3579
4.7895 -0.3789 -0.3659
4.8074 -0.3861 -0.3734
4.8254 -0.3937 -0.3804
4.8433 -0.4018 -0.3870
4.8612 -0.4101 -0.3932
4.8792 -0.4185 -0.3989
4.8971 -0.4268 -0.4041
4.9150 -0.4350 -0.4089
4.9330 -0.4427 -0.4133
4.9509 -0.4500 -0.4172
4.9689 -0.4565 -0.4206
4.9868 -0.4623 -0.4235
5.0047 -0.4672 -0.4258
5.0227 -0.4710 -0.4275
5.0406 -0.4737 -0.4286
5.0585 -0.4753 -0.4291
5.0765 -0.4758 -0.4289
5.0944 -0.4750 -0.4281
5.1124 -0.4731 -0.4266
5.1303 -0.4700 -0.4244
5.1482 -0.4659 -0.4217
5.1662 -0.4607 -0.4184
5.1841 -0.4546 -0.4145
5.2021 -0.4476 -0.4101
5.2200 -0.4399 -0.4053
5.2379 -0.4314 -0.4001
5.2559 -0.4224 -0.3945
5.2738 -0.4130 -0.3885
5.2917 -0.4032 -0.3823
5.3097 -0.3931 -0.3759
5.3276 -0.3830 -0.3693
5.3456 -0.3729 -0.3624
5.3635 -0.3629 -0.3555
5.3814 -0.3532 -0.3484
5.3994 -0.3438 -0.3414
5.4173 -0.3350 -0.3343
5.4352 -0.3268 -0.3274
5.4532 -0.3194 -0.3206
5.4711 -0.3129 -0.3141
5.4891 -0.3073 -0.3079
5.5070 -0.3028 -0.3022
5.5249 -0.2993 -0.2970
5.5429 -0.2971 -0.2925
5.5608 -0.2959 -0.2887
5.5788 -0.2960 -0.2857
5.5967 -0.2970 -0.2835
5.6146 -0.2991 -0.2821
5.6326 -0.3021 -0.2815
5.6505 -0.3057 -0.2817
5.6684 -0.3099 -0.2826
5.6864 -0.3144 -0.2840
5.7043 -0.3189 -0.2858
5.7223 -0.3233 -0.2879
5.7402 -0.3273 -0.2901
5.7581 -0.3307 -0.2921
5.7761 -0.3333 -0.2939
5.7940 -0.3350 -0.2953
5.8120 -0.3355 -0.2960
5.8299 -0.3349 -0.2961
5.8478 -0.3331 -0.2953
5.8658 -0.3300 -0.2937
5.8837 -0.3258 -0.2912
5.9016 -0.3204 -0.2878
5.9196 -0.3141 -0.2835
5.9375 -0.3068 -0.2783
5.9555 -0.2988 -0.2725
5.9734 -0.2902 -0.2660
5.9913 -0.2811 -0.2590
6.0093 -0.2717 -0.2516
6.0272 -0.2620 -0.2439
6.0451 -0.2522 -0.2360
6.0631 -0.2424 -0.2279
6.0810 -0.2326 -0.2198
6.0990 -0.2229 -0.2118
6.1169 -0.2132 -0.2039
6.1348 -0.2037 -0.1961
6.1528 -0.1943 -0.1884
6.1707 -0.1849 -0.1810
6.1887 -0.1757 -0.1737
6.2066 -0.1666 -0.1666
6.2245 -0.1575 -0.1596
6.2425 -0.1485 -0.1528
6.2604 -0.1395 -0.1461
6.2783 -0.1305 -0.1394
6.2963 -0.1216 -0.1328
6.3142 -0.1128 -0.1263
6.3322 -0.1039 -0.1197
6.3501 -0.0952 -0.1132
6.3680 -0.0864 -0.1066
6.3860 -0.0778 -0.1000
6.4039 -0.0692 -0.0934
6.4218 -0.0607 -0.0867
6.4398 -0.0523 -0.0800
6.4577 -0.0439 -0.0733
6.4757 -0.0356 -0.0665
6.4936 -0.0274 -0.0596
6.5115 -0.0192 -0.0528
6.5295 -0.0111 -0.0458
6.5474 -0.0030 -0.0389
6.5654 0.0050 -0.0318
6.5833 0.0131 -0.0248
6.6012 0.0212 -0.0177
6.6192 0.0292 -0.0105
6.6371 0.0373 -0.0034
6.6550 0.0453 0.0038
6.6730 0.0533 0.0110
6.6909 0.0613 0.0182
6.7089 0.0692 0.0253
6.7268 0.0771 0.0325
6.7447 0.0848 0.0396
6.7627 0.0925 0.0466
6.7806 0.1000 0.0535
6.7985 0.1073 0.0604
6.8165 0.1145 0.0671
6.8344 0.1215 0.0737
6.8524 0.1283 0.0802
6.8703 0.1350 0.0865
6.8882 0.1414 0.0926
6.9062 0.1476 0.0986
6.9241 0.1537 0.1044
6.9421 0.1595 0.1101
6.9600 0.1651 0.1156
6.9779 0.1705 0.1210
6.9959 0.1758 0.1263
7.0138 0.1808 0.1314
7.0317 0.1856 0.1364
7.0497 0.1902 0.1414
7.0676 0.1947 0.1462
7.0856 0.1989 0.1509
7.1035 0.2030 0.1556
7.1214 0.2069 0.1602
7.1394 0.2106 0.1647
7.1573 0.2142 0.1692
7.1752 0.2177 0.1735
7.1932 0.2211 0.1778
7.2111 0.2243 0.1820
7.2291 0.2276 0.1861
7.2470 0.2307 0.1901
7.2649 0.2338 0.1941
7.2829 0.2369 0.1979
7.3008 0.2399 0.2016
7.3188 0.2428 0.2053
7.3367 0.2457 0.2088
7.3546 0.2484 0.2123
7.3726 0.2511 0.2157
7.3905 0.2537 0.2190
7.4084 0.2561 0.2222
7.4264 0.2584 0.2254
7.4443 0.2606 0.2286
7.4623 0.2626 0.2317
7.4802 0.2646 0.2348
7.4981 0.2664 0.2380
7.5161 0.2682 0.2411
7.5340 0.2700 0.2443
7.5519 0.2717 0.2476
7.5699 0.2734 0.2509
7.5878 0.2753 0.2542
7.6058 0.2771 0.2576
7.6237 0.2791 0.2611
7.6416 0.2813 0.2646
7.6596 0.2835 0.2682
7.6775 0.2859 0.2717
7.6955 0.2885 0.2754
7.7134 0.2912 0.2790
7.7313 0.2941 0.2826
7.7493 0.2971 0.2863
7.7672 0.3002 0.2899
7.7851 0.3034 0.2935
7.8031 0.3067 0.2971
7.8210 0.3101 0.3007
7.8390 0.3135 0.3043
7.8569 0.3169 0.3079
7.8748 0.3204 0.3114
7.8928 0.3239 0.3150
7.9107 0.3274 0.3186
7.9286 0.3308 0.3222
7.9466 0.3343 0.3259
7.9645 0.3377 0.3296
7.9825 0.3411 0.3334
8.0004 0.3445 0.3372
8.0183 0.3478 0.3412
8.0363 0.3511 0.3453
8.0542 0.3543 0.3494
8.0722 0.3576 0.3537
8.0901 0.3608 0.3580
8.1080 0.3639 0.3624
8.1260 0.3670 0.3668
8.1439 0.3701 0.3713
8.1618 0.3732 0.3758
8.1798 0.3763 0.3803
8.1977 0.3793 0.3848
8.2157 0.3823 0.3892
8.2336 0.3854 0.3935
8.2515 0.3884 0.3978
8.2695 0.3914 0.4019
8.2874 0.3943 0.4059
8.3053 0.3973 0.4099
8.3233 0.4003 0.4136
8.3412 0.4033 0.4173
8.3592 0.4063 0.4209
8.3771 0.4093 0.4243
8.3950 0.4123 0.4277
8.4130 0.4153 0.4310
8.4309 0.4183 0.4342
8.4489 0.4214 0.4374
8.4668 0.4245 0.4405
8.4847 0.4276 0.4437
8.5027 0.4307 0.4469
8.5206 0.4339 0.4500
8.5385 0.4372 0.4533
8.5565 0.4404 0.4565
8.5744 0.4438 0.4598
8.5924 0.4471 0.4631
8.6103 0.4505 0.4664
8.6282 0.4540 0.4698
8.6462 0.4575 0.4731
8.6641 0.4611 0.4765
8.6820 0.4647 0.4799
8.7000 0.4683 0.4832
8.7179 0.4720 0.4866
8.7359 0.4758 0.4899
8.7538 0.4795 0.4932
8.7717 0.4833 0.4965
8.7897 0.4871 0.4998
8.8076 0.4910 0.5031
8.8256 0.4948 0.5064
8.8435 0.4987 0.5097
8.8614 0.5025 0.5129
8.8794 0.5063 0.5162
8.8973 0.5101 0.5195
8.9152 0.5138 0.5228
8.9332 0.5175 0.5261
8.9511 0.5212 0.5294
8.9691 0.5247 0.5327
8.9870 0.5282 0.5359
9.0049 0.5317 0.5392
9.0229 0.5350 0.5423
9.0408 0.5383 0.5455
9.0587 0.5415 0.5486
9.0767 0.5446 0.5516
9.0946 0.5477 0.5545
9.1126 0.5507 0.5573
9.1305 0.5536 0.5601
9.1484 0.5565 0.5627
9.1664 0.5594 0.5653
9.1843 0.5622 0.5677
9.2023 0.5651 0.5701
9.2202 0.5679 0.5724
9.2381 0.5707 0.5746
9.2561 0.5736 0.5767
9.2740 0.5764 0.5788
9.2919 0.5793 0.5808
9.3099 0.5822 0.5827
9.3278 0.5851 0.5847
9.3458 0.5881 0.5866
9.3637 0.5911 0.5885
9.3816 0.5941 0.5904
9.3996 0.5972 0.5923
9.4175 0.6003 0.5942
9.4354 0.6034 0.5961
9.4534 0.6066 0.5981
9.4713 0.6098 0.6001
9.4893 0.6131 0.6021
9.5072 0.6164 0.6042
9.5251 0.6197 0.6063
9.5431 0.6230 0.6085
9.5610 0.6264 0.6107
9.5790 0.6299 0.6130
9.5969 0.6334 0.6152
9.6148 0.6369 0.6176
9.6328 0.6404 0.6199
9.6507 0.6440 0.6222
9.6686 0.6476 0.6246
9.6866 0.6513 0.6269
9.7045 0.6549 0.6292
9.7225 0.6586 0.6315
9.7404 0.6623 0.6338
9.7583 0.6660 0.6361
9.7763 0.6696 0.6383
9.7942 0.6732 0.6405
9.8122 0.6767 0.6426
9.8301 0.6802 0.6446
9.8480 0.6836 0.6466
9.8660 0.6868 0.6486
9.8839 0.6900 0.6505
9.9018 0.6929 0.6523
9.9198 0.6958 0.6540
9.9377 0.6985 0.6557
9.9557 0.7010 0.6574
9.9736 0.7033 0.6590
9.9915 0.7055 0.6605
10.0095 0.7074 0.6621
10.0274 0.7093 0.6635
10.0453 0.7109 0.6650
10.0633 0.7124 0.6664
10.0812 0.7137 0.6678
10.0992 0.7149 0.6693
10.1171 0.7160 0.6706
10.1350 0.7170 0.6720
10.1530 0.7178 0.6734
10.1709 0.7186 0.6748
10.1889 0.7193 0.6762
10.2068 0.7199 0.6776
10.2247 0.7204 0.6790
10.2427 0.7209 0.6804
10.2606 0.7214 0.6818
10.2785 0.7219 0.6832
10.2965 0.7223 0.6847
10.3144 0.7228 0.6861
10.3324 0.7232 0.6875
10.3503 0.7237 0.6889
10.3682 0.7242 0.6904
10.3862 0.7247 0.6918
10.4041 0.7253 0.6933
10.4220 0.7259 0.6947
10.4400 0.7265 0.6962
10.4579 0.7272 0.6978
10.4759 0.7280 0.6993
10.4938 0.7288 0.7010
10.5117 0.7296 0.7026
10.5297 0.7305 0.7044
10.5476 0.7314 0.7062
10.5656 0.7323 0.7080
10.5835 0.7332 0.7099
10.6014 0.7342 0.7119
10.6194 0.7352 0.7140
10.6373 0.7361 0.7160
10.6552 0.7371 0.7182
10.6732 0.7380 0.7203
10.6911 0.7388 0.7225
10.7091 0.7397 0.7246
10.7270 0.7405 0.7268
10.7449 0.7412 0.7289
10.7629 0.7418 0.7309
10.7808 0.7424 0.7329
10.7987 0.7429 0.7349
10.8167 0.7434 0.7367
10.8346 0.7437 0.7385
10.8526 0.7439 0.7401
10.8705 0.7441 0.7417
10.8884 0.7441 0.7432
10.9064 0.7441 0.7446
10.9243 0.7439 0.7459
10.9423 0.7437 0.7471
10.9602 0.7435 0.7483
10.9781 0.7431 0.7494
10.9961 0.7428 0.7506
11.0140 0.7424 0.7517
11.0319 0.7421 0.7529
11.0499 0.7418 0.7541
11.0678 0.7415 0.7553
11.0858 0.7414 0.7566
11.1037 0.7413 0.7580
11.1216 0.7414 0.7594
11.1396 0.7417 0.7610
11.1575 0.7421 0.7626
11.1754 0.7426 0.7643
11.1934 0.7434 0.7661
11.2113 0.7443 0.7679
11.2293 0.7454 0.7698
11.2472 0.7467 0.7718
11.2651 0.7481 0.7738
11.2831 0.7496 0.7758
11.3010 0.7513 0.7778
11.3190 0.7531 0.7799
11.3369 0.7549 0.7819
11.3548 0.7568 0.7839
11.3728 0.7587 0.7859
11.3907 0.7607 0.7879
11.4086 0.7626 0.7898
11.4266 0.7645 0.7917
11.4445 0.7663 0.7936
11.4625 0.7681 0.7954
11.4804 0.7697 0.7972
11.4983 0.7712 0.7989
11.5163 0.7726 0.8006
11.5342 0.7739 0.8022
11.5521 0.7750 0.8038
11.5701 0.7759 0.8053
11.5880 0.7766 0.8067
11.6060 0.7771 0.8081
11.6239 0.7774 0.8094
11.6418 0.7775 0.8107
11.6598 0.7775 0.8118
11.6777 0.7772 0.8129
11.6957 0.7768 0.8139
11.7136 0.7762 0.8148
11.7315 0.7755 0.8156
11.7495 0.7747 0.8164
11.7674 0.7738 0.8171
11.7853 0.7728 0.8177
11.8033 0.7718 0.8184
11.8212 0.7708 0.8189
11.8392 0.7698 0.8195
11.8571 0.7688 0.8200
11.8750 0.7679 0.8206
11.8930 0.7670 0.8211
11.9109 0.7662 0.8217
11.9288 0.7655 0.8222
11.9468 0.7649 0.8228
11.9647 0.7644 0.8234
11.9827 0.7639 0.8240
12.0006 0.7635 0.8247
12.0185 0.7631 0.8253
12.0365 0.7628 0.8260
12.0544 0.7625 0.8267
12.0724 0.7622 0.8274
12.0903 0.7619 0.8282
12.1082 0.7616 0.8289
12.1262 0.7613 0.8296
12.1441 0.7610 0.8303
12.1620 0.7606 0.8310
12.1800 0.7601 0.8317
12.1979 0.7596 0.8324
12.2159 0.7591 0.8330
12.2338 0.7585 0.8336
12.2517 0.7578 0.8341
12.2697 0.7571 0.8346
12.2876 0.7564 0.8350
12.3055 0.7556 0.8354
12.3235 0.7548 0.8358
12.3414 0.7539 0.8360
12.3594 0.7530 0.8363
12.3773 0.7521 0.8364
12.3952 0.7512 0.8365
12.4132 0.7503 0.8365
12.4311 0.7493 0.8365
12.4491 0.7484 0.8364
12.4670 0.7474 0.8362
12.4849 0.7464 0.8360
12.5029 0.7454 0.8357
12.5208 0.7444 0.8354
12.5387 0.7434 0.8350
12.5567 0.7424 0.8346
12.5746 0.7415 0.8341
12.5926 0.7405 0.8335
12.6105 0.7396 0.8329
12.6284 0.7387 0.8322
12.6464 0.7379 0.8315
12.6643 0.7370 0.8307
12.6822 0.7362 0.8298
12.7002 0.7355 0.8289
12.7181 0.7348 0.8279
12.7361 0.7341 0.8269
12.7540 0.7334 0.8258
12.7719 0.7327 0.8246
12.7899 0.7321 0.8234
12.8078 0.7315 0.8222
12.8258 0.7308 0.8209
12.8437 0.7302 0.8195
12.8616 0.7295 0.8182
12.8796 0.7289 0.8168
12.8975 0.7282 0.8155
12.9154 0.7275 0.8141
12.9334 0.7267 0.8128
12.9513 0.7260 0.8115
12.9693 0.7252 0.8103
12.9872 0.7245 0.8091
13.0051 0.7237 0.8080
13.0231 0.7230 0.8070
13.0410 0.7222 0.8061
13.0589 0.7216 0.8053
13.0769 0.7209 0.8046
13.0948 0.7204 0.8040
13.1128 0.7199 0.8035
13.1307 0.7194 0.8031
13.1486 0.7191 0.8029
13.1666 0.7188 0.8028
13.1845 0.7186 0.8028
13.2025 0.7185 0.8029
13.2204 0.7185 0.8031
13.2383 0.7185 0.8035
13.2563 0.7186 0.8039
13.2742 0.7187 0.8044
13.2921 0.7188 0.8050
13.3101 0.7190 0.8056
13.3280 0.7192 0.8063
13.3460 0.7193 0.8070
13.3639 0.7195 0.8078
13.3818 0.7196 0.8086
13.3998 0.7196 0.8094
13.4177 0.7196 0.8101
13.4357 0.7195 0.8109
13.4536 0.7193 0.8116
13.4715 0.7190 0.8123
13.4895 0.7186 0.8130
13.5074 0.7181 0.8135
13.5253 0.7175 0.8140
13.5433 0.7168 0.8144
13.5612 0.7159 0.8147
13.5792 0.7149 0.8149
13.5971 0.7138 0.8150
13.6150 0.7126 0.8149
13.6330 0.7113 0.8146
13.6509 0.7099 0.8142
13.6688 0.7084 0.8135
13.6868 0.7068 0.8127
13.7047 0.7051 0.8116
13.7227 0.7033 0.8103
13.7406 0.7015 0.8088
13.7585 0.6995 0.8070
13.7765 0.6975 0.8049
13.7944 0.6954 0.8026
13.8124 0.6932 0.8000
13.8303 0.6910 0.7971
13.8482 0.6887 0.7940
13.8662 0.6863 0.7906
13.8841 0.6838 0.7870
13.9020 0.6813 0.7832
13.9200 0.6787 0.7791
13.9379 0.6761 0.7748
13.9559 0.6734 0.7704
13.9738 0.6707 0.7657
13.9917 0.6679 0.7609
14.0097 0.6651 0.7560
14.0276 0.6622 0.7509
14.0455 0.6594 0.7456
14.0635 0.6565 0.7403
14.0814 0.6536 0.7348
14.0994 0.6508 0.7293
14.1173 0.6479 0.7236
14.1352 0.6451 0.7179
14.1532 0.6422 0.7121
14.1711 0.6394 0.7062
14.1891 0.6367 0.7003
14.2070 0.6340 0.6943
14.2249 0.6313 0.6882
14.2429 0.6286 0.6821
14.2608 0.6260 0.6760
14.2787 0.6235 0.6698
14.2967 0.6209 0.6637
14.3146 0.6185 0.6575
14.3326 0.6160 0.6514
14.3505 0.6136 0.6453
14.3684 0.6112 0.6392
14.3864 0.6088 0.6332
14.4043 0.6064 0.6273
14.4222 0.6040 0.6215
14.4402 0.6017 0.6157
14.4581 0.5993 0.6101
14.4761 0.5970 0.6046
14.4940 0.5947 0.5993
14.5119 0.5924 0.5941
14.5299 0.5902 0.5892
14.5478 0.5879 0.5844
14.5658 0.5857 0.5798
14.5837 0.5836 0.5754
14.6016 0.5815 0.5713
14.6196 0.5795 0.5673
14.6375 0.5775 0.5636
14.6554 0.5757 0.5601
14.6734 0.5739 0.5568
14.6913 0.5722 0.5537
14.7093 0.5706 0.5508
14.7272 0.5691 0.5482
14.7451 0.5676 0.5457
14.7631 0.5663 0.5434
14.7810 0.5651 0.5413
14.7989 0.5640 0.5393
14.8169 0.5629 0.5375
14.8348 0.5620 0.5359
14.8528 0.5612 0.5344
14.8707 0.5605 0.5331
14.8886 0.5598 0.5318
14.9066 0.5593 0.5307
14.9245 0.5588 0.5298
14.9425 0.5585 0.5289
14.9604 0.5582 0.5281
14.9783 0.5580 0.5275
14.9963 0.5579 0.5269
15.0142 0.5578 0.5264
15.0321 0.5578 0.5261
15.0501 0.5579 0.5258
15.0680 0.5581 0.5256
15.0860 0.5583 0.5255
15.1039 0.5585 0.5255
15.1218 0.5588 0.5256
15.1398 0.5592 0.5258
15.1577 0.5596 0.5260
15.1756 0.5600 0.5264
15.1936 0.5605 0.5268
15.2115 0.5610 0.5272
15.2295 0.5615 0.5278
15.2474 0.5621 0.5284
15.2653 0.5627 0.5291
15.2833 0.5633 0.5298
15.3012 0.5640 0.5306
15.3192 0.5647 0.5315
15.3371 0.5654 0.5324
15.3550 0.5661 0.5333
15.3730 0.5669 0.5344
15.3909 0.5677 0.5354
15.4088 0.5685 0.5366
15.4268 0.5693 0.5378
15.4447 0.5702 0.5390
15.4627 0.5711 0.5403
15.4806 0.5720 0.5416
15.4985 0.5730 0.5429
15.5165 0.5740 0.5443
15.5344 0.5751 0.5457
15.5523 0.5762 0.5472
15.5703 0.5773 0.5487
15.5882 0.5785 0.5502
15.6062 0.5797 0.5517
15.6241 0.5809 0.5532
15.6420 0.5822 0.5548
15.6600 0.5836 0.5563
15.6779 0.5849 0.5579
15.6959 0.5863 0.5594
15.7138 0.5878 0.5610
15.7317 0.5892 0.5626
15.7497 0.5907 0.5642
15.7676 0.5923 0.5658
15.7855 0.5938 0.5674
15.8035 0.5954 0.5690
15.8214 0.5970 0.5706
15.8394 0.5986 0.5722
15.8573 0.6003 0.5738
15.8752 0.6019 0.5754
15.8932 0.6035 0.5771
15.9111 0.6052 0.5787
15.9290 0.6068 0.5803
15.9470 0.6085 0.5819
15.9649 0.6102 0.5835
15.9829 0.6118 0.5851
16.0008 0.6134 0.5867
16.0187 0.6150 0.5883
16.0367 0.6167 0.5899
16.0546 0.6183 0.5915
16.0726 0.6198 0.5930
16.0905 0.6214 0.5946
16.1084 0.6230 0.5962
16.1264 0.6245 0.5977
16.1443 0.6261 0.5993
16.1622 0.6276 0.6009
16.1802 0.6291 0.6024
16.1981 0.6306 0.6040
16.2161 0.6321 0.6056
16.2340 0.6337 0.6072
16.2519 0.6352 0.6088
16.2699 0.6367 0.6105
16.2878 0.6382 0.6121
16.3057 0.6397 0.6138
16.3237 0.6412 0.6154
16.3416 0.6428 0.6171
16.3596 0.6443 0.6188
16.3775 0.6458 0.6205
16.3954 0.6474 0.6222
16.4134 0.6489 0.6239
16.4313 0.6504 0.6256
16.4493 0.6519 0.6273
16.4672 0.6535 0.6290
16.4851 0.6550 0.6307
16.5031 0.6565 0.6324
16.5210 0.6580 0.6341
16.5389 0.6595 0.6358
16.5569 0.6609 0.6375
16.5748 0.6624 0.6392
16.5928 0.6638 0.6408
16.6107 0.6652 0.6425
16.6286 0.6666 0.6441
16.6466 0.6680 0.6458
16.6645 0.6694 0.6474
16.6824 0.6708 0.6490
16.7004 0.6721 0.6506
16.7183 0.6734 0.6522
16.7363 0.6747 0.6537
16.7542 0.6760 0.6553
16.7721 0.6773 0.6568
16.7901 0.6786 0.6584
16.8080 0.6799 0.6599
16.8260 0.6812 0.6614
16.8439 0.6824 0.6629
16.8618 0.6837 0.6644
16.8798 0.6850 0.6659
16.8977 0.6862 0.6673
16.9156 0.6875 0.6688
16.9336 0.6887 0.6702
16.9515 0.6900 0.6717
16.9695 0.6912 0.6731
16.9874 0.6924 0.6745
17.0053 0.6937 0.6759
17.0233 0.6949 0.6773
17.0412 0.6961 0.6787
17.0591 0.6974 0.6801
17.0771 0.6986 0.6815
17.0950 0.6998 0.6828
17.1130 0.7010 0.6842
17.1309 0.7021 0.6855
17.1488 0.7033 0.6869
17.1668 0.7045 0.6882
17.1847 0.7056 0.6895
17.2027 0.7068 0.6908
17.2206 0.7079 0.6922
17.2385 0.7090 0.6934
17.2565 0.7102 0.6947
17.2744 0.7113 0.6960
17.2923 0.7124 0.6973
17.3103 0.7134 0.6985
17.3282 0.7145 0.6998
17.3462 0.7156 0.7010
17.3641 0.7166 0.7023
17.3820 0.7176 0.7035
17.4000 0.7187 0.7047
17.4179 0.7197 0.7060
17.4359 0.7207 0.7072
17.4538 0.7217 0.7084
17.4717 0.7227 0.7096
17.4897 0.7237 0.7107
17.5076 0.7247 0.7119
17.5255 0.7257 0.7131
17.5435 0.7266 0.7142
17.5614 0.7276 0.7154
17.5794 0.7285 0.7165
17.5973 0.7295 0.7177
17.6152 0.7304 0.7188
17.6332 0.7314 0.7199
17.6511 0.7323 0.7210
17.6690 0.7332 0.7221
17.6870 0.7341 0.7231
17.7049 0.7350 0.7242
17.7229 0.7359 0.7252
17.7408 0.7368 0.7263
17.7587 0.7377 0.7273
17.7767 0.7386 0.7283
17.7946 0.7395 0.7293
17.8126 0.7403 0.7303
17.8305 0.7412 0.7313
17.8484 0.7421 0.7323
17.8664 0.7429 0.7333
17.8843 0.7438 0.7342
17.9022 0.7446 0.7352
17.9202 0.7455 0.7361
17.9381 0.7463 0.7371
17.9561 0.7471 0.7380
17.9740 0.7479 0.7389
17.9919 0.7487 0.7398
18.0099 0.7495 0.7407
18.0278 0.7503 0.7416
18.0457 0.7511 0.7424
18.0637 0.7519 0.7433
18.0816 0.7526 0.7441
18.0996 0.7534 0.7450
18.1175 0.7541 0.7458
18.1354 0.7548 0.7466
18.1534 0.7555 0.7474
18.1713 0.7562 0.7482
18.1893 0.7569 0.7490
18.2072 0.7576 0.7498
18.2251 0.7583 0.7506
18.2431 0.7590 0.7513
18.2610 0.7596 0.7521
18.2789 0.7603 0.7528
18.2969 0.7609 0.7536
18.3148 0.7616 0.7543
18.3328 0.7622 0.7551
18.3507 0.7628 0.7558
18.3686 0.7635 0.7565
18.3866 0.7641 0.7573
18.4045 0.7647 0.7580
18.4224 0.7654 0.7587
18.4404 0.7660 0.7594
18.4583 0.7667 0.7601
18.4763 0.7673 0.7609
18.4942 0.7679 0.7616
18.5121 0.7686 0.7623
18.5301 0.7693 0.7630
18.5480 0.7699 0.7637
18.5660 0.7706 0.7645
18.5839 0.7712 0.7652
18.6018 0.7719 0.7659
18.6198 0.7726 0.7666
18.6377 0.7732 0.7673
18.6556 0.7739 0.7680
18.6736 0.7746 0.7687
18.6915 0.7752 0.7694
18.7095 0.7759 0.7701
18.7274 0.7765 0.7708
18.7453 0.7772 0.7715
18.7633 0.7779 0.7722
18.7812 0.7785 0.7729
18.7991 0.7792 0.7735
18.8171 0.7798 0.7742
18.8350 0.7805 0.7749
18.8530 0.7811 0.7755
18.8709 0.7817 0.7762
18.8888 0.7824 0.7769
18.9068 0.7830 0.7775
18.9247 0.7837 0.7782
18.9427 0.7843 0.7788
18.9606 0.7849 0.7794
18.9785 0.7855 0.7801
18.9965 0.7862 0.7807
19.0144 0.7868 0.7814
19.0323 0.7874 0.7820
19.0503 0.7880 0.7826
19.0682 0.7886 0.7833
19.0862 0.7892 0.7839
19.1041 0.7898 0.7846
19.1220 0.7904 0.7852
19.1400 0.7910 0.7858
19.1579 0.7916 0.7865
19.1758 0.7922 0.7871
19.1938 0.7928 0.7877
19.2117 0.7934 0.7884
19.2297 0.7940 0.7890
19.2476 0.7945 0.7896
19.2655 0.7951 0.7902
19.2835 0.7957 0.7908
19.3014 0.7963 0.7915
19.3194 0.7968 0.7921
19.3373 0.7974 0.7927
19.3552 0.7979 0.7933
19.3732 0.7985 0.7939
19.3911 0.7990 0.7945
19.4090 0.7996 0.7950
19.4270 0.8001 0.7956
19.4449 0.8006 0.7962
19.4629 0.8011 0.7968
19.4808 0.8017 0.7973
19.4987 0.8022 0.7979
19.5167 0.8027 0.7985
19.5346 0.8032 0.7990
19.5525 0.8037 0.7996
19.5705 0.8042 0.8001
19.5884 0.8047 0.8007
19.6064 0.8052 0.8012
19.6243 0.8057 0.8017
19.6422 0.8062 0.8023
19.6602 0.8067 0.8028
19.6781 0.8072 0.8033
19.6961 0.8077 0.8039
19.7140 0.8082 0.8044
19.7319 0.8087 0.8049
19.7499 0.8091 0.8055
19.7678 0.8096 0.8060
19.7857 0.8101 0.8065
19.8037 0.8106 0.8070
19.8216 0.8110 0.8076
19.8396 0.8115 0.8081
19.8575 0.8119 0.8086
19.8754 0.8124 0.8091
19.8934 0.8129 0.8096
19.9113 0.8133 0.8101
19.9292 0.8138 0.8106
19.9472 0.8142 0.8111
19.9651 0.8147 0.8116
19.9831 0.8151 0.8121
20.0010 0.8156 0.8126
20.0189 0.8160 0.8131
20.0369 0.8164 0.8136
20.0548 0.8169 0.8141
20.0728 0.8173 0.8146
20.0907 0.8178 0.8151
20.1086 0.8182 0.8155
20.1266 0.8187 0.8160
20.1445 0.8191 0.8165
20.1624 0.8195 0.8169
20.1804 0.8200 0.8174
20.1983 0.8204 0.8178
20.2163 0.8208 0.8183
20.2342 0.8213 0.8188
20.2521 0.8217 0.8192
20.2701 0.8221 0.8196
20.2880 0.8225 0.8201
20.3059 0.8230 0.8205
20.3239 0.8234 0.8210
20.3418 0.8238 0.8214
20.3598 0.8242 0.8218
20.3777 0.8246 0.8223
20.3956 0.8250 0.8227
20.4136 0.8254 0.8231
20.4315 0.8258 0.8235
20.4495 0.8263 0.8240
20.4674 0.8267 0.8244
20.4853 0.8270 0.8248
20.5033 0.8274 0.8252
20.5212 0.8278 0.8256
20.5391 0.8282 0.8260
20.5571 0.8286 0.8264
20.5750 0.8290 0.8268
20.5930 0.8294 0.8272
20.6109 0.8298 0.8276
20.6288 0.8301 0.8280
20.6468 0.8305 0.8284
20.6647 0.8309 0.8288
20.6826 0.8313 0.8292
20.7006 0.8316 0.8296
20.7185 0.8320 0.8300
20.7365 0.8324 0.8304
20.7544 0.8327 0.8307
20.7723 0.8331 0.8311
20.7903 0.8334 0.8315
20.8082 0.8338 0.8319
20.8262 0.8342 0.8323
20.8441 0.8345 0.8327
20.8620 0.8349 0.8331
20.8800 0.8352 0.8335
20.8979 0.8356 0.8338
20.9158 0.8359 0.8342
20.9338 0.8363 0.8346
20.9517 0.8367 0.8350
20.9697 0.8370 0.8354
20.9876 0.8374 0.8358
21.0055 0.8377 0.8362
21.0235 0.8381 0.8366
21.0414 0.8385 0.8369
21.0594 0.8388 0.8373
21.0773 0.8392 0.8377
21.0952 0.8395 0.8381
21.1132 0.8399 0.8385
21.1311 0.8403 0.8389
21.1490 0.8406 0.8392
21.1670 0.8410 0.8396
21.1849 0.8414 0.8400
21.2029 0.8417 0.8404
21.2208 0.8421 0.8407
21.2387 0.8424 0.8411
21.2567 0.8428 0.8414
21.2746 0.8432 0.8418
21.2925 0.8435 0.8422
21.3105 0.8439 0.8425
21.3284 0.8442 0.8429
21.3464 0.8446 0.8432
21.3643 0.8449 0.8436
21.3822 0.8453 0.8439
21.4002 0.8456 0.8443
21.4181 0.8460 0.8446
21.4361 0.8463 0.8450
21.4540 0.8467 0.8453
21.4719 0.8470 0.8457
21.4899 0.8474 0.8460
21.5078 0.8477 0.8463
21.5257 0.8480 0.8467
21.5437 0.8484 0.8470
21.5616 0.8487 0.8473
21.5796 0.8491 0.8477
21.5975 0.8494 0.8480
21.6154 0.8497 0.8483
21.6334 0.8501 0.8487
21.6513 0.8504 0.8490
21.6692 0.8507 0.8493
21.6872 0.8510 0.8496
21.7051 0.8513 0.8499
21.7231 0.8517 0.8503
21.7410 0.8520 0.8506
21.7589 0.8523 0.8509
21.7769 0.8526 0.8512
21.7948 0.8529 0.8515
21.8128 0.8532 0.8519
21.8307 0.8535 0.8522
21.8486 0.8538 0.8525
21.8666 0.8541 0.8528
21.8845 0.8544 0.8531
21.9024 0.8546 0.8534
21.9204 0.8549 0.8537
21.9383 0.8552 0.8540
21.9563 0.8555 0.8544
21.9742 0.8558 0.8547
21.9921 0.8561 0.8550
22.0101 0.8564 0.8553
22.0280 0.8567 0.8556
22.0459 0.8570 0.8559
22.0639 0.8573 0.8562
22.0818 0.8576 0.8565
22.0998 0.8579 0.8569
22.1177 0.8582 0.8572
22.1356 0.8585 0.8575
22.1536 0.8588 0.8578
22.1715 0.8591 0.8581
22.1895 0.8594 0.8584
22.2074 0.8597 0.8587
22.2253 0.8600 0.8590
22.2433 0.8603 0.8593
22.2612 0.8606 0.8596
22.2791 0.8609 0.8599
22.2971 0.8611 0.8602
22.3150 0.8614 0.8605
22.3330 0.8617 0.8608
22.3509 0.8620 0.8611
22.3688 0.8623 0.8614
22.3868 0.8626 0.8617
22.4047 0.8629 0.8620
22.4226 0.8632 0.8623
22.4406 0.8635 0.8626
22.4585 0.8638 0.8629
22.4765 0.8641 0.8632
22.4944 0.8644 0.8635
22.5123 0.8646 0.8638
22.5303 0.8649 0.8640
22.5482 0.8652 0.8643
22.5662 0.8655 0.8646
22.5841 0.8658 0.8649
22.6020 0.8661 0.8652
22.6200 0.8663 0.8655
22.6379 0.8666 0.8658
22.6558 0.8669 0.8660
22.6738 0.8672 0.8663
22.6917 0.8674 0.8666
22.7097 0.8677 0.8669
22.7276 0.8680 0.8672
22.7455 0.8682 0.8674
22.7635 0.8685 0.8677
22.7814 0.8688 0.8680
22.7993 0.8690 0.8683
22.8173 0.8693 0.8685
22.8352 0.8695 0.8688
22.8532 0.8698 0.8691
22.8711 0.8700 0.8693
22.8890 0.8703 0.8696
22.9070 0.8706 0.8699
22.9249 0.8708 0.8702
22.9429 0.8711 0.8704
22.9608 0.8713 0.8707
22.9787 0.8715 0.8710
22.9967 0.8718 0.8712
23.0146 0.8720 0.8715
23.0325 0.8723 0.8718
23.0505 0.8725 0.8720
23.0684 0.8728 0.8723
23.0864 0.8730 0.8725
23.1043 0.8733 0.8728
23.1222 0.8735 0.8730
23.1402 0.8737 0.8733
23.1581 0.8740 0.8736
23.1760 0.8742 0.8738
23.1940 0.8745 0.8740
23.2119 0.8747 0.8743
23.2299 0.8749 0.8745
23.2478 0.8752 0.8748
23.2657 0.8754 0.8750
23.2837 0.8756 0.8753
23.3016 0.8758 0.8755
23.3196 0.8761 0.8757
23.3375 0.8763 0.8759
23.3554 0.8765 0.8762
23.3734 0.8767 0.8764
23.3913 0.8770 0.8766
23.4092 0.8772 0.8768
23.4272 0.8774 0.8771
23.4451 0.8776 0.8773
23.4631 0.8778 0.8775
23.4810 0.8780 0.8777
23.4989 0.8782 0.8779
23.5169 0.8784 0.8781
23.5348 0.8786 0.8783
23.5527 0.8788 0.8785
23.5707 0.8790 0.8787
23.5886 0.8792 0.8789
23.6066 0.8794 0.8792
23.6245 0.8796 0.8794
23.6424 0.8798 0.8796
23.6604 0.8800 0.8798
23.6783 0.8802 0.8800
23.6963 0.8804 0.8802
23.7142 0.8806 0.8803
23.7321 0.8808 0.8805
23.7501 0.8809 0.8807
23.7680 0.8811 0.8809
23.7859 0.8813 0.8811
23.8039 0.8815 0.8813
23.8218 0.8817 0.8815
23.8398 0.8818 0.8817
23.8577 0.8820 0.8819
23.8756 0.8822 0.8820
23.8936 0.8824 0.8822
23.9115 0.8825 0.8824
23.9294 0.8827 0.8826
23.9474 0.8829 0.8827
23.9653 0.8830 0.8829
23.9833 0.8832 0.8831
24.0012 0.8834 0.8833
24.0191 0.8835 0.8834
24.0371 0.8837 0.8836
24.0550 0.8838 0.8837
24.0730 0.8840 0.8839
24.0909 0.8842 0.8840
24.1088 0.8843 0.8842
24.1268 0.8845 0.8843
24.1447 0.8846 0.8845
24.1626 0.8848 0.8846
24.1806 0.8849 0.8848
24.1985 0.8851 0.8849
24.2165 0.8852 0.8851
24.2344 0.8853 0.8852
24.2523 0.8855 0.8853
24.2703 0.8856 0.8855
24.2882 0.8858 0.8856
24.3061 0.8859 0.8857
24.3241 0.8861 0.8859
24.3420 0.8862 0.8860
24.3600 0.8863 0.8861
24.3779 0.8865 0.8863
24.3958 0.8866 0.8864
24.4138 0.8868 0.8865
24.4317 0.8869 0.8867
24.4497 0.8870 0.8868
24.4676 0.8872 0.8869
24.4855 0.8873 0.8871
24.5035 0.8874 0.8872
24.5214 0.8876 0.8873
24.5393 0.8877 0.8875
24.5573 0.8879 0.8876
24.5752 0.8880 0.8877
24.5932 0.8882 0.8879
24.6111 0.8883 0.8880
24.6290 0.8884 0.8882
24.6470 0.8886 0.8883
24.6649 0.8887 0.8885
24.6828 0.8889 0.8886
24.7008 0.8891 0.8888
24.7187 0.8892 0.8890
24.7367 0.8894 0.8891
24.7546 0.8896 0.8893
24.7725 0.8897 0.8895
24.7905 0.8899 0.8896
24.8084 0.8901 0.8898
24.8264 0.8902 0.8900
24.8443 0.8904 0.8902
24.8622 0.8906 0.8904
24.8802 0.8908 0.8906
24.8981 0.8910 0.8907
24.9160 0.8912 0.8909
24.9340 0.8914 0.8911
24.9519 0.8916 0.8913
24.9699 0.8918 0.8915
24.9878 0.8920 0.8917
25.0057 0.8922 0.8919
25.0237 0.8924 0.8921
25.0416 0.8926 0.8923
25.0596 0.8928 0.8925
25.0775 0.8930 0.8927
25.0954 0.8932 0.8929
25.1134 0.8934 0.8932
25.1313 0.8936 0.8934
25.1492 0.8938 0.8936
25.1672 0.8940 0.8938
25.1851 0.8942 0.8940
25.2031 0.8944 0.8942
25.2210 0.8946 0.8944
25.2389 0.8947 0.8946
25.2569 0.8949 0.8948
25.2748 0.8951 0.8950
25.2927 0.8953 0.8952
25.3107 0.8955 0.8954
25.3286 0.8957 0.8956
25.3466 0.8959 0.8959
25.3645 0.8961 0.8961
25.3824 0.8963 0.8963
25.4004 0.8965 0.8965
25.4183 0.8967 0.8967
25.4363 0.8969 0.8969
25.4542 0.8970 0.8971
25.4721 0.8972 0.8973
25.4901 0.8974 0.8975
25.5080 0.8976 0.8976
25.5259 0.8978 0.8978
25.5439 0.8980 0.8980
25.5618 0.8982 0.8982
25.5798 0.8984 0.8984
25.5977 0.8985 0.8986
25.6156 0.8987 0.8988
25.6336 0.8989 0.8990
25.6515 0.8991 0.8992
25.6694 0.8993 0.8994
25.6874 0.8995 0.8995
25.7053 0.8997 0.8997
25.7233 0.8998 0.8999
25.7412 0.9000 0.9001
25.7591 0.9002 0.9003
25.7771 0.9004 0.9004
25.7950 0.9006 0.9006
25.8130 0.9007 0.9008
25.8309 0.9009 0.9010
25.8488 0.9011 0.9012
25.8668 0.9013 0.9013
25.8847 0.9014 0.9015
25.9026 0.9016 0.9017
25.9206 0.9018 0.9018
25.9385 0.9020 0.9020
25.9565 0.9021 0.9022
25.9744 0.9023 0.9023
25.9923 0.9024 0.9025
26.0103 0.9026 0.9026
26.0282 0.9028 0.9028
26.0461 0.9029 0.9030
26.0641 0.9031 0.9031
26.0820 0.9032 0.9033
26.1000 0.9034 0.9034
26.1179 0.9035 0.9035
26.1358 0.9037 0.9037
26.1538 0.9038 0.9038
26.1717 0.9039 0.9040
26.1897 0.9041 0.9041
26.2076 0.9042 0.9042
26.2255 0.9043 0.9044
26.2435 0.9045 0.9045
26.2614 0.9046 0.9046
26.2793 0.9047 0.9048
26.2973 0.9049 0.9049
26.3152 0.9050 0.9050
26.3332 0.9051 0.9051
26.3511 0.9053 0.9053
26.3690 0.9054 0.9054
26.3870 0.9055 0.9055
26.4049 0.9056 0.9056
26.4228 0.9058 0.9058
26.4408 0.9059 0.9059
26.4587 0.9060 0.9060
26.4767 0.9062 0.9061
26.4946 0.9063 0.9062
26.5125 0.9064 0.9064
26.5305 0.9065 0.9065
26.5484 0.9067 0.9066
26.5664 0.9068 0.9067
26.5843 0.9069 0.9069
26.6022 0.9070 0.9070
26.6202 0.9072 0.9071
26.6381 0.9073 0.9072
26.6560 0.9074 0.9074
26.6740 0.9076 0.9075
26.6919 0.9077 0.9076
26.7099 0.9078 0.9078
26.7278 0.9080 0.9079
26.7457 0.9081 0.9080
26.7637 0.9082 0.9082
26.7816 0.9084 0.9083
26.7995 0.9085 0.9085
26.8175 0.9086 0.9086
26.8354 0.9088 0.9087
26.8534 0.9089 0.9089
26.8713 0.9090 0.9090
26.8892 0.9092 0.9092
26.9072 0.9093 0.9093
26.9251 0.9095 0.9095
26.9431 0.9096 0.9096
26.9610 0.9098 0.9097
26.9789 0.9099 0.9099
26.9969 0.9100 0.9100
27.0148 0.9102 0.9102
27.0327 0.9103 0.9103
27.0507 0.9105 0.9105
27.0686 0.9106 0.9106
27.0866 0.9108 0.9108
27.1045 0.9109 0.9109
27.1224 0.9111 0.9111
27.1404 0.9112 0.9112
27.1583 0.9114 0.9113
27.1762 0.9115 0.9115
27.1942 0.9116 0.9116
27.2121 0.9118 0.9118
27.2301 0.9119 0.9119
27.2480 0.9121 0.9121
27.2659 0.9122 0.9122
27.2839 0.9124 0.9123
27.3018 0.9125 0.9125
27.3198 0.9126 0.9126
27.3377 0.9128 0.9128
27.3556 0.9129 0.9129
27.3736 0.9131 0.9130
27.3915 0.9132 0.9132
27.4094 0.9133 0.9133
27.4274 0.9135 0.9135
27.4453 0.9136 0.9136
27.4633 0.9138 0.9137
27.4812 0.9139 0.9139
27.4991 0.9140 0.9140
27.5171 0.9142 0.9141
27.5350 0.9143 0.9143
27.5529 0.9144 0.9144
27.5709 0.9146 0.9146
27.5888 0.9147 0.9147
27.6068 0.9148 0.9148
27.6247 0.9150 0.9150
27.6426 0.9151 0.9151
27.6606 0.9152 0.9152
27.6785 0.9154 0.9154
27.6965 0.9155 0.9155
27.7144 0.9156 0.9156
27.7323 0.9158 0.9157
27.7503 0.9159 0.9159
27.7682 0.9160 0.9160
27.7861 0.9162 0.9161
27.8041 0.9163 0.9163
27.8220 0.9164 0.9164
27.8400 0.9165 0.9165
27.8579 0.9167 0.9166
27.8758 0.9168 0.9168
27.8938 0.9169 0.9169
27.9117 0.9171 0.9170
27.9296 0.9172 0.9172
27.9476 0.9173 0.9173
27.9655 0.9174 0.9174
27.9835 0.9176 0.9175
28.0014 0.9177 0.9177
28.0193 0.9178 0.9178
28.0373 0.9179 0.9179
28.0552 0.9181 0.9180
28.0732 0.9182 0.9182
28.0911 0.9183 0.9183
28.1090 0.9184 0.9184
28.1270 0.9185 0.9185
28.1449 0.9187 0.9186
28.1628 0.9188 0.9188
28.1808 0.9189 0.9189
28.1987 0.9190 0.9190
28.2167 0.9192 0.9191
28.2346 0.9193 0.9192
28.2525 0.9194 0.9194
28.2705 0.9195 0.9195
28.2884 0.9196 0.9196
28.3063 0.9198 0.9197
28.3243 0.9199 0.9198
28.3422 0.9200 0.9200
28.3602 0.9201 0.9201
28.3781 0.9202 0.9202
28.3960 0.9203 0.9203
28.4140 0.9205 0.9204
28.4319 0.9206 0.9206
28.4499 0.9207 0.9207
28.4678 0.9208 0.9208
28.4857 0.9209 0.9209
28.5037 0.9210 0.9210
28.5216 0.9212 0.9211
28.5395 0.9213 0.9212
28.5575 0.9214 0.9214
28.5754 0.9215 0.9215
28.5934 0.9216 0.9216
28.6113 0.9217 0.9217
28.6292 0.9218 0.9218
28.6472 0.9220 0.9219
28.6651 0.9221 0.9220
28.6831 0.9222 0.9222
28.7010 0.9223 0.9223
28.7189 0.9224 0.9224
28.7369 0.9225 0.9225
28.7548 0.9226 0.9226
28.7727 0.9227 0.9227
28.7907 0.9229 0.9228
28.8086 0.9230 0.9229
28.8266 0.9231 0.9230
28.8445 0.9232 0.9232
28.8624 0.9233 0.9233
28.8804 0.9234 0.9234
28.8983 0.9235 0.9235
28.9162 0.9236 0.9236
28.9342 0.9237 0.9237
28.9521 0.9238 0.9238
28.9701 0.9239 0.9239
28.9880 0.9241 0.9240
29.0059 0.9242 0.9241
29.0239 0.9243 0.9242
29.0418 0.9244 0.9244
29.0598 0.9245 0.9245
29.0777 0.9246 0.9246
29.0956 0.9247 0.9247
29.1136 0.9248 0.9248
29.1315 0.9249 0.9249
29.1494 0.9250 0.9250
29.1674 0.9251 0.9251
29.1853 0.9252 0.9252
29.2033 0.9253 0.9253
29.2212 0.9254 0.9254
29.2391 0.9255 0.9255
29.2571 0.9256 0.9256
29.2750 0.9258 0.9257
29.2929 0.9259 0.9258
29.3109 0.9260 0.9259
29.3288 0.9261 0.9260
29.3468 0.9262 0.9261
29.3647 0.9263 0.9262
29.3826 0.9264 0.9264
29.4006 0.9265 0.9265
29.4185 0.9266 0.9266
29.4365 0.9267 0.9267
29.4544 0.9268 0.9268
29.4723 0.9269 0.9269
29.4903 0.9270 0.9270
29.5082 0.9271 0.9271
29.5261 0.9272 0.9272
29.5441 0.9273 0.9273
29.5620 0.9274 0.9274
29.5800 0.9275 0.9275
29.5979 0.9276 0.9276
29.6158 0.9277 0.9277
29.6338 0.9278 0.9278
29.6517 0.9279 0.9279
29.6696 0.9280 0.9280
29.6876 0.9281 0.9281
29.7055 0.9282 0.9282
29.7235 0.9283 0.9283
29.7414 0.9284 0.9284
29.7593 0.9285 0.9285
29.7773 0.9286 0.9286
29.7952 0.9287 0.9287
29.8132 0.9288 0.9288
29.8311 0.9289 0.9289
29.8490 0.9290 0.9289
29.8670 0.9291 0.9290
29.8849 0.9292 0.9291
29.9028 0.9293 0.9292
29.9208 0.9293 0.9293
29.9387 0.9294 0.9294
29.9567 0.9295 0.9295
29.9746 0.9296 0.9296
29.9925 0.9297 0.9297
30.0105 0.9298 0.9298
30.0284 0.9299 0.9299
30.0463 0.9300 0.9300
30.0643 0.9301 0.9301
30.0822 0.9302 0.9302
30.1002 0.9303 0.9303
30.1181 0.9304 0.9304
30.1360 0.9305 0.9305
30.1540 0.9306 0.9306
30.1719 0.9307 0.9307
30.1899 0.9308 0.9307
30.2078 0.9309 0.9308
30.2257 0.9309 0.9309
30.2437 0.9310 0.9310
30.2616 0.9311 0.9311
30.2795 0.9312 0.9312
30.2975 0.9313 0.9313
30.3154 0.9314 0.9314
30.3334 0.9315 0.9315
30.3513 0.9316 0.9316
30.3692 0.9317 0.9317
30.3872 0.9318 0.9318
30.4051 0.9319 0.9318
30.4230 0.9319 0.9319
30.4410 0.9320 0.9320
30.4589 0.9321 0.9321
30.4769 0.9322 0.9322
30.4948 0.9323 0.9323
30.5127 0.9324 0.9324
30.5307 0.9325 0.9325
30.5486 0.9326 0.9326
30.5666 0.9327 0.9327
30.5845 0.9327 0.9327
30.6024 0.9328 0.9328
30.6204 0.9329 0.9329
30.6383 0.9330 0.9330
30.6562 0.9331 0.9331
30.6742 0.9332 0.9332
30.6921 0.9333 0.9333
30.7101 0.9334 0.9334
30.7280 0.9334 0.9334
30.7459 0.9335 0.9335
30.7639 0.9336 0.9336
30.7818 0.9337 0.9337
30.7997 0.9338 0.9338
30.8177 0.9339 0.9339
30.8356 0.9340 0.9340
30.8536 0.9340 0.9340
30.8715 0.9341 0.9341
30.8894 0.9342 0.9342
30.9074 0.9343 0.9343
30.9253 0.9344 0.9344
30.9433 0.9345 0.9345
30.9612 0.9346 0.9346
30.9791 0.9346 0.9346
30.9971 0.9347 0.9347
31.0150 0.9348 0.9348
31.0329 0.9349 0.9349
31.0509 0.9350 0.9350
31.0688 0.9351 0.9351
31.0868 0.9351 0.9351
31.1047 0.9352 0.9352
31.1226 0.9353 0.9353
31.1406 0.9354 0.9354
31.1585 0.9355 0.9355
31.1764 0.9356 0.9356
31.1944 0.9356 0.9356
31.2123 0.9357 0.9357
31.2303 0.9358 0.9358
31.2482 0.9359 0.9359
31.2661 0.9360 0.9360
31.2841 0.9360 0.9360
31.3020 0.9361 0.9361
31.3200 0.9362 0.9362
31.3379 0.9363 0.9363
31.3558 0.9364 0.9364
31.3738 0.9364 0.9364
31.3917 0.9365 0.9365
31.4096 0.9366 0.9366
31.4276 0.9367 0.9367
31.4455 0.9368 0.9368
31.4635 0.9368 0.9369
31.4814 0.9369 0.9369
31.4993 0.9370 0.9370
31.5173 0.9371 0.9371
31.5352 0.9372 0.9372
31.5531 0.9372 0.9372
31.5711 0.9373 0.9373
31.5890 0.9374 0.9374
31.6070 0.9375 0.9375
31.6249 0.9376 0.9376
31.6428 0.9376 0.9376
31.6608 0.9377 0.9377
31.6787 0.9378 0.9378
31.6967 0.9379 0.9379
31.7146 0.9379 0.9380
31.7325 0.9380 0.9380
31.7505 0.9381 0.9381
31.7684 0.9382 0.9382
31.7863 0.9383 0.9383
31.8043 0.9383 0.9383
31.8222 0.9384 0.9384
31.8402 0.9385 0.9385
31.8581 0.9386 0.9386
31.8760 0.9386 0.9386
31.8940 0.9387 0.9387
31.9119 0.9388 0.9388
31.9298 0.9389 0.9389
31.9478 0.9389 0.9389
31.9657 0.9390 0.9390
31.9837 0.9391 0.9391
32.0016 0.9392 0.9392
32.0195 0.9392 0.9392
32.0375 0.9393 0.9393
32.0554 0.9394 0.9394
32.0734 0.9395 0.9395
32.0913 0.9395 0.9395
32.1092 0.9396 0.9396
32.1272 0.9397 0.9397
32.1451 0.9398 0.9398
32.1630 0.9398 0.9398
32.1810 0.9399 0.9399
32.1989 0.9400 0.9400
32.2169 0.9401 0.9401
32.2348 0.9401 0.9401
32.2527 0.9402 0.9402
32.2707 0.9403 0.9403
32.2886 0.9403 0.9404
32.3065 0.9404 0.9404
32.3245 0.9405 0.9405
32.3424 0.9406 0.9406
32.3604 0.9406 0.9406
32.3783 0.9407 0.9407
32.3962 0.9408 0.9408
32.4142 0.9408 0.9409
32.4321 0.9409 0.9409
32.4501 0.9410 0.9410
32.4680 0.9411 0.9411
32.4859 0.9411 0.9411
32.5039 0.9412 0.9412
32.5218 0.9413 0.9413
32.5397 0.9413 0.9414
32.5577 0.9414 0.9414
32.5756 0.9415 0.9415
32.5936 0.9416 0.9416
32.6115 0.9416 0.9416
32.6294 0.9417 0.9417
32.6474 0.9418 0.9418
32.6653 0.9418 0.9419
32.6833 0.9419 0.9419
32.7012 0.9420 0.9420
32.7191 0.9420 0.9421
32.7371 0.9421 0.9421
32.7550 0.9422 0.9422
32.7729 0.9423 0.9423
32.7909 0.9423 0.9423
32.8088 0.9424 0.9424
32.8268 0.9425 0.9425
32.8447 0.9425 0.9425
32.8626 0.9426 0.9426
32.8806 0.9427 0.9427
32.8985 0.9427 0.9427
32.9164 0.9428 0.9428
32.9344 0.9429 0.9429
32.9523 0.9429 0.9430
32.9703 0.9430 0.9430
32.9882 0.9431 0.9431
33.0061 0.9431 0.9432
33.0241 0.9432 0.9432
33.0420 0.9433 0.9433
33.0600 0.9433 0.9434
33.0779 0.9434 0.9434
33.0958 0.9435 0.9435
33.1138 0.9435 0.9436
33.1317 0.9436 0.9436
33.1496 0.9437 0.9437
33.1676 0.9437 0.9438
33.1855 0.9438 0.9438
33.2035 0.9439 0.9439
33.2214 0.9439 0.9440
33.2393 0.9440 0.9440
33.2573 0.9441 0.9441
33.2752 0.9441 0.9442
33.2931 0.9442 0.9442
33.3111 0.9443 0.9443
33.3290 0.9443 0.9443
33.3470 0.9444 0.9444
33.3649 0.9445 0.9445
33.3828 0.9445 0.9445
33.4008 0.9446 0.9446
33.4187 0.9447 0.9447
33.4367 0.9447 0.9447
33.4546 0.9448 0.9448
33.4725 0.9448 0.9449
33.4905 0.9449 0.9449
33.5084 0.9450 0.9450
33.5263 0.9450 0.9451
33.5443 0.9451 0.9451
33.5622 0.9452 0.9452
33.5802 0.9452 0.9453
33.5981 0.9453 0.9453
33.6160 0.9454 0.9454
33.6340 0.9454 0.9454
33.6519 0.9455 0.9455
33.6698 0.9455 0.9456
33.6878 0.9456 0.9456
33.7057 0.9457 0.9457
33.7237 0.9457 0.9458
33.7416 0.9458 0.9458
33.7595 0.9459 0.9459
33.7775 0.9459 0.9459
33.7954 0.9460 0.9460
33.8134 0.9460 0.9461
33.8313 0.9461 0.9461
33.8492 0.9462 0.9462
33.8672 0.9462 0.9463
33.8851 0.9463 0.9463
33.9030 0.9464 0.9464
33.9210 0.9464 0.9464
33.9389 0.9465 0.9465
33.9569 0.9465 0.9466
33.9748 0.9466 0.9466
33.9927 0.9467 0.9467
34.0107 0.9467 0.9467
34.0286 0.9468 0.9468
34.0465 0.9468 0.9469
34.0645 0.9469 0.9469
34.0824 0.9470 0.9470
34.1004 0.9470 0.9470
34.1183 0.9471 0.9471
34.1362 0.9471 0.9472
34.1542 0.9472 0.9472
34.1721 0.9473 0.9473
34.1901 0.9473 0.9473
34.2080 0.9474 0.9474
34.2259 0.9474 0.9475
34.2439 0.9475 0.9475
34.2618 0.9476 0.9476
34.2797 0.9476 0.9476
34.2977 0.9477 0.9477
34.3156 0.9477 0.9478
34.3336 0.9478 0.9478
34.3515 0.9479 0.9479
34.3694 0.9479 0.9479
34.3874 0.9480 0.9480
34.4053 0.9480 0.9481
34.4232 0.9481 0.9481
34.4412 0.9481 0.9482
34.4591 0.9482 0.9482
34.4771 0.9483 0.9483
34.4950 0.9483 0.9483
34.5129 0.9484 0.9484
34.5309 0.9484 0.9485
34.5488 0.9485 0.9485
34.5668 0.9486 0.9486
34.5847 0.9486 0.9486
34.6026 0.9487 0.9487
34.6206 0.9487 0.9488
34.6385 0.9488 0.9488
34.6564 0.9488 0.9489
34.6744 0.9489 0.9489
34.6923 0.9490 0.9490
34.7103 0.9490 0.9490
34.7282 0.9491 0.9491
34.7461 0.9491 0.9492
34.7641 0.9492 0.9492
34.7820 0.9492 0.9493
34.7999 0.9493 0.9493
34.8179 0.9494 0.9494
34.8358 0.9494 0.9494
34.8538 0.9495 0.9495
34.8717 0.9495 0.9495
34.8896 0.9496 0.9496
34.9076 0.9496 0.9497
34.9255 0.9497 0.9497
34.9435 0.9497 0.9498
34.9614 0.9498 0.9498
34.9793 0.9499 0.9499
34.9973 0.9499 0.9499
35.0152 0.9500 0.9500
35.0331 0.9500 0.9500
35.0511 0.9501 0.9501
35.0690 0.9501 0.9502
35.0870 0.9502 0.9502
35.1049 0.9502 0.9503
35.1228 0.9503 0.9503
35.1408 0.9503 0.9504
35.1587 0.9504 0.9504
35.1766 0.9505 0.9505
35.1946 0.9505 0.9505
35.2125 0.9506 0.9506
35.2305 0.9506 0.9506
35.2484 0.9507 0.9507
35.2663 0.9507 0.9508
35.2843 0.9508 0.9508
35.3022 0.9508 0.9509
35.3202 0.9509 0.9509
35.3381 0.9509 0.9510
35.3560 0.9510 0.9510
35.3740 0.9510 0.9511
35.3919 0.9511 0.9511
35.4098 0.9512 0.9512
35.4278 0.9512 0.9512
35.4457 0.9513 0.9513
35.4637 0.9513 0.9513
35.4816 0.9514 0.9514
35.4995 0.9514 0.9514
35.5175 0.9515 0.9515
35.5354 0.9515 0.9516
35.5533 0.9516 0.9516
35.5713 0.9516 0.9517
35.5892 0.9517 0.9517
35.6072 0.9517 0.9518
35.6251 0.9518 0.9518
35.6430 0.9518 0.9519
35.6610 0.9519 0.9519
35.6789 0.9519 0.9520
35.6969 0.9520 0.9520
35.7148 0.9520 0.9521
35.7327 0.9521 0.9521
35.7507 0.9521 0.9522
35.7686 0.9522 0.9522
35.7865 0.9522 0.9523
35.8045 0.9523 0.9523
35.8224 0.9523 0.9524
35.8404 0.9524 0.9524
35.8583 0.9525 0.9525
  
  
  
  
  
dim="1">gridpoints</dimension>  
  
  
  
  
  
  
  
  
0.0000 -1.1627 1.4974
0.0179 -1.1627 1.4974
0.0359 -1.1701 1.4809
0.0538 -1.1821 1.4541
0.0718 -1.1978 1.4179
0.0897 -1.2165 1.3736
0.1076 -1.2370 1.3227
0.1256 -1.2579 1.2671
0.1435 -1.2779 1.2088
0.1614 -1.2954 1.1501
0.1794 -1.3088 1.0933
0.1973 -1.3167 1.0405
0.2153 -1.3177 0.9941
0.2332 -1.3103 0.9560
0.2511 -1.2935 0.9281
0.2691 -1.2665 0.9121
0.2870 -1.2286 0.9090
0.3049 -1.1796 0.9198
0.3229 -1.1193 0.9450
0.3408 -1.0482 0.9845
0.3588 -0.9668 1.0381
0.3767 -0.8759 1.1050
0.3946 -0.7768 1.1842
0.4126 -0.6706 1.2743
0.4305 -0.5589 1.3737
0.4485 -0.4432 1.4806
0.4664 -0.3253 1.5932
0.4843 -0.2070 1.7096
0.5023 -0.0900 1.8278
0.5202 0.0239 1.9460
0.5381 0.1331 2.0624
0.5561 0.2358 2.1756
0.5740 0.3306 2.2840
0.5920 0.4161 2.3867
0.6099 0.4911 2.4825
0.6278 0.5546 2.5709
0.6458 0.6059 2.6514
0.6637 0.6444 2.7237
0.6816 0.6701 2.7878
0.6996 0.6830 2.8440
0.7175 0.6837 2.8925
0.7355 0.6731 2.9339
0.7534 0.6523 2.9688
0.7713 0.6227 2.9978
0.7893 0.5862 3.0217
0.8072 0.5446 3.0412
0.8252 0.5000 3.0570
0.8431 0.4546 3.0699
0.8610 0.4104 3.0803
0.8790 0.3694 3.0888
0.8969 0.3335 3.0959
0.9148 0.3042 3.1019
0.9328 0.2828 3.1069
0.9507 0.2700 3.1113
0.9687 0.2666 3.1150
0.9866 0.2726 3.1180
1.0045 0.2878 3.1203
1.0225 0.3117 3.1217
1.0404 0.3435 3.1222
1.0583 0.3821 3.1214
1.0763 0.4263 3.1192
1.0942 0.4748 3.1155
1.1122 0.5262 3.1100
1.1301 0.5791 3.1025
1.1480 0.6322 3.0928
1.1660 0.6843 3.0807
1.1839 0.7342 3.0659
1.2019 0.7812 3.0483
1.2198 0.8243 3.0274
1.2377 0.8632 3.0030
1.2557 0.8974 2.9747
1.2736 0.9267 2.9421
1.2915 0.9511 2.9048
1.3095 0.9708 2.8624
1.3274 0.9860 2.8145
1.3454 0.9972 2.7607
1.3633 1.0049 2.7006
1.3812 1.0096 2.6341
1.3992 1.0120 2.5611
1.4171 1.0130 2.4815
1.4350 1.0131 2.3955
1.4530 1.0133 2.3037
1.4709 1.0141 2.2065
1.4889 1.0164 2.1048
1.5068 1.0207 1.9995
1.5247 1.0276 1.8919
1.5427 1.0374 1.7831
1.5606 1.0507 1.6745
1.5786 1.0675 1.5677
1.5965 1.0879 1.4640
1.6144 1.1118 1.3648
1.6324 1.1392 1.2714
1.6503 1.1696 1.1850
1.6682 1.2029 1.1064
1.6862 1.2384 1.0365
1.7041 1.2757 0.9756
1.7221 1.3144 0.9242
1.7400 1.3539 0.8823
1.7579 1.3936 0.8496
1.7759 1.4330 0.8258
1.7938 1.4716 0.8105
1.8117 1.5090 0.8029
1.8297 1.5447 0.8025
1.8476 1.5783 0.8082
1.8656 1.6094 0.8195
1.8835 1.6378 0.8354
1.9014 1.6631 0.8551
1.9194 1.6850 0.8779
1.9373 1.7036 0.9029
1.9553 1.7184 0.9296
1.9732 1.7296 0.9571
1.9911 1.7371 0.9848
2.0091 1.7408 1.0122
2.0270 1.7410 1.0385
2.0449 1.7377 1.0634
2.0629 1.7312 1.0863
2.0808 1.7217 1.1067
2.0988 1.7096 1.1244
2.1167 1.6951 1.1392
2.1346 1.6787 1.1507
2.1526 1.6607 1.1590
2.1705 1.6415 1.1640
2.1885 1.6215 1.1659
2.2064 1.6009 1.1649
2.2243 1.5801 1.1612
2.2423 1.5593 1.1553
2.2602 1.5388 1.1475
2.2781 1.5186 1.1382
2.2961 1.4989 1.1278
2.3140 1.4797 1.1168
2.3320 1.4611 1.1055
2.3499 1.4430 1.0942
2.3678 1.4255 1.0833
2.3858 1.4084 1.0729
2.4037 1.3917 1.0631
2.4216 1.3754 1.0541
2.4396 1.3595 1.0459
2.4575 1.3439 1.0384
2.4755 1.3287 1.0316
2.4934 1.3138 1.0255
2.5113 1.2993 1.0199
2.5293 1.2853 1.0148
2.5472 1.2718 1.0100
2.5652 1.2590 1.0056
2.5831 1.2467 1.0014
2.6010 1.2352 0.9975
2.6190 1.2244 0.9939
2.6369 1.2144 0.9904
2.6548 1.2051 0.9873
2.6728 1.1965 0.9843
2.6907 1.1887 0.9816
2.7087 1.1814 0.9791
2.7266 1.1748 0.9768
2.7445 1.1685 0.9747
2.7625 1.1626 0.9725
2.7804 1.1569 0.9703
2.7983 1.1513 0.9679
2.8163 1.1457 0.9651
2.8342 1.1401 0.9619
2.8522 1.1342 0.9580
2.8701 1.1281 0.9533
2.8880 1.1218 0.9477
2.9060 1.1151 0.9412
2.9239 1.1081 0.9336
2.9419 1.1006 0.9249
2.9598 1.0928 0.9151
2.9777 1.0846 0.9043
2.9957 1.0761 0.8926
3.0136 1.0671 0.8802
3.0315 1.0578 0.8671
3.0495 1.0481 0.8535
3.0674 1.0381 0.8398
3.0854 1.0278 0.8259
3.1033 1.0172 0.8123
3.1212 1.0063 0.7989
3.1392 0.9951 0.7860
3.1571 0.9838 0.7738
3.1750 0.9723 0.7622
3.1930 0.9608 0.7513
3.2109 0.9492 0.7412
3.2289 0.9376 0.7317
3.2468 0.9262 0.7228
3.2647 0.9150 0.7144
3.2827 0.9040 0.7061
3.3006 0.8933 0.6979
3.3186 0.8830 0.6895
3.3365 0.8730 0.6807
3.3544 0.8635 0.6711
3.3724 0.8543 0.6607
3.3903 0.8454 0.6491
3.4082 0.8367 0.6362
3.4262 0.8281 0.6218
3.4441 0.8195 0.6059
3.4621 0.8106 0.5883
3.4800 0.8014 0.5690
3.4979 0.7915 0.5481
3.5159 0.7807 0.5256
3.5338 0.7689 0.5016
3.5517 0.7557 0.4764
3.5697 0.7410 0.4501
3.5876 0.7245 0.4230
3.6056 0.7060 0.3954
3.6235 0.6854 0.3674
3.6414 0.6624 0.3396
3.6594 0.6371 0.3120
3.6773 0.6094 0.2850
3.6953 0.5792 0.2590
3.7132 0.5465 0.2340
3.7311 0.5116 0.2103
3.7491 0.4745 0.1881
3.7670 0.4354 0.1673
3.7849 0.3947 0.1482
3.8029 0.3526 0.1306
3.8208 0.3095 0.1145
3.8388 0.2658 0.0999
3.8567 0.2219 0.0866
3.8746 0.1783 0.0745
3.8926 0.1353 0.0634
3.9105 0.0934 0.0532
3.9284 0.0529 0.0437
3.9464 0.0141 0.0348
3.9643 -0.0227 0.0263
3.9823 -0.0573 0.0181
4.0002 -0.0897 0.0101
4.0181 -0.1199 0.0021
4.0361 -0.1477 -0.0059
4.0540 -0.1734 -0.0141
4.0720 -0.1971 -0.0224
4.0899 -0.2189 -0.0311
4.1078 -0.2390 -0.0400
4.1258 -0.2577 -0.0493
4.1437 -0.2750 -0.0590
4.1616 -0.2912 -0.0691
4.1796 -0.3064 -0.0795
4.1975 -0.3207 -0.0904
4.2155 -0.3342 -0.1016
4.2334 -0.3469 -0.1130
4.2513 -0.3589 -0.1247
4.2693 -0.3701 -0.1366
4.2872 -0.3805 -0.1487
4.3051 -0.3901 -0.1607
4.3231 -0.3987 -0.1728
4.3410 -0.4064 -0.1849
4.3590 -0.4130 -0.1969
4.3769 -0.4186 -0.2088
4.3948 -0.4231 -0.2205
4.4128 -0.4265 -0.2322
4.4307 -0.4288 -0.2437
4.4487 -0.4301 -0.2552
4.4666 -0.4306 -0.2665
4.4845 -0.4302 -0.2777
4.5025 -0.4292 -0.2889
4.5204 -0.4276 -0.3000
4.5383 -0.4257 -0.3110
4.5563 -0.4237 -0.3219
4.5742 -0.4216 -0.3327
4.5922 -0.4198 -0.3433
4.6101 -0.4183 -0.3537
4.6280 -0.4173 -0.3639
4.6460 -0.4170 -0.3739
4.6639 -0.4173 -0.3835
4.6818 -0.4185 -0.3927
4.6998 -0.4205 -0.4015
4.7177 -0.4234 -0.4100
4.7357 -0.4272 -0.4179
4.7536 -0.4317 -0.4255
4.7715 -0.4370 -0.4325
4.7895 -0.4430 -0.4391
4.8074 -0.4496 -0.4452
4.8254 -0.4566 -0.4509
4.8433 -0.4639 -0.4562
4.8612 -0.4714 -0.4610
4.8792 -0.4789 -0.4653
4.8971 -0.4862 -0.4693
4.9150 -0.4932 -0.4728
4.9330 -0.4997 -0.4758
4.9509 -0.5056 -0.4784
4.9689 -0.5108 -0.4805
4.9868 -0.5151 -0.4820
5.0047 -0.5184 -0.4830
5.0227 -0.5206 -0.4834
5.0406 -0.5217 -0.4831
5.0585 -0.5217 -0.4822
5.0765 -0.5205 -0.4807
5.0944 -0.5181 -0.4786
5.1124 -0.5146 -0.4758
5.1303 -0.5100 -0.4724
5.1482 -0.5044 -0.4684
5.1662 -0.4978 -0.4639
5.1841 -0.4903 -0.4589
5.2021 -0.4821 -0.4534
5.2200 -0.4731 -0.4475
5.2379 -0.4636 -0.4413
5.2559 -0.4536 -0.4347
5.2738 -0.4432 -0.4279
5.2917 -0.4326 -0.4208
5.3097 -0.4218 -0.4136
5.3276 -0.4111 -0.4062
5.3456 -0.4004 -0.3986
5.3635 -0.3900 -0.3910
5.3814 -0.3799 -0.3833
5.3994 -0.3704 -0.3756
5.4173 -0.3614 -0.3680
5.4352 -0.3532 -0.3606
5.4532 -0.3457 -0.3534
5.4711 -0.3393 -0.3465
5.4891 -0.3338 -0.3401
5.5070 -0.3295 -0.3342
5.5249 -0.3262 -0.3288
5.5429 -0.3242 -0.3242
5.5608 -0.3233 -0.3204
5.5788 -0.3234 -0.3173
5.5967 -0.3247 -0.3151
5.6146 -0.3268 -0.3137
5.6326 -0.3297 -0.3130
5.6505 -0.3332 -0.3131
5.6684 -0.3371 -0.3138
5.6864 -0.3412 -0.3150
5.7043 -0.3452 -0.3165
5.7223 -0.3490 -0.3182
5.7402 -0.3522 -0.3199
5.7581 -0.3547 -0.3213
5.7761 -0.3563 -0.3224
5.7940 -0.3569 -0.3230
5.8120 -0.3563 -0.3229
5.8299 -0.3546 -0.3221
5.8478 -0.3516 -0.3204
5.8658 -0.3474 -0.3178
5.8837 -0.3420 -0.3143
5.9016 -0.3356 -0.3099
5.9196 -0.3283 -0.3047
5.9375 -0.3201 -0.2987
5.9555 -0.3113 -0.2921
5.9734 -0.3019 -0.2848
5.9913 -0.2922 -0.2771
6.0093 -0.2822 -0.2691
6.0272 -0.2720 -0.2608
6.0451 -0.2617 -0.2523
6.0631 -0.2515 -0.2438
6.0810 -0.2413 -0.2354
6.0990 -0.2312 -0.2270
6.1169 -0.2212 -0.2187
6.1348 -0.2114 -0.2106
6.1528 -0.2017 -0.2027
6.1707 -0.1921 -0.1950
6.1887 -0.1826 -0.1874
6.2066 -0.1732 -0.1801
6.2245 -0.1638 -0.1729
6.2425 -0.1545 -0.1658
6.2604 -0.1453 -0.1588
6.2783 -0.1361 -0.1519
6.2963 -0.1270 -0.1450
6.3142 -0.1179 -0.1382
6.3322 -0.1088 -0.1313
6.3501 -0.0999 -0.1245
6.3680 -0.0910 -0.1177
6.3860 -0.0821 -0.1108
6.4039 -0.0734 -0.1039
6.4218 -0.0647 -0.0969
6.4398 -0.0561 -0.0900
6.4577 -0.0476 -0.0829
6.4757 -0.0391 -0.0759
6.4936 -0.0308 -0.0688
6.5115 -0.0225 -0.0616
6.5295 -0.0142 -0.0545
6.5474 -0.0059 -0.0472
6.5654 0.0023 -0.0400
6.5833 0.0105 -0.0327
6.6012 0.0187 -0.0254
6.6192 0.0269 -0.0181
6.6371 0.0350 -0.0107
6.6550 0.0432 -0.0033
6.6730 0.0513 0.0040
6.6909 0.0594 0.0114
6.7089 0.0674 0.0187
6.7268 0.0753 0.0260
6.7447 0.0831 0.0332
6.7627 0.0908 0.0404
6.7806 0.0983 0.0474
6.7985 0.1057 0.0544
6.8165 0.1129 0.0612
6.8344 0.1199 0.0678
6.8524 0.1267 0.0744
6.8703 0.1333 0.0807
6.8882 0.1397 0.0869
6.9062 0.1459 0.0930
6.9241 0.1519 0.0988
6.9421 0.1577 0.1046
6.9600 0.1632 0.1101
6.9779 0.1686 0.1156
6.9959 0.1738 0.1209
7.0138 0.1788 0.1261
7.0317 0.1836 0.1311
7.0497 0.1882 0.1361
7.0676 0.1926 0.1410
7.0856 0.1968 0.1458
7.1035 0.2008 0.1505
7.1214 0.2046 0.1552
7.1394 0.2084 0.1598
7.1573 0.2119 0.1642
7.1752 0.2154 0.1687
7.1932 0.2188 0.1730
7.2111 0.2221 0.1772
7.2291 0.2253 0.1814
7.2470 0.2285 0.1855
7.2649 0.2316 0.1895
7.2829 0.2347 0.1933
7.3008 0.2377 0.1971
7.3188 0.2407 0.2008
7.3367 0.2435 0.2044
7.3546 0.2463 0.2079
7.3726 0.2490 0.2113
7.3905 0.2516 0.2147
7.4084 0.2540 0.2180
7.4264 0.2563 0.2213
7.4443 0.2585 0.2245
7.4623 0.2605 0.2277
7.4802 0.2625 0.2309
7.4981 0.2644 0.2342
7.5161 0.2662 0.2374
7.5340 0.2680 0.2407
7.5519 0.2698 0.2441
7.5699 0.2716 0.2475
7.5878 0.2735 0.2509
7.6058 0.2755 0.2544
7.6237 0.2776 0.2580
7.6416 0.2799 0.2616
7.6596 0.2823 0.2652
7.6775 0.2848 0.2689
7.6955 0.2875 0.2726
7.7134 0.2904 0.2764
7.7313 0.2933 0.2801
7.7493 0.2965 0.2838
7.7672 0.2997 0.2875
7.7851 0.3030 0.2912
7.8031 0.3064 0.2949
7.8210 0.3098 0.2985
7.8390 0.3133 0.3022
7.8569 0.3169 0.3058
7.8748 0.3204 0.3094
7.8928 0.3239 0.3131
7.9107 0.3275 0.3167
7.9286 0.3310 0.3204
7.9466 0.3345 0.3242
7.9645 0.3380 0.3280
7.9825 0.3414 0.3319
8.0004 0.3448 0.3359
8.0183 0.3482 0.3399
8.0363 0.3515 0.3441
8.0542 0.3548 0.3483
8.0722 0.3580 0.3526
8.0901 0.3613 0.3571
8.1080 0.3644 0.3615
8.1260 0.3676 0.3660
8.1439 0.3707 0.3706
8.1618 0.3739 0.3751
8.1798 0.3770 0.3797
8.1977 0.3800 0.3841
8.2157 0.3831 0.3886
8.2336 0.3861 0.3929
8.2515 0.3892 0.3972
8.2695 0.3922 0.4013
8.2874 0.3953 0.4054
8.3053 0.3983 0.4093
8.3233 0.4013 0.4130
8.3412 0.4043 0.4167
8.3592 0.4073 0.4202
8.3771 0.4104 0.4237
8.3950 0.4134 0.4271
8.4130 0.4165 0.4303
8.4309 0.4196 0.4336
8.4489 0.4227 0.4368
8.4668 0.4258 0.4400
8.4847 0.4290 0.4432
8.5027 0.4322 0.4464
8.5206 0.4354 0.4496
8.5385 0.4387 0.4528
8.5565 0.4420 0.4561
8.5744 0.4454 0.4594
8.5924 0.4488 0.4627
8.6103 0.4523 0.4661
8.6282 0.4558 0.4695
8.6462 0.4594 0.4729
8.6641 0.4630 0.4763
8.6820 0.4666 0.4797
8.7000 0.4703 0.4831
8.7179 0.4740 0.4864
8.7359 0.4778 0.4898
8.7538 0.4816 0.4931
8.7717 0.4854 0.4964
8.7897 0.4893 0.4997
8.8076 0.4931 0.5030
8.8256 0.4970 0.5063
8.8435 0.5009 0.5096
8.8614 0.5047 0.5129
8.8794 0.5085 0.5162
8.8973 0.5123 0.5195
8.9152 0.5160 0.5228
8.9332 0.5197 0.5261
8.9511 0.5234 0.5294
8.9691 0.5269 0.5327
8.9870 0.5304 0.5359
9.0049 0.5338 0.5392
9.0229 0.5371 0.5423
9.0408 0.5404 0.5455
9.0587 0.5436 0.5485
9.0767 0.5467 0.5515
9.0946 0.5497 0.5544
9.1126 0.5527 0.5572
9.1305 0.5556 0.5599
9.1484 0.5585 0.5626
9.1664 0.5614 0.5651
9.1843 0.5642 0.5675
9.2023 0.5671 0.5698
9.2202 0.5699 0.5721
9.2381 0.5727 0.5743
9.2561 0.5756 0.5764
9.2740 0.5784 0.5784
9.2919 0.5813 0.5804
9.3099 0.5842 0.5824
9.3278 0.5872 0.5843
9.3458 0.5901 0.5862
9.3637 0.5931 0.5881
9.3816 0.5962 0.5900
9.3996 0.5993 0.5919
9.4175 0.6024 0.5938
9.4354 0.6056 0.5958
9.4534 0.6087 0.5978
9.4713 0.6120 0.5998
9.4893 0.6152 0.6018
9.5072 0.6185 0.6039
9.5251 0.6218 0.6061
9.5431 0.6252 0.6083
9.5610 0.6286 0.6105
9.5790 0.6320 0.6128
9.5969 0.6355 0.6151
9.6148 0.6390 0.6174
9.6328 0.6426 0.6197
9.6507 0.6462 0.6221
9.6686 0.6498 0.6244
9.6866 0.6534 0.6267
9.7045 0.6571 0.6291
9.7225 0.6607 0.6314
9.7404 0.6644 0.6336
9.7583 0.6680 0.6359
9.7763 0.6716 0.6381
9.7942 0.6752 0.6402
9.8122 0.6787 0.6423
9.8301 0.6821 0.6444
9.8480 0.6854 0.6464
9.8660 0.6886 0.6483
9.8839 0.6916 0.6501
9.9018 0.6945 0.6519
9.9198 0.6973 0.6537
9.9377 0.6999 0.6554
9.9557 0.7023 0.6570
9.9736 0.7045 0.6586
9.9915 0.7066 0.6601
10.0095 0.7085 0.6616
10.0274 0.7102 0.6631
10.0453 0.7118 0.6645
10.0633 0.7132 0.6659
10.0812 0.7144 0.6674
10.0992 0.7156 0.6688
10.1171 0.7166 0.6701
10.1350 0.7174 0.6715
10.1530 0.7182 0.6729
10.1709 0.7189 0.6743
10.1889 0.7196 0.6757
10.2068 0.7201 0.6771
10.2247 0.7206 0.6785
10.2427 0.7211 0.6799
10.2606 0.7215 0.6813
10.2785 0.7220 0.6828
10.2965 0.7224 0.6842
10.3144 0.7228 0.6856
10.3324 0.7232 0.6870
10.3503 0.7237 0.6885
10.3682 0.7242 0.6899
10.3862 0.7247 0.6913
10.4041 0.7252 0.6928
10.4220 0.7258 0.6943
10.4400 0.7265 0.6958
10.4579 0.7272 0.6974
10.4759 0.7279 0.6989
10.4938 0.7287 0.7006
10.5117 0.7295 0.7023
10.5297 0.7304 0.7040
10.5476 0.7313 0.7058
10.5656 0.7322 0.7077
10.5835 0.7331 0.7096
10.6014 0.7341 0.7116
10.6194 0.7350 0.7137
10.6373 0.7360 0.7158
10.6552 0.7369 0.7179
10.6732 0.7378 0.7201
10.6911 0.7386 0.7222
10.7091 0.7394 0.7244
10.7270 0.7402 0.7265
10.7449 0.7408 0.7286
10.7629 0.7415 0.7306
10.7808 0.7420 0.7326
10.7987 0.7425 0.7345
10.8167 0.7428 0.7363
10.8346 0.7431 0.7381
10.8526 0.7433 0.7397
10.8705 0.7434 0.7412
10.8884 0.7434 0.7426
10.9064 0.7433 0.7440
10.9243 0.7432 0.7453
10.9423 0.7429 0.7465
10.9602 0.7426 0.7477
10.9781 0.7423 0.7488
10.9961 0.7419 0.7499
11.0140 0.7416 0.7511
11.0319 0.7412 0.7522
11.0499 0.7409 0.7534
11.0678 0.7407 0.7547
11.0858 0.7406 0.7560
11.1037 0.7406 0.7574
11.1216 0.7407 0.7588
11.1396 0.7410 0.7604
11.1575 0.7414 0.7620
11.1754 0.7420 0.7638
11.1934 0.7428 0.7656
11.2113 0.7438 0.7674
11.2293 0.7449 0.7693
11.2472 0.7462 0.7713
11.2651 0.7477 0.7733
11.2831 0.7492 0.7753
11.3010 0.7509 0.7773
11.3190 0.7527 0.7793
11.3369 0.7546 0.7814
11.3548 0.7565 0.7833
11.3728 0.7584 0.7853
11.3907 0.7603 0.7873
11.4086 0.7622 0.7892
11.4266 0.7641 0.7910
11.4445 0.7659 0.7929
11.4625 0.7676 0.7947
11.4804 0.7692 0.7964
11.4983 0.7707 0.7981
11.5163 0.7720 0.7998
11.5342 0.7732 0.8014
11.5521 0.7742 0.8029
11.5701 0.7750 0.8044
11.5880 0.7756 0.8058
11.6060 0.7761 0.8071
11.6239 0.7763 0.8084
11.6418 0.7763 0.8096
11.6598 0.7762 0.8107
11.6777 0.7759 0.8117
11.6957 0.7754 0.8126
11.7136 0.7748 0.8135
11.7315 0.7740 0.8143
11.7495 0.7731 0.8150
11.7674 0.7722 0.8157
11.7853 0.7712 0.8163
11.8033 0.7702 0.8169
11.8212 0.7691 0.8175
11.8392 0.7681 0.8180
11.8571 0.7671 0.8185
11.8750 0.7662 0.8190
11.8930 0.7653 0.8196
11.9109 0.7646 0.8201
11.9288 0.7639 0.8206
11.9468 0.7632 0.8212
11.9647 0.7627 0.8218
11.9827 0.7622 0.8224
12.0006 0.7618 0.8230
12.0185 0.7615 0.8237
12.0365 0.7611 0.8243
12.0544 0.7608 0.8250
12.0724 0.7605 0.8257
12.0903 0.7602 0.8264
12.1082 0.7599 0.8271
12.1262 0.7596 0.8278
12.1441 0.7592 0.8285
12.1620 0.7588 0.8292
12.1800 0.7583 0.8299
12.1979 0.7578 0.8305
12.2159 0.7572 0.8311
12.2338 0.7566 0.8316
12.2517 0.7559 0.8321
12.2697 0.7552 0.8326
12.2876 0.7545 0.8330
12.3055 0.7537 0.8334
12.3235 0.7528 0.8337
12.3414 0.7520 0.8339
12.3594 0.7511 0.8341
12.3773 0.7502 0.8342
12.3952 0.7492 0.8342
12.4132 0.7483 0.8342
12.4311 0.7473 0.8341
12.4491 0.7463 0.8340
12.4670 0.7453 0.8338
12.4849 0.7443 0.8335
12.5029 0.7433 0.8332
12.5208 0.7424 0.8328
12.5387 0.7414 0.8324
12.5567 0.7404 0.8319
12.5746 0.7394 0.8314
12.5926 0.7385 0.8308
12.6105 0.7376 0.8302
12.6284 0.7367 0.8295
12.6464 0.7358 0.8287
12.6643 0.7350 0.8279
12.6822 0.7342 0.8270
12.7002 0.7335 0.8260
12.7181 0.7328 0.8250
12.7361 0.7321 0.8239
12.7540 0.7314 0.8228
12.7719 0.7308 0.8216
12.7899 0.7301 0.8204
12.8078 0.7295 0.8191
12.8258 0.7289 0.8178
12.8437 0.7282 0.8164
12.8616 0.7276 0.8151
12.8796 0.7269 0.8137
12.8975 0.7262 0.8123
12.9154 0.7255 0.8110
12.9334 0.7247 0.8097
12.9513 0.7240 0.8084
12.9693 0.7232 0.8072
12.9872 0.7225 0.8060
13.0051 0.7217 0.8049
13.0231 0.7210 0.8039
13.0410 0.7203 0.8030
13.0589 0.7196 0.8022
13.0769 0.7190 0.8016
13.0948 0.7185 0.8010
13.1128 0.7180 0.8005
13.1307 0.7176 0.8002
13.1486 0.7172 0.8000
13.1666 0.7170 0.7999
13.1845 0.7168 0.7999
13.2025 0.7167 0.8001
13.2204 0.7167 0.8003
13.2383 0.7167 0.8007
13.2563 0.7168 0.8011
13.2742 0.7169 0.8016
13.2921 0.7171 0.8022
13.3101 0.7173 0.8028
13.3280 0.7174 0.8035
13.3460 0.7176 0.8042
13.3639 0.7177 0.8050
13.3818 0.7178 0.8058
13.3998 0.7178 0.8065
13.4177 0.7178 0.8073
13.4357 0.7176 0.8080
13.4536 0.7174 0.8087
13.4715 0.7171 0.8094
13.4895 0.7167 0.8100
13.5074 0.7161 0.8105
13.5253 0.7155 0.8110
13.5433 0.7147 0.8113
13.5612 0.7138 0.8116
13.5792 0.7128 0.8117
13.5971 0.7117 0.8117
13.6150 0.7104 0.8115
13.6330 0.7091 0.8112
13.6509 0.7076 0.8107
13.6688 0.7061 0.8099
13.6868 0.7044 0.8090
13.7047 0.7027 0.8078
13.7227 0.7009 0.8065
13.7406 0.6990 0.8048
13.7585 0.6971 0.8029
13.7765 0.6950 0.8007
13.7944 0.6929 0.7983
13.8124 0.6907 0.7956
13.8303 0.6885 0.7927
13.8482 0.6861 0.7895
13.8662 0.6837 0.7860
13.8841 0.6812 0.7823
13.9020 0.6787 0.7784
13.9200 0.6761 0.7742
13.9379 0.6735 0.7699
13.9559 0.6708 0.7654
13.9738 0.6680 0.7607
13.9917 0.6652 0.7558
14.0097 0.6624 0.7508
14.0276 0.6596 0.7456
14.0455 0.6567 0.7404
14.0635 0.6539 0.7350
14.0814 0.6510 0.7295
14.0994 0.6482 0.7239
14.1173 0.6453 0.7182
14.1352 0.6425 0.7125
14.1532 0.6397 0.7067
14.1711 0.6369 0.7008
14.1891 0.6342 0.6948
14.2070 0.6315 0.6888
14.2249 0.6288 0.6827
14.2429 0.6262 0.6767
14.2608 0.6236 0.6705
14.2787 0.6211 0.6644
14.2967 0.6186 0.6583
14.3146 0.6161 0.6522
14.3326 0.6137 0.6461
14.3505 0.6113 0.6400
14.3684 0.6089 0.6340
14.3864 0.6066 0.6280
14.4043 0.6042 0.6221
14.4222 0.6019 0.6163
14.4402 0.5996 0.6107
14.4581 0.5973 0.6051
14.4761 0.5950 0.5997
14.4940 0.5927 0.5945
14.5119 0.5904 0.5894
14.5299 0.5882 0.5845
14.5478 0.5860 0.5798
14.5658 0.5839 0.5753
14.5837 0.5818 0.5711
14.6016 0.5798 0.5670
14.6196 0.5778 0.5632
14.6375 0.5759 0.5595
14.6554 0.5741 0.5561
14.6734 0.5723 0.5530
14.6913 0.5707 0.5500
14.7093 0.5691 0.5472
14.7272 0.5677 0.5446
14.7451 0.5663 0.5422
14.7631 0.5650 0.5400
14.7810 0.5639 0.5380
14.7989 0.5628 0.5362
14.8169 0.5619 0.5345
14.8348 0.5610 0.5330
14.8528 0.5602 0.5316
14.8707 0.5596 0.5303
14.8886 0.5590 0.5292
14.9066 0.5585 0.5281
14.9245 0.5581 0.5272
14.9425 0.5578 0.5265
14.9604 0.5576 0.5258
14.9783 0.5574 0.5252
14.9963 0.5574 0.5247
15.0142 0.5574 0.5243
15.0321 0.5574 0.5240
15.0501 0.5576 0.5238
15.0680 0.5578 0.5237
15.0860 0.5580 0.5237
15.1039 0.5583 0.5238
15.1218 0.5586 0.5239
15.1398 0.5590 0.5242
15.1577 0.5595 0.5245
15.1756 0.5600 0.5249
15.1936 0.5605 0.5254
15.2115 0.5610 0.5259
15.2295 0.5616 0.5265
15.2474 0.5622 0.5272
15.2653 0.5629 0.5279
15.2833 0.5635 0.5287
15.3012 0.5642 0.5296
15.3192 0.5650 0.5305
15.3371 0.5657 0.5315
15.3550 0.5665 0.5325
15.3730 0.5673 0.5336
15.3909 0.5681 0.5347
15.4088 0.5689 0.5359
15.4268 0.5698 0.5371
15.4447 0.5707 0.5384
15.4627 0.5717 0.5397
15.4806 0.5727 0.5411
15.4985 0.5737 0.5425
15.5165 0.5747 0.5439
15.5344 0.5758 0.5454
15.5523 0.5769 0.5469
15.5703 0.5781 0.5484
15.5882 0.5793 0.5499
15.6062 0.5806 0.5515
15.6241 0.5818 0.5530
15.6420 0.5832 0.5546
15.6600 0.5845 0.5562
15.6779 0.5859 0.5578
15.6959 0.5874 0.5594
15.7138 0.5888 0.5610
15.7317 0.5903 0.5626
15.7497 0.5919 0.5642
15.7676 0.5934 0.5659
15.7855 0.5950 0.5675
15.8035 0.5966 0.5691
15.8214 0.5982 0.5708
15.8394 0.5999 0.5724
15.8573 0.6015 0.5741
15.8752 0.6032 0.5757
15.8932 0.6048 0.5773
15.9111 0.6065 0.5790
15.9290 0.6082 0.5806
15.9470 0.6099 0.5823
15.9649 0.6115 0.5839
15.9829 0.6132 0.5855
16.0008 0.6148 0.5871
16.0187 0.6165 0.5888
16.0367 0.6181 0.5904
16.0546 0.6197 0.5919
16.0726 0.6213 0.5935
16.0905 0.6229 0.5951
16.1084 0.6244 0.5967
16.1264 0.6260 0.5983
16.1443 0.6275 0.5999
16.1622 0.6291 0.6015
16.1802 0.6306 0.6031
16.1981 0.6321 0.6047
16.2161 0.6337 0.6063
16.2340 0.6352 0.6079
16.2519 0.6367 0.6095
16.2699 0.6382 0.6112
16.2878 0.6398 0.6129
16.3057 0.6413 0.6145
16.3237 0.6428 0.6162
16.3416 0.6444 0.6179
16.3596 0.6459 0.6196
16.3775 0.6474 0.6213
16.3954 0.6490 0.6230
16.4134 0.6505 0.6248
16.4313 0.6521 0.6265
16.4493 0.6536 0.6282
16.4672 0.6551 0.6299
16.4851 0.6566 0.6317
16.5031 0.6582 0.6334
16.5210 0.6597 0.6351
16.5389 0.6611 0.6368
16.5569 0.6626 0.6385
16.5748 0.6641 0.6401
16.5928 0.6655 0.6418
16.6107 0.6669 0.6435
16.6286 0.6683 0.6451
16.6466 0.6697 0.6468
16.6645 0.6711 0.6484
16.6824 0.6725 0.6500
16.7004 0.6738 0.6516
16.7183 0.6751 0.6532
16.7363 0.6764 0.6548
16.7542 0.6777 0.6563
16.7721 0.6790 0.6579
16.7901 0.6803 0.6594
16.8080 0.6816 0.6610
16.8260 0.6829 0.6625
16.8439 0.6842 0.6640
16.8618 0.6854 0.6655
16.8798 0.6867 0.6669
16.8977 0.6879 0.6684
16.9156 0.6892 0.6699
16.9336 0.6904 0.6713
16.9515 0.6917 0.6728
16.9695 0.6929 0.6742
16.9874 0.6942 0.6756
17.0053 0.6954 0.6770
17.0233 0.6966 0.6784
17.0412 0.6979 0.6798
17.0591 0.6991 0.6812
17.0771 0.7003 0.6826
17.0950 0.7015 0.6840
17.1130 0.7027 0.6853
17.1309 0.7039 0.6867
17.1488 0.7051 0.6880
17.1668 0.7062 0.6893
17.1847 0.7074 0.6907
17.2027 0.7085 0.6920
17.2206 0.7097 0.6933
17.2385 0.7108 0.6946
17.2565 0.7119 0.6959
17.2744 0.7130 0.6972
17.2923 0.7141 0.6984
17.3103 0.7152 0.6997
17.3282 0.7162 0.7009
17.3462 0.7173 0.7022
17.3641 0.7183 0.7034
17.3820 0.7194 0.7047
17.4000 0.7204 0.7059
17.4179 0.7214 0.7071
17.4359 0.7224 0.7083
17.4538 0.7234 0.7095
17.4717 0.7244 0.7107
17.4897 0.7254 0.7119
17.5076 0.7264 0.7131
17.5255 0.7274 0.7142
17.5435 0.7283 0.7154
17.5614 0.7293 0.7165
17.5794 0.7302 0.7177
17.5973 0.7312 0.7188
17.6152 0.7321 0.7199
17.6332 0.7331 0.7210
17.6511 0.7340 0.7221
17.6690 0.7349 0.7232
17.6870 0.7358 0.7243
17.7049 0.7367 0.7253
17.7229 0.7376 0.7264
17.7408 0.7385 0.7274
17.7587 0.7394 0.7285
17.7767 0.7403 0.7295
17.7946 0.7411 0.7305
17.8126 0.7420 0.7315
17.8305 0.7429 0.7325
17.8484 0.7437 0.7335
17.8664 0.7446 0.7344
17.8843 0.7455 0.7354
17.9022 0.7463 0.7363
17.9202 0.7471 0.7373
17.9381 0.7480 0.7382
17.9561 0.7488 0.7391
17.9740 0.7496 0.7400
17.9919 0.7504 0.7409
18.0099 0.7512 0.7418
18.0278 0.7520 0.7427
18.0457 0.7527 0.7435
18.0637 0.7535 0.7444
18.0816 0.7543 0.7452
18.0996 0.7550 0.7461
18.1175 0.7557 0.7469
18.1354 0.7565 0.7477
18.1534 0.7572 0.7485
18.1713 0.7579 0.7493
18.1893 0.7586 0.7501
18.2072 0.7592 0.7509
18.2251 0.7599 0.7517
18.2431 0.7606 0.7524
18.2610 0.7612 0.7532
18.2789 0.7619 0.7539
18.2969 0.7625 0.7547
18.3148 0.7632 0.7554
18.3328 0.7638 0.7562
18.3507 0.7644 0.7569
18.3686 0.7651 0.7576
18.3866 0.7657 0.7583
18.4045 0.7663 0.7591
18.4224 0.7670 0.7598
18.4404 0.7676 0.7605
18.4583 0.7682 0.7612
18.4763 0.7689 0.7620
18.4942 0.7695 0.7627
18.5121 0.7702 0.7634
18.5301 0.7708 0.7641
18.5480 0.7715 0.7648
18.5660 0.7722 0.7655
18.5839 0.7728 0.7663
18.6018 0.7735 0.7670
18.6198 0.7742 0.7677
18.6377 0.7748 0.7684
18.6556 0.7755 0.7691
18.6736 0.7761 0.7698
18.6915 0.7768 0.7705
18.7095 0.7775 0.7712
18.7274 0.7781 0.7719
18.7453 0.7788 0.7726
18.7633 0.7794 0.7733
18.7812 0.7801 0.7739
18.7991 0.7807 0.7746
18.8171 0.7814 0.7753
18.8350 0.7820 0.7759
18.8530 0.7827 0.7766
18.8709 0.7833 0.7773
18.8888 0.7839 0.7779
18.9068 0.7846 0.7786
18.9247 0.7852 0.7792
18.9427 0.7858 0.7799
18.9606 0.7865 0.7805
18.9785 0.7871 0.7812
18.9965 0.7877 0.7818
19.0144 0.7883 0.7824
19.0323 0.7889 0.7831
19.0503 0.7896 0.7837
19.0682 0.7902 0.7843
19.0862 0.7908 0.7850
19.1041 0.7914 0.7856
19.1220 0.7920 0.7863
19.1400 0.7926 0.7869
19.1579 0.7932 0.7875
19.1758 0.7937 0.7882
19.1938 0.7943 0.7888
19.2117 0.7949 0.7894
19.2297 0.7955 0.7900
19.2476 0.7961 0.7907
19.2655 0.7966 0.7913
19.2835 0.7972 0.7919
19.3014 0.7978 0.7925
19.3194 0.7983 0.7931
19.3373 0.7989 0.7937
19.3552 0.7994 0.7943
19.3732 0.8000 0.7949
19.3911 0.8005 0.7955
19.4090 0.8010 0.7961
19.4270 0.8016 0.7967
19.4449 0.8021 0.7972
19.4629 0.8026 0.7978
19.4808 0.8032 0.7984
19.4987 0.8037 0.7989
19.5167 0.8042 0.7995
19.5346 0.8047 0.8000
19.5525 0.8052 0.8006
19.5705 0.8057 0.8011
19.5884 0.8062 0.8017
19.6064 0.8067 0.8022
19.6243 0.8072 0.8028
19.6422 0.8077 0.8033
19.6602 0.8082 0.8038
19.6781 0.8087 0.8044
19.6961 0.8092 0.8049
19.7140 0.8096 0.8054
19.7319 0.8101 0.8059
19.7499 0.8106 0.8065
19.7678 0.8111 0.8070
19.7857 0.8115 0.8075
19.8037 0.8120 0.8080
19.8216 0.8125 0.8086
19.8396 0.8129 0.8091
19.8575 0.8134 0.8096
19.8754 0.8138 0.8101
19.8934 0.8143 0.8106
19.9113 0.8147 0.8111
19.9292 0.8152 0.8116
19.9472 0.8156 0.8121
19.9651 0.8161 0.8126
19.9831 0.8165 0.8131
20.0010 0.8170 0.8136
20.0189 0.8174 0.8141
20.0369 0.8179 0.8146
20.0548 0.8183 0.8151
20.0728 0.8187 0.8156
20.0907 0.8192 0.8160
20.1086 0.8196 0.8165
20.1266 0.8201 0.8170
20.1445 0.8205 0.8174
20.1624 0.8209 0.8179
20.1804 0.8214 0.8184
20.1983 0.8218 0.8188
20.2163 0.8222 0.8193
20.2342 0.8226 0.8197
20.2521 0.8231 0.8202
20.2701 0.8235 0.8206
20.2880 0.8239 0.8210
20.3059 0.8243 0.8215
20.3239 0.8248 0.8219
20.3418 0.8252 0.8223
20.3598 0.8256 0.8228
20.3777 0.8260 0.8232
20.3956 0.8264 0.8236
20.4136 0.8268 0.8241
20.4315 0.8272 0.8245
20.4495 0.8276 0.8249
20.4674 0.8280 0.8253
20.4853 0.8284 0.8257
20.5033 0.8288 0.8261
20.5212 0.8292 0.8265
20.5391 0.8296 0.8270
20.5571 0.8300 0.8274
20.5750 0.8303 0.8278
20.5930 0.8307 0.8282
20.6109 0.8311 0.8286
20.6288 0.8315 0.8289
20.6468 0.8319 0.8293
20.6647 0.8322 0.8297
20.6826 0.8326 0.8301
20.7006 0.8330 0.8305
20.7185 0.8333 0.8309
20.7365 0.8337 0.8313
20.7544 0.8340 0.8317
20.7723 0.8344 0.8321
20.7903 0.8348 0.8324
20.8082 0.8351 0.8328
20.8262 0.8355 0.8332
20.8441 0.8358 0.8336
20.8620 0.8362 0.8340
20.8800 0.8365 0.8344
20.8979 0.8369 0.8348
20.9158 0.8372 0.8351
20.9338 0.8376 0.8355
20.9517 0.8380 0.8359
20.9697 0.8383 0.8363
20.9876 0.8387 0.8367
21.0055 0.8390 0.8371
21.0235 0.8394 0.8375
21.0414 0.8398 0.8378
21.0594 0.8401 0.8382
21.0773 0.8405 0.8386
21.0952 0.8408 0.8390
21.1132 0.8412 0.8394
21.1311 0.8416 0.8398
21.1490 0.8419 0.8401
21.1670 0.8423 0.8405
21.1849 0.8426 0.8409
21.2029 0.8430 0.8412
21.2208 0.8434 0.8416
21.2387 0.8437 0.8420
21.2567 0.8441 0.8423
21.2746 0.8444 0.8427
21.2925 0.8448 0.8430
21.3105 0.8451 0.8434
21.3284 0.8455 0.8438
21.3464 0.8458 0.8441
21.3643 0.8462 0.8445
21.3822 0.8465 0.8448
21.4002 0.8469 0.8451
21.4181 0.8472 0.8455
21.4361 0.8476 0.8458
21.4540 0.8479 0.8462
21.4719 0.8483 0.8465
21.4899 0.8486 0.8469
21.5078 0.8490 0.8472
21.5257 0.8493 0.8475
21.5437 0.8496 0.8479
21.5616 0.8500 0.8482
21.5796 0.8503 0.8485
21.5975 0.8506 0.8489
21.6154 0.8510 0.8492
21.6334 0.8513 0.8495
21.6513 0.8516 0.8498
21.6692 0.8519 0.8502
21.6872 0.8523 0.8505
21.7051 0.8526 0.8508
21.7231 0.8529 0.8511
21.7410 0.8532 0.8514
21.7589 0.8535 0.8517
21.7769 0.8538 0.8521
21.7948 0.8541 0.8524
21.8128 0.8544 0.8527
21.8307 0.8547 0.8530
21.8486 0.8550 0.8533
21.8666 0.8553 0.8536
21.8845 0.8556 0.8539
21.9024 0.8558 0.8543
21.9204 0.8561 0.8546
21.9383 0.8564 0.8549
21.9563 0.8567 0.8552
21.9742 0.8570 0.8555
21.9921 0.8573 0.8558
22.0101 0.8576 0.8561
22.0280 0.8579 0.8564
22.0459 0.8582 0.8567
22.0639 0.8585 0.8571
22.0818 0.8587 0.8574
22.0998 0.8590 0.8577
22.1177 0.8593 0.8580
22.1356 0.8596 0.8583
22.1536 0.8599 0.8586
22.1715 0.8602 0.8589
22.1895 0.8605 0.8592
22.2074 0.8608 0.8595
22.2253 0.8611 0.8598
22.2433 0.8614 0.8601
22.2612 0.8617 0.8604
22.2791 0.8620 0.8607
22.2971 0.8623 0.8610
22.3150 0.8626 0.8613
22.3330 0.8629 0.8616
22.3509 0.8632 0.8619
22.3688 0.8635 0.8622
22.3868 0.8638 0.8625
22.4047 0.8641 0.8628
22.4226 0.8644 0.8631
22.4406 0.8646 0.8634
22.4585 0.8649 0.8637
22.4765 0.8652 0.8640
22.4944 0.8655 0.8643
22.5123 0.8658 0.8645
22.5303 0.8661 0.8648
22.5482 0.8664 0.8651
22.5662 0.8666 0.8654
22.5841 0.8669 0.8657
22.6020 0.8672 0.8660
22.6200 0.8675 0.8663
22.6379 0.8677 0.8665
22.6558 0.8680 0.8668
22.6738 0.8683 0.8671
22.6917 0.8685 0.8674
22.7097 0.8688 0.8677
22.7276 0.8691 0.8679
22.7455 0.8693 0.8682
22.7635 0.8696 0.8685
22.7814 0.8699 0.8688
22.7993 0.8701 0.8690
22.8173 0.8704 0.8693
22.8352 0.8706 0.8696
22.8532 0.8709 0.8698
22.8711 0.8712 0.8701
22.8890 0.8714 0.8704
22.9070 0.8717 0.8706
22.9249 0.8719 0.8709
22.9429 0.8721 0.8712
22.9608 0.8724 0.8715
22.9787 0.8726 0.8717
22.9967 0.8729 0.8720
23.0146 0.8731 0.8722
23.0325 0.8734 0.8725
23.0505 0.8736 0.8728
23.0684 0.8739 0.8730
23.0864 0.8741 0.8733
23.1043 0.8743 0.8735
23.1222 0.8746 0.8738
23.1402 0.8748 0.8740
23.1581 0.8751 0.8743
23.1760 0.8753 0.8745
23.1940 0.8755 0.8748
23.2119 0.8758 0.8750
23.2299 0.8760 0.8753
23.2478 0.8762 0.8755
23.2657 0.8764 0.8758
23.2837 0.8767 0.8760
23.3016 0.8769 0.8762
23.3196 0.8771 0.8764
23.3375 0.8773 0.8767
23.3554 0.8776 0.8769
23.3734 0.8778 0.8771
23.3913 0.8780 0.8773
23.4092 0.8782 0.8776
23.4272 0.8784 0.8778
23.4451 0.8786 0.8780
23.4631 0.8789 0.8782
23.4810 0.8791 0.8784
23.4989 0.8793 0.8786
23.5169 0.8795 0.8788
23.5348 0.8797 0.8790
23.5527 0.8799 0.8793
23.5707 0.8801 0.8795
23.5886 0.8803 0.8797
23.6066 0.8805 0.8799
23.6245 0.8807 0.8801
23.6424 0.8808 0.8803
23.6604 0.8810 0.8805
23.6783 0.8812 0.8807
23.6963 0.8814 0.8809
23.7142 0.8816 0.8810
23.7321 0.8818 0.8812
23.7501 0.8820 0.8814
23.7680 0.8821 0.8816
23.7859 0.8823 0.8818
23.8039 0.8825 0.8820
23.8218 0.8827 0.8822
23.8398 0.8828 0.8824
23.8577 0.8830 0.8826
23.8756 0.8832 0.8827
23.8936 0.8834 0.8829
23.9115 0.8835 0.8831
23.9294 0.8837 0.8833
23.9474 0.8839 0.8834
23.9653 0.8840 0.8836
23.9833 0.8842 0.8838
24.0012 0.8844 0.8839
24.0191 0.8845 0.8841
24.0371 0.8847 0.8842
24.0550 0.8848 0.8844
24.0730 0.8850 0.8846
24.0909 0.8851 0.8847
24.1088 0.8853 0.8849
24.1268 0.8854 0.8850
24.1447 0.8856 0.8852
24.1626 0.8857 0.8853
24.1806 0.8859 0.8854
24.1985 0.8860 0.8856
24.2165 0.8862 0.8857
24.2344 0.8863 0.8859
24.2523 0.8865 0.8860
24.2703 0.8866 0.8861
24.2882 0.8867 0.8863
24.3061 0.8869 0.8864
24.3241 0.8870 0.8865
24.3420 0.8872 0.8867
24.3600 0.8873 0.8868
24.3779 0.8874 0.8869
24.3958 0.8876 0.8870
24.4138 0.8877 0.8872
24.4317 0.8878 0.8873
24.4497 0.8880 0.8874
24.4676 0.8881 0.8876
24.4855 0.8883 0.8877
24.5035 0.8884 0.8878
24.5214 0.8885 0.8880
24.5393 0.8887 0.8881
24.5573 0.8888 0.8883
24.5752 0.8890 0.8884
24.5932 0.8891 0.8885
24.6111 0.8892 0.8887
24.6290 0.8894 0.8888
24.6470 0.8895 0.8890
24.6649 0.8897 0.8891
24.6828 0.8898 0.8893
24.7008 0.8900 0.8895
24.7187 0.8902 0.8896
24.7367 0.8903 0.8898
24.7546 0.8905 0.8899
24.7725 0.8907 0.8901
24.7905 0.8908 0.8903
24.8084 0.8910 0.8905
24.8264 0.8912 0.8906
24.8443 0.8914 0.8908
24.8622 0.8916 0.8910
24.8802 0.8917 0.8912
24.8981 0.8919 0.8914
24.9160 0.8921 0.8916
24.9340 0.8923 0.8918
24.9519 0.8925 0.8920
24.9699 0.8927 0.8922
24.9878 0.8929 0.8924
25.0057 0.8931 0.8926
25.0237 0.8933 0.8928
25.0416 0.8935 0.8930
25.0596 0.8937 0.8932
25.0775 0.8939 0.8934
25.0954 0.8941 0.8936
25.1134 0.8943 0.8938
25.1313 0.8945 0.8940
25.1492 0.8947 0.8942
25.1672 0.8949 0.8944
25.1851 0.8951 0.8946
25.2031 0.8953 0.8948
25.2210 0.8955 0.8950
25.2389 0.8957 0.8953
25.2569 0.8959 0.8955
25.2748 0.8961 0.8957
25.2927 0.8963 0.8959
25.3107 0.8964 0.8961
25.3286 0.8966 0.8963
25.3466 0.8968 0.8965
25.3645 0.8970 0.8967
25.3824 0.8972 0.8969
25.4004 0.8974 0.8971
25.4183 0.8976 0.8973
25.4363 0.8978 0.8975
25.4542 0.8980 0.8977
25.4721 0.8981 0.8979
25.4901 0.8983 0.8981
25.5080 0.8985 0.8983
25.5259 0.8987 0.8985
25.5439 0.8989 0.8987
25.5618 0.8991 0.8988
25.5798 0.8992 0.8990
25.5977 0.8994 0.8992
25.6156 0.8996 0.8994
25.6336 0.8998 0.8996
25.6515 0.9000 0.8998
25.6694 0.9002 0.9000
25.6874 0.9004 0.9002
25.7053 0.9005 0.9003
25.7233 0.9007 0.9005
25.7412 0.9009 0.9007
25.7591 0.9011 0.9009
25.7771 0.9013 0.9011
25.7950 0.9014 0.9012
25.8130 0.9016 0.9014
25.8309 0.9018 0.9016
25.8488 0.9020 0.9018
25.8668 0.9022 0.9019
25.8847 0.9023 0.9021
25.9026 0.9025 0.9023
25.9206 0.9027 0.9024
25.9385 0.9028 0.9026
25.9565 0.9030 0.9028
25.9744 0.9032 0.9029
25.9923 0.9033 0.9031
26.0103 0.9035 0.9032
26.0282 0.9036 0.9034
26.0461 0.9038 0.9035
26.0641 0.9039 0.9037
26.0820 0.9041 0.9038
26.1000 0.9042 0.9040
26.1179 0.9044 0.9041
26.1358 0.9045 0.9043
26.1538 0.9047 0.9044
26.1717 0.9048 0.9046
26.1897 0.9049 0.9047
26.2076 0.9051 0.9048
26.2255 0.9052 0.9050
26.2435 0.9053 0.9051
26.2614 0.9055 0.9052
26.2793 0.9056 0.9054
26.2973 0.9057 0.9055
26.3152 0.9058 0.9056
26.3332 0.9060 0.9057
26.3511 0.9061 0.9058
26.3690 0.9062 0.9060
26.3870 0.9064 0.9061
26.4049 0.9065 0.9062
26.4228 0.9066 0.9063
26.4408 0.9067 0.9065
26.4587 0.9069 0.9066
26.4767 0.9070 0.9067
26.4946 0.9071 0.9068
26.5125 0.9072 0.9069
26.5305 0.9074 0.9071
26.5484 0.9075 0.9072
26.5664 0.9076 0.9073
26.5843 0.9077 0.9074
26.6022 0.9079 0.9076
26.6202 0.9080 0.9077
26.6381 0.9081 0.9078
26.6560 0.9083 0.9079
26.6740 0.9084 0.9081
26.6919 0.9085 0.9082
26.7099 0.9086 0.9083
26.7278 0.9088 0.9085
26.7457 0.9089 0.9086
26.7637 0.9090 0.9087
26.7816 0.9092 0.9089
26.7995 0.9093 0.9090
26.8175 0.9094 0.9092
26.8354 0.9096 0.9093
26.8534 0.9097 0.9094
26.8713 0.9099 0.9096
26.8892 0.9100 0.9097
26.9072 0.9101 0.9099
26.9251 0.9103 0.9100
26.9431 0.9104 0.9102
26.9610 0.9106 0.9103
26.9789 0.9107 0.9104
26.9969 0.9109 0.9106
27.0148 0.9110 0.9107
27.0327 0.9111 0.9109
27.0507 0.9113 0.9110
27.0686 0.9114 0.9112
27.0866 0.9116 0.9113
27.1045 0.9117 0.9115
27.1224 0.9119 0.9116
27.1404 0.9120 0.9118
27.1583 0.9121 0.9119
27.1762 0.9123 0.9120
27.1942 0.9124 0.9122
27.2121 0.9126 0.9123
27.2301 0.9127 0.9125
27.2480 0.9129 0.9126
27.2659 0.9130 0.9128
27.2839 0.9132 0.9129
27.3018 0.9133 0.9130
27.3198 0.9134 0.9132
27.3377 0.9136 0.9133
27.3556 0.9137 0.9135
27.3736 0.9139 0.9136
27.3915 0.9140 0.9137
27.4094 0.9141 0.9139
27.4274 0.9143 0.9140
27.4453 0.9144 0.9141
27.4633 0.9145 0.9143
27.4812 0.9147 0.9144
27.4991 0.9148 0.9146
27.5171 0.9150 0.9147
27.5350 0.9151 0.9148
27.5529 0.9152 0.9150
27.5709 0.9154 0.9151
27.5888 0.9155 0.9152
27.6068 0.9156 0.9154
27.6247 0.9158 0.9155
27.6426 0.9159 0.9156
27.6606 0.9160 0.9158
27.6785 0.9161 0.9159
27.6965 0.9163 0.9160
27.7144 0.9164 0.9161
27.7323 0.9165 0.9163
27.7503 0.9167 0.9164
27.7682 0.9168 0.9165
27.7861 0.9169 0.9167
27.8041 0.9171 0.9168
27.8220 0.9172 0.9169
27.8400 0.9173 0.9170
27.8579 0.9174 0.9172
27.8758 0.9176 0.9173
27.8938 0.9177 0.9174
27.9117 0.9178 0.9176
27.9296 0.9179 0.9177
27.9476 0.9181 0.9178
27.9655 0.9182 0.9179
27.9835 0.9183 0.9181
28.0014 0.9184 0.9182
28.0193 0.9186 0.9183
28.0373 0.9187 0.9184
28.0552 0.9188 0.9185
28.0732 0.9189 0.9187
28.0911 0.9191 0.9188
28.1090 0.9192 0.9189
28.1270 0.9193 0.9190
28.1449 0.9194 0.9192
28.1628 0.9195 0.9193
28.1808 0.9197 0.9194
28.1987 0.9198 0.9195
28.2167 0.9199 0.9196
28.2346 0.9200 0.9198
28.2525 0.9201 0.9199
28.2705 0.9203 0.9200
28.2884 0.9204 0.9201
28.3063 0.9205 0.9202
28.3243 0.9206 0.9204
28.3422 0.9207 0.9205
28.3602 0.9208 0.9206
28.3781 0.9210 0.9207
28.3960 0.9211 0.9208
28.4140 0.9212 0.9209
28.4319 0.9213 0.9211
28.4499 0.9214 0.9212
28.4678 0.9215 0.9213
28.4857 0.9217 0.9214
28.5037 0.9218 0.9215
28.5216 0.9219 0.9216
28.5395 0.9220 0.9217
28.5575 0.9221 0.9219
28.5754 0.9222 0.9220
28.5934 0.9223 0.9221
28.6113 0.9225 0.9222
28.6292 0.9226 0.9223
28.6472 0.9227 0.9224
28.6651 0.9228 0.9225
28.6831 0.9229 0.9227
28.7010 0.9230 0.9228
28.7189 0.9231 0.9229
28.7369 0.9232 0.9230
28.7548 0.9233 0.9231
28.7727 0.9235 0.9232
28.7907 0.9236 0.9233
28.8086 0.9237 0.9234
28.8266 0.9238 0.9235
28.8445 0.9239 0.9237
28.8624 0.9240 0.9238
28.8804 0.9241 0.9239
28.8983 0.9242 0.9240
28.9162 0.9243 0.9241
28.9342 0.9244 0.9242
28.9521 0.9245 0.9243
28.9701 0.9247 0.9244
28.9880 0.9248 0.9245
29.0059 0.9249 0.9246
29.0239 0.9250 0.9247
29.0418 0.9251 0.9248
29.0598 0.9252 0.9249
29.0777 0.9253 0.9251
29.0956 0.9254 0.9252
29.1136 0.9255 0.9253
29.1315 0.9256 0.9254
29.1494 0.9257 0.9255
29.1674 0.9258 0.9256
29.1853 0.9259 0.9257
29.2033 0.9260 0.9258
29.2212 0.9261 0.9259
29.2391 0.9262 0.9260
29.2571 0.9263 0.9261
29.2750 0.9264 0.9262
29.2929 0.9265 0.9263
29.3109 0.9266 0.9264
29.3288 0.9268 0.9265
29.3468 0.9269 0.9266
29.3647 0.9270 0.9267
29.3826 0.9271 0.9268
29.4006 0.9272 0.9269
29.4185 0.9273 0.9270
29.4365 0.9274 0.9271
29.4544 0.9275 0.9272
29.4723 0.9276 0.9273
29.4903 0.9277 0.9274
29.5082 0.9278 0.9275
29.5261 0.9279 0.9276
29.5441 0.9280 0.9277
29.5620 0.9281 0.9278
29.5800 0.9282 0.9279
29.5979 0.9283 0.9280
29.6158 0.9284 0.9281
29.6338 0.9285 0.9282
29.6517 0.9286 0.9283
29.6696 0.9287 0.9284
29.6876 0.9288 0.9285
29.7055 0.9289 0.9286
29.7235 0.9290 0.9287
29.7414 0.9290 0.9288
29.7593 0.9291 0.9289
29.7773 0.9292 0.9290
29.7952 0.9293 0.9291
29.8132 0.9294 0.9292
29.8311 0.9295 0.9293
29.8490 0.9296 0.9294
29.8670 0.9297 0.9295
29.8849 0.9298 0.9296
29.9028 0.9299 0.9297
29.9208 0.9300 0.9298
29.9387 0.9301 0.9299
29.9567 0.9302 0.9300
29.9746 0.9303 0.9301
29.9925 0.9304 0.9302
30.0105 0.9305 0.9303
30.0284 0.9306 0.9304
30.0463 0.9307 0.9305
30.0643 0.9308 0.9305
30.0822 0.9309 0.9306
30.1002 0.9309 0.9307
30.1181 0.9310 0.9308
30.1360 0.9311 0.9309
30.1540 0.9312 0.9310
30.1719 0.9313 0.9311
30.1899 0.9314 0.9312
30.2078 0.9315 0.9313
30.2257 0.9316 0.9314
30.2437 0.9317 0.9315
30.2616 0.9318 0.9316
30.2795 0.9319 0.9317
30.2975 0.9320 0.9317
30.3154 0.9320 0.9318
30.3334 0.9321 0.9319
30.3513 0.9322 0.9320
30.3692 0.9323 0.9321
30.3872 0.9324 0.9322
30.4051 0.9325 0.9323
30.4230 0.9326 0.9324
30.4410 0.9327 0.9325
30.4589 0.9328 0.9326
30.4769 0.9329 0.9326
30.4948 0.9329 0.9327
30.5127 0.9330 0.9328
30.5307 0.9331 0.9329
30.5486 0.9332 0.9330
30.5666 0.9333 0.9331
30.5845 0.9334 0.9332
30.6024 0.9335 0.9333
30.6204 0.9336 0.9334
30.6383 0.9336 0.9334
30.6562 0.9337 0.9335
30.6742 0.9338 0.9336
30.6921 0.9339 0.9337
30.7101 0.9340 0.9338
30.7280 0.9341 0.9339
30.7459 0.9342 0.9340
30.7639 0.9342 0.9340
30.7818 0.9343 0.9341
30.7997 0.9344 0.9342
30.8177 0.9345 0.9343
30.8356 0.9346 0.9344
30.8536 0.9347 0.9345
30.8715 0.9348 0.9346
30.8894 0.9348 0.9346
30.9074 0.9349 0.9347
30.9253 0.9350 0.9348
30.9433 0.9351 0.9349
30.9612 0.9352 0.9350
30.9791 0.9353 0.9351
30.9971 0.9353 0.9351
31.0150 0.9354 0.9352
31.0329 0.9355 0.9353
31.0509 0.9356 0.9354
31.0688 0.9357 0.9355
31.0868 0.9358 0.9356
31.1047 0.9358 0.9356
31.1226 0.9359 0.9357
31.1406 0.9360 0.9358
31.1585 0.9361 0.9359
31.1764 0.9362 0.9360
31.1944 0.9362 0.9361
31.2123 0.9363 0.9361
31.2303 0.9364 0.9362
31.2482 0.9365 0.9363
31.2661 0.9366 0.9364
31.2841 0.9366 0.9365
31.3020 0.9367 0.9365
31.3200 0.9368 0.9366
31.3379 0.9369 0.9367
31.3558 0.9370 0.9368
31.3738 0.9370 0.9369
31.3917 0.9371 0.9369
31.4096 0.9372 0.9370
31.4276 0.9373 0.9371
31.4455 0.9374 0.9372
31.4635 0.9374 0.9373
31.4814 0.9375 0.9373
31.4993 0.9376 0.9374
31.5173 0.9377 0.9375
31.5352 0.9378 0.9376
31.5531 0.9378 0.9377
31.5711 0.9379 0.9377
31.5890 0.9380 0.9378
31.6070 0.9381 0.9379
31.6249 0.9381 0.9380
31.6428 0.9382 0.9380
31.6608 0.9383 0.9381
31.6787 0.9384 0.9382
31.6967 0.9385 0.9383
31.7146 0.9385 0.9384
31.7325 0.9386 0.9384
31.7505 0.9387 0.9385
31.7684 0.9388 0.9386
31.7863 0.9388 0.9387
31.8043 0.9389 0.9387
31.8222 0.9390 0.9388
31.8402 0.9391 0.9389
31.8581 0.9391 0.9390
31.8760 0.9392 0.9390
31.8940 0.9393 0.9391
31.9119 0.9394 0.9392
31.9298 0.9394 0.9393
31.9478 0.9395 0.9393
31.9657 0.9396 0.9394
31.9837 0.9397 0.9395
32.0016 0.9397 0.9396
32.0195 0.9398 0.9396
32.0375 0.9399 0.9397
32.0554 0.9400 0.9398
32.0734 0.9400 0.9399
32.0913 0.9401 0.9399
32.1092 0.9402 0.9400
32.1272 0.9403 0.9401
32.1451 0.9403 0.9402
32.1630 0.9404 0.9402
32.1810 0.9405 0.9403
32.1989 0.9405 0.9404
32.2169 0.9406 0.9405
32.2348 0.9407 0.9405
32.2527 0.9408 0.9406
32.2707 0.9408 0.9407
32.2886 0.9409 0.9407
32.3065 0.9410 0.9408
32.3245 0.9411 0.9409
32.3424 0.9411 0.9410
32.3604 0.9412 0.9410
32.3783 0.9413 0.9411
32.3962 0.9413 0.9412
32.4142 0.9414 0.9412
32.4321 0.9415 0.9413
32.4501 0.9416 0.9414
32.4680 0.9416 0.9415
32.4859 0.9417 0.9415
32.5039 0.9418 0.9416
32.5218 0.9418 0.9417
32.5397 0.9419 0.9417
32.5577 0.9420 0.9418
32.5756 0.9420 0.9419
32.5936 0.9421 0.9420
32.6115 0.9422 0.9420
32.6294 0.9423 0.9421
32.6474 0.9423 0.9422
32.6653 0.9424 0.9422
32.6833 0.9425 0.9423
32.7012 0.9425 0.9424
32.7191 0.9426 0.9424
32.7371 0.9427 0.9425
32.7550 0.9427 0.9426
32.7729 0.9428 0.9426
32.7909 0.9429 0.9427
32.8088 0.9429 0.9428
32.8268 0.9430 0.9429
32.8447 0.9431 0.9429
32.8626 0.9431 0.9430
32.8806 0.9432 0.9431
32.8985 0.9433 0.9431
32.9164 0.9433 0.9432
32.9344 0.9434 0.9433
32.9523 0.9435 0.9433
32.9703 0.9435 0.9434
32.9882 0.9436 0.9435
33.0061 0.9437 0.9435
33.0241 0.9437 0.9436
33.0420 0.9438 0.9437
33.0600 0.9439 0.9437
33.0779 0.9439 0.9438
33.0958 0.9440 0.9439
33.1138 0.9441 0.9439
33.1317 0.9441 0.9440
33.1496 0.9442 0.9441
33.1676 0.9443 0.9441
33.1855 0.9443 0.9442
33.2035 0.9444 0.9443
33.2214 0.9445 0.9443
33.2393 0.9445 0.9444
33.2573 0.9446 0.9445
33.2752 0.9447 0.9445
33.2931 0.9447 0.9446
33.3111 0.9448 0.9447
33.3290 0.9449 0.9447
33.3470 0.9449 0.9448
33.3649 0.9450 0.9448
33.3828 0.9451 0.9449
33.4008 0.9451 0.9450
33.4187 0.9452 0.9450
33.4367 0.9452 0.9451
33.4546 0.9453 0.9452
33.4725 0.9454 0.9452
33.4905 0.9454 0.9453
33.5084 0.9455 0.9454
33.5263 0.9456 0.9454
33.5443 0.9456 0.9455
33.5622 0.9457 0.9456
33.5802 0.9458 0.9456
33.5981 0.9458 0.9457
33.6160 0.9459 0.9457
33.6340 0.9459 0.9458
33.6519 0.9460 0.9459
33.6698 0.9461 0.9459
33.6878 0.9461 0.9460
33.7057 0.9462 0.9461
33.7237 0.9463 0.9461
33.7416 0.9463 0.9462
33.7595 0.9464 0.9462
33.7775 0.9464 0.9463
33.7954 0.9465 0.9464
33.8134 0.9466 0.9464
33.8313 0.9466 0.9465
33.8492 0.9467 0.9465
33.8672 0.9467 0.9466
33.8851 0.9468 0.9467
33.9030 0.9469 0.9467
33.9210 0.9469 0.9468
33.9389 0.9470 0.9469
33.9569 0.9471 0.9469
33.9748 0.9471 0.9470
33.9927 0.9472 0.9470
34.0107 0.9472 0.9471
34.0286 0.9473 0.9472
34.0465 0.9474 0.9472
34.0645 0.9474 0.9473
34.0824 0.9475 0.9473
34.1004 0.9475 0.9474
34.1183 0.9476 0.9475
34.1362 0.9477 0.9475
34.1542 0.9477 0.9476
34.1721 0.9478 0.9476
34.1901 0.9478 0.9477
34.2080 0.9479 0.9478
34.2259 0.9479 0.9478
34.2439 0.9480 0.9479
34.2618 0.9481 0.9479
34.2797 0.9481 0.9480
34.2977 0.9482 0.9481
34.3156 0.9482 0.9481
34.3336 0.9483 0.9482
34.3515 0.9484 0.9482
34.3694 0.9484 0.9483
34.3874 0.9485 0.9483
34.4053 0.9485 0.9484
34.4232 0.9486 0.9485
34.4412 0.9486 0.9485
34.4591 0.9487 0.9486
34.4771 0.9488 0.9486
34.4950 0.9488 0.9487
34.5129 0.9489 0.9487
34.5309 0.9489 0.9488
34.5488 0.9490 0.9489
34.5668 0.9490 0.9489
34.5847 0.9491 0.9490
34.6026 0.9492 0.9490
34.6206 0.9492 0.9491
34.6385 0.9493 0.9492
34.6564 0.9493 0.9492
34.6744 0.9494 0.9493
34.6923 0.9494 0.9493
34.7103 0.9495 0.9494
34.7282 0.9496 0.9494
34.7461 0.9496 0.9495
34.7641 0.9497 0.9495
34.7820 0.9497 0.9496
34.7999 0.9498 0.9497
34.8179 0.9498 0.9497
34.8358 0.9499 0.9498
34.8538 0.9499 0.9498
34.8717 0.9500 0.9499
34.8896 0.9501 0.9499
34.9076 0.9501 0.9500
34.9255 0.9502 0.9500
34.9435 0.9502 0.9501
34.9614 0.9503 0.9502
34.9793 0.9503 0.9502
34.9973 0.9504 0.9503
35.0152 0.9504 0.9503
35.0331 0.9505 0.9504
35.0511 0.9506 0.9504
35.0690 0.9506 0.9505
35.0870 0.9507 0.9505
35.1049 0.9507 0.9506
35.1228 0.9508 0.9507
35.1408 0.9508 0.9507
35.1587 0.9509 0.9508
35.1766 0.9509 0.9508
35.1946 0.9510 0.9509
35.2125 0.9510 0.9509
35.2305 0.9511 0.9510
35.2484 0.9511 0.9510
35.2663 0.9512 0.9511
35.2843 0.9513 0.9511
35.3022 0.9513 0.9512
35.3202 0.9514 0.9512
35.3381 0.9514 0.9513
35.3560 0.9515 0.9513
35.3740 0.9515 0.9514
35.3919 0.9516 0.9515
35.4098 0.9516 0.9515
35.4278 0.9517 0.9516
35.4457 0.9517 0.9516
35.4637 0.9518 0.9517
35.4816 0.9518 0.9517
35.4995 0.9519 0.9518
35.5175 0.9519 0.9518
35.5354 0.9520 0.9519
35.5533 0.9520 0.9519
35.5713 0.9521 0.9520
35.5892 0.9521 0.9520
35.6072 0.9522 0.9521
35.6251 0.9522 0.9521
35.6430 0.9523 0.9522
35.6610 0.9523 0.9522
35.6789 0.9524 0.9523
35.6969 0.9525 0.9523
35.7148 0.9525 0.9524
35.7327 0.9526 0.9524
35.7507 0.9526 0.9525
35.7686 0.9527 0.9525
35.7865 0.9527 0.9526
35.8045 0.9528 0.9526
35.8224 0.9528 0.9527
35.8404 0.9529 0.9527
35.8583 0.9529 0.9528
