0.0000 0.0000 0.0000
0.0164 1.5705 1.7335
0.0329 3.1141 3.4347
0.0493 4.6052 5.0728
0.0657 6.0200 6.6192
0.0821 7.3375 8.0491
0.0986 8.5402 9.3419
0.1150 9.6148 10.4819
0.1314 10.5521 11.4590
0.1478 11.3472 12.2681
0.1643 11.9993 12.9092
0.1807 12.5114 13.3872
0.1971 12.8898 13.7108
0.2135 13.1436 13.8918
0.2300 13.2837 13.9449
0.2464 13.3227 13.8858
0.2628 13.2738 13.7316
0.2792 13.1504 13.4990
0.2957 12.9658 13.2044
0.3121 12.7324 12.8630
0.3285 12.4620 12.4889
0.3449 12.1648 12.0943
0.3614 11.8500 11.6896
0.3778 11.5254 11.2836
0.3942 11.1977 10.8833
0.4106 10.8720 10.4939
0.4271 10.5526 10.1194
0.4435 10.2426 9.7622
0.4599 9.9444 9.4240
0.4763 9.6594 9.1054
0.4928 9.3885 8.8060
0.5092 9.1322 8.5254
0.5256 8.8902 8.2625
0.5421 8.6623 8.0157
0.5585 8.4477 7.7838
0.5749 8.2457 7.5651
0.5913 8.0554 7.3580
0.6078 7.8758 7.1611
0.6242 7.7059 6.9729
0.6406 7.5447 6.7923
0.6570 7.3912 6.6181
0.6735 7.2447 6.4495
0.6899 7.1042 6.2857
0.7063 6.9690 6.1261
0.7227 6.8385 5.9704
0.7392 6.7120 5.8183
0.7556 6.5890 5.6696
0.7720 6.4691 5.5243
0.7884 6.3518 5.3825
0.8049 6.2366 5.2441
0.8213 6.1234 5.1095
0.8377 6.0118 4.9786
0.8541 5.9014 4.8517
0.8706 5.7922 4.7289
0.8870 5.6838 4.6104
0.9034 5.5763 4.4963
0.9198 5.4694 4.3867
0.9363 5.3631 4.2816
0.9527 5.2575 4.1810
0.9691 5.1525 4.0850
0.9855 5.0483 3.9935
1.0020 4.9450 3.9064
1.0184 4.8428 3.8237
1.0348 4.7419 3.7451
1.0513 4.6425 3.6707
1.0677 4.5449 3.6003
1.0841 4.4493 3.5337
1.1005 4.3561 3.4708
1.1170 4.2653 3.4114
1.1334 4.1774 3.3554
1.1498 4.0926 3.3027
1.1662 4.0110 3.2531
1.1827 3.9329 3.2066
1.1991 3.8584 3.1629
1.2155 3.7876 3.1221
1.2319 3.7207 3.0839
1.2484 3.6575 3.0482
1.2648 3.5983 3.0150
1.2812 3.5428 2.9841
1.2976 3.4911 2.9554
1.3141 3.4429 2.9288
1.3305 3.3983 2.9040
1.3469 3.3570 2.8809
1.3633 3.3187 2.8595
1.3798 3.2834 2.8394
1.3962 3.2508 2.8205
1.4126 3.2206 2.8027
1.4290 3.1925 2.7857
1.4455 3.1664 2.7694
1.4619 3.1420 2.7537
1.4783 3.1189 2.7383
1.4947 3.0970 2.7232
1.5112 3.0761 2.7081
1.5276 3.0558 2.6930
1.5440 3.0360 2.6778
1.5605 3.0165 2.6623
1.5769 2.9970 2.6466
1.5933 2.9775 2.6305
1.6097 2.9578 2.6140
1.6262 2.9377 2.5971
1.6426 2.9172 2.5798
1.6590 2.8961 2.5620
1.6754 2.8744 2.5439
1.6919 2.8521 2.5253
1.7083 2.8290 2.5063
1.7247 2.8053 2.4871
1.7411 2.7808 2.4675
1.7576 2.7556 2.4478
1.7740 2.7297 2.4279
1.7904 2.7032 2.4079
1.8068 2.6760 2.3880
1.8233 2.6483 2.3681
1.8397 2.6201 2.3484
1.8561 2.5916 2.3289
1.8725 2.5627 2.3098
1.8890 2.5335 2.2909
1.9054 2.5042 2.2725
1.9218 2.4748 2.2545
1.9382 2.4454 2.2370
1.9547 2.4161 2.2199
1.9711 2.3870 2.2031
1.9875 2.3581 2.1868
2.0039 2.3294 2.1708
2.0204 2.3010 2.1550
2.0368 2.2731 2.1394
2.0532 2.2455 2.1238
2.0697 2.2183 2.1083
2.0861 2.1915 2.0927
2.1025 2.1652 2.0769
2.1189 2.1393 2.0608
2.1354 2.1139 2.0445
2.1518 2.0890 2.0278
2.1682 2.0646 2.0108
2.1846 2.0407 1.9934
2.2011 2.0174 1.9756
2.2175 1.9945 1.9575
2.2339 1.9723 1.9391
2.2503 1.9506 1.9205
2.2668 1.9294 1.9018
2.2832 1.9088 1.8830
2.2996 1.8888 1.8642
2.3160 1.8694 1.8456
2.3325 1.8504 1.8273
2.3489 1.8319 1.8093
2.3653 1.8138 1.7916
2.3817 1.7960 1.7746
2.3982 1.7785 1.7580
2.4146 1.7612 1.7422
2.4310 1.7440 1.7270
2.4474 1.7268 1.7125
2.4639 1.7096 1.6988
2.4803 1.6923 1.6859
2.4967 1.6748 1.6736
2.5131 1.6572 1.6622
2.5296 1.6394 1.6514
2.5460 1.6214 1.6412
2.5624 1.6033 1.6317
2.5789 1.5851 1.6227
2.5953 1.5669 1.6142
2.6117 1.5487 1.6060
2.6281 1.5308 1.5982
2.6446 1.5131 1.5906
2.6610 1.4957 1.5832
2.6774 1.4788 1.5759
2.6938 1.4625 1.5686
2.7103 1.4468 1.5613
2.7267 1.4317 1.5540
2.7431 1.4174 1.5465
2.7595 1.4039 1.5390
2.7760 1.3911 1.5312
2.7924 1.3791 1.5233
2.8088 1.3678 1.5153
2.8252 1.3572 1.5071
2.8417 1.3474 1.4987
2.8581 1.3382 1.4903
2.8745 1.3296 1.4817
2.8909 1.3215 1.4730
2.9074 1.3139 1.4643
2.9238 1.3068 1.4555
2.9402 1.3000 1.4467
2.9566 1.2936 1.4378
2.9731 1.2876 1.4290
2.9895 1.2818 1.4201
3.0059 1.2762 1.4113
3.0223 1.2708 1.4024
3.0388 1.2655 1.3936
3.0552 1.2603 1.3847
3.0716 1.2552 1.3758
3.0881 1.2502 1.3669
3.1045 1.2451 1.3579
3.1209 1.2399 1.3489
3.1373 1.2347 1.3398
3.1538 1.2293 1.3307
3.1702 1.2238 1.3215
3.1866 1.2181 1.3122
3.2030 1.2122 1.3030
3.2195 1.2061 1.2937
3.2359 1.1998 1.2844
3.2523 1.1932 1.2752
3.2687 1.1864 1.2660
3.2852 1.1794 1.2569
3.3016 1.1722 1.2480
3.3180 1.1649 1.2392
3.3344 1.1574 1.2306
3.3509 1.1499 1.2222
3.3673 1.1423 1.2141
3.3837 1.1347 1.2061
3.4001 1.1272 1.1984
3.4166 1.1197 1.1908
3.4330 1.1122 1.1835
3.4494 1.1049 1.1763
3.4658 1.0977 1.1692
3.4823 1.0906 1.1623
3.4987 1.0836 1.1555
3.5151 1.0766 1.1488
3.5315 1.0698 1.1422
3.5480 1.0630 1.1356
3.5644 1.0562 1.1291
3.5808 1.0494 1.1227
3.5973 1.0425 1.1164
3.6137 1.0356 1.1101
3.6301 1.0285 1.1039
3.6465 1.0213 1.0978
3.6630 1.0140 1.0918
3.6794 1.0065 1.0859
3.6958 0.9989 1.0801
3.7122 0.9912 1.0744
3.7287 0.9833 1.0687
3.7451 0.9754 1.0631
3.7615 0.9674 1.0576
3.7779 0.9594 1.0520
3.7944 0.9515 1.0464
3.8108 0.9437 1.0408
3.8272 0.9359 1.0352
3.8436 0.9284 1.0294
3.8601 0.9211 1.0234
3.8765 0.9141 1.0174
3.8929 0.9073 1.0111
3.9093 0.9009 1.0047
3.9258 0.8949 0.9980
3.9422 0.8892 0.9912
3.9586 0.8839 0.9841
3.9750 0.8790 0.9769
3.9915 0.8744 0.9695
4.0079 0.8702 0.9619
4.0243 0.8663 0.9542
4.0407 0.8626 0.9465
4.0572 0.8592 0.9387
4.0736 0.8559 0.9309
4.0900 0.8528 0.9231
4.1065 0.8498 0.9154
4.1229 0.8469 0.9079
4.1393 0.8439 0.9005
4.1557 0.8409 0.8934
4.1722 0.8379 0.8865
4.1886 0.8348 0.8800
4.2050 0.8316 0.8738
4.2214 0.8282 0.8679
4.2379 0.8248 0.8625
4.2543 0.8212 0.8574
4.2707 0.8175 0.8527
4.2871 0.8137 0.8485
4.3036 0.8098 0.8446
4.3200 0.8057 0.8411
4.3364 0.8016 0.8380
4.3528 0.7975 0.8352
4.3693 0.7933 0.8326
4.3857 0.7891 0.8302
4.4021 0.7848 0.8280
4.4185 0.7806 0.8260
4.4350 0.7765 0.8239
4.4514 0.7724 0.8219
4.4678 0.7684 0.8198
4.4842 0.7644 0.8176
4.5007 0.7606 0.8153
4.5171 0.7569 0.8128
4.5335 0.7534 0.8102
4.5499 0.7500 0.8074
4.5664 0.7467 0.8045
4.5828 0.7436 0.8013
4.5992 0.7406 0.7981
4.6156 0.7377 0.7947
4.6321 0.7349 0.7913
4.6485 0.7323 0.7878
4.6649 0.7298 0.7843
4.6814 0.7274 0.7809
4.6978 0.7250 0.7775
4.7142 0.7227 0.7742
4.7306 0.7206 0.7710
4.7471 0.7184 0.7679
4.7635 0.7164 0.7650
4.7799 0.7144 0.7623
4.7963 0.7124 0.7596
4.8128 0.7105 0.7571
4.8292 0.7086 0.7548
4.8456 0.7068 0.7525
4.8620 0.7050 0.7504
4.8785 0.7032 0.7483
4.8949 0.7014 0.7462
4.9113 0.6997 0.7442
4.9277 0.6979 0.7422
4.9442 0.6962 0.7401
4.9606 0.6944 0.7380
4.9770 0.6926 0.7359
4.9934 0.6908 0.7338
5.0099 0.6890 0.7315
5.0263 0.6871 0.7292
5.0427 0.6851 0.7269
5.0591 0.6831 0.7245
5.0756 0.6811 0.7220
5.0920 0.6790 0.7195
5.1084 0.6770 0.7169
5.1248 0.6749 0.7144
5.1413 0.6728 0.7118
5.1577 0.6707 0.7092
5.1741 0.6687 0.7066
5.1906 0.6668 0.7040
5.2070 0.6648 0.7014
5.2234 0.6630 0.6989
5.2398 0.6612 0.6964
5.2563 0.6596 0.6939
5.2727 0.6579 0.6914
5.2891 0.6564 0.6890
5.3055 0.6550 0.6866
5.3220 0.6536 0.6842
5.3384 0.6522 0.6819
5.3548 0.6509 0.6796
5.3712 0.6496 0.6773
5.3877 0.6484 0.6750
5.4041 0.6471 0.6728
5.4205 0.6458 0.6706
5.4369 0.6445 0.6685
5.4534 0.6432 0.6664
5.4698 0.6419 0.6643
5.4862 0.6405 0.6623
5.5026 0.6391 0.6604
5.5191 0.6378 0.6585
5.5355 0.6363 0.6566
5.5519 0.6349 0.6548
5.5683 0.6336 0.6530
5.5848 0.6322 0.6513
5.6012 0.6309 0.6497
5.6176 0.6296 0.6480
5.6340 0.6284 0.6464
5.6505 0.6273 0.6448
5.6669 0.6263 0.6433
5.6833 0.6253 0.6417
5.6998 0.6245 0.6401
5.7162 0.6237 0.6384
5.7326 0.6230 0.6368
5.7490 0.6223 0.6351
5.7655 0.6218 0.6333
5.7819 0.6212 0.6316
5.7983 0.6207 0.6298
5.8147 0.6202 0.6279
5.8312 0.6197 0.6260
5.8476 0.6191 0.6241
5.8640 0.6185 0.6221
5.8804 0.6178 0.6202
5.8969 0.6169 0.6182
5.9133 0.6160 0.6163
5.9297 0.6148 0.6144
5.9461 0.6135 0.6125
5.9626 0.6121 0.6106
5.9790 0.6104 0.6088
5.9954 0.6086 0.6070
6.0118 0.6066 0.6053
6.0283 0.6044 0.6036
6.0447 0.6021 0.6020
6.0611 0.5997 0.6005
6.0775 0.5972 0.5990
6.0940 0.5946 0.5976
6.1104 0.5920 0.5962
6.1268 0.5893 0.5948
6.1432 0.5867 0.5935
6.1597 0.5841 0.5922
6.1761 0.5816 0.5909
6.1925 0.5791 0.5897
6.2090 0.5767 0.5884
6.2254 0.5745 0.5871
6.2418 0.5723 0.5859
6.2582 0.5703 0.5846
6.2747 0.5684 0.5833
6.2911 0.5666 0.5820
6.3075 0.5649 0.5807
6.3239 0.5633 0.5794
6.3404 0.5617 0.5781
6.3568 0.5603 0.5767
6.3732 0.5589 0.5754
6.3896 0.5576 0.5741
6.4061 0.5563 0.5728
6.4225 0.5550 0.5714
6.4389 0.5538 0.5701
6.4553 0.5526 0.5688
6.4718 0.5515 0.5675
6.4882 0.5503 0.5662
6.5046 0.5492 0.5649
6.5210 0.5481 0.5636
6.5375 0.5470 0.5624
6.5539 0.5460 0.5611
6.5703 0.5450 0.5598
6.5867 0.5441 0.5585
6.6032 0.5431 0.5572
6.6196 0.5423 0.5559
6.6360 0.5415 0.5546
6.6524 0.5407 0.5532
6.6689 0.5400 0.5519
6.6853 0.5393 0.5506
6.7017 0.5388 0.5492
6.7182 0.5382 0.5478
6.7346 0.5378 0.5465
6.7510 0.5373 0.5451
6.7674 0.5370 0.5437
6.7839 0.5367 0.5422
6.8003 0.5364 0.5408
6.8167 0.5362 0.5393
6.8331 0.5361 0.5379
6.8496 0.5359 0.5364
6.8660 0.5359 0.5349
6.8824 0.5359 0.5333
6.8988 0.5359 0.5318
6.9153 0.5359 0.5302
6.9317 0.5360 0.5286
6.9481 0.5362 0.5269
6.9645 0.5363 0.5252
6.9810 0.5366 0.5235
6.9974 0.5368 0.5218
7.0138 0.5371 0.5201
7.0302 0.5374 0.5183
7.0467 0.5378 0.5166
7.0631 0.5382 0.5148
7.0795 0.5386 0.5130
7.0959 0.5390 0.5113
7.1124 0.5394 0.5095
7.1288 0.5399 0.5078
7.1452 0.5403 0.5061
7.1616 0.5408 0.5045
7.1781 0.5413 0.5029
7.1945 0.5417 0.5014
7.2109 0.5421 0.4999
7.2274 0.5425 0.4985
7.2438 0.5428 0.4971
7.2602 0.5431 0.4958
7.2766 0.5434 0.4945
7.2931 0.5435 0.4934
7.3095 0.5436 0.4922
7.3259 0.5436 0.4912
7.3423 0.5436 0.4902
7.3588 0.5434 0.4892
7.3752 0.5431 0.4883
7.3916 0.5427 0.4874
7.4080 0.5422 0.4866
7.4245 0.5415 0.4858
7.4409 0.5407 0.4850
7.4573 0.5397 0.4842
7.4737 0.5386 0.4835
7.4902 0.5373 0.4827
7.5066 0.5359 0.4820
7.5230 0.5343 0.4812
7.5394 0.5326 0.4805
7.5559 0.5307 0.4797
7.5723 0.5287 0.4789
7.5887 0.5265 0.4781
7.6051 0.5243 0.4772
7.6216 0.5220 0.4763
7.6380 0.5196 0.4754
7.6544 0.5172 0.4744
7.6708 0.5148 0.4735
7.6873 0.5123 0.4724
7.7037 0.5099 0.4714
7.7201 0.5076 0.4704
7.7366 0.5053 0.4693
7.7530 0.5030 0.4683
7.7694 0.5009 0.4673
7.7858 0.4989 0.4663
7.8023 0.4970 0.4653
7.8187 0.4953 0.4644
7.8351 0.4937 0.4635
7.8515 0.4922 0.4626
7.8680 0.4908 0.4619
7.8844 0.4896 0.4611
7.9008 0.4885 0.4605
7.9172 0.4875 0.4598
7.9337 0.4866 0.4593
7.9501 0.4857 0.4587
7.9665 0.4849 0.4583
7.9829 0.4842 0.4578
7.9994 0.4834 0.4574
8.0158 0.4827 0.4570
8.0322 0.4819 0.4565
8.0486 0.4812 0.4561
8.0651 0.4804 0.4557
8.0815 0.4796 0.4553
8.0979 0.4787 0.4548
8.1143 0.4778 0.4543
8.1308 0.4769 0.4538
8.1472 0.4760 0.4532
8.1636 0.4751 0.4526
8.1800 0.4741 0.4519
8.1965 0.4732 0.4512
8.2129 0.4722 0.4504
8.2293 0.4712 0.4496
8.2458 0.4703 0.4486
8.2622 0.4694 0.4477
8.2786 0.4685 0.4467
8.2950 0.4676 0.4456
8.3115 0.4667 0.4445
8.3279 0.4659 0.4433
8.3443 0.4650 0.4421
8.3607 0.4642 0.4409
8.3772 0.4634 0.4397
8.3936 0.4625 0.4384
8.4100 0.4617 0.4371
8.4264 0.4609 0.4358
8.4429 0.4600 0.4345
8.4593 0.4591 0.4332
8.4757 0.4582 0.4319
8.4921 0.4572 0.4306
8.5086 0.4562 0.4293
8.5250 0.4552 0.4280
8.5414 0.4541 0.4268
8.5578 0.4529 0.4255
8.5743 0.4516 0.4243
8.5907 0.4503 0.4231
8.6071 0.4490 0.4220
8.6235 0.4476 0.4208
8.6400 0.4461 0.4197
8.6564 0.4446 0.4185
8.6728 0.4430 0.4174
8.6892 0.4415 0.4164
8.7057 0.4399 0.4153
8.7221 0.4383 0.4142
8.7385 0.4368 0.4132
8.7550 0.4353 0.4122
8.7714 0.4339 0.4111
8.7878 0.4325 0.4101
8.8042 0.4312 0.4091
8.8207 0.4299 0.4081
8.8371 0.4288 0.4071
8.8535 0.4277 0.4061
8.8699 0.4268 0.4051
8.8864 0.4259 0.4041
8.9028 0.4250 0.4031
8.9192 0.4243 0.4021
8.9356 0.4236 0.4011
8.9521 0.4230 0.4000
8.9685 0.4223 0.3990
8.9849 0.4217 0.3979
9.0013 0.4211 0.3968
9.0178 0.4205 0.3957
9.0342 0.4198 0.3946
9.0506 0.4191 0.3934
9.0670 0.4184 0.3922
9.0835 0.4176 0.3910
9.0999 0.4167 0.3897
9.1163 0.4157 0.3885
9.1327 0.4147 0.3872
9.1492 0.4136 0.3859
9.1656 0.4124 0.3845
9.1820 0.4111 0.3832
9.1984 0.4098 0.3818
9.2149 0.4084 0.3805
9.2313 0.4070 0.3791
9.2477 0.4055 0.3778
9.2642 0.4039 0.3764
9.2806 0.4024 0.3751
9.2970 0.4008 0.3738
9.3134 0.3992 0.3726
9.3299 0.3975 0.3714
9.3463 0.3959 0.3702
9.3627 0.3943 0.3691
9.3791 0.3927 0.3681
9.3956 0.3911 0.3672
9.4120 0.3895 0.3663
9.4284 0.3879 0.3655
9.4448 0.3864 0.3648
9.4613 0.3850 0.3641
9.4777 0.3835 0.3636
9.4941 0.3822 0.3632
9.5105 0.3809 0.3628
9.5270 0.3796 0.3626
9.5434 0.3784 0.3624
9.5598 0.3773 0.3623
9.5762 0.3763 0.3623
9.5927 0.3753 0.3623
9.6091 0.3744 0.3624
9.6255 0.3736 0.3626
9.6419 0.3729 0.3627
9.6584 0.3722 0.3630
9.6748 0.3716 0.3632
9.6912 0.3711 0.3634
9.7076 0.3706 0.3637
9.7241 0.3702 0.3639
9.7405 0.3698 0.3641
9.7569 0.3694 0.3642
9.7734 0.3691 0.3643
9.7898 0.3687 0.3644
9.8062 0.3684 0.3644
9.8226 0.3680 0.3644
9.8391 0.3677 0.3643
9.8555 0.3672 0.3642
9.8719 0.3668 0.3640
9.8883 0.3663 0.3637
9.9048 0.3657 0.3634
9.9212 0.3651 0.3630
9.9376 0.3643 0.3626
9.9540 0.3635 0.3621
9.9705 0.3627 0.3616
9.9869 0.3617 0.3610
10.0033 0.3607 0.3604
10.0197 0.3596 0.3598
10.0362 0.3584 0.3592
10.0526 0.3571 0.3585
10.0690 0.3558 0.3578
10.0854 0.3544 0.3571
10.1019 0.3529 0.3564
10.1183 0.3514 0.3557
10.1347 0.3499 0.3550
10.1511 0.3483 0.3543
10.1676 0.3468 0.3537
10.1840 0.3452 0.3530
10.2004 0.3437 0.3524
10.2168 0.3422 0.3517
10.2333 0.3407 0.3511
10.2497 0.3393 0.3506
10.2661 0.3379 0.3500
10.2826 0.3366 0.3495
10.2990 0.3355 0.3490
10.3154 0.3344 0.3485
10.3318 0.3333 0.3481
10.3483 0.3324 0.3477
10.3647 0.3316 0.3473
10.3811 0.3309 0.3469
10.3975 0.3302 0.3465
10.4140 0.3297 0.3461
10.4304 0.3291 0.3458
10.4468 0.3287 0.3454
10.4632 0.3283 0.3451
10.4797 0.3279 0.3447
10.4961 0.3276 0.3444
10.5125 0.3273 0.3440
10.5289 0.3269 0.3437
10.5454 0.3266 0.3433
10.5618 0.3262 0.3430
10.5782 0.3259 0.3426
10.5946 0.3254 0.3423
10.6111 0.3250 0.3419
10.6275 0.3245 0.3416
10.6439 0.3239 0.3413
10.6603 0.3234 0.3410
10.6768 0.3227 0.3407
10.6932 0.3221 0.3404
10.7096 0.3213 0.3401
10.7260 0.3206 0.3398
10.7425 0.3198 0.3395
10.7589 0.3190 0.3392
10.7753 0.3182 0.3389
10.7918 0.3174 0.3385
10.8082 0.3165 0.3382
10.8246 0.3156 0.3378
10.8410 0.3148 0.3374
10.8575 0.3139 0.3369
10.8739 0.3130 0.3364
10.8903 0.3122 0.3358
10.9067 0.3113 0.3351
10.9232 0.3104 0.3343
10.9396 0.3096 0.3335
10.9560 0.3087 0.3326
10.9724 0.3078 0.3317
10.9889 0.3069 0.3306
11.0053 0.3059 0.3295
11.0217 0.3050 0.3284
11.0381 0.3040 0.3272
11.0546 0.3031 0.3259
11.0710 0.3021 0.3247
11.0874 0.3011 0.3234
11.1038 0.3001 0.3221
11.1203 0.2990 0.3208
11.1367 0.2980 0.3194
11.1531 0.2969 0.3181
11.1695 0.2958 0.3168
11.1860 0.2948 0.3156
11.2024 0.2937 0.3143
11.2188 0.2926 0.3131
11.2352 0.2915 0.3119
11.2517 0.2903 0.3107
11.2681 0.2892 0.3096
11.2845 0.2881 0.3085
11.3010 0.2869 0.3075
11.3174 0.2858 0.3065
11.3338 0.2847 0.3055
11.3502 0.2835 0.3046
11.3667 0.2824 0.3038
11.3831 0.2813 0.3031
11.3995 0.2801 0.3024
11.4159 0.2790 0.3017
11.4324 0.2779 0.3012
11.4488 0.2769 0.3007
11.4652 0.2758 0.3002
11.4816 0.2748 0.2999
11.4981 0.2738 0.2996
11.5145 0.2729 0.2993
11.5309 0.2720 0.2991
11.5473 0.2711 0.2990
11.5638 0.2702 0.2988
11.5802 0.2694 0.2987
11.5966 0.2686 0.2986
11.6130 0.2678 0.2985
11.6295 0.2670 0.2984
11.6459 0.2663 0.2983
11.6623 0.2655 0.2981
11.6787 0.2648 0.2979
11.6952 0.2641 0.2976
11.7116 0.2634 0.2973
11.7280 0.2626 0.2968
11.7444 0.2619 0.2963
11.7609 0.2611 0.2958
11.7773 0.2604 0.2951
11.7937 0.2596 0.2943
11.8102 0.2588 0.2935
11.8266 0.2579 0.2925
11.8430 0.2571 0.2915
11.8594 0.2562 0.2904
11.8759 0.2552 0.2892
11.8923 0.2543 0.2880
11.9087 0.2533 0.2867
11.9251 0.2522 0.2854
11.9416 0.2511 0.2840
11.9580 0.2500 0.2827
11.9744 0.2488 0.2813
11.9908 0.2476 0.2799
12.0073 0.2464 0.2785
12.0237 0.2451 0.2772
12.0401 0.2437 0.2758
12.0565 0.2424 0.2745
12.0730 0.2409 0.2733
12.0894 0.2395 0.2720
12.1058 0.2380 0.2708
12.1222 0.2365 0.2696
12.1387 0.2350 0.2684
12.1551 0.2335 0.2672
12.1715 0.2320 0.2661
12.1879 0.2304 0.2649
12.2044 0.2289 0.2638
12.2208 0.2274 0.2626
12.2372 0.2259 0.2615
12.2536 0.2244 0.2603
12.2701 0.2229 0.2591
12.2865 0.2214 0.2579
12.3029 0.2200 0.2567
12.3194 0.2186 0.2554
12.3358 0.2172 0.2542
12.3522 0.2159 0.2529
12.3686 0.2146 0.2516
12.3851 0.2133 0.2503
12.4015 0.2120 0.2490
12.4179 0.2108 0.2477
12.4343 0.2095 0.2464
12.4508 0.2083 0.2450
12.4672 0.2071 0.2437
12.4836 0.2060 0.2423
12.5000 0.2048 0.2409
12.5165 0.2036 0.2396
12.5329 0.2025 0.2381
12.5493 0.2014 0.2367
12.5657 0.2003 0.2353
12.5822 0.1992 0.2338
12.5986 0.1981 0.2323
12.6150 0.1970 0.2308
12.6314 0.1959 0.2292
12.6479 0.1948 0.2276
12.6643 0.1938 0.2260
12.6807 0.1927 0.2244
12.6971 0.1917 0.2228
12.7136 0.1906 0.2211
12.7300 0.1895 0.2194
12.7464 0.1885 0.2178
12.7628 0.1874 0.2161
12.7793 0.1863 0.2144
12.7957 0.1852 0.2127
12.8121 0.1842 0.2111
12.8286 0.1831 0.2094
12.8450 0.1820 0.2078
12.8614 0.1809 0.2062
12.8778 0.1798 0.2046
12.8943 0.1787 0.2030
12.9107 0.1776 0.2015
12.9271 0.1765 0.1999
12.9435 0.1754 0.1984
12.9600 0.1743 0.1970
12.9764 0.1732 0.1955
12.9928 0.1721 0.1941
13.0092 0.1710 0.1926
13.0257 0.1699 0.1912
13.0421 0.1688 0.1898
13.0585 0.1677 0.1884
13.0749 0.1666 0.1871
13.0914 0.1654 0.1857
13.1078 0.1643 0.1844
13.1242 0.1632 0.1830
13.1406 0.1620 0.1817
13.1571 0.1609 0.1803
13.1735 0.1597 0.1790
13.1899 0.1585 0.1777
13.2063 0.1574 0.1763
13.2228 0.1562 0.1750
13.2392 0.1550 0.1736
13.2556 0.1538 0.1722
13.2720 0.1526 0.1708
13.2885 0.1515 0.1694
13.3049 0.1503 0.1680
13.3213 0.1491 0.1666
13.3378 0.1480 0.1651
13.3542 0.1469 0.1637
13.3706 0.1457 0.1622
13.3870 0.1446 0.1607
13.4035 0.1435 0.1591
13.4199 0.1424 0.1576
13.4363 0.1413 0.1561
13.4527 0.1403 0.1545
13.4692 0.1392 0.1530
13.4856 0.1381 0.1515
13.5020 0.1371 0.1500
13.5184 0.1360 0.1485
13.5349 0.1350 0.1470
13.5513 0.1340 0.1455
13.5677 0.1329 0.1441
13.5841 0.1319 0.1427
13.6006 0.1309 0.1413
13.6170 0.1299 0.1400
13.6334 0.1289 0.1387
13.6498 0.1279 0.1374
13.6663 0.1269 0.1362
13.6827 0.1259 0.1350
13.6991 0.1249 0.1338
13.7155 0.1240 0.1326
13.7320 0.1230 0.1315
13.7484 0.1220 0.1304
13.7648 0.1210 0.1293
13.7812 0.1200 0.1282
13.7977 0.1191 0.1271
13.8141 0.1181 0.1261
13.8305 0.1171 0.1250
13.8469 0.1161 0.1240
13.8634 0.1151 0.1230
13.8798 0.1141 0.1219
13.8962 0.1131 0.1209
13.9127 0.1121 0.1199
13.9291 0.1111 0.1188
13.9455 0.1100 0.1178
13.9619 0.1090 0.1167
13.9784 0.1080 0.1157
13.9948 0.1069 0.1146
14.0112 0.1059 0.1136
14.0276 0.1048 0.1125
14.0441 0.1037 0.1114
14.0605 0.1027 0.1103
14.0769 0.1016 0.1092
14.0933 0.1006 0.1081
14.1098 0.0996 0.1070
14.1262 0.0985 0.1059
14.1426 0.0975 0.1047
14.1590 0.0965 0.1036
14.1755 0.0956 0.1025
14.1919 0.0946 0.1014
14.2083 0.0937 0.1003
14.2247 0.0927 0.0993
14.2412 0.0918 0.0982
14.2576 0.0910 0.0971
14.2740 0.0901 0.0961
14.2904 0.0893 0.0951
14.3069 0.0884 0.0940
14.3233 0.0876 0.0930
14.3397 0.0868 0.0921
14.3561 0.0860 0.0911
14.3726 0.0853 0.0901
14.3890 0.0845 0.0892
14.4054 0.0837 0.0882
14.4219 0.0830 0.0873
14.4383 0.0822 0.0864
14.4547 0.0814 0.0854
14.4711 0.0807 0.0845
14.4876 0.0799 0.0836
14.5040 0.0791 0.0827
14.5204 0.0784 0.0819
14.5368 0.0776 0.0810
14.5533 0.0768 0.0801
14.5697 0.0760 0.0792
14.5861 0.0752 0.0784
14.6025 0.0745 0.0775
14.6190 0.0737 0.0767
14.6354 0.0729 0.0759
14.6518 0.0721 0.0750
14.6682 0.0713 0.0742
14.6847 0.0705 0.0734
14.7011 0.0697 0.0726
14.7175 0.0689 0.0718
14.7339 0.0681 0.0710
14.7504 0.0674 0.0702
14.7668 0.0666 0.0694
14.7832 0.0658 0.0686
14.7996 0.0650 0.0679
14.8161 0.0643 0.0671
14.8325 0.0635 0.0663
14.8489 0.0628 0.0655
14.8653 0.0620 0.0648
14.8818 0.0613 0.0640
14.8982 0.0606 0.0632
14.9146 0.0599 0.0625
14.9311 0.0592 0.0617
14.9475 0.0585 0.0610
14.9639 0.0578 0.0603
14.9803 0.0572 0.0595
14.9968 0.0565 0.0588
15.0132 0.0559 0.0581
15.0296 0.0552 0.0574
15.0460 0.0546 0.0567
15.0625 0.0540 0.0560
15.0789 0.0534 0.0553
15.0953 0.0528 0.0547
15.1117 0.0522 0.0540
15.1282 0.0516 0.0534
15.1446 0.0510 0.0527
15.1610 0.0504 0.0521
15.1774 0.0499 0.0515
15.1939 0.0493 0.0510
15.2103 0.0487 0.0504
15.2267 0.0482 0.0498
15.2431 0.0476 0.0493
15.2596 0.0471 0.0488
15.2760 0.0465 0.0483
15.2924 0.0460 0.0478
15.3088 0.0454 0.0473
15.3253 0.0449 0.0468
15.3417 0.0444 0.0463
15.3581 0.0438 0.0458
15.3745 0.0433 0.0453
15.3910 0.0428 0.0449
15.4074 0.0423 0.0444
15.4238 0.0418 0.0440
15.4403 0.0413 0.0435
15.4567 0.0408 0.0431
15.4731 0.0403 0.0427
15.4895 0.0399 0.0422
15.5060 0.0394 0.0418
15.5224 0.0390 0.0414
15.5388 0.0385 0.0410
15.5552 0.0381 0.0405
15.5717 0.0377 0.0401
15.5881 0.0373 0.0397
15.6045 0.0369 0.0393
15.6209 0.0365 0.0389
15.6374 0.0361 0.0385
15.6538 0.0357 0.0381
15.6702 0.0353 0.0377
15.6866 0.0350 0.0373
15.7031 0.0346 0.0369
15.7195 0.0343 0.0365
15.7359 0.0339 0.0362
15.7523 0.0336 0.0358
15.7688 0.0333 0.0354
15.7852 0.0330 0.0350
15.8016 0.0326 0.0347
15.8180 0.0323 0.0343
15.8345 0.0320 0.0339
15.8509 0.0317 0.0336
15.8673 0.0314 0.0332
15.8837 0.0311 0.0328
15.9002 0.0308 0.0325
15.9166 0.0306 0.0321
15.9330 0.0303 0.0318
15.9495 0.0300 0.0314
15.9659 0.0297 0.0311
15.9823 0.0294 0.0307
15.9987 0.0292 0.0304
16.0152 0.0289 0.0300
16.0316 0.0286 0.0297
16.0480 0.0284 0.0293
16.0644 0.0281 0.0290
16.0809 0.0278 0.0287
16.0973 0.0276 0.0283
16.1137 0.0273 0.0280
16.1301 0.0271 0.0277
16.1466 0.0268 0.0274
16.1630 0.0266 0.0271
16.1794 0.0264 0.0268
16.1958 0.0261 0.0265
16.2123 0.0259 0.0262
16.2287 0.0257 0.0260
16.2451 0.0254 0.0257
16.2615 0.0252 0.0254
16.2780 0.0250 0.0252
16.2944 0.0248 0.0250
16.3108 0.0246 0.0247
16.3272 0.0243 0.0245
16.3437 0.0241 0.0243
16.3601 0.0239 0.0241
16.3765 0.0237 0.0239
16.3929 0.0235 0.0237
16.4094 0.0233 0.0235
16.4258 0.0230 0.0233
16.4422 0.0228 0.0231
16.4587 0.0226 0.0229
16.4751 0.0224 0.0227
16.4915 0.0222 0.0225
16.5079 0.0220 0.0223
16.5244 0.0218 0.0221
16.5408 0.0216 0.0219
16.5572 0.0214 0.0217
16.5736 0.0212 0.0215
16.5901 0.0210 0.0213
16.6065 0.0208 0.0211
16.6229 0.0206 0.0209
16.6393 0.0204 0.0207
16.6558 0.0202 0.0205
16.6722 0.0200 0.0203
16.6886 0.0199 0.0201
16.7050 0.0197 0.0199
16.7215 0.0195 0.0197
16.7379 0.0193 0.0195
16.7543 0.0191 0.0193
16.7707 0.0189 0.0191
16.7872 0.0187 0.0189
16.8036 0.0186 0.0187
16.8200 0.0184 0.0185
16.8364 0.0182 0.0184
16.8529 0.0180 0.0182
16.8693 0.0178 0.0180
16.8857 0.0177 0.0178
16.9021 0.0175 0.0177
16.9186 0.0173 0.0175
16.9350 0.0171 0.0173
16.9514 0.0170 0.0172
16.9679 0.0168 0.0170
16.9843 0.0167 0.0169
17.0007 0.0165 0.0167
17.0171 0.0163 0.0166
17.0336 0.0162 0.0164
17.0500 0.0160 0.0163
17.0664 0.0159 0.0161
17.0828 0.0157 0.0160
17.0993 0.0156 0.0159
17.1157 0.0154 0.0157
17.1321 0.0153 0.0156
17.1485 0.0152 0.0155
17.1650 0.0150 0.0153
17.1814 0.0149 0.0152
17.1978 0.0148 0.0151
17.2142 0.0146 0.0149
17.2307 0.0145 0.0148
17.2471 0.0144 0.0147
17.2635 0.0142 0.0146
17.2799 0.0141 0.0144
17.2964 0.0140 0.0143
17.3128 0.0139 0.0142
17.3292 0.0137 0.0141
17.3456 0.0136 0.0139
17.3621 0.0135 0.0138
17.3785 0.0134 0.0137
17.3949 0.0133 0.0135
17.4113 0.0132 0.0134
17.4278 0.0131 0.0133
17.4442 0.0129 0.0132
17.4606 0.0128 0.0130
17.4771 0.0127 0.0129
17.4935 0.0126 0.0128
17.5099 0.0125 0.0127
17.5263 0.0124 0.0126
17.5428 0.0123 0.0125
17.5592 0.0122 0.0124
17.5756 0.0121 0.0122
17.5920 0.0120 0.0121
17.6085 0.0119 0.0120
17.6249 0.0118 0.0119
17.6413 0.0117 0.0118
17.6577 0.0116 0.0117
17.6742 0.0115 0.0116
17.6906 0.0114 0.0115
17.7070 0.0113 0.0114
17.7234 0.0112 0.0113
17.7399 0.0110 0.0112
17.7563 0.0109 0.0112
17.7727 0.0108 0.0111
17.7891 0.0107 0.0110
17.8056 0.0106 0.0109
17.8220 0.0106 0.0108
17.8384 0.0105 0.0107
17.8548 0.0104 0.0106
17.8713 0.0103 0.0105
17.8877 0.0102 0.0104
17.9041 0.0101 0.0103
17.9205 0.0100 0.0102
17.9370 0.0099 0.0102
17.9534 0.0099 0.0101
17.9698 0.0098 0.0100
17.9863 0.0097 0.0099
18.0027 0.0096 0.0098
18.0191 0.0096 0.0098
18.0355 0.0095 0.0097
18.0520 0.0094 0.0096
18.0684 0.0093 0.0095
18.0848 0.0092 0.0095
18.1012 0.0092 0.0094
18.1177 0.0091 0.0093
18.1341 0.0090 0.0092
18.1505 0.0089 0.0092
18.1669 0.0089 0.0091
18.1834 0.0088 0.0090
18.1998 0.0087 0.0090
18.2162 0.0086 0.0089
18.2326 0.0086 0.0088
18.2491 0.0085 0.0088
18.2655 0.0084 0.0087
18.2819 0.0084 0.0087
18.2983 0.0083 0.0086
18.3148 0.0082 0.0085
18.3312 0.0082 0.0085
18.3476 0.0081 0.0084
18.3640 0.0080 0.0084
18.3805 0.0080 0.0083
18.3969 0.0079 0.0082
18.4133 0.0079 0.0082
18.4297 0.0078 0.0081
18.4462 0.0078 0.0081
18.4626 0.0077 0.0080
18.4790 0.0077 0.0080
18.4955 0.0076 0.0079
18.5119 0.0076 0.0078
18.5283 0.0075 0.0078
18.5447 0.0075 0.0077
18.5612 0.0074 0.0077
18.5776 0.0074 0.0076
18.5940 0.0073 0.0076
18.6104 0.0073 0.0075
18.6269 0.0072 0.0074
18.6433 0.0072 0.0074
18.6597 0.0071 0.0073
18.6761 0.0071 0.0073
18.6926 0.0070 0.0072
18.7090 0.0070 0.0072
18.7254 0.0069 0.0071
18.7418 0.0069 0.0070
18.7583 0.0068 0.0070
18.7747 0.0068 0.0069
18.7911 0.0067 0.0069
18.8075 0.0066 0.0068
18.8240 0.0066 0.0067
18.8404 0.0065 0.0067
18.8568 0.0065 0.0066
18.8732 0.0064 0.0066
18.8897 0.0064 0.0065
18.9061 0.0063 0.0064
18.9225 0.0063 0.0064
18.9389 0.0062 0.0063
18.9554 0.0062 0.0063
18.9718 0.0061 0.0062
18.9882 0.0061 0.0062
19.0047 0.0060 0.0061
19.0211 0.0060 0.0061
19.0375 0.0059 0.0060
19.0539 0.0059 0.0059
19.0704 0.0058 0.0059
19.0868 0.0058 0.0058
19.1032 0.0058 0.0058
19.1196 0.0057 0.0057
19.1361 0.0057 0.0057
19.1525 0.0056 0.0056
19.1689 0.0056 0.0056
19.1853 0.0056 0.0056
19.2018 0.0055 0.0055
19.2182 0.0055 0.0055
19.2346 0.0055 0.0054
19.2510 0.0054 0.0054
19.2675 0.0054 0.0053
19.2839 0.0054 0.0053
19.3003 0.0053 0.0053
19.3167 0.0053 0.0052
19.3332 0.0053 0.0052
19.3496 0.0052 0.0051
19.3660 0.0052 0.0051
19.3824 0.0052 0.0051
19.3989 0.0052 0.0050
19.4153 0.0051 0.0050
19.4317 0.0051 0.0050
19.4481 0.0051 0.0049
19.4646 0.0050 0.0049
19.4810 0.0050 0.0048
19.4974 0.0050 0.0048
19.5139 0.0049 0.0048
19.5303 0.0049 0.0047
19.5467 0.0049 0.0047
19.5631 0.0048 0.0047
19.5796 0.0048 0.0046
19.5960 0.0048 0.0046
19.6124 0.0047 0.0045
19.6288 0.0047 0.0045
19.6453 0.0047 0.0045
19.6617 0.0046 0.0044
19.6781 0.0046 0.0044
19.6945 0.0046 0.0044
19.7110 0.0046 0.0043
19.7274 0.0045 0.0043
19.7438 0.0045 0.0043
19.7602 0.0045 0.0042
19.7767 0.0044 0.0042
19.7931 0.0044 0.0042
19.8095 0.0044 0.0041
19.8259 0.0043 0.0041
19.8424 0.0043 0.0041
19.8588 0.0043 0.0041
19.8752 0.0043 0.0040
19.8916 0.0042 0.0040
19.9081 0.0042 0.0040
19.9245 0.0042 0.0040
19.9409 0.0041 0.0039
19.9573 0.0041 0.0039
19.9738 0.0041 0.0039
19.9902 0.0041 0.0039
20.0066 0.0040 0.0038
20.0231 0.0040 0.0038
20.0395 0.0040 0.0038
20.0559 0.0039 0.0038
20.0723 0.0039 0.0037
20.0888 0.0039 0.0037
20.1052 0.0039 0.0037
20.1216 0.0038 0.0037
20.1380 0.0038 0.0036
20.1545 0.0038 0.0036
20.1709 0.0037 0.0036
20.1873 0.0037 0.0036
20.2037 0.0037 0.0035
20.2202 0.0037 0.0035
20.2366 0.0036 0.0035
20.2530 0.0036 0.0035
20.2694 0.0036 0.0034
20.2859 0.0036 0.0034
20.3023 0.0036 0.0034
20.3187 0.0035 0.0034
20.3351 0.0035 0.0033
20.3516 0.0035 0.0033
20.3680 0.0035 0.0033
20.3844 0.0035 0.0033
20.4008 0.0034 0.0033
20.4173 0.0034 0.0032
20.4337 0.0034 0.0032
20.4501 0.0034 0.0032
20.4665 0.0034 0.0032
20.4830 0.0034 0.0032
20.4994 0.0033 0.0031
20.5158 0.0033 0.0031
20.5323 0.0033 0.0031
20.5487 0.0033 0.0031
20.5651 0.0033 0.0031
20.5815 0.0033 0.0030
20.5980 0.0032 0.0030
20.6144 0.0032 0.0030
20.6308 0.0032 0.0030
20.6472 0.0032 0.0030
20.6637 0.0032 0.0030
20.6801 0.0031 0.0029
20.6965 0.0031 0.0029
20.7129 0.0031 0.0029
20.7294 0.0031 0.0029
20.7458 0.0031 0.0029
20.7622 0.0030 0.0029
20.7786 0.0030 0.0028
20.7951 0.0030 0.0028
20.8115 0.0030 0.0028
20.8279 0.0030 0.0028
20.8443 0.0029 0.0028
20.8608 0.0029 0.0027
20.8772 0.0029 0.0027
20.8936 0.0029 0.0027
20.9100 0.0029 0.0027
20.9265 0.0028 0.0027
20.9429 0.0028 0.0027
20.9593 0.0028 0.0026
20.9757 0.0028 0.0026
20.9922 0.0028 0.0026
21.0086 0.0027 0.0026
21.0250 0.0027 0.0026
21.0415 0.0027 0.0026
21.0579 0.0027 0.0025
21.0743 0.0027 0.0025
21.0907 0.0027 0.0025
21.1072 0.0026 0.0025
21.1236 0.0026 0.0025
21.1400 0.0026 0.0025
21.1564 0.0026 0.0025
21.1729 0.0026 0.0024
21.1893 0.0026 0.0024
21.2057 0.0026 0.0024
21.2221 0.0025 0.0024
21.2386 0.0025 0.0024
21.2550 0.0025 0.0024
21.2714 0.0025 0.0024
21.2878 0.0025 0.0024
21.3043 0.0025 0.0023
21.3207 0.0025 0.0023
21.3371 0.0024 0.0023
21.3535 0.0024 0.0023
21.3700 0.0024 0.0023
21.3864 0.0024 0.0023
21.4028 0.0024 0.0023
21.4192 0.0024 0.0022
21.4357 0.0024 0.0022
21.4521 0.0023 0.0022
21.4685 0.0023 0.0022
21.4849 0.0023 0.0022
21.5014 0.0023 0.0022
21.5178 0.0023 0.0022
21.5342 0.0023 0.0022
21.5507 0.0023 0.0021
21.5671 0.0022 0.0021
21.5835 0.0022 0.0021
21.5999 0.0022 0.0021
21.6164 0.0022 0.0021
21.6328 0.0022 0.0021
21.6492 0.0022 0.0021
21.6656 0.0022 0.0021
21.6821 0.0022 0.0021
21.6985 0.0021 0.0021
21.7149 0.0021 0.0021
21.7313 0.0021 0.0020
21.7478 0.0021 0.0020
21.7642 0.0021 0.0020
21.7806 0.0021 0.0020
21.7970 0.0021 0.0020
21.8135 0.0021 0.0020
21.8299 0.0021 0.0020
21.8463 0.0020 0.0020
21.8627 0.0020 0.0020
21.8792 0.0020 0.0020
21.8956 0.0020 0.0020
21.9120 0.0020 0.0020
21.9284 0.0020 0.0020
21.9449 0.0020 0.0020
21.9613 0.0020 0.0019
21.9777 0.0020 0.0019
21.9941 0.0019 0.0019
22.0106 0.0019 0.0019
22.0270 0.0019 0.0019
22.0434 0.0019 0.0019
22.0599 0.0019 0.0019
22.0763 0.0019 0.0019
22.0927 0.0019 0.0019
22.1091 0.0019 0.0019
22.1256 0.0019 0.0019
22.1420 0.0018 0.0019
22.1584 0.0018 0.0019
22.1748 0.0018 0.0018
22.1913 0.0018 0.0018
22.2077 0.0018 0.0018
22.2241 0.0018 0.0018
22.2405 0.0018 0.0018
22.2570 0.0018 0.0018
22.2734 0.0018 0.0018
22.2898 0.0018 0.0018
22.3062 0.0018 0.0018
22.3227 0.0017 0.0018
22.3391 0.0017 0.0018
22.3555 0.0017 0.0018
22.3719 0.0017 0.0018
22.3884 0.0017 0.0017
22.4048 0.0017 0.0017
22.4212 0.0017 0.0017
22.4376 0.0017 0.0017
22.4541 0.0017 0.0017
22.4705 0.0017 0.0017
22.4869 0.0017 0.0017
22.5033 0.0017 0.0017
22.5198 0.0016 0.0017
22.5362 0.0016 0.0017
22.5526 0.0016 0.0017
22.5691 0.0016 0.0017
22.5855 0.0016 0.0017
22.6019 0.0016 0.0017
22.6183 0.0016 0.0017
22.6348 0.0016 0.0016
22.6512 0.0016 0.0016
22.6676 0.0016 0.0016
22.6840 0.0016 0.0016
22.7005 0.0016 0.0016
22.7169 0.0016 0.0016
22.7333 0.0016 0.0016
22.7497 0.0016 0.0016
22.7662 0.0016 0.0016
22.7826 0.0015 0.0016
22.7990 0.0015 0.0016
22.8154 0.0015 0.0016
22.8319 0.0015 0.0016
22.8483 0.0015 0.0016
22.8647 0.0015 0.0016
22.8811 0.0015 0.0016
22.8976 0.0015 0.0016
22.9140 0.0015 0.0016
22.9304 0.0015 0.0016
22.9468 0.0015 0.0016
22.9633 0.0015 0.0015
22.9797 0.0015 0.0015
22.9961 0.0015 0.0015
23.0125 0.0015 0.0015
23.0290 0.0015 0.0015
23.0454 0.0015 0.0015
23.0618 0.0015 0.0015
23.0782 0.0015 0.0015
23.0947 0.0015 0.0015
23.1111 0.0015 0.0015
23.1275 0.0014 0.0015
23.1440 0.0014 0.0015
23.1604 0.0014 0.0015
23.1768 0.0014 0.0015
23.1932 0.0014 0.0015
23.2097 0.0014 0.0015
23.2261 0.0014 0.0015
23.2425 0.0014 0.0015
23.2589 0.0014 0.0015
23.2754 0.0014 0.0015
23.2918 0.0014 0.0015
23.3082 0.0014 0.0014
23.3246 0.0014 0.0014
23.3411 0.0014 0.0014
23.3575 0.0014 0.0014
23.3739 0.0014 0.0014
23.3903 0.0014 0.0014
23.4068 0.0014 0.0014
23.4232 0.0014 0.0014
23.4396 0.0014 0.0014
23.4560 0.0014 0.0014
23.4725 0.0013 0.0014
23.4889 0.0013 0.0014
23.5053 0.0013 0.0014
23.5217 0.0013 0.0014
23.5382 0.0013 0.0014
23.5546 0.0013 0.0014
23.5710 0.0013 0.0014
23.5874 0.0013 0.0014
23.6039 0.0013 0.0013
23.6203 0.0013 0.0013
23.6367 0.0013 0.0013
23.6532 0.0013 0.0013
23.6696 0.0013 0.0013
23.6860 0.0013 0.0013
23.7024 0.0013 0.0013
23.7189 0.0013 0.0013
23.7353 0.0013 0.0013
23.7517 0.0013 0.0013
23.7681 0.0013 0.0013
23.7846 0.0013 0.0013
23.8010 0.0013 0.0013
23.8174 0.0013 0.0013
23.8338 0.0013 0.0013
23.8503 0.0013 0.0013
23.8667 0.0013 0.0013
23.8831 0.0012 0.0013
23.8995 0.0012 0.0013
23.9160 0.0012 0.0012
23.9324 0.0012 0.0012
23.9488 0.0012 0.0012
23.9652 0.0012 0.0012
23.9817 0.0012 0.0012
23.9981 0.0012 0.0012
24.0145 0.0012 0.0012
24.0309 0.0012 0.0012
24.0474 0.0012 0.0012
24.0638 0.0012 0.0012
24.0802 0.0012 0.0012
24.0966 0.0012 0.0012
24.1131 0.0012 0.0012
24.1295 0.0012 0.0012
24.1459 0.0012 0.0012
24.1624 0.0011 0.0012
24.1788 0.0011 0.0012
24.1952 0.0011 0.0012
24.2116 0.0011 0.0012
24.2281 0.0011 0.0012
24.2445 0.0011 0.0011
24.2609 0.0011 0.0011
24.2773 0.0011 0.0011
24.2938 0.0011 0.0011
24.3102 0.0011 0.0011
24.3266 0.0011 0.0011
24.3430 0.0011 0.0011
24.3595 0.0011 0.0011
24.3759 0.0011 0.0011
24.3923 0.0010 0.0011
24.4087 0.0010 0.0011
24.4252 0.0010 0.0011
24.4416 0.0010 0.0011
24.4580 0.0010 0.0011
24.4744 0.0010 0.0011
24.4909 0.0010 0.0010
24.5073 0.0010 0.0010
24.5237 0.0010 0.0010
24.5401 0.0010 0.0010
24.5566 0.0010 0.0010
24.5730 0.0010 0.0010
24.5894 0.0010 0.0010
24.6058 0.0010 0.0010
24.6223 0.0009 0.0010
24.6387 0.0009 0.0010
24.6551 0.0009 0.0010
24.6716 0.0009 0.0010
24.6880 0.0009 0.0010
24.7044 0.0009 0.0009
24.7208 0.0009 0.0009
24.7373 0.0009 0.0009
24.7537 0.0009 0.0009
24.7701 0.0009 0.0009
24.7865 0.0009 0.0009
24.8030 0.0009 0.0009
24.8194 0.0009 0.0009
24.8358 0.0009 0.0009
24.8522 0.0009 0.0009
24.8687 0.0008 0.0009
24.8851 0.0008 0.0009
24.9015 0.0008 0.0009
24.9179 0.0008 0.0009
24.9344 0.0008 0.0009
24.9508 0.0008 0.0009
24.9672 0.0008 0.0008
24.9836 0.0008 0.0008
25.0001 0.0008 0.0008
25.0165 0.0008 0.0008
25.0329 0.0008 0.0008
25.0493 0.0008 0.0008
25.0658 0.0008 0.0008
25.0822 0.0008 0.0008
25.0986 0.0008 0.0008
25.1150 0.0008 0.0008
25.1315 0.0008 0.0008
25.1479 0.0008 0.0008
25.1643 0.0008 0.0008
25.1808 0.0008 0.0008
25.1972 0.0007 0.0008
25.2136 0.0007 0.0008
25.2300 0.0007 0.0008
25.2465 0.0007 0.0008
25.2629 0.0007 0.0008
25.2793 0.0007 0.0008
25.2957 0.0007 0.0008
25.3122 0.0007 0.0007
25.3286 0.0007 0.0007
25.3450 0.0007 0.0007
25.3614 0.0007 0.0007
25.3779 0.0007 0.0007
25.3943 0.0007 0.0007
25.4107 0.0007 0.0007
25.4271 0.0007 0.0007
25.4436 0.0007 0.0007
25.4600 0.0007 0.0007
25.4764 0.0007 0.0007
25.4928 0.0007 0.0007
25.5093 0.0007 0.0007
25.5257 0.0007 0.0007
25.5421 0.0007 0.0007
25.5585 0.0007 0.0007
25.5750 0.0007 0.0007
25.5914 0.0007 0.0007
25.6078 0.0007 0.0007
25.6242 0.0006 0.0007
25.6407 0.0006 0.0007
25.6571 0.0006 0.0007
25.6735 0.0006 0.0007
25.6900 0.0006 0.0007
25.7064 0.0006 0.0007
25.7228 0.0006 0.0007
25.7392 0.0006 0.0007
25.7557 0.0006 0.0007
25.7721 0.0006 0.0007
25.7885 0.0006 0.0007
25.8049 0.0006 0.0007
25.8214 0.0006 0.0006
25.8378 0.0006 0.0006
25.8542 0.0006 0.0006
25.8706 0.0006 0.0006
25.8871 0.0006 0.0006
25.9035 0.0006 0.0006
25.9199 0.0006 0.0006
25.9363 0.0006 0.0006
25.9528 0.0006 0.0006
25.9692 0.0006 0.0006
25.9856 0.0006 0.0006
26.0020 0.0006 0.0006
26.0185 0.0006 0.0006
26.0349 0.0006 0.0006
26.0513 0.0006 0.0006
26.0677 0.0006 0.0006
26.0842 0.0006 0.0006
26.1006 0.0006 0.0006
26.1170 0.0006 0.0006
26.1334 0.0006 0.0006
26.1499 0.0006 0.0006
26.1663 0.0006 0.0006
26.1827 0.0006 0.0006
26.1992 0.0006 0.0006
26.2156 0.0006 0.0006
26.2320 0.0006 0.0006
26.2484 0.0005 0.0006
26.2649 0.0005 0.0006
26.2813 0.0005 0.0006
26.2977 0.0005 0.0006
26.3141 0.0005 0.0006
26.3306 0.0005 0.0006
26.3470 0.0005 0.0006
26.3634 0.0005 0.0006
26.3798 0.0005 0.0005
26.3963 0.0005 0.0005
26.4127 0.0005 0.0005
26.4291 0.0005 0.0005
26.4455 0.0005 0.0005
26.4620 0.0005 0.0005
26.4784 0.0005 0.0005
26.4948 0.0005 0.0005
26.5112 0.0005 0.0005
26.5277 0.0005 0.0005
26.5441 0.0005 0.0005
26.5605 0.0005 0.0005
26.5769 0.0005 0.0005
26.5934 0.0005 0.0005
26.6098 0.0005 0.0005
26.6262 0.0005 0.0005
26.6426 0.0005 0.0005
26.6591 0.0005 0.0005
26.6755 0.0005 0.0005
26.6919 0.0005 0.0005
26.7084 0.0005 0.0005
26.7248 0.0005 0.0005
26.7412 0.0005 0.0005
26.7576 0.0005 0.0005
26.7741 0.0005 0.0005
26.7905 0.0005 0.0005
26.8069 0.0005 0.0005
26.8233 0.0005 0.0005
26.8398 0.0005 0.0005
26.8562 0.0005 0.0005
26.8726 0.0005 0.0005
26.8890 0.0005 0.0005
26.9055 0.0005 0.0005
26.9219 0.0005 0.0005
26.9383 0.0005 0.0005
26.9547 0.0004 0.0005
26.9712 0.0004 0.0005
26.9876 0.0004 0.0005
27.0040 0.0004 0.0005
27.0204 0.0004 0.0005
27.0369 0.0004 0.0005
27.0533 0.0004 0.0005
27.0697 0.0004 0.0005
27.0861 0.0004 0.0004
27.1026 0.0004 0.0004
27.1190 0.0004 0.0004
27.1354 0.0004 0.0004
27.1518 0.0004 0.0004
27.1683 0.0004 0.0004
27.1847 0.0004 0.0004
27.2011 0.0004 0.0004
27.2176 0.0004 0.0004
27.2340 0.0004 0.0004
27.2504 0.0004 0.0004
27.2668 0.0004 0.0004
27.2833 0.0004 0.0004
27.2997 0.0004 0.0004
27.3161 0.0004 0.0004
27.3325 0.0004 0.0004
27.3490 0.0004 0.0004
27.3654 0.0004 0.0004
27.3818 0.0004 0.0004
27.3982 0.0004 0.0004
27.4147 0.0004 0.0004
27.4311 0.0004 0.0004
27.4475 0.0004 0.0004
27.4639 0.0004 0.0004
27.4804 0.0004 0.0004
27.4968 0.0004 0.0004
27.5132 0.0004 0.0004
27.5296 0.0004 0.0004
27.5461 0.0004 0.0004
27.5625 0.0004 0.0004
27.5789 0.0004 0.0004
27.5953 0.0004 0.0004
27.6118 0.0004 0.0004
27.6282 0.0004 0.0004
27.6446 0.0004 0.0004
27.6610 0.0004 0.0004
27.6775 0.0004 0.0004
27.6939 0.0004 0.0004
27.7103 0.0004 0.0004
27.7268 0.0004 0.0004
27.7432 0.0004 0.0004
27.7596 0.0004 0.0004
27.7760 0.0004 0.0004
27.7925 0.0004 0.0004
27.8089 0.0004 0.0004
27.8253 0.0004 0.0004
27.8417 0.0004 0.0004
27.8582 0.0004 0.0004
27.8746 0.0004 0.0004
27.8910 0.0004 0.0004
27.9074 0.0004 0.0004
27.9239 0.0004 0.0004
27.9403 0.0004 0.0004
27.9567 0.0004 0.0004
27.9731 0.0004 0.0004
27.9896 0.0004 0.0004
28.0060 0.0004 0.0004
28.0224 0.0004 0.0004
28.0388 0.0004 0.0004
28.0553 0.0004 0.0004
28.0717 0.0004 0.0004
28.0881 0.0004 0.0004
28.1045 0.0004 0.0004
28.1210 0.0004 0.0004
28.1374 0.0004 0.0004
28.1538 0.0004 0.0004
28.1702 0.0004 0.0004
28.1867 0.0004 0.0004
28.2031 0.0004 0.0004
28.2195 0.0004 0.0004
28.2360 0.0004 0.0004
28.2524 0.0004 0.0004
28.2688 0.0004 0.0004
28.2852 0.0004 0.0004
28.3017 0.0004 0.0004
28.3181 0.0004 0.0004
28.3345 0.0004 0.0004
28.3509 0.0004 0.0004
28.3674 0.0004 0.0004
28.3838 0.0004 0.0004
28.4002 0.0004 0.0004
28.4166 0.0004 0.0004
28.4331 0.0004 0.0004
28.4495 0.0004 0.0004
28.4659 0.0004 0.0004
28.4823 0.0004 0.0004
28.4988 0.0004 0.0004
28.5152 0.0004 0.0004
28.5316 0.0004 0.0004
28.5480 0.0004 0.0004
28.5645 0.0004 0.0004
28.5809 0.0004 0.0004
28.5973 0.0004 0.0004
28.6137 0.0004 0.0004
28.6302 0.0003 0.0004
28.6466 0.0003 0.0004
28.6630 0.0003 0.0004
28.6794 0.0003 0.0004
28.6959 0.0003 0.0004
28.7123 0.0003 0.0004
28.7287 0.0003 0.0003
28.7452 0.0003 0.0003
28.7616 0.0003 0.0003
28.7780 0.0003 0.0003
28.7944 0.0003 0.0003
28.8109 0.0003 0.0003
28.8273 0.0003 0.0003
28.8437 0.0003 0.0003
28.8601 0.0003 0.0003
28.8766 0.0003 0.0003
28.8930 0.0003 0.0003
28.9094 0.0003 0.0003
28.9258 0.0003 0.0003
28.9423 0.0003 0.0003
28.9587 0.0003 0.0003
28.9751 0.0003 0.0003
28.9915 0.0003 0.0003
29.0080 0.0003 0.0003
29.0244 0.0003 0.0003
29.0408 0.0003 0.0003
29.0572 0.0003 0.0003
29.0737 0.0003 0.0003
29.0901 0.0003 0.0003
29.1065 0.0003 0.0003
29.1229 0.0003 0.0003
29.1394 0.0003 0.0003
29.1558 0.0003 0.0003
29.1722 0.0003 0.0003
29.1886 0.0003 0.0003
29.2051 0.0003 0.0003
29.2215 0.0003 0.0003
29.2379 0.0003 0.0003
29.2544 0.0003 0.0003
29.2708 0.0003 0.0003
29.2872 0.0003 0.0003
29.3036 0.0003 0.0003
29.3201 0.0003 0.0003
29.3365 0.0003 0.0003
29.3529 0.0003 0.0003
29.3693 0.0003 0.0003
29.3858 0.0003 0.0003
29.4022 0.0003 0.0003
29.4186 0.0003 0.0003
29.4350 0.0003 0.0003
29.4515 0.0003 0.0003
29.4679 0.0003 0.0003
29.4843 0.0003 0.0003
29.5007 0.0003 0.0003
29.5172 0.0003 0.0003
29.5336 0.0003 0.0003
29.5500 0.0003 0.0003
29.5664 0.0003 0.0003
29.5829 0.0003 0.0003
29.5993 0.0003 0.0003
29.6157 0.0003 0.0003
29.6321 0.0003 0.0003
29.6486 0.0003 0.0003
29.6650 0.0003 0.0003
29.6814 0.0003 0.0003
29.6978 0.0003 0.0003
29.7143 0.0003 0.0003
29.7307 0.0003 0.0003
29.7471 0.0003 0.0003
29.7636 0.0003 0.0003
29.7800 0.0003 0.0003
29.7964 0.0003 0.0003
29.8128 0.0003 0.0003
29.8293 0.0003 0.0003
29.8457 0.0003 0.0003
29.8621 0.0003 0.0003
29.8785 0.0003 0.0003
29.8950 0.0003 0.0003
29.9114 0.0003 0.0003
29.9278 0.0003 0.0003
29.9442 0.0003 0.0003
29.9607 0.0003 0.0003
29.9771 0.0003 0.0003
29.9935 0.0003 0.0003
30.0099 0.0003 0.0003
30.0264 0.0003 0.0003
30.0428 0.0003 0.0003
30.0592 0.0003 0.0003
30.0756 0.0003 0.0003
30.0921 0.0003 0.0003
30.1085 0.0003 0.0003
30.1249 0.0003 0.0003
30.1413 0.0003 0.0003
30.1578 0.0003 0.0003
30.1742 0.0003 0.0003
30.1906 0.0003 0.0003
30.2070 0.0003 0.0003
30.2235 0.0003 0.0003
30.2399 0.0003 0.0003
30.2563 0.0003 0.0003
30.2728 0.0003 0.0003
30.2892 0.0003 0.0003
30.3056 0.0003 0.0003
30.3220 0.0003 0.0003
30.3385 0.0003 0.0003
30.3549 0.0003 0.0003
30.3713 0.0003 0.0003
30.3877 0.0003 0.0003
30.4042 0.0003 0.0003
30.4206 0.0003 0.0003
30.4370 0.0003 0.0003
30.4534 0.0003 0.0003
30.4699 0.0003 0.0003
30.4863 0.0003 0.0003
30.5027 0.0003 0.0003
30.5191 0.0003 0.0003
30.5356 0.0003 0.0003
30.5520 0.0003 0.0003
30.5684 0.0003 0.0003
30.5848 0.0003 0.0003
30.6013 0.0003 0.0003
30.6177 0.0003 0.0003
30.6341 0.0003 0.0003
30.6505 0.0003 0.0003
30.6670 0.0003 0.0003
30.6834 0.0003 0.0003
30.6998 0.0003 0.0003
30.7162 0.0003 0.0003
30.7327 0.0003 0.0003
30.7491 0.0003 0.0003
30.7655 0.0003 0.0003
30.7820 0.0003 0.0003
30.7984 0.0003 0.0003
30.8148 0.0003 0.0003
30.8312 0.0003 0.0003
30.8477 0.0003 0.0003
30.8641 0.0003 0.0003
30.8805 0.0003 0.0003
30.8969 0.0003 0.0003
30.9134 0.0003 0.0003
30.9298 0.0003 0.0003
30.9462 0.0003 0.0003
30.9626 0.0003 0.0003
30.9791 0.0003 0.0003
30.9955 0.0003 0.0003
31.0119 0.0003 0.0003
31.0283 0.0003 0.0003
31.0448 0.0003 0.0003
31.0612 0.0003 0.0003
31.0776 0.0003 0.0003
31.0940 0.0003 0.0003
31.1105 0.0003 0.0003
31.1269 0.0003 0.0003
31.1433 0.0003 0.0003
31.1597 0.0003 0.0003
31.1762 0.0003 0.0003
31.1926 0.0003 0.0003
31.2090 0.0003 0.0003
31.2254 0.0003 0.0003
31.2419 0.0003 0.0003
31.2583 0.0003 0.0003
31.2747 0.0003 0.0003
31.2912 0.0003 0.0003
31.3076 0.0003 0.0003
31.3240 0.0003 0.0003
31.3404 0.0003 0.0003
31.3569 0.0003 0.0003
31.3733 0.0003 0.0003
31.3897 0.0003 0.0003
31.4061 0.0003 0.0003
31.4226 0.0003 0.0003
31.4390 0.0003 0.0003
31.4554 0.0003 0.0003
31.4718 0.0003 0.0003
31.4883 0.0003 0.0003
31.5047 0.0003 0.0003
31.5211 0.0003 0.0003
31.5375 0.0002 0.0003
31.5540 0.0002 0.0003
31.5704 0.0002 0.0003
31.5868 0.0002 0.0003
31.6032 0.0002 0.0003
31.6197 0.0002 0.0003
31.6361 0.0002 0.0003
31.6525 0.0002 0.0002
31.6689 0.0002 0.0002
31.6854 0.0002 0.0002
31.7018 0.0002 0.0002
31.7182 0.0002 0.0002
31.7346 0.0002 0.0002
31.7511 0.0002 0.0002
31.7675 0.0002 0.0002
31.7839 0.0002 0.0002
31.8004 0.0002 0.0002
31.8168 0.0002 0.0002
31.8332 0.0002 0.0002
31.8496 0.0002 0.0002
31.8661 0.0002 0.0002
31.8825 0.0002 0.0002
31.8989 0.0002 0.0002
31.9153 0.0002 0.0002
31.9318 0.0002 0.0002
31.9482 0.0002 0.0002
31.9646 0.0002 0.0002
31.9810 0.0002 0.0002
31.9975 0.0002 0.0002
32.0139 0.0002 0.0002
32.0303 0.0002 0.0002
32.0467 0.0002 0.0002
32.0632 0.0002 0.0002
32.0796 0.0002 0.0002
32.0960 0.0002 0.0002
32.1124 0.0002 0.0002
32.1289 0.0002 0.0002
32.1453 0.0002 0.0002
32.1617 0.0002 0.0002
32.1781 0.0002 0.0002
32.1946 0.0002 0.0002
32.2110 0.0002 0.0002
32.2274 0.0002 0.0002
32.2438 0.0002 0.0002
32.2603 0.0002 0.0002
32.2767 0.0002 0.0002
32.2931 0.0002 0.0002
32.3095 0.0002 0.0002
32.3260 0.0002 0.0002
32.3424 0.0002 0.0002
32.3588 0.0002 0.0002
32.3753 0.0002 0.0002
32.3917 0.0002 0.0002
32.4081 0.0002 0.0002
32.4245 0.0002 0.0002
32.4410 0.0002 0.0002
32.4574 0.0002 0.0002
32.4738 0.0002 0.0002
32.4902 0.0002 0.0002
32.5067 0.0002 0.0002
32.5231 0.0002 0.0002
32.5395 0.0002 0.0002
32.5559 0.0002 0.0002
32.5724 0.0002 0.0002
32.5888 0.0002 0.0002
32.6052 0.0002 0.0002
32.6216 0.0002 0.0002
32.6381 0.0002 0.0002
32.6545 0.0002 0.0002
32.6709 0.0002 0.0002
32.6873 0.0002 0.0002
32.7038 0.0002 0.0002
32.7202 0.0002 0.0002
32.7366 0.0002 0.0002
32.7530 0.0002 0.0002
32.7695 0.0002 0.0002
32.7859 0.0002 0.0002
32.8023 0.0002 0.0002
32.8187 0.0002 0.0002
32.8352 0.0002 0.0002
  
  
  
  
  
dim="1">gridpoints</dimension>  
  
  
  
  
  
  
  
  
0.0000 267.3205 246.7663
0.0164 267.3205 246.7663
0.0329 133.6914 123.3467
0.0493 89.1618 82.1917
0.0657 66.9069 61.6038
0.0821 53.5614 49.2440
0.0986 44.6702 40.9994
0.1150 38.3242 35.1075
0.1314 33.5684 30.6873
0.1478 29.8727 27.2493
0.1643 26.9187 24.4999
0.1807 24.5040 22.2522
0.1971 22.4938 20.3818
0.2135 20.7947 18.8022
0.2300 19.3400 17.4520
0.2464 18.0811 16.2856
0.2628 16.9813 15.2693
0.2792 16.0128 14.3767
0.2957 15.1541 13.5876
0.3121 14.3879 12.8857
0.3285 13.7007 12.2580
0.3449 13.0815 11.6937
0.3614 12.5212 11.1840
0.3778 12.0122 10.7215
0.3942 11.5484 10.2999
0.4106 11.1242 9.9139
0.4271 10.7351 9.5587
0.4435 10.3771 9.2304
0.4599 10.0467 8.9254
0.4763 9.7407 8.6407
0.4928 9.4565 8.3736
0.5092 9.1915 8.1218
0.5256 8.9437 7.8833
0.5421 8.7110 7.6562
0.5585 8.4917 7.4391
0.5749 8.2844 7.2307
0.5913 8.0877 7.0301
0.6078 7.9004 6.8363
0.6242 7.7215 6.6487
0.6406 7.5501 6.4668
0.6570 7.3854 6.2903
0.6735 7.2266 6.1188
0.6899 7.0733 5.9522
0.7063 6.9247 5.7906
0.7227 6.7805 5.6337
0.7392 6.6402 5.4817
0.7556 6.5034 5.3347
0.7720 6.3697 5.1927
0.7884 6.2389 5.0557
0.8049 6.1105 4.9239
0.8213 5.9844 4.7972
0.8377 5.8604 4.6757
0.8541 5.7383 4.5594
0.8706 5.6179 4.4483
0.8870 5.4992 4.3423
0.9034 5.3822 4.2413
0.9198 5.2668 4.1453
0.9363 5.1531 4.0540
0.9527 5.0413 3.9674
0.9691 4.9313 3.8853
0.9855 4.8235 3.8076
1.0020 4.7179 3.7340
1.0184 4.6147 3.6644
1.0348 4.5143 3.5986
1.0513 4.4167 3.5365
1.0677 4.3222 3.4778
1.0841 4.2309 3.4225
1.1005 4.1431 3.3703
1.1170 4.0590 3.3212
1.1334 3.9785 3.2749
1.1498 3.9020 3.2314
1.1662 3.8293 3.1906
1.1827 3.7607 3.1524
1.1991 3.6960 3.1165
1.2155 3.6353 3.0830
1.2319 3.5784 3.0516
1.2484 3.5254 3.0223
1.2648 3.4761 2.9950
1.2812 3.4302 2.9695
1.2976 3.3878 2.9457
1.3141 3.3484 2.9233
1.3305 3.3120 2.9023
1.3469 3.2783 2.8825
1.3633 3.2470 2.8637
1.3798 3.2180 2.8458
1.3962 3.1909 2.8286
1.4126 3.1655 2.8119
1.4290 3.1415 2.7955
1.4455 3.1188 2.7794
1.4619 3.0970 2.7634
1.4783 3.0760 2.7474
1.4947 3.0555 2.7313
1.5112 3.0353 2.7149
1.5276 3.0152 2.6983
1.5440 2.9951 2.6814
1.5605 2.9749 2.6640
1.5769 2.9543 2.6463
1.5933 2.9333 2.6281
1.6097 2.9119 2.6095
1.6262 2.8898 2.5905
1.6426 2.8671 2.5711
1.6590 2.8437 2.5513
1.6754 2.8197 2.5311
1.6919 2.7949 2.5107
1.7083 2.7694 2.4900
1.7247 2.7432 2.4691
1.7411 2.7164 2.4481
1.7576 2.6889 2.4271
1.7740 2.6609 2.4060
1.7904 2.6324 2.3852
1.8068 2.6034 2.3645
1.8233 2.5740 2.3440
1.8397 2.5444 2.3239
1.8561 2.5146 2.3041
1.8725 2.4847 2.2848
1.8890 2.4547 2.2659
1.9054 2.4247 2.2475
1.9218 2.3949 2.2295
1.9382 2.3653 2.2120
1.9547 2.3360 2.1949
1.9711 2.3069 2.1782
1.9875 2.2782 2.1618
2.0039 2.2499 2.1455
2.0204 2.2221 2.1295
2.0368 2.1947 2.1134
2.0532 2.1677 2.0974
2.0697 2.1413 2.0812
2.0861 2.1153 2.0648
2.1025 2.0898 2.0482
2.1189 2.0648 2.0313
2.1354 2.0404 2.0140
2.1518 2.0164 1.9964
2.1682 1.9930 1.9784
2.1846 1.9702 1.9601
2.2011 1.9479 1.9415
2.2175 1.9261 1.9227
2.2339 1.9050 1.9038
2.2503 1.8844 1.8848
2.2668 1.8644 1.8658
2.2832 1.8449 1.8469
2.2996 1.8260 1.8282
2.3160 1.8076 1.8098
2.3325 1.7896 1.7919
2.3489 1.7720 1.7744
2.3653 1.7547 1.7575
2.3817 1.7376 1.7412
2.3982 1.7207 1.7256
2.4146 1.7039 1.7107
2.4310 1.6871 1.6965
2.4474 1.6702 1.6831
2.4639 1.6533 1.6705
2.4803 1.6362 1.6586
2.4967 1.6189 1.6474
2.5131 1.6014 1.6369
2.5296 1.5838 1.6271
2.5460 1.5660 1.6178
2.5624 1.5482 1.6090
2.5789 1.5304 1.6007
2.5953 1.5128 1.5927
2.6117 1.4953 1.5850
2.6281 1.4781 1.5775
2.6446 1.4613 1.5702
2.6610 1.4450 1.5629
2.6774 1.4292 1.5557
2.6938 1.4141 1.5484
2.7103 1.3997 1.5410
2.7267 1.3860 1.5335
2.7431 1.3731 1.5258
2.7595 1.3610 1.5180
2.7760 1.3496 1.5100
2.7924 1.3390 1.5019
2.8088 1.3291 1.4936
2.8252 1.3198 1.4851
2.8417 1.3112 1.4766
2.8581 1.3032 1.4679
2.8745 1.2956 1.4591
2.8909 1.2886 1.4503
2.9074 1.2819 1.4414
2.9238 1.2757 1.4325
2.9402 1.2697 1.4236
2.9566 1.2640 1.4146
2.9731 1.2586 1.4057
2.9895 1.2534 1.3968
3.0059 1.2483 1.3879
3.0223 1.2433 1.3790
3.0388 1.2385 1.3701
3.0552 1.2336 1.3611
3.0716 1.2288 1.3522
3.0881 1.2239 1.3432
3.1045 1.2190 1.3341
3.1209 1.2139 1.3250
3.1373 1.2088 1.3159
3.1538 1.2034 1.3066
3.1702 1.1979 1.2974
3.1866 1.1921 1.2881
3.2030 1.1861 1.2788
3.2195 1.1799 1.2696
3.2359 1.1735 1.2604
3.2523 1.1668 1.2512
3.2687 1.1599 1.2422
3.2852 1.1529 1.2333
3.3016 1.1456 1.2245
3.3180 1.1383 1.2160
3.3344 1.1309 1.2076
3.3509 1.1234 1.1995
3.3673 1.1159 1.1916
3.3837 1.1084 1.1839
3.4001 1.1010 1.1764
3.4166 1.0937 1.1691
3.4330 1.0865 1.1620
3.4494 1.0793 1.1550
3.4658 1.0723 1.1482
3.4823 1.0654 1.1414
3.4987 1.0586 1.1348
3.5151 1.0519 1.1282
3.5315 1.0452 1.1217
3.5480 1.0385 1.1153
3.5644 1.0319 1.1090
3.5808 1.0251 1.1027
3.5973 1.0183 1.0965
3.6137 1.0114 1.0903
3.6301 1.0044 1.0843
3.6465 0.9972 1.0783
3.6630 0.9899 1.0725
3.6794 0.9824 1.0667
3.6958 0.9748 1.0610
3.7122 0.9672 1.0554
3.7287 0.9594 1.0498
3.7451 0.9516 1.0443
3.7615 0.9438 1.0388
3.7779 0.9360 1.0333
3.7944 0.9283 1.0278
3.8108 0.9207 1.0221
3.8272 0.9133 1.0164
3.8436 0.9062 1.0106
3.8601 0.8993 1.0046
3.8765 0.8927 0.9984
3.8929 0.8864 0.9920
3.9093 0.8805 0.9855
3.9258 0.8750 0.9787
3.9422 0.8698 0.9717
3.9586 0.8650 0.9646
3.9750 0.8606 0.9573
3.9915 0.8565 0.9498
4.0079 0.8527 0.9422
4.0243 0.8491 0.9345
4.0407 0.8458 0.9268
4.0572 0.8427 0.9191
4.0736 0.8398 0.9114
4.0900 0.8369 0.9039
4.1065 0.8341 0.8964
4.1229 0.8313 0.8891
4.1393 0.8285 0.8821
4.1557 0.8256 0.8753
4.1722 0.8227 0.8688
4.1886 0.8196 0.8626
4.2050 0.8164 0.8569
4.2214 0.8131 0.8514
4.2379 0.8097 0.8464
4.2543 0.8061 0.8418
4.2707 0.8024 0.8376
4.2871 0.7987 0.8338
4.3036 0.7948 0.8304
4.3200 0.7908 0.8273
4.3364 0.7867 0.8246
4.3528 0.7827 0.8221
4.3693 0.7785 0.8198
4.3857 0.7744 0.8177
4.4021 0.7703 0.8157
4.4185 0.7663 0.8138
4.4350 0.7623 0.8118
4.4514 0.7583 0.8099
4.4678 0.7545 0.8078
4.4842 0.7508 0.8057
4.5007 0.7472 0.8033
4.5171 0.7437 0.8008
4.5335 0.7403 0.7982
4.5499 0.7371 0.7953
4.5664 0.7341 0.7923
4.5828 0.7312 0.7892
4.5992 0.7284 0.7859
4.6156 0.7257 0.7826
4.6321 0.7231 0.7792
4.6485 0.7207 0.7757
4.6649 0.7183 0.7723
4.6814 0.7161 0.7690
4.6978 0.7139 0.7657
4.7142 0.7118 0.7626
4.7306 0.7097 0.7595
4.7471 0.7078 0.7566
4.7635 0.7058 0.7539
4.7799 0.7039 0.7513
4.7963 0.7021 0.7488
4.8128 0.7003 0.7465
4.8292 0.6985 0.7442
4.8456 0.6968 0.7421
4.8620 0.6951 0.7401
4.8785 0.6934 0.7380
4.8949 0.6917 0.7361
4.9113 0.6901 0.7341
4.9277 0.6884 0.7321
4.9442 0.6867 0.7301
4.9606 0.6850 0.7281
4.9770 0.6832 0.7259
4.9934 0.6815 0.7238
5.0099 0.6796 0.7216
5.0263 0.6778 0.7193
5.0427 0.6759 0.7169
5.0591 0.6739 0.7145
5.0756 0.6719 0.7120
5.0920 0.6699 0.7096
5.1084 0.6679 0.7070
5.1248 0.6659 0.7045
5.1413 0.6638 0.7019
5.1577 0.6619 0.6994
5.1741 0.6599 0.6968
5.1906 0.6580 0.6943
5.2070 0.6562 0.6917
5.2234 0.6545 0.6893
5.2398 0.6528 0.6868
5.2563 0.6512 0.6844
5.2727 0.6497 0.6820
5.2891 0.6483 0.6796
5.3055 0.6469 0.6772
5.3220 0.6456 0.6749
5.3384 0.6444 0.6727
5.3548 0.6431 0.6704
5.3712 0.6419 0.6682
5.3877 0.6407 0.6660
5.4041 0.6395 0.6638
5.4205 0.6382 0.6617
5.4369 0.6370 0.6596
5.4534 0.6357 0.6576
5.4698 0.6344 0.6556
5.4862 0.6330 0.6537
5.5026 0.6317 0.6518
5.5191 0.6303 0.6499
5.5355 0.6289 0.6482
5.5519 0.6276 0.6464
5.5683 0.6262 0.6447
5.5848 0.6249 0.6431
5.6012 0.6237 0.6415
5.6176 0.6225 0.6399
5.6340 0.6214 0.6383
5.6505 0.6203 0.6368
5.6669 0.6194 0.6352
5.6833 0.6185 0.6336
5.6998 0.6177 0.6321
5.7162 0.6170 0.6304
5.7326 0.6163 0.6288
5.7490 0.6158 0.6271
5.7655 0.6152 0.6254
5.7819 0.6147 0.6236
5.7983 0.6143 0.6218
5.8147 0.6138 0.6199
5.8312 0.6132 0.6180
5.8476 0.6126 0.6161
5.8640 0.6119 0.6142
5.8804 0.6112 0.6123
5.8969 0.6103 0.6104
5.9133 0.6092 0.6084
5.9297 0.6080 0.6066
5.9461 0.6066 0.6047
5.9626 0.6050 0.6029
5.9790 0.6033 0.6011
5.9954 0.6014 0.5994
6.0118 0.5993 0.5978
6.0283 0.5971 0.5962
6.0447 0.5947 0.5946
6.0611 0.5922 0.5931
6.0775 0.5897 0.5917
6.0940 0.5871 0.5903
6.1104 0.5845 0.5889
6.1268 0.5818 0.5876
6.1432 0.5792 0.5864
6.1597 0.5767 0.5851
6.1761 0.5742 0.5838
6.1925 0.5718 0.5826
6.2090 0.5695 0.5814
6.2254 0.5674 0.5801
6.2418 0.5653 0.5789
6.2582 0.5634 0.5776
6.2747 0.5615 0.5763
6.2911 0.5598 0.5750
6.3075 0.5582 0.5737
6.3239 0.5566 0.5724
6.3404 0.5552 0.5711
6.3568 0.5538 0.5698
6.3732 0.5525 0.5685
6.3896 0.5512 0.5672
6.4061 0.5500 0.5659
6.4225 0.5488 0.5646
6.4389 0.5476 0.5633
6.4553 0.5465 0.5620
6.4718 0.5454 0.5607
6.4882 0.5443 0.5594
6.5046 0.5432 0.5582
6.5210 0.5422 0.5569
6.5375 0.5412 0.5556
6.5539 0.5402 0.5543
6.5703 0.5392 0.5530
6.5867 0.5383 0.5518
6.6032 0.5375 0.5505
6.6196 0.5367 0.5492
6.6360 0.5359 0.5479
6.6524 0.5352 0.5465
6.6689 0.5345 0.5452
6.6853 0.5339 0.5439
6.7017 0.5334 0.5425
6.7182 0.5329 0.5412
6.7346 0.5325 0.5398
6.7510 0.5322 0.5384
6.7674 0.5319 0.5370
6.7839 0.5316 0.5356
6.8003 0.5314 0.5341
6.8167 0.5312 0.5327
6.8331 0.5311 0.5312
6.8496 0.5311 0.5297
6.8660 0.5310 0.5282
6.8824 0.5310 0.5267
6.8988 0.5311 0.5251
6.9153 0.5312 0.5235
6.9317 0.5313 0.5219
6.9481 0.5315 0.5202
6.9645 0.5317 0.5186
6.9810 0.5319 0.5169
6.9974 0.5322 0.5151
7.0138 0.5325 0.5134
7.0302 0.5329 0.5117
7.0467 0.5332 0.5099
7.0631 0.5336 0.5082
7.0795 0.5341 0.5064
7.0959 0.5345 0.5047
7.1124 0.5349 0.5030
7.1288 0.5354 0.5013
7.1452 0.5358 0.4997
7.1616 0.5363 0.4981
7.1781 0.5367 0.4965
7.1945 0.5371 0.4950
7.2109 0.5375 0.4936
7.2274 0.5378 0.4922
7.2438 0.5381 0.4909
7.2602 0.5384 0.4896
7.2766 0.5386 0.4884
7.2931 0.5387 0.4873
7.3095 0.5388 0.4862
7.3259 0.5387 0.4852
7.3423 0.5386 0.4842
7.3588 0.5383 0.4833
7.3752 0.5379 0.4824
7.3916 0.5375 0.4816
7.4080 0.5368 0.4808
7.4245 0.5361 0.4800
7.4409 0.5352 0.4792
7.4573 0.5341 0.4785
7.4737 0.5329 0.4778
7.4902 0.5315 0.4770
7.5066 0.5300 0.4763
7.5230 0.5283 0.4756
7.5394 0.5265 0.4748
7.5559 0.5245 0.4740
7.5723 0.5224 0.4732
7.5887 0.5202 0.4724
7.6051 0.5180 0.4715
7.6216 0.5156 0.4707
7.6380 0.5132 0.4697
7.6544 0.5108 0.4688
7.6708 0.5083 0.4678
7.6873 0.5059 0.4668
7.7037 0.5035 0.4658
7.7201 0.5011 0.4647
7.7366 0.4988 0.4637
7.7530 0.4967 0.4627
7.7694 0.4946 0.4617
7.7858 0.4926 0.4607
7.8023 0.4908 0.4598
7.8187 0.4891 0.4589
7.8351 0.4876 0.4580
7.8515 0.4862 0.4572
7.8680 0.4849 0.4564
7.8844 0.4837 0.4557
7.9008 0.4827 0.4551
7.9172 0.4817 0.4545
7.9337 0.4808 0.4540
7.9501 0.4800 0.4535
7.9665 0.4792 0.4530
7.9829 0.4785 0.4526
7.9994 0.4777 0.4521
8.0158 0.4770 0.4517
8.0322 0.4763 0.4513
8.0486 0.4755 0.4509
8.0651 0.4747 0.4505
8.0815 0.4739 0.4501
8.0979 0.4730 0.4496
8.1143 0.4721 0.4491
8.1308 0.4712 0.4485
8.1472 0.4703 0.4480
8.1636 0.4694 0.4473
8.1800 0.4684 0.4466
8.1965 0.4674 0.4459
8.2129 0.4665 0.4450
8.2293 0.4655 0.4442
8.2458 0.4646 0.4432
8.2622 0.4637 0.4422
8.2786 0.4628 0.4412
8.2950 0.4619 0.4401
8.3115 0.4610 0.4390
8.3279 0.4602 0.4378
8.3443 0.4593 0.4366
8.3607 0.4585 0.4354
8.3772 0.4577 0.4341
8.3936 0.4569 0.4328
8.4100 0.4560 0.4315
8.4264 0.4552 0.4302
8.4429 0.4543 0.4289
8.4593 0.4534 0.4276
8.4757 0.4525 0.4263
8.4921 0.4515 0.4250
8.5086 0.4505 0.4238
8.5250 0.4494 0.4225
8.5414 0.4482 0.4213
8.5578 0.4470 0.4200
8.5743 0.4458 0.4188
8.5907 0.4444 0.4177
8.6071 0.4430 0.4165
8.6235 0.4416 0.4153
8.6400 0.4401 0.4142
8.6564 0.4386 0.4131
8.6728 0.4370 0.4120
8.6892 0.4355 0.4110
8.7057 0.4339 0.4099
8.7221 0.4324 0.4089
8.7385 0.4308 0.4078
8.7550 0.4294 0.4068
8.7714 0.4279 0.4058
8.7878 0.4266 0.4048
8.8042 0.4253 0.4038
8.8207 0.4241 0.4028
8.8371 0.4230 0.4018
8.8535 0.4220 0.4008
8.8699 0.4210 0.3998
8.8864 0.4202 0.3988
8.9028 0.4194 0.3978
8.9192 0.4187 0.3968
8.9356 0.4180 0.3958
8.9521 0.4174 0.3947
8.9685 0.4168 0.3937
8.9849 0.4162 0.3926
9.0013 0.4155 0.3915
9.0178 0.4149 0.3904
9.0342 0.4142 0.3893
9.0506 0.4135 0.3881
9.0670 0.4127 0.3869
9.0835 0.4119 0.3857
9.0999 0.4110 0.3845
9.1163 0.4100 0.3832
9.1327 0.4089 0.3819
9.1492 0.4078 0.3806
9.1656 0.4066 0.3792
9.1820 0.4053 0.3779
9.1984 0.4040 0.3766
9.2149 0.4025 0.3752
9.2313 0.4011 0.3739
9.2477 0.3996 0.3725
9.2642 0.3980 0.3712
9.2806 0.3964 0.3699
9.2970 0.3948 0.3687
9.3134 0.3932 0.3675
9.3299 0.3916 0.3663
9.3463 0.3900 0.3652
9.3627 0.3884 0.3641
9.3791 0.3868 0.3632
9.3956 0.3852 0.3622
9.4120 0.3836 0.3614
9.4284 0.3821 0.3607
9.4448 0.3806 0.3600
9.4613 0.3792 0.3594
9.4777 0.3778 0.3589
9.4941 0.3764 0.3585
9.5105 0.3751 0.3582
9.5270 0.3739 0.3580
9.5434 0.3728 0.3579
9.5598 0.3717 0.3578
9.5762 0.3707 0.3579
9.5927 0.3698 0.3579
9.6091 0.3689 0.3581
9.6255 0.3681 0.3582
9.6419 0.3674 0.3585
9.6584 0.3668 0.3587
9.6748 0.3662 0.3589
9.6912 0.3657 0.3592
9.7076 0.3653 0.3594
9.7241 0.3649 0.3596
9.7405 0.3645 0.3598
9.7569 0.3642 0.3600
9.7734 0.3638 0.3601
9.7898 0.3635 0.3601
9.8062 0.3631 0.3601
9.8226 0.3628 0.3601
9.8391 0.3624 0.3600
9.8555 0.3620 0.3598
9.8719 0.3615 0.3596
9.8883 0.3610 0.3593
9.9048 0.3604 0.3589
9.9212 0.3597 0.3586
9.9376 0.3590 0.3581
9.9540 0.3581 0.3576
9.9705 0.3572 0.3571
9.9869 0.3563 0.3565
10.0033 0.3552 0.3559
10.0197 0.3541 0.3553
10.0362 0.3528 0.3546
10.0526 0.3515 0.3540
10.0690 0.3502 0.3533
10.0854 0.3488 0.3526
10.1019 0.3473 0.3519
10.1183 0.3458 0.3512
10.1347 0.3443 0.3505
10.1511 0.3427 0.3498
10.1676 0.3412 0.3491
10.1840 0.3396 0.3485
10.2004 0.3381 0.3478
10.2168 0.3366 0.3472
10.2333 0.3351 0.3466
10.2497 0.3337 0.3461
10.2661 0.3324 0.3455
10.2826 0.3312 0.3450
10.2990 0.3300 0.3445
10.3154 0.3290 0.3441
10.3318 0.3280 0.3436
10.3483 0.3271 0.3432
10.3647 0.3263 0.3428
10.3811 0.3256 0.3424
10.3975 0.3250 0.3421
10.4140 0.3245 0.3417
10.4304 0.3240 0.3413
10.4468 0.3236 0.3410
10.4632 0.3232 0.3406
10.4797 0.3229 0.3403
10.4961 0.3225 0.3399
10.5125 0.3222 0.3396
10.5289 0.3219 0.3392
10.5454 0.3215 0.3389
10.5618 0.3212 0.3385
10.5782 0.3208 0.3382
10.5946 0.3204 0.3379
10.6111 0.3199 0.3375
10.6275 0.3194 0.3372
10.6439 0.3188 0.3368
10.6603 0.3182 0.3365
10.6768 0.3176 0.3362
10.6932 0.3169 0.3359
10.7096 0.3162 0.3356
10.7260 0.3154 0.3353
10.7425 0.3146 0.3350
10.7589 0.3138 0.3347
10.7753 0.3130 0.3344
10.7918 0.3122 0.3341
10.8082 0.3113 0.3337
10.8246 0.3105 0.3333
10.8410 0.3096 0.3328
10.8575 0.3087 0.3323
10.8739 0.3079 0.3318
10.8903 0.3070 0.3311
10.9067 0.3061 0.3304
10.9232 0.3052 0.3297
10.9396 0.3044 0.3288
10.9560 0.3035 0.3279
10.9724 0.3026 0.3269
10.9889 0.3017 0.3258
11.0053 0.3007 0.3247
11.0217 0.2998 0.3236
11.0381 0.2988 0.3223
11.0546 0.2978 0.3211
11.0710 0.2969 0.3198
11.0874 0.2958 0.3185
11.1038 0.2948 0.3172
11.1203 0.2938 0.3159
11.1367 0.2927 0.3145
11.1531 0.2917 0.3132
11.1695 0.2906 0.3119
11.1860 0.2895 0.3107
11.2024 0.2884 0.3094
11.2188 0.2873 0.3082
11.2352 0.2862 0.3070
11.2517 0.2851 0.3059
11.2681 0.2840 0.3047
11.2845 0.2828 0.3037
11.3010 0.2817 0.3027
11.3174 0.2806 0.3017
11.3338 0.2794 0.3008
11.3502 0.2783 0.2999
11.3667 0.2772 0.2991
11.3831 0.2760 0.2984
11.3995 0.2749 0.2977
11.4159 0.2738 0.2971
11.4324 0.2727 0.2965
11.4488 0.2717 0.2961
11.4652 0.2707 0.2956
11.4816 0.2697 0.2953
11.4981 0.2687 0.2950
11.5145 0.2677 0.2948
11.5309 0.2668 0.2946
11.5473 0.2660 0.2944
11.5638 0.2651 0.2943
11.5802 0.2643 0.2942
11.5966 0.2635 0.2941
11.6130 0.2627 0.2940
11.6295 0.2620 0.2939
11.6459 0.2612 0.2937
11.6623 0.2605 0.2935
11.6787 0.2598 0.2933
11.6952 0.2590 0.2930
11.7116 0.2583 0.2926
11.7280 0.2576 0.2922
11.7444 0.2569 0.2917
11.7609 0.2561 0.2910
11.7773 0.2553 0.2903
11.7937 0.2545 0.2895
11.8102 0.2537 0.2887
11.8266 0.2529 0.2877
11.8430 0.2520 0.2866
11.8594 0.2511 0.2855
11.8759 0.2502 0.2843
11.8923 0.2492 0.2830
11.9087 0.2482 0.2817
11.9251 0.2471 0.2804
11.9416 0.2460 0.2790
11.9580 0.2449 0.2776
11.9744 0.2437 0.2763
11.9908 0.2425 0.2749
12.0073 0.2412 0.2735
12.0237 0.2399 0.2721
12.0401 0.2385 0.2708
12.0565 0.2371 0.2695
12.0730 0.2357 0.2682
12.0894 0.2343 0.2670
12.1058 0.2328 0.2658
12.1222 0.2313 0.2646
12.1387 0.2298 0.2634
12.1551 0.2283 0.2622
12.1715 0.2268 0.2611
12.1879 0.2252 0.2599
12.2044 0.2237 0.2588
12.2208 0.2222 0.2576
12.2372 0.2207 0.2564
12.2536 0.2192 0.2553
12.2701 0.2177 0.2541
12.2865 0.2163 0.2529
12.3029 0.2149 0.2516
12.3194 0.2135 0.2504
12.3358 0.2121 0.2491
12.3522 0.2108 0.2479
12.3686 0.2095 0.2466
12.3851 0.2082 0.2453
12.4015 0.2069 0.2440
12.4179 0.2057 0.2426
12.4343 0.2045 0.2413
12.4508 0.2033 0.2400
12.4672 0.2021 0.2386
12.4836 0.2010 0.2372
12.5000 0.1998 0.2359
12.5165 0.1987 0.2345
12.5329 0.1975 0.2330
12.5493 0.1964 0.2316
12.5657 0.1953 0.2301
12.5822 0.1942 0.2287
12.5986 0.1932 0.2272
12.6150 0.1921 0.2256
12.6314 0.1910 0.2241
12.6479 0.1900 0.2225
12.6643 0.1889 0.2209
12.6807 0.1878 0.2193
12.6971 0.1868 0.2176
12.7136 0.1857 0.2160
12.7300 0.1847 0.2143
12.7464 0.1836 0.2126
12.7628 0.1826 0.2109
12.7793 0.1815 0.2093
12.7957 0.1804 0.2076
12.8121 0.1793 0.2059
12.8286 0.1783 0.2043
12.8450 0.1772 0.2027
12.8614 0.1761 0.2011
12.8778 0.1750 0.1995
12.8943 0.1739 0.1979
12.9107 0.1728 0.1964
12.9271 0.1717 0.1949
12.9435 0.1706 0.1934
12.9600 0.1695 0.1919
12.9764 0.1684 0.1905
12.9928 0.1674 0.1891
13.0092 0.1663 0.1876
13.0257 0.1652 0.1862
13.0421 0.1641 0.1849
13.0585 0.1630 0.1835
13.0749 0.1619 0.1821
13.0914 0.1608 0.1808
13.1078 0.1596 0.1794
13.1242 0.1585 0.1781
13.1406 0.1574 0.1768
13.1571 0.1562 0.1754
13.1735 0.1550 0.1741
13.1899 0.1539 0.1728
13.2063 0.1527 0.1714
13.2228 0.1515 0.1701
13.2392 0.1504 0.1687
13.2556 0.1492 0.1674
13.2720 0.1480 0.1660
13.2885 0.1469 0.1646
13.3049 0.1457 0.1632
13.3213 0.1446 0.1617
13.3378 0.1434 0.1603
13.3542 0.1423 0.1588
13.3706 0.1412 0.1573
13.3870 0.1401 0.1558
13.4035 0.1390 0.1543
13.4199 0.1379 0.1528
13.4363 0.1369 0.1513
13.4527 0.1358 0.1497
13.4692 0.1347 0.1482
13.4856 0.1337 0.1467
13.5020 0.1327 0.1452
13.5184 0.1316 0.1437
13.5349 0.1306 0.1423
13.5513 0.1296 0.1408
13.5677 0.1286 0.1394
13.5841 0.1276 0.1380
13.6006 0.1266 0.1367
13.6170 0.1256 0.1354
13.6334 0.1246 0.1341
13.6498 0.1236 0.1328
13.6663 0.1226 0.1316
13.6827 0.1216 0.1304
13.6991 0.1206 0.1293
13.7155 0.1197 0.1281
13.7320 0.1187 0.1270
13.7484 0.1177 0.1259
13.7648 0.1168 0.1248
13.7812 0.1158 0.1238
13.7977 0.1148 0.1227
13.8141 0.1139 0.1217
13.8305 0.1129 0.1206
13.8469 0.1119 0.1196
13.8634 0.1109 0.1186
13.8798 0.1099 0.1176
13.8962 0.1089 0.1165
13.9127 0.1079 0.1155
13.9291 0.1069 0.1145
13.9455 0.1059 0.1135
13.9619 0.1049 0.1124
13.9784 0.1038 0.1114
13.9948 0.1028 0.1103
14.0112 0.1018 0.1093
14.0276 0.1007 0.1082
14.0441 0.0997 0.1071
14.0605 0.0986 0.1061
14.0769 0.0976 0.1050
14.0933 0.0966 0.1039
14.1098 0.0955 0.1028
14.1262 0.0945 0.1017
14.1426 0.0935 0.1006
14.1590 0.0926 0.0995
14.1755 0.0916 0.0984
14.1919 0.0907 0.0973
14.2083 0.0897 0.0962
14.2247 0.0888 0.0952
14.2412 0.0879 0.0941
14.2576 0.0871 0.0931
14.2740 0.0862 0.0920
14.2904 0.0854 0.0910
14.3069 0.0846 0.0900
14.3233 0.0838 0.0890
14.3397 0.0830 0.0881
14.3561 0.0823 0.0871
14.3726 0.0815 0.0862
14.3890 0.0807 0.0852
14.4054 0.0800 0.0843
14.4219 0.0792 0.0834
14.4383 0.0785 0.0825
14.4547 0.0777 0.0816
14.4711 0.0770 0.0807
14.4876 0.0762 0.0798
14.5040 0.0755 0.0789
14.5204 0.0747 0.0780
14.5368 0.0739 0.0772
14.5533 0.0732 0.0763
14.5697 0.0724 0.0755
14.5861 0.0716 0.0746
14.6025 0.0708 0.0738
14.6190 0.0701 0.0730
14.6354 0.0693 0.0721
14.6518 0.0685 0.0713
14.6682 0.0677 0.0705
14.6847 0.0670 0.0697
14.7011 0.0662 0.0689
14.7175 0.0654 0.0681
14.7339 0.0646 0.0674
14.7504 0.0639 0.0666
14.7668 0.0631 0.0658
14.7832 0.0623 0.0650
14.7996 0.0616 0.0643
14.8161 0.0608 0.0635
14.8325 0.0601 0.0628
14.8489 0.0594 0.0620
14.8653 0.0586 0.0612
14.8818 0.0579 0.0605
14.8982 0.0572 0.0598
14.9146 0.0565 0.0590
14.9311 0.0558 0.0583
14.9475 0.0552 0.0575
14.9639 0.0545 0.0568
14.9803 0.0539 0.0561
14.9968 0.0532 0.0554
15.0132 0.0526 0.0547
15.0296 0.0520 0.0540
15.0460 0.0513 0.0533
15.0625 0.0507 0.0526
15.0789 0.0501 0.0520
15.0953 0.0496 0.0513
15.1117 0.0490 0.0507
15.1282 0.0484 0.0501
15.1446 0.0478 0.0495
15.1610 0.0473 0.0489
15.1774 0.0467 0.0483
15.1939 0.0462 0.0477
15.2103 0.0456 0.0472
15.2267 0.0451 0.0467
15.2431 0.0445 0.0461
15.2596 0.0440 0.0456
15.2760 0.0435 0.0451
15.2924 0.0429 0.0446
15.3088 0.0424 0.0441
15.3253 0.0419 0.0437
15.3417 0.0414 0.0432
15.3581 0.0408 0.0428
15.3745 0.0403 0.0423
15.3910 0.0398 0.0419
15.4074 0.0393 0.0414
15.4238 0.0389 0.0410
15.4403 0.0384 0.0405
15.4567 0.0379 0.0401
15.4731 0.0374 0.0397
15.4895 0.0370 0.0393
15.5060 0.0365 0.0389
15.5224 0.0361 0.0385
15.5388 0.0357 0.0380
15.5552 0.0353 0.0376
15.5717 0.0349 0.0372
15.5881 0.0345 0.0368
15.6045 0.0341 0.0364
15.6209 0.0337 0.0361
15.6374 0.0333 0.0357
15.6538 0.0330 0.0353
15.6702 0.0326 0.0349
15.6866 0.0323 0.0345
15.7031 0.0319 0.0341
15.7195 0.0316 0.0338
15.7359 0.0313 0.0334
15.7523 0.0309 0.0330
15.7688 0.0306 0.0326
15.7852 0.0303 0.0323
15.8016 0.0300 0.0319
15.8180 0.0297 0.0316
15.8345 0.0294 0.0312
15.8509 0.0291 0.0309
15.8673 0.0288 0.0305
15.8837 0.0286 0.0302
15.9002 0.0283 0.0298
15.9166 0.0280 0.0295
15.9330 0.0277 0.0291
15.9495 0.0275 0.0288
15.9659 0.0272 0.0284
15.9823 0.0269 0.0281
15.9987 0.0267 0.0278
16.0152 0.0264 0.0274
16.0316 0.0261 0.0271
16.0480 0.0259 0.0268
16.0644 0.0256 0.0265
16.0809 0.0254 0.0261
16.0973 0.0251 0.0258
16.1137 0.0249 0.0255
16.1301 0.0247 0.0252
16.1466 0.0244 0.0249
16.1630 0.0242 0.0246
16.1794 0.0240 0.0243
16.1958 0.0237 0.0241
16.2123 0.0235 0.0238
16.2287 0.0233 0.0235
16.2451 0.0231 0.0233
16.2615 0.0229 0.0230
16.2780 0.0227 0.0228
16.2944 0.0224 0.0226
16.3108 0.0222 0.0223
16.3272 0.0220 0.0221
16.3437 0.0218 0.0219
16.3601 0.0216 0.0217
16.3765 0.0214 0.0215
16.3929 0.0212 0.0213
16.4094 0.0210 0.0211
16.4258 0.0208 0.0209
16.4422 0.0206 0.0208
16.4587 0.0204 0.0206
16.4751 0.0202 0.0204
16.4915 0.0200 0.0202
16.5079 0.0198 0.0200
16.5244 0.0196 0.0198
16.5408 0.0194 0.0196
16.5572 0.0192 0.0194
16.5736 0.0190 0.0192
16.5901 0.0188 0.0191
16.6065 0.0186 0.0189
16.6229 0.0185 0.0187
16.6393 0.0183 0.0185
16.6558 0.0181 0.0183
16.6722 0.0179 0.0181
16.6886 0.0177 0.0179
16.7050 0.0176 0.0177
16.7215 0.0174 0.0175
16.7379 0.0172 0.0173
16.7543 0.0170 0.0172
16.7707 0.0168 0.0170
16.7872 0.0167 0.0168
16.8036 0.0165 0.0166
16.8200 0.0163 0.0164
16.8364 0.0162 0.0163
16.8529 0.0160 0.0161
16.8693 0.0158 0.0159
16.8857 0.0156 0.0158
16.9021 0.0155 0.0156
16.9186 0.0153 0.0155
16.9350 0.0151 0.0153
16.9514 0.0150 0.0151
16.9679 0.0148 0.0150
16.9843 0.0147 0.0149
17.0007 0.0145 0.0147
17.0171 0.0144 0.0146
17.0336 0.0142 0.0144
17.0500 0.0141 0.0143
17.0664 0.0139 0.0142
17.0828 0.0138 0.0140
17.0993 0.0137 0.0139
17.1157 0.0135 0.0138
17.1321 0.0134 0.0136
17.1485 0.0133 0.0135
17.1650 0.0131 0.0134
17.1814 0.0130 0.0133
17.1978 0.0129 0.0132
17.2142 0.0127 0.0130
17.2307 0.0126 0.0129
17.2471 0.0125 0.0128
17.2635 0.0124 0.0127
17.2799 0.0123 0.0126
17.2964 0.0121 0.0124
17.3128 0.0120 0.0123
17.3292 0.0119 0.0122
17.3456 0.0118 0.0121
17.3621 0.0117 0.0120
17.3785 0.0116 0.0118
17.3949 0.0115 0.0117
17.4113 0.0114 0.0116
17.4278 0.0113 0.0115
17.4442 0.0112 0.0114
17.4606 0.0111 0.0112
17.4771 0.0110 0.0111
17.4935 0.0109 0.0110
17.5099 0.0108 0.0109
17.5263 0.0107 0.0108
17.5428 0.0106 0.0107
17.5592 0.0105 0.0106
17.5756 0.0104 0.0105
17.5920 0.0103 0.0104
17.6085 0.0102 0.0103
17.6249 0.0101 0.0102
17.6413 0.0100 0.0101
17.6577 0.0099 0.0100
17.6742 0.0098 0.0099
17.6906 0.0097 0.0098
17.7070 0.0096 0.0097
17.7234 0.0095 0.0096
17.7399 0.0094 0.0096
17.7563 0.0093 0.0095
17.7727 0.0092 0.0094
17.7891 0.0091 0.0093
17.8056 0.0090 0.0092
17.8220 0.0089 0.0091
17.8384 0.0088 0.0090
17.8548 0.0088 0.0089
17.8713 0.0087 0.0089
17.8877 0.0086 0.0088
17.9041 0.0085 0.0087
17.9205 0.0084 0.0086
17.9370 0.0084 0.0085
17.9534 0.0083 0.0085
17.9698 0.0082 0.0084
17.9863 0.0081 0.0083
18.0027 0.0081 0.0082
18.0191 0.0080 0.0082
18.0355 0.0079 0.0081
18.0520 0.0078 0.0080
18.0684 0.0078 0.0080
18.0848 0.0077 0.0079
18.1012 0.0076 0.0078
18.1177 0.0076 0.0078
18.1341 0.0075 0.0077
18.1505 0.0074 0.0076
18.1669 0.0073 0.0076
18.1834 0.0073 0.0075
18.1998 0.0072 0.0074
18.2162 0.0071 0.0074
18.2326 0.0071 0.0073
18.2491 0.0070 0.0073
18.2655 0.0069 0.0072
18.2819 0.0069 0.0071
18.2983 0.0068 0.0071
18.3148 0.0068 0.0070
18.3312 0.0067 0.0070
18.3476 0.0066 0.0069
18.3640 0.0066 0.0069
18.3805 0.0065 0.0068
18.3969 0.0065 0.0068
18.4133 0.0064 0.0067
18.4297 0.0064 0.0067
18.4462 0.0063 0.0066
18.4626 0.0063 0.0066
18.4790 0.0062 0.0065
18.4955 0.0062 0.0065
18.5119 0.0062 0.0064
18.5283 0.0061 0.0064
18.5447 0.0061 0.0063
18.5612 0.0060 0.0063
18.5776 0.0060 0.0062
18.5940 0.0059 0.0061
18.6104 0.0059 0.0061
18.6269 0.0058 0.0060
18.6433 0.0058 0.0060
18.6597 0.0058 0.0059
18.6761 0.0057 0.0059
18.6926 0.0057 0.0058
18.7090 0.0056 0.0058
18.7254 0.0056 0.0057
18.7418 0.0055 0.0057
18.7583 0.0055 0.0056
18.7747 0.0054 0.0056
18.7911 0.0054 0.0055
18.8075 0.0053 0.0054
18.8240 0.0053 0.0054
18.8404 0.0052 0.0053
18.8568 0.0052 0.0053
18.8732 0.0051 0.0052
18.8897 0.0051 0.0052
18.9061 0.0050 0.0051
18.9225 0.0050 0.0051
18.9389 0.0049 0.0050
18.9554 0.0049 0.0050
18.9718 0.0048 0.0049
18.9882 0.0048 0.0049
19.0047 0.0047 0.0048
19.0211 0.0047 0.0048
19.0375 0.0047 0.0047
19.0539 0.0046 0.0047
19.0704 0.0046 0.0046
19.0868 0.0045 0.0046
19.1032 0.0045 0.0045
19.1196 0.0045 0.0045
19.1361 0.0044 0.0044
19.1525 0.0044 0.0044
19.1689 0.0044 0.0043
19.1853 0.0043 0.0043
19.2018 0.0043 0.0043
19.2182 0.0043 0.0042
19.2346 0.0042 0.0042
19.2510 0.0042 0.0041
19.2675 0.0042 0.0041
19.2839 0.0042 0.0041
19.3003 0.0041 0.0040
19.3167 0.0041 0.0040
19.3332 0.0041 0.0040
19.3496 0.0040 0.0039
19.3660 0.0040 0.0039
19.3824 0.0040 0.0039
19.3989 0.0040 0.0038
19.4153 0.0039 0.0038
19.4317 0.0039 0.0038
19.4481 0.0039 0.0037
19.4646 0.0039 0.0037
19.4810 0.0038 0.0037
19.4974 0.0038 0.0036
19.5139 0.0038 0.0036
19.5303 0.0038 0.0036
19.5467 0.0037 0.0035
19.5631 0.0037 0.0035
19.5796 0.0037 0.0035
19.5960 0.0036 0.0034
19.6124 0.0036 0.0034
19.6288 0.0036 0.0034
19.6453 0.0036 0.0033
19.6617 0.0035 0.0033
19.6781 0.0035 0.0033
19.6945 0.0035 0.0032
19.7110 0.0034 0.0032
19.7274 0.0034 0.0032
19.7438 0.0034 0.0031
19.7602 0.0034 0.0031
19.7767 0.0033 0.0031
19.7931 0.0033 0.0030
19.8095 0.0033 0.0030
19.8259 0.0033 0.0030
19.8424 0.0032 0.0030
19.8588 0.0032 0.0030
19.8752 0.0032 0.0029
19.8916 0.0032 0.0029
19.9081 0.0031 0.0029
19.9245 0.0031 0.0029
19.9409 0.0031 0.0028
19.9573 0.0031 0.0028
19.9738 0.0030 0.0028
19.9902 0.0030 0.0028
20.0066 0.0030 0.0028
20.0231 0.0030 0.0027
20.0395 0.0029 0.0027
20.0559 0.0029 0.0027
20.0723 0.0029 0.0027
20.0888 0.0028 0.0027
20.1052 0.0028 0.0026
20.1216 0.0028 0.0026
20.1380 0.0028 0.0026
20.1545 0.0027 0.0026
20.1709 0.0027 0.0025
20.1873 0.0027 0.0025
20.2037 0.0027 0.0025
20.2202 0.0026 0.0025
20.2366 0.0026 0.0025
20.2530 0.0026 0.0024
20.2694 0.0026 0.0024
20.2859 0.0026 0.0024
20.3023 0.0025 0.0024
20.3187 0.0025 0.0023
20.3351 0.0025 0.0023
20.3516 0.0025 0.0023
20.3680 0.0025 0.0023
20.3844 0.0025 0.0023
20.4008 0.0025 0.0023
20.4173 0.0024 0.0022
20.4337 0.0024 0.0022
20.4501 0.0024 0.0022
20.4665 0.0024 0.0022
20.4830 0.0024 0.0022
20.4994 0.0024 0.0022
20.5158 0.0024 0.0021
20.5323 0.0024 0.0021
20.5487 0.0023 0.0021
20.5651 0.0023 0.0021
20.5815 0.0023 0.0021
20.5980 0.0023 0.0021
20.6144 0.0023 0.0020
20.6308 0.0023 0.0020
20.6472 0.0022 0.0020
20.6637 0.0022 0.0020
20.6801 0.0022 0.0020
20.6965 0.0022 0.0020
20.7129 0.0022 0.0020
20.7294 0.0022 0.0019
20.7458 0.0021 0.0019
20.7622 0.0021 0.0019
20.7786 0.0021 0.0019
20.7951 0.0021 0.0019
20.8115 0.0021 0.0019
20.8279 0.0020 0.0019
20.8443 0.0020 0.0018
20.8608 0.0020 0.0018
20.8772 0.0020 0.0018
20.8936 0.0020 0.0018
20.9100 0.0020 0.0018
20.9265 0.0019 0.0018
20.9429 0.0019 0.0018
20.9593 0.0019 0.0017
20.9757 0.0019 0.0017
20.9922 0.0019 0.0017
21.0086 0.0019 0.0017
21.0250 0.0018 0.0017
21.0415 0.0018 0.0017
21.0579 0.0018 0.0017
21.0743 0.0018 0.0016
21.0907 0.0018 0.0016
21.1072 0.0018 0.0016
21.1236 0.0018 0.0016
21.1400 0.0017 0.0016
21.1564 0.0017 0.0016
21.1729 0.0017 0.0016
21.1893 0.0017 0.0016
21.2057 0.0017 0.0015
21.2221 0.0017 0.0015
21.2386 0.0017 0.0015
21.2550 0.0017 0.0015
21.2714 0.0016 0.0015
21.2878 0.0016 0.0015
21.3043 0.0016 0.0015
21.3207 0.0016 0.0015
21.3371 0.0016 0.0015
21.3535 0.0016 0.0014
21.3700 0.0016 0.0014
21.3864 0.0016 0.0014
21.4028 0.0015 0.0014
21.4192 0.0015 0.0014
21.4357 0.0015 0.0014
21.4521 0.0015 0.0014
21.4685 0.0015 0.0014
21.4849 0.0015 0.0014
21.5014 0.0015 0.0014
21.5178 0.0015 0.0013
21.5342 0.0015 0.0013
21.5507 0.0014 0.0013
21.5671 0.0014 0.0013
21.5835 0.0014 0.0013
21.5999 0.0014 0.0013
21.6164 0.0014 0.0013
21.6328 0.0014 0.0013
21.6492 0.0014 0.0013
21.6656 0.0014 0.0013
21.6821 0.0014 0.0013
21.6985 0.0014 0.0013
21.7149 0.0013 0.0013
21.7313 0.0013 0.0012
21.7478 0.0013 0.0012
21.7642 0.0013 0.0012
21.7806 0.0013 0.0012
21.7970 0.0013 0.0012
21.8135 0.0013 0.0012
21.8299 0.0013 0.0012
21.8463 0.0013 0.0012
21.8627 0.0013 0.0012
21.8792 0.0012 0.0012
21.8956 0.0012 0.0012
21.9120 0.0012 0.0012
21.9284 0.0012 0.0012
21.9449 0.0012 0.0012
21.9613 0.0012 0.0012
21.9777 0.0012 0.0012
21.9941 0.0012 0.0012
22.0106 0.0012 0.0012
22.0270 0.0012 0.0012
22.0434 0.0012 0.0012
22.0599 0.0012 0.0011
22.0763 0.0011 0.0011
22.0927 0.0011 0.0011
22.1091 0.0011 0.0011
22.1256 0.0011 0.0011
22.1420 0.0011 0.0011
22.1584 0.0011 0.0011
22.1748 0.0011 0.0011
22.1913 0.0011 0.0011
22.2077 0.0011 0.0011
22.2241 0.0011 0.0011
22.2405 0.0011 0.0011
22.2570 0.0011 0.0011
22.2734 0.0010 0.0011
22.2898 0.0010 0.0011
22.3062 0.0010 0.0011
22.3227 0.0010 0.0010
22.3391 0.0010 0.0010
22.3555 0.0010 0.0010
22.3719 0.0010 0.0010
22.3884 0.0010 0.0010
22.4048 0.0010 0.0010
22.4212 0.0010 0.0010
22.4376 0.0010 0.0010
22.4541 0.0010 0.0010
22.4705 0.0010 0.0010
22.4869 0.0010 0.0010
22.5033 0.0010 0.0010
22.5198 0.0010 0.0010
22.5362 0.0009 0.0010
22.5526 0.0009 0.0010
22.5691 0.0009 0.0010
22.5855 0.0009 0.0010
22.6019 0.0009 0.0010
22.6183 0.0009 0.0010
22.6348 0.0009 0.0010
22.6512 0.0009 0.0010
22.6676 0.0009 0.0009
22.6840 0.0009 0.0009
22.7005 0.0009 0.0009
22.7169 0.0009 0.0009
22.7333 0.0009 0.0009
22.7497 0.0009 0.0009
22.7662 0.0009 0.0009
22.7826 0.0009 0.0009
22.7990 0.0009 0.0009
22.8154 0.0009 0.0009
22.8319 0.0009 0.0009
22.8483 0.0009 0.0009
22.8647 0.0009 0.0009
22.8811 0.0009 0.0009
22.8976 0.0009 0.0009
22.9140 0.0009 0.0009
22.9304 0.0008 0.0009
22.9468 0.0008 0.0009
22.9633 0.0008 0.0009
22.9797 0.0008 0.0009
22.9961 0.0008 0.0009
23.0125 0.0008 0.0009
23.0290 0.0008 0.0009
23.0454 0.0008 0.0009
23.0618 0.0008 0.0009
23.0782 0.0008 0.0009
23.0947 0.0008 0.0009
23.1111 0.0008 0.0009
23.1275 0.0008 0.0009
23.1440 0.0008 0.0009
23.1604 0.0008 0.0008
23.1768 0.0008 0.0008
23.1932 0.0008 0.0008
23.2097 0.0008 0.0008
23.2261 0.0008 0.0008
23.2425 0.0008 0.0008
23.2589 0.0008 0.0008
23.2754 0.0008 0.0008
23.2918 0.0008 0.0008
23.3082 0.0008 0.0008
23.3246 0.0008 0.0008
23.3411 0.0008 0.0008
23.3575 0.0008 0.0008
23.3739 0.0008 0.0008
23.3903 0.0008 0.0008
23.4068 0.0008 0.0008
23.4232 0.0008 0.0008
23.4396 0.0008 0.0008
23.4560 0.0007 0.0008
23.4725 0.0007 0.0008
23.4889 0.0007 0.0008
23.5053 0.0007 0.0008
23.5217 0.0007 0.0008
23.5382 0.0007 0.0008
23.5546 0.0007 0.0008
23.5710 0.0007 0.0008
23.5874 0.0007 0.0008
23.6039 0.0007 0.0007
23.6203 0.0007 0.0007
23.6367 0.0007 0.0007
23.6532 0.0007 0.0007
23.6696 0.0007 0.0007
23.6860 0.0007 0.0007
23.7024 0.0007 0.0007
23.7189 0.0007 0.0007
23.7353 0.0007 0.0007
23.7517 0.0007 0.0007
23.7681 0.0007 0.0007
23.7846 0.0007 0.0007
23.8010 0.0007 0.0007
23.8174 0.0007 0.0007
23.8338 0.0007 0.0007
23.8503 0.0007 0.0007
23.8667 0.0007 0.0007
23.8831 0.0007 0.0007
23.8995 0.0007 0.0007
23.9160 0.0007 0.0007
23.9324 0.0007 0.0007
23.9488 0.0007 0.0007
23.9652 0.0007 0.0007
23.9817 0.0007 0.0007
23.9981 0.0006 0.0007
24.0145 0.0006 0.0007
24.0309 0.0006 0.0006
24.0474 0.0006 0.0006
24.0638 0.0006 0.0006
24.0802 0.0006 0.0006
24.0966 0.0006 0.0006
24.1131 0.0006 0.0006
24.1295 0.0006 0.0006
24.1459 0.0006 0.0006
24.1624 0.0006 0.0006
24.1788 0.0006 0.0006
24.1952 0.0006 0.0006
24.2116 0.0006 0.0006
24.2281 0.0006 0.0006
24.2445 0.0006 0.0006
24.2609 0.0006 0.0006
24.2773 0.0006 0.0006
24.2938 0.0005 0.0006
24.3102 0.0005 0.0006
24.3266 0.0005 0.0006
24.3430 0.0005 0.0006
24.3595 0.0005 0.0006
24.3759 0.0005 0.0006
24.3923 0.0005 0.0006
24.4087 0.0005 0.0005
24.4252 0.0005 0.0005
24.4416 0.0005 0.0005
24.4580 0.0005 0.0005
24.4744 0.0005 0.0005
24.4909 0.0005 0.0005
24.5073 0.0005 0.0005
24.5237 0.0005 0.0005
24.5401 0.0005 0.0005
24.5566 0.0005 0.0005
24.5730 0.0004 0.0005
24.5894 0.0004 0.0005
24.6058 0.0004 0.0005
24.6223 0.0004 0.0005
24.6387 0.0004 0.0005
24.6551 0.0004 0.0005
24.6716 0.0004 0.0004
24.6880 0.0004 0.0004
24.7044 0.0004 0.0004
24.7208 0.0004 0.0004
24.7373 0.0004 0.0004
24.7537 0.0004 0.0004
24.7701 0.0004 0.0004
24.7865 0.0004 0.0004
24.8030 0.0004 0.0004
24.8194 0.0004 0.0004
24.8358 0.0004 0.0004
24.8522 0.0004 0.0004
24.8687 0.0004 0.0004
24.8851 0.0003 0.0004
24.9015 0.0003 0.0004
24.9179 0.0003 0.0004
24.9344 0.0003 0.0004
24.9508 0.0003 0.0004
24.9672 0.0003 0.0004
24.9836 0.0003 0.0003
25.0001 0.0003 0.0003
25.0165 0.0003 0.0003
25.0329 0.0003 0.0003
25.0493 0.0003 0.0003
25.0658 0.0003 0.0003
25.0822 0.0003 0.0003
25.0986 0.0003 0.0003
25.1150 0.0003 0.0003
25.1315 0.0003 0.0003
25.1479 0.0003 0.0003
25.1643 0.0003 0.0003
25.1808 0.0003 0.0003
25.1972 0.0003 0.0003
25.2136 0.0003 0.0003
25.2300 0.0003 0.0003
25.2465 0.0003 0.0003
25.2629 0.0003 0.0003
25.2793 0.0003 0.0003
25.2957 0.0002 0.0003
25.3122 0.0002 0.0003
25.3286 0.0002 0.0003
25.3450 0.0002 0.0003
25.3614 0.0002 0.0003
25.3779 0.0002 0.0003
25.3943 0.0002 0.0003
25.4107 0.0002 0.0003
25.4271 0.0002 0.0003
25.4436 0.0002 0.0003
25.4600 0.0002 0.0002
25.4764 0.0002 0.0002
25.4928 0.0002 0.0002
25.5093 0.0002 0.0002
25.5257 0.0002 0.0002
25.5421 0.0002 0.0002
25.5585 0.0002 0.0002
25.5750 0.0002 0.0002
25.5914 0.0002 0.0002
25.6078 0.0002 0.0002
25.6242 0.0002 0.0002
25.6407 0.0002 0.0002
25.6571 0.0002 0.0002
25.6735 0.0002 0.0002
25.6900 0.0002 0.0002
25.7064 0.0002 0.0002
25.7228 0.0002 0.0002
25.7392 0.0002 0.0002
25.7557 0.0002 0.0002
25.7721 0.0002 0.0002
25.7885 0.0002 0.0002
25.8049 0.0002 0.0002
25.8214 0.0002 0.0002
25.8378 0.0002 0.0002
25.8542 0.0002 0.0002
25.8706 0.0002 0.0002
25.8871 0.0002 0.0002
25.9035 0.0002 0.0002
25.9199 0.0002 0.0002
25.9363 0.0002 0.0002
25.9528 0.0002 0.0002
25.9692 0.0002 0.0002
25.9856 0.0002 0.0002
26.0020 0.0002 0.0002
26.0185 0.0002 0.0002
26.0349 0.0002 0.0002
26.0513 0.0002 0.0002
26.0677 0.0002 0.0002
26.0842 0.0002 0.0002
26.1006 0.0001 0.0002
26.1170 0.0001 0.0002
26.1334 0.0001 0.0002
26.1499 0.0001 0.0002
26.1663 0.0001 0.0002
26.1827 0.0001 0.0002
26.1992 0.0001 0.0002
26.2156 0.0001 0.0002
26.2320 0.0001 0.0002
26.2484 0.0001 0.0002
26.2649 0.0001 0.0001
26.2813 0.0001 0.0001
26.2977 0.0001 0.0001
26.3141 0.0001 0.0001
26.3306 0.0001 0.0001
26.3470 0.0001 0.0001
26.3634 0.0001 0.0001
26.3798 0.0001 0.0001
26.3963 0.0001 0.0001
26.4127 0.0001 0.0001
26.4291 0.0001 0.0001
26.4455 0.0001 0.0001
26.4620 0.0001 0.0001
26.4784 0.0001 0.0001
26.4948 0.0001 0.0001
26.5112 0.0001 0.0001
26.5277 0.0001 0.0001
26.5441 0.0001 0.0001
26.5605 0.0001 0.0001
26.5769 0.0001 0.0001
26.5934 0.0001 0.0001
26.6098 0.0001 0.0001
26.6262 0.0001 0.0001
26.6426 0.0001 0.0001
26.6591 0.0001 0.0001
26.6755 0.0001 0.0001
26.6919 0.0001 0.0001
26.7084 0.0001 0.0001
26.7248 0.0001 0.0001
26.7412 0.0001 0.0001
26.7576 0.0001 0.0001
26.7741 0.0001 0.0001
26.7905 0.0001 0.0001
26.8069 0.0001 0.0001
26.8233 0.0001 0.0001
26.8398 0.0001 0.0001
26.8562 0.0001 0.0001
26.8726 0.0001 0.0001
26.8890 0.0001 0.0001
26.9055 0.0001 0.0001
26.9219 0.0001 0.0001
26.9383 0.0001 0.0001
26.9547 0.0001 0.0001
26.9712 0.0001 0.0001
26.9876 0.0001 0.0001
27.0040 0.0001 0.0001
27.0204 0.0001 0.0001
27.0369 0.0001 0.0001
27.0533 0.0001 0.0001
27.0697 0.0001 0.0001
27.0861 0.0001 0.0001
27.1026 0.0001 0.0001
27.1190 0.0001 0.0001
27.1354 0.0001 0.0001
27.1518 0.0001 0.0001
27.1683 0.0001 0.0001
27.1847 0.0001 0.0001
27.2011 0.0001 0.0001
27.2176 0.0001 0.0001
27.2340 0.0001 0.0001
27.2504 0.0001 0.0001
27.2668 0.0001 0.0001
27.2833 0.0001 0.0001
27.2997 0.0001 0.0001
27.3161 0.0001 0.0001
27.3325 0.0001 0.0001
27.3490 0.0001 0.0001
27.3654 0.0001 0.0001
27.3818 0.0001 0.0001
27.3982 0.0001 0.0001
27.4147 0.0001 0.0001
27.4311 0.0001 0.0001
27.4475 0.0000 0.0001
27.4639 0.0000 0.0001
27.4804 0.0000 0.0001
27.4968 0.0000 0.0001
27.5132 0.0000 0.0001
27.5296 0.0000 0.0001
27.5461 0.0000 0.0001
27.5625 0.0000 0.0001
27.5789 0.0000 0.0001
27.5953 0.0000 0.0000
27.6118 0.0000 0.0000
27.6282 0.0000 0.0000
27.6446 0.0000 0.0000
27.6610 0.0000 0.0000
27.6775 0.0000 0.0000
27.6939 0.0000 0.0000
27.7103 0.0000 0.0000
27.7268 0.0000 0.0000
27.7432 0.0000 0.0000
27.7596 0.0000 0.0000
27.7760 0.0000 0.0000
27.7925 0.0000 0.0000
27.8089 0.0000 0.0000
27.8253 0.0000 0.0000
27.8417 0.0000 0.0000
27.8582 0.0000 0.0000
27.8746 0.0000 0.0000
27.8910 0.0000 0.0000
27.9074 0.0000 0.0000
27.9239 0.0000 0.0000
27.9403 0.0000 0.0000
27.9567 0.0000 0.0000
27.9731 0.0000 0.0000
27.9896 0.0000 0.0000
28.0060 0.0000 0.0000
28.0224 0.0000 0.0000
28.0388 0.0000 0.0000
28.0553 0.0000 0.0000
28.0717 0.0000 0.0000
28.0881 0.0000 0.0000
28.1045 0.0000 0.0000
28.1210 0.0000 0.0000
28.1374 0.0000 0.0000
28.1538 0.0000 0.0000
28.1702 0.0000 0.0000
28.1867 0.0000 0.0000
28.2031 0.0000 0.0000
28.2195 0.0000 0.0000
28.2360 0.0000 0.0000
28.2524 0.0000 0.0000
28.2688 0.0000 0.0000
28.2852 0.0000 0.0000
28.3017 0.0000 0.0000
28.3181 0.0000 0.0000
28.3345 0.0000 0.0000
28.3509 0.0000 0.0000
28.3674 0.0000 0.0000
28.3838 0.0000 0.0000
28.4002 0.0000 0.0000
28.4166 0.0000 0.0000
28.4331 0.0000 0.0000
28.4495 0.0000 0.0000
28.4659 0.0000 0.0000
28.4823 0.0000 0.0000
28.4988 0.0000 0.0000
28.5152 0.0000 0.0000
28.5316 0.0000 0.0000
28.5480 0.0000 0.0000
28.5645 0.0000 0.0000
28.5809 0.0000 0.0000
28.5973 0.0000 0.0000
28.6137 0.0000 0.0000
28.6302 0.0000 0.0000
28.6466 0.0000 0.0000
28.6630 0.0000 0.0000
28.6794 0.0000 0.0000
28.6959 0.0000 0.0000
28.7123 0.0000 0.0000
28.7287 0.0000 0.0000
28.7452 0.0000 0.0000
28.7616 0.0000 0.0000
28.7780 0.0000 0.0000
28.7944 0.0000 0.0000
28.8109 0.0000 0.0000
28.8273 0.0000 0.0000
28.8437 0.0000 0.0000
28.8601 0.0000 0.0000
28.8766 0.0000 0.0000
28.8930 0.0000 0.0000
28.9094 0.0000 0.0000
28.9258 0.0000 0.0000
28.9423 0.0000 0.0000
28.9587 0.0000 0.0000
28.9751 0.0000 0.0000
28.9915 0.0000 0.0000
29.0080 0.0000 0.0000
29.0244 0.0000 0.0000
29.0408 0.0000 0.0000
29.0572 0.0000 0.0000
29.0737 0.0000 0.0000
29.0901 0.0000 0.0000
29.1065 0.0000 0.0000
29.1229 0.0000 0.0000
29.1394 0.0000 0.0000
29.1558 0.0000 0.0000
29.1722 0.0000 0.0000
29.1886 0.0000 0.0000
29.2051 0.0000 0.0000
29.2215 0.0000 0.0000
29.2379 0.0000 0.0000
29.2544 0.0000 0.0000
29.2708 0.0000 0.0000
29.2872 0.0000 0.0000
29.3036 0.0000 0.0000
29.3201 0.0000 0.0000
29.3365 0.0000 0.0000
29.3529 0.0000 0.0000
29.3693 0.0000 0.0000
29.3858 0.0000 0.0000
29.4022 0.0000 0.0000
29.4186 0.0000 0.0000
29.4350 0.0000 0.0000
29.4515 0.0000 0.0000
29.4679 0.0000 0.0000
29.4843 0.0000 0.0000
29.5007 0.0000 0.0000
29.5172 0.0000 0.0000
29.5336 0.0000 0.0000
29.5500 0.0000 0.0000
29.5664 0.0000 0.0000
29.5829 0.0000 0.0000
29.5993 0.0000 0.0000
29.6157 0.0000 0.0000
29.6321 0.0000 0.0000
29.6486 0.0000 0.0000
29.6650 0.0000 0.0000
29.6814 0.0000 0.0000
29.6978 0.0000 0.0000
29.7143 0.0000 0.0000
29.7307 0.0000 0.0000
29.7471 0.0000 0.0000
29.7636 0.0000 0.0000
29.7800 0.0000 0.0000
29.7964 0.0000 0.0000
29.8128 0.0000 0.0000
29.8293 0.0000 0.0000
29.8457 0.0000 0.0000
29.8621 0.0000 0.0000
29.8785 0.0000 0.0000
29.8950 0.0000 0.0000
29.9114 0.0000 0.0000
29.9278 0.0000 0.0000
29.9442 0.0000 0.0000
29.9607 0.0000 0.0000
29.9771 0.0000 0.0000
29.9935 0.0000 0.0000
30.0099 0.0000 0.0000
30.0264 0.0000 0.0000
30.0428 0.0000 0.0000
30.0592 0.0000 0.0000
30.0756 0.0000 0.0000
30.0921 0.0000 0.0000
30.1085 0.0000 0.0000
30.1249 0.0000 0.0000
30.1413 0.0000 0.0000
30.1578 0.0000 0.0000
30.1742 0.0000 0.0000
30.1906 0.0000 0.0000
30.2070 0.0000 0.0000
30.2235 0.0000 0.0000
30.2399 0.0000 0.0000
30.2563 0.0000 0.0000
30.2728 0.0000 0.0000
30.2892 0.0000 0.0000
30.3056 0.0000 0.0000
30.3220 0.0000 0.0000
30.3385 0.0000 0.0000
30.3549 0.0000 0.0000
30.3713 0.0000 0.0000
30.3877 0.0000 0.0000
30.4042 0.0000 0.0000
30.4206 0.0000 0.0000
30.4370 0.0000 0.0000
30.4534 0.0000 0.0000
30.4699 0.0000 0.0000
30.4863 0.0000 0.0000
30.5027 0.0000 0.0000
30.5191 0.0000 0.0000
30.5356 0.0000 0.0000
30.5520 0.0000 0.0000
30.5684 0.0000 0.0000
30.5848 0.0000 0.0000
30.6013 0.0000 0.0000
30.6177 0.0000 0.0000
30.6341 0.0000 0.0000
30.6505 0.0000 0.0000
30.6670 0.0000 0.0000
30.6834 0.0000 0.0000
30.6998 0.0000 0.0000
30.7162 0.0000 0.0000
30.7327 0.0000 0.0000
30.7491 0.0000 0.0000
30.7655 0.0000 0.0000
30.7820 0.0000 0.0000
30.7984 0.0000 0.0000
30.8148 0.0000 0.0000
30.8312 0.0000 0.0000
30.8477 0.0000 0.0000
30.8641 0.0000 0.0000
30.8805 0.0000 0.0000
30.8969 0.0000 0.0000
30.9134 0.0000 0.0000
30.9298 0.0000 0.0000
30.9462 0.0000 0.0000
30.9626 0.0000 0.0000
30.9791 0.0000 0.0000
30.9955 0.0000 0.0000
31.0119 0.0000 0.0000
31.0283 0.0000 0.0000
31.0448 0.0000 0.0000
31.0612 0.0000 0.0000
31.0776 0.0000 0.0000
31.0940 0.0000 0.0000
31.1105 0.0000 0.0000
31.1269 0.0000 0.0000
31.1433 0.0000 0.0000
31.1597 0.0000 0.0000
31.1762 0.0000 0.0000
31.1926 0.0000 0.0000
31.2090 0.0000 0.0000
31.2254 0.0000 0.0000
31.2419 0.0000 0.0000
31.2583 0.0000 0.0000
31.2747 0.0000 0.0000
31.2912 0.0000 0.0000
31.3076 0.0000 0.0000
31.3240 0.0000 0.0000
31.3404 0.0000 0.0000
31.3569 0.0000 0.0000
31.3733 0.0000 0.0000
31.3897 0.0000 0.0000
31.4061 0.0000 0.0000
31.4226 0.0000 0.0000
31.4390 0.0000 0.0000
31.4554 0.0000 0.0000
31.4718 0.0000 0.0000
31.4883 0.0000 0.0000
31.5047 0.0000 0.0000
31.5211 0.0000 0.0000
31.5375 0.0000 0.0000
31.5540 0.0000 0.0000
31.5704 0.0000 0.0000
31.5868 0.0000 0.0000
31.6032 0.0000 0.0000
31.6197 0.0000 0.0000
31.6361 0.0000 0.0000
31.6525 0.0000 0.0000
31.6689 0.0000 0.0000
31.6854 0.0000 0.0000
31.7018 0.0000 0.0000
31.7182 0.0000 0.0000
31.7346 0.0000 0.0000
31.7511 0.0000 0.0000
31.7675 0.0000 0.0000
31.7839 0.0000 0.0000
31.8004 0.0000 0.0000
31.8168 0.0000 0.0000
31.8332 0.0000 0.0000
31.8496 0.0000 0.0000
31.8661 0.0000 0.0000
31.8825 0.0000 0.0000
31.8989 0.0000 0.0000
31.9153 0.0000 0.0000
31.9318 0.0000 0.0000
31.9482 0.0000 0.0000
31.9646 0.0000 0.0000
31.9810 0.0000 0.0000
31.9975 0.0000 0.0000
32.0139 0.0000 0.0000
32.0303 0.0000 0.0000
32.0467 0.0000 0.0000
32.0632 0.0000 0.0000
32.0796 0.0000 0.0000
32.0960 0.0000 0.0000
32.1124 0.0000 0.0000
32.1289 0.0000 0.0000
32.1453 0.0000 0.0000
32.1617 0.0000 0.0000
32.1781 0.0000 0.0000
32.1946 0.0000 0.0000
32.2110 0.0000 0.0000
32.2274 0.0000 0.0000
32.2438 0.0000 0.0000
32.2603 0.0000 0.0000
32.2767 0.0000 0.0000
32.2931 0.0000 0.0000
32.3095 0.0000 0.0000
32.3260 0.0000 0.0000
32.3424 0.0000 0.0000
32.3588 0.0000 0.0000
32.3753 0.0000 0.0000
32.3917 0.0000 0.0000
32.4081 0.0000 0.0000
32.4245 0.0000 0.0000
32.4410 0.0000 0.0000
32.4574 0.0000 0.0000
32.4738 0.0000 0.0000
32.4902 0.0000 0.0000
32.5067 0.0000 0.0000
32.5231 0.0000 0.0000
32.5395 0.0000 0.0000
32.5559 0.0000 0.0000
32.5724 0.0000 0.0000
32.5888 0.0000 0.0000
32.6052 0.0000 0.0000
32.6216 0.0000 0.0000
32.6381 0.0000 0.0000
32.6545 0.0000 0.0000
32.6709 0.0000 0.0000
32.6873 0.0000 0.0000
32.7038 0.0000 0.0000
32.7202 0.0000 0.0000
32.7366 0.0000 0.0000
32.7530 0.0000 0.0000
32.7695 0.0000 0.0000
32.7859 0.0000 0.0000
32.8023 0.0000 0.0000
32.8187 0.0000 0.0000
32.8352 0.0000 0.0000
