0.0000 0.0000 0.0000
0.0193 1.4645 1.9377
0.0385 2.9047 3.8345
0.0578 4.2974 5.6515
0.0771 5.6213 7.3536
0.0963 6.8580 8.9110
0.1156 7.9925 10.3003
0.1349 9.0134 11.5053
0.1541 9.9134 12.5167
0.1734 10.6886 13.3323
0.1927 11.3389 13.9561
0.2120 11.8668 14.3973
0.2312 12.2773 14.6692
0.2505 12.5772 14.7878
0.2698 12.7749 14.7713
0.2890 12.8790 14.6381
0.3083 12.8991 14.4069
0.3276 12.8444 14.0956
0.3468 12.7242 13.7207
0.3661 12.5473 13.2976
0.3854 12.3225 12.8401
0.4046 12.0576 12.3605
0.4239 11.7604 11.8694
0.4432 11.4380 11.3764
0.4624 11.0971 10.8896
0.4817 10.7441 10.4158
0.5010 10.3846 9.9607
0.5202 10.0240 9.5288
0.5395 9.6669 9.1236
0.5588 9.3175 8.7475
0.5781 8.9793 8.4015
0.5973 8.6552 8.0861
0.6166 8.3474 7.8005
0.6359 8.0576 7.5432
0.6551 7.7868 7.3122
0.6744 7.5353 7.1048
0.6937 7.3030 6.9180
0.7129 7.0895 6.7486
0.7322 6.8937 6.5935
0.7515 6.7144 6.4495
0.7707 6.5503 6.3140
0.7900 6.3998 6.1845
0.8093 6.2616 6.0590
0.8285 6.1342 5.9363
0.8478 6.0164 5.8153
0.8671 5.9072 5.6956
0.8863 5.8056 5.5774
0.9056 5.7110 5.4611
0.9249 5.6230 5.3474
0.9442 5.5414 5.2372
0.9634 5.4659 5.1314
0.9827 5.3966 5.0311
1.0020 5.3332 4.9369
1.0212 5.2757 4.8496
1.0405 5.2238 4.7695
1.0598 5.1772 4.6967
1.0790 5.1353 4.6311
1.0983 5.0975 4.5723
1.1176 5.0628 4.5197
1.1368 5.0303 4.4726
1.1561 4.9990 4.4303
1.1754 4.9678 4.3920
1.1946 4.9358 4.3571
1.2139 4.9020 4.3249
1.2332 4.8659 4.2949
1.2524 4.8268 4.2667
1.2717 4.7845 4.2403
1.2910 4.7390 4.2156
1.3102 4.6905 4.1927
1.3295 4.6394 4.1717
1.3488 4.5863 4.1530
1.3681 4.5319 4.1368
1.3873 4.4770 4.1234
1.4066 4.4225 4.1133
1.4259 4.3692 4.1064
1.4451 4.3178 4.1031
1.4644 4.2690 4.1033
1.4837 4.2233 4.1069
1.5029 4.1809 4.1138
1.5222 4.1422 4.1235
1.5415 4.1071 4.1356
1.5607 4.0755 4.1495
1.5800 4.0469 4.1647
1.5993 4.0212 4.1803
1.6185 3.9977 4.1958
1.6378 3.9759 4.2105
1.6571 3.9553 4.2236
1.6763 3.9353 4.2346
1.6956 3.9154 4.2431
1.7149 3.8953 4.2488
1.7342 3.8746 4.2514
1.7534 3.8531 4.2510
1.7727 3.8306 4.2477
1.7920 3.8070 4.2418
1.8112 3.7825 4.2336
1.8305 3.7570 4.2237
1.8498 3.7307 4.2125
1.8690 3.7037 4.2007
1.8883 3.6762 4.1888
1.9076 3.6485 4.1773
1.9268 3.6208 4.1666
1.9461 3.5931 4.1571
1.9654 3.5659 4.1490
1.9846 3.5391 4.1422
2.0039 3.5132 4.1367
2.0232 3.4881 4.1323
2.0424 3.4642 4.1284
2.0617 3.4416 4.1247
2.0810 3.4203 4.1203
2.1003 3.4005 4.1147
2.1195 3.3824 4.1072
2.1388 3.3658 4.0969
2.1581 3.3509 4.0834
2.1773 3.3377 4.0661
2.1966 3.3262 4.0446
2.2159 3.3164 4.0188
2.2351 3.3083 3.9888
2.2544 3.3022 3.9548
2.2737 3.2980 3.9174
2.2929 3.2960 3.8771
2.3122 3.2965 3.8349
2.3315 3.2996 3.7917
2.3507 3.3055 3.7483
2.3700 3.3146 3.7058
2.3893 3.3269 3.6651
2.4085 3.3423 3.6268
2.4278 3.3609 3.5916
2.4471 3.3823 3.5598
2.4664 3.4061 3.5316
2.4856 3.4316 3.5069
2.5049 3.4581 3.4855
2.5242 3.4846 3.4669
2.5434 3.5103 3.4506
2.5627 3.5341 3.4359
2.5820 3.5551 3.4221
2.6012 3.5723 3.4086
2.6205 3.5852 3.3946
2.6398 3.5931 3.3798
2.6590 3.5957 3.3637
2.6783 3.5930 3.3461
2.6976 3.5851 3.3271
2.7168 3.5724 3.3067
2.7361 3.5554 3.2851
2.7554 3.5349 3.2628
2.7746 3.5115 3.2402
2.7939 3.4860 3.2177
2.8132 3.4593 3.1960
2.8325 3.4319 3.1754
2.8517 3.4044 3.1563
2.8710 3.3773 3.1393
2.8903 3.3509 3.1243
2.9095 3.3254 3.1117
2.9288 3.3010 3.1015
2.9481 3.2777 3.0937
2.9673 3.2556 3.0881
2.9866 3.2347 3.0845
3.0059 3.2151 3.0828
3.0251 3.1968 3.0827
3.0444 3.1800 3.0840
3.0637 3.1650 3.0863
3.0829 3.1519 3.0894
3.1022 3.1410 3.0931
3.1215 3.1325 3.0971
3.1407 3.1267 3.1013
3.1600 3.1238 3.1056
3.1793 3.1239 3.1099
3.1985 3.1269 3.1141
3.2178 3.1329 3.1182
3.2371 3.1415 3.1222
3.2564 3.1526 3.1264
3.2756 3.1657 3.1307
3.2949 3.1803 3.1353
3.3142 3.1960 3.1405
3.3334 3.2121 3.1463
3.3527 3.2282 3.1529
3.3720 3.2437 3.1605
3.3912 3.2581 3.1690
3.4105 3.2710 3.1787
3.4298 3.2820 3.1892
3.4490 3.2908 3.2007
3.4683 3.2973 3.2127
3.4876 3.3013 3.2251
3.5068 3.3029 3.2374
3.5261 3.3021 3.2492
3.5454 3.2991 3.2599
3.5646 3.2940 3.2690
3.5839 3.2870 3.2760
3.6032 3.2784 3.2803
3.6225 3.2685 3.2816
3.6417 3.2574 3.2794
3.6610 3.2454 3.2734
3.6803 3.2326 3.2636
3.6995 3.2193 3.2500
3.7188 3.2056 3.2327
3.7381 3.1916 3.2120
3.7573 3.1774 3.1885
3.7766 3.1631 3.1626
3.7959 3.1486 3.1350
3.8151 3.1340 3.1065
3.8344 3.1192 3.0779
3.8537 3.1043 3.0500
3.8729 3.0891 3.0237
3.8922 3.0738 2.9997
3.9115 3.0582 2.9788
3.9307 3.0424 2.9618
3.9500 3.0264 2.9492
3.9693 3.0104 2.9416
3.9886 2.9944 2.9394
4.0078 2.9787 2.9428
4.0271 2.9634 2.9519
4.0464 2.9487 2.9667
4.0656 2.9350 2.9869
4.0849 2.9224 3.0119
4.1042 2.9111 3.0412
4.1234 2.9012 3.0738
4.1427 2.8929 3.1088
4.1620 2.8862 3.1450
4.1812 2.8811 3.1813
4.2005 2.8773 3.2163
4.2198 2.8748 3.2488
4.2390 2.8732 3.2775
4.2583 2.8722 3.3014
4.2776 2.8714 3.3194
4.2968 2.8703 3.3309
4.3161 2.8686 3.3350
4.3354 2.8658 3.3316
4.3547 2.8615 3.3203
4.3739 2.8552 3.3012
4.3932 2.8464 3.2745
4.4125 2.8350 3.2406
4.4317 2.8206 3.2001
4.4510 2.8028 3.1535
4.4703 2.7817 3.1015
4.4895 2.7569 3.0449
4.5088 2.7286 2.9845
4.5281 2.6967 2.9210
4.5473 2.6613 2.8553
4.5666 2.6227 2.7879
4.5859 2.5811 2.7196
4.6051 2.5368 2.6511
4.6244 2.4902 2.5829
4.6437 2.4416 2.5155
4.6629 2.3916 2.4495
4.6822 2.3407 2.3852
4.7015 2.2891 2.3230
4.7208 2.2375 2.2630
4.7400 2.1861 2.2056
4.7593 2.1354 2.1508
4.7786 2.0857 2.0987
4.7978 2.0372 2.0492
4.8171 1.9902 2.0022
4.8364 1.9449 1.9576
4.8556 1.9014 1.9153
4.8749 1.8598 1.8751
4.8942 1.8201 1.8367
4.9134 1.7823 1.8001
4.9327 1.7464 1.7650
4.9520 1.7122 1.7313
4.9712 1.6798 1.6990
4.9905 1.6490 1.6679
5.0098 1.6196 1.6380
5.0290 1.5915 1.6093
5.0483 1.5645 1.5817
5.0676 1.5385 1.5553
5.0868 1.5131 1.5300
5.1061 1.4884 1.5059
5.1254 1.4640 1.4828
5.1447 1.4400 1.4607
5.1639 1.4161 1.4396
5.1832 1.3924 1.4194
5.2025 1.3687 1.4000
5.2217 1.3450 1.3812
5.2410 1.3214 1.3630
5.2603 1.2979 1.3454
5.2795 1.2745 1.3281
5.2988 1.2514 1.3111
5.3181 1.2286 1.2943
5.3373 1.2063 1.2777
5.3566 1.1844 1.2613
5.3759 1.1631 1.2450
5.3951 1.1425 1.2289
5.4144 1.1225 1.2129
5.4337 1.1032 1.1970
5.4529 1.0846 1.1812
5.4722 1.0666 1.1657
5.4915 1.0493 1.1503
5.5108 1.0325 1.1351
5.5300 1.0162 1.1201
5.5493 1.0003 1.1053
5.5686 0.9848 1.0906
5.5878 0.9696 1.0760
5.6071 0.9547 1.0615
5.6264 0.9401 1.0471
5.6456 0.9258 1.0326
5.6649 0.9118 1.0181
5.6842 0.8982 1.0034
5.7034 0.8849 0.9886
5.7227 0.8721 0.9736
5.7420 0.8597 0.9584
5.7612 0.8479 0.9430
5.7805 0.8366 0.9275
5.7998 0.8258 0.9119
5.8190 0.8156 0.8962
5.8383 0.8058 0.8805
5.8576 0.7965 0.8649
5.8769 0.7875 0.8495
5.8961 0.7789 0.8344
5.9154 0.7704 0.8196
5.9347 0.7622 0.8053
5.9539 0.7540 0.7915
5.9732 0.7459 0.7783
5.9925 0.7378 0.7658
6.0117 0.7297 0.7538
6.0310 0.7215 0.7426
6.0503 0.7134 0.7321
6.0695 0.7053 0.7221
6.0888 0.6972 0.7129
6.1081 0.6893 0.7041
6.1273 0.6815 0.6960
6.1466 0.6739 0.6882
6.1659 0.6665 0.6808
6.1851 0.6594 0.6738
6.2044 0.6525 0.6669
6.2237 0.6460 0.6602
6.2430 0.6396 0.6536
6.2622 0.6335 0.6469
6.2815 0.6276 0.6403
6.3008 0.6218 0.6335
6.3200 0.6162 0.6267
6.3393 0.6105 0.6197
6.3586 0.6048 0.6126
6.3778 0.5991 0.6055
6.3971 0.5933 0.5983
6.4164 0.5874 0.5910
6.4356 0.5813 0.5838
6.4549 0.5751 0.5766
6.4742 0.5687 0.5696
6.4934 0.5622 0.5627
6.5127 0.5557 0.5560
6.5320 0.5491 0.5495
6.5512 0.5424 0.5433
6.5705 0.5358 0.5373
6.5898 0.5293 0.5316
6.6091 0.5228 0.5262
6.6283 0.5164 0.5211
6.6476 0.5101 0.5162
6.6669 0.5040 0.5115
6.6861 0.4980 0.5071
6.7054 0.4921 0.5029
6.7247 0.4863 0.4988
6.7439 0.4807 0.4950
6.7632 0.4751 0.4913
6.7825 0.4695 0.4878
6.8017 0.4640 0.4845
6.8210 0.4584 0.4813
6.8403 0.4529 0.4783
6.8595 0.4474 0.4754
6.8788 0.4418 0.4726
6.8981 0.4362 0.4700
6.9173 0.4306 0.4675
6.9366 0.4251 0.4652
6.9559 0.4195 0.4629
6.9752 0.4140 0.4608
6.9944 0.4086 0.4587
7.0137 0.4033 0.4567
7.0330 0.3981 0.4548
7.0522 0.3931 0.4529
7.0715 0.3882 0.4510
7.0908 0.3835 0.4492
7.1100 0.3790 0.4473
7.1293 0.3747 0.4455
7.1486 0.3706 0.4436
7.1678 0.3667 0.4416
7.1871 0.3629 0.4397
7.2064 0.3593 0.4376
7.2256 0.3558 0.4355
7.2449 0.3525 0.4333
7.2642 0.3493 0.4311
7.2834 0.3462 0.4287
7.3027 0.3432 0.4262
7.3220 0.3403 0.4237
7.3412 0.3376 0.4209
7.3605 0.3350 0.4181
7.3798 0.3325 0.4151
7.3991 0.3302 0.4120
7.4183 0.3281 0.4087
7.4376 0.3261 0.4053
7.4569 0.3243 0.4016
7.4761 0.3226 0.3978
7.4954 0.3211 0.3937
7.5147 0.3197 0.3895
7.5339 0.3184 0.3851
7.5532 0.3172 0.3806
7.5725 0.3161 0.3759
7.5917 0.3149 0.3710
7.6110 0.3137 0.3660
7.6303 0.3124 0.3610
7.6495 0.3111 0.3558
7.6688 0.3096 0.3507
7.6881 0.3080 0.3456
7.7073 0.3064 0.3405
7.7266 0.3045 0.3355
7.7459 0.3026 0.3306
7.7652 0.3005 0.3258
7.7844 0.2984 0.3212
7.8037 0.2962 0.3167
7.8230 0.2939 0.3123
7.8422 0.2916 0.3082
7.8615 0.2893 0.3042
7.8808 0.2869 0.3004
7.9000 0.2845 0.2968
7.9193 0.2821 0.2933
7.9386 0.2797 0.2901
7.9578 0.2773 0.2870
7.9771 0.2748 0.2842
7.9964 0.2723 0.2815
8.0156 0.2698 0.2790
8.0349 0.2672 0.2767
8.0542 0.2645 0.2747
8.0734 0.2618 0.2728
8.0927 0.2591 0.2711
8.1120 0.2563 0.2696
8.1313 0.2534 0.2683
8.1505 0.2505 0.2671
8.1698 0.2475 0.2661
8.1891 0.2446 0.2652
8.2083 0.2416 0.2645
8.2276 0.2387 0.2638
8.2469 0.2358 0.2632
8.2661 0.2330 0.2627
8.2854 0.2302 0.2622
8.3047 0.2275 0.2617
8.3239 0.2249 0.2613
8.3432 0.2225 0.2608
8.3625 0.2202 0.2604
8.3817 0.2180 0.2599
8.4010 0.2160 0.2594
8.4203 0.2142 0.2588
8.4395 0.2125 0.2582
8.4588 0.2110 0.2576
8.4781 0.2097 0.2570
8.4974 0.2085 0.2562
8.5166 0.2075 0.2555
8.5359 0.2066 0.2547
8.5552 0.2059 0.2538
8.5744 0.2052 0.2529
8.5937 0.2047 0.2518
8.6130 0.2043 0.2508
8.6322 0.2039 0.2496
8.6515 0.2035 0.2483
8.6708 0.2031 0.2469
8.6900 0.2027 0.2454
8.7093 0.2023 0.2438
8.7286 0.2019 0.2421
8.7478 0.2014 0.2403
8.7671 0.2009 0.2384
8.7864 0.2003 0.2364
8.8056 0.1998 0.2343
8.8249 0.1992 0.2322
8.8442 0.1986 0.2301
8.8635 0.1980 0.2280
8.8827 0.1974 0.2259
8.9020 0.1969 0.2239
8.9213 0.1964 0.2219
8.9405 0.1960 0.2200
8.9598 0.1957 0.2182
8.9791 0.1955 0.2165
8.9983 0.1953 0.2149
9.0176 0.1952 0.2134
9.0369 0.1952 0.2119
9.0561 0.1952 0.2106
9.0754 0.1952 0.2094
9.0947 0.1953 0.2083
9.1139 0.1954 0.2073
9.1332 0.1955 0.2063
9.1525 0.1955 0.2054
9.1717 0.1956 0.2046
9.1910 0.1956 0.2039
9.2103 0.1955 0.2033
9.2295 0.1954 0.2028
9.2488 0.1953 0.2023
9.2681 0.1951 0.2020
9.2874 0.1949 0.2018
9.3066 0.1946 0.2017
9.3259 0.1943 0.2017
9.3452 0.1940 0.2018
9.3644 0.1937 0.2020
9.3837 0.1934 0.2024
9.4030 0.1930 0.2028
9.4222 0.1927 0.2033
9.4415 0.1924 0.2040
9.4608 0.1922 0.2047
9.4800 0.1919 0.2054
9.4993 0.1917 0.2062
9.5186 0.1915 0.2071
9.5378 0.1914 0.2080
9.5571 0.1912 0.2089
9.5764 0.1911 0.2098
9.5956 0.1910 0.2107
9.6149 0.1910 0.2116
9.6342 0.1909 0.2125
9.6535 0.1908 0.2135
9.6727 0.1908 0.2144
9.6920 0.1907 0.2153
9.7113 0.1906 0.2162
9.7305 0.1904 0.2172
9.7498 0.1902 0.2182
9.7691 0.1900 0.2193
9.7883 0.1898 0.2204
9.8076 0.1895 0.2217
9.8269 0.1892 0.2230
9.8461 0.1888 0.2245
9.8654 0.1885 0.2261
9.8847 0.1881 0.2280
9.9039 0.1878 0.2300
9.9232 0.1875 0.2322
9.9425 0.1872 0.2346
9.9617 0.1871 0.2373
9.9810 0.1870 0.2401
10.0003 0.1870 0.2432
10.0196 0.1870 0.2465
10.0388 0.1872 0.2499
10.0581 0.1876 0.2534
10.0774 0.1880 0.2571
10.0966 0.1886 0.2608
10.1159 0.1893 0.2646
10.1352 0.1902 0.2683
10.1544 0.1912 0.2720
10.1737 0.1923 0.2755
10.1930 0.1936 0.2790
10.2122 0.1950 0.2823
10.2315 0.1965 0.2855
10.2508 0.1981 0.2884
10.2700 0.1999 0.2912
10.2893 0.2017 0.2938
10.3086 0.2037 0.2962
10.3278 0.2057 0.2984
10.3471 0.2078 0.3005
10.3664 0.2100 0.3025
10.3857 0.2123 0.3043
10.4049 0.2146 0.3061
10.4242 0.2170 0.3078
10.4435 0.2195 0.3094
10.4627 0.2221 0.3110
10.4820 0.2247 0.3125
10.5013 0.2275 0.3140
10.5205 0.2303 0.3155
10.5398 0.2333 0.3170
10.5591 0.2364 0.3184
10.5783 0.2397 0.3199
10.5976 0.2431 0.3214
10.6169 0.2467 0.3229
10.6361 0.2505 0.3245
10.6554 0.2544 0.3261
10.6747 0.2585 0.3277
10.6939 0.2628 0.3294
10.7132 0.2672 0.3312
10.7325 0.2718 0.3331
10.7518 0.2765 0.3351
10.7710 0.2814 0.3372
10.7903 0.2864 0.3395
10.8096 0.2915 0.3420
10.8288 0.2966 0.3445
10.8481 0.3018 0.3473
10.8674 0.3071 0.3502
10.8866 0.3125 0.3533
10.9059 0.3178 0.3566
10.9252 0.3232 0.3600
10.9444 0.3286 0.3636
10.9637 0.3340 0.3674
10.9830 0.3394 0.3713
11.0022 0.3448 0.3753
11.0215 0.3502 0.3795
11.0408 0.3557 0.3838
11.0600 0.3611 0.3882
11.0793 0.3667 0.3928
11.0986 0.3723 0.3975
11.1178 0.3780 0.4023
11.1371 0.3837 0.4073
11.1564 0.3897 0.4125
11.1757 0.3957 0.4179
11.1949 0.4019 0.4235
11.2142 0.4083 0.4294
11.2335 0.4149 0.4355
11.2527 0.4218 0.4420
11.2720 0.4288 0.4489
11.2913 0.4361 0.4561
11.3105 0.4437 0.4637
11.3298 0.4515 0.4717
11.3491 0.4596 0.4802
11.3683 0.4679 0.4891
11.3876 0.4766 0.4985
11.4069 0.4856 0.5083
11.4261 0.4948 0.5185
11.4454 0.5044 0.5292
11.4647 0.5143 0.5403
11.4839 0.5244 0.5517
11.5032 0.5349 0.5635
11.5225 0.5458 0.5757
11.5418 0.5569 0.5881
11.5610 0.5683 0.6009
11.5803 0.5801 0.6139
11.5996 0.5923 0.6272
11.6188 0.6048 0.6407
11.6381 0.6177 0.6544
11.6574 0.6309 0.6684
11.6766 0.6446 0.6825
11.6959 0.6586 0.6969
11.7152 0.6731 0.7115
11.7344 0.6879 0.7262
11.7537 0.7032 0.7411
11.7730 0.7188 0.7562
11.7922 0.7347 0.7714
11.8115 0.7510 0.7867
11.8308 0.7674 0.8021
11.8500 0.7841 0.8175
11.8693 0.8008 0.8329
11.8886 0.8176 0.8482
11.9079 0.8344 0.8633
11.9271 0.8510 0.8783
11.9464 0.8675 0.8930
11.9657 0.8837 0.9073
11.9849 0.8996 0.9213
12.0042 0.9152 0.9349
12.0235 0.9304 0.9480
12.0427 0.9453 0.9607
12.0620 0.9598 0.9728
12.0813 0.9740 0.9844
12.1005 0.9878 0.9955
12.1198 1.0014 1.0062
12.1391 1.0146 1.0164
12.1583 1.0276 1.0263
12.1776 1.0403 1.0358
12.1969 1.0528 1.0450
12.2161 1.0651 1.0540
12.2354 1.0771 1.0629
12.2547 1.0890 1.0716
12.2740 1.1006 1.0803
12.2932 1.1121 1.0890
12.3125 1.1233 1.0977
12.3318 1.1343 1.1066
12.3510 1.1451 1.1156
12.3703 1.1557 1.1247
12.3896 1.1660 1.1339
12.4088 1.1762 1.1433
12.4281 1.1861 1.1529
12.4474 1.1957 1.1626
12.4666 1.2051 1.1723
12.4859 1.2143 1.1821
12.5052 1.2233 1.1919
12.5244 1.2319 1.2017
12.5437 1.2404 1.2113
12.5630 1.2485 1.2208
12.5822 1.2564 1.2300
12.6015 1.2641 1.2389
12.6208 1.2714 1.2475
12.6401 1.2785 1.2557
12.6593 1.2853 1.2635
12.6786 1.2918 1.2708
12.6979 1.2982 1.2776
12.7171 1.3043 1.2840
12.7364 1.3102 1.2900
12.7557 1.3160 1.2956
12.7749 1.3217 1.3008
12.7942 1.3273 1.3057
12.8135 1.3329 1.3104
12.8327 1.3386 1.3149
12.8520 1.3444 1.3194
12.8713 1.3503 1.3239
12.8905 1.3564 1.3285
12.9098 1.3627 1.3333
12.9291 1.3693 1.3383
12.9483 1.3761 1.3436
12.9676 1.3831 1.3492
12.9869 1.3904 1.3551
13.0062 1.3978 1.3614
13.0254 1.4054 1.3680
13.0447 1.4130 1.3748
13.0640 1.4207 1.3819
13.0832 1.4283 1.3893
13.1025 1.4358 1.3967
13.1218 1.4431 1.4042
13.1410 1.4503 1.4116
13.1603 1.4572 1.4190
13.1796 1.4639 1.4262
13.1988 1.4704 1.4332
13.2181 1.4766 1.4400
13.2374 1.4827 1.4464
13.2566 1.4886 1.4525
13.2759 1.4945 1.4583
13.2952 1.5003 1.4636
13.3144 1.5062 1.4686
13.3337 1.5122 1.4732
13.3530 1.5184 1.4774
13.3722 1.5248 1.4813
13.3915 1.5315 1.4849
13.4108 1.5386 1.4882
13.4301 1.5462 1.4913
13.4493 1.5542 1.4942
13.4686 1.5626 1.4970
13.4879 1.5715 1.4997
13.5071 1.5809 1.5025
13.5264 1.5906 1.5052
13.5457 1.6007 1.5080
13.5649 1.6111 1.5109
13.5842 1.6218 1.5140
13.6035 1.6326 1.5172
13.6227 1.6435 1.5205
13.6420 1.6544 1.5240
13.6613 1.6653 1.5276
13.6805 1.6761 1.5314
13.6998 1.6867 1.5352
13.7191 1.6972 1.5391
13.7383 1.7074 1.5430
13.7576 1.7175 1.5468
13.7769 1.7272 1.5506
13.7962 1.7368 1.5544
13.8154 1.7460 1.5580
13.8347 1.7548 1.5614
13.8540 1.7633 1.5647
13.8732 1.7714 1.5677
13.8925 1.7789 1.5704
13.9118 1.7858 1.5728
13.9310 1.7920 1.5748
13.9503 1.7974 1.5762
13.9696 1.8019 1.5771
13.9888 1.8055 1.5774
14.0081 1.8079 1.5768
14.0274 1.8092 1.5754
14.0466 1.8092 1.5730
14.0659 1.8080 1.5695
14.0852 1.8054 1.5649
14.1044 1.8015 1.5591
14.1237 1.7962 1.5520
14.1430 1.7895 1.5436
14.1623 1.7815 1.5340
14.1815 1.7722 1.5231
14.2008 1.7616 1.5110
14.2201 1.7499 1.4979
14.2393 1.7372 1.4837
14.2586 1.7234 1.4685
14.2779 1.7088 1.4526
14.2971 1.6934 1.4361
14.3164 1.6773 1.4189
14.3357 1.6607 1.4015
14.3549 1.6436 1.3837
14.3742 1.6261 1.3658
14.3935 1.6084 1.3480
14.4127 1.5904 1.3303
14.4320 1.5722 1.3128
14.4513 1.5540 1.2958
14.4705 1.5356 1.2792
14.4898 1.5171 1.2632
14.5091 1.4985 1.2478
14.5284 1.4799 1.2331
14.5476 1.4613 1.2191
14.5669 1.4428 1.2059
14.5862 1.4242 1.1934
14.6054 1.4058 1.1817
14.6247 1.3875 1.1708
14.6440 1.3694 1.1605
14.6632 1.3516 1.1508
14.6825 1.3342 1.1418
14.7018 1.3171 1.1332
14.7210 1.3005 1.1252
14.7403 1.2844 1.1175
14.7596 1.2688 1.1101
14.7788 1.2537 1.1031
14.7981 1.2392 1.0963
14.8174 1.2253 1.0897
14.8366 1.2119 1.0832
14.8559 1.1989 1.0769
14.8752 1.1864 1.0707
14.8945 1.1744 1.0646
14.9137 1.1626 1.0585
14.9330 1.1512 1.0526
14.9523 1.1400 1.0467
14.9715 1.1290 1.0409
14.9908 1.1181 1.0351
15.0101 1.1073 1.0295
15.0293 1.0966 1.0239
15.0486 1.0859 1.0184
15.0679 1.0753 1.0129
15.0871 1.0646 1.0076
15.1064 1.0538 1.0023
15.1257 1.0431 0.9972
15.1449 1.0323 0.9921
15.1642 1.0215 0.9870
15.1835 1.0106 0.9820
15.2027 0.9996 0.9771
15.2220 0.9886 0.9722
15.2413 0.9776 0.9673
15.2605 0.9665 0.9623
15.2798 0.9553 0.9573
15.2991 0.9441 0.9522
15.3184 0.9328 0.9470
15.3376 0.9214 0.9416
15.3569 0.9100 0.9360
15.3762 0.8985 0.9302
15.3954 0.8869 0.9240
15.4147 0.8752 0.9175
15.4340 0.8635 0.9107
15.4532 0.8518 0.9034
15.4725 0.8400 0.8957
15.4918 0.8283 0.8875
15.5110 0.8166 0.8789
15.5303 0.8049 0.8697
15.5496 0.7933 0.8601
15.5688 0.7819 0.8500
15.5881 0.7705 0.8395
15.6074 0.7593 0.8285
15.6266 0.7482 0.8171
15.6459 0.7373 0.8054
15.6652 0.7265 0.7934
15.6845 0.7160 0.7811
15.7037 0.7056 0.7686
15.7230 0.6954 0.7559
15.7423 0.6854 0.7431
15.7615 0.6757 0.7302
15.7808 0.6661 0.7171
15.8001 0.6567 0.7040
15.8193 0.6476 0.6909
15.8386 0.6386 0.6778
15.8579 0.6299 0.6647
15.8771 0.6213 0.6516
15.8964 0.6129 0.6385
15.9157 0.6047 0.6254
15.9349 0.5967 0.6125
15.9542 0.5889 0.5996
15.9735 0.5811 0.5868
15.9927 0.5736 0.5741
16.0120 0.5662 0.5615
16.0313 0.5589 0.5491
16.0506 0.5517 0.5368
16.0698 0.5446 0.5248
16.0891 0.5377 0.5129
16.1084 0.5308 0.5013
16.1276 0.5241 0.4900
16.1469 0.5175 0.4789
16.1662 0.5110 0.4682
16.1854 0.5046 0.4578
16.2047 0.4983 0.4478
16.2240 0.4922 0.4381
16.2432 0.4862 0.4289
16.2625 0.4803 0.4200
16.2818 0.4745 0.4116
16.3010 0.4688 0.4035
16.3203 0.4633 0.3958
16.3396 0.4579 0.3885
16.3588 0.4525 0.3816
16.3781 0.4473 0.3750
16.3974 0.4421 0.3687
16.4167 0.4370 0.3627
16.4359 0.4319 0.3570
16.4552 0.4269 0.3516
16.4745 0.4219 0.3464
16.4937 0.4170 0.3415
16.5130 0.4121 0.3367
16.5323 0.4072 0.3322
16.5515 0.4023 0.3278
16.5708 0.3974 0.3236
16.5901 0.3926 0.3195
16.6093 0.3878 0.3156
16.6286 0.3830 0.3119
16.6479 0.3783 0.3083
16.6671 0.3736 0.3048
16.6864 0.3690 0.3015
16.7057 0.3644 0.2983
16.7249 0.3599 0.2952
16.7442 0.3555 0.2923
16.7635 0.3510 0.2894
16.7828 0.3467 0.2867
16.8020 0.3423 0.2841
16.8213 0.3380 0.2815
16.8406 0.3336 0.2791
16.8598 0.3293 0.2768
16.8791 0.3249 0.2746
16.8984 0.3205 0.2725
16.9176 0.3161 0.2705
16.9369 0.3116 0.2686
16.9562 0.3071 0.2668
16.9754 0.3025 0.2651
16.9947 0.2979 0.2636
17.0140 0.2934 0.2621
17.0332 0.2888 0.2607
17.0525 0.2842 0.2594
17.0718 0.2796 0.2581
17.0910 0.2751 0.2569
17.1103 0.2707 0.2558
17.1296 0.2663 0.2547
17.1488 0.2620 0.2537
17.1681 0.2578 0.2526
17.1874 0.2537 0.2515
17.2067 0.2497 0.2505
17.2259 0.2459 0.2494
17.2452 0.2421 0.2483
17.2645 0.2385 0.2471
17.2837 0.2350 0.2459
17.3030 0.2316 0.2446
17.3223 0.2283 0.2433
17.3415 0.2251 0.2420
17.3608 0.2220 0.2406
17.3801 0.2190 0.2392
17.3993 0.2160 0.2377
17.4186 0.2131 0.2362
17.4379 0.2103 0.2346
17.4571 0.2075 0.2330
17.4764 0.2047 0.2312
17.4957 0.2019 0.2295
17.5149 0.1992 0.2276
17.5342 0.1965 0.2257
17.5535 0.1938 0.2236
17.5728 0.1912 0.2214
17.5920 0.1885 0.2191
17.6113 0.1859 0.2167
17.6306 0.1833 0.2142
17.6498 0.1808 0.2116
17.6691 0.1783 0.2088
17.6884 0.1758 0.2059
17.7076 0.1734 0.2029
17.7269 0.1710 0.1998
17.7462 0.1687 0.1967
17.7654 0.1664 0.1935
17.7847 0.1642 0.1902
17.8040 0.1620 0.1869
17.8232 0.1599 0.1835
17.8425 0.1578 0.1802
17.8618 0.1557 0.1768
17.8810 0.1537 0.1735
17.9003 0.1517 0.1701
17.9196 0.1497 0.1668
17.9389 0.1478 0.1636
17.9581 0.1459 0.1604
17.9774 0.1440 0.1572
17.9967 0.1422 0.1541
18.0159 0.1403 0.1511
18.0352 0.1385 0.1481
18.0545 0.1368 0.1452
18.0737 0.1350 0.1424
18.0930 0.1333 0.1397
18.1123 0.1316 0.1370
18.1315 0.1299 0.1344
18.1508 0.1282 0.1319
18.1701 0.1266 0.1295
18.1893 0.1249 0.1271
18.2086 0.1233 0.1248
18.2279 0.1217 0.1225
18.2471 0.1201 0.1202
18.2664 0.1186 0.1181
18.2857 0.1170 0.1159
18.3050 0.1155 0.1138
18.3242 0.1140 0.1117
18.3435 0.1125 0.1096
18.3628 0.1111 0.1076
18.3820 0.1096 0.1056
18.4013 0.1082 0.1036
18.4206 0.1068 0.1016
18.4398 0.1053 0.0997
18.4591 0.1039 0.0978
18.4784 0.1025 0.0959
18.4976 0.1011 0.0941
18.5169 0.0997 0.0923
18.5362 0.0983 0.0905
18.5554 0.0969 0.0888
18.5747 0.0955 0.0871
18.5940 0.0940 0.0855
18.6132 0.0926 0.0838
18.6325 0.0912 0.0823
18.6518 0.0898 0.0807
18.6711 0.0884 0.0792
18.6903 0.0870 0.0778
18.7096 0.0856 0.0763
18.7289 0.0842 0.0750
18.7481 0.0829 0.0736
18.7674 0.0815 0.0723
18.7867 0.0802 0.0710
18.8059 0.0789 0.0698
18.8252 0.0776 0.0686
18.8445 0.0763 0.0674
18.8637 0.0750 0.0663
18.8830 0.0738 0.0652
18.9023 0.0726 0.0641
18.9215 0.0714 0.0631
18.9408 0.0703 0.0621
18.9601 0.0692 0.0611
18.9793 0.0681 0.0601
18.9986 0.0670 0.0592
19.0179 0.0659 0.0584
19.0372 0.0649 0.0575
19.0564 0.0639 0.0567
19.0757 0.0629 0.0559
19.0950 0.0620 0.0551
19.1142 0.0611 0.0544
19.1335 0.0602 0.0537
19.1528 0.0593 0.0530
19.1720 0.0585 0.0523
19.1913 0.0576 0.0517
19.2106 0.0568 0.0511
19.2298 0.0561 0.0504
19.2491 0.0553 0.0499
19.2684 0.0546 0.0493
19.2876 0.0539 0.0487
19.3069 0.0532 0.0481
19.3262 0.0526 0.0476
19.3454 0.0519 0.0470
19.3647 0.0513 0.0465
19.3840 0.0507 0.0460
19.4032 0.0501 0.0454
19.4225 0.0495 0.0449
19.4418 0.0489 0.0444
19.4611 0.0483 0.0438
19.4803 0.0477 0.0433
19.4996 0.0471 0.0428
19.5189 0.0465 0.0423
19.5381 0.0459 0.0418
19.5574 0.0454 0.0413
19.5767 0.0448 0.0408
19.5959 0.0442 0.0403
19.6152 0.0436 0.0398
19.6345 0.0430 0.0393
19.6537 0.0424 0.0389
19.6730 0.0419 0.0384
19.6923 0.0413 0.0379
19.7115 0.0407 0.0375
19.7308 0.0402 0.0370
19.7501 0.0396 0.0365
19.7693 0.0391 0.0361
19.7886 0.0386 0.0356
19.8079 0.0381 0.0352
19.8272 0.0376 0.0347
19.8464 0.0371 0.0343
19.8657 0.0366 0.0339
19.8850 0.0361 0.0334
19.9042 0.0357 0.0330
19.9235 0.0352 0.0325
19.9428 0.0348 0.0321
19.9620 0.0343 0.0317
19.9813 0.0339 0.0313
20.0006 0.0334 0.0309
20.0198 0.0330 0.0305
20.0391 0.0326 0.0301
20.0584 0.0322 0.0297
20.0776 0.0318 0.0293
20.0969 0.0314 0.0289
20.1162 0.0310 0.0285
20.1354 0.0306 0.0282
20.1547 0.0302 0.0278
20.1740 0.0298 0.0275
20.1933 0.0294 0.0271
20.2125 0.0291 0.0268
20.2318 0.0287 0.0265
20.2511 0.0283 0.0262
20.2703 0.0280 0.0258
20.2896 0.0277 0.0255
20.3089 0.0273 0.0252
20.3281 0.0270 0.0250
20.3474 0.0267 0.0247
20.3667 0.0264 0.0244
20.3859 0.0261 0.0242
20.4052 0.0259 0.0239
20.4245 0.0256 0.0237
20.4437 0.0253 0.0235
20.4630 0.0251 0.0232
20.4823 0.0249 0.0230
20.5015 0.0246 0.0228
20.5208 0.0244 0.0226
20.5401 0.0242 0.0224
20.5594 0.0240 0.0223
20.5786 0.0238 0.0221
20.5979 0.0236 0.0219
20.6172 0.0234 0.0217
20.6364 0.0232 0.0216
20.6557 0.0230 0.0214
20.6750 0.0229 0.0213
20.6942 0.0227 0.0211
20.7135 0.0226 0.0210
20.7328 0.0224 0.0208
20.7520 0.0223 0.0207
20.7713 0.0221 0.0205
20.7906 0.0220 0.0204
20.8098 0.0218 0.0202
20.8291 0.0217 0.0201
20.8484 0.0215 0.0199
20.8676 0.0214 0.0197
20.8869 0.0212 0.0196
20.9062 0.0210 0.0194
20.9255 0.0209 0.0193
20.9447 0.0207 0.0191
20.9640 0.0205 0.0190
20.9833 0.0203 0.0188
21.0025 0.0200 0.0186
21.0218 0.0198 0.0185
21.0411 0.0196 0.0183
21.0603 0.0193 0.0181
21.0796 0.0191 0.0179
21.0989 0.0189 0.0178
21.1181 0.0186 0.0176
21.1374 0.0184 0.0174
21.1567 0.0182 0.0172
21.1759 0.0180 0.0171
21.1952 0.0177 0.0169
21.2145 0.0175 0.0167
21.2337 0.0174 0.0165
21.2530 0.0172 0.0164
21.2723 0.0170 0.0162
21.2915 0.0168 0.0161
21.3108 0.0167 0.0159
21.3301 0.0165 0.0157
21.3494 0.0164 0.0156
21.3686 0.0162 0.0154
21.3879 0.0161 0.0153
21.4072 0.0160 0.0151
21.4264 0.0158 0.0150
21.4457 0.0157 0.0148
21.4650 0.0156 0.0147
21.4842 0.0154 0.0146
21.5035 0.0153 0.0144
21.5228 0.0152 0.0143
21.5420 0.0150 0.0141
21.5613 0.0149 0.0140
21.5806 0.0147 0.0139
21.5998 0.0146 0.0137
21.6191 0.0145 0.0136
21.6384 0.0143 0.0135
21.6576 0.0142 0.0134
21.6769 0.0141 0.0132
21.6962 0.0140 0.0131
21.7155 0.0138 0.0130
21.7347 0.0137 0.0129
21.7540 0.0136 0.0128
21.7733 0.0135 0.0127
21.7925 0.0134 0.0126
21.8118 0.0133 0.0125
21.8311 0.0132 0.0124
21.8503 0.0131 0.0123
21.8696 0.0130 0.0122
21.8889 0.0129 0.0121
21.9081 0.0128 0.0120
21.9274 0.0127 0.0119
21.9467 0.0126 0.0119
21.9659 0.0125 0.0118
21.9852 0.0124 0.0117
22.0045 0.0123 0.0116
22.0237 0.0123 0.0115
22.0430 0.0122 0.0115
22.0623 0.0121 0.0114
22.0816 0.0120 0.0113
22.1008 0.0119 0.0112
22.1201 0.0119 0.0112
22.1394 0.0118 0.0111
22.1586 0.0117 0.0110
22.1779 0.0117 0.0109
22.1972 0.0116 0.0109
22.2164 0.0116 0.0108
22.2357 0.0115 0.0108
22.2550 0.0115 0.0107
22.2742 0.0114 0.0106
22.2935 0.0114 0.0106
22.3128 0.0113 0.0105
22.3320 0.0113 0.0105
22.3513 0.0112 0.0104
22.3706 0.0112 0.0104
22.3898 0.0111 0.0104
22.4091 0.0111 0.0103
22.4284 0.0110 0.0103
22.4477 0.0110 0.0103
22.4669 0.0109 0.0102
22.4862 0.0108 0.0102
22.5055 0.0108 0.0102
22.5247 0.0107 0.0101
22.5440 0.0107 0.0101
22.5633 0.0106 0.0101
22.5825 0.0106 0.0100
22.6018 0.0105 0.0100
22.6211 0.0105 0.0100
22.6403 0.0104 0.0100
22.6596 0.0104 0.0099
22.6789 0.0103 0.0099
22.6981 0.0103 0.0099
22.7174 0.0102 0.0099
22.7367 0.0102 0.0099
22.7559 0.0101 0.0099
22.7752 0.0101 0.0099
22.7945 0.0100 0.0099
22.8138 0.0100 0.0098
22.8330 0.0100 0.0098
22.8523 0.0100 0.0098
22.8716 0.0099 0.0099
22.8908 0.0099 0.0099
22.9101 0.0099 0.0099
22.9294 0.0099 0.0099
22.9486 0.0099 0.0099
22.9679 0.0099 0.0099
22.9872 0.0099 0.0099
23.0064 0.0099 0.0099
23.0257 0.0099 0.0099
23.0450 0.0099 0.0099
23.0642 0.0099 0.0099
23.0835 0.0099 0.0099
23.1028 0.0099 0.0099
23.1220 0.0099 0.0099
23.1413 0.0099 0.0099
23.1606 0.0100 0.0098
23.1798 0.0100 0.0098
23.1991 0.0100 0.0098
23.2184 0.0100 0.0098
23.2377 0.0100 0.0098
23.2569 0.0100 0.0098
23.2762 0.0100 0.0098
23.2955 0.0100 0.0098
23.3147 0.0100 0.0098
23.3340 0.0100 0.0098
23.3533 0.0100 0.0098
23.3725 0.0100 0.0098
23.3918 0.0100 0.0098
23.4111 0.0100 0.0098
23.4303 0.0100 0.0098
23.4496 0.0100 0.0098
23.4689 0.0100 0.0099
23.4881 0.0100 0.0099
23.5074 0.0100 0.0099
23.5267 0.0100 0.0099
23.5459 0.0100 0.0099
23.5652 0.0101 0.0100
23.5845 0.0101 0.0100
23.6038 0.0101 0.0100
23.6230 0.0101 0.0100
23.6423 0.0101 0.0100
23.6616 0.0101 0.0101
23.6808 0.0101 0.0101
23.7001 0.0101 0.0101
23.7194 0.0101 0.0101
23.7386 0.0101 0.0102
23.7579 0.0102 0.0102
23.7772 0.0102 0.0102
23.7964 0.0102 0.0102
23.8157 0.0102 0.0102
23.8350 0.0102 0.0103
23.8542 0.0102 0.0103
23.8735 0.0103 0.0103
23.8928 0.0103 0.0103
23.9120 0.0103 0.0103
23.9313 0.0103 0.0104
23.9506 0.0103 0.0104
23.9699 0.0104 0.0104
23.9891 0.0104 0.0104
24.0084 0.0104 0.0105
24.0277 0.0104 0.0105
24.0469 0.0105 0.0105
24.0662 0.0105 0.0105
24.0855 0.0105 0.0106
24.1047 0.0106 0.0106
24.1240 0.0106 0.0106
24.1433 0.0106 0.0106
24.1625 0.0107 0.0106
24.1818 0.0107 0.0107
24.2011 0.0107 0.0107
24.2203 0.0108 0.0107
24.2396 0.0108 0.0107
24.2589 0.0108 0.0107
24.2781 0.0109 0.0107
24.2974 0.0109 0.0107
24.3167 0.0109 0.0107
24.3360 0.0109 0.0107
24.3552 0.0110 0.0107
24.3745 0.0110 0.0107
24.3938 0.0110 0.0107
24.4130 0.0110 0.0107
24.4323 0.0110 0.0107
24.4516 0.0110 0.0107
24.4708 0.0110 0.0107
24.4901 0.0110 0.0107
24.5094 0.0110 0.0107
24.5286 0.0110 0.0107
24.5479 0.0110 0.0107
24.5672 0.0110 0.0107
24.5864 0.0110 0.0107
24.6057 0.0110 0.0107
24.6250 0.0110 0.0107
24.6442 0.0110 0.0107
24.6635 0.0110 0.0107
24.6828 0.0110 0.0106
24.7021 0.0110 0.0106
24.7213 0.0109 0.0106
24.7406 0.0109 0.0105
24.7599 0.0109 0.0105
24.7791 0.0108 0.0105
24.7984 0.0108 0.0104
24.8177 0.0107 0.0103
24.8369 0.0107 0.0103
24.8562 0.0106 0.0102
24.8755 0.0105 0.0101
24.8947 0.0104 0.0101
24.9140 0.0104 0.0100
24.9333 0.0103 0.0099
24.9525 0.0102 0.0098
24.9718 0.0101 0.0097
24.9911 0.0100 0.0096
25.0103 0.0099 0.0095
25.0296 0.0098 0.0094
25.0489 0.0096 0.0092
25.0681 0.0095 0.0091
25.0874 0.0094 0.0090
25.1067 0.0092 0.0088
25.1260 0.0091 0.0087
25.1452 0.0090 0.0086
25.1645 0.0088 0.0084
25.1838 0.0087 0.0083
25.2030 0.0085 0.0082
25.2223 0.0083 0.0080
25.2416 0.0082 0.0079
25.2608 0.0080 0.0077
25.2801 0.0079 0.0076
25.2994 0.0077 0.0075
25.3186 0.0075 0.0074
25.3379 0.0074 0.0072
25.3572 0.0072 0.0071
25.3764 0.0071 0.0070
25.3957 0.0069 0.0069
25.4150 0.0068 0.0068
25.4342 0.0067 0.0067
25.4535 0.0066 0.0066
25.4728 0.0064 0.0065
25.4921 0.0063 0.0064
25.5113 0.0062 0.0064
25.5306 0.0061 0.0063
25.5499 0.0060 0.0062
25.5691 0.0059 0.0061
25.5884 0.0059 0.0061
25.6077 0.0058 0.0060
25.6269 0.0057 0.0059
25.6462 0.0056 0.0059
25.6655 0.0056 0.0058
25.6847 0.0055 0.0058
25.7040 0.0055 0.0057
25.7233 0.0054 0.0057
25.7425 0.0054 0.0056
25.7618 0.0054 0.0056
25.7811 0.0053 0.0056
25.8003 0.0053 0.0055
25.8196 0.0053 0.0055
25.8389 0.0053 0.0055
25.8582 0.0053 0.0054
25.8774 0.0052 0.0054
25.8967 0.0052 0.0054
25.9160 0.0052 0.0054
25.9352 0.0052 0.0054
25.9545 0.0052 0.0053
25.9738 0.0052 0.0053
25.9930 0.0052 0.0053
26.0123 0.0051 0.0053
26.0316 0.0051 0.0053
26.0508 0.0051 0.0053
26.0701 0.0051 0.0053
26.0894 0.0051 0.0052
26.1086 0.0051 0.0052
26.1279 0.0051 0.0052
26.1472 0.0051 0.0052
26.1664 0.0051 0.0052
26.1857 0.0051 0.0052
26.2050 0.0051 0.0052
26.2243 0.0051 0.0052
26.2435 0.0051 0.0052
26.2628 0.0051 0.0052
26.2821 0.0051 0.0052
26.3013 0.0051 0.0052
26.3206 0.0051 0.0052
26.3399 0.0051 0.0052
26.3591 0.0051 0.0052
26.3784 0.0052 0.0052
26.3977 0.0052 0.0052
26.4169 0.0052 0.0052
26.4362 0.0052 0.0052
26.4555 0.0052 0.0052
26.4747 0.0052 0.0052
26.4940 0.0052 0.0052
26.5133 0.0052 0.0052
26.5325 0.0052 0.0052
26.5518 0.0052 0.0052
26.5711 0.0052 0.0052
26.5904 0.0052 0.0052
26.6096 0.0052 0.0052
26.6289 0.0052 0.0051
26.6482 0.0052 0.0051
26.6674 0.0052 0.0051
26.6867 0.0052 0.0051
26.7060 0.0051 0.0051
26.7252 0.0051 0.0050
26.7445 0.0051 0.0050
26.7638 0.0051 0.0050
26.7830 0.0050 0.0049
26.8023 0.0050 0.0049
26.8216 0.0050 0.0049
26.8408 0.0050 0.0048
26.8601 0.0049 0.0048
26.8794 0.0049 0.0048
26.8986 0.0048 0.0047
26.9179 0.0048 0.0047
26.9372 0.0047 0.0046
26.9565 0.0047 0.0046
26.9757 0.0046 0.0045
26.9950 0.0046 0.0045
27.0143 0.0045 0.0044
27.0335 0.0044 0.0044
27.0528 0.0044 0.0043
27.0721 0.0043 0.0043
27.0913 0.0043 0.0042
27.1106 0.0042 0.0042
27.1299 0.0041 0.0041
27.1491 0.0041 0.0040
27.1684 0.0040 0.0040
27.1877 0.0039 0.0039
27.2069 0.0039 0.0039
27.2262 0.0038 0.0038
27.2455 0.0037 0.0037
27.2647 0.0037 0.0037
27.2840 0.0036 0.0036
27.3033 0.0035 0.0036
27.3225 0.0035 0.0035
27.3418 0.0034 0.0035
27.3611 0.0034 0.0034
27.3804 0.0033 0.0034
27.3996 0.0033 0.0033
27.4189 0.0032 0.0033
27.4382 0.0032 0.0032
27.4574 0.0031 0.0032
27.4767 0.0031 0.0031
27.4960 0.0030 0.0031
27.5152 0.0030 0.0030
27.5345 0.0030 0.0030
27.5538 0.0029 0.0030
27.5730 0.0029 0.0029
27.5923 0.0029 0.0029
27.6116 0.0028 0.0029
27.6308 0.0028 0.0028
27.6501 0.0028 0.0028
27.6694 0.0028 0.0028
27.6886 0.0027 0.0027
27.7079 0.0027 0.0027
27.7272 0.0027 0.0027
27.7465 0.0027 0.0027
27.7657 0.0027 0.0027
27.7850 0.0026 0.0026
27.8043 0.0026 0.0026
27.8235 0.0026 0.0026
27.8428 0.0026 0.0026
27.8621 0.0026 0.0025
27.8813 0.0026 0.0025
27.9006 0.0026 0.0025
27.9199 0.0026 0.0025
27.9391 0.0025 0.0025
27.9584 0.0025 0.0024
27.9777 0.0025 0.0024
27.9969 0.0025 0.0024
28.0162 0.0025 0.0024
28.0355 0.0025 0.0024
28.0547 0.0025 0.0024
28.0740 0.0025 0.0023
28.0933 0.0024 0.0023
28.1126 0.0024 0.0023
28.1318 0.0024 0.0023
28.1511 0.0024 0.0023
28.1704 0.0024 0.0023
28.1896 0.0024 0.0023
28.2089 0.0023 0.0022
28.2282 0.0023 0.0022
28.2474 0.0023 0.0022
28.2667 0.0023 0.0022
28.2860 0.0023 0.0022
28.3052 0.0023 0.0022
28.3245 0.0022 0.0022
28.3438 0.0022 0.0021
28.3630 0.0022 0.0021
28.3823 0.0022 0.0021
28.4016 0.0022 0.0021
28.4208 0.0022 0.0021
28.4401 0.0021 0.0021
28.4594 0.0021 0.0021
28.4787 0.0021 0.0020
28.4979 0.0021 0.0020
28.5172 0.0021 0.0020
28.5365 0.0021 0.0020
28.5557 0.0020 0.0020
28.5750 0.0020 0.0020
28.5943 0.0020 0.0020
28.6135 0.0020 0.0019
28.6328 0.0020 0.0019
28.6521 0.0020 0.0019
28.6713 0.0019 0.0019
28.6906 0.0019 0.0019
28.7099 0.0019 0.0019
28.7291 0.0019 0.0019
28.7484 0.0019 0.0018
28.7677 0.0019 0.0018
28.7869 0.0019 0.0018
28.8062 0.0018 0.0018
28.8255 0.0018 0.0018
28.8448 0.0018 0.0018
28.8640 0.0018 0.0018
28.8833 0.0018 0.0018
28.9026 0.0018 0.0017
28.9218 0.0018 0.0017
28.9411 0.0018 0.0017
28.9604 0.0017 0.0017
28.9796 0.0017 0.0017
28.9989 0.0017 0.0017
29.0182 0.0017 0.0017
29.0374 0.0017 0.0017
29.0567 0.0017 0.0017
29.0760 0.0017 0.0016
29.0952 0.0017 0.0016
29.1145 0.0017 0.0016
29.1338 0.0016 0.0016
29.1530 0.0016 0.0016
29.1723 0.0016 0.0016
29.1916 0.0016 0.0016
29.2108 0.0016 0.0016
29.2301 0.0016 0.0016
29.2494 0.0016 0.0016
29.2687 0.0016 0.0016
29.2879 0.0016 0.0016
29.3072 0.0016 0.0015
29.3265 0.0015 0.0015
29.3457 0.0015 0.0015
29.3650 0.0015 0.0015
29.3843 0.0015 0.0015
29.4035 0.0015 0.0015
29.4228 0.0015 0.0015
29.4421 0.0015 0.0015
29.4613 0.0015 0.0015
29.4806 0.0015 0.0015
29.4999 0.0015 0.0015
29.5191 0.0015 0.0015
29.5384 0.0015 0.0015
29.5577 0.0014 0.0015
29.5769 0.0014 0.0015
29.5962 0.0014 0.0015
29.6155 0.0014 0.0014
29.6348 0.0014 0.0014
29.6540 0.0014 0.0014
29.6733 0.0014 0.0014
29.6926 0.0014 0.0014
29.7118 0.0014 0.0014
29.7311 0.0014 0.0014
29.7504 0.0014 0.0014
29.7696 0.0014 0.0014
29.7889 0.0013 0.0014
29.8082 0.0013 0.0014
29.8274 0.0013 0.0014
29.8467 0.0013 0.0013
29.8660 0.0013 0.0013
29.8852 0.0013 0.0013
29.9045 0.0013 0.0013
29.9238 0.0013 0.0013
29.9430 0.0013 0.0013
29.9623 0.0013 0.0013
29.9816 0.0013 0.0013
30.0009 0.0013 0.0013
30.0201 0.0013 0.0013
30.0394 0.0013 0.0013
30.0587 0.0012 0.0013
30.0779 0.0012 0.0012
30.0972 0.0012 0.0012
30.1165 0.0012 0.0012
30.1357 0.0012 0.0012
30.1550 0.0012 0.0012
30.1743 0.0012 0.0012
30.1935 0.0012 0.0012
30.2128 0.0012 0.0012
30.2321 0.0012 0.0012
30.2513 0.0012 0.0012
30.2706 0.0012 0.0012
30.2899 0.0012 0.0012
30.3091 0.0012 0.0012
30.3284 0.0012 0.0012
30.3477 0.0012 0.0012
30.3670 0.0012 0.0011
30.3862 0.0011 0.0011
30.4055 0.0011 0.0011
30.4248 0.0011 0.0011
30.4440 0.0011 0.0011
30.4633 0.0011 0.0011
30.4826 0.0011 0.0011
30.5018 0.0011 0.0011
30.5211 0.0011 0.0011
30.5404 0.0011 0.0011
30.5596 0.0011 0.0011
30.5789 0.0011 0.0011
30.5982 0.0011 0.0011
30.6174 0.0011 0.0011
30.6367 0.0011 0.0011
30.6560 0.0011 0.0011
30.6752 0.0011 0.0011
30.6945 0.0011 0.0011
30.7138 0.0011 0.0011
30.7331 0.0011 0.0010
30.7523 0.0011 0.0010
30.7716 0.0010 0.0010
30.7909 0.0010 0.0010
30.8101 0.0010 0.0010
30.8294 0.0010 0.0010
30.8487 0.0010 0.0010
30.8679 0.0010 0.0010
30.8872 0.0010 0.0010
30.9065 0.0010 0.0010
30.9257 0.0010 0.0010
30.9450 0.0010 0.0010
30.9643 0.0010 0.0010
30.9835 0.0010 0.0010
31.0028 0.0010 0.0010
31.0221 0.0010 0.0010
31.0413 0.0010 0.0010
31.0606 0.0010 0.0010
31.0799 0.0010 0.0010
31.0991 0.0010 0.0010
31.1184 0.0010 0.0010
31.1377 0.0010 0.0010
31.1570 0.0010 0.0010
31.1762 0.0010 0.0010
31.1955 0.0010 0.0010
31.2148 0.0010 0.0009
31.2340 0.0010 0.0009
31.2533 0.0010 0.0009
31.2726 0.0010 0.0009
31.2918 0.0010 0.0009
31.3111 0.0009 0.0009
31.3304 0.0009 0.0009
31.3496 0.0009 0.0009
31.3689 0.0009 0.0009
31.3882 0.0009 0.0009
31.4074 0.0009 0.0009
31.4267 0.0009 0.0009
31.4460 0.0009 0.0009
31.4652 0.0009 0.0009
31.4845 0.0009 0.0009
31.5038 0.0009 0.0009
31.5231 0.0009 0.0009
31.5423 0.0009 0.0009
31.5616 0.0009 0.0009
31.5809 0.0009 0.0009
31.6001 0.0009 0.0009
31.6194 0.0009 0.0009
31.6387 0.0009 0.0009
31.6579 0.0009 0.0009
31.6772 0.0009 0.0009
31.6965 0.0009 0.0009
31.7157 0.0009 0.0009
31.7350 0.0009 0.0009
31.7543 0.0009 0.0009
31.7735 0.0009 0.0009
31.7928 0.0009 0.0009
31.8121 0.0009 0.0009
31.8313 0.0009 0.0009
31.8506 0.0009 0.0009
31.8699 0.0009 0.0009
31.8892 0.0009 0.0009
31.9084 0.0009 0.0008
31.9277 0.0009 0.0008
31.9470 0.0009 0.0008
31.9662 0.0009 0.0008
31.9855 0.0008 0.0008
32.0048 0.0008 0.0008
32.0240 0.0008 0.0008
32.0433 0.0008 0.0008
32.0626 0.0008 0.0008
32.0818 0.0008 0.0008
32.1011 0.0008 0.0008
32.1204 0.0008 0.0008
32.1396 0.0008 0.0008
32.1589 0.0008 0.0008
32.1782 0.0008 0.0008
32.1974 0.0008 0.0008
32.2167 0.0008 0.0008
32.2360 0.0008 0.0008
32.2553 0.0008 0.0008
32.2745 0.0008 0.0008
32.2938 0.0008 0.0008
32.3131 0.0008 0.0008
32.3323 0.0008 0.0008
32.3516 0.0008 0.0008
32.3709 0.0008 0.0008
32.3901 0.0008 0.0008
32.4094 0.0008 0.0008
32.4287 0.0008 0.0008
32.4479 0.0008 0.0008
32.4672 0.0008 0.0008
32.4865 0.0008 0.0008
32.5057 0.0008 0.0008
32.5250 0.0008 0.0008
32.5443 0.0008 0.0008
32.5635 0.0008 0.0008
32.5828 0.0008 0.0008
32.6021 0.0008 0.0008
32.6214 0.0008 0.0008
32.6406 0.0008 0.0008
32.6599 0.0008 0.0008
32.6792 0.0008 0.0008
32.6984 0.0008 0.0008
32.7177 0.0008 0.0008
32.7370 0.0008 0.0008
32.7562 0.0008 0.0008
32.7755 0.0008 0.0007
32.7948 0.0008 0.0007
32.8140 0.0008 0.0007
32.8333 0.0008 0.0007
32.8526 0.0008 0.0007
32.8718 0.0008 0.0007
32.8911 0.0008 0.0007
32.9104 0.0008 0.0007
32.9296 0.0008 0.0007
32.9489 0.0007 0.0007
32.9682 0.0007 0.0007
32.9875 0.0007 0.0007
33.0067 0.0007 0.0007
33.0260 0.0007 0.0007
33.0453 0.0007 0.0007
33.0645 0.0007 0.0007
33.0838 0.0007 0.0007
33.1031 0.0007 0.0007
33.1223 0.0007 0.0007
33.1416 0.0007 0.0007
33.1609 0.0007 0.0007
33.1801 0.0007 0.0007
33.1994 0.0007 0.0007
33.2187 0.0007 0.0007
33.2379 0.0007 0.0007
33.2572 0.0007 0.0007
33.2765 0.0007 0.0007
33.2957 0.0007 0.0007
33.3150 0.0007 0.0007
33.3343 0.0007 0.0007
33.3535 0.0007 0.0007
33.3728 0.0007 0.0007
33.3921 0.0007 0.0007
33.4114 0.0007 0.0007
33.4306 0.0007 0.0007
33.4499 0.0007 0.0007
33.4692 0.0007 0.0007
33.4884 0.0007 0.0007
33.5077 0.0007 0.0007
33.5270 0.0007 0.0007
33.5462 0.0007 0.0007
33.5655 0.0007 0.0007
33.5848 0.0007 0.0007
33.6040 0.0007 0.0007
33.6233 0.0007 0.0007
33.6426 0.0007 0.0007
33.6618 0.0007 0.0007
33.6811 0.0007 0.0007
33.7004 0.0007 0.0007
33.7196 0.0007 0.0007
33.7389 0.0007 0.0007
33.7582 0.0007 0.0007
33.7775 0.0007 0.0007
33.7967 0.0007 0.0007
33.8160 0.0007 0.0007
33.8353 0.0007 0.0007
33.8545 0.0007 0.0007
33.8738 0.0007 0.0007
33.8931 0.0007 0.0007
33.9123 0.0007 0.0007
33.9316 0.0007 0.0007
33.9509 0.0007 0.0007
33.9701 0.0007 0.0007
33.9894 0.0007 0.0007
34.0087 0.0007 0.0007
34.0279 0.0007 0.0006
34.0472 0.0007 0.0006
34.0665 0.0007 0.0006
34.0857 0.0007 0.0006
34.1050 0.0007 0.0006
34.1243 0.0007 0.0006
34.1436 0.0007 0.0006
34.1628 0.0007 0.0006
34.1821 0.0007 0.0006
34.2014 0.0006 0.0006
34.2206 0.0006 0.0006
34.2399 0.0006 0.0006
34.2592 0.0006 0.0006
34.2784 0.0006 0.0006
34.2977 0.0006 0.0006
34.3170 0.0006 0.0006
34.3362 0.0006 0.0006
34.3555 0.0006 0.0006
34.3748 0.0006 0.0006
34.3940 0.0006 0.0006
34.4133 0.0006 0.0006
34.4326 0.0006 0.0006
34.4518 0.0006 0.0006
34.4711 0.0006 0.0006
34.4904 0.0006 0.0006
34.5097 0.0006 0.0006
34.5289 0.0006 0.0006
34.5482 0.0006 0.0006
34.5675 0.0006 0.0006
34.5867 0.0006 0.0006
34.6060 0.0006 0.0006
34.6253 0.0006 0.0006
34.6445 0.0006 0.0006
34.6638 0.0006 0.0006
34.6831 0.0006 0.0006
34.7023 0.0006 0.0006
34.7216 0.0006 0.0006
34.7409 0.0006 0.0006
34.7601 0.0006 0.0006
34.7794 0.0006 0.0006
34.7987 0.0006 0.0006
34.8179 0.0006 0.0006
34.8372 0.0006 0.0006
34.8565 0.0006 0.0006
34.8758 0.0006 0.0006
34.8950 0.0006 0.0006
34.9143 0.0006 0.0006
34.9336 0.0006 0.0006
34.9528 0.0006 0.0006
34.9721 0.0006 0.0006
34.9914 0.0006 0.0006
35.0106 0.0006 0.0006
35.0299 0.0006 0.0006
35.0492 0.0006 0.0006
35.0684 0.0006 0.0006
35.0877 0.0006 0.0006
35.1070 0.0006 0.0006
35.1262 0.0006 0.0006
35.1455 0.0006 0.0006
35.1648 0.0006 0.0006
35.1840 0.0006 0.0006
35.2033 0.0006 0.0006
35.2226 0.0006 0.0006
35.2418 0.0006 0.0006
35.2611 0.0006 0.0006
35.2804 0.0006 0.0006
35.2997 0.0006 0.0006
35.3189 0.0006 0.0006
35.3382 0.0006 0.0006
35.3575 0.0006 0.0006
35.3767 0.0006 0.0006
35.3960 0.0006 0.0006
35.4153 0.0006 0.0006
35.4345 0.0006 0.0006
35.4538 0.0006 0.0006
35.4731 0.0006 0.0006
35.4923 0.0006 0.0006
35.5116 0.0006 0.0006
35.5309 0.0006 0.0006
35.5501 0.0006 0.0006
35.5694 0.0006 0.0006
35.5887 0.0006 0.0006
35.6079 0.0006 0.0005
35.6272 0.0006 0.0005
35.6465 0.0006 0.0005
35.6658 0.0006 0.0005
35.6850 0.0006 0.0005
35.7043 0.0006 0.0005
35.7236 0.0006 0.0005
35.7428 0.0006 0.0005
35.7621 0.0006 0.0005
35.7814 0.0005 0.0005
35.8006 0.0005 0.0005
35.8199 0.0005 0.0005
35.8392 0.0005 0.0005
35.8584 0.0005 0.0005
35.8777 0.0005 0.0005
35.8970 0.0005 0.0005
35.9162 0.0005 0.0005
35.9355 0.0005 0.0005
35.9548 0.0005 0.0005
35.9740 0.0005 0.0005
35.9933 0.0005 0.0005
36.0126 0.0005 0.0005
36.0319 0.0005 0.0005
36.0511 0.0005 0.0005
36.0704 0.0005 0.0005
36.0897 0.0005 0.0005
36.1089 0.0005 0.0005
36.1282 0.0005 0.0005
36.1475 0.0005 0.0005
36.1667 0.0005 0.0005
36.1860 0.0005 0.0005
36.2053 0.0005 0.0005
36.2245 0.0005 0.0005
36.2438 0.0005 0.0005
36.2631 0.0005 0.0005
36.2823 0.0005 0.0005
36.3016 0.0005 0.0005
36.3209 0.0005 0.0005
36.3401 0.0005 0.0005
36.3594 0.0005 0.0005
36.3787 0.0005 0.0005
36.3980 0.0005 0.0005
36.4172 0.0005 0.0005
36.4365 0.0005 0.0005
36.4558 0.0005 0.0005
36.4750 0.0005 0.0005
36.4943 0.0005 0.0005
36.5136 0.0005 0.0005
36.5328 0.0005 0.0005
36.5521 0.0005 0.0005
36.5714 0.0005 0.0005
36.5906 0.0005 0.0005
36.6099 0.0005 0.0005
36.6292 0.0005 0.0005
36.6484 0.0005 0.0005
36.6677 0.0005 0.0005
36.6870 0.0005 0.0005
36.7062 0.0005 0.0005
36.7255 0.0005 0.0005
36.7448 0.0005 0.0005
36.7641 0.0005 0.0005
36.7833 0.0005 0.0005
36.8026 0.0005 0.0005
36.8219 0.0005 0.0005
36.8411 0.0005 0.0005
36.8604 0.0005 0.0005
36.8797 0.0005 0.0005
36.8989 0.0005 0.0005
36.9182 0.0005 0.0005
36.9375 0.0005 0.0005
36.9567 0.0005 0.0005
36.9760 0.0005 0.0005
36.9953 0.0005 0.0005
37.0145 0.0005 0.0005
37.0338 0.0005 0.0005
37.0531 0.0005 0.0005
37.0723 0.0005 0.0005
37.0916 0.0005 0.0005
37.1109 0.0005 0.0005
37.1301 0.0005 0.0005
37.1494 0.0005 0.0005
37.1687 0.0005 0.0005
37.1880 0.0005 0.0005
37.2072 0.0005 0.0005
37.2265 0.0005 0.0005
37.2458 0.0005 0.0005
37.2650 0.0005 0.0005
37.2843 0.0005 0.0005
37.3036 0.0005 0.0005
37.3228 0.0005 0.0005
37.3421 0.0005 0.0005
37.3614 0.0005 0.0005
37.3806 0.0005 0.0005
37.3999 0.0005 0.0005
37.4192 0.0005 0.0005
37.4384 0.0005 0.0005
37.4577 0.0005 0.0005
37.4770 0.0005 0.0005
37.4962 0.0005 0.0005
37.5155 0.0005 0.0005
37.5348 0.0005 0.0005
37.5541 0.0005 0.0005
37.5733 0.0005 0.0005
37.5926 0.0005 0.0005
37.6119 0.0005 0.0005
37.6311 0.0005 0.0005
37.6504 0.0005 0.0004
37.6697 0.0005 0.0004
37.6889 0.0005 0.0004
37.7082 0.0005 0.0004
37.7275 0.0005 0.0004
37.7467 0.0005 0.0004
37.7660 0.0005 0.0004
37.7853 0.0005 0.0004
37.8045 0.0005 0.0004
37.8238 0.0005 0.0004
37.8431 0.0005 0.0004
37.8623 0.0004 0.0004
37.8816 0.0004 0.0004
37.9009 0.0004 0.0004
37.9202 0.0004 0.0004
37.9394 0.0004 0.0004
37.9587 0.0004 0.0004
37.9780 0.0004 0.0004
37.9972 0.0004 0.0004
38.0165 0.0004 0.0004
38.0358 0.0004 0.0004
38.0550 0.0004 0.0004
38.0743 0.0004 0.0004
38.0936 0.0004 0.0004
38.1128 0.0004 0.0004
38.1321 0.0004 0.0004
38.1514 0.0004 0.0004
38.1706 0.0004 0.0004
38.1899 0.0004 0.0004
38.2092 0.0004 0.0004
38.2284 0.0004 0.0004
38.2477 0.0004 0.0004
38.2670 0.0004 0.0004
38.2863 0.0004 0.0004
38.3055 0.0004 0.0004
38.3248 0.0004 0.0004
38.3441 0.0004 0.0004
38.3633 0.0004 0.0004
38.3826 0.0004 0.0004
38.4019 0.0004 0.0004
38.4211 0.0004 0.0004
38.4404 0.0004 0.0004
38.4597 0.0004 0.0004
38.4789 0.0004 0.0004
38.4982 0.0004 0.0004
38.5175 0.0004 0.0004
  
  
  
  
  
dim="1">gridpoints</dimension>  
  
  
  
  
  
  
  
  
0.0000 280.5860 281.8047
0.0193 280.5860 281.8047
0.0385 140.5051 140.9346
0.0578 93.8997 93.9885
0.0771 70.6563 70.5193
0.0963 56.7504 56.4364
0.1156 47.5060 47.0422
0.1349 40.9178 40.3226
0.1541 35.9830 35.2706
0.1734 32.1439 31.3263
0.1927 29.0660 28.1541
0.2120 26.5365 25.5407
0.2312 24.4140 23.3443
0.2505 22.6010 21.4675
0.2698 21.0285 19.8413
0.2890 19.6463 18.4159
0.3083 18.4176 17.1548
0.3276 17.3148 16.0309
0.3468 16.3173 15.0237
0.3661 15.4091 14.1177
0.3854 14.5781 13.3009
0.4046 13.8151 12.5638
0.4239 13.1128 11.8988
0.4432 12.4654 11.2996
0.4624 11.8685 10.7605
0.4817 11.3183 10.2767
0.5010 10.8117 9.8434
0.5202 10.3459 9.4559
0.5395 9.9184 9.1100
0.5588 9.5268 8.8010
0.5781 9.1689 8.5247
0.5973 8.8421 8.2766
0.6166 8.5442 8.0525
0.6359 8.2728 7.8484
0.6551 8.0255 7.6606
0.6744 7.8000 7.4857
0.6937 7.5938 7.3206
0.7129 7.4048 7.1627
0.7322 7.2310 7.0101
0.7515 7.0704 6.8610
0.7707 6.9214 6.7144
0.7900 6.7825 6.5698
0.8093 6.6526 6.4271
0.8285 6.5307 6.2866
0.8478 6.4163 6.1487
0.8671 6.3087 6.0144
0.8863 6.2078 5.8846
0.9056 6.1133 5.7604
0.9249 6.0253 5.6425
0.9442 5.9436 5.5318
0.9634 5.8682 5.4289
0.9827 5.7989 5.3342
1.0020 5.7354 5.2476
1.0212 5.6772 5.1691
1.0405 5.6237 5.0982
1.0598 5.5741 5.0343
1.0790 5.5276 4.9767
1.0983 5.4831 4.9245
1.1176 5.4397 4.8770
1.1368 5.3963 4.8332
1.1561 5.3519 4.7926
1.1754 5.3059 4.7544
1.1946 5.2575 4.7182
1.2139 5.2063 4.6839
1.2332 5.1523 4.6511
1.2524 5.0953 4.6199
1.2717 5.0358 4.5904
1.2910 4.9741 4.5629
1.3102 4.9109 4.5376
1.3295 4.8469 4.5149
1.3488 4.7829 4.4950
1.3681 4.7197 4.4783
1.3873 4.6582 4.4649
1.4066 4.5991 4.4549
1.4259 4.5429 4.4485
1.4451 4.4902 4.4455
1.4644 4.4413 4.4457
1.4837 4.3964 4.4488
1.5029 4.3553 4.4543
1.5222 4.3180 4.4617
1.5415 4.2842 4.4703
1.5607 4.2534 4.4796
1.5800 4.2251 4.4889
1.5993 4.1988 4.4974
1.6185 4.1739 4.5045
1.6378 4.1499 4.5096
1.6571 4.1262 4.5124
1.6763 4.1024 4.5124
1.6956 4.0782 4.5095
1.7149 4.0533 4.5035
1.7342 4.0274 4.4946
1.7534 4.0007 4.4831
1.7727 3.9729 4.4692
1.7920 3.9443 4.4534
1.8112 3.9149 4.4362
1.8305 3.8849 4.4183
1.8498 3.8544 4.4002
1.8690 3.8237 4.3823
1.8883 3.7930 4.3652
1.9076 3.7625 4.3493
1.9268 3.7323 4.3348
1.9461 3.7028 4.3218
1.9654 3.6740 4.3103
1.9846 3.6462 4.3001
2.0039 3.6195 4.2910
2.0232 3.5941 4.2823
2.0424 3.5701 4.2737
2.0617 3.5476 4.2644
2.0810 3.5268 4.2537
2.1003 3.5076 4.2409
2.1195 3.4902 4.2253
2.1388 3.4744 4.2064
2.1581 3.4604 4.1837
2.1773 3.4482 4.1570
2.1966 3.4376 4.1261
2.2159 3.4289 4.0912
2.2351 3.4220 4.0525
2.2544 3.4171 4.0107
2.2737 3.4145 3.9665
2.2929 3.4142 3.9207
2.3122 3.4165 3.8742
2.3315 3.4216 3.8280
2.3507 3.4297 3.7830
2.3700 3.4409 3.7401
2.3893 3.4552 3.7000
2.4085 3.4725 3.6632
2.4278 3.4924 3.6300
2.4471 3.5145 3.6005
2.4664 3.5381 3.5747
2.4856 3.5625 3.5522
2.5049 3.5868 3.5326
2.5242 3.6100 3.5153
2.5434 3.6311 3.4996
2.5627 3.6493 3.4848
2.5820 3.6636 3.4702
2.6012 3.6735 3.4552
2.6205 3.6783 3.4393
2.6398 3.6778 3.4222
2.6590 3.6720 3.4035
2.6783 3.6610 3.3834
2.6976 3.6453 3.3620
2.7168 3.6254 3.3394
2.7361 3.6021 3.3161
2.7554 3.5760 3.2925
2.7746 3.5480 3.2692
2.7939 3.5188 3.2466
2.8132 3.4891 3.2252
2.8325 3.4595 3.2054
2.8517 3.4304 3.1876
2.8710 3.4023 3.1720
2.8903 3.3752 3.1588
2.9095 3.3493 3.1480
2.9288 3.3247 3.1395
2.9481 3.3014 3.1333
2.9673 3.2794 3.1292
2.9866 3.2587 3.1270
3.0059 3.2395 3.1263
3.0251 3.2218 3.1270
3.0444 3.2059 3.1287
3.0637 3.1919 3.1313
3.0829 3.1800 3.1344
3.1022 3.1707 3.1378
3.1215 3.1639 3.1414
3.1407 3.1600 3.1450
3.1600 3.1590 3.1485
3.1793 3.1610 3.1520
3.1985 3.1659 3.1553
3.2178 3.1734 3.1586
3.2371 3.1833 3.1618
3.2564 3.1953 3.1652
3.2756 3.2088 3.1688
3.2949 3.2234 3.1729
3.3142 3.2385 3.1776
3.3334 3.2535 3.1830
3.3527 3.2680 3.1893
3.3720 3.2814 3.1966
3.3912 3.2932 3.2048
3.4105 3.3032 3.2141
3.4298 3.3110 3.2241
3.4490 3.3165 3.2348
3.4683 3.3194 3.2458
3.4876 3.3199 3.2568
3.5068 3.3180 3.2673
3.5261 3.3138 3.2769
3.5454 3.3075 3.2849
3.5646 3.2993 3.2910
3.5839 3.2895 3.2945
3.6032 3.2782 3.2950
3.6225 3.2658 3.2922
3.6417 3.2525 3.2856
3.6610 3.2384 3.2753
3.6803 3.2238 3.2612
3.6995 3.2088 3.2434
3.7188 3.1935 3.2223
3.7381 3.1781 3.1981
3.7573 3.1625 3.1716
3.7766 3.1468 3.1433
3.7959 3.1311 3.1139
3.8151 3.1153 3.0844
3.8344 3.0993 3.0554
3.8537 3.0832 3.0277
3.8729 3.0669 3.0023
3.8922 3.0504 2.9799
3.9115 3.0337 2.9611
3.9307 3.0169 2.9467
3.9500 3.0000 2.9371
3.9693 2.9832 2.9328
3.9886 2.9665 2.9340
4.0078 2.9502 2.9409
4.0271 2.9346 2.9534
4.0464 2.9197 2.9713
4.0656 2.9060 2.9942
4.0849 2.8934 3.0214
4.1042 2.8823 3.0521
4.1234 2.8727 3.0854
4.1427 2.8647 3.1202
4.1620 2.8582 3.1553
4.1812 2.8532 3.1895
4.2005 2.8494 3.2214
4.2198 2.8466 3.2499
4.2390 2.8445 3.2737
4.2583 2.8427 3.2920
4.2776 2.8409 3.3038
4.2968 2.8384 3.3085
4.3161 2.8350 3.3056
4.3354 2.8302 3.2950
4.3547 2.8235 3.2765
4.3739 2.8146 3.2503
4.3932 2.8030 3.2169
4.4125 2.7885 3.1766
4.4317 2.7709 3.1301
4.4510 2.7498 3.0781
4.4703 2.7253 3.0213
4.4895 2.6971 2.9606
4.5088 2.6655 2.8966
4.5281 2.6304 2.8302
4.5473 2.5920 2.7621
4.5666 2.5505 2.6930
4.5859 2.5063 2.6235
4.6051 2.4597 2.5543
4.6244 2.4112 2.4859
4.6437 2.3610 2.4188
4.6629 2.3098 2.3534
4.6822 2.2579 2.2901
4.7015 2.2059 2.2291
4.7208 2.1540 2.1706
4.7400 2.1028 2.1148
4.7593 2.0525 2.0617
4.7786 2.0034 2.0114
4.7978 1.9558 1.9637
4.8171 1.9099 1.9185
4.8364 1.8657 1.8757
4.8556 1.8235 1.8351
4.8749 1.7833 1.7965
4.8942 1.7449 1.7597
4.9134 1.7086 1.7245
4.9327 1.6741 1.6909
4.9520 1.6414 1.6586
4.9712 1.6103 1.6276
4.9905 1.5808 1.5978
5.0098 1.5526 1.5692
5.0290 1.5256 1.5417
5.0483 1.4996 1.5154
5.0676 1.4744 1.4902
5.0868 1.4499 1.4662
5.1061 1.4259 1.4432
5.1254 1.4023 1.4213
5.1447 1.3788 1.4003
5.1639 1.3555 1.3803
5.1832 1.3323 1.3611
5.2025 1.3091 1.3426
5.2217 1.2859 1.3247
5.2410 1.2629 1.3074
5.2603 1.2399 1.2904
5.2795 1.2172 1.2738
5.2988 1.1947 1.2575
5.3181 1.1726 1.2413
5.3373 1.1510 1.2253
5.3566 1.1299 1.2095
5.3759 1.1095 1.1937
5.3951 1.0897 1.1781
5.4144 1.0706 1.1626
5.4337 1.0521 1.1472
5.4529 1.0344 1.1320
5.4722 1.0173 1.1169
5.4915 1.0007 1.1021
5.5108 0.9847 1.0874
5.5300 0.9692 1.0729
5.5493 0.9540 1.0585
5.5686 0.9392 1.0443
5.5878 0.9247 1.0302
5.6071 0.9104 1.0161
5.6264 0.8965 1.0020
5.6456 0.8828 0.9879
5.6649 0.8695 0.9737
5.6842 0.8565 0.9594
5.7034 0.8439 0.9449
5.7227 0.8318 0.9302
5.7420 0.8202 0.9153
5.7612 0.8091 0.9002
5.7805 0.7985 0.8850
5.7998 0.7884 0.8697
5.8190 0.7789 0.8544
5.8383 0.7697 0.8392
5.8576 0.7610 0.8241
5.8769 0.7527 0.8092
5.8961 0.7446 0.7947
5.9154 0.7366 0.7805
5.9347 0.7288 0.7669
5.9539 0.7211 0.7538
5.9732 0.7134 0.7413
5.9925 0.7057 0.7295
6.0117 0.6979 0.7183
6.0310 0.6901 0.7078
6.0503 0.6824 0.6980
6.0695 0.6746 0.6888
6.0888 0.6670 0.6802
6.1081 0.6594 0.6721
6.1273 0.6521 0.6646
6.1466 0.6449 0.6574
6.1659 0.6380 0.6506
6.1851 0.6313 0.6440
6.2044 0.6249 0.6376
6.2237 0.6187 0.6313
6.2430 0.6128 0.6251
6.2622 0.6071 0.6188
6.2815 0.6016 0.6124
6.3008 0.5961 0.6060
6.3200 0.5908 0.5994
6.3393 0.5854 0.5928
6.3586 0.5800 0.5860
6.3778 0.5745 0.5791
6.3971 0.5689 0.5722
6.4164 0.5632 0.5653
6.4356 0.5573 0.5584
6.4549 0.5513 0.5516
6.4742 0.5451 0.5450
6.4934 0.5389 0.5385
6.5127 0.5326 0.5322
6.5320 0.5262 0.5261
6.5512 0.5198 0.5203
6.5705 0.5134 0.5147
6.5898 0.5072 0.5095
6.6091 0.5010 0.5045
6.6283 0.4949 0.4997
6.6476 0.4889 0.4952
6.6669 0.4831 0.4910
6.6861 0.4773 0.4869
6.7054 0.4717 0.4831
6.7247 0.4662 0.4794
6.7439 0.4608 0.4759
6.7632 0.4555 0.4726
6.7825 0.4502 0.4694
6.8017 0.4449 0.4664
6.8210 0.4396 0.4635
6.8403 0.4343 0.4608
6.8595 0.4290 0.4582
6.8788 0.4236 0.4558
6.8981 0.4183 0.4534
6.9173 0.4129 0.4512
6.9366 0.4076 0.4491
6.9559 0.4023 0.4471
6.9752 0.3970 0.4453
6.9944 0.3919 0.4434
7.0137 0.3868 0.4417
7.0330 0.3819 0.4400
7.0522 0.3772 0.4383
7.0715 0.3726 0.4366
7.0908 0.3682 0.4350
7.1100 0.3640 0.4333
7.1293 0.3600 0.4316
7.1486 0.3562 0.4298
7.1678 0.3526 0.4281
7.1871 0.3491 0.4262
7.2064 0.3457 0.4243
7.2256 0.3425 0.4223
7.2449 0.3395 0.4202
7.2642 0.3365 0.4181
7.2834 0.3337 0.4158
7.3027 0.3309 0.4134
7.3220 0.3283 0.4110
7.3412 0.3258 0.4083
7.3605 0.3235 0.4056
7.3798 0.3213 0.4027
7.3991 0.3192 0.3996
7.4183 0.3173 0.3964
7.4376 0.3156 0.3930
7.4569 0.3140 0.3894
7.4761 0.3126 0.3856
7.4954 0.3113 0.3816
7.5147 0.3101 0.3775
7.5339 0.3090 0.3732
7.5532 0.3080 0.3687
7.5725 0.3070 0.3640
7.5917 0.3060 0.3592
7.6110 0.3049 0.3544
7.6303 0.3038 0.3494
7.6495 0.3025 0.3444
7.6688 0.3012 0.3395
7.6881 0.2997 0.3345
7.7073 0.2981 0.3296
7.7266 0.2964 0.3248
7.7459 0.2945 0.3200
7.7652 0.2926 0.3155
7.7844 0.2905 0.3110
7.8037 0.2884 0.3068
7.8230 0.2863 0.3026
7.8422 0.2841 0.2987
7.8615 0.2818 0.2950
7.8808 0.2796 0.2914
7.9000 0.2773 0.2880
7.9193 0.2750 0.2848
7.9386 0.2727 0.2818
7.9578 0.2704 0.2790
7.9771 0.2680 0.2763
7.9964 0.2656 0.2739
8.0156 0.2632 0.2716
8.0349 0.2607 0.2696
8.0542 0.2582 0.2678
8.0734 0.2556 0.2661
8.0927 0.2529 0.2646
8.1120 0.2502 0.2634
8.1313 0.2475 0.2623
8.1505 0.2447 0.2613
8.1698 0.2418 0.2605
8.1891 0.2390 0.2598
8.2083 0.2362 0.2592
8.2276 0.2334 0.2587
8.2469 0.2306 0.2583
8.2661 0.2280 0.2579
8.2854 0.2254 0.2576
8.3047 0.2228 0.2572
8.3239 0.2205 0.2569
8.3432 0.2182 0.2566
8.3625 0.2161 0.2562
8.3817 0.2141 0.2559
8.4010 0.2123 0.2555
8.4203 0.2106 0.2550
8.4395 0.2091 0.2545
8.4588 0.2078 0.2540
8.4781 0.2067 0.2534
8.4974 0.2057 0.2528
8.5166 0.2048 0.2521
8.5359 0.2041 0.2514
8.5552 0.2035 0.2506
8.5744 0.2031 0.2497
8.5937 0.2027 0.2488
8.6130 0.2024 0.2478
8.6322 0.2021 0.2467
8.6515 0.2019 0.2455
8.6708 0.2016 0.2441
8.6900 0.2014 0.2427
8.7093 0.2011 0.2412
8.7286 0.2007 0.2395
8.7478 0.2004 0.2378
8.7671 0.1999 0.2359
8.7864 0.1995 0.2340
8.8056 0.1990 0.2321
8.8249 0.1985 0.2301
8.8442 0.1980 0.2280
8.8635 0.1975 0.2260
8.8827 0.1971 0.2241
8.9020 0.1967 0.2221
8.9213 0.1963 0.2203
8.9405 0.1961 0.2185
8.9598 0.1959 0.2169
8.9791 0.1958 0.2153
8.9983 0.1957 0.2138
9.0176 0.1957 0.2125
9.0369 0.1958 0.2112
9.0561 0.1959 0.2100
9.0754 0.1961 0.2090
9.0947 0.1963 0.2080
9.1139 0.1965 0.2071
9.1332 0.1966 0.2063
9.1525 0.1968 0.2055
9.1717 0.1969 0.2049
9.1910 0.1970 0.2043
9.2103 0.1970 0.2038
9.2295 0.1970 0.2034
9.2488 0.1969 0.2031
9.2681 0.1968 0.2030
9.2874 0.1967 0.2029
9.3066 0.1965 0.2029
9.3259 0.1962 0.2031
9.3452 0.1960 0.2034
9.3644 0.1958 0.2037
9.3837 0.1955 0.2042
9.4030 0.1953 0.2048
9.4222 0.1951 0.2055
9.4415 0.1949 0.2062
9.4608 0.1947 0.2071
9.4800 0.1946 0.2079
9.4993 0.1944 0.2089
9.5186 0.1943 0.2098
9.5378 0.1943 0.2108
9.5571 0.1942 0.2118
9.5764 0.1942 0.2129
9.5956 0.1942 0.2139
9.6149 0.1942 0.2149
9.6342 0.1943 0.2159
9.6535 0.1943 0.2169
9.6727 0.1943 0.2180
9.6920 0.1943 0.2190
9.7113 0.1943 0.2200
9.7305 0.1942 0.2211
9.7498 0.1941 0.2222
9.7691 0.1940 0.2234
9.7883 0.1938 0.2247
9.8076 0.1936 0.2261
9.8269 0.1933 0.2275
9.8461 0.1931 0.2292
9.8654 0.1928 0.2310
9.8847 0.1926 0.2329
9.9039 0.1924 0.2351
9.9232 0.1922 0.2375
9.9425 0.1921 0.2401
9.9617 0.1920 0.2429
9.9810 0.1920 0.2459
10.0003 0.1921 0.2491
10.0196 0.1924 0.2525
10.0388 0.1927 0.2560
10.0581 0.1932 0.2597
10.0774 0.1938 0.2634
10.0966 0.1945 0.2672
10.1159 0.1954 0.2710
10.1352 0.1964 0.2748
10.1544 0.1975 0.2786
10.1737 0.1988 0.2822
10.1930 0.2002 0.2857
10.2122 0.2017 0.2890
10.2315 0.2034 0.2921
10.2508 0.2051 0.2951
10.2700 0.2070 0.2979
10.2893 0.2090 0.3005
10.3086 0.2111 0.3029
10.3278 0.2132 0.3052
10.3471 0.2155 0.3073
10.3664 0.2178 0.3093
10.3857 0.2202 0.3111
10.4049 0.2227 0.3129
10.4242 0.2252 0.3146
10.4435 0.2278 0.3163
10.4627 0.2305 0.3179
10.4820 0.2333 0.3195
10.5013 0.2362 0.3211
10.5205 0.2392 0.3226
10.5398 0.2423 0.3242
10.5591 0.2456 0.3257
10.5783 0.2490 0.3273
10.5976 0.2525 0.3288
10.6169 0.2563 0.3304
10.6361 0.2602 0.3321
10.6554 0.2643 0.3337
10.6747 0.2685 0.3355
10.6939 0.2729 0.3373
10.7132 0.2775 0.3392
10.7325 0.2822 0.3412
10.7518 0.2871 0.3433
10.7710 0.2921 0.3455
10.7903 0.2972 0.3479
10.8096 0.3024 0.3505
10.8288 0.3076 0.3532
10.8481 0.3130 0.3561
10.8674 0.3184 0.3592
10.8866 0.3238 0.3624
10.9059 0.3292 0.3658
10.9252 0.3347 0.3694
10.9444 0.3402 0.3731
10.9637 0.3456 0.3770
10.9830 0.3511 0.3810
11.0022 0.3566 0.3852
11.0215 0.3621 0.3895
11.0408 0.3677 0.3939
11.0600 0.3733 0.3985
11.0793 0.3789 0.4032
11.0986 0.3846 0.4080
11.1178 0.3904 0.4130
11.1371 0.3963 0.4181
11.1564 0.4023 0.4234
11.1757 0.4085 0.4290
11.1949 0.4149 0.4347
11.2142 0.4214 0.4408
11.2335 0.4281 0.4471
11.2527 0.4351 0.4538
11.2720 0.4423 0.4608
11.2913 0.4497 0.4682
11.3105 0.4574 0.4760
11.3298 0.4654 0.4843
11.3491 0.4736 0.4929
11.3683 0.4822 0.5021
11.3876 0.4910 0.5116
11.4069 0.5001 0.5216
11.4261 0.5095 0.5320
11.4454 0.5192 0.5429
11.4647 0.5292 0.5541
11.4839 0.5396 0.5657
11.5032 0.5502 0.5777
11.5225 0.5612 0.5899
11.5418 0.5724 0.6025
11.5610 0.5840 0.6154
11.5803 0.5960 0.6285
11.5996 0.6083 0.6419
11.6188 0.6209 0.6555
11.6381 0.6339 0.6693
11.6574 0.6473 0.6833
11.6766 0.6611 0.6976
11.6959 0.6753 0.7120
11.7152 0.6898 0.7266
11.7344 0.7048 0.7414
11.7537 0.7201 0.7563
11.7730 0.7358 0.7714
11.7922 0.7518 0.7866
11.8115 0.7681 0.8019
11.8308 0.7846 0.8172
11.8500 0.8013 0.8326
11.8693 0.8180 0.8479
11.8886 0.8348 0.8631
11.9079 0.8515 0.8782
11.9271 0.8680 0.8930
11.9464 0.8844 0.9075
11.9657 0.9004 0.9217
11.9849 0.9162 0.9355
12.0042 0.9316 0.9489
12.0235 0.9467 0.9618
12.0427 0.9614 0.9742
12.0620 0.9758 0.9861
12.0813 0.9898 0.9975
12.1005 1.0034 1.0085
12.1198 1.0168 1.0189
12.1391 1.0298 1.0289
12.1583 1.0426 1.0386
12.1776 1.0552 1.0479
12.1969 1.0675 1.0570
12.2161 1.0796 1.0658
12.2354 1.0915 1.0745
12.2547 1.1032 1.0831
12.2740 1.1146 1.0917
12.2932 1.1259 1.1002
12.3125 1.1369 1.1089
12.3318 1.1478 1.1177
12.3510 1.1584 1.1265
12.3703 1.1687 1.1356
12.3896 1.1789 1.1447
12.4088 1.1888 1.1541
12.4281 1.1985 1.1635
12.4474 1.2080 1.1731
12.4666 1.2172 1.1827
12.4859 1.2262 1.1924
12.5052 1.2349 1.2021
12.5244 1.2434 1.2117
12.5437 1.2516 1.2211
12.5630 1.2596 1.2304
12.5822 1.2673 1.2394
12.6015 1.2747 1.2481
12.6208 1.2818 1.2565
12.6401 1.2887 1.2644
12.6593 1.2953 1.2719
12.6786 1.3016 1.2790
12.6979 1.3078 1.2856
12.7171 1.3137 1.2918
12.7364 1.3195 1.2975
12.7557 1.3251 1.3028
12.7749 1.3306 1.3078
12.7942 1.3361 1.3125
12.8135 1.3416 1.3171
12.8327 1.3471 1.3214
12.8520 1.3528 1.3258
12.8713 1.3586 1.3302
12.8905 1.3646 1.3346
12.9098 1.3709 1.3393
12.9291 1.3774 1.3442
12.9483 1.3841 1.3494
12.9676 1.3911 1.3550
12.9869 1.3982 1.3608
13.0062 1.4056 1.3670
13.0254 1.4130 1.3736
13.0447 1.4205 1.3803
13.0640 1.4280 1.3874
13.0832 1.4355 1.3946
13.1025 1.4428 1.4019
13.1218 1.4500 1.4092
13.1410 1.4570 1.4165
13.1603 1.4637 1.4237
13.1796 1.4702 1.4307
13.1988 1.4765 1.4375
13.2181 1.4826 1.4440
13.2374 1.4885 1.4502
13.2566 1.4942 1.4561
13.2759 1.4999 1.4616
13.2952 1.5056 1.4667
13.3144 1.5114 1.4714
13.3337 1.5173 1.4758
13.3530 1.5234 1.4798
13.3722 1.5297 1.4834
13.3915 1.5364 1.4868
13.4108 1.5434 1.4899
13.4301 1.5509 1.4927
13.4493 1.5588 1.4955
13.4686 1.5672 1.4981
13.4879 1.5761 1.5006
13.5071 1.5853 1.5031
13.5264 1.5950 1.5057
13.5457 1.6050 1.5083
13.5649 1.6153 1.5111
13.5842 1.6258 1.5140
13.6035 1.6365 1.5171
13.6227 1.6472 1.5203
13.6420 1.6579 1.5236
13.6613 1.6686 1.5271
13.6805 1.6791 1.5307
13.6998 1.6895 1.5343
13.7191 1.6997 1.5380
13.7383 1.7097 1.5417
13.7576 1.7194 1.5454
13.7769 1.7289 1.5490
13.7962 1.7381 1.5525
13.8154 1.7470 1.5558
13.8347 1.7555 1.5590
13.8540 1.7636 1.5620
13.8732 1.7713 1.5648
13.8925 1.7784 1.5672
13.9118 1.7849 1.5693
13.9310 1.7906 1.5709
13.9503 1.7956 1.5721
13.9696 1.7996 1.5726
13.9888 1.8026 1.5725
14.0081 1.8045 1.5715
14.0274 1.8052 1.5696
14.0466 1.8047 1.5668
14.0659 1.8028 1.5629
14.0852 1.7997 1.5578
14.1044 1.7951 1.5514
14.1237 1.7892 1.5439
14.1430 1.7820 1.5350
14.1623 1.7734 1.5249
14.1815 1.7636 1.5136
14.2008 1.7525 1.5011
14.2201 1.7403 1.4875
14.2393 1.7270 1.4729
14.2586 1.7128 1.4574
14.2779 1.6977 1.4412
14.2971 1.6819 1.4243
14.3164 1.6655 1.4070
14.3357 1.6485 1.3892
14.3549 1.6311 1.3713
14.3742 1.6134 1.3533
14.3935 1.5954 1.3354
14.4127 1.5772 1.3176
14.4320 1.5588 1.3001
14.4513 1.5403 1.2831
14.4705 1.5217 1.2665
14.4898 1.5031 1.2505
14.5091 1.4844 1.2352
14.5284 1.4656 1.2206
14.5476 1.4469 1.2067
14.5669 1.4282 1.1936
14.5862 1.4096 1.1813
14.6054 1.3911 1.1697
14.6247 1.3727 1.1588
14.6440 1.3546 1.1486
14.6632 1.3368 1.1391
14.6825 1.3193 1.1301
14.7018 1.3023 1.1216
14.7210 1.2857 1.1136
14.7403 1.2696 1.1060
14.7596 1.2541 1.0987
14.7788 1.2391 1.0917
14.7981 1.2246 1.0849
14.8174 1.2108 1.0783
14.8366 1.1974 1.0719
14.8559 1.1845 1.0656
14.8752 1.1721 1.0593
14.8945 1.1600 1.0532
14.9137 1.1483 1.0472
14.9330 1.1369 1.0412
14.9523 1.1257 1.0353
14.9715 1.1147 1.0295
14.9908 1.1038 1.0237
15.0101 1.0931 1.0181
15.0293 1.0823 1.0125
15.0486 1.0716 1.0069
15.0679 1.0609 1.0015
15.0871 1.0502 0.9961
15.1064 1.0395 0.9909
15.1257 1.0287 0.9857
15.1449 1.0179 0.9805
15.1642 1.0070 0.9755
15.1835 0.9961 0.9704
15.2027 0.9851 0.9655
15.2220 0.9741 0.9605
15.2413 0.9630 0.9555
15.2605 0.9519 0.9505
15.2798 0.9407 0.9455
15.2991 0.9295 0.9403
15.3184 0.9181 0.9350
15.3376 0.9068 0.9295
15.3569 0.8953 0.9239
15.3762 0.8837 0.9179
15.3954 0.8721 0.9117
15.4147 0.8605 0.9051
15.4340 0.8488 0.8981
15.4532 0.8371 0.8907
15.4725 0.8253 0.8828
15.4918 0.8136 0.8745
15.5110 0.8019 0.8657
15.5303 0.7903 0.8564
15.5496 0.7787 0.8467
15.5688 0.7673 0.8364
15.5881 0.7559 0.8258
15.6074 0.7448 0.8147
15.6266 0.7337 0.8032
15.6459 0.7229 0.7914
15.6652 0.7122 0.7793
15.6845 0.7017 0.7669
15.7037 0.6914 0.7544
15.7230 0.6813 0.7416
15.7423 0.6714 0.7287
15.7615 0.6617 0.7158
15.7808 0.6522 0.7027
15.8001 0.6429 0.6896
15.8193 0.6339 0.6765
15.8386 0.6250 0.6634
15.8579 0.6163 0.6503
15.8771 0.6078 0.6372
15.8964 0.5995 0.6241
15.9157 0.5914 0.6111
15.9349 0.5835 0.5982
15.9542 0.5757 0.5853
15.9735 0.5681 0.5725
15.9927 0.5606 0.5599
16.0120 0.5532 0.5474
16.0313 0.5460 0.5350
16.0506 0.5389 0.5229
16.0698 0.5319 0.5109
16.0891 0.5250 0.4991
16.1084 0.5182 0.4876
16.1276 0.5116 0.4764
16.1469 0.5050 0.4655
16.1662 0.4986 0.4549
16.1854 0.4923 0.4446
16.2047 0.4861 0.4347
16.2240 0.4800 0.4252
16.2432 0.4741 0.4161
16.2625 0.4682 0.4074
16.2818 0.4625 0.3991
16.3010 0.4569 0.3911
16.3203 0.4515 0.3836
16.3396 0.4461 0.3764
16.3588 0.4408 0.3696
16.3781 0.4356 0.3632
16.3974 0.4305 0.3570
16.4167 0.4255 0.3512
16.4359 0.4205 0.3456
16.4552 0.4155 0.3403
16.4745 0.4106 0.3353
16.4937 0.4057 0.3304
16.5130 0.4008 0.3258
16.5323 0.3960 0.3213
16.5515 0.3911 0.3170
16.5708 0.3863 0.3129
16.5901 0.3815 0.3090
16.6093 0.3768 0.3052
16.6286 0.3721 0.3015
16.6479 0.3674 0.2980
16.6671 0.3628 0.2947
16.6864 0.3582 0.2914
16.7057 0.3537 0.2883
16.7249 0.3492 0.2853
16.7442 0.3448 0.2824
16.7635 0.3404 0.2797
16.7828 0.3361 0.2770
16.8020 0.3318 0.2745
16.8213 0.3275 0.2720
16.8406 0.3232 0.2697
16.8598 0.3189 0.2675
16.8791 0.3145 0.2653
16.8984 0.3102 0.2633
16.9176 0.3058 0.2614
16.9369 0.3013 0.2596
16.9562 0.2969 0.2578
16.9754 0.2924 0.2562
16.9947 0.2878 0.2547
17.0140 0.2833 0.2533
17.0332 0.2787 0.2520
17.0525 0.2742 0.2507
17.0718 0.2697 0.2495
17.0910 0.2652 0.2484
17.1103 0.2608 0.2473
17.1296 0.2565 0.2463
17.1488 0.2523 0.2452
17.1681 0.2481 0.2442
17.1874 0.2441 0.2432
17.2067 0.2402 0.2422
17.2259 0.2364 0.2411
17.2452 0.2327 0.2400
17.2645 0.2292 0.2389
17.2837 0.2257 0.2377
17.3030 0.2224 0.2365
17.3223 0.2192 0.2352
17.3415 0.2160 0.2339
17.3608 0.2130 0.2325
17.3801 0.2100 0.2311
17.3993 0.2071 0.2296
17.4186 0.2043 0.2281
17.4379 0.2015 0.2266
17.4571 0.1987 0.2249
17.4764 0.1960 0.2232
17.4957 0.1933 0.2215
17.5149 0.1906 0.2196
17.5342 0.1880 0.2177
17.5535 0.1853 0.2156
17.5728 0.1827 0.2134
17.5920 0.1801 0.2112
17.6113 0.1775 0.2088
17.6306 0.1750 0.2062
17.6498 0.1725 0.2036
17.6691 0.1701 0.2008
17.6884 0.1676 0.1979
17.7076 0.1653 0.1950
17.7269 0.1630 0.1919
17.7462 0.1607 0.1888
17.7654 0.1585 0.1855
17.7847 0.1563 0.1823
17.8040 0.1541 0.1790
17.8232 0.1520 0.1757
17.8425 0.1500 0.1723
17.8618 0.1480 0.1690
17.8810 0.1460 0.1657
17.9003 0.1440 0.1624
17.9196 0.1421 0.1591
17.9389 0.1402 0.1559
17.9581 0.1384 0.1527
17.9774 0.1365 0.1496
17.9967 0.1347 0.1466
18.0159 0.1329 0.1436
18.0352 0.1312 0.1407
18.0545 0.1294 0.1378
18.0737 0.1277 0.1350
18.0930 0.1260 0.1324
18.1123 0.1244 0.1297
18.1315 0.1227 0.1272
18.1508 0.1211 0.1247
18.1701 0.1195 0.1223
18.1893 0.1179 0.1200
18.2086 0.1163 0.1177
18.2279 0.1147 0.1155
18.2471 0.1132 0.1133
18.2664 0.1117 0.1111
18.2857 0.1102 0.1090
18.3050 0.1087 0.1069
18.3242 0.1072 0.1049
18.3435 0.1058 0.1029
18.3628 0.1044 0.1009
18.3820 0.1029 0.0989
18.4013 0.1015 0.0969
18.4206 0.1001 0.0950
18.4398 0.0987 0.0931
18.4591 0.0974 0.0913
18.4784 0.0960 0.0894
18.4976 0.0946 0.0876
18.5169 0.0932 0.0859
18.5362 0.0919 0.0841
18.5554 0.0905 0.0824
18.5747 0.0891 0.0808
18.5940 0.0877 0.0792
18.6132 0.0863 0.0776
18.6325 0.0849 0.0761
18.6518 0.0835 0.0746
18.6711 0.0822 0.0731
18.6903 0.0808 0.0717
18.7096 0.0794 0.0703
18.7289 0.0781 0.0689
18.7481 0.0768 0.0676
18.7674 0.0754 0.0664
18.7867 0.0741 0.0651
18.8059 0.0729 0.0639
18.8252 0.0716 0.0628
18.8445 0.0704 0.0616
18.8637 0.0692 0.0605
18.8830 0.0680 0.0595
18.9023 0.0668 0.0584
18.9215 0.0656 0.0574
18.9408 0.0645 0.0564
18.9601 0.0634 0.0555
18.9793 0.0624 0.0546
18.9986 0.0613 0.0537
19.0179 0.0603 0.0529
19.0372 0.0593 0.0521
19.0564 0.0583 0.0513
19.0757 0.0574 0.0505
19.0950 0.0565 0.0498
19.1142 0.0556 0.0491
19.1335 0.0547 0.0484
19.1528 0.0539 0.0478
19.1720 0.0531 0.0471
19.1913 0.0523 0.0465
19.2106 0.0515 0.0459
19.2298 0.0508 0.0453
19.2491 0.0501 0.0448
19.2684 0.0494 0.0442
19.2876 0.0487 0.0437
19.3069 0.0481 0.0431
19.3262 0.0474 0.0426
19.3454 0.0468 0.0421
19.3647 0.0462 0.0416
19.3840 0.0456 0.0410
19.4032 0.0450 0.0405
19.4225 0.0445 0.0400
19.4418 0.0439 0.0395
19.4611 0.0433 0.0390
19.4803 0.0428 0.0385
19.4996 0.0422 0.0380
19.5189 0.0416 0.0375
19.5381 0.0411 0.0371
19.5574 0.0405 0.0366
19.5767 0.0400 0.0361
19.5959 0.0394 0.0356
19.6152 0.0388 0.0352
19.6345 0.0383 0.0347
19.6537 0.0377 0.0343
19.6730 0.0372 0.0338
19.6923 0.0366 0.0334
19.7115 0.0361 0.0329
19.7308 0.0356 0.0325
19.7501 0.0350 0.0321
19.7693 0.0345 0.0316
19.7886 0.0340 0.0312
19.8079 0.0335 0.0308
19.8272 0.0331 0.0304
19.8464 0.0326 0.0299
19.8657 0.0321 0.0295
19.8850 0.0317 0.0291
19.9042 0.0312 0.0287
19.9235 0.0308 0.0283
19.9428 0.0304 0.0279
19.9620 0.0300 0.0275
19.9813 0.0295 0.0271
20.0006 0.0291 0.0267
20.0198 0.0287 0.0263
20.0391 0.0283 0.0259
20.0584 0.0279 0.0255
20.0776 0.0275 0.0252
20.0969 0.0272 0.0248
20.1162 0.0268 0.0245
20.1354 0.0264 0.0241
20.1547 0.0260 0.0238
20.1740 0.0257 0.0235
20.1933 0.0253 0.0231
20.2125 0.0250 0.0228
20.2318 0.0246 0.0225
20.2511 0.0243 0.0222
20.2703 0.0240 0.0219
20.2896 0.0236 0.0216
20.3089 0.0233 0.0214
20.3281 0.0230 0.0211
20.3474 0.0228 0.0208
20.3667 0.0225 0.0206
20.3859 0.0222 0.0204
20.4052 0.0220 0.0201
20.4245 0.0217 0.0199
20.4437 0.0215 0.0197
20.4630 0.0212 0.0195
20.4823 0.0210 0.0193
20.5015 0.0208 0.0191
20.5208 0.0206 0.0189
20.5401 0.0204 0.0188
20.5594 0.0202 0.0186
20.5786 0.0200 0.0184
20.5979 0.0199 0.0183
20.6172 0.0197 0.0181
20.6364 0.0195 0.0180
20.6557 0.0194 0.0179
20.6750 0.0192 0.0177
20.6942 0.0191 0.0176
20.7135 0.0190 0.0174
20.7328 0.0188 0.0173
20.7520 0.0187 0.0172
20.7713 0.0186 0.0170
20.7906 0.0184 0.0169
20.8098 0.0183 0.0168
20.8291 0.0182 0.0166
20.8484 0.0180 0.0165
20.8676 0.0179 0.0163
20.8869 0.0177 0.0162
20.9062 0.0176 0.0161
20.9255 0.0174 0.0159
20.9447 0.0172 0.0158
20.9640 0.0170 0.0156
20.9833 0.0168 0.0155
21.0025 0.0166 0.0153
21.0218 0.0164 0.0152
21.0411 0.0162 0.0150
21.0603 0.0160 0.0148
21.0796 0.0157 0.0147
21.0989 0.0155 0.0145
21.1181 0.0153 0.0144
21.1374 0.0151 0.0142
21.1567 0.0149 0.0140
21.1759 0.0147 0.0139
21.1952 0.0145 0.0137
21.2145 0.0143 0.0135
21.2337 0.0141 0.0134
21.2530 0.0139 0.0132
21.2723 0.0138 0.0131
21.2915 0.0136 0.0129
21.3108 0.0135 0.0128
21.3301 0.0134 0.0126
21.3494 0.0132 0.0125
21.3686 0.0131 0.0124
21.3879 0.0130 0.0122
21.4072 0.0128 0.0121
21.4264 0.0127 0.0120
21.4457 0.0126 0.0118
21.4650 0.0125 0.0117
21.4842 0.0123 0.0116
21.5035 0.0122 0.0114
21.5228 0.0121 0.0113
21.5420 0.0120 0.0112
21.5613 0.0119 0.0111
21.5806 0.0117 0.0109
21.5998 0.0116 0.0108
21.6191 0.0115 0.0107
21.6384 0.0114 0.0106
21.6576 0.0112 0.0105
21.6769 0.0111 0.0104
21.6962 0.0110 0.0103
21.7155 0.0109 0.0102
21.7347 0.0108 0.0101
21.7540 0.0107 0.0100
21.7733 0.0106 0.0099
21.7925 0.0105 0.0098
21.8118 0.0104 0.0097
21.8311 0.0103 0.0096
21.8503 0.0102 0.0095
21.8696 0.0101 0.0094
21.8889 0.0100 0.0094
21.9081 0.0100 0.0093
21.9274 0.0099 0.0092
21.9467 0.0098 0.0091
21.9659 0.0097 0.0091
21.9852 0.0096 0.0090
22.0045 0.0096 0.0089
22.0237 0.0095 0.0089
22.0430 0.0094 0.0088
22.0623 0.0094 0.0087
22.0816 0.0093 0.0087
22.1008 0.0092 0.0086
22.1201 0.0092 0.0085
22.1394 0.0091 0.0085
22.1586 0.0091 0.0084
22.1779 0.0090 0.0083
22.1972 0.0090 0.0083
22.2164 0.0089 0.0082
22.2357 0.0089 0.0082
22.2550 0.0088 0.0081
22.2742 0.0088 0.0081
22.2935 0.0088 0.0081
22.3128 0.0087 0.0080
22.3320 0.0087 0.0080
22.3513 0.0086 0.0079
22.3706 0.0086 0.0079
22.3898 0.0085 0.0079
22.4091 0.0085 0.0078
22.4284 0.0085 0.0078
22.4477 0.0084 0.0078
22.4669 0.0084 0.0078
22.4862 0.0083 0.0077
22.5055 0.0083 0.0077
22.5247 0.0082 0.0077
22.5440 0.0082 0.0077
22.5633 0.0082 0.0077
22.5825 0.0081 0.0076
22.6018 0.0081 0.0076
22.6211 0.0080 0.0076
22.6403 0.0080 0.0076
22.6596 0.0079 0.0076
22.6789 0.0079 0.0076
22.6981 0.0078 0.0076
22.7174 0.0078 0.0075
22.7367 0.0078 0.0075
22.7559 0.0077 0.0075
22.7752 0.0077 0.0075
22.7945 0.0077 0.0075
22.8138 0.0077 0.0076
22.8330 0.0076 0.0076
22.8523 0.0076 0.0076
22.8716 0.0076 0.0076
22.8908 0.0076 0.0076
22.9101 0.0076 0.0076
22.9294 0.0076 0.0076
22.9486 0.0076 0.0076
22.9679 0.0076 0.0076
22.9872 0.0076 0.0076
23.0064 0.0076 0.0077
23.0257 0.0076 0.0077
23.0450 0.0077 0.0077
23.0642 0.0077 0.0077
23.0835 0.0077 0.0077
23.1028 0.0077 0.0077
23.1220 0.0077 0.0077
23.1413 0.0077 0.0077
23.1606 0.0077 0.0077
23.1798 0.0078 0.0077
23.1991 0.0078 0.0077
23.2184 0.0078 0.0077
23.2377 0.0078 0.0077
23.2569 0.0078 0.0077
23.2762 0.0078 0.0077
23.2955 0.0078 0.0077
23.3147 0.0078 0.0077
23.3340 0.0078 0.0077
23.3533 0.0078 0.0077
23.3725 0.0079 0.0077
23.3918 0.0079 0.0077
23.4111 0.0079 0.0077
23.4303 0.0079 0.0078
23.4496 0.0079 0.0078
23.4689 0.0079 0.0078
23.4881 0.0079 0.0078
23.5074 0.0079 0.0079
23.5267 0.0080 0.0079
23.5459 0.0080 0.0079
23.5652 0.0080 0.0079
23.5845 0.0080 0.0080
23.6038 0.0080 0.0080
23.6230 0.0080 0.0080
23.6423 0.0081 0.0081
23.6616 0.0081 0.0081
23.6808 0.0081 0.0081
23.7001 0.0081 0.0081
23.7194 0.0081 0.0082
23.7386 0.0081 0.0082
23.7579 0.0082 0.0082
23.7772 0.0082 0.0083
23.7964 0.0082 0.0083
23.8157 0.0082 0.0083
23.8350 0.0082 0.0083
23.8542 0.0083 0.0084
23.8735 0.0083 0.0084
23.8928 0.0083 0.0084
23.9120 0.0083 0.0084
23.9313 0.0084 0.0085
23.9506 0.0084 0.0085
23.9699 0.0084 0.0085
23.9891 0.0085 0.0085
24.0084 0.0085 0.0086
24.0277 0.0085 0.0086
24.0469 0.0086 0.0086
24.0662 0.0086 0.0087
24.0855 0.0086 0.0087
24.1047 0.0087 0.0087
24.1240 0.0087 0.0088
24.1433 0.0088 0.0088
24.1625 0.0088 0.0088
24.1818 0.0088 0.0088
24.2011 0.0089 0.0088
24.2203 0.0089 0.0089
24.2396 0.0089 0.0089
24.2589 0.0090 0.0089
24.2781 0.0090 0.0089
24.2974 0.0090 0.0089
24.3167 0.0091 0.0089
24.3360 0.0091 0.0089
24.3552 0.0091 0.0090
24.3745 0.0091 0.0090
24.3938 0.0092 0.0090
24.4130 0.0092 0.0090
24.4323 0.0092 0.0090
24.4516 0.0092 0.0090
24.4708 0.0092 0.0090
24.4901 0.0092 0.0090
24.5094 0.0092 0.0090
24.5286 0.0092 0.0090
24.5479 0.0092 0.0090
24.5672 0.0093 0.0090
24.5864 0.0093 0.0090
24.6057 0.0093 0.0090
24.6250 0.0093 0.0090
24.6442 0.0093 0.0090
24.6635 0.0092 0.0089
24.6828 0.0092 0.0089
24.7021 0.0092 0.0089
24.7213 0.0092 0.0089
24.7406 0.0092 0.0088
24.7599 0.0091 0.0088
24.7791 0.0091 0.0088
24.7984 0.0090 0.0087
24.8177 0.0090 0.0087
24.8369 0.0089 0.0086
24.8562 0.0089 0.0085
24.8755 0.0088 0.0085
24.8947 0.0087 0.0084
24.9140 0.0087 0.0083
24.9333 0.0086 0.0082
24.9525 0.0085 0.0081
24.9718 0.0084 0.0080
24.9911 0.0083 0.0079
25.0103 0.0082 0.0078
25.0296 0.0081 0.0077
25.0489 0.0080 0.0076
25.0681 0.0078 0.0075
25.0874 0.0077 0.0073
25.1067 0.0076 0.0072
25.1260 0.0074 0.0071
25.1452 0.0073 0.0069
25.1645 0.0072 0.0068
25.1838 0.0070 0.0067
25.2030 0.0068 0.0065
25.2223 0.0067 0.0064
25.2416 0.0065 0.0063
25.2608 0.0064 0.0061
25.2801 0.0062 0.0060
25.2994 0.0061 0.0059
25.3186 0.0059 0.0058
25.3379 0.0058 0.0057
25.3572 0.0056 0.0056
25.3764 0.0055 0.0054
25.3957 0.0053 0.0053
25.4150 0.0052 0.0052
25.4342 0.0051 0.0052
25.4535 0.0050 0.0051
25.4728 0.0048 0.0050
25.4921 0.0047 0.0049
25.5113 0.0046 0.0048
25.5306 0.0045 0.0047
25.5499 0.0045 0.0047
25.5691 0.0044 0.0046
25.5884 0.0043 0.0045
25.6077 0.0042 0.0045
25.6269 0.0042 0.0044
25.6462 0.0041 0.0044
25.6655 0.0041 0.0043
25.6847 0.0040 0.0043
25.7040 0.0040 0.0042
25.7233 0.0039 0.0042
25.7425 0.0039 0.0041
25.7618 0.0039 0.0041
25.7811 0.0038 0.0041
25.8003 0.0038 0.0041
25.8196 0.0038 0.0040
25.8389 0.0038 0.0040
25.8582 0.0038 0.0040
25.8774 0.0038 0.0040
25.8967 0.0037 0.0040
25.9160 0.0037 0.0039
25.9352 0.0037 0.0039
25.9545 0.0037 0.0039
25.9738 0.0037 0.0039
25.9930 0.0037 0.0039
26.0123 0.0037 0.0039
26.0316 0.0037 0.0039
26.0508 0.0037 0.0039
26.0701 0.0037 0.0038
26.0894 0.0037 0.0038
26.1086 0.0037 0.0038
26.1279 0.0037 0.0038
26.1472 0.0037 0.0038
26.1664 0.0037 0.0038
26.1857 0.0037 0.0038
26.2050 0.0037 0.0038
26.2243 0.0037 0.0038
26.2435 0.0037 0.0038
26.2628 0.0037 0.0038
26.2821 0.0037 0.0038
26.3013 0.0037 0.0038
26.3206 0.0037 0.0038
26.3399 0.0038 0.0039
26.3591 0.0038 0.0039
26.3784 0.0038 0.0039
26.3977 0.0038 0.0039
26.4169 0.0038 0.0039
26.4362 0.0038 0.0039
26.4555 0.0038 0.0039
26.4747 0.0038 0.0039
26.4940 0.0038 0.0039
26.5133 0.0039 0.0039
26.5325 0.0039 0.0039
26.5518 0.0039 0.0039
26.5711 0.0039 0.0039
26.5904 0.0039 0.0039
26.6096 0.0039 0.0038
26.6289 0.0039 0.0038
26.6482 0.0039 0.0038
26.6674 0.0038 0.0038
26.6867 0.0038 0.0038
26.7060 0.0038 0.0038
26.7252 0.0038 0.0037
26.7445 0.0038 0.0037
26.7638 0.0038 0.0037
26.7830 0.0037 0.0037
26.8023 0.0037 0.0036
26.8216 0.0037 0.0036
26.8408 0.0036 0.0036
26.8601 0.0036 0.0035
26.8794 0.0036 0.0035
26.8986 0.0035 0.0035
26.9179 0.0035 0.0034
26.9372 0.0034 0.0034
26.9565 0.0034 0.0033
26.9757 0.0033 0.0033
26.9950 0.0033 0.0032
27.0143 0.0032 0.0032
27.0335 0.0032 0.0031
27.0528 0.0031 0.0031
27.0721 0.0031 0.0030
27.0913 0.0030 0.0030
27.1106 0.0029 0.0029
27.1299 0.0029 0.0029
27.1491 0.0028 0.0028
27.1684 0.0027 0.0028
27.1877 0.0027 0.0027
27.2069 0.0026 0.0026
27.2262 0.0026 0.0026
27.2455 0.0025 0.0025
27.2647 0.0024 0.0025
27.2840 0.0024 0.0024
27.3033 0.0023 0.0024
27.3225 0.0023 0.0023
27.3418 0.0022 0.0023
27.3611 0.0022 0.0022
27.3804 0.0021 0.0022
27.3996 0.0020 0.0021
27.4189 0.0020 0.0021
27.4382 0.0020 0.0020
27.4574 0.0019 0.0020
27.4767 0.0019 0.0019
27.4960 0.0018 0.0019
27.5152 0.0018 0.0019
27.5345 0.0018 0.0018
27.5538 0.0017 0.0018
27.5730 0.0017 0.0018
27.5923 0.0017 0.0017
27.6116 0.0016 0.0017
27.6308 0.0016 0.0017
27.6501 0.0016 0.0016
27.6694 0.0016 0.0016
27.6886 0.0016 0.0016
27.7079 0.0015 0.0016
27.7272 0.0015 0.0016
27.7465 0.0015 0.0015
27.7657 0.0015 0.0015
27.7850 0.0015 0.0015
27.8043 0.0015 0.0015
27.8235 0.0015 0.0015
27.8428 0.0015 0.0014
27.8621 0.0015 0.0014
27.8813 0.0014 0.0014
27.9006 0.0014 0.0014
27.9199 0.0014 0.0014
27.9391 0.0014 0.0014
27.9584 0.0014 0.0013
27.9777 0.0014 0.0013
27.9969 0.0014 0.0013
28.0162 0.0014 0.0013
28.0355 0.0014 0.0013
28.0547 0.0014 0.0013
28.0740 0.0013 0.0013
28.0933 0.0013 0.0012
28.1126 0.0013 0.0012
28.1318 0.0013 0.0012
28.1511 0.0013 0.0012
28.1704 0.0013 0.0012
28.1896 0.0013 0.0012
28.2089 0.0013 0.0012
28.2282 0.0012 0.0012
28.2474 0.0012 0.0012
28.2667 0.0012 0.0011
28.2860 0.0012 0.0011
28.3052 0.0012 0.0011
28.3245 0.0012 0.0011
28.3438 0.0012 0.0011
28.3630 0.0011 0.0011
28.3823 0.0011 0.0011
28.4016 0.0011 0.0011
28.4208 0.0011 0.0011
28.4401 0.0011 0.0010
28.4594 0.0011 0.0010
28.4787 0.0011 0.0010
28.4979 0.0010 0.0010
28.5172 0.0010 0.0010
28.5365 0.0010 0.0010
28.5557 0.0010 0.0010
28.5750 0.0010 0.0010
28.5943 0.0010 0.0009
28.6135 0.0010 0.0009
28.6328 0.0009 0.0009
28.6521 0.0009 0.0009
28.6713 0.0009 0.0009
28.6906 0.0009 0.0009
28.7099 0.0009 0.0009
28.7291 0.0009 0.0009
28.7484 0.0009 0.0008
28.7677 0.0009 0.0008
28.7869 0.0008 0.0008
28.8062 0.0008 0.0008
28.8255 0.0008 0.0008
28.8448 0.0008 0.0008
28.8640 0.0008 0.0008
28.8833 0.0008 0.0008
28.9026 0.0008 0.0008
28.9218 0.0008 0.0008
28.9411 0.0008 0.0007
28.9604 0.0007 0.0007
28.9796 0.0007 0.0007
28.9989 0.0007 0.0007
29.0182 0.0007 0.0007
29.0374 0.0007 0.0007
29.0567 0.0007 0.0007
29.0760 0.0007 0.0007
29.0952 0.0007 0.0007
29.1145 0.0007 0.0007
29.1338 0.0007 0.0007
29.1530 0.0007 0.0007
29.1723 0.0007 0.0007
29.1916 0.0007 0.0006
29.2108 0.0006 0.0006
29.2301 0.0006 0.0006
29.2494 0.0006 0.0006
29.2687 0.0006 0.0006
29.2879 0.0006 0.0006
29.3072 0.0006 0.0006
29.3265 0.0006 0.0006
29.3457 0.0006 0.0006
29.3650 0.0006 0.0006
29.3843 0.0006 0.0006
29.4035 0.0006 0.0006
29.4228 0.0006 0.0006
29.4421 0.0006 0.0006
29.4613 0.0006 0.0006
29.4806 0.0005 0.0006
29.4999 0.0005 0.0006
29.5191 0.0005 0.0006
29.5384 0.0005 0.0006
29.5577 0.0005 0.0006
29.5769 0.0005 0.0006
29.5962 0.0005 0.0006
29.6155 0.0005 0.0005
29.6348 0.0005 0.0005
29.6540 0.0005 0.0005
29.6733 0.0005 0.0005
29.6926 0.0005 0.0005
29.7118 0.0005 0.0005
29.7311 0.0005 0.0005
29.7504 0.0005 0.0005
29.7696 0.0005 0.0005
29.7889 0.0004 0.0005
29.8082 0.0004 0.0005
29.8274 0.0004 0.0005
29.8467 0.0004 0.0005
29.8660 0.0004 0.0005
29.8852 0.0004 0.0005
29.9045 0.0004 0.0005
29.9238 0.0004 0.0004
29.9430 0.0004 0.0004
29.9623 0.0004 0.0004
29.9816 0.0004 0.0004
30.0009 0.0004 0.0004
30.0201 0.0004 0.0004
30.0394 0.0004 0.0004
30.0587 0.0004 0.0004
30.0779 0.0004 0.0004
30.0972 0.0004 0.0004
30.1165 0.0004 0.0004
30.1357 0.0004 0.0004
30.1550 0.0004 0.0004
30.1743 0.0004 0.0004
30.1935 0.0003 0.0004
30.2128 0.0003 0.0004
30.2321 0.0003 0.0004
30.2513 0.0003 0.0003
30.2706 0.0003 0.0003
30.2899 0.0003 0.0003
30.3091 0.0003 0.0003
30.3284 0.0003 0.0003
30.3477 0.0003 0.0003
30.3670 0.0003 0.0003
30.3862 0.0003 0.0003
30.4055 0.0003 0.0003
30.4248 0.0003 0.0003
30.4440 0.0003 0.0003
30.4633 0.0003 0.0003
30.4826 0.0003 0.0003
30.5018 0.0003 0.0003
30.5211 0.0003 0.0003
30.5404 0.0003 0.0003
30.5596 0.0003 0.0003
30.5789 0.0003 0.0003
30.5982 0.0003 0.0003
30.6174 0.0003 0.0003
30.6367 0.0003 0.0003
30.6560 0.0003 0.0003
30.6752 0.0003 0.0003
30.6945 0.0003 0.0003
30.7138 0.0003 0.0003
30.7331 0.0003 0.0003
30.7523 0.0002 0.0003
30.7716 0.0002 0.0003
30.7909 0.0002 0.0003
30.8101 0.0002 0.0002
30.8294 0.0002 0.0002
30.8487 0.0002 0.0002
30.8679 0.0002 0.0002
30.8872 0.0002 0.0002
30.9065 0.0002 0.0002
30.9257 0.0002 0.0002
30.9450 0.0002 0.0002
30.9643 0.0002 0.0002
30.9835 0.0002 0.0002
31.0028 0.0002 0.0002
31.0221 0.0002 0.0002
31.0413 0.0002 0.0002
31.0606 0.0002 0.0002
31.0799 0.0002 0.0002
31.0991 0.0002 0.0002
31.1184 0.0002 0.0002
31.1377 0.0002 0.0002
31.1570 0.0002 0.0002
31.1762 0.0002 0.0002
31.1955 0.0002 0.0002
31.2148 0.0002 0.0002
31.2340 0.0002 0.0002
31.2533 0.0002 0.0002
31.2726 0.0002 0.0002
31.2918 0.0002 0.0002
31.3111 0.0002 0.0002
31.3304 0.0002 0.0002
31.3496 0.0002 0.0002
31.3689 0.0002 0.0002
31.3882 0.0002 0.0002
31.4074 0.0002 0.0002
31.4267 0.0002 0.0002
31.4460 0.0002 0.0002
31.4652 0.0002 0.0002
31.4845 0.0002 0.0002
31.5038 0.0002 0.0002
31.5231 0.0002 0.0002
31.5423 0.0002 0.0002
31.5616 0.0002 0.0002
31.5809 0.0002 0.0002
31.6001 0.0002 0.0002
31.6194 0.0002 0.0002
31.6387 0.0002 0.0002
31.6579 0.0002 0.0002
31.6772 0.0002 0.0002
31.6965 0.0002 0.0002
31.7157 0.0002 0.0002
31.7350 0.0002 0.0002
31.7543 0.0002 0.0002
31.7735 0.0002 0.0002
31.7928 0.0002 0.0002
31.8121 0.0002 0.0002
31.8313 0.0002 0.0002
31.8506 0.0002 0.0002
31.8699 0.0002 0.0002
31.8892 0.0002 0.0002
31.9084 0.0002 0.0002
31.9277 0.0002 0.0002
31.9470 0.0002 0.0002
31.9662 0.0001 0.0002
31.9855 0.0001 0.0001
32.0048 0.0001 0.0001
32.0240 0.0001 0.0001
32.0433 0.0001 0.0001
32.0626 0.0001 0.0001
32.0818 0.0001 0.0001
32.1011 0.0001 0.0001
32.1204 0.0001 0.0001
32.1396 0.0001 0.0001
32.1589 0.0001 0.0001
32.1782 0.0001 0.0001
32.1974 0.0001 0.0001
32.2167 0.0001 0.0001
32.2360 0.0001 0.0001
32.2553 0.0001 0.0001
32.2745 0.0001 0.0001
32.2938 0.0001 0.0001
32.3131 0.0001 0.0001
32.3323 0.0001 0.0001
32.3516 0.0001 0.0001
32.3709 0.0001 0.0001
32.3901 0.0001 0.0001
32.4094 0.0001 0.0001
32.4287 0.0001 0.0001
32.4479 0.0001 0.0001
32.4672 0.0001 0.0001
32.4865 0.0001 0.0001
32.5057 0.0001 0.0001
32.5250 0.0001 0.0001
32.5443 0.0001 0.0001
32.5635 0.0001 0.0001
32.5828 0.0001 0.0001
32.6021 0.0001 0.0001
32.6214 0.0001 0.0001
32.6406 0.0001 0.0001
32.6599 0.0001 0.0001
32.6792 0.0001 0.0001
32.6984 0.0001 0.0001
32.7177 0.0001 0.0001
32.7370 0.0001 0.0001
32.7562 0.0001 0.0001
32.7755 0.0001 0.0001
32.7948 0.0001 0.0001
32.8140 0.0001 0.0001
32.8333 0.0001 0.0001
32.8526 0.0001 0.0001
32.8718 0.0001 0.0001
32.8911 0.0001 0.0001
32.9104 0.0001 0.0001
32.9296 0.0001 0.0001
32.9489 0.0001 0.0001
32.9682 0.0001 0.0001
32.9875 0.0001 0.0001
33.0067 0.0001 0.0001
33.0260 0.0001 0.0001
33.0453 0.0001 0.0001
33.0645 0.0001 0.0001
33.0838 0.0001 0.0001
33.1031 0.0001 0.0001
33.1223 0.0001 0.0001
33.1416 0.0001 0.0001
33.1609 0.0001 0.0001
33.1801 0.0001 0.0001
33.1994 0.0001 0.0001
33.2187 0.0001 0.0001
33.2379 0.0001 0.0001
33.2572 0.0001 0.0001
33.2765 0.0001 0.0001
33.2957 0.0001 0.0001
33.3150 0.0001 0.0001
33.3343 0.0001 0.0001
33.3535 0.0001 0.0001
33.3728 0.0001 0.0001
33.3921 0.0001 0.0001
33.4114 0.0001 0.0001
33.4306 0.0001 0.0001
33.4499 0.0001 0.0001
33.4692 0.0001 0.0001
33.4884 0.0001 0.0001
33.5077 0.0001 0.0001
33.5270 0.0001 0.0001
33.5462 0.0001 0.0001
33.5655 0.0001 0.0001
33.5848 0.0001 0.0001
33.6040 0.0001 0.0001
33.6233 0.0001 0.0001
33.6426 0.0001 0.0001
33.6618 0.0001 0.0001
33.6811 0.0001 0.0001
33.7004 0.0001 0.0001
33.7196 0.0001 0.0001
33.7389 0.0001 0.0001
33.7582 0.0001 0.0001
33.7775 0.0001 0.0001
33.7967 0.0001 0.0001
33.8160 0.0001 0.0001
33.8353 0.0001 0.0001
33.8545 0.0001 0.0001
33.8738 0.0001 0.0001
33.8931 0.0001 0.0001
33.9123 0.0001 0.0001
33.9316 0.0001 0.0001
33.9509 0.0001 0.0001
33.9701 0.0001 0.0001
33.9894 0.0001 0.0001
34.0087 0.0001 0.0001
34.0279 0.0001 0.0001
34.0472 0.0001 0.0001
34.0665 0.0001 0.0001
34.0857 0.0001 0.0001
34.1050 0.0001 0.0001
34.1243 0.0001 0.0001
34.1436 0.0001 0.0001
34.1628 0.0001 0.0001
34.1821 0.0001 0.0001
34.2014 0.0001 0.0001
34.2206 0.0001 0.0001
34.2399 0.0001 0.0001
34.2592 0.0001 0.0001
34.2784 0.0001 0.0001
34.2977 0.0001 0.0001
34.3170 0.0001 0.0001
34.3362 0.0001 0.0001
34.3555 0.0001 0.0001
34.3748 0.0001 0.0001
34.3940 0.0001 0.0001
34.4133 0.0001 0.0001
34.4326 0.0001 0.0001
34.4518 0.0001 0.0001
34.4711 0.0001 0.0001
34.4904 0.0001 0.0001
34.5097 0.0001 0.0001
34.5289 0.0001 0.0001
34.5482 0.0001 0.0001
34.5675 0.0001 0.0001
34.5867 0.0001 0.0001
34.6060 0.0001 0.0001
34.6253 0.0001 0.0001
34.6445 0.0001 0.0001
34.6638 0.0001 0.0001
34.6831 0.0001 0.0001
34.7023 0.0001 0.0001
34.7216 0.0001 0.0001
34.7409 0.0001 0.0001
34.7601 0.0001 0.0001
34.7794 0.0001 0.0001
34.7987 0.0001 0.0001
34.8179 0.0001 0.0001
34.8372 0.0001 0.0001
34.8565 0.0001 0.0001
34.8758 0.0001 0.0001
34.8950 0.0001 0.0001
34.9143 0.0001 0.0001
34.9336 0.0001 0.0001
34.9528 0.0001 0.0001
34.9721 0.0001 0.0001
34.9914 0.0001 0.0001
35.0106 0.0001 0.0001
35.0299 0.0001 0.0001
35.0492 0.0001 0.0001
35.0684 0.0001 0.0001
35.0877 0.0001 0.0001
35.1070 0.0001 0.0001
35.1262 0.0001 0.0001
35.1455 0.0001 0.0001
35.1648 0.0001 0.0001
35.1840 0.0001 0.0001
35.2033 0.0001 0.0001
35.2226 0.0001 0.0001
35.2418 0.0001 0.0001
35.2611 0.0001 0.0001
35.2804 0.0001 0.0001
35.2997 0.0001 0.0001
35.3189 0.0001 0.0001
35.3382 0.0001 0.0001
35.3575 0.0001 0.0001
35.3767 0.0001 0.0001
35.3960 0.0001 0.0001
35.4153 0.0001 0.0001
35.4345 0.0001 0.0001
35.4538 0.0001 0.0001
35.4731 0.0001 0.0001
35.4923 0.0001 0.0001
35.5116 0.0001 0.0001
35.5309 0.0001 0.0001
35.5501 0.0001 0.0001
35.5694 0.0001 0.0001
35.5887 0.0001 0.0001
35.6079 0.0001 0.0001
35.6272 0.0001 0.0001
35.6465 0.0001 0.0001
35.6658 0.0001 0.0001
35.6850 0.0001 0.0001
35.7043 0.0001 0.0001
35.7236 0.0001 0.0001
35.7428 0.0001 0.0001
35.7621 0.0001 0.0001
35.7814 0.0001 0.0001
35.8006 0.0001 0.0001
35.8199 0.0001 0.0001
35.8392 0.0001 0.0001
35.8584 0.0001 0.0001
35.8777 0.0001 0.0001
35.8970 0.0001 0.0001
35.9162 0.0001 0.0001
35.9355 0.0001 0.0001
35.9548 0.0001 0.0001
35.9740 0.0001 0.0001
35.9933 0.0001 0.0001
36.0126 0.0001 0.0001
36.0319 0.0001 0.0001
36.0511 0.0001 0.0001
36.0704 0.0001 0.0001
36.0897 0.0001 0.0001
36.1089 0.0001 0.0001
36.1282 0.0001 0.0001
36.1475 0.0001 0.0001
36.1667 0.0001 0.0001
36.1860 0.0001 0.0001
36.2053 0.0001 0.0001
36.2245 0.0001 0.0001
36.2438 0.0001 0.0001
36.2631 0.0001 0.0001
36.2823 0.0001 0.0001
36.3016 0.0001 0.0001
36.3209 0.0001 0.0001
36.3401 0.0001 0.0001
36.3594 0.0001 0.0001
36.3787 0.0001 0.0001
36.3980 0.0001 0.0001
36.4172 0.0001 0.0001
36.4365 0.0001 0.0001
36.4558 0.0001 0.0001
36.4750 0.0001 0.0001
36.4943 0.0001 0.0001
36.5136 0.0001 0.0001
36.5328 0.0001 0.0001
36.5521 0.0001 0.0001
36.5714 0.0001 0.0001
36.5906 0.0001 0.0001
36.6099 0.0001 0.0001
36.6292 0.0001 0.0001
36.6484 0.0001 0.0001
36.6677 0.0001 0.0001
36.6870 0.0001 0.0001
36.7062 0.0001 0.0001
36.7255 0.0001 0.0001
36.7448 0.0001 0.0001
36.7641 0.0001 0.0001
36.7833 0.0001 0.0001
36.8026 0.0001 0.0001
36.8219 0.0001 0.0001
36.8411 0.0001 0.0001
36.8604 0.0001 0.0001
36.8797 0.0001 0.0001
36.8989 0.0001 0.0001
36.9182 0.0001 0.0001
36.9375 0.0001 0.0001
36.9567 0.0001 0.0001
36.9760 0.0001 0.0001
36.9953 0.0001 0.0001
37.0145 0.0001 0.0001
37.0338 0.0001 0.0001
37.0531 0.0001 0.0001
37.0723 0.0001 0.0001
37.0916 0.0001 0.0001
37.1109 0.0001 0.0001
37.1301 0.0001 0.0001
37.1494 0.0001 0.0001
37.1687 0.0001 0.0001
37.1880 0.0001 0.0001
37.2072 0.0001 0.0001
37.2265 0.0001 0.0001
37.2458 0.0001 0.0001
37.2650 0.0001 0.0001
37.2843 0.0001 0.0001
37.3036 0.0001 0.0001
37.3228 0.0001 0.0001
37.3421 0.0001 0.0001
37.3614 0.0001 0.0001
37.3806 0.0001 0.0001
37.3999 0.0001 0.0001
37.4192 0.0001 0.0001
37.4384 0.0001 0.0001
37.4577 0.0001 0.0000
37.4770 0.0001 0.0000
37.4962 0.0001 0.0000
37.5155 0.0001 0.0000
37.5348 0.0001 0.0000
37.5541 0.0001 0.0000
37.5733 0.0001 0.0000
37.5926 0.0001 0.0000
37.6119 0.0001 0.0000
37.6311 0.0001 0.0000
37.6504 0.0001 0.0000
37.6697 0.0001 0.0000
37.6889 0.0001 0.0000
37.7082 0.0001 0.0000
37.7275 0.0000 0.0000
37.7467 0.0000 0.0000
37.7660 0.0000 0.0000
37.7853 0.0000 0.0000
37.8045 0.0000 0.0000
37.8238 0.0000 0.0000
37.8431 0.0000 0.0000
37.8623 0.0000 0.0000
37.8816 0.0000 0.0000
37.9009 0.0000 0.0000
37.9202 0.0000 0.0000
37.9394 0.0000 0.0000
37.9587 0.0000 0.0000
37.9780 0.0000 0.0000
37.9972 0.0000 0.0000
38.0165 0.0000 0.0000
38.0358 0.0000 0.0000
38.0550 0.0000 0.0000
38.0743 0.0000 0.0000
38.0936 0.0000 0.0000
38.1128 0.0000 0.0000
38.1321 0.0000 0.0000
38.1514 0.0000 0.0000
38.1706 0.0000 0.0000
38.1899 0.0000 0.0000
38.2092 0.0000 0.0000
38.2284 0.0000 0.0000
38.2477 0.0000 0.0000
38.2670 0.0000 0.0000
38.2863 0.0000 0.0000
38.3055 0.0000 0.0000
38.3248 0.0000 0.0000
38.3441 0.0000 0.0000
38.3633 0.0000 0.0000
38.3826 0.0000 0.0000
38.4019 0.0000 0.0000
38.4211 0.0000 0.0000
38.4404 0.0000 0.0000
38.4597 0.0000 0.0000
38.4789 0.0000 0.0000
38.4982 0.0000 0.0000
38.5175 0.0000 0.0000
