0.0000 0.0000 0.0000
0.0181 2.0007 2.4441
0.0362 3.9696 4.8471
0.0543 5.8758 7.1694
0.0724 7.6909 9.3748
0.0905 9.3901 11.4316
0.1087 10.9522 13.3135
0.1268 12.3611 15.0007
0.1449 13.6057 16.4803
0.1630 14.6797 17.7459
0.1811 15.5820 18.7979
0.1992 16.3159 19.6422
0.2173 16.8885 20.2900
0.2354 17.3104 20.7567
0.2535 17.5947 21.0606
0.2716 17.7561 21.2218
0.2897 17.8104 21.2617
0.3079 17.7739 21.2013
0.3260 17.6621 21.0610
0.3441 17.4902 20.8596
0.3622 17.2718 20.6140
0.3803 17.0189 20.3389
0.3984 16.7420 20.0463
0.4165 16.4496 19.7460
0.4346 16.1483 19.4450
0.4527 15.8431 19.1485
0.4708 15.5373 18.8593
0.4889 15.2329 18.5787
0.5071 14.9306 18.3064
0.5252 14.6304 18.0412
0.5433 14.3314 17.7808
0.5614 14.0328 17.5225
0.5795 13.7332 17.2634
0.5976 13.4316 17.0006
0.6157 13.1272 16.7311
0.6338 12.8194 16.4526
0.6519 12.5083 16.1629
0.6700 12.1943 15.8606
0.6881 11.8783 15.5448
0.7063 11.5616 15.2153
0.7244 11.2459 14.8725
0.7425 10.9332 14.5175
0.7606 10.6255 14.1519
0.7787 10.3249 13.7777
0.7968 10.0337 13.3975
0.8149 9.7539 13.0142
0.8330 9.4872 12.6307
0.8511 9.2352 12.2503
0.8692 8.9993 11.8760
0.8873 8.7804 11.5109
0.9055 8.5790 11.1578
0.9236 8.3954 10.8192
0.9417 8.2296 10.4972
0.9598 8.0809 10.1937
0.9779 7.9488 9.9099
0.9960 7.8320 9.6466
1.0141 7.7294 9.4042
1.0322 7.6394 9.1825
1.0503 7.5603 8.9810
1.0684 7.4904 8.7988
1.0865 7.4278 8.6346
1.1047 7.3706 8.4867
1.1228 7.3170 8.3535
1.1409 7.2651 8.2330
1.1590 7.2134 8.1232
1.1771 7.1604 8.0222
1.1952 7.1046 7.9278
1.2133 7.0452 7.8383
1.2314 6.9812 7.7519
1.2495 6.9121 7.6672
1.2676 6.8376 7.5828
1.2857 6.7575 7.4976
1.3039 6.6723 7.4109
1.3220 6.5821 7.3221
1.3401 6.4878 7.2310
1.3582 6.3900 7.1374
1.3763 6.2896 7.0415
1.3944 6.1877 6.9437
1.4125 6.0852 6.8444
1.4306 5.9831 6.7440
1.4487 5.8824 6.6432
1.4668 5.7840 6.5426
1.4849 5.6886 6.4426
1.5031 5.5969 6.3438
1.5212 5.5094 6.2466
1.5393 5.4264 6.1512
1.5574 5.3482 6.0578
1.5755 5.2747 5.9665
1.5936 5.2061 5.8773
1.6117 5.1421 5.7902
1.6298 5.0825 5.7050
1.6479 5.0270 5.6216
1.6660 4.9753 5.5399
1.6841 4.9271 5.4598
1.7023 4.8819 5.3812
1.7204 4.8396 5.3042
1.7385 4.7998 5.2288
1.7566 4.7622 5.1551
1.7747 4.7266 5.0833
1.7928 4.6928 5.0135
1.8109 4.6606 4.9459
1.8290 4.6300 4.8807
1.8471 4.6007 4.8180
1.8652 4.5728 4.7578
1.8834 4.5461 4.7003
1.9015 4.5206 4.6454
1.9196 4.4963 4.5931
1.9377 4.4731 4.5432
1.9558 4.4509 4.4958
1.9739 4.4296 4.4508
1.9920 4.4092 4.4079
2.0101 4.3895 4.3672
2.0282 4.3706 4.3286
2.0463 4.3521 4.2920
2.0644 4.3341 4.2574
2.0826 4.3164 4.2249
2.1007 4.2989 4.1944
2.1188 4.2815 4.1658
2.1369 4.2640 4.1392
2.1550 4.2464 4.1145
2.1731 4.2287 4.0917
2.1912 4.2108 4.0706
2.2093 4.1927 4.0511
2.2274 4.1746 4.0331
2.2455 4.1566 4.0165
2.2636 4.1388 4.0012
2.2818 4.1214 3.9870
2.2999 4.1047 3.9738
2.3180 4.0890 3.9615
2.3361 4.0745 3.9500
2.3542 4.0615 3.9393
2.3723 4.0503 3.9292
2.3904 4.0410 3.9199
2.4085 4.0339 3.9111
2.4266 4.0290 3.9028
2.4447 4.0265 3.8950
2.4628 4.0263 3.8876
2.4810 4.0282 3.8804
2.4991 4.0320 3.8733
2.5172 4.0375 3.8662
2.5353 4.0442 3.8588
2.5534 4.0517 3.8510
2.5715 4.0595 3.8426
2.5896 4.0672 3.8334
2.6077 4.0741 3.8232
2.6258 4.0798 3.8117
2.6439 4.0837 3.7989
2.6620 4.0855 3.7847
2.6802 4.0848 3.7688
2.6983 4.0812 3.7514
2.7164 4.0745 3.7322
2.7345 4.0645 3.7114
2.7526 4.0512 3.6890
2.7707 4.0345 3.6650
2.7888 4.0144 3.6397
2.8069 3.9911 3.6130
2.8250 3.9646 3.5853
2.8431 3.9350 3.5565
2.8612 3.9026 3.5270
2.8794 3.8675 3.4969
2.8975 3.8299 3.4663
2.9156 3.7901 3.4353
2.9337 3.7484 3.4042
2.9518 3.7052 3.3731
2.9699 3.6607 3.3419
2.9880 3.6153 3.3109
3.0061 3.5695 3.2801
3.0242 3.5237 3.2496
3.0423 3.4783 3.2193
3.0604 3.4338 3.1894
3.0786 3.3905 3.1600
3.0967 3.3489 3.1310
3.1148 3.3091 3.1026
3.1329 3.2716 3.0747
3.1510 3.2364 3.0475
3.1691 3.2037 3.0211
3.1872 3.1736 2.9954
3.2053 3.1459 2.9705
3.2234 3.1208 2.9466
3.2415 3.0979 2.9235
3.2596 3.0772 2.9015
3.2778 3.0584 2.8804
3.2959 3.0412 2.8603
3.3140 3.0256 2.8412
3.3321 3.0111 2.8231
3.3502 2.9977 2.8060
3.3683 2.9851 2.7899
3.3864 2.9731 2.7747
3.4045 2.9616 2.7606
3.4226 2.9504 2.7475
3.4407 2.9395 2.7353
3.4588 2.9289 2.7243
3.4770 2.9184 2.7143
3.4951 2.9080 2.7055
3.5132 2.8979 2.6978
3.5313 2.8880 2.6914
3.5494 2.8783 2.6862
3.5675 2.8690 2.6822
3.5856 2.8600 2.6794
3.6037 2.8514 2.6779
3.6218 2.8434 2.6774
3.6399 2.8358 2.6779
3.6580 2.8288 2.6793
3.6762 2.8225 2.6815
3.6943 2.8167 2.6841
3.7124 2.8115 2.6871
3.7305 2.8068 2.6902
3.7486 2.8027 2.6932
3.7667 2.7989 2.6959
3.7848 2.7954 2.6982
3.8029 2.7921 2.6999
3.8210 2.7887 2.7008
3.8391 2.7852 2.7009
3.8572 2.7813 2.7001
3.8754 2.7769 2.6985
3.8935 2.7718 2.6960
3.9116 2.7658 2.6927
3.9297 2.7589 2.6887
3.9478 2.7510 2.6841
3.9659 2.7421 2.6790
3.9840 2.7321 2.6736
4.0021 2.7212 2.6679
4.0202 2.7095 2.6621
4.0383 2.6971 2.6562
4.0564 2.6841 2.6503
4.0746 2.6708 2.6443
4.0927 2.6574 2.6382
4.1108 2.6440 2.6320
4.1289 2.6308 2.6256
4.1470 2.6181 2.6188
4.1651 2.6059 2.6115
4.1832 2.5943 2.6036
4.2013 2.5834 2.5948
4.2194 2.5731 2.5850
4.2375 2.5635 2.5741
4.2556 2.5545 2.5620
4.2738 2.5461 2.5485
4.2919 2.5380 2.5336
4.3100 2.5302 2.5172
4.3281 2.5225 2.4995
4.3462 2.5147 2.4805
4.3643 2.5068 2.4602
4.3824 2.4986 2.4388
4.4005 2.4899 2.4165
4.4186 2.4807 2.3934
4.4367 2.4708 2.3698
4.4548 2.4601 2.3459
4.4730 2.4487 2.3218
4.4911 2.4365 2.2978
4.5092 2.4236 2.2741
4.5273 2.4098 2.2508
4.5454 2.3954 2.2282
4.5635 2.3802 2.2062
4.5816 2.3646 2.1851
4.5997 2.3484 2.1649
4.6178 2.3317 2.1455
4.6359 2.3148 2.1271
4.6540 2.2975 2.1095
4.6722 2.2800 2.0926
4.6903 2.2623 2.0764
4.7084 2.2444 2.0608
4.7265 2.2263 2.0454
4.7446 2.2081 2.0303
4.7627 2.1897 2.0152
4.7808 2.1712 2.0000
4.7989 2.1524 1.9844
4.8170 2.1334 1.9683
4.8351 2.1142 1.9516
4.8532 2.0947 1.9341
4.8714 2.0749 1.9157
4.8895 2.0549 1.8965
4.9076 2.0347 1.8763
4.9257 2.0142 1.8553
4.9438 1.9934 1.8334
4.9619 1.9724 1.8108
4.9800 1.9511 1.7876
4.9981 1.9295 1.7638
5.0162 1.9077 1.7397
5.0343 1.8855 1.7154
5.0524 1.8630 1.6910
5.0706 1.8402 1.6667
5.0887 1.8171 1.6426
5.1068 1.7935 1.6188
5.1249 1.7696 1.5954
5.1430 1.7452 1.5724
5.1611 1.7205 1.5499
5.1792 1.6954 1.5279
5.1973 1.6700 1.5064
5.2154 1.6444 1.4853
5.2335 1.6185 1.4646
5.2516 1.5925 1.4444
5.2698 1.5666 1.4247
5.2879 1.5407 1.4053
5.3060 1.5150 1.3863
5.3241 1.4896 1.3677
5.3422 1.4646 1.3496
5.3603 1.4400 1.3319
5.3784 1.4161 1.3147
5.3965 1.3929 1.2980
5.4146 1.3703 1.2819
5.4327 1.3486 1.2664
5.4508 1.3277 1.2515
5.4690 1.3077 1.2372
5.4871 1.2886 1.2236
5.5052 1.2704 1.2107
5.5233 1.2530 1.1984
5.5414 1.2365 1.1867
5.5595 1.2209 1.1756
5.5776 1.2060 1.1650
5.5957 1.1920 1.1549
5.6138 1.1786 1.1452
5.6319 1.1660 1.1360
5.6501 1.1540 1.1270
5.6682 1.1427 1.1183
5.6863 1.1320 1.1098
5.7044 1.1219 1.1015
5.7225 1.1123 1.0932
5.7406 1.1033 1.0850
5.7587 1.0947 1.0768
5.7768 1.0866 1.0685
5.7949 1.0790 1.0601
5.8130 1.0719 1.0515
5.8311 1.0651 1.0428
5.8493 1.0586 1.0338
5.8674 1.0525 1.0246
5.8855 1.0467 1.0151
5.9036 1.0410 1.0054
5.9217 1.0355 0.9954
5.9398 1.0301 0.9852
5.9579 1.0247 0.9748
5.9760 1.0192 0.9641
5.9941 1.0137 0.9534
6.0122 1.0080 0.9426
6.0303 1.0021 0.9318
6.0485 0.9960 0.9210
6.0666 0.9897 0.9103
6.0847 0.9831 0.8998
6.1028 0.9762 0.8895
6.1209 0.9692 0.8794
6.1390 0.9620 0.8697
6.1571 0.9547 0.8602
6.1752 0.9472 0.8512
6.1933 0.9398 0.8424
6.2114 0.9324 0.8341
6.2295 0.9251 0.8262
6.2477 0.9180 0.8186
6.2658 0.9110 0.8115
6.2839 0.9043 0.8047
6.3020 0.8977 0.7984
6.3201 0.8914 0.7923
6.3382 0.8853 0.7867
6.3563 0.8792 0.7814
6.3744 0.8733 0.7764
6.3925 0.8675 0.7716
6.4106 0.8616 0.7672
6.4287 0.8556 0.7630
6.4469 0.8495 0.7590
6.4650 0.8433 0.7551
6.4831 0.8369 0.7514
6.5012 0.8302 0.7478
6.5193 0.8233 0.7443
6.5374 0.8162 0.7408
6.5555 0.8089 0.7373
6.5736 0.8014 0.7338
6.5917 0.7938 0.7303
6.6098 0.7861 0.7267
6.6279 0.7783 0.7231
6.6461 0.7705 0.7195
6.6642 0.7629 0.7158
6.6823 0.7553 0.7120
6.7004 0.7479 0.7082
6.7185 0.7407 0.7044
6.7366 0.7338 0.7006
6.7547 0.7271 0.6968
6.7728 0.7208 0.6930
6.7909 0.7148 0.6893
6.8090 0.7091 0.6856
6.8271 0.7038 0.6819
6.8453 0.6988 0.6784
6.8634 0.6942 0.6749
6.8815 0.6900 0.6716
6.8996 0.6861 0.6683
6.9177 0.6826 0.6652
6.9358 0.6793 0.6622
6.9539 0.6764 0.6594
6.9720 0.6738 0.6566
6.9901 0.6713 0.6540
7.0082 0.6691 0.6515
7.0263 0.6671 0.6491
7.0445 0.6652 0.6468
7.0626 0.6634 0.6446
7.0807 0.6616 0.6425
7.0988 0.6599 0.6405
7.1169 0.6581 0.6385
7.1350 0.6563 0.6365
7.1531 0.6545 0.6345
7.1712 0.6526 0.6326
7.1893 0.6507 0.6306
7.2074 0.6487 0.6286
7.2255 0.6466 0.6266
7.2437 0.6445 0.6245
7.2618 0.6424 0.6224
7.2799 0.6402 0.6202
7.2980 0.6381 0.6179
7.3161 0.6359 0.6155
7.3342 0.6337 0.6131
7.3523 0.6316 0.6105
7.3704 0.6294 0.6078
7.3885 0.6271 0.6050
7.4066 0.6248 0.6021
7.4247 0.6225 0.5990
7.4429 0.6200 0.5957
7.4610 0.6173 0.5923
7.4791 0.6145 0.5887
7.4972 0.6115 0.5850
7.5153 0.6084 0.5811
7.5334 0.6050 0.5771
7.5515 0.6014 0.5729
7.5696 0.5977 0.5686
7.5877 0.5937 0.5643
7.6058 0.5896 0.5599
7.6239 0.5854 0.5555
7.6421 0.5810 0.5510
7.6602 0.5765 0.5466
7.6783 0.5720 0.5423
7.6964 0.5673 0.5380
7.7145 0.5627 0.5338
7.7326 0.5580 0.5297
7.7507 0.5534 0.5258
7.7688 0.5487 0.5219
7.7869 0.5441 0.5182
7.8050 0.5396 0.5146
7.8231 0.5351 0.5112
7.8413 0.5307 0.5079
7.8594 0.5265 0.5048
7.8775 0.5223 0.5017
7.8956 0.5184 0.4988
7.9137 0.5146 0.4959
7.9318 0.5109 0.4932
7.9499 0.5075 0.4905
7.9680 0.5043 0.4879
7.9861 0.5013 0.4853
8.0042 0.4985 0.4828
8.0223 0.4959 0.4803
8.0405 0.4935 0.4779
8.0586 0.4913 0.4754
8.0767 0.4893 0.4730
8.0948 0.4874 0.4705
8.1129 0.4857 0.4680
8.1310 0.4841 0.4655
8.1491 0.4825 0.4630
8.1672 0.4810 0.4604
8.1853 0.4796 0.4578
8.2034 0.4781 0.4551
8.2215 0.4766 0.4523
8.2397 0.4751 0.4494
8.2578 0.4734 0.4464
8.2759 0.4717 0.4433
8.2940 0.4699 0.4401
8.3121 0.4680 0.4368
8.3302 0.4660 0.4334
8.3483 0.4638 0.4299
8.3664 0.4616 0.4264
8.3845 0.4593 0.4228
8.4026 0.4569 0.4191
8.4207 0.4544 0.4155
8.4389 0.4518 0.4119
8.4570 0.4492 0.4083
8.4751 0.4465 0.4047
8.4932 0.4438 0.4012
8.5113 0.4410 0.3979
8.5294 0.4381 0.3946
8.5475 0.4353 0.3914
8.5656 0.4323 0.3884
8.5837 0.4294 0.3856
8.6018 0.4264 0.3829
8.6199 0.4234 0.3805
8.6381 0.4203 0.3782
8.6562 0.4173 0.3761
8.6743 0.4142 0.3743
8.6924 0.4112 0.3727
8.7105 0.4082 0.3713
8.7286 0.4052 0.3702
8.7467 0.4023 0.3693
8.7648 0.3994 0.3687
8.7829 0.3966 0.3683
8.8010 0.3939 0.3682
8.8191 0.3913 0.3682
8.8373 0.3888 0.3685
8.8554 0.3864 0.3689
8.8735 0.3841 0.3694
8.8916 0.3819 0.3701
8.9097 0.3798 0.3708
8.9278 0.3778 0.3716
8.9459 0.3758 0.3724
8.9640 0.3739 0.3732
8.9821 0.3721 0.3739
9.0002 0.3703 0.3745
9.0183 0.3686 0.3750
9.0365 0.3669 0.3753
9.0546 0.3652 0.3755
9.0727 0.3635 0.3756
9.0908 0.3618 0.3754
9.1089 0.3601 0.3751
9.1270 0.3585 0.3746
9.1451 0.3568 0.3738
9.1632 0.3551 0.3730
9.1813 0.3534 0.3719
9.1994 0.3517 0.3708
9.2175 0.3500 0.3695
9.2357 0.3484 0.3682
9.2538 0.3467 0.3668
9.2719 0.3451 0.3653
9.2900 0.3436 0.3639
9.3081 0.3420 0.3625
9.3262 0.3406 0.3611
9.3443 0.3392 0.3598
9.3624 0.3379 0.3586
9.3805 0.3366 0.3575
9.3986 0.3354 0.3564
9.4168 0.3342 0.3554
9.4349 0.3331 0.3545
9.4530 0.3320 0.3536
9.4711 0.3310 0.3527
9.4892 0.3299 0.3519
9.5073 0.3289 0.3511
9.5254 0.3279 0.3502
9.5435 0.3269 0.3494
9.5616 0.3259 0.3485
9.5797 0.3248 0.3475
9.5978 0.3238 0.3465
9.6160 0.3227 0.3454
9.6341 0.3216 0.3443
9.6522 0.3205 0.3432
9.6703 0.3195 0.3420
9.6884 0.3184 0.3408
9.7065 0.3174 0.3397
9.7246 0.3164 0.3385
9.7427 0.3155 0.3374
9.7608 0.3147 0.3364
9.7789 0.3140 0.3354
9.7970 0.3134 0.3346
9.8152 0.3130 0.3338
9.8333 0.3127 0.3331
9.8514 0.3125 0.3325
9.8695 0.3126 0.3320
9.8876 0.3127 0.3317
9.9057 0.3131 0.3314
9.9238 0.3136 0.3313
9.9419 0.3142 0.3313
9.9600 0.3150 0.3313
9.9781 0.3160 0.3314
9.9962 0.3170 0.3316
10.0144 0.3180 0.3319
10.0325 0.3191 0.3322
10.0506 0.3202 0.3326
10.0687 0.3213 0.3330
10.0868 0.3223 0.3335
10.1049 0.3232 0.3340
10.1230 0.3240 0.3345
10.1411 0.3247 0.3350
10.1592 0.3252 0.3356
10.1773 0.3255 0.3362
10.1954 0.3256 0.3368
10.2136 0.3256 0.3374
10.2317 0.3253 0.3381
10.2498 0.3249 0.3388
10.2679 0.3243 0.3395
10.2860 0.3235 0.3403
10.3041 0.3226 0.3410
10.3222 0.3216 0.3418
10.3403 0.3204 0.3426
10.3584 0.3192 0.3433
10.3765 0.3179 0.3441
10.3946 0.3165 0.3448
10.4128 0.3151 0.3454
10.4309 0.3136 0.3459
10.4490 0.3122 0.3464
10.4671 0.3107 0.3468
10.4852 0.3092 0.3470
10.5033 0.3077 0.3471
10.5214 0.3063 0.3471
10.5395 0.3048 0.3469
10.5576 0.3034 0.3466
10.5757 0.3020 0.3462
10.5938 0.3007 0.3457
10.6120 0.2994 0.3450
10.6301 0.2982 0.3443
10.6482 0.2971 0.3436
10.6663 0.2960 0.3428
10.6844 0.2949 0.3421
10.7025 0.2940 0.3413
10.7206 0.2931 0.3406
10.7387 0.2923 0.3399
10.7568 0.2916 0.3393
10.7749 0.2910 0.3388
10.7930 0.2905 0.3383
10.8112 0.2901 0.3380
10.8293 0.2898 0.3378
10.8474 0.2896 0.3377
10.8655 0.2896 0.3378
10.8836 0.2897 0.3380
10.9017 0.2899 0.3382
10.9198 0.2903 0.3386
10.9379 0.2908 0.3391
10.9560 0.2914 0.3397
10.9741 0.2922 0.3404
10.9922 0.2932 0.3412
11.0104 0.2943 0.3419
11.0285 0.2955 0.3428
11.0466 0.2968 0.3436
11.0647 0.2982 0.3445
11.0828 0.2997 0.3453
11.1009 0.3013 0.3461
11.1190 0.3029 0.3468
11.1371 0.3046 0.3475
11.1552 0.3063 0.3481
11.1733 0.3080 0.3486
11.1914 0.3097 0.3489
11.2096 0.3113 0.3492
11.2277 0.3129 0.3494
11.2458 0.3145 0.3494
11.2639 0.3159 0.3494
11.2820 0.3174 0.3492
11.3001 0.3187 0.3490
11.3182 0.3200 0.3487
11.3363 0.3211 0.3483
11.3544 0.3222 0.3479
11.3725 0.3233 0.3474
11.3906 0.3243 0.3469
11.4088 0.3252 0.3464
11.4269 0.3260 0.3459
11.4450 0.3268 0.3454
11.4631 0.3275 0.3449
11.4812 0.3282 0.3443
11.4993 0.3288 0.3438
11.5174 0.3294 0.3433
11.5355 0.3299 0.3428
11.5536 0.3303 0.3423
11.5717 0.3307 0.3418
11.5898 0.3311 0.3414
11.6080 0.3315 0.3409
11.6261 0.3318 0.3404
11.6442 0.3322 0.3400
11.6623 0.3325 0.3396
11.6804 0.3329 0.3392
11.6985 0.3333 0.3388
11.7166 0.3337 0.3385
11.7347 0.3342 0.3382
11.7528 0.3347 0.3380
11.7709 0.3353 0.3378
11.7890 0.3359 0.3376
11.8072 0.3367 0.3375
11.8253 0.3375 0.3374
11.8434 0.3383 0.3373
11.8615 0.3392 0.3373
11.8796 0.3402 0.3373
11.8977 0.3412 0.3372
11.9158 0.3423 0.3372
11.9339 0.3434 0.3372
11.9520 0.3445 0.3371
11.9701 0.3457 0.3371
11.9882 0.3468 0.3371
12.0064 0.3480 0.3370
12.0245 0.3491 0.3370
12.0426 0.3502 0.3370
12.0607 0.3514 0.3369
12.0788 0.3524 0.3370
12.0969 0.3535 0.3370
12.1150 0.3546 0.3371
12.1331 0.3556 0.3372
12.1512 0.3565 0.3373
12.1693 0.3575 0.3375
12.1874 0.3584 0.3378
12.2056 0.3593 0.3380
12.2237 0.3601 0.3383
12.2418 0.3609 0.3387
12.2599 0.3616 0.3391
12.2780 0.3623 0.3396
12.2961 0.3630 0.3401
12.3142 0.3636 0.3407
12.3323 0.3643 0.3413
12.3504 0.3648 0.3420
12.3685 0.3654 0.3428
12.3866 0.3659 0.3437
12.4048 0.3664 0.3447
12.4229 0.3669 0.3458
12.4410 0.3674 0.3470
12.4591 0.3679 0.3484
12.4772 0.3683 0.3498
12.4953 0.3688 0.3514
12.5134 0.3692 0.3531
12.5315 0.3697 0.3549
12.5496 0.3701 0.3567
12.5677 0.3705 0.3587
12.5858 0.3710 0.3607
12.6040 0.3714 0.3627
12.6221 0.3717 0.3647
12.6402 0.3721 0.3667
12.6583 0.3724 0.3687
12.6764 0.3727 0.3706
12.6945 0.3730 0.3725
12.7126 0.3732 0.3743
12.7307 0.3734 0.3760
12.7488 0.3734 0.3775
12.7669 0.3735 0.3790
12.7850 0.3734 0.3804
12.8032 0.3733 0.3816
12.8213 0.3731 0.3827
12.8394 0.3728 0.3836
12.8575 0.3724 0.3844
12.8756 0.3719 0.3851
12.8937 0.3714 0.3857
12.9118 0.3707 0.3861
12.9299 0.3700 0.3865
12.9480 0.3692 0.3866
12.9661 0.3684 0.3867
12.9843 0.3675 0.3866
13.0024 0.3665 0.3864
13.0205 0.3655 0.3861
13.0386 0.3644 0.3857
13.0567 0.3633 0.3851
13.0748 0.3622 0.3844
13.0929 0.3611 0.3836
13.1110 0.3599 0.3826
13.1291 0.3588 0.3816
13.1472 0.3577 0.3804
13.1653 0.3566 0.3791
13.1835 0.3556 0.3776
13.2016 0.3546 0.3760
13.2197 0.3537 0.3743
13.2378 0.3528 0.3725
13.2559 0.3519 0.3706
13.2740 0.3511 0.3685
13.2921 0.3503 0.3664
13.3102 0.3496 0.3641
13.3283 0.3489 0.3618
13.3464 0.3482 0.3594
13.3645 0.3475 0.3569
13.3827 0.3468 0.3543
13.4008 0.3461 0.3517
13.4189 0.3454 0.3490
13.4370 0.3446 0.3462
13.4551 0.3437 0.3434
13.4732 0.3429 0.3406
13.4913 0.3419 0.3377
13.5094 0.3409 0.3349
13.5275 0.3398 0.3319
13.5456 0.3387 0.3290
13.5637 0.3374 0.3261
13.5819 0.3361 0.3232
13.6000 0.3348 0.3203
13.6181 0.3333 0.3174
13.6362 0.3319 0.3145
13.6543 0.3303 0.3117
13.6724 0.3287 0.3089
13.6905 0.3271 0.3062
13.7086 0.3254 0.3035
13.7267 0.3237 0.3008
13.7448 0.3220 0.2983
13.7629 0.3202 0.2957
13.7811 0.3184 0.2933
13.7992 0.3165 0.2909
13.8173 0.3147 0.2885
13.8354 0.3128 0.2862
13.8535 0.3109 0.2840
13.8716 0.3090 0.2818
13.8897 0.3070 0.2797
13.9078 0.3051 0.2776
13.9259 0.3031 0.2755
13.9440 0.3011 0.2734
13.9621 0.2991 0.2714
13.9803 0.2971 0.2693
13.9984 0.2950 0.2673
14.0165 0.2930 0.2653
14.0346 0.2910 0.2633
14.0527 0.2889 0.2613
14.0708 0.2869 0.2592
14.0889 0.2849 0.2572
14.1070 0.2828 0.2551
14.1251 0.2808 0.2530
14.1432 0.2788 0.2509
14.1613 0.2768 0.2488
14.1795 0.2747 0.2467
14.1976 0.2727 0.2445
14.2157 0.2707 0.2423
14.2338 0.2687 0.2401
14.2519 0.2666 0.2378
14.2700 0.2646 0.2356
14.2881 0.2625 0.2333
14.3062 0.2604 0.2309
14.3243 0.2583 0.2286
14.3424 0.2562 0.2262
14.3605 0.2541 0.2239
14.3787 0.2519 0.2215
14.3968 0.2497 0.2191
14.4149 0.2475 0.2167
14.4330 0.2453 0.2143
14.4511 0.2431 0.2119
14.4692 0.2408 0.2095
14.4873 0.2385 0.2071
14.5054 0.2362 0.2048
14.5235 0.2339 0.2024
14.5416 0.2316 0.2001
14.5597 0.2293 0.1978
14.5779 0.2269 0.1956
14.5960 0.2246 0.1934
14.6141 0.2222 0.1912
14.6322 0.2198 0.1891
14.6503 0.2174 0.1870
14.6684 0.2150 0.1849
14.6865 0.2126 0.1829
14.7046 0.2102 0.1809
14.7227 0.2077 0.1790
14.7408 0.2053 0.1772
14.7589 0.2029 0.1753
14.7771 0.2005 0.1735
14.7952 0.1981 0.1718
14.8133 0.1957 0.1701
14.8314 0.1934 0.1684
14.8495 0.1910 0.1667
14.8676 0.1887 0.1651
14.8857 0.1864 0.1635
14.9038 0.1842 0.1619
14.9219 0.1820 0.1603
14.9400 0.1798 0.1587
14.9581 0.1776 0.1572
14.9763 0.1755 0.1556
14.9944 0.1733 0.1540
15.0125 0.1712 0.1525
15.0306 0.1692 0.1509
15.0487 0.1671 0.1493
15.0668 0.1651 0.1478
15.0849 0.1630 0.1462
15.1030 0.1610 0.1446
15.1211 0.1590 0.1431
15.1392 0.1570 0.1416
15.1573 0.1550 0.1400
15.1755 0.1530 0.1385
15.1936 0.1510 0.1370
15.2117 0.1490 0.1355
15.2298 0.1471 0.1340
15.2479 0.1451 0.1326
15.2660 0.1431 0.1311
15.2841 0.1411 0.1297
15.3022 0.1392 0.1282
15.3203 0.1372 0.1268
15.3384 0.1353 0.1254
15.3565 0.1334 0.1240
15.3747 0.1315 0.1225
15.3928 0.1296 0.1211
15.4109 0.1277 0.1197
15.4290 0.1258 0.1183
15.4471 0.1240 0.1168
15.4652 0.1221 0.1154
15.4833 0.1203 0.1139
15.5014 0.1185 0.1125
15.5195 0.1168 0.1110
15.5376 0.1150 0.1095
15.5557 0.1133 0.1080
15.5739 0.1116 0.1065
15.5920 0.1099 0.1050
15.6101 0.1082 0.1035
15.6282 0.1065 0.1020
15.6463 0.1049 0.1005
15.6644 0.1033 0.0990
15.6825 0.1017 0.0975
15.7006 0.1001 0.0960
15.7187 0.0985 0.0945
15.7368 0.0970 0.0930
15.7549 0.0955 0.0915
15.7731 0.0940 0.0901
15.7912 0.0925 0.0886
15.8093 0.0911 0.0872
15.8274 0.0897 0.0858
15.8455 0.0883 0.0844
15.8636 0.0869 0.0830
15.8817 0.0856 0.0817
15.8998 0.0843 0.0804
15.9179 0.0830 0.0791
15.9360 0.0818 0.0779
15.9541 0.0805 0.0767
15.9723 0.0793 0.0755
15.9904 0.0781 0.0743
16.0085 0.0770 0.0732
16.0266 0.0759 0.0721
16.0447 0.0747 0.0710
16.0628 0.0736 0.0700
16.0809 0.0726 0.0690
16.0990 0.0715 0.0680
16.1171 0.0704 0.0670
16.1352 0.0694 0.0661
16.1533 0.0684 0.0652
16.1715 0.0674 0.0642
16.1896 0.0664 0.0634
16.2077 0.0654 0.0625
16.2258 0.0644 0.0616
16.2439 0.0634 0.0608
16.2620 0.0625 0.0600
16.2801 0.0615 0.0592
16.2982 0.0606 0.0584
16.3163 0.0597 0.0576
16.3344 0.0587 0.0568
16.3525 0.0578 0.0561
16.3707 0.0569 0.0553
16.3888 0.0561 0.0546
16.4069 0.0552 0.0538
16.4250 0.0543 0.0531
16.4431 0.0535 0.0524
16.4612 0.0526 0.0516
16.4793 0.0518 0.0509
16.4974 0.0510 0.0503
16.5155 0.0502 0.0496
16.5336 0.0495 0.0489
16.5517 0.0487 0.0482
16.5699 0.0479 0.0476
16.5880 0.0472 0.0470
16.6061 0.0465 0.0463
16.6242 0.0458 0.0457
16.6423 0.0451 0.0452
16.6604 0.0444 0.0446
16.6785 0.0437 0.0440
16.6966 0.0431 0.0435
16.7147 0.0424 0.0430
16.7328 0.0418 0.0425
16.7510 0.0412 0.0420
16.7691 0.0406 0.0415
16.7872 0.0400 0.0410
16.8053 0.0394 0.0406
16.8234 0.0389 0.0402
16.8415 0.0384 0.0397
16.8596 0.0378 0.0393
16.8777 0.0373 0.0390
16.8958 0.0369 0.0386
16.9139 0.0364 0.0382
16.9320 0.0359 0.0378
16.9502 0.0355 0.0375
16.9683 0.0350 0.0372
16.9864 0.0346 0.0368
17.0045 0.0342 0.0365
17.0226 0.0338 0.0362
17.0407 0.0334 0.0358
17.0588 0.0330 0.0355
17.0769 0.0327 0.0352
17.0950 0.0323 0.0349
17.1131 0.0319 0.0346
17.1312 0.0316 0.0342
17.1494 0.0313 0.0339
17.1675 0.0309 0.0336
17.1856 0.0306 0.0333
17.2037 0.0303 0.0329
17.2218 0.0300 0.0326
17.2399 0.0297 0.0323
17.2580 0.0293 0.0319
17.2761 0.0290 0.0316
17.2942 0.0287 0.0313
17.3123 0.0285 0.0309
17.3304 0.0282 0.0306
17.3486 0.0279 0.0303
17.3667 0.0276 0.0299
17.3848 0.0273 0.0296
17.4029 0.0270 0.0293
17.4210 0.0268 0.0290
17.4391 0.0265 0.0286
17.4572 0.0262 0.0283
17.4753 0.0260 0.0280
17.4934 0.0257 0.0277
17.5115 0.0255 0.0274
17.5296 0.0252 0.0272
17.5478 0.0250 0.0269
17.5659 0.0248 0.0266
17.5840 0.0245 0.0263
17.6021 0.0243 0.0261
17.6202 0.0240 0.0258
17.6383 0.0238 0.0256
17.6564 0.0236 0.0253
17.6745 0.0234 0.0251
17.6926 0.0232 0.0248
17.7107 0.0229 0.0246
17.7288 0.0227 0.0244
17.7470 0.0225 0.0242
17.7651 0.0223 0.0240
17.7832 0.0221 0.0237
17.8013 0.0219 0.0235
17.8194 0.0217 0.0233
17.8375 0.0215 0.0231
17.8556 0.0213 0.0229
17.8737 0.0211 0.0227
17.8918 0.0209 0.0224
17.9099 0.0207 0.0222
17.9280 0.0206 0.0220
17.9462 0.0204 0.0218
17.9643 0.0202 0.0215
17.9824 0.0200 0.0213
18.0005 0.0198 0.0211
18.0186 0.0196 0.0208
18.0367 0.0194 0.0206
18.0548 0.0193 0.0204
18.0729 0.0191 0.0201
18.0910 0.0189 0.0199
18.1091 0.0187 0.0197
18.1272 0.0186 0.0195
18.1454 0.0184 0.0192
18.1635 0.0182 0.0190
18.1816 0.0181 0.0188
18.1997 0.0179 0.0186
18.2178 0.0177 0.0184
18.2359 0.0176 0.0182
18.2540 0.0174 0.0180
18.2721 0.0173 0.0179
18.2902 0.0172 0.0177
18.3083 0.0170 0.0175
18.3264 0.0169 0.0173
18.3446 0.0167 0.0172
18.3627 0.0166 0.0170
18.3808 0.0165 0.0168
18.3989 0.0164 0.0167
18.4170 0.0162 0.0165
18.4351 0.0161 0.0164
18.4532 0.0160 0.0162
18.4713 0.0158 0.0161
18.4894 0.0157 0.0159
18.5075 0.0156 0.0158
18.5256 0.0155 0.0156
18.5438 0.0153 0.0155
18.5619 0.0152 0.0154
18.5800 0.0151 0.0152
18.5981 0.0150 0.0151
18.6162 0.0149 0.0150
18.6343 0.0147 0.0149
18.6524 0.0146 0.0147
18.6705 0.0145 0.0146
18.6886 0.0144 0.0145
18.7067 0.0143 0.0144
18.7248 0.0142 0.0143
18.7430 0.0141 0.0142
18.7611 0.0140 0.0141
18.7792 0.0140 0.0140
18.7973 0.0139 0.0138
18.8154 0.0138 0.0137
18.8335 0.0137 0.0136
18.8516 0.0136 0.0135
18.8697 0.0135 0.0134
18.8878 0.0134 0.0133
18.9059 0.0133 0.0132
18.9240 0.0132 0.0131
18.9422 0.0131 0.0130
18.9603 0.0130 0.0129
18.9784 0.0129 0.0128
18.9965 0.0128 0.0127
19.0146 0.0127 0.0126
19.0327 0.0126 0.0125
19.0508 0.0125 0.0124
19.0689 0.0124 0.0123
19.0870 0.0123 0.0122
19.1051 0.0122 0.0121
19.1232 0.0121 0.0120
19.1414 0.0120 0.0119
19.1595 0.0119 0.0118
19.1776 0.0118 0.0117
19.1957 0.0117 0.0116
19.2138 0.0116 0.0115
19.2319 0.0115 0.0114
19.2500 0.0114 0.0113
19.2681 0.0113 0.0112
19.2862 0.0112 0.0111
19.3043 0.0111 0.0110
19.3224 0.0110 0.0110
19.3406 0.0109 0.0109
19.3587 0.0109 0.0108
19.3768 0.0108 0.0107
19.3949 0.0107 0.0107
19.4130 0.0106 0.0106
19.4311 0.0106 0.0105
19.4492 0.0105 0.0104
19.4673 0.0104 0.0104
19.4854 0.0103 0.0103
19.5035 0.0103 0.0102
19.5216 0.0102 0.0102
19.5398 0.0101 0.0101
19.5579 0.0101 0.0100
19.5760 0.0100 0.0099
19.5941 0.0099 0.0099
19.6122 0.0098 0.0098
19.6303 0.0098 0.0097
19.6484 0.0097 0.0097
19.6665 0.0096 0.0096
19.6846 0.0095 0.0095
19.7027 0.0095 0.0094
19.7208 0.0094 0.0094
19.7390 0.0093 0.0093
19.7571 0.0093 0.0092
19.7752 0.0092 0.0091
19.7933 0.0091 0.0090
19.8114 0.0091 0.0090
19.8295 0.0090 0.0089
19.8476 0.0089 0.0088
19.8657 0.0089 0.0088
19.8838 0.0088 0.0087
19.9019 0.0088 0.0086
19.9200 0.0087 0.0086
19.9382 0.0086 0.0085
19.9563 0.0086 0.0084
19.9744 0.0085 0.0084
19.9925 0.0085 0.0083
20.0106 0.0084 0.0083
20.0287 0.0084 0.0082
20.0468 0.0083 0.0082
20.0649 0.0083 0.0081
20.0830 0.0083 0.0081
20.1011 0.0082 0.0081
20.1192 0.0082 0.0080
20.1374 0.0081 0.0080
20.1555 0.0081 0.0079
20.1736 0.0081 0.0079
20.1917 0.0080 0.0079
20.2098 0.0080 0.0078
20.2279 0.0079 0.0078
20.2460 0.0079 0.0078
20.2641 0.0079 0.0077
20.2822 0.0078 0.0077
20.3003 0.0078 0.0077
20.3184 0.0078 0.0077
20.3366 0.0077 0.0076
20.3547 0.0077 0.0076
20.3728 0.0077 0.0076
20.3909 0.0077 0.0076
20.4090 0.0076 0.0076
20.4271 0.0076 0.0075
20.4452 0.0076 0.0075
20.4633 0.0075 0.0075
20.4814 0.0075 0.0075
20.4995 0.0074 0.0075
20.5177 0.0074 0.0075
20.5358 0.0074 0.0074
20.5539 0.0073 0.0074
20.5720 0.0073 0.0074
20.5901 0.0072 0.0074
20.6082 0.0072 0.0073
20.6263 0.0072 0.0073
20.6444 0.0071 0.0073
20.6625 0.0071 0.0073
20.6806 0.0070 0.0072
20.6987 0.0070 0.0072
20.7169 0.0069 0.0071
20.7350 0.0069 0.0071
20.7531 0.0068 0.0071
20.7712 0.0068 0.0070
20.7893 0.0068 0.0070
20.8074 0.0067 0.0069
20.8255 0.0067 0.0069
20.8436 0.0066 0.0068
20.8617 0.0066 0.0068
20.8798 0.0066 0.0067
20.8979 0.0066 0.0067
20.9161 0.0065 0.0066
20.9342 0.0065 0.0065
20.9523 0.0065 0.0065
20.9704 0.0065 0.0064
20.9885 0.0064 0.0063
21.0066 0.0064 0.0063
21.0247 0.0064 0.0062
21.0428 0.0064 0.0062
21.0609 0.0064 0.0061
21.0790 0.0064 0.0061
21.0971 0.0063 0.0060
21.1153 0.0063 0.0060
21.1334 0.0063 0.0059
21.1515 0.0063 0.0059
21.1696 0.0063 0.0058
21.1877 0.0063 0.0058
21.2058 0.0062 0.0057
21.2239 0.0062 0.0057
21.2420 0.0062 0.0056
21.2601 0.0062 0.0056
21.2782 0.0062 0.0056
21.2963 0.0061 0.0055
21.3145 0.0061 0.0055
21.3326 0.0061 0.0054
21.3507 0.0061 0.0054
21.3688 0.0061 0.0054
21.3869 0.0060 0.0053
21.4050 0.0060 0.0053
21.4231 0.0060 0.0053
21.4412 0.0060 0.0052
21.4593 0.0060 0.0052
21.4774 0.0059 0.0052
21.4955 0.0059 0.0051
21.5137 0.0059 0.0051
21.5318 0.0059 0.0051
21.5499 0.0059 0.0051
21.5680 0.0059 0.0050
21.5861 0.0058 0.0050
21.6042 0.0058 0.0050
21.6223 0.0058 0.0049
21.6404 0.0058 0.0049
21.6585 0.0058 0.0049
21.6766 0.0058 0.0049
21.6947 0.0058 0.0048
21.7129 0.0057 0.0048
21.7310 0.0057 0.0048
21.7491 0.0057 0.0047
21.7672 0.0057 0.0047
21.7853 0.0056 0.0047
21.8034 0.0056 0.0047
21.8215 0.0056 0.0046
21.8396 0.0056 0.0046
21.8577 0.0056 0.0046
21.8758 0.0055 0.0046
21.8939 0.0055 0.0045
21.9121 0.0055 0.0045
21.9302 0.0054 0.0045
21.9483 0.0054 0.0045
21.9664 0.0054 0.0045
21.9845 0.0054 0.0044
22.0026 0.0053 0.0044
22.0207 0.0053 0.0044
22.0388 0.0053 0.0044
22.0569 0.0052 0.0044
22.0750 0.0052 0.0044
22.0931 0.0052 0.0044
22.1113 0.0051 0.0043
22.1294 0.0051 0.0043
22.1475 0.0051 0.0043
22.1656 0.0050 0.0043
22.1837 0.0050 0.0043
22.2018 0.0050 0.0043
22.2199 0.0049 0.0043
22.2380 0.0049 0.0043
22.2561 0.0049 0.0042
22.2742 0.0049 0.0042
22.2923 0.0048 0.0042
22.3105 0.0048 0.0042
22.3286 0.0048 0.0042
22.3467 0.0048 0.0042
22.3648 0.0048 0.0042
22.3829 0.0047 0.0042
22.4010 0.0047 0.0042
22.4191 0.0047 0.0041
22.4372 0.0047 0.0041
22.4553 0.0047 0.0041
22.4734 0.0047 0.0041
22.4915 0.0047 0.0041
22.5097 0.0047 0.0041
22.5278 0.0047 0.0041
22.5459 0.0047 0.0040
22.5640 0.0047 0.0040
22.5821 0.0047 0.0040
22.6002 0.0047 0.0040
22.6183 0.0047 0.0040
22.6364 0.0047 0.0040
22.6545 0.0047 0.0039
22.6726 0.0047 0.0039
22.6907 0.0047 0.0039
22.7089 0.0047 0.0039
22.7270 0.0046 0.0039
22.7451 0.0046 0.0039
22.7632 0.0046 0.0039
22.7813 0.0046 0.0039
22.7994 0.0046 0.0038
22.8175 0.0046 0.0038
22.8356 0.0046 0.0038
22.8537 0.0046 0.0038
22.8718 0.0046 0.0038
22.8899 0.0046 0.0038
22.9081 0.0046 0.0038
22.9262 0.0046 0.0038
22.9443 0.0046 0.0038
22.9624 0.0046 0.0038
22.9805 0.0046 0.0038
22.9986 0.0046 0.0038
23.0167 0.0046 0.0038
23.0348 0.0046 0.0038
23.0529 0.0046 0.0038
23.0710 0.0046 0.0038
23.0891 0.0046 0.0038
23.1073 0.0047 0.0039
23.1254 0.0047 0.0039
23.1435 0.0047 0.0039
23.1616 0.0047 0.0039
23.1797 0.0047 0.0039
23.1978 0.0047 0.0039
23.2159 0.0048 0.0039
23.2340 0.0048 0.0039
23.2521 0.0048 0.0039
23.2702 0.0048 0.0039
23.2883 0.0048 0.0039
23.3065 0.0048 0.0040
23.3246 0.0048 0.0040
23.3427 0.0048 0.0040
23.3608 0.0049 0.0040
23.3789 0.0049 0.0040
23.3970 0.0049 0.0040
23.4151 0.0049 0.0040
23.4332 0.0049 0.0041
23.4513 0.0049 0.0041
23.4694 0.0049 0.0041
23.4875 0.0049 0.0041
23.5057 0.0049 0.0041
23.5238 0.0049 0.0041
23.5419 0.0049 0.0041
23.5600 0.0049 0.0042
23.5781 0.0049 0.0042
23.5962 0.0049 0.0042
23.6143 0.0049 0.0042
23.6324 0.0049 0.0042
23.6505 0.0049 0.0043
23.6686 0.0049 0.0043
23.6867 0.0049 0.0043
23.7049 0.0049 0.0043
23.7230 0.0048 0.0043
23.7411 0.0048 0.0043
23.7592 0.0048 0.0044
23.7773 0.0048 0.0044
23.7954 0.0048 0.0044
23.8135 0.0048 0.0044
23.8316 0.0048 0.0044
23.8497 0.0048 0.0044
23.8678 0.0048 0.0044
23.8859 0.0048 0.0044
23.9041 0.0048 0.0045
23.9222 0.0048 0.0045
23.9403 0.0048 0.0045
23.9584 0.0048 0.0045
23.9765 0.0048 0.0045
23.9946 0.0047 0.0045
24.0127 0.0047 0.0045
24.0308 0.0047 0.0045
24.0489 0.0047 0.0045
24.0670 0.0047 0.0044
24.0851 0.0047 0.0044
24.1033 0.0046 0.0044
24.1214 0.0046 0.0044
24.1395 0.0046 0.0044
24.1576 0.0046 0.0044
24.1757 0.0046 0.0044
24.1938 0.0045 0.0043
24.2119 0.0045 0.0043
24.2300 0.0045 0.0043
24.2481 0.0045 0.0043
24.2662 0.0044 0.0043
24.2844 0.0044 0.0042
24.3025 0.0044 0.0042
24.3206 0.0044 0.0042
24.3387 0.0043 0.0041
24.3568 0.0043 0.0041
24.3749 0.0043 0.0041
24.3930 0.0042 0.0040
24.4111 0.0042 0.0040
24.4292 0.0042 0.0040
24.4473 0.0041 0.0039
24.4654 0.0041 0.0039
24.4836 0.0040 0.0038
24.5017 0.0040 0.0038
24.5198 0.0039 0.0038
24.5379 0.0039 0.0037
24.5560 0.0039 0.0037
24.5741 0.0038 0.0036
24.5922 0.0038 0.0036
24.6103 0.0037 0.0035
24.6284 0.0037 0.0035
24.6465 0.0036 0.0034
24.6646 0.0036 0.0034
24.6828 0.0035 0.0033
24.7009 0.0035 0.0033
24.7190 0.0034 0.0033
24.7371 0.0034 0.0032
24.7552 0.0033 0.0032
24.7733 0.0032 0.0031
24.7914 0.0032 0.0031
24.8095 0.0031 0.0030
24.8276 0.0031 0.0030
24.8457 0.0030 0.0029
24.8638 0.0030 0.0029
24.8820 0.0029 0.0029
24.9001 0.0029 0.0028
24.9182 0.0029 0.0028
24.9363 0.0028 0.0027
24.9544 0.0028 0.0027
24.9725 0.0027 0.0027
24.9906 0.0027 0.0026
25.0087 0.0027 0.0026
25.0268 0.0026 0.0025
25.0449 0.0026 0.0025
25.0630 0.0026 0.0025
25.0812 0.0025 0.0024
25.0993 0.0025 0.0024
25.1174 0.0025 0.0024
25.1355 0.0025 0.0023
25.1536 0.0024 0.0023
25.1717 0.0024 0.0023
25.1898 0.0024 0.0022
25.2079 0.0024 0.0022
25.2260 0.0024 0.0022
25.2441 0.0024 0.0022
25.2622 0.0024 0.0021
25.2804 0.0024 0.0021
25.2985 0.0024 0.0021
25.3166 0.0023 0.0021
25.3347 0.0023 0.0021
25.3528 0.0023 0.0021
25.3709 0.0024 0.0020
25.3890 0.0024 0.0020
25.4071 0.0024 0.0020
25.4252 0.0024 0.0020
25.4433 0.0024 0.0020
25.4614 0.0024 0.0020
25.4796 0.0024 0.0020
25.4977 0.0024 0.0020
25.5158 0.0024 0.0019
25.5339 0.0024 0.0019
25.5520 0.0024 0.0019
25.5701 0.0024 0.0019
25.5882 0.0024 0.0019
25.6063 0.0024 0.0019
25.6244 0.0024 0.0019
25.6425 0.0024 0.0019
25.6606 0.0024 0.0019
25.6788 0.0024 0.0019
25.6969 0.0023 0.0019
25.7150 0.0023 0.0019
25.7331 0.0023 0.0019
25.7512 0.0023 0.0019
25.7693 0.0023 0.0019
25.7874 0.0022 0.0019
25.8055 0.0022 0.0019
25.8236 0.0022 0.0019
25.8417 0.0022 0.0019
25.8598 0.0022 0.0019
25.8780 0.0021 0.0019
25.8961 0.0021 0.0019
25.9142 0.0021 0.0019
25.9323 0.0021 0.0019
25.9504 0.0021 0.0019
25.9685 0.0021 0.0019
25.9866 0.0021 0.0019
26.0047 0.0020 0.0019
26.0228 0.0020 0.0020
26.0409 0.0020 0.0020
26.0590 0.0020 0.0020
26.0772 0.0020 0.0020
26.0953 0.0020 0.0020
26.1134 0.0020 0.0020
26.1315 0.0020 0.0020
26.1496 0.0020 0.0020
26.1677 0.0020 0.0020
26.1858 0.0020 0.0020
26.2039 0.0020 0.0020
26.2220 0.0020 0.0020
26.2401 0.0020 0.0020
26.2582 0.0020 0.0020
26.2764 0.0020 0.0020
26.2945 0.0020 0.0020
26.3126 0.0020 0.0020
26.3307 0.0019 0.0020
26.3488 0.0019 0.0020
26.3669 0.0019 0.0019
26.3850 0.0019 0.0019
26.4031 0.0019 0.0019
26.4212 0.0019 0.0019
26.4393 0.0019 0.0019
26.4574 0.0018 0.0019
26.4756 0.0018 0.0019
26.4937 0.0018 0.0019
26.5118 0.0018 0.0018
26.5299 0.0018 0.0018
26.5480 0.0017 0.0018
26.5661 0.0017 0.0018
26.5842 0.0017 0.0018
26.6023 0.0017 0.0018
26.6204 0.0017 0.0017
26.6385 0.0016 0.0017
26.6566 0.0016 0.0017
26.6748 0.0016 0.0017
26.6929 0.0016 0.0016
26.7110 0.0015 0.0016
26.7291 0.0015 0.0016
26.7472 0.0015 0.0016
26.7653 0.0015 0.0016
26.7834 0.0015 0.0015
26.8015 0.0014 0.0015
26.8196 0.0014 0.0015
26.8377 0.0014 0.0015
26.8558 0.0014 0.0014
26.8740 0.0014 0.0014
26.8921 0.0014 0.0014
26.9102 0.0013 0.0014
26.9283 0.0013 0.0014
26.9464 0.0013 0.0013
26.9645 0.0013 0.0013
26.9826 0.0013 0.0013
27.0007 0.0013 0.0013
27.0188 0.0013 0.0013
27.0369 0.0013 0.0012
27.0550 0.0013 0.0012
27.0732 0.0013 0.0012
27.0913 0.0012 0.0012
27.1094 0.0012 0.0012
27.1275 0.0012 0.0012
27.1456 0.0012 0.0012
27.1637 0.0012 0.0011
27.1818 0.0012 0.0011
27.1999 0.0012 0.0011
27.2180 0.0012 0.0011
27.2361 0.0012 0.0011
27.2542 0.0012 0.0011
27.2724 0.0011 0.0011
27.2905 0.0011 0.0011
27.3086 0.0011 0.0011
27.3267 0.0011 0.0011
27.3448 0.0011 0.0010
27.3629 0.0011 0.0010
27.3810 0.0011 0.0010
27.3991 0.0011 0.0010
27.4172 0.0011 0.0010
27.4353 0.0010 0.0010
27.4534 0.0010 0.0010
27.4716 0.0010 0.0010
27.4897 0.0010 0.0010
27.5078 0.0010 0.0010
27.5259 0.0010 0.0010
27.5440 0.0010 0.0010
27.5621 0.0010 0.0010
27.5802 0.0010 0.0010
27.5983 0.0010 0.0010
27.6164 0.0010 0.0010
27.6345 0.0009 0.0009
27.6526 0.0009 0.0009
27.6708 0.0009 0.0009
27.6889 0.0009 0.0009
27.7070 0.0009 0.0009
27.7251 0.0009 0.0009
27.7432 0.0009 0.0009
27.7613 0.0009 0.0009
27.7794 0.0009 0.0009
27.7975 0.0009 0.0009
27.8156 0.0009 0.0009
27.8337 0.0009 0.0009
27.8519 0.0009 0.0009
27.8700 0.0009 0.0009
27.8881 0.0009 0.0009
27.9062 0.0009 0.0009
27.9243 0.0009 0.0009
27.9424 0.0009 0.0009
27.9605 0.0009 0.0009
27.9786 0.0008 0.0009
27.9967 0.0008 0.0009
28.0148 0.0008 0.0009
28.0329 0.0008 0.0009
28.0511 0.0008 0.0009
28.0692 0.0008 0.0009
28.0873 0.0008 0.0008
28.1054 0.0008 0.0008
28.1235 0.0008 0.0008
28.1416 0.0008 0.0008
28.1597 0.0008 0.0008
28.1778 0.0008 0.0008
28.1959 0.0008 0.0008
28.2140 0.0008 0.0008
28.2321 0.0008 0.0008
28.2503 0.0008 0.0008
28.2684 0.0008 0.0008
28.2865 0.0008 0.0008
28.3046 0.0008 0.0008
28.3227 0.0008 0.0008
28.3408 0.0008 0.0008
28.3589 0.0008 0.0008
28.3770 0.0008 0.0008
28.3951 0.0008 0.0008
28.4132 0.0007 0.0008
28.4313 0.0007 0.0008
28.4495 0.0007 0.0007
28.4676 0.0007 0.0007
28.4857 0.0007 0.0007
28.5038 0.0007 0.0007
28.5219 0.0007 0.0007
28.5400 0.0007 0.0007
28.5581 0.0007 0.0007
28.5762 0.0007 0.0007
28.5943 0.0007 0.0007
28.6124 0.0007 0.0007
28.6305 0.0007 0.0007
28.6487 0.0007 0.0007
28.6668 0.0007 0.0007
28.6849 0.0007 0.0007
28.7030 0.0007 0.0007
28.7211 0.0007 0.0007
28.7392 0.0007 0.0007
28.7573 0.0007 0.0007
28.7754 0.0007 0.0007
28.7935 0.0007 0.0007
28.8116 0.0007 0.0007
28.8297 0.0007 0.0007
28.8479 0.0007 0.0007
28.8660 0.0007 0.0007
28.8841 0.0007 0.0007
28.9022 0.0007 0.0007
28.9203 0.0007 0.0007
28.9384 0.0007 0.0007
28.9565 0.0007 0.0006
28.9746 0.0007 0.0006
28.9927 0.0006 0.0006
29.0108 0.0006 0.0006
29.0289 0.0006 0.0006
29.0471 0.0006 0.0006
29.0652 0.0006 0.0006
29.0833 0.0006 0.0006
29.1014 0.0006 0.0006
29.1195 0.0006 0.0006
29.1376 0.0006 0.0006
29.1557 0.0006 0.0006
29.1738 0.0006 0.0006
29.1919 0.0006 0.0006
29.2100 0.0006 0.0006
29.2281 0.0006 0.0006
29.2463 0.0006 0.0006
29.2644 0.0006 0.0006
29.2825 0.0006 0.0006
29.3006 0.0006 0.0006
29.3187 0.0006 0.0006
29.3368 0.0006 0.0006
29.3549 0.0006 0.0006
29.3730 0.0006 0.0006
29.3911 0.0006 0.0006
29.4092 0.0006 0.0006
29.4273 0.0006 0.0006
29.4455 0.0006 0.0006
29.4636 0.0006 0.0006
29.4817 0.0006 0.0006
29.4998 0.0006 0.0006
29.5179 0.0006 0.0006
29.5360 0.0006 0.0006
29.5541 0.0006 0.0006
29.5722 0.0006 0.0006
29.5903 0.0006 0.0006
29.6084 0.0006 0.0006
29.6265 0.0006 0.0006
29.6447 0.0006 0.0006
29.6628 0.0006 0.0006
29.6809 0.0006 0.0006
29.6990 0.0006 0.0006
29.7171 0.0006 0.0006
29.7352 0.0006 0.0006
29.7533 0.0006 0.0006
29.7714 0.0006 0.0006
29.7895 0.0006 0.0006
29.8076 0.0006 0.0006
29.8257 0.0006 0.0006
29.8439 0.0006 0.0006
29.8620 0.0006 0.0005
29.8801 0.0006 0.0005
29.8982 0.0006 0.0005
29.9163 0.0006 0.0005
29.9344 0.0005 0.0005
29.9525 0.0005 0.0005
29.9706 0.0005 0.0005
29.9887 0.0005 0.0005
30.0068 0.0005 0.0005
30.0249 0.0005 0.0005
30.0431 0.0005 0.0005
30.0612 0.0005 0.0005
30.0793 0.0005 0.0005
30.0974 0.0005 0.0005
30.1155 0.0005 0.0005
30.1336 0.0005 0.0005
30.1517 0.0005 0.0005
30.1698 0.0005 0.0005
30.1879 0.0005 0.0005
30.2060 0.0005 0.0005
30.2241 0.0005 0.0005
30.2423 0.0005 0.0005
30.2604 0.0005 0.0005
30.2785 0.0005 0.0005
30.2966 0.0005 0.0005
30.3147 0.0005 0.0005
30.3328 0.0005 0.0005
30.3509 0.0005 0.0005
30.3690 0.0005 0.0005
30.3871 0.0005 0.0005
30.4052 0.0005 0.0005
30.4233 0.0005 0.0005
30.4415 0.0005 0.0005
30.4596 0.0005 0.0005
30.4777 0.0005 0.0005
30.4958 0.0005 0.0005
30.5139 0.0005 0.0005
30.5320 0.0005 0.0005
30.5501 0.0005 0.0005
30.5682 0.0005 0.0005
30.5863 0.0005 0.0005
30.6044 0.0005 0.0005
30.6225 0.0005 0.0005
30.6407 0.0005 0.0005
30.6588 0.0005 0.0005
30.6769 0.0005 0.0005
30.6950 0.0005 0.0005
30.7131 0.0005 0.0005
30.7312 0.0005 0.0005
30.7493 0.0005 0.0005
30.7674 0.0005 0.0005
30.7855 0.0005 0.0005
30.8036 0.0005 0.0005
30.8217 0.0005 0.0005
30.8399 0.0005 0.0005
30.8580 0.0005 0.0005
30.8761 0.0005 0.0005
30.8942 0.0005 0.0005
30.9123 0.0005 0.0005
30.9304 0.0005 0.0005
30.9485 0.0005 0.0005
30.9666 0.0005 0.0005
30.9847 0.0005 0.0005
31.0028 0.0005 0.0005
31.0209 0.0005 0.0005
31.0391 0.0005 0.0005
31.0572 0.0005 0.0005
31.0753 0.0005 0.0005
31.0934 0.0005 0.0005
31.1115 0.0005 0.0005
31.1296 0.0005 0.0005
31.1477 0.0005 0.0005
31.1658 0.0005 0.0005
31.1839 0.0005 0.0005
31.2020 0.0005 0.0005
31.2201 0.0005 0.0005
31.2383 0.0005 0.0005
31.2564 0.0005 0.0005
31.2745 0.0005 0.0005
31.2926 0.0005 0.0005
31.3107 0.0005 0.0005
31.3288 0.0005 0.0005
31.3469 0.0005 0.0005
31.3650 0.0005 0.0005
31.3831 0.0005 0.0005
31.4012 0.0005 0.0005
31.4193 0.0005 0.0005
31.4375 0.0005 0.0005
31.4556 0.0005 0.0005
31.4737 0.0005 0.0004
31.4918 0.0005 0.0004
31.5099 0.0005 0.0004
31.5280 0.0005 0.0004
31.5461 0.0004 0.0004
31.5642 0.0004 0.0004
31.5823 0.0004 0.0004
31.6004 0.0004 0.0004
31.6186 0.0004 0.0004
31.6367 0.0004 0.0004
31.6548 0.0004 0.0004
31.6729 0.0004 0.0004
31.6910 0.0004 0.0004
31.7091 0.0004 0.0004
31.7272 0.0004 0.0004
31.7453 0.0004 0.0004
31.7634 0.0004 0.0004
31.7815 0.0004 0.0004
31.7996 0.0004 0.0004
31.8178 0.0004 0.0004
31.8359 0.0004 0.0004
31.8540 0.0004 0.0004
31.8721 0.0004 0.0004
31.8902 0.0004 0.0004
31.9083 0.0004 0.0004
31.9264 0.0004 0.0004
31.9445 0.0004 0.0004
31.9626 0.0004 0.0004
31.9807 0.0004 0.0004
31.9988 0.0004 0.0004
32.0170 0.0004 0.0004
32.0351 0.0004 0.0004
32.0532 0.0004 0.0004
32.0713 0.0004 0.0004
32.0894 0.0004 0.0004
32.1075 0.0004 0.0004
32.1256 0.0004 0.0004
32.1437 0.0004 0.0004
32.1618 0.0004 0.0004
32.1799 0.0004 0.0004
32.1980 0.0004 0.0004
32.2162 0.0004 0.0004
32.2343 0.0004 0.0004
32.2524 0.0004 0.0004
32.2705 0.0004 0.0004
32.2886 0.0004 0.0004
32.3067 0.0004 0.0004
32.3248 0.0004 0.0004
32.3429 0.0004 0.0004
32.3610 0.0004 0.0004
32.3791 0.0004 0.0004
32.3972 0.0004 0.0004
32.4154 0.0004 0.0004
32.4335 0.0004 0.0004
32.4516 0.0004 0.0004
32.4697 0.0004 0.0004
32.4878 0.0004 0.0004
32.5059 0.0004 0.0004
32.5240 0.0004 0.0004
32.5421 0.0004 0.0004
32.5602 0.0004 0.0004
32.5783 0.0004 0.0004
32.5964 0.0004 0.0004
32.6146 0.0004 0.0004
32.6327 0.0004 0.0004
32.6508 0.0004 0.0004
32.6689 0.0004 0.0004
32.6870 0.0004 0.0004
32.7051 0.0004 0.0004
32.7232 0.0004 0.0004
32.7413 0.0004 0.0004
32.7594 0.0004 0.0004
32.7775 0.0004 0.0004
32.7956 0.0004 0.0004
32.8138 0.0004 0.0004
32.8319 0.0004 0.0004
32.8500 0.0004 0.0004
32.8681 0.0004 0.0004
32.8862 0.0004 0.0004
32.9043 0.0004 0.0004
32.9224 0.0004 0.0004
32.9405 0.0004 0.0004
32.9586 0.0004 0.0004
32.9767 0.0004 0.0004
32.9948 0.0004 0.0004
33.0130 0.0004 0.0004
33.0311 0.0004 0.0004
33.0492 0.0004 0.0004
33.0673 0.0004 0.0004
33.0854 0.0004 0.0004
33.1035 0.0004 0.0004
33.1216 0.0004 0.0004
33.1397 0.0004 0.0004
33.1578 0.0004 0.0004
33.1759 0.0004 0.0004
33.1940 0.0004 0.0004
33.2122 0.0004 0.0004
33.2303 0.0004 0.0004
33.2484 0.0004 0.0004
33.2665 0.0004 0.0004
33.2846 0.0004 0.0004
33.3027 0.0004 0.0004
33.3208 0.0004 0.0004
33.3389 0.0004 0.0004
33.3570 0.0004 0.0004
33.3751 0.0004 0.0004
33.3932 0.0004 0.0004
33.4114 0.0004 0.0004
33.4295 0.0004 0.0004
33.4476 0.0004 0.0004
33.4657 0.0004 0.0004
33.4838 0.0004 0.0004
33.5019 0.0004 0.0004
33.5200 0.0004 0.0004
33.5381 0.0004 0.0004
33.5562 0.0004 0.0004
33.5743 0.0004 0.0004
33.5924 0.0004 0.0004
33.6106 0.0004 0.0004
33.6287 0.0004 0.0004
33.6468 0.0004 0.0004
33.6649 0.0004 0.0004
33.6830 0.0004 0.0004
33.7011 0.0004 0.0004
33.7192 0.0004 0.0004
33.7373 0.0004 0.0004
33.7554 0.0004 0.0004
33.7735 0.0004 0.0004
33.7916 0.0004 0.0004
33.8098 0.0004 0.0004
33.8279 0.0004 0.0004
33.8460 0.0004 0.0004
33.8641 0.0004 0.0004
33.8822 0.0004 0.0003
33.9003 0.0004 0.0003
33.9184 0.0004 0.0003
33.9365 0.0004 0.0003
33.9546 0.0003 0.0003
33.9727 0.0003 0.0003
33.9908 0.0003 0.0003
34.0090 0.0003 0.0003
34.0271 0.0003 0.0003
34.0452 0.0003 0.0003
34.0633 0.0003 0.0003
34.0814 0.0003 0.0003
34.0995 0.0003 0.0003
34.1176 0.0003 0.0003
34.1357 0.0003 0.0003
34.1538 0.0003 0.0003
34.1719 0.0003 0.0003
34.1900 0.0003 0.0003
34.2082 0.0003 0.0003
34.2263 0.0003 0.0003
34.2444 0.0003 0.0003
34.2625 0.0003 0.0003
34.2806 0.0003 0.0003
34.2987 0.0003 0.0003
34.3168 0.0003 0.0003
34.3349 0.0003 0.0003
34.3530 0.0003 0.0003
34.3711 0.0003 0.0003
34.3892 0.0003 0.0003
34.4074 0.0003 0.0003
34.4255 0.0003 0.0003
34.4436 0.0003 0.0003
34.4617 0.0003 0.0003
34.4798 0.0003 0.0003
34.4979 0.0003 0.0003
34.5160 0.0003 0.0003
34.5341 0.0003 0.0003
34.5522 0.0003 0.0003
34.5703 0.0003 0.0003
34.5884 0.0003 0.0003
34.6066 0.0003 0.0003
34.6247 0.0003 0.0003
34.6428 0.0003 0.0003
34.6609 0.0003 0.0003
34.6790 0.0003 0.0003
34.6971 0.0003 0.0003
34.7152 0.0003 0.0003
34.7333 0.0003 0.0003
34.7514 0.0003 0.0003
34.7695 0.0003 0.0003
34.7876 0.0003 0.0003
34.8058 0.0003 0.0003
34.8239 0.0003 0.0003
34.8420 0.0003 0.0003
34.8601 0.0003 0.0003
34.8782 0.0003 0.0003
34.8963 0.0003 0.0003
34.9144 0.0003 0.0003
34.9325 0.0003 0.0003
34.9506 0.0003 0.0003
34.9687 0.0003 0.0003
34.9868 0.0003 0.0003
35.0050 0.0003 0.0003
35.0231 0.0003 0.0003
35.0412 0.0003 0.0003
35.0593 0.0003 0.0003
35.0774 0.0003 0.0003
35.0955 0.0003 0.0003
35.1136 0.0003 0.0003
35.1317 0.0003 0.0003
35.1498 0.0003 0.0003
35.1679 0.0003 0.0003
35.1860 0.0003 0.0003
35.2042 0.0003 0.0003
35.2223 0.0003 0.0003
35.2404 0.0003 0.0003
35.2585 0.0003 0.0003
35.2766 0.0003 0.0003
35.2947 0.0003 0.0003
35.3128 0.0003 0.0003
35.3309 0.0003 0.0003
35.3490 0.0003 0.0003
35.3671 0.0003 0.0003
35.3853 0.0003 0.0003
35.4034 0.0003 0.0003
35.4215 0.0003 0.0003
35.4396 0.0003 0.0003
35.4577 0.0003 0.0003
35.4758 0.0003 0.0003
35.4939 0.0003 0.0003
35.5120 0.0003 0.0003
35.5301 0.0003 0.0003
35.5482 0.0003 0.0003
35.5663 0.0003 0.0003
35.5845 0.0003 0.0003
35.6026 0.0003 0.0003
35.6207 0.0003 0.0003
35.6388 0.0003 0.0003
35.6569 0.0003 0.0003
35.6750 0.0003 0.0003
35.6931 0.0003 0.0003
35.7112 0.0003 0.0003
35.7293 0.0003 0.0003
35.7474 0.0003 0.0003
35.7655 0.0003 0.0003
35.7837 0.0003 0.0003
35.8018 0.0003 0.0003
35.8199 0.0003 0.0003
35.8380 0.0003 0.0003
35.8561 0.0003 0.0003
35.8742 0.0003 0.0003
35.8923 0.0003 0.0003
35.9104 0.0003 0.0003
35.9285 0.0003 0.0003
35.9466 0.0003 0.0003
35.9647 0.0003 0.0003
35.9829 0.0003 0.0003
36.0010 0.0003 0.0003
36.0191 0.0003 0.0003
36.0372 0.0003 0.0003
36.0553 0.0003 0.0003
36.0734 0.0003 0.0003
36.0915 0.0003 0.0003
36.1096 0.0003 0.0003
36.1277 0.0003 0.0003
36.1458 0.0003 0.0003
36.1639 0.0003 0.0003
36.1821 0.0003 0.0003
36.2002 0.0003 0.0003
  
  
  
  
  
dim="1">gridpoints</dimension>  
  
  
  
  
  
  
  
  
0.0000 401.7055 468.7609
0.0181 401.7055 468.7609
0.0362 200.9952 234.5654
0.0543 134.1543 156.5835
0.0724 100.7800 117.6561
0.0905 80.7914 94.3519
0.1087 67.4951 78.8606
0.1268 58.0223 67.8354
0.1449 50.9389 59.6029
0.1630 45.4483 53.2339
0.1811 41.0725 48.1707
0.1992 37.5076 44.0585
0.2173 34.5510 40.6607
0.2354 32.0626 37.8133
0.2535 29.9421 35.3990
0.2716 28.1158 33.3312
0.2897 26.5283 31.5450
0.3079 25.1369 29.9898
0.3260 23.9080 28.6260
0.3441 22.8145 27.4219
0.3622 21.8347 26.3514
0.3803 20.9501 25.3929
0.3984 20.1455 24.5283
0.4165 19.4079 23.7420
0.4346 18.7262 23.0208
0.4527 18.0910 22.3533
0.4708 17.4942 21.7295
0.4889 16.9291 21.1407
0.5071 16.3900 20.5795
0.5252 15.8725 20.0396
0.5433 15.3731 19.5157
0.5614 14.8890 19.0033
0.5795 14.4186 18.4988
0.5976 13.9607 17.9996
0.6157 13.5150 17.5037
0.6338 13.0815 17.0099
0.6519 12.6608 16.5177
0.6700 12.2536 16.0271
0.6881 11.8610 15.5387
0.7063 11.4841 15.0537
0.7244 11.1240 14.5735
0.7425 10.7819 14.1000
0.7606 10.4586 13.6351
0.7787 10.1551 13.1810
0.7968 9.8718 12.7400
0.8149 9.6092 12.3141
0.8330 9.3674 11.9054
0.8511 9.1460 11.5158
0.8692 8.9449 11.1467
0.8873 8.7632 10.7995
0.9055 8.6000 10.4750
0.9236 8.4542 10.1738
0.9417 8.3244 9.8961
0.9598 8.2092 9.6415
0.9779 8.1069 9.4096
0.9960 8.0157 9.1992
1.0141 7.9338 9.0093
1.0322 7.8593 8.8382
1.0503 7.7905 8.6841
1.0684 7.7254 8.5453
1.0865 7.6625 8.4197
1.1047 7.6000 8.3052
1.1228 7.5366 8.1998
1.1409 7.4710 8.1014
1.1590 7.4021 8.0083
1.1771 7.3291 7.9186
1.1952 7.2513 7.8307
1.2133 7.1685 7.7435
1.2314 7.0805 7.6556
1.2495 6.9875 7.5664
1.2676 6.8897 7.4751
1.2857 6.7878 7.3814
1.3039 6.6823 7.2852
1.3220 6.5742 7.1865
1.3401 6.4644 7.0856
1.3582 6.3539 6.9828
1.3763 6.2436 6.8788
1.3944 6.1345 6.7740
1.4125 6.0276 6.6691
1.4306 5.9236 6.5646
1.4487 5.8232 6.4612
1.4668 5.7272 6.3593
1.4849 5.6358 6.2593
1.5031 5.5494 6.1615
1.5212 5.4681 6.0660
1.5393 5.3920 5.9730
1.5574 5.3210 5.8824
1.5755 5.2548 5.7942
1.5936 5.1933 5.7081
1.6117 5.1361 5.6240
1.6298 5.0828 5.5418
1.6479 5.0331 5.4614
1.6660 4.9866 5.3827
1.6841 4.9430 5.3056
1.7023 4.9018 5.2301
1.7204 4.8630 5.1565
1.7385 4.8261 5.0847
1.7566 4.7910 5.0149
1.7747 4.7575 4.9474
1.7928 4.7255 4.8822
1.8109 4.6948 4.8195
1.8290 4.6655 4.7594
1.8471 4.6374 4.7019
1.8652 4.6104 4.6471
1.8834 4.5845 4.5949
1.9015 4.5597 4.5453
1.9196 4.5359 4.4981
1.9377 4.5131 4.4533
1.9558 4.4911 4.4107
1.9739 4.4699 4.3703
1.9920 4.4494 4.3319
2.0101 4.4295 4.2955
2.0282 4.4101 4.2610
2.0463 4.3910 4.2285
2.0644 4.3722 4.1980
2.0826 4.3535 4.1693
2.1007 4.3348 4.1425
2.1188 4.3160 4.1176
2.1369 4.2971 4.0945
2.1550 4.2781 4.0731
2.1731 4.2589 4.0534
2.1912 4.2396 4.0351
2.2093 4.2203 4.0182
2.2274 4.2011 4.0026
2.2455 4.1822 3.9880
2.2636 4.1638 3.9745
2.2818 4.1462 3.9618
2.2999 4.1296 3.9499
2.3180 4.1142 3.9387
2.3361 4.1005 3.9282
2.3542 4.0885 3.9182
2.3723 4.0785 3.9088
2.3904 4.0707 3.8998
2.4085 4.0651 3.8913
2.4266 4.0617 3.8832
2.4447 4.0606 3.8753
2.4628 4.0615 3.8676
2.4810 4.0642 3.8599
2.4991 4.0684 3.8520
2.5172 4.0737 3.8438
2.5353 4.0797 3.8352
2.5534 4.0858 3.8258
2.5715 4.0916 3.8156
2.5896 4.0965 3.8042
2.6077 4.1000 3.7917
2.6258 4.1017 3.7777
2.6439 4.1011 3.7623
2.6620 4.0979 3.7453
2.6802 4.0918 3.7266
2.6983 4.0825 3.7063
2.7164 4.0699 3.6843
2.7345 4.0540 3.6608
2.7526 4.0348 3.6357
2.7707 4.0123 3.6094
2.7888 3.9865 3.5818
2.8069 3.9577 3.5531
2.8250 3.9259 3.5235
2.8431 3.8913 3.4932
2.8612 3.8542 3.4624
2.8794 3.8148 3.4311
2.8975 3.7734 3.3997
2.9156 3.7302 3.3681
2.9337 3.6855 3.3365
2.9518 3.6398 3.3050
2.9699 3.5933 3.2737
2.9880 3.5465 3.2427
3.0061 3.4999 3.2120
3.0242 3.4538 3.1817
3.0423 3.4086 3.1518
3.0604 3.3648 3.1223
3.0786 3.3227 3.0934
3.0967 3.2826 3.0651
3.1148 3.2448 3.0374
3.1329 3.2094 3.0103
3.1510 3.1766 2.9840
3.1691 3.1464 2.9586
3.1872 3.1188 2.9340
3.2053 3.0936 2.9103
3.2234 3.0708 2.8875
3.2415 3.0502 2.8657
3.2596 3.0315 2.8450
3.2778 3.0145 2.8252
3.2959 2.9990 2.8064
3.3140 2.9848 2.7887
3.3321 2.9715 2.7719
3.3502 2.9591 2.7562
3.3683 2.9472 2.7414
3.3864 2.9359 2.7276
3.4045 2.9249 2.7148
3.4226 2.9141 2.7029
3.4407 2.9035 2.6922
3.4588 2.8931 2.6824
3.4770 2.8829 2.6738
3.4951 2.8727 2.6664
3.5132 2.8628 2.6601
3.5313 2.8531 2.6550
3.5494 2.8437 2.6511
3.5675 2.8347 2.6484
3.5856 2.8260 2.6468
3.6037 2.8178 2.6463
3.6218 2.8101 2.6468
3.6399 2.8029 2.6482
3.6580 2.7963 2.6503
3.6762 2.7902 2.6528
3.6943 2.7848 2.6558
3.7124 2.7798 2.6588
3.7305 2.7754 2.6617
3.7486 2.7713 2.6644
3.7667 2.7676 2.6666
3.7848 2.7640 2.6682
3.8029 2.7604 2.6691
3.8210 2.7566 2.6691
3.8391 2.7525 2.6682
3.8572 2.7479 2.6664
3.8754 2.7426 2.6637
3.8935 2.7366 2.6602
3.9116 2.7296 2.6560
3.9297 2.7216 2.6511
3.9478 2.7125 2.6457
3.9659 2.7025 2.6399
3.9840 2.6914 2.6338
4.0021 2.6795 2.6275
4.0202 2.6668 2.6211
4.0383 2.6536 2.6146
4.0564 2.6400 2.6081
4.0746 2.6262 2.6016
4.0927 2.6125 2.5949
4.1108 2.5989 2.5880
4.1289 2.5857 2.5808
4.1470 2.5730 2.5731
4.1651 2.5609 2.5649
4.1832 2.5495 2.5558
4.2013 2.5387 2.5458
4.2194 2.5287 2.5348
4.2375 2.5192 2.5225
4.2556 2.5103 2.5089
4.2738 2.5018 2.4939
4.2919 2.4937 2.4776
4.3100 2.4856 2.4598
4.3281 2.4776 2.4407
4.3462 2.4695 2.4204
4.3643 2.4611 2.3989
4.3824 2.4522 2.3765
4.4005 2.4428 2.3533
4.4186 2.4328 2.3295
4.4367 2.4221 2.3053
4.4548 2.4106 2.2810
4.4730 2.3983 2.2567
4.4911 2.3852 2.2327
4.5092 2.3714 2.2090
4.5273 2.3568 2.1860
4.5454 2.3416 2.1637
4.5635 2.3257 2.1421
4.5816 2.3094 2.1215
4.5997 2.2925 2.1018
4.6178 2.2754 2.0829
4.6359 2.2579 2.0650
4.6540 2.2401 2.0478
4.6722 2.2222 2.0314
4.6903 2.2041 2.0155
4.7084 2.1859 2.0001
4.7265 2.1675 1.9849
4.7446 2.1489 1.9698
4.7627 2.1302 1.9547
4.7808 2.1113 1.9392
4.7989 2.0922 1.9233
4.8170 2.0729 1.9068
4.8351 2.0533 1.8896
4.8532 2.0335 1.8716
4.8714 2.0135 1.8528
4.8895 1.9932 1.8330
4.9076 1.9727 1.8123
4.9257 1.9519 1.7908
4.9438 1.9308 1.7685
4.9619 1.9096 1.7455
4.9800 1.8881 1.7220
4.9981 1.8663 1.6981
5.0162 1.8442 1.6740
5.0343 1.8219 1.6497
5.0524 1.7992 1.6255
5.0706 1.7762 1.6015
5.0887 1.7528 1.5777
5.1068 1.7291 1.5544
5.1249 1.7050 1.5314
5.1430 1.6805 1.5090
5.1611 1.6557 1.4870
5.1792 1.6306 1.4655
5.1973 1.6052 1.4446
5.2154 1.5796 1.4241
5.2335 1.5538 1.4040
5.2516 1.5281 1.3844
5.2698 1.5024 1.3652
5.2879 1.4769 1.3464
5.3060 1.4516 1.3280
5.3241 1.4267 1.3101
5.3422 1.4023 1.2926
5.3603 1.3784 1.2755
5.3784 1.3552 1.2590
5.3965 1.3328 1.2430
5.4146 1.3111 1.2277
5.4327 1.2902 1.2129
5.4508 1.2702 1.1987
5.4690 1.2512 1.1852
5.4871 1.2330 1.1724
5.5052 1.2157 1.1602
5.5233 1.1992 1.1487
5.5414 1.1837 1.1377
5.5595 1.1689 1.1273
5.5776 1.1550 1.1173
5.5957 1.1418 1.1079
5.6138 1.1293 1.0988
5.6319 1.1175 1.0900
5.6501 1.1064 1.0816
5.6682 1.0958 1.0734
5.6863 1.0859 1.0653
5.7044 1.0765 1.0573
5.7225 1.0676 1.0494
5.7406 1.0592 1.0415
5.7587 1.0514 1.0336
5.7768 1.0439 1.0255
5.7949 1.0370 1.0173
5.8130 1.0304 1.0090
5.8311 1.0241 1.0004
5.8493 1.0182 0.9916
5.8674 1.0126 0.9826
5.8855 1.0072 0.9732
5.9036 1.0019 0.9637
5.9217 0.9968 0.9538
5.9398 0.9917 0.9438
5.9579 0.9866 0.9335
5.9760 0.9814 0.9231
5.9941 0.9761 0.9126
6.0122 0.9706 0.9021
6.0303 0.9649 0.8915
6.0485 0.9589 0.8811
6.0666 0.9527 0.8708
6.0847 0.9462 0.8607
6.1028 0.9395 0.8508
6.1209 0.9327 0.8411
6.1390 0.9256 0.8318
6.1571 0.9185 0.8229
6.1752 0.9113 0.8143
6.1933 0.9041 0.8061
6.2114 0.8969 0.7982
6.2295 0.8899 0.7908
6.2477 0.8831 0.7838
6.2658 0.8765 0.7771
6.2839 0.8700 0.7708
6.3020 0.8638 0.7649
6.3201 0.8578 0.7594
6.3382 0.8519 0.7542
6.3563 0.8462 0.7493
6.3744 0.8405 0.7447
6.3925 0.8348 0.7404
6.4106 0.8291 0.7364
6.4287 0.8233 0.7325
6.4469 0.8174 0.7289
6.4650 0.8113 0.7254
6.4831 0.8049 0.7220
6.5012 0.7984 0.7186
6.5193 0.7916 0.7154
6.5374 0.7846 0.7121
6.5555 0.7774 0.7089
6.5736 0.7700 0.7056
6.5917 0.7625 0.7023
6.6098 0.7550 0.6989
6.6279 0.7474 0.6955
6.6461 0.7399 0.6921
6.6642 0.7325 0.6886
6.6823 0.7252 0.6850
6.7004 0.7181 0.6814
6.7185 0.7113 0.6778
6.7366 0.7047 0.6742
6.7547 0.6984 0.6706
6.7728 0.6924 0.6670
6.7909 0.6868 0.6635
6.8090 0.6815 0.6600
6.8271 0.6765 0.6566
6.8453 0.6720 0.6532
6.8634 0.6678 0.6500
6.8815 0.6639 0.6469
6.8996 0.6604 0.6439
6.9177 0.6572 0.6410
6.9358 0.6543 0.6382
6.9539 0.6517 0.6356
6.9720 0.6494 0.6330
6.9901 0.6472 0.6306
7.0082 0.6453 0.6284
7.0263 0.6435 0.6262
7.0445 0.6418 0.6241
7.0626 0.6402 0.6221
7.0807 0.6386 0.6202
7.0988 0.6371 0.6183
7.1169 0.6355 0.6164
7.1350 0.6338 0.6146
7.1531 0.6321 0.6128
7.1712 0.6304 0.6109
7.1893 0.6285 0.6091
7.2074 0.6266 0.6072
7.2255 0.6247 0.6052
7.2437 0.6227 0.6033
7.2618 0.6207 0.6012
7.2799 0.6187 0.5991
7.2980 0.6166 0.5969
7.3161 0.6146 0.5946
7.3342 0.6125 0.5922
7.3523 0.6105 0.5897
7.3704 0.6084 0.5871
7.3885 0.6062 0.5843
7.4066 0.6040 0.5814
7.4247 0.6016 0.5783
7.4429 0.5992 0.5751
7.4610 0.5966 0.5717
7.4791 0.5938 0.5682
7.4972 0.5909 0.5645
7.5153 0.5877 0.5606
7.5334 0.5843 0.5566
7.5515 0.5808 0.5525
7.5696 0.5771 0.5483
7.5877 0.5731 0.5441
7.6058 0.5691 0.5397
7.6239 0.5649 0.5354
7.6421 0.5605 0.5311
7.6602 0.5561 0.5268
7.6783 0.5516 0.5226
7.6964 0.5471 0.5185
7.7145 0.5425 0.5144
7.7326 0.5380 0.5105
7.7507 0.5334 0.5067
7.7688 0.5289 0.5030
7.7869 0.5244 0.4995
7.8050 0.5200 0.4961
7.8231 0.5157 0.4928
7.8413 0.5115 0.4897
7.8594 0.5074 0.4866
7.8775 0.5034 0.4838
7.8956 0.4996 0.4810
7.9137 0.4960 0.4783
7.9318 0.4926 0.4757
7.9499 0.4894 0.4731
7.9680 0.4863 0.4706
7.9861 0.4835 0.4682
8.0042 0.4809 0.4658
8.0223 0.4785 0.4634
8.0405 0.4763 0.4611
8.0586 0.4743 0.4587
8.0767 0.4725 0.4564
8.0948 0.4708 0.4540
8.1129 0.4692 0.4516
8.1310 0.4677 0.4492
8.1491 0.4663 0.4468
8.1672 0.4649 0.4443
8.1853 0.4635 0.4417
8.2034 0.4622 0.4390
8.2215 0.4607 0.4363
8.2397 0.4593 0.4335
8.2578 0.4577 0.4305
8.2759 0.4560 0.4275
8.2940 0.4543 0.4243
8.3121 0.4524 0.4211
8.3302 0.4504 0.4178
8.3483 0.4483 0.4144
8.3664 0.4461 0.4109
8.3845 0.4439 0.4074
8.4026 0.4415 0.4038
8.4207 0.4390 0.4003
8.4389 0.4365 0.3968
8.4570 0.4340 0.3933
8.4751 0.4313 0.3899
8.4932 0.4286 0.3865
8.5113 0.4259 0.3833
8.5294 0.4231 0.3802
8.5475 0.4203 0.3772
8.5656 0.4175 0.3744
8.5837 0.4146 0.3717
8.6018 0.4116 0.3692
8.6199 0.4087 0.3669
8.6381 0.4057 0.3648
8.6562 0.4028 0.3630
8.6743 0.3998 0.3613
8.6924 0.3968 0.3599
8.7105 0.3939 0.3587
8.7286 0.3911 0.3578
8.7467 0.3882 0.3572
8.7648 0.3855 0.3567
8.7829 0.3828 0.3565
8.8010 0.3802 0.3565
8.8191 0.3778 0.3568
8.8373 0.3754 0.3572
8.8554 0.3731 0.3577
8.8735 0.3709 0.3584
8.8916 0.3688 0.3592
8.9097 0.3668 0.3600
8.9278 0.3649 0.3609
8.9459 0.3630 0.3617
8.9640 0.3613 0.3626
8.9821 0.3595 0.3633
9.0002 0.3579 0.3640
9.0183 0.3562 0.3645
9.0365 0.3546 0.3649
9.0546 0.3530 0.3651
9.0727 0.3514 0.3651
9.0908 0.3498 0.3650
9.1089 0.3482 0.3646
9.1270 0.3466 0.3641
9.1451 0.3450 0.3634
9.1632 0.3434 0.3625
9.1813 0.3418 0.3615
9.1994 0.3402 0.3603
9.2175 0.3386 0.3591
9.2357 0.3370 0.3578
9.2538 0.3354 0.3564
9.2719 0.3339 0.3550
9.2900 0.3324 0.3537
9.3081 0.3310 0.3523
9.3262 0.3297 0.3510
9.3443 0.3284 0.3498
9.3624 0.3271 0.3487
9.3805 0.3259 0.3476
9.3986 0.3248 0.3466
9.4168 0.3237 0.3457
9.4349 0.3227 0.3448
9.4530 0.3217 0.3440
9.4711 0.3208 0.3432
9.4892 0.3198 0.3425
9.5073 0.3189 0.3417
9.5254 0.3179 0.3409
9.5435 0.3170 0.3401
9.5616 0.3160 0.3392
9.5797 0.3150 0.3383
9.5978 0.3140 0.3373
9.6160 0.3130 0.3363
9.6341 0.3120 0.3352
9.6522 0.3110 0.3341
9.6703 0.3100 0.3330
9.6884 0.3090 0.3319
9.7065 0.3081 0.3308
9.7246 0.3072 0.3297
9.7427 0.3064 0.3287
9.7608 0.3057 0.3277
9.7789 0.3051 0.3269
9.7970 0.3046 0.3261
9.8152 0.3043 0.3254
9.8333 0.3041 0.3248
9.8514 0.3041 0.3243
9.8695 0.3042 0.3239
9.8876 0.3045 0.3236
9.9057 0.3050 0.3235
9.9238 0.3056 0.3234
9.9419 0.3063 0.3235
9.9600 0.3072 0.3236
9.9781 0.3082 0.3238
9.9962 0.3093 0.3241
10.0144 0.3104 0.3244
10.0325 0.3116 0.3248
10.0506 0.3127 0.3253
10.0687 0.3138 0.3257
10.0868 0.3148 0.3263
10.1049 0.3158 0.3268
10.1230 0.3166 0.3274
10.1411 0.3172 0.3280
10.1592 0.3177 0.3286
10.1773 0.3180 0.3292
10.1954 0.3181 0.3299
10.2136 0.3180 0.3305
10.2317 0.3177 0.3313
10.2498 0.3173 0.3320
10.2679 0.3167 0.3328
10.2860 0.3159 0.3335
10.3041 0.3150 0.3343
10.3222 0.3139 0.3351
10.3403 0.3128 0.3359
10.3584 0.3115 0.3367
10.3765 0.3102 0.3375
10.3946 0.3089 0.3382
10.4128 0.3075 0.3388
10.4309 0.3060 0.3394
10.4490 0.3046 0.3398
10.4671 0.3031 0.3402
10.4852 0.3017 0.3404
10.5033 0.3003 0.3405
10.5214 0.2988 0.3404
10.5395 0.2975 0.3402
10.5576 0.2961 0.3399
10.5757 0.2948 0.3395
10.5938 0.2935 0.3390
10.6120 0.2923 0.3383
10.6301 0.2912 0.3377
10.6482 0.2901 0.3369
10.6663 0.2890 0.3362
10.6844 0.2881 0.3354
10.7025 0.2872 0.3347
10.7206 0.2864 0.3340
10.7387 0.2857 0.3334
10.7568 0.2850 0.3328
10.7749 0.2845 0.3323
10.7930 0.2841 0.3320
10.8112 0.2837 0.3317
10.8293 0.2835 0.3316
10.8474 0.2835 0.3316
10.8655 0.2835 0.3317
10.8836 0.2837 0.3319
10.9017 0.2840 0.3322
10.9198 0.2844 0.3327
10.9379 0.2850 0.3332
10.9560 0.2858 0.3339
10.9741 0.2867 0.3346
10.9922 0.2877 0.3354
11.0104 0.2888 0.3362
11.0285 0.2901 0.3371
11.0466 0.2915 0.3380
11.0647 0.2930 0.3388
11.0828 0.2946 0.3397
11.1009 0.2962 0.3404
11.1190 0.2979 0.3412
11.1371 0.2996 0.3418
11.1552 0.3013 0.3424
11.1733 0.3031 0.3429
11.1914 0.3048 0.3432
11.2096 0.3064 0.3435
11.2277 0.3080 0.3436
11.2458 0.3096 0.3437
11.2639 0.3111 0.3436
11.2820 0.3125 0.3434
11.3001 0.3138 0.3432
11.3182 0.3151 0.3428
11.3363 0.3162 0.3425
11.3544 0.3173 0.3420
11.3725 0.3184 0.3416
11.3906 0.3194 0.3411
11.4088 0.3203 0.3406
11.4269 0.3211 0.3401
11.4450 0.3219 0.3396
11.4631 0.3226 0.3391
11.4812 0.3233 0.3386
11.4993 0.3239 0.3381
11.5174 0.3244 0.3376
11.5355 0.3249 0.3371
11.5536 0.3254 0.3366
11.5717 0.3258 0.3361
11.5898 0.3262 0.3357
11.6080 0.3266 0.3352
11.6261 0.3269 0.3348
11.6442 0.3273 0.3344
11.6623 0.3276 0.3340
11.6804 0.3280 0.3336
11.6985 0.3284 0.3332
11.7166 0.3289 0.3329
11.7347 0.3294 0.3327
11.7528 0.3299 0.3325
11.7709 0.3305 0.3323
11.7890 0.3312 0.3322
11.8072 0.3320 0.3321
11.8253 0.3328 0.3320
11.8434 0.3337 0.3320
11.8615 0.3346 0.3319
11.8796 0.3356 0.3319
11.8977 0.3367 0.3319
11.9158 0.3378 0.3319
11.9339 0.3389 0.3319
11.9520 0.3400 0.3318
11.9701 0.3412 0.3318
11.9882 0.3423 0.3318
12.0064 0.3435 0.3318
12.0245 0.3446 0.3318
12.0426 0.3457 0.3317
12.0607 0.3469 0.3318
12.0788 0.3479 0.3318
12.0969 0.3490 0.3319
12.1150 0.3500 0.3319
12.1331 0.3510 0.3321
12.1512 0.3520 0.3323
12.1693 0.3529 0.3325
12.1874 0.3538 0.3327
12.2056 0.3547 0.3330
12.2237 0.3555 0.3334
12.2418 0.3563 0.3338
12.2599 0.3570 0.3342
12.2780 0.3577 0.3347
12.2961 0.3584 0.3352
12.3142 0.3590 0.3358
12.3323 0.3596 0.3365
12.3504 0.3601 0.3372
12.3685 0.3607 0.3380
12.3866 0.3612 0.3390
12.4048 0.3617 0.3400
12.4229 0.3622 0.3411
12.4410 0.3626 0.3424
12.4591 0.3631 0.3438
12.4772 0.3635 0.3453
12.4953 0.3640 0.3469
12.5134 0.3644 0.3486
12.5315 0.3649 0.3504
12.5496 0.3653 0.3523
12.5677 0.3657 0.3542
12.5858 0.3661 0.3562
12.6040 0.3665 0.3583
12.6221 0.3669 0.3603
12.6402 0.3672 0.3623
12.6583 0.3675 0.3642
12.6764 0.3678 0.3661
12.6945 0.3680 0.3680
12.7126 0.3682 0.3697
12.7307 0.3683 0.3713
12.7488 0.3684 0.3729
12.7669 0.3684 0.3743
12.7850 0.3683 0.3756
12.8032 0.3681 0.3767
12.8213 0.3679 0.3778
12.8394 0.3675 0.3787
12.8575 0.3671 0.3795
12.8756 0.3666 0.3801
12.8937 0.3660 0.3806
12.9118 0.3653 0.3810
12.9299 0.3646 0.3812
12.9480 0.3638 0.3813
12.9661 0.3629 0.3813
12.9843 0.3620 0.3812
13.0024 0.3610 0.3810
13.0205 0.3599 0.3806
13.0386 0.3588 0.3801
13.0567 0.3577 0.3794
13.0748 0.3566 0.3787
13.0929 0.3554 0.3778
13.1110 0.3543 0.3768
13.1291 0.3532 0.3757
13.1472 0.3521 0.3744
13.1653 0.3510 0.3730
13.1835 0.3499 0.3715
13.2016 0.3490 0.3699
13.2197 0.3480 0.3682
13.2378 0.3471 0.3663
13.2559 0.3462 0.3643
13.2740 0.3454 0.3622
13.2921 0.3447 0.3600
13.3102 0.3439 0.3577
13.3283 0.3432 0.3553
13.3464 0.3425 0.3529
13.3645 0.3418 0.3503
13.3827 0.3411 0.3477
13.4008 0.3404 0.3450
13.4189 0.3396 0.3423
13.4370 0.3388 0.3395
13.4551 0.3380 0.3367
13.4732 0.3371 0.3339
13.4913 0.3361 0.3310
13.5094 0.3350 0.3281
13.5275 0.3339 0.3252
13.5456 0.3327 0.3223
13.5637 0.3315 0.3193
13.5819 0.3302 0.3164
13.6000 0.3288 0.3135
13.6181 0.3273 0.3106
13.6362 0.3258 0.3078
13.6543 0.3243 0.3049
13.6724 0.3226 0.3022
13.6905 0.3210 0.2994
13.7086 0.3193 0.2967
13.7267 0.3176 0.2941
13.7448 0.3158 0.2915
13.7629 0.3140 0.2890
13.7811 0.3122 0.2866
13.7992 0.3103 0.2842
13.8173 0.3085 0.2819
13.8354 0.3066 0.2796
13.8535 0.3046 0.2774
13.8716 0.3027 0.2752
13.8897 0.3008 0.2731
13.9078 0.2988 0.2710
13.9259 0.2968 0.2689
13.9440 0.2948 0.2668
13.9621 0.2928 0.2648
13.9803 0.2908 0.2628
13.9984 0.2887 0.2608
14.0165 0.2867 0.2588
14.0346 0.2847 0.2568
14.0527 0.2826 0.2547
14.0708 0.2806 0.2527
14.0889 0.2785 0.2507
14.1070 0.2765 0.2486
14.1251 0.2745 0.2465
14.1432 0.2725 0.2444
14.1613 0.2704 0.2423
14.1795 0.2684 0.2402
14.1976 0.2664 0.2380
14.2157 0.2644 0.2358
14.2338 0.2623 0.2336
14.2519 0.2603 0.2313
14.2700 0.2582 0.2291
14.2881 0.2562 0.2268
14.3062 0.2541 0.2244
14.3243 0.2520 0.2221
14.3424 0.2499 0.2198
14.3605 0.2477 0.2174
14.3787 0.2456 0.2150
14.3968 0.2434 0.2126
14.4149 0.2412 0.2102
14.4330 0.2390 0.2078
14.4511 0.2367 0.2054
14.4692 0.2345 0.2031
14.4873 0.2322 0.2007
14.5054 0.2299 0.1984
14.5235 0.2276 0.1961
14.5416 0.2253 0.1938
14.5597 0.2229 0.1915
14.5779 0.2206 0.1893
14.5960 0.2182 0.1871
14.6141 0.2158 0.1849
14.6322 0.2135 0.1828
14.6503 0.2111 0.1808
14.6684 0.2087 0.1787
14.6865 0.2063 0.1768
14.7046 0.2038 0.1748
14.7227 0.2014 0.1729
14.7408 0.1990 0.1711
14.7589 0.1966 0.1693
14.7771 0.1942 0.1675
14.7952 0.1919 0.1658
14.8133 0.1895 0.1641
14.8314 0.1872 0.1624
14.8495 0.1848 0.1608
14.8676 0.1826 0.1592
14.8857 0.1803 0.1576
14.9038 0.1781 0.1560
14.9219 0.1758 0.1545
14.9400 0.1737 0.1529
14.9581 0.1715 0.1513
14.9763 0.1694 0.1498
14.9944 0.1673 0.1482
15.0125 0.1652 0.1467
15.0306 0.1632 0.1452
15.0487 0.1611 0.1436
15.0668 0.1591 0.1421
15.0849 0.1571 0.1405
15.1030 0.1551 0.1390
15.1211 0.1531 0.1375
15.1392 0.1511 0.1359
15.1573 0.1491 0.1344
15.1755 0.1472 0.1329
15.1936 0.1452 0.1314
15.2117 0.1432 0.1299
15.2298 0.1412 0.1285
15.2479 0.1393 0.1270
15.2660 0.1373 0.1256
15.2841 0.1354 0.1242
15.3022 0.1334 0.1228
15.3203 0.1315 0.1214
15.3384 0.1296 0.1199
15.3565 0.1277 0.1185
15.3747 0.1258 0.1171
15.3928 0.1239 0.1157
15.4109 0.1220 0.1143
15.4290 0.1202 0.1129
15.4471 0.1184 0.1115
15.4652 0.1166 0.1101
15.4833 0.1148 0.1086
15.5014 0.1130 0.1072
15.5195 0.1113 0.1057
15.5376 0.1096 0.1043
15.5557 0.1078 0.1028
15.5739 0.1062 0.1013
15.5920 0.1045 0.0998
15.6101 0.1028 0.0983
15.6282 0.1012 0.0968
15.6463 0.0996 0.0953
15.6644 0.0980 0.0938
15.6825 0.0964 0.0924
15.7006 0.0949 0.0909
15.7187 0.0933 0.0894
15.7368 0.0918 0.0879
15.7549 0.0903 0.0865
15.7731 0.0889 0.0850
15.7912 0.0874 0.0836
15.8093 0.0860 0.0822
15.8274 0.0846 0.0808
15.8455 0.0833 0.0795
15.8636 0.0819 0.0781
15.8817 0.0806 0.0768
15.8998 0.0793 0.0756
15.9179 0.0781 0.0743
15.9360 0.0769 0.0731
15.9541 0.0756 0.0719
15.9723 0.0745 0.0707
15.9904 0.0733 0.0696
16.0085 0.0722 0.0685
16.0266 0.0711 0.0674
16.0447 0.0700 0.0664
16.0628 0.0689 0.0654
16.0809 0.0678 0.0644
16.0990 0.0668 0.0634
16.1171 0.0658 0.0625
16.1352 0.0648 0.0616
16.1533 0.0638 0.0607
16.1715 0.0628 0.0598
16.1896 0.0618 0.0589
16.2077 0.0608 0.0581
16.2258 0.0599 0.0573
16.2439 0.0589 0.0564
16.2620 0.0580 0.0556
16.2801 0.0571 0.0549
16.2982 0.0561 0.0541
16.3163 0.0552 0.0533
16.3344 0.0543 0.0526
16.3525 0.0535 0.0518
16.3707 0.0526 0.0511
16.3888 0.0517 0.0503
16.4069 0.0509 0.0496
16.4250 0.0500 0.0489
16.4431 0.0492 0.0482
16.4612 0.0484 0.0475
16.4793 0.0476 0.0468
16.4974 0.0468 0.0462
16.5155 0.0460 0.0455
16.5336 0.0453 0.0449
16.5517 0.0445 0.0442
16.5699 0.0438 0.0436
16.5880 0.0431 0.0430
16.6061 0.0424 0.0424
16.6242 0.0417 0.0418
16.6423 0.0410 0.0412
16.6604 0.0404 0.0407
16.6785 0.0397 0.0402
16.6966 0.0391 0.0396
16.7147 0.0385 0.0391
16.7328 0.0379 0.0386
16.7510 0.0373 0.0382
16.7691 0.0367 0.0377
16.7872 0.0361 0.0373
16.8053 0.0356 0.0369
16.8234 0.0351 0.0364
16.8415 0.0346 0.0360
16.8596 0.0341 0.0357
16.8777 0.0336 0.0353
16.8958 0.0331 0.0349
16.9139 0.0327 0.0346
16.9320 0.0322 0.0342
16.9502 0.0318 0.0339
16.9683 0.0314 0.0336
16.9864 0.0310 0.0333
17.0045 0.0306 0.0330
17.0226 0.0302 0.0326
17.0407 0.0298 0.0323
17.0588 0.0295 0.0320
17.0769 0.0291 0.0317
17.0950 0.0288 0.0314
17.1131 0.0284 0.0311
17.1312 0.0281 0.0308
17.1494 0.0278 0.0305
17.1675 0.0275 0.0302
17.1856 0.0271 0.0299
17.2037 0.0268 0.0295
17.2218 0.0265 0.0292
17.2399 0.0262 0.0289
17.2580 0.0260 0.0286
17.2761 0.0257 0.0283
17.2942 0.0254 0.0279
17.3123 0.0251 0.0276
17.3304 0.0248 0.0273
17.3486 0.0246 0.0270
17.3667 0.0243 0.0267
17.3848 0.0240 0.0264
17.4029 0.0238 0.0260
17.4210 0.0235 0.0257
17.4391 0.0233 0.0254
17.4572 0.0230 0.0251
17.4753 0.0228 0.0249
17.4934 0.0225 0.0246
17.5115 0.0223 0.0243
17.5296 0.0221 0.0240
17.5478 0.0218 0.0238
17.5659 0.0216 0.0235
17.5840 0.0214 0.0232
17.6021 0.0212 0.0230
17.6202 0.0210 0.0227
17.6383 0.0207 0.0225
17.6564 0.0205 0.0223
17.6745 0.0203 0.0220
17.6926 0.0201 0.0218
17.7107 0.0199 0.0216
17.7288 0.0197 0.0214
17.7470 0.0195 0.0212
17.7651 0.0193 0.0210
17.7832 0.0191 0.0208
17.8013 0.0189 0.0206
17.8194 0.0188 0.0204
17.8375 0.0186 0.0202
17.8556 0.0184 0.0200
17.8737 0.0182 0.0198
17.8918 0.0180 0.0196
17.9099 0.0179 0.0193
17.9280 0.0177 0.0191
17.9462 0.0175 0.0189
17.9643 0.0173 0.0187
17.9824 0.0172 0.0185
18.0005 0.0170 0.0182
18.0186 0.0168 0.0180
18.0367 0.0166 0.0178
18.0548 0.0165 0.0176
18.0729 0.0163 0.0174
18.0910 0.0161 0.0171
18.1091 0.0160 0.0169
18.1272 0.0158 0.0167
18.1454 0.0156 0.0165
18.1635 0.0155 0.0163
18.1816 0.0153 0.0161
18.1997 0.0152 0.0159
18.2178 0.0150 0.0157
18.2359 0.0149 0.0155
18.2540 0.0148 0.0154
18.2721 0.0146 0.0152
18.2902 0.0145 0.0150
18.3083 0.0144 0.0149
18.3264 0.0142 0.0147
18.3446 0.0141 0.0146
18.3627 0.0140 0.0144
18.3808 0.0139 0.0143
18.3989 0.0138 0.0141
18.4170 0.0136 0.0140
18.4351 0.0135 0.0138
18.4532 0.0134 0.0137
18.4713 0.0133 0.0135
18.4894 0.0132 0.0134
18.5075 0.0130 0.0133
18.5256 0.0129 0.0131
18.5438 0.0128 0.0130
18.5619 0.0127 0.0129
18.5800 0.0126 0.0128
18.5981 0.0125 0.0126
18.6162 0.0124 0.0125
18.6343 0.0123 0.0124
18.6524 0.0122 0.0123
18.6705 0.0121 0.0122
18.6886 0.0120 0.0121
18.7067 0.0119 0.0120
18.7248 0.0118 0.0119
18.7430 0.0117 0.0118
18.7611 0.0116 0.0117
18.7792 0.0116 0.0116
18.7973 0.0115 0.0115
18.8154 0.0114 0.0114
18.8335 0.0113 0.0113
18.8516 0.0112 0.0112
18.8697 0.0112 0.0111
18.8878 0.0111 0.0110
18.9059 0.0110 0.0109
18.9240 0.0109 0.0108
18.9422 0.0108 0.0107
18.9603 0.0107 0.0106
18.9784 0.0106 0.0105
18.9965 0.0106 0.0104
19.0146 0.0105 0.0103
19.0327 0.0104 0.0102
19.0508 0.0103 0.0101
19.0689 0.0102 0.0100
19.0870 0.0101 0.0099
19.1051 0.0100 0.0098
19.1232 0.0099 0.0097
19.1414 0.0098 0.0097
19.1595 0.0097 0.0096
19.1776 0.0096 0.0095
19.1957 0.0095 0.0094
19.2138 0.0094 0.0093
19.2319 0.0093 0.0092
19.2500 0.0092 0.0091
19.2681 0.0091 0.0091
19.2862 0.0090 0.0090
19.3043 0.0090 0.0089
19.3224 0.0089 0.0088
19.3406 0.0088 0.0088
19.3587 0.0087 0.0087
19.3768 0.0087 0.0086
19.3949 0.0086 0.0086
19.4130 0.0085 0.0085
19.4311 0.0085 0.0084
19.4492 0.0084 0.0084
19.4673 0.0083 0.0083
19.4854 0.0083 0.0082
19.5035 0.0082 0.0082
19.5216 0.0081 0.0081
19.5398 0.0081 0.0080
19.5579 0.0080 0.0080
19.5760 0.0079 0.0079
19.5941 0.0079 0.0079
19.6122 0.0078 0.0078
19.6303 0.0077 0.0077
19.6484 0.0077 0.0077
19.6665 0.0076 0.0076
19.6846 0.0075 0.0075
19.7027 0.0075 0.0074
19.7208 0.0074 0.0074
19.7390 0.0073 0.0073
19.7571 0.0073 0.0072
19.7752 0.0072 0.0072
19.7933 0.0072 0.0071
19.8114 0.0071 0.0070
19.8295 0.0071 0.0070
19.8476 0.0070 0.0069
19.8657 0.0069 0.0068
19.8838 0.0069 0.0068
19.9019 0.0068 0.0067
19.9200 0.0068 0.0067
19.9382 0.0067 0.0066
19.9563 0.0067 0.0066
19.9744 0.0066 0.0065
19.9925 0.0066 0.0065
20.0106 0.0066 0.0064
20.0287 0.0065 0.0064
20.0468 0.0065 0.0063
20.0649 0.0064 0.0063
20.0830 0.0064 0.0063
20.1011 0.0064 0.0062
20.1192 0.0063 0.0062
20.1374 0.0063 0.0062
20.1555 0.0063 0.0061
20.1736 0.0062 0.0061
20.1917 0.0062 0.0061
20.2098 0.0062 0.0060
20.2279 0.0061 0.0060
20.2460 0.0061 0.0060
20.2641 0.0061 0.0060
20.2822 0.0061 0.0059
20.3003 0.0060 0.0059
20.3184 0.0060 0.0059
20.3366 0.0060 0.0059
20.3547 0.0060 0.0059
20.3728 0.0059 0.0059
20.3909 0.0059 0.0058
20.4090 0.0059 0.0058
20.4271 0.0058 0.0058
20.4452 0.0058 0.0058
20.4633 0.0058 0.0058
20.4814 0.0058 0.0058
20.4995 0.0057 0.0058
20.5177 0.0057 0.0058
20.5358 0.0057 0.0057
20.5539 0.0056 0.0057
20.5720 0.0056 0.0057
20.5901 0.0056 0.0057
20.6082 0.0055 0.0057
20.6263 0.0055 0.0056
20.6444 0.0054 0.0056
20.6625 0.0054 0.0056
20.6806 0.0054 0.0056
20.6987 0.0053 0.0055
20.7169 0.0053 0.0055
20.7350 0.0052 0.0055
20.7531 0.0052 0.0054
20.7712 0.0052 0.0054
20.7893 0.0051 0.0054
20.8074 0.0051 0.0053
20.8255 0.0051 0.0053
20.8436 0.0050 0.0052
20.8617 0.0050 0.0052
20.8798 0.0050 0.0051
20.8979 0.0050 0.0051
20.9161 0.0049 0.0050
20.9342 0.0049 0.0049
20.9523 0.0049 0.0049
20.9704 0.0049 0.0048
20.9885 0.0049 0.0048
21.0066 0.0048 0.0047
21.0247 0.0048 0.0047
21.0428 0.0048 0.0046
21.0609 0.0048 0.0046
21.0790 0.0048 0.0045
21.0971 0.0048 0.0045
21.1153 0.0048 0.0044
21.1334 0.0048 0.0044
21.1515 0.0048 0.0043
21.1696 0.0048 0.0043
21.1877 0.0047 0.0042
21.2058 0.0047 0.0042
21.2239 0.0047 0.0042
21.2420 0.0047 0.0041
21.2601 0.0047 0.0041
21.2782 0.0047 0.0041
21.2963 0.0046 0.0040
21.3145 0.0046 0.0040
21.3326 0.0046 0.0040
21.3507 0.0046 0.0039
21.3688 0.0046 0.0039
21.3869 0.0046 0.0039
21.4050 0.0045 0.0038
21.4231 0.0045 0.0038
21.4412 0.0045 0.0038
21.4593 0.0045 0.0038
21.4774 0.0045 0.0037
21.4955 0.0045 0.0037
21.5137 0.0045 0.0037
21.5318 0.0045 0.0036
21.5499 0.0044 0.0036
21.5680 0.0044 0.0036
21.5861 0.0044 0.0036
21.6042 0.0044 0.0036
21.6223 0.0044 0.0035
21.6404 0.0044 0.0035
21.6585 0.0044 0.0035
21.6766 0.0044 0.0035
21.6947 0.0043 0.0034
21.7129 0.0043 0.0034
21.7310 0.0043 0.0034
21.7491 0.0043 0.0034
21.7672 0.0043 0.0033
21.7853 0.0043 0.0033
21.8034 0.0042 0.0033
21.8215 0.0042 0.0033
21.8396 0.0042 0.0032
21.8577 0.0042 0.0032
21.8758 0.0042 0.0032
21.8939 0.0041 0.0032
21.9121 0.0041 0.0032
21.9302 0.0041 0.0032
21.9483 0.0041 0.0031
21.9664 0.0040 0.0031
21.9845 0.0040 0.0031
22.0026 0.0040 0.0031
22.0207 0.0040 0.0031
22.0388 0.0039 0.0031
22.0569 0.0039 0.0031
22.0750 0.0039 0.0031
22.0931 0.0038 0.0030
22.1113 0.0038 0.0030
22.1294 0.0038 0.0030
22.1475 0.0038 0.0030
22.1656 0.0037 0.0030
22.1837 0.0037 0.0030
22.2018 0.0037 0.0030
22.2199 0.0036 0.0030
22.2380 0.0036 0.0030
22.2561 0.0036 0.0030
22.2742 0.0036 0.0030
22.2923 0.0036 0.0030
22.3105 0.0035 0.0029
22.3286 0.0035 0.0029
22.3467 0.0035 0.0029
22.3648 0.0035 0.0029
22.3829 0.0035 0.0029
22.4010 0.0035 0.0029
22.4191 0.0035 0.0029
22.4372 0.0035 0.0029
22.4553 0.0035 0.0029
22.4734 0.0035 0.0029
22.4915 0.0035 0.0029
22.5097 0.0035 0.0028
22.5278 0.0035 0.0028
22.5459 0.0035 0.0028
22.5640 0.0035 0.0028
22.5821 0.0035 0.0028
22.6002 0.0035 0.0028
22.6183 0.0035 0.0028
22.6364 0.0035 0.0028
22.6545 0.0035 0.0027
22.6726 0.0035 0.0027
22.6907 0.0035 0.0027
22.7089 0.0035 0.0027
22.7270 0.0035 0.0027
22.7451 0.0034 0.0027
22.7632 0.0034 0.0027
22.7813 0.0034 0.0027
22.7994 0.0034 0.0027
22.8175 0.0034 0.0027
22.8356 0.0034 0.0027
22.8537 0.0034 0.0027
22.8718 0.0034 0.0027
22.8899 0.0034 0.0027
22.9081 0.0034 0.0027
22.9262 0.0034 0.0027
22.9443 0.0034 0.0027
22.9624 0.0034 0.0027
22.9805 0.0034 0.0027
22.9986 0.0035 0.0027
23.0167 0.0035 0.0027
23.0348 0.0035 0.0027
23.0529 0.0035 0.0027
23.0710 0.0035 0.0027
23.0891 0.0035 0.0027
23.1073 0.0035 0.0027
23.1254 0.0036 0.0027
23.1435 0.0036 0.0028
23.1616 0.0036 0.0028
23.1797 0.0036 0.0028
23.1978 0.0036 0.0028
23.2159 0.0037 0.0028
23.2340 0.0037 0.0028
23.2521 0.0037 0.0028
23.2702 0.0037 0.0028
23.2883 0.0037 0.0029
23.3065 0.0037 0.0029
23.3246 0.0037 0.0029
23.3427 0.0038 0.0029
23.3608 0.0038 0.0029
23.3789 0.0038 0.0029
23.3970 0.0038 0.0030
23.4151 0.0038 0.0030
23.4332 0.0038 0.0030
23.4513 0.0038 0.0030
23.4694 0.0038 0.0030
23.4875 0.0038 0.0030
23.5057 0.0038 0.0031
23.5238 0.0038 0.0031
23.5419 0.0038 0.0031
23.5600 0.0038 0.0031
23.5781 0.0038 0.0031
23.5962 0.0038 0.0032
23.6143 0.0038 0.0032
23.6324 0.0038 0.0032
23.6505 0.0038 0.0032
23.6686 0.0038 0.0032
23.6867 0.0038 0.0033
23.7049 0.0038 0.0033
23.7230 0.0038 0.0033
23.7411 0.0038 0.0033
23.7592 0.0038 0.0033
23.7773 0.0038 0.0034
23.7954 0.0038 0.0034
23.8135 0.0038 0.0034
23.8316 0.0038 0.0034
23.8497 0.0038 0.0034
23.8678 0.0038 0.0034
23.8859 0.0038 0.0034
23.9041 0.0038 0.0035
23.9222 0.0038 0.0035
23.9403 0.0038 0.0035
23.9584 0.0038 0.0035
23.9765 0.0037 0.0035
23.9946 0.0037 0.0035
24.0127 0.0037 0.0035
24.0308 0.0037 0.0035
24.0489 0.0037 0.0035
24.0670 0.0037 0.0035
24.0851 0.0037 0.0035
24.1033 0.0037 0.0034
24.1214 0.0036 0.0034
24.1395 0.0036 0.0034
24.1576 0.0036 0.0034
24.1757 0.0036 0.0034
24.1938 0.0036 0.0034
24.2119 0.0035 0.0034
24.2300 0.0035 0.0033
24.2481 0.0035 0.0033
24.2662 0.0035 0.0033
24.2844 0.0034 0.0033
24.3025 0.0034 0.0032
24.3206 0.0034 0.0032
24.3387 0.0034 0.0032
24.3568 0.0033 0.0032
24.3749 0.0033 0.0031
24.3930 0.0033 0.0031
24.4111 0.0032 0.0031
24.4292 0.0032 0.0030
24.4473 0.0032 0.0030
24.4654 0.0031 0.0029
24.4836 0.0031 0.0029
24.5017 0.0030 0.0029
24.5198 0.0030 0.0028
24.5379 0.0030 0.0028
24.5560 0.0029 0.0027
24.5741 0.0029 0.0027
24.5922 0.0028 0.0027
24.6103 0.0028 0.0026
24.6284 0.0027 0.0026
24.6465 0.0027 0.0025
24.6646 0.0026 0.0025
24.6828 0.0026 0.0024
24.7009 0.0025 0.0024
24.7190 0.0025 0.0023
24.7371 0.0024 0.0023
24.7552 0.0024 0.0023
24.7733 0.0023 0.0022
24.7914 0.0023 0.0022
24.8095 0.0022 0.0021
24.8276 0.0022 0.0021
24.8457 0.0021 0.0020
24.8638 0.0021 0.0020
24.8820 0.0020 0.0020
24.9001 0.0020 0.0019
24.9182 0.0020 0.0019
24.9363 0.0019 0.0018
24.9544 0.0019 0.0018
24.9725 0.0018 0.0018
24.9906 0.0018 0.0017
25.0087 0.0018 0.0017
25.0268 0.0017 0.0017
25.0449 0.0017 0.0016
25.0630 0.0017 0.0016
25.0812 0.0017 0.0016
25.0993 0.0016 0.0015
25.1174 0.0016 0.0015
25.1355 0.0016 0.0015
25.1536 0.0016 0.0014
25.1717 0.0016 0.0014
25.1898 0.0015 0.0014
25.2079 0.0015 0.0014
25.2260 0.0015 0.0013
25.2441 0.0015 0.0013
25.2622 0.0015 0.0013
25.2804 0.0015 0.0013
25.2985 0.0015 0.0013
25.3166 0.0015 0.0012
25.3347 0.0015 0.0012
25.3528 0.0015 0.0012
25.3709 0.0015 0.0012
25.3890 0.0015 0.0012
25.4071 0.0015 0.0012
25.4252 0.0015 0.0012
25.4433 0.0015 0.0012
25.4614 0.0016 0.0011
25.4796 0.0016 0.0011
25.4977 0.0016 0.0011
25.5158 0.0016 0.0011
25.5339 0.0016 0.0011
25.5520 0.0016 0.0011
25.5701 0.0016 0.0011
25.5882 0.0016 0.0011
25.6063 0.0016 0.0011
25.6244 0.0016 0.0011
25.6425 0.0016 0.0011
25.6606 0.0016 0.0011
25.6788 0.0016 0.0011
25.6969 0.0015 0.0011
25.7150 0.0015 0.0011
25.7331 0.0015 0.0011
25.7512 0.0015 0.0011
25.7693 0.0015 0.0011
25.7874 0.0014 0.0011
25.8055 0.0014 0.0011
25.8236 0.0014 0.0011
25.8417 0.0014 0.0011
25.8598 0.0014 0.0011
25.8780 0.0013 0.0011
25.8961 0.0013 0.0011
25.9142 0.0013 0.0011
25.9323 0.0013 0.0012
25.9504 0.0013 0.0012
25.9685 0.0013 0.0012
25.9866 0.0013 0.0012
26.0047 0.0013 0.0012
26.0228 0.0013 0.0012
26.0409 0.0013 0.0012
26.0590 0.0013 0.0012
26.0772 0.0013 0.0012
26.0953 0.0013 0.0012
26.1134 0.0013 0.0012
26.1315 0.0013 0.0012
26.1496 0.0013 0.0012
26.1677 0.0013 0.0012
26.1858 0.0013 0.0012
26.2039 0.0012 0.0012
26.2220 0.0012 0.0012
26.2401 0.0012 0.0012
26.2582 0.0012 0.0012
26.2764 0.0012 0.0012
26.2945 0.0012 0.0012
26.3126 0.0012 0.0012
26.3307 0.0012 0.0012
26.3488 0.0012 0.0012
26.3669 0.0012 0.0012
26.3850 0.0012 0.0012
26.4031 0.0012 0.0012
26.4212 0.0011 0.0012
26.4393 0.0011 0.0012
26.4574 0.0011 0.0012
26.4756 0.0011 0.0012
26.4937 0.0011 0.0011
26.5118 0.0011 0.0011
26.5299 0.0010 0.0011
26.5480 0.0010 0.0011
26.5661 0.0010 0.0011
26.5842 0.0010 0.0011
26.6023 0.0010 0.0010
26.6204 0.0009 0.0010
26.6385 0.0009 0.0010
26.6566 0.0009 0.0010
26.6748 0.0009 0.0010
26.6929 0.0009 0.0009
26.7110 0.0008 0.0009
26.7291 0.0008 0.0009
26.7472 0.0008 0.0009
26.7653 0.0008 0.0009
26.7834 0.0008 0.0008
26.8015 0.0007 0.0008
26.8196 0.0007 0.0008
26.8377 0.0007 0.0008
26.8558 0.0007 0.0007
26.8740 0.0007 0.0007
26.8921 0.0007 0.0007
26.9102 0.0007 0.0007
26.9283 0.0006 0.0007
26.9464 0.0006 0.0007
26.9645 0.0006 0.0006
26.9826 0.0006 0.0006
27.0007 0.0006 0.0006
27.0188 0.0006 0.0006
27.0369 0.0006 0.0006
27.0550 0.0006 0.0006
27.0732 0.0006 0.0005
27.0913 0.0006 0.0005
27.1094 0.0006 0.0005
27.1275 0.0006 0.0005
27.1456 0.0005 0.0005
27.1637 0.0005 0.0005
27.1818 0.0005 0.0005
27.1999 0.0005 0.0005
27.2180 0.0005 0.0004
27.2361 0.0005 0.0004
27.2542 0.0005 0.0004
27.2724 0.0005 0.0004
27.2905 0.0005 0.0004
27.3086 0.0005 0.0004
27.3267 0.0005 0.0004
27.3448 0.0004 0.0004
27.3629 0.0004 0.0004
27.3810 0.0004 0.0004
27.3991 0.0004 0.0004
27.4172 0.0004 0.0004
27.4353 0.0004 0.0004
27.4534 0.0004 0.0004
27.4716 0.0004 0.0004
27.4897 0.0004 0.0003
27.5078 0.0004 0.0003
27.5259 0.0004 0.0003
27.5440 0.0003 0.0003
27.5621 0.0003 0.0003
27.5802 0.0003 0.0003
27.5983 0.0003 0.0003
27.6164 0.0003 0.0003
27.6345 0.0003 0.0003
27.6526 0.0003 0.0003
27.6708 0.0003 0.0003
27.6889 0.0003 0.0003
27.7070 0.0003 0.0003
27.7251 0.0003 0.0003
27.7432 0.0003 0.0003
27.7613 0.0003 0.0003
27.7794 0.0003 0.0003
27.7975 0.0003 0.0003
27.8156 0.0003 0.0003
27.8337 0.0003 0.0003
27.8519 0.0003 0.0003
27.8700 0.0003 0.0003
27.8881 0.0003 0.0003
27.9062 0.0003 0.0003
27.9243 0.0003 0.0003
27.9424 0.0002 0.0003
27.9605 0.0002 0.0003
27.9786 0.0002 0.0003
27.9967 0.0002 0.0003
28.0148 0.0002 0.0003
28.0329 0.0002 0.0003
28.0511 0.0002 0.0003
28.0692 0.0002 0.0003
28.0873 0.0002 0.0003
28.1054 0.0002 0.0003
28.1235 0.0002 0.0002
28.1416 0.0002 0.0002
28.1597 0.0002 0.0002
28.1778 0.0002 0.0002
28.1959 0.0002 0.0002
28.2140 0.0002 0.0002
28.2321 0.0002 0.0002
28.2503 0.0002 0.0002
28.2684 0.0002 0.0002
28.2865 0.0002 0.0002
28.3046 0.0002 0.0002
28.3227 0.0002 0.0002
28.3408 0.0002 0.0002
28.3589 0.0002 0.0002
28.3770 0.0002 0.0002
28.3951 0.0002 0.0002
28.4132 0.0002 0.0002
28.4313 0.0002 0.0002
28.4495 0.0002 0.0002
28.4676 0.0002 0.0002
28.4857 0.0002 0.0002
28.5038 0.0002 0.0002
28.5219 0.0002 0.0002
28.5400 0.0002 0.0002
28.5581 0.0002 0.0002
28.5762 0.0002 0.0002
28.5943 0.0001 0.0002
28.6124 0.0001 0.0002
28.6305 0.0001 0.0001
28.6487 0.0001 0.0001
28.6668 0.0001 0.0001
28.6849 0.0001 0.0001
28.7030 0.0001 0.0001
28.7211 0.0001 0.0001
28.7392 0.0001 0.0001
28.7573 0.0001 0.0001
28.7754 0.0001 0.0001
28.7935 0.0001 0.0001
28.8116 0.0001 0.0001
28.8297 0.0001 0.0001
28.8479 0.0001 0.0001
28.8660 0.0001 0.0001
28.8841 0.0001 0.0001
28.9022 0.0001 0.0001
28.9203 0.0001 0.0001
28.9384 0.0001 0.0001
28.9565 0.0001 0.0001
28.9746 0.0001 0.0001
28.9927 0.0001 0.0001
29.0108 0.0001 0.0001
29.0289 0.0001 0.0001
29.0471 0.0001 0.0001
29.0652 0.0001 0.0001
29.0833 0.0001 0.0001
29.1014 0.0001 0.0001
29.1195 0.0001 0.0001
29.1376 0.0001 0.0001
29.1557 0.0001 0.0001
29.1738 0.0001 0.0001
29.1919 0.0001 0.0001
29.2100 0.0001 0.0001
29.2281 0.0001 0.0001
29.2463 0.0001 0.0001
29.2644 0.0001 0.0001
29.2825 0.0001 0.0001
29.3006 0.0001 0.0001
29.3187 0.0001 0.0001
29.3368 0.0001 0.0001
29.3549 0.0001 0.0001
29.3730 0.0001 0.0001
29.3911 0.0001 0.0001
29.4092 0.0001 0.0001
29.4273 0.0001 0.0001
29.4455 0.0001 0.0001
29.4636 0.0001 0.0001
29.4817 0.0001 0.0001
29.4998 0.0001 0.0001
29.5179 0.0001 0.0001
29.5360 0.0001 0.0001
29.5541 0.0001 0.0001
29.5722 0.0001 0.0001
29.5903 0.0001 0.0001
29.6084 0.0001 0.0001
29.6265 0.0001 0.0001
29.6447 0.0001 0.0001
29.6628 0.0001 0.0001
29.6809 0.0001 0.0001
29.6990 0.0001 0.0001
29.7171 0.0001 0.0001
29.7352 0.0001 0.0001
29.7533 0.0001 0.0001
29.7714 0.0001 0.0001
29.7895 0.0001 0.0001
29.8076 0.0001 0.0001
29.8257 0.0001 0.0001
29.8439 0.0001 0.0001
29.8620 0.0001 0.0001
29.8801 0.0001 0.0001
29.8982 0.0001 0.0001
29.9163 0.0001 0.0001
29.9344 0.0001 0.0001
29.9525 0.0001 0.0001
29.9706 0.0001 0.0001
29.9887 0.0001 0.0001
30.0068 0.0001 0.0001
30.0249 0.0001 0.0001
30.0431 0.0001 0.0001
30.0612 0.0001 0.0001
30.0793 0.0001 0.0001
30.0974 0.0001 0.0001
30.1155 0.0001 0.0001
30.1336 0.0001 0.0001
30.1517 0.0001 0.0001
30.1698 0.0001 0.0001
30.1879 0.0001 0.0001
30.2060 0.0001 0.0001
30.2241 0.0001 0.0001
30.2423 0.0001 0.0001
30.2604 0.0001 0.0001
30.2785 0.0001 0.0001
30.2966 0.0001 0.0001
30.3147 0.0001 0.0001
30.3328 0.0001 0.0001
30.3509 0.0001 0.0001
30.3690 0.0001 0.0000
30.3871 0.0001 0.0000
30.4052 0.0001 0.0000
30.4233 0.0001 0.0000
30.4415 0.0001 0.0000
30.4596 0.0001 0.0000
30.4777 0.0001 0.0000
30.4958 0.0000 0.0000
30.5139 0.0000 0.0000
30.5320 0.0000 0.0000
30.5501 0.0000 0.0000
30.5682 0.0000 0.0000
30.5863 0.0000 0.0000
30.6044 0.0000 0.0000
30.6225 0.0000 0.0000
30.6407 0.0000 0.0000
30.6588 0.0000 0.0000
30.6769 0.0000 0.0000
30.6950 0.0000 0.0000
30.7131 0.0000 0.0000
30.7312 0.0000 0.0000
30.7493 0.0000 0.0000
30.7674 0.0000 0.0000
30.7855 0.0000 0.0000
30.8036 0.0000 0.0000
30.8217 0.0000 0.0000
30.8399 0.0000 0.0000
30.8580 0.0000 0.0000
30.8761 0.0000 0.0000
30.8942 0.0000 0.0000
30.9123 0.0000 0.0000
30.9304 0.0000 0.0000
30.9485 0.0000 0.0000
30.9666 0.0000 0.0000
30.9847 0.0000 0.0000
31.0028 0.0000 0.0000
31.0209 0.0000 0.0000
31.0391 0.0000 0.0000
31.0572 0.0000 0.0000
31.0753 0.0000 0.0000
31.0934 0.0000 0.0000
31.1115 0.0000 0.0000
31.1296 0.0000 0.0000
31.1477 0.0000 0.0000
31.1658 0.0000 0.0000
31.1839 0.0000 0.0000
31.2020 0.0000 0.0000
31.2201 0.0000 0.0000
31.2383 0.0000 0.0000
31.2564 0.0000 0.0000
31.2745 0.0000 0.0000
31.2926 0.0000 0.0000
31.3107 0.0000 0.0000
31.3288 0.0000 0.0000
31.3469 0.0000 0.0000
31.3650 0.0000 0.0000
31.3831 0.0000 0.0000
31.4012 0.0000 0.0000
31.4193 0.0000 0.0000
31.4375 0.0000 0.0000
31.4556 0.0000 0.0000
31.4737 0.0000 0.0000
31.4918 0.0000 0.0000
31.5099 0.0000 0.0000
31.5280 0.0000 0.0000
31.5461 0.0000 0.0000
31.5642 0.0000 0.0000
31.5823 0.0000 0.0000
31.6004 0.0000 0.0000
31.6186 0.0000 0.0000
31.6367 0.0000 0.0000
31.6548 0.0000 0.0000
31.6729 0.0000 0.0000
31.6910 0.0000 0.0000
31.7091 0.0000 0.0000
31.7272 0.0000 0.0000
31.7453 0.0000 0.0000
31.7634 0.0000 0.0000
31.7815 0.0000 0.0000
31.7996 0.0000 0.0000
31.8178 0.0000 0.0000
31.8359 0.0000 0.0000
31.8540 0.0000 0.0000
31.8721 0.0000 0.0000
31.8902 0.0000 0.0000
31.9083 0.0000 0.0000
31.9264 0.0000 0.0000
31.9445 0.0000 0.0000
31.9626 0.0000 0.0000
31.9807 0.0000 0.0000
31.9988 0.0000 0.0000
32.0170 0.0000 0.0000
32.0351 0.0000 0.0000
32.0532 0.0000 0.0000
32.0713 0.0000 0.0000
32.0894 0.0000 0.0000
32.1075 0.0000 0.0000
32.1256 0.0000 0.0000
32.1437 0.0000 0.0000
32.1618 0.0000 0.0000
32.1799 0.0000 0.0000
32.1980 0.0000 0.0000
32.2162 0.0000 0.0000
32.2343 0.0000 0.0000
32.2524 0.0000 0.0000
32.2705 0.0000 0.0000
32.2886 0.0000 0.0000
32.3067 0.0000 0.0000
32.3248 0.0000 0.0000
32.3429 0.0000 0.0000
32.3610 0.0000 0.0000
32.3791 0.0000 0.0000
32.3972 0.0000 0.0000
32.4154 0.0000 0.0000
32.4335 0.0000 0.0000
32.4516 0.0000 0.0000
32.4697 0.0000 0.0000
32.4878 0.0000 0.0000
32.5059 0.0000 0.0000
32.5240 0.0000 0.0000
32.5421 0.0000 0.0000
32.5602 0.0000 0.0000
32.5783 0.0000 0.0000
32.5964 0.0000 0.0000
32.6146 0.0000 0.0000
32.6327 0.0000 0.0000
32.6508 0.0000 0.0000
32.6689 0.0000 0.0000
32.6870 0.0000 0.0000
32.7051 0.0000 0.0000
32.7232 0.0000 0.0000
32.7413 0.0000 0.0000
32.7594 0.0000 0.0000
32.7775 0.0000 0.0000
32.7956 0.0000 0.0000
32.8138 0.0000 0.0000
32.8319 0.0000 0.0000
32.8500 0.0000 0.0000
32.8681 0.0000 0.0000
32.8862 0.0000 0.0000
32.9043 0.0000 0.0000
32.9224 0.0000 0.0000
32.9405 0.0000 0.0000
32.9586 0.0000 0.0000
32.9767 0.0000 0.0000
32.9948 0.0000 0.0000
33.0130 0.0000 0.0000
33.0311 0.0000 0.0000
33.0492 0.0000 0.0000
33.0673 0.0000 0.0000
33.0854 0.0000 0.0000
33.1035 0.0000 0.0000
33.1216 0.0000 0.0000
33.1397 0.0000 0.0000
33.1578 0.0000 0.0000
33.1759 0.0000 0.0000
33.1940 0.0000 0.0000
33.2122 0.0000 0.0000
33.2303 0.0000 0.0000
33.2484 0.0000 0.0000
33.2665 0.0000 0.0000
33.2846 0.0000 0.0000
33.3027 0.0000 0.0000
33.3208 0.0000 0.0000
33.3389 0.0000 0.0000
33.3570 0.0000 0.0000
33.3751 0.0000 0.0000
33.3932 0.0000 0.0000
33.4114 0.0000 0.0000
33.4295 0.0000 0.0000
33.4476 0.0000 0.0000
33.4657 0.0000 0.0000
33.4838 0.0000 0.0000
33.5019 0.0000 0.0000
33.5200 0.0000 0.0000
33.5381 0.0000 0.0000
33.5562 0.0000 0.0000
33.5743 0.0000 0.0000
33.5924 0.0000 0.0000
33.6106 0.0000 0.0000
33.6287 0.0000 0.0000
33.6468 0.0000 0.0000
33.6649 0.0000 0.0000
33.6830 0.0000 0.0000
33.7011 0.0000 0.0000
33.7192 0.0000 0.0000
33.7373 0.0000 0.0000
33.7554 0.0000 0.0000
33.7735 0.0000 0.0000
33.7916 0.0000 0.0000
33.8098 0.0000 0.0000
33.8279 0.0000 0.0000
33.8460 0.0000 0.0000
33.8641 0.0000 0.0000
33.8822 0.0000 0.0000
33.9003 0.0000 0.0000
33.9184 0.0000 0.0000
33.9365 0.0000 0.0000
33.9546 0.0000 0.0000
33.9727 0.0000 0.0000
33.9908 0.0000 0.0000
34.0090 0.0000 0.0000
34.0271 0.0000 0.0000
34.0452 0.0000 0.0000
34.0633 0.0000 0.0000
34.0814 0.0000 0.0000
34.0995 0.0000 0.0000
34.1176 0.0000 0.0000
34.1357 0.0000 0.0000
34.1538 0.0000 0.0000
34.1719 0.0000 0.0000
34.1900 0.0000 0.0000
34.2082 0.0000 0.0000
34.2263 0.0000 0.0000
34.2444 0.0000 0.0000
34.2625 0.0000 0.0000
34.2806 0.0000 0.0000
34.2987 0.0000 0.0000
34.3168 0.0000 0.0000
34.3349 0.0000 0.0000
34.3530 0.0000 0.0000
34.3711 0.0000 0.0000
34.3892 0.0000 0.0000
34.4074 0.0000 0.0000
34.4255 0.0000 0.0000
34.4436 0.0000 0.0000
34.4617 0.0000 0.0000
34.4798 0.0000 0.0000
34.4979 0.0000 0.0000
34.5160 0.0000 0.0000
34.5341 0.0000 0.0000
34.5522 0.0000 0.0000
34.5703 0.0000 0.0000
34.5884 0.0000 0.0000
34.6066 0.0000 0.0000
34.6247 0.0000 0.0000
34.6428 0.0000 0.0000
34.6609 0.0000 0.0000
34.6790 0.0000 0.0000
34.6971 0.0000 0.0000
34.7152 0.0000 0.0000
34.7333 0.0000 0.0000
34.7514 0.0000 0.0000
34.7695 0.0000 0.0000
34.7876 0.0000 0.0000
34.8058 0.0000 0.0000
34.8239 0.0000 0.0000
34.8420 0.0000 0.0000
34.8601 0.0000 0.0000
34.8782 0.0000 0.0000
34.8963 0.0000 0.0000
34.9144 0.0000 0.0000
34.9325 0.0000 0.0000
34.9506 0.0000 0.0000
34.9687 0.0000 0.0000
34.9868 0.0000 0.0000
35.0050 0.0000 0.0000
35.0231 0.0000 0.0000
35.0412 0.0000 0.0000
35.0593 0.0000 0.0000
35.0774 0.0000 0.0000
35.0955 0.0000 0.0000
35.1136 0.0000 0.0000
35.1317 0.0000 0.0000
35.1498 0.0000 0.0000
35.1679 0.0000 0.0000
35.1860 0.0000 0.0000
35.2042 0.0000 0.0000
35.2223 0.0000 0.0000
35.2404 0.0000 0.0000
35.2585 0.0000 0.0000
35.2766 0.0000 0.0000
35.2947 0.0000 0.0000
35.3128 0.0000 0.0000
35.3309 0.0000 0.0000
35.3490 0.0000 0.0000
35.3671 0.0000 0.0000
35.3853 0.0000 0.0000
35.4034 0.0000 0.0000
35.4215 0.0000 0.0000
35.4396 0.0000 0.0000
35.4577 0.0000 0.0000
35.4758 0.0000 0.0000
35.4939 0.0000 0.0000
35.5120 0.0000 0.0000
35.5301 0.0000 0.0000
35.5482 0.0000 0.0000
35.5663 0.0000 0.0000
35.5845 0.0000 0.0000
35.6026 0.0000 0.0000
35.6207 0.0000 0.0000
35.6388 0.0000 0.0000
35.6569 0.0000 0.0000
35.6750 0.0000 0.0000
35.6931 0.0000 0.0000
35.7112 0.0000 0.0000
35.7293 0.0000 0.0000
35.7474 0.0000 0.0000
35.7655 0.0000 0.0000
35.7837 0.0000 0.0000
35.8018 0.0000 0.0000
35.8199 0.0000 0.0000
35.8380 0.0000 0.0000
35.8561 0.0000 0.0000
35.8742 0.0000 0.0000
35.8923 0.0000 0.0000
35.9104 0.0000 0.0000
35.9285 0.0000 0.0000
35.9466 0.0000 0.0000
35.9647 0.0000 0.0000
35.9829 0.0000 0.0000
36.0010 0.0000 0.0000
36.0191 0.0000 0.0000
36.0372 0.0000 0.0000
36.0553 0.0000 0.0000
36.0734 0.0000 0.0000
36.0915 0.0000 0.0000
36.1096 0.0000 0.0000
36.1277 0.0000 0.0000
36.1458 0.0000 0.0000
36.1639 0.0000 0.0000
36.1821 0.0000 0.0000
36.2002 0.0000 0.0000
