0.0000 0.0000 0.0000
0.0168 1.6362 0.8225
0.0337 3.2382 1.6320
0.0505 4.7736 2.4160
0.0673 6.2125 3.1629
0.0842 7.5290 3.8627
0.1010 8.7020 4.5072
0.1178 9.7161 5.0902
0.1347 10.5615 5.6074
0.1515 11.2345 6.0569
0.1683 11.7365 6.4389
0.1852 12.0742 6.7553
0.2020 12.2582 7.0096
0.2188 12.3026 7.2066
0.2357 12.2238 7.3521
0.2525 12.0397 7.4524
0.2693 11.7686 7.5140
0.2862 11.4286 7.5434
0.3030 11.0371 7.5469
0.3198 10.6100 7.5300
0.3367 10.1615 7.4979
0.3535 9.7039 7.4549
0.3703 9.2474 7.4043
0.3872 8.8005 7.3489
0.4040 8.3694 7.2906
0.4208 7.9589 7.2306
0.4377 7.5723 7.1695
0.4545 7.2116 7.1075
0.4713 6.8777 7.0442
0.4882 6.5706 6.9791
0.5050 6.2900 6.9113
0.5218 6.0347 6.8399
0.5387 5.8035 6.7641
0.5555 5.5948 6.6830
0.5723 5.4069 6.5957
0.5892 5.2383 6.5018
0.6060 5.0870 6.4009
0.6229 4.9516 6.2927
0.6397 4.8302 6.1774
0.6565 4.7214 6.0553
0.6734 4.6235 5.9269
0.6902 4.5353 5.7930
0.7070 4.4553 5.6545
0.7239 4.3824 5.5124
0.7407 4.3152 5.3680
0.7575 4.2530 5.2225
0.7744 4.1946 5.0772
0.7912 4.1393 4.9335
0.8080 4.0865 4.7924
0.8249 4.0356 4.6552
0.8417 3.9862 4.5229
0.8585 3.9380 4.3963
0.8754 3.8908 4.2762
0.8922 3.8444 4.1631
0.9090 3.7988 4.0574
0.9259 3.7540 3.9591
0.9427 3.7100 3.8683
0.9595 3.6670 3.7848
0.9764 3.6249 3.7082
0.9932 3.5838 3.6381
1.0100 3.5438 3.5740
1.0269 3.5050 3.5152
1.0437 3.4672 3.4611
1.0605 3.4306 3.4111
1.0774 3.3952 3.3644
1.0942 3.3608 3.3205
1.1110 3.3276 3.2789
1.1279 3.2953 3.2390
1.1447 3.2641 3.2004
1.1615 3.2338 3.1628
1.1784 3.2045 3.1260
1.1952 3.1760 3.0898
1.2120 3.1483 3.0542
1.2289 3.1213 3.0190
1.2457 3.0950 2.9844
1.2625 3.0693 2.9504
1.2794 3.0441 2.9171
1.2962 3.0193 2.8846
1.3130 2.9949 2.8531
1.3299 2.9707 2.8228
1.3467 2.9467 2.7936
1.3635 2.9228 2.7658
1.3804 2.8991 2.7394
1.3972 2.8753 2.7144
1.4140 2.8517 2.6908
1.4309 2.8282 2.6685
1.4477 2.8049 2.6475
1.4645 2.7818 2.6276
1.4814 2.7592 2.6087
1.4982 2.7371 2.5905
1.5150 2.7157 2.5728
1.5319 2.6952 2.5555
1.5487 2.6757 2.5383
1.5655 2.6572 2.5210
1.5824 2.6400 2.5034
1.5992 2.6240 2.4855
1.6160 2.6094 2.4671
1.6329 2.5960 2.4481
1.6497 2.5839 2.4285
1.6665 2.5729 2.4085
1.6834 2.5629 2.3879
1.7002 2.5537 2.3671
1.7170 2.5452 2.3461
1.7339 2.5372 2.3251
1.7507 2.5294 2.3043
1.7675 2.5217 2.2839
1.7844 2.5138 2.2641
1.8012 2.5057 2.2450
1.8181 2.4970 2.2269
1.8349 2.4878 2.2098
1.8517 2.4778 2.1939
1.8686 2.4671 2.1791
1.8854 2.4556 2.1655
1.9022 2.4433 2.1531
1.9191 2.4301 2.1417
1.9359 2.4161 2.1313
1.9527 2.4014 2.1218
1.9696 2.3860 2.1131
1.9864 2.3700 2.1050
2.0032 2.3535 2.0973
2.0201 2.3366 2.0900
2.0369 2.3194 2.0829
2.0537 2.3019 2.0760
2.0706 2.2843 2.0691
2.0874 2.2667 2.0621
2.1042 2.2491 2.0551
2.1211 2.2316 2.0480
2.1379 2.2142 2.0408
2.1547 2.1970 2.0334
2.1716 2.1799 2.0258
2.1884 2.1630 2.0180
2.2052 2.1462 2.0100
2.2221 2.1295 2.0017
2.2389 2.1129 1.9931
2.2557 2.0963 1.9843
2.2726 2.0798 1.9752
2.2894 2.0632 1.9657
2.3062 2.0466 1.9560
2.3231 2.0299 1.9459
2.3399 2.0133 1.9357
2.3567 1.9966 1.9252
2.3736 1.9800 1.9145
2.3904 1.9635 1.9038
2.4072 1.9471 1.8930
2.4241 1.9309 1.8823
2.4409 1.9149 1.8718
2.4577 1.8992 1.8614
2.4746 1.8838 1.8513
2.4914 1.8687 1.8414
2.5082 1.8539 1.8318
2.5251 1.8393 1.8225
2.5419 1.8251 1.8133
2.5587 1.8111 1.8042
2.5756 1.7972 1.7951
2.5924 1.7835 1.7858
2.6092 1.7698 1.7763
2.6261 1.7562 1.7664
2.6429 1.7426 1.7559
2.6597 1.7290 1.7447
2.6766 1.7154 1.7327
2.6934 1.7019 1.7197
2.7102 1.6883 1.7057
2.7271 1.6750 1.6906
2.7439 1.6618 1.6744
2.7607 1.6488 1.6572
2.7776 1.6362 1.6389
2.7944 1.6240 1.6198
2.8112 1.6123 1.5998
2.8281 1.6012 1.5793
2.8449 1.5906 1.5583
2.8617 1.5806 1.5371
2.8786 1.5712 1.5158
2.8954 1.5624 1.4946
2.9122 1.5540 1.4738
2.9291 1.5461 1.4535
2.9459 1.5385 1.4338
2.9627 1.5312 1.4150
2.9796 1.5238 1.3970
2.9964 1.5164 1.3800
3.0133 1.5088 1.3640
3.0301 1.5008 1.3489
3.0469 1.4922 1.3349
3.0638 1.4830 1.3217
3.0806 1.4731 1.3094
3.0974 1.4622 1.2979
3.1143 1.4505 1.2870
3.1311 1.4378 1.2766
3.1479 1.4242 1.2667
3.1648 1.4097 1.2570
3.1816 1.3943 1.2476
3.1984 1.3782 1.2383
3.2153 1.3615 1.2290
3.2321 1.3443 1.2198
3.2489 1.3268 1.2105
3.2658 1.3092 1.2011
3.2826 1.2917 1.1916
3.2994 1.2744 1.1820
3.3163 1.2576 1.1722
3.3331 1.2414 1.1624
3.3499 1.2259 1.1525
3.3668 1.2114 1.1425
3.3836 1.1979 1.1325
3.4004 1.1855 1.1223
3.4173 1.1742 1.1121
3.4341 1.1641 1.1018
3.4509 1.1551 1.0915
3.4678 1.1471 1.0810
3.4846 1.1402 1.0705
3.5014 1.1343 1.0600
3.5183 1.1291 1.0494
3.5351 1.1246 1.0388
3.5519 1.1206 1.0283
3.5688 1.1171 1.0179
3.5856 1.1138 1.0077
3.6024 1.1107 0.9977
3.6193 1.1075 0.9880
3.6361 1.1042 0.9788
3.6529 1.1006 0.9700
3.6698 1.0967 0.9617
3.6866 1.0924 0.9539
3.7034 1.0876 0.9468
3.7203 1.0822 0.9402
3.7371 1.0762 0.9343
3.7539 1.0697 0.9289
3.7708 1.0626 0.9240
3.7876 1.0549 0.9196
3.8044 1.0467 0.9156
3.8213 1.0380 0.9118
3.8381 1.0290 0.9083
3.8549 1.0196 0.9049
3.8718 1.0100 0.9015
3.8886 1.0003 0.8982
3.9054 0.9905 0.8947
3.9223 0.9809 0.8912
3.9391 0.9713 0.8874
3.9559 0.9621 0.8835
3.9728 0.9531 0.8794
3.9896 0.9446 0.8750
4.0064 0.9365 0.8705
4.0233 0.9289 0.8658
4.0401 0.9217 0.8609
4.0569 0.9151 0.8559
4.0738 0.9089 0.8507
4.0906 0.9031 0.8453
4.1074 0.8977 0.8398
4.1243 0.8927 0.8342
4.1411 0.8879 0.8284
4.1579 0.8832 0.8224
4.1748 0.8786 0.8162
4.1916 0.8740 0.8098
4.2085 0.8693 0.8033
4.2253 0.8644 0.7965
4.2421 0.8594 0.7895
4.2590 0.8540 0.7823
4.2758 0.8483 0.7749
4.2926 0.8423 0.7674
4.3095 0.8359 0.7597
4.3263 0.8292 0.7519
4.3431 0.8222 0.7440
4.3600 0.8149 0.7361
4.3768 0.8075 0.7282
4.3936 0.7998 0.7204
4.4105 0.7922 0.7127
4.4273 0.7845 0.7052
4.4441 0.7768 0.6978
4.4610 0.7693 0.6907
4.4778 0.7620 0.6839
4.4946 0.7550 0.6774
4.5115 0.7482 0.6712
4.5283 0.7418 0.6653
4.5451 0.7357 0.6599
4.5620 0.7300 0.6548
4.5788 0.7247 0.6501
4.5956 0.7197 0.6458
4.6125 0.7152 0.6419
4.6293 0.7110 0.6385
4.6461 0.7071 0.6354
4.6630 0.7036 0.6327
4.6798 0.7004 0.6304
4.6966 0.6975 0.6285
4.7135 0.6949 0.6268
4.7303 0.6925 0.6255
4.7471 0.6904 0.6245
4.7640 0.6885 0.6237
4.7808 0.6868 0.6231
4.7976 0.6853 0.6227
4.8145 0.6840 0.6224
4.8313 0.6828 0.6222
4.8481 0.6817 0.6220
4.8650 0.6808 0.6219
4.8818 0.6798 0.6218
4.8986 0.6789 0.6216
4.9155 0.6780 0.6213
4.9323 0.6771 0.6210
4.9491 0.6761 0.6206
4.9660 0.6750 0.6200
4.9828 0.6737 0.6193
4.9996 0.6723 0.6185
5.0165 0.6708 0.6175
5.0333 0.6690 0.6164
5.0501 0.6671 0.6152
5.0670 0.6649 0.6139
5.0838 0.6626 0.6125
5.1006 0.6601 0.6110
5.1175 0.6574 0.6094
5.1343 0.6546 0.6078
5.1511 0.6517 0.6062
5.1680 0.6487 0.6046
5.1848 0.6457 0.6030
5.2016 0.6426 0.6014
5.2185 0.6395 0.5999
5.2353 0.6364 0.5984
5.2521 0.6334 0.5970
5.2690 0.6305 0.5958
5.2858 0.6277 0.5946
5.3026 0.6249 0.5936
5.3195 0.6223 0.5927
5.3363 0.6197 0.5919
5.3531 0.6173 0.5913
5.3700 0.6150 0.5908
5.3868 0.6127 0.5905
5.4037 0.6106 0.5903
5.4205 0.6084 0.5901
5.4373 0.6064 0.5901
5.4542 0.6043 0.5901
5.4710 0.6022 0.5901
5.4878 0.6001 0.5901
5.5047 0.5979 0.5901
5.5215 0.5957 0.5900
5.5383 0.5933 0.5898
5.5552 0.5908 0.5894
5.5720 0.5881 0.5888
5.5888 0.5853 0.5881
5.6057 0.5822 0.5871
5.6225 0.5791 0.5858
5.6393 0.5757 0.5843
5.6562 0.5722 0.5826
5.6730 0.5685 0.5807
5.6898 0.5647 0.5785
5.7067 0.5608 0.5762
5.7235 0.5568 0.5737
5.7403 0.5528 0.5712
5.7572 0.5488 0.5685
5.7740 0.5449 0.5659
5.7908 0.5410 0.5633
5.8077 0.5373 0.5608
5.8245 0.5337 0.5584
5.8413 0.5303 0.5561
5.8582 0.5271 0.5541
5.8750 0.5241 0.5522
5.8918 0.5213 0.5505
5.9087 0.5189 0.5490
5.9255 0.5166 0.5478
5.9423 0.5147 0.5467
5.9592 0.5129 0.5457
5.9760 0.5114 0.5449
5.9928 0.5100 0.5442
6.0097 0.5089 0.5435
6.0265 0.5078 0.5428
6.0433 0.5069 0.5421
6.0602 0.5060 0.5414
6.0770 0.5051 0.5405
6.0938 0.5042 0.5395
6.1107 0.5032 0.5383
6.1275 0.5022 0.5369
6.1443 0.5010 0.5353
6.1612 0.4997 0.5335
6.1780 0.4982 0.5315
6.1948 0.4965 0.5293
6.2117 0.4947 0.5268
6.2285 0.4926 0.5242
6.2453 0.4903 0.5214
6.2622 0.4878 0.5185
6.2790 0.4852 0.5154
6.2958 0.4823 0.5122
6.3127 0.4794 0.5089
6.3295 0.4762 0.5055
6.3463 0.4730 0.5021
6.3632 0.4697 0.4986
6.3800 0.4664 0.4950
6.3968 0.4630 0.4914
6.4137 0.4597 0.4877
6.4305 0.4564 0.4840
6.4473 0.4531 0.4803
6.4642 0.4499 0.4765
6.4810 0.4469 0.4726
6.4978 0.4439 0.4688
6.5147 0.4411 0.4649
6.5315 0.4384 0.4609
6.5483 0.4358 0.4570
6.5652 0.4334 0.4531
6.5820 0.4311 0.4492
6.5989 0.4290 0.4453
6.6157 0.4270 0.4414
6.6325 0.4251 0.4376
6.6494 0.4234 0.4338
6.6662 0.4217 0.4301
6.6830 0.4201 0.4264
6.6999 0.4187 0.4228
6.7167 0.4173 0.4193
6.7335 0.4160 0.4158
6.7504 0.4147 0.4124
6.7672 0.4135 0.4091
6.7840 0.4123 0.4059
6.8009 0.4113 0.4028
6.8177 0.4102 0.3998
6.8345 0.4092 0.3969
6.8514 0.4083 0.3941
6.8682 0.4075 0.3914
6.8850 0.4067 0.3888
6.9019 0.4059 0.3864
6.9187 0.4053 0.3841
6.9355 0.4047 0.3819
6.9524 0.4041 0.3799
6.9692 0.4037 0.3780
6.9860 0.4032 0.3763
7.0029 0.4028 0.3747
7.0197 0.4024 0.3732
7.0365 0.4021 0.3718
7.0534 0.4017 0.3706
7.0702 0.4013 0.3695
7.0870 0.4009 0.3685
7.1039 0.4004 0.3675
7.1207 0.3999 0.3667
7.1375 0.3992 0.3659
7.1544 0.3985 0.3653
7.1712 0.3977 0.3646
7.1880 0.3968 0.3641
7.2049 0.3957 0.3636
7.2217 0.3946 0.3632
7.2385 0.3934 0.3629
7.2554 0.3920 0.3626
7.2722 0.3906 0.3624
7.2890 0.3892 0.3622
7.3059 0.3876 0.3621
7.3227 0.3860 0.3620
7.3395 0.3844 0.3619
7.3564 0.3828 0.3619
7.3732 0.3811 0.3619
7.3900 0.3794 0.3619
7.4069 0.3777 0.3619
7.4237 0.3759 0.3618
7.4405 0.3742 0.3618
7.4574 0.3725 0.3618
7.4742 0.3708 0.3617
7.4910 0.3691 0.3617
7.5079 0.3673 0.3616
7.5247 0.3656 0.3614
7.5415 0.3639 0.3613
7.5584 0.3622 0.3611
7.5752 0.3606 0.3609
7.5920 0.3589 0.3607
7.6089 0.3573 0.3606
7.6257 0.3557 0.3604
7.6425 0.3542 0.3603
7.6594 0.3528 0.3602
7.6762 0.3514 0.3602
7.6930 0.3501 0.3602
7.7099 0.3489 0.3603
7.7267 0.3478 0.3605
7.7435 0.3469 0.3607
7.7604 0.3461 0.3611
7.7772 0.3455 0.3615
7.7941 0.3450 0.3620
7.8109 0.3447 0.3626
7.8277 0.3447 0.3632
7.8446 0.3448 0.3639
7.8614 0.3451 0.3647
7.8782 0.3456 0.3656
7.8951 0.3463 0.3664
7.9119 0.3472 0.3673
7.9287 0.3483 0.3683
7.9456 0.3495 0.3693
7.9624 0.3509 0.3703
7.9792 0.3524 0.3713
7.9961 0.3540 0.3723
8.0129 0.3556 0.3732
8.0297 0.3573 0.3742
8.0466 0.3590 0.3751
8.0634 0.3607 0.3760
8.0802 0.3624 0.3767
8.0971 0.3641 0.3774
8.1139 0.3657 0.3780
8.1307 0.3673 0.3785
8.1476 0.3688 0.3789
8.1644 0.3702 0.3792
8.1812 0.3715 0.3793
8.1981 0.3728 0.3792
8.2149 0.3740 0.3791
8.2317 0.3751 0.3787
8.2486 0.3762 0.3783
8.2654 0.3771 0.3777
8.2822 0.3781 0.3770
8.2991 0.3789 0.3763
8.3159 0.3797 0.3754
8.3327 0.3804 0.3745
8.3496 0.3810 0.3736
8.3664 0.3816 0.3726
8.3832 0.3821 0.3717
8.4001 0.3825 0.3708
8.4169 0.3829 0.3700
8.4337 0.3832 0.3693
8.4506 0.3834 0.3687
8.4674 0.3836 0.3682
8.4842 0.3837 0.3679
8.5011 0.3837 0.3677
8.5179 0.3838 0.3676
8.5347 0.3837 0.3678
8.5516 0.3837 0.3680
8.5684 0.3836 0.3684
8.5852 0.3835 0.3690
8.6021 0.3834 0.3697
8.6189 0.3834 0.3705
8.6357 0.3834 0.3713
8.6526 0.3834 0.3723
8.6694 0.3835 0.3732
8.6862 0.3836 0.3742
8.7031 0.3839 0.3752
8.7199 0.3842 0.3762
8.7367 0.3845 0.3771
8.7536 0.3850 0.3780
8.7704 0.3855 0.3789
8.7872 0.3861 0.3796
8.8041 0.3867 0.3803
8.8209 0.3874 0.3809
8.8377 0.3882 0.3815
8.8546 0.3890 0.3819
8.8714 0.3899 0.3823
8.8882 0.3908 0.3827
8.9051 0.3916 0.3830
8.9219 0.3926 0.3833
8.9387 0.3935 0.3836
8.9556 0.3944 0.3838
8.9724 0.3953 0.3841
8.9892 0.3962 0.3844
9.0061 0.3971 0.3847
9.0229 0.3980 0.3851
9.0398 0.3988 0.3855
9.0566 0.3996 0.3859
9.0734 0.4004 0.3864
9.0903 0.4012 0.3869
9.1071 0.4019 0.3874
9.1239 0.4026 0.3880
9.1408 0.4033 0.3887
9.1576 0.4039 0.3893
9.1744 0.4045 0.3900
9.1913 0.4050 0.3908
9.2081 0.4055 0.3915
9.2249 0.4060 0.3923
9.2418 0.4065 0.3931
9.2586 0.4069 0.3939
9.2754 0.4073 0.3947
9.2923 0.4077 0.3956
9.3091 0.4080 0.3964
9.3259 0.4084 0.3972
9.3428 0.4087 0.3980
9.3596 0.4090 0.3988
9.3764 0.4094 0.3995
9.3933 0.4097 0.4002
9.4101 0.4101 0.4008
9.4269 0.4104 0.4014
9.4438 0.4107 0.4019
9.4606 0.4111 0.4023
9.4774 0.4114 0.4027
9.4943 0.4117 0.4029
9.5111 0.4120 0.4031
9.5279 0.4123 0.4032
9.5448 0.4126 0.4032
9.5616 0.4129 0.4032
9.5784 0.4131 0.4031
9.5953 0.4133 0.4029
9.6121 0.4135 0.4027
9.6289 0.4137 0.4024
9.6458 0.4138 0.4022
9.6626 0.4139 0.4019
9.6794 0.4139 0.4016
9.6963 0.4139 0.4014
9.7131 0.4138 0.4012
9.7299 0.4137 0.4010
9.7468 0.4136 0.4010
9.7636 0.4133 0.4010
9.7804 0.4131 0.4012
9.7973 0.4127 0.4015
9.8141 0.4124 0.4019
9.8309 0.4120 0.4024
9.8478 0.4115 0.4031
9.8646 0.4110 0.4039
9.8814 0.4105 0.4049
9.8983 0.4099 0.4061
9.9151 0.4093 0.4074
9.9319 0.4087 0.4088
9.9488 0.4081 0.4103
9.9656 0.4075 0.4120
9.9824 0.4069 0.4137
9.9993 0.4063 0.4155
10.0161 0.4057 0.4173
10.0329 0.4050 0.4191
10.0498 0.4044 0.4209
10.0666 0.4037 0.4227
10.0834 0.4030 0.4245
10.1003 0.4023 0.4261
10.1171 0.4016 0.4277
10.1339 0.4008 0.4291
10.1508 0.4001 0.4304
10.1676 0.3993 0.4315
10.1844 0.3984 0.4325
10.2013 0.3976 0.4334
10.2181 0.3968 0.4341
10.2350 0.3959 0.4346
10.2518 0.3951 0.4350
10.2686 0.3942 0.4353
10.2855 0.3934 0.4354
10.3023 0.3926 0.4355
10.3191 0.3918 0.4354
10.3360 0.3911 0.4352
10.3528 0.3904 0.4350
10.3696 0.3898 0.4347
10.3865 0.3893 0.4343
10.4033 0.3888 0.4339
10.4201 0.3884 0.4335
10.4370 0.3880 0.4330
10.4538 0.3878 0.4325
10.4706 0.3875 0.4320
10.4875 0.3874 0.4315
10.5043 0.3872 0.4310
10.5211 0.3871 0.4304
10.5380 0.3870 0.4298
10.5548 0.3869 0.4293
10.5716 0.3869 0.4287
10.5885 0.3868 0.4281
10.6053 0.3866 0.4275
10.6221 0.3865 0.4269
10.6390 0.3863 0.4263
10.6558 0.3860 0.4257
10.6726 0.3857 0.4252
10.6895 0.3854 0.4247
10.7063 0.3850 0.4243
10.7231 0.3845 0.4239
10.7400 0.3840 0.4236
10.7568 0.3835 0.4234
10.7736 0.3829 0.4233
10.7905 0.3823 0.4234
10.8073 0.3817 0.4235
10.8241 0.3810 0.4237
10.8410 0.3804 0.4241
10.8578 0.3798 0.4246
10.8746 0.3793 0.4252
10.8915 0.3787 0.4258
10.9083 0.3783 0.4266
10.9251 0.3779 0.4274
10.9420 0.3775 0.4283
10.9588 0.3773 0.4293
10.9756 0.3771 0.4303
10.9925 0.3771 0.4312
11.0093 0.3771 0.4322
11.0261 0.3773 0.4331
11.0430 0.3776 0.4339
11.0598 0.3780 0.4347
11.0766 0.3785 0.4354
11.0935 0.3791 0.4360
11.1103 0.3799 0.4364
11.1271 0.3808 0.4368
11.1440 0.3818 0.4370
11.1608 0.3829 0.4371
11.1776 0.3841 0.4371
11.1945 0.3854 0.4369
11.2113 0.3868 0.4367
11.2281 0.3883 0.4364
11.2450 0.3899 0.4360
11.2618 0.3915 0.4355
11.2786 0.3932 0.4350
11.2955 0.3950 0.4345
11.3123 0.3968 0.4340
11.3291 0.3987 0.4334
11.3460 0.4006 0.4329
11.3628 0.4024 0.4325
11.3796 0.4044 0.4320
11.3965 0.4063 0.4316
11.4133 0.4082 0.4313
11.4302 0.4101 0.4310
11.4470 0.4120 0.4307
11.4638 0.4138 0.4305
11.4807 0.4157 0.4304
11.4975 0.4175 0.4302
11.5143 0.4193 0.4301
11.5312 0.4210 0.4301
11.5480 0.4227 0.4300
11.5648 0.4243 0.4300
11.5817 0.4259 0.4301
11.5985 0.4274 0.4301
11.6153 0.4287 0.4302
11.6322 0.4300 0.4304
11.6490 0.4311 0.4306
11.6658 0.4321 0.4308
11.6827 0.4330 0.4310
11.6995 0.4338 0.4313
11.7163 0.4344 0.4316
11.7332 0.4348 0.4320
11.7500 0.4351 0.4324
11.7668 0.4353 0.4329
11.7837 0.4354 0.4333
11.8005 0.4353 0.4338
11.8173 0.4351 0.4343
11.8342 0.4349 0.4348
11.8510 0.4346 0.4352
11.8678 0.4342 0.4357
11.8847 0.4339 0.4361
11.9015 0.4335 0.4366
11.9183 0.4331 0.4370
11.9352 0.4327 0.4374
11.9520 0.4324 0.4377
11.9688 0.4321 0.4381
11.9857 0.4319 0.4385
12.0025 0.4318 0.4389
12.0193 0.4317 0.4393
12.0362 0.4318 0.4397
12.0530 0.4319 0.4402
12.0698 0.4322 0.4408
12.0867 0.4325 0.4414
12.1035 0.4330 0.4421
12.1203 0.4335 0.4428
12.1372 0.4342 0.4437
12.1540 0.4349 0.4446
12.1708 0.4357 0.4455
12.1877 0.4366 0.4465
12.2045 0.4376 0.4476
12.2213 0.4387 0.4487
12.2382 0.4398 0.4498
12.2550 0.4409 0.4509
12.2718 0.4422 0.4520
12.2887 0.4434 0.4530
12.3055 0.4447 0.4540
12.3223 0.4461 0.4549
12.3392 0.4475 0.4557
12.3560 0.4489 0.4565
12.3728 0.4503 0.4572
12.3897 0.4518 0.4577
12.4065 0.4533 0.4582
12.4233 0.4547 0.4586
12.4402 0.4562 0.4589
12.4570 0.4576 0.4592
12.4738 0.4590 0.4593
12.4907 0.4604 0.4594
12.5075 0.4617 0.4595
12.5243 0.4629 0.4595
12.5412 0.4640 0.4596
12.5580 0.4651 0.4596
12.5748 0.4660 0.4596
12.5917 0.4668 0.4597
12.6085 0.4675 0.4598
12.6254 0.4681 0.4599
12.6422 0.4685 0.4601
12.6590 0.4688 0.4603
12.6759 0.4690 0.4605
12.6927 0.4690 0.4608
12.7095 0.4690 0.4612
12.7264 0.4688 0.4615
12.7432 0.4686 0.4619
12.7600 0.4682 0.4623
12.7769 0.4678 0.4627
12.7937 0.4673 0.4631
12.8105 0.4668 0.4636
12.8274 0.4662 0.4640
12.8442 0.4656 0.4644
12.8610 0.4650 0.4648
12.8779 0.4643 0.4653
12.8947 0.4637 0.4657
12.9115 0.4630 0.4662
12.9284 0.4622 0.4667
12.9452 0.4614 0.4672
12.9620 0.4606 0.4678
12.9789 0.4597 0.4684
12.9957 0.4588 0.4690
13.0125 0.4578 0.4696
13.0294 0.4566 0.4703
13.0462 0.4554 0.4709
13.0630 0.4541 0.4715
13.0799 0.4526 0.4721
13.0967 0.4509 0.4726
13.1135 0.4492 0.4730
13.1304 0.4472 0.4732
13.1472 0.4452 0.4734
13.1640 0.4430 0.4733
13.1809 0.4407 0.4731
13.1977 0.4383 0.4727
13.2145 0.4358 0.4720
13.2314 0.4333 0.4711
13.2482 0.4307 0.4699
13.2650 0.4282 0.4685
13.2819 0.4256 0.4669
13.2987 0.4231 0.4650
13.3155 0.4207 0.4629
13.3324 0.4184 0.4605
13.3492 0.4161 0.4580
13.3660 0.4140 0.4553
13.3829 0.4120 0.4524
13.3997 0.4102 0.4494
13.4165 0.4084 0.4464
13.4334 0.4068 0.4432
13.4502 0.4053 0.4400
13.4670 0.4039 0.4368
13.4839 0.4027 0.4335
13.5007 0.4015 0.4303
13.5175 0.4003 0.4271
13.5344 0.3993 0.4240
13.5512 0.3983 0.4210
13.5680 0.3973 0.4180
13.5849 0.3963 0.4152
13.6017 0.3953 0.4124
13.6185 0.3943 0.4098
13.6354 0.3933 0.4073
13.6522 0.3922 0.4049
13.6690 0.3912 0.4026
13.6859 0.3901 0.4004
13.7027 0.3889 0.3983
13.7195 0.3877 0.3963
13.7364 0.3864 0.3943
13.7532 0.3850 0.3923
13.7700 0.3836 0.3903
13.7869 0.3821 0.3883
13.8037 0.3806 0.3863
13.8206 0.3789 0.3842
13.8374 0.3771 0.3820
13.8542 0.3752 0.3798
13.8711 0.3732 0.3774
13.8879 0.3711 0.3749
13.9047 0.3688 0.3723
13.9216 0.3664 0.3696
13.9384 0.3638 0.3667
13.9552 0.3611 0.3637
13.9721 0.3583 0.3607
13.9889 0.3553 0.3575
14.0057 0.3522 0.3542
14.0226 0.3489 0.3508
14.0394 0.3456 0.3474
14.0562 0.3421 0.3440
14.0731 0.3386 0.3405
14.0899 0.3350 0.3369
14.1067 0.3313 0.3334
14.1236 0.3277 0.3299
14.1404 0.3240 0.3264
14.1572 0.3203 0.3229
14.1741 0.3166 0.3195
14.1909 0.3130 0.3161
14.2077 0.3094 0.3127
14.2246 0.3058 0.3094
14.2414 0.3023 0.3061
14.2582 0.2988 0.3029
14.2751 0.2954 0.2997
14.2919 0.2921 0.2966
14.3087 0.2888 0.2935
14.3256 0.2855 0.2904
14.3424 0.2823 0.2873
14.3592 0.2791 0.2842
14.3761 0.2760 0.2811
14.3929 0.2729 0.2780
14.4097 0.2699 0.2749
14.4266 0.2669 0.2719
14.4434 0.2639 0.2688
14.4602 0.2611 0.2657
14.4771 0.2582 0.2627
14.4939 0.2554 0.2596
14.5107 0.2526 0.2566
14.5276 0.2499 0.2536
14.5444 0.2473 0.2507
14.5612 0.2447 0.2479
14.5781 0.2421 0.2451
14.5949 0.2396 0.2423
14.6117 0.2371 0.2397
14.6286 0.2347 0.2371
14.6454 0.2323 0.2347
14.6622 0.2299 0.2323
14.6791 0.2276 0.2301
14.6959 0.2254 0.2279
14.7127 0.2232 0.2258
14.7296 0.2211 0.2237
14.7464 0.2190 0.2218
14.7632 0.2169 0.2199
14.7801 0.2149 0.2180
14.7969 0.2129 0.2161
14.8137 0.2110 0.2143
14.8306 0.2090 0.2124
14.8474 0.2071 0.2105
14.8642 0.2052 0.2086
14.8811 0.2033 0.2067
14.8979 0.2013 0.2047
14.9147 0.1994 0.2026
14.9316 0.1974 0.2005
14.9484 0.1954 0.1984
14.9652 0.1934 0.1962
14.9821 0.1913 0.1939
14.9989 0.1891 0.1917
15.0158 0.1870 0.1894
15.0326 0.1848 0.1871
15.0494 0.1825 0.1848
15.0663 0.1802 0.1825
15.0831 0.1780 0.1802
15.0999 0.1756 0.1780
15.1168 0.1733 0.1757
15.1336 0.1710 0.1735
15.1504 0.1687 0.1713
15.1673 0.1663 0.1692
15.1841 0.1640 0.1671
15.2009 0.1616 0.1650
15.2178 0.1593 0.1630
15.2346 0.1569 0.1610
15.2514 0.1545 0.1591
15.2683 0.1522 0.1572
15.2851 0.1498 0.1553
15.3019 0.1474 0.1535
15.3188 0.1451 0.1517
15.3356 0.1427 0.1500
15.3524 0.1403 0.1482
15.3693 0.1380 0.1465
15.3861 0.1356 0.1448
15.4029 0.1333 0.1431
15.4198 0.1311 0.1414
15.4366 0.1288 0.1397
15.4534 0.1266 0.1380
15.4703 0.1245 0.1363
15.4871 0.1224 0.1346
15.5039 0.1204 0.1329
15.5208 0.1184 0.1312
15.5376 0.1166 0.1295
15.5544 0.1147 0.1277
15.5713 0.1130 0.1260
15.5881 0.1113 0.1243
15.6049 0.1096 0.1225
15.6218 0.1080 0.1208
15.6386 0.1064 0.1191
15.6554 0.1049 0.1174
15.6723 0.1034 0.1156
15.6891 0.1019 0.1139
15.7059 0.1004 0.1123
15.7228 0.0989 0.1106
15.7396 0.0975 0.1089
15.7564 0.0960 0.1073
15.7733 0.0946 0.1057
15.7901 0.0931 0.1041
15.8069 0.0917 0.1025
15.8238 0.0902 0.1010
15.8406 0.0888 0.0994
15.8574 0.0873 0.0979
15.8743 0.0859 0.0964
15.8911 0.0845 0.0950
15.9079 0.0832 0.0935
15.9248 0.0818 0.0921
15.9416 0.0805 0.0907
15.9584 0.0792 0.0893
15.9753 0.0780 0.0880
15.9921 0.0768 0.0866
16.0089 0.0756 0.0853
16.0258 0.0745 0.0840
16.0426 0.0734 0.0827
16.0594 0.0723 0.0815
16.0763 0.0713 0.0802
16.0931 0.0703 0.0790
16.1099 0.0694 0.0778
16.1268 0.0685 0.0766
16.1436 0.0676 0.0754
16.1604 0.0667 0.0742
16.1773 0.0659 0.0731
16.1941 0.0651 0.0719
16.2110 0.0643 0.0708
16.2278 0.0636 0.0697
16.2446 0.0628 0.0686
16.2615 0.0621 0.0675
16.2783 0.0613 0.0664
16.2951 0.0606 0.0653
16.3120 0.0599 0.0643
16.3288 0.0592 0.0632
16.3456 0.0586 0.0622
16.3625 0.0579 0.0611
16.3793 0.0572 0.0601
16.3961 0.0565 0.0591
16.4130 0.0559 0.0581
16.4298 0.0552 0.0572
16.4466 0.0545 0.0562
16.4635 0.0539 0.0553
16.4803 0.0532 0.0544
16.4971 0.0525 0.0535
16.5140 0.0519 0.0526
16.5308 0.0512 0.0517
16.5476 0.0505 0.0509
16.5645 0.0498 0.0501
16.5813 0.0492 0.0493
16.5981 0.0485 0.0485
16.6150 0.0478 0.0478
16.6318 0.0471 0.0470
16.6486 0.0464 0.0463
16.6655 0.0458 0.0456
16.6823 0.0451 0.0449
16.6991 0.0444 0.0443
16.7160 0.0438 0.0436
16.7328 0.0431 0.0430
16.7496 0.0424 0.0424
16.7665 0.0418 0.0418
16.7833 0.0411 0.0412
16.8001 0.0405 0.0406
16.8170 0.0399 0.0401
16.8338 0.0392 0.0395
16.8506 0.0386 0.0390
16.8675 0.0380 0.0385
16.8843 0.0374 0.0380
16.9011 0.0368 0.0375
16.9180 0.0362 0.0370
16.9348 0.0356 0.0365
16.9516 0.0351 0.0361
16.9685 0.0345 0.0356
16.9853 0.0340 0.0351
17.0021 0.0335 0.0347
17.0190 0.0330 0.0343
17.0358 0.0325 0.0338
17.0526 0.0321 0.0334
17.0695 0.0317 0.0330
17.0863 0.0312 0.0325
17.1031 0.0308 0.0321
17.1200 0.0304 0.0317
17.1368 0.0300 0.0313
17.1536 0.0297 0.0308
17.1705 0.0293 0.0304
17.1873 0.0289 0.0300
17.2041 0.0286 0.0295
17.2210 0.0283 0.0291
17.2378 0.0279 0.0286
17.2546 0.0276 0.0282
17.2715 0.0273 0.0278
17.2883 0.0270 0.0273
17.3051 0.0267 0.0269
17.3220 0.0264 0.0265
17.3388 0.0261 0.0261
17.3556 0.0258 0.0257
17.3725 0.0255 0.0253
17.3893 0.0252 0.0249
17.4062 0.0249 0.0246
17.4230 0.0247 0.0242
17.4398 0.0244 0.0239
17.4567 0.0241 0.0236
17.4735 0.0239 0.0233
17.4903 0.0236 0.0230
17.5072 0.0233 0.0228
17.5240 0.0231 0.0225
17.5408 0.0228 0.0223
17.5577 0.0225 0.0221
17.5745 0.0223 0.0219
17.5913 0.0220 0.0217
17.6082 0.0218 0.0215
17.6250 0.0215 0.0213
17.6418 0.0212 0.0211
17.6587 0.0210 0.0210
17.6755 0.0207 0.0208
17.6923 0.0204 0.0206
17.7092 0.0202 0.0205
17.7260 0.0199 0.0203
17.7428 0.0197 0.0201
17.7597 0.0194 0.0199
17.7765 0.0192 0.0197
17.7933 0.0189 0.0196
17.8102 0.0187 0.0194
17.8270 0.0185 0.0192
17.8438 0.0182 0.0190
17.8607 0.0180 0.0188
17.8775 0.0178 0.0186
17.8943 0.0176 0.0184
17.9112 0.0174 0.0182
17.9280 0.0172 0.0180
17.9448 0.0170 0.0178
17.9617 0.0169 0.0176
17.9785 0.0167 0.0174
17.9953 0.0165 0.0171
18.0122 0.0164 0.0169
18.0290 0.0162 0.0167
18.0458 0.0160 0.0165
18.0627 0.0159 0.0163
18.0795 0.0157 0.0161
18.0963 0.0156 0.0159
18.1132 0.0154 0.0157
18.1300 0.0153 0.0156
18.1468 0.0151 0.0154
18.1637 0.0150 0.0152
18.1805 0.0149 0.0150
18.1973 0.0147 0.0148
18.2142 0.0146 0.0147
18.2310 0.0145 0.0145
18.2478 0.0143 0.0143
18.2647 0.0142 0.0142
18.2815 0.0141 0.0140
18.2983 0.0139 0.0139
18.3152 0.0138 0.0138
18.3320 0.0137 0.0136
18.3488 0.0135 0.0135
18.3657 0.0134 0.0134
18.3825 0.0133 0.0133
18.3993 0.0132 0.0132
18.4162 0.0131 0.0131
18.4330 0.0130 0.0130
18.4498 0.0128 0.0129
18.4667 0.0127 0.0128
18.4835 0.0126 0.0127
18.5003 0.0125 0.0126
18.5172 0.0124 0.0125
18.5340 0.0123 0.0124
18.5508 0.0122 0.0124
18.5677 0.0121 0.0123
18.5845 0.0120 0.0122
18.6014 0.0119 0.0121
18.6182 0.0117 0.0120
18.6350 0.0116 0.0119
18.6519 0.0115 0.0118
18.6687 0.0114 0.0117
18.6855 0.0113 0.0117
18.7024 0.0112 0.0116
18.7192 0.0111 0.0115
18.7360 0.0110 0.0114
18.7529 0.0109 0.0113
18.7697 0.0108 0.0112
18.7865 0.0107 0.0112
18.8034 0.0106 0.0111
18.8202 0.0106 0.0110
18.8370 0.0105 0.0109
18.8539 0.0104 0.0108
18.8707 0.0103 0.0108
18.8875 0.0102 0.0107
18.9044 0.0101 0.0106
18.9212 0.0101 0.0105
18.9380 0.0100 0.0104
18.9549 0.0099 0.0104
18.9717 0.0098 0.0103
18.9885 0.0097 0.0102
19.0054 0.0097 0.0101
19.0222 0.0096 0.0100
19.0390 0.0095 0.0099
19.0559 0.0095 0.0099
19.0727 0.0094 0.0098
19.0895 0.0093 0.0097
19.1064 0.0093 0.0096
19.1232 0.0092 0.0095
19.1400 0.0091 0.0094
19.1569 0.0091 0.0093
19.1737 0.0090 0.0092
19.1905 0.0089 0.0091
19.2074 0.0089 0.0090
19.2242 0.0088 0.0089
19.2410 0.0087 0.0088
19.2579 0.0087 0.0087
19.2747 0.0086 0.0086
19.2915 0.0085 0.0085
19.3084 0.0084 0.0085
19.3252 0.0084 0.0084
19.3420 0.0083 0.0083
19.3589 0.0083 0.0082
19.3757 0.0082 0.0081
19.3925 0.0081 0.0081
19.4094 0.0081 0.0080
19.4262 0.0080 0.0079
19.4430 0.0079 0.0078
19.4599 0.0079 0.0078
19.4767 0.0078 0.0077
19.4935 0.0078 0.0076
19.5104 0.0077 0.0076
19.5272 0.0076 0.0075
19.5440 0.0076 0.0075
19.5609 0.0075 0.0074
19.5777 0.0075 0.0073
19.5945 0.0074 0.0073
19.6114 0.0074 0.0072
19.6282 0.0073 0.0072
19.6450 0.0073 0.0071
19.6619 0.0072 0.0071
19.6787 0.0071 0.0070
19.6955 0.0071 0.0070
19.7124 0.0070 0.0069
19.7292 0.0070 0.0069
19.7460 0.0069 0.0068
19.7629 0.0069 0.0068
19.7797 0.0068 0.0068
19.7966 0.0068 0.0067
19.8134 0.0067 0.0067
19.8302 0.0066 0.0066
19.8471 0.0066 0.0066
19.8639 0.0065 0.0065
19.8807 0.0065 0.0065
19.8976 0.0064 0.0064
19.9144 0.0064 0.0064
19.9312 0.0063 0.0064
19.9481 0.0063 0.0063
19.9649 0.0062 0.0063
19.9817 0.0062 0.0062
19.9986 0.0062 0.0062
20.0154 0.0061 0.0062
20.0322 0.0061 0.0061
20.0491 0.0060 0.0061
20.0659 0.0060 0.0061
20.0827 0.0060 0.0060
20.0996 0.0059 0.0060
20.1164 0.0059 0.0060
20.1332 0.0058 0.0059
20.1501 0.0058 0.0059
20.1669 0.0057 0.0059
20.1837 0.0057 0.0058
20.2006 0.0057 0.0058
20.2174 0.0056 0.0058
20.2342 0.0056 0.0057
20.2511 0.0055 0.0057
20.2679 0.0055 0.0057
20.2847 0.0055 0.0056
20.3016 0.0054 0.0056
20.3184 0.0054 0.0056
20.3352 0.0053 0.0055
20.3521 0.0053 0.0055
20.3689 0.0053 0.0055
20.3857 0.0052 0.0054
20.4026 0.0052 0.0054
20.4194 0.0052 0.0053
20.4362 0.0051 0.0053
20.4531 0.0051 0.0053
20.4699 0.0050 0.0052
20.4867 0.0050 0.0052
20.5036 0.0050 0.0052
20.5204 0.0050 0.0051
20.5372 0.0049 0.0051
20.5541 0.0049 0.0050
20.5709 0.0049 0.0050
20.5877 0.0048 0.0050
20.6046 0.0048 0.0049
20.6214 0.0048 0.0049
20.6382 0.0048 0.0048
20.6551 0.0047 0.0048
20.6719 0.0047 0.0048
20.6887 0.0047 0.0047
20.7056 0.0047 0.0047
20.7224 0.0046 0.0046
20.7392 0.0046 0.0046
20.7561 0.0046 0.0046
20.7729 0.0046 0.0045
20.7897 0.0046 0.0045
20.8066 0.0045 0.0044
20.8234 0.0045 0.0044
20.8402 0.0045 0.0044
20.8571 0.0045 0.0043
20.8739 0.0045 0.0043
20.8907 0.0044 0.0043
20.9076 0.0044 0.0042
20.9244 0.0044 0.0042
20.9412 0.0044 0.0042
20.9581 0.0043 0.0042
20.9749 0.0043 0.0041
20.9918 0.0043 0.0041
21.0086 0.0043 0.0041
21.0254 0.0042 0.0041
21.0423 0.0042 0.0041
21.0591 0.0042 0.0040
21.0759 0.0042 0.0040
21.0928 0.0041 0.0040
21.1096 0.0041 0.0040
21.1264 0.0041 0.0040
21.1433 0.0040 0.0039
21.1601 0.0040 0.0039
21.1769 0.0040 0.0039
21.1938 0.0040 0.0039
21.2106 0.0039 0.0039
21.2274 0.0039 0.0039
21.2443 0.0039 0.0038
21.2611 0.0038 0.0038
21.2779 0.0038 0.0038
21.2948 0.0038 0.0038
21.3116 0.0038 0.0038
21.3284 0.0037 0.0038
21.3453 0.0037 0.0038
21.3621 0.0037 0.0038
21.3789 0.0037 0.0037
21.3958 0.0036 0.0037
21.4126 0.0036 0.0037
21.4294 0.0036 0.0037
21.4463 0.0036 0.0037
21.4631 0.0036 0.0037
21.4799 0.0035 0.0037
21.4968 0.0035 0.0037
21.5136 0.0035 0.0037
21.5304 0.0035 0.0037
21.5473 0.0035 0.0036
21.5641 0.0035 0.0036
21.5809 0.0034 0.0036
21.5978 0.0034 0.0036
21.6146 0.0034 0.0036
21.6314 0.0034 0.0036
21.6483 0.0034 0.0036
21.6651 0.0034 0.0036
21.6819 0.0033 0.0036
21.6988 0.0033 0.0036
21.7156 0.0033 0.0036
21.7324 0.0033 0.0035
21.7493 0.0033 0.0035
21.7661 0.0033 0.0035
21.7829 0.0033 0.0035
21.7998 0.0032 0.0035
21.8166 0.0032 0.0035
21.8334 0.0032 0.0035
21.8503 0.0032 0.0034
21.8671 0.0032 0.0034
21.8839 0.0032 0.0034
21.9008 0.0032 0.0034
21.9176 0.0032 0.0034
21.9344 0.0032 0.0034
21.9513 0.0031 0.0033
21.9681 0.0031 0.0033
21.9849 0.0031 0.0033
22.0018 0.0031 0.0033
22.0186 0.0031 0.0033
22.0354 0.0031 0.0033
22.0523 0.0031 0.0032
22.0691 0.0031 0.0032
22.0859 0.0030 0.0032
22.1028 0.0030 0.0032
22.1196 0.0030 0.0032
22.1364 0.0030 0.0032
22.1533 0.0030 0.0031
22.1701 0.0030 0.0031
22.1870 0.0030 0.0031
22.2038 0.0030 0.0031
22.2206 0.0030 0.0031
22.2375 0.0029 0.0031
22.2543 0.0029 0.0030
22.2711 0.0029 0.0030
22.2880 0.0029 0.0030
22.3048 0.0029 0.0030
22.3216 0.0029 0.0030
22.3385 0.0029 0.0030
22.3553 0.0029 0.0029
22.3721 0.0029 0.0029
22.3890 0.0029 0.0029
22.4058 0.0028 0.0029
22.4226 0.0028 0.0029
22.4395 0.0028 0.0029
22.4563 0.0028 0.0029
22.4731 0.0028 0.0029
22.4900 0.0028 0.0028
22.5068 0.0028 0.0028
22.5236 0.0028 0.0028
22.5405 0.0028 0.0028
22.5573 0.0028 0.0028
22.5741 0.0027 0.0028
22.5910 0.0027 0.0028
22.6078 0.0027 0.0028
22.6246 0.0027 0.0028
22.6415 0.0027 0.0028
22.6583 0.0027 0.0028
22.6751 0.0027 0.0027
22.6920 0.0027 0.0027
22.7088 0.0027 0.0027
22.7256 0.0027 0.0027
22.7425 0.0026 0.0027
22.7593 0.0026 0.0027
22.7761 0.0026 0.0027
22.7930 0.0026 0.0027
22.8098 0.0026 0.0027
22.8266 0.0026 0.0027
22.8435 0.0026 0.0027
22.8603 0.0026 0.0027
22.8771 0.0026 0.0027
22.8940 0.0026 0.0027
22.9108 0.0026 0.0027
22.9276 0.0026 0.0027
22.9445 0.0026 0.0026
22.9613 0.0026 0.0026
22.9781 0.0026 0.0026
22.9950 0.0026 0.0026
23.0118 0.0026 0.0026
23.0286 0.0025 0.0026
23.0455 0.0025 0.0026
23.0623 0.0025 0.0026
23.0791 0.0025 0.0026
23.0960 0.0025 0.0026
23.1128 0.0025 0.0026
23.1296 0.0025 0.0026
23.1465 0.0025 0.0026
23.1633 0.0025 0.0026
23.1801 0.0025 0.0026
23.1970 0.0025 0.0026
23.2138 0.0025 0.0026
23.2306 0.0025 0.0026
23.2475 0.0025 0.0026
23.2643 0.0025 0.0025
23.2811 0.0025 0.0025
23.2980 0.0025 0.0025
23.3148 0.0025 0.0025
23.3316 0.0025 0.0025
23.3485 0.0025 0.0025
23.3653 0.0025 0.0025
23.3822 0.0025 0.0025
23.3990 0.0024 0.0025
23.4158 0.0024 0.0024
23.4327 0.0024 0.0024
23.4495 0.0024 0.0024
23.4663 0.0024 0.0024
23.4832 0.0024 0.0024
23.5000 0.0024 0.0024
23.5168 0.0024 0.0024
23.5337 0.0024 0.0024
23.5505 0.0024 0.0023
23.5673 0.0024 0.0023
23.5842 0.0024 0.0023
23.6010 0.0023 0.0023
23.6178 0.0023 0.0023
23.6347 0.0023 0.0023
23.6515 0.0023 0.0023
23.6683 0.0023 0.0023
23.6852 0.0023 0.0022
23.7020 0.0023 0.0022
23.7188 0.0023 0.0022
23.7357 0.0023 0.0022
23.7525 0.0022 0.0022
23.7693 0.0022 0.0022
23.7862 0.0022 0.0022
23.8030 0.0022 0.0022
23.8198 0.0022 0.0022
23.8367 0.0022 0.0021
23.8535 0.0022 0.0021
23.8703 0.0021 0.0021
23.8872 0.0021 0.0021
23.9040 0.0021 0.0021
23.9208 0.0021 0.0021
23.9377 0.0021 0.0021
23.9545 0.0021 0.0021
23.9713 0.0021 0.0021
23.9882 0.0020 0.0021
24.0050 0.0020 0.0020
24.0218 0.0020 0.0020
24.0387 0.0020 0.0020
24.0555 0.0020 0.0020
24.0723 0.0020 0.0020
24.0892 0.0019 0.0020
24.1060 0.0019 0.0020
24.1228 0.0019 0.0020
24.1397 0.0019 0.0020
24.1565 0.0019 0.0020
24.1733 0.0019 0.0020
24.1902 0.0018 0.0019
24.2070 0.0018 0.0019
24.2238 0.0018 0.0019
24.2407 0.0018 0.0019
24.2575 0.0018 0.0019
24.2743 0.0018 0.0019
24.2912 0.0017 0.0019
24.3080 0.0017 0.0019
24.3248 0.0017 0.0018
24.3417 0.0017 0.0018
24.3585 0.0017 0.0018
24.3753 0.0017 0.0018
24.3922 0.0017 0.0018
24.4090 0.0016 0.0018
24.4258 0.0016 0.0017
24.4427 0.0016 0.0017
24.4595 0.0016 0.0017
24.4763 0.0016 0.0017
24.4932 0.0016 0.0017
24.5100 0.0016 0.0017
24.5268 0.0015 0.0016
24.5437 0.0015 0.0016
24.5605 0.0015 0.0016
24.5774 0.0015 0.0016
24.5942 0.0015 0.0016
24.6110 0.0015 0.0016
24.6279 0.0015 0.0016
24.6447 0.0015 0.0015
24.6615 0.0014 0.0015
24.6784 0.0014 0.0015
24.6952 0.0014 0.0015
24.7120 0.0014 0.0015
24.7289 0.0014 0.0015
24.7457 0.0014 0.0015
24.7625 0.0014 0.0015
24.7794 0.0014 0.0015
24.7962 0.0014 0.0014
24.8130 0.0014 0.0014
24.8299 0.0013 0.0014
24.8467 0.0013 0.0014
24.8635 0.0013 0.0014
24.8804 0.0013 0.0014
24.8972 0.0013 0.0014
24.9140 0.0013 0.0014
24.9309 0.0013 0.0014
24.9477 0.0013 0.0014
24.9645 0.0013 0.0013
24.9814 0.0013 0.0013
24.9982 0.0013 0.0013
25.0150 0.0013 0.0013
25.0319 0.0013 0.0013
25.0487 0.0013 0.0013
25.0655 0.0012 0.0013
25.0824 0.0012 0.0013
25.0992 0.0012 0.0013
25.1160 0.0012 0.0013
25.1329 0.0012 0.0013
25.1497 0.0012 0.0013
25.1665 0.0012 0.0013
25.1834 0.0012 0.0013
25.2002 0.0012 0.0013
25.2170 0.0012 0.0013
25.2339 0.0012 0.0013
25.2507 0.0012 0.0012
25.2675 0.0012 0.0012
25.2844 0.0012 0.0012
25.3012 0.0012 0.0012
25.3180 0.0012 0.0012
25.3349 0.0012 0.0012
25.3517 0.0011 0.0012
25.3685 0.0011 0.0012
25.3854 0.0011 0.0012
25.4022 0.0011 0.0012
25.4190 0.0011 0.0012
25.4359 0.0011 0.0012
25.4527 0.0011 0.0012
25.4695 0.0011 0.0012
25.4864 0.0011 0.0012
25.5032 0.0011 0.0012
25.5200 0.0011 0.0012
25.5369 0.0011 0.0012
25.5537 0.0011 0.0012
25.5705 0.0011 0.0011
25.5874 0.0011 0.0011
25.6042 0.0011 0.0011
25.6210 0.0011 0.0011
25.6379 0.0011 0.0011
25.6547 0.0011 0.0011
25.6715 0.0011 0.0011
25.6884 0.0011 0.0011
25.7052 0.0011 0.0011
25.7220 0.0011 0.0011
25.7389 0.0011 0.0011
25.7557 0.0011 0.0011
25.7726 0.0010 0.0011
25.7894 0.0010 0.0011
25.8062 0.0010 0.0011
25.8231 0.0010 0.0011
25.8399 0.0010 0.0011
25.8567 0.0010 0.0010
25.8736 0.0010 0.0010
25.8904 0.0010 0.0010
25.9072 0.0010 0.0010
25.9241 0.0010 0.0010
25.9409 0.0010 0.0010
25.9577 0.0010 0.0010
25.9746 0.0010 0.0010
25.9914 0.0010 0.0010
26.0082 0.0010 0.0010
26.0251 0.0010 0.0010
26.0419 0.0010 0.0010
26.0587 0.0010 0.0010
26.0756 0.0009 0.0010
26.0924 0.0009 0.0010
26.1092 0.0009 0.0010
26.1261 0.0009 0.0009
26.1429 0.0009 0.0009
26.1597 0.0009 0.0009
26.1766 0.0009 0.0009
26.1934 0.0009 0.0009
26.2102 0.0009 0.0009
26.2271 0.0009 0.0009
26.2439 0.0009 0.0009
26.2607 0.0009 0.0009
26.2776 0.0009 0.0009
26.2944 0.0009 0.0009
26.3112 0.0009 0.0009
26.3281 0.0009 0.0009
26.3449 0.0009 0.0009
26.3617 0.0009 0.0009
26.3786 0.0009 0.0009
26.3954 0.0009 0.0009
26.4122 0.0009 0.0009
26.4291 0.0009 0.0009
26.4459 0.0009 0.0009
26.4627 0.0009 0.0009
26.4796 0.0009 0.0009
26.4964 0.0008 0.0009
26.5132 0.0008 0.0008
26.5301 0.0008 0.0008
26.5469 0.0008 0.0008
26.5637 0.0008 0.0008
26.5806 0.0008 0.0008
26.5974 0.0008 0.0008
26.6142 0.0008 0.0008
26.6311 0.0008 0.0008
26.6479 0.0008 0.0008
26.6647 0.0008 0.0008
26.6816 0.0008 0.0008
26.6984 0.0008 0.0008
26.7152 0.0008 0.0008
26.7321 0.0008 0.0008
26.7489 0.0008 0.0008
26.7657 0.0008 0.0008
26.7826 0.0008 0.0008
26.7994 0.0008 0.0008
26.8162 0.0008 0.0008
26.8331 0.0008 0.0008
26.8499 0.0008 0.0008
26.8667 0.0008 0.0008
26.8836 0.0008 0.0008
26.9004 0.0007 0.0008
26.9172 0.0007 0.0008
26.9341 0.0007 0.0007
26.9509 0.0007 0.0007
26.9677 0.0007 0.0007
26.9846 0.0007 0.0007
27.0014 0.0007 0.0007
27.0183 0.0007 0.0007
27.0351 0.0007 0.0007
27.0519 0.0007 0.0007
27.0688 0.0007 0.0007
27.0856 0.0007 0.0007
27.1024 0.0007 0.0007
27.1193 0.0007 0.0007
27.1361 0.0007 0.0007
27.1529 0.0007 0.0007
27.1698 0.0007 0.0007
27.1866 0.0007 0.0007
27.2034 0.0007 0.0007
27.2203 0.0007 0.0007
27.2371 0.0007 0.0007
27.2539 0.0007 0.0007
27.2708 0.0007 0.0007
27.2876 0.0007 0.0007
27.3044 0.0007 0.0007
27.3213 0.0006 0.0007
27.3381 0.0006 0.0006
27.3549 0.0006 0.0006
27.3718 0.0006 0.0006
27.3886 0.0006 0.0006
27.4054 0.0006 0.0006
27.4223 0.0006 0.0006
27.4391 0.0006 0.0006
27.4559 0.0006 0.0006
27.4728 0.0006 0.0006
27.4896 0.0006 0.0006
27.5064 0.0006 0.0006
27.5233 0.0006 0.0006
27.5401 0.0006 0.0006
27.5569 0.0006 0.0006
27.5738 0.0006 0.0006
27.5906 0.0006 0.0006
27.6074 0.0006 0.0006
27.6243 0.0006 0.0006
27.6411 0.0006 0.0006
27.6579 0.0006 0.0006
27.6748 0.0006 0.0006
27.6916 0.0006 0.0006
27.7084 0.0006 0.0006
27.7253 0.0006 0.0006
27.7421 0.0006 0.0006
27.7589 0.0006 0.0006
27.7758 0.0006 0.0006
27.7926 0.0005 0.0006
27.8094 0.0005 0.0005
27.8263 0.0005 0.0005
27.8431 0.0005 0.0005
27.8599 0.0005 0.0005
27.8768 0.0005 0.0005
27.8936 0.0005 0.0005
27.9104 0.0005 0.0005
27.9273 0.0005 0.0005
27.9441 0.0005 0.0005
27.9609 0.0005 0.0005
27.9778 0.0005 0.0005
27.9946 0.0005 0.0005
28.0114 0.0005 0.0005
28.0283 0.0005 0.0005
28.0451 0.0005 0.0005
28.0619 0.0005 0.0005
28.0788 0.0005 0.0005
28.0956 0.0005 0.0005
28.1124 0.0005 0.0005
28.1293 0.0005 0.0005
28.1461 0.0005 0.0005
28.1629 0.0005 0.0005
28.1798 0.0005 0.0005
28.1966 0.0005 0.0005
28.2135 0.0005 0.0005
28.2303 0.0005 0.0005
28.2471 0.0005 0.0005
28.2640 0.0005 0.0005
28.2808 0.0005 0.0005
28.2976 0.0005 0.0005
28.3145 0.0005 0.0005
28.3313 0.0005 0.0005
28.3481 0.0005 0.0005
28.3650 0.0005 0.0005
28.3818 0.0005 0.0005
28.3986 0.0005 0.0005
28.4155 0.0005 0.0005
28.4323 0.0005 0.0005
28.4491 0.0005 0.0005
28.4660 0.0005 0.0005
28.4828 0.0005 0.0005
28.4996 0.0005 0.0005
28.5165 0.0005 0.0005
28.5333 0.0005 0.0005
28.5501 0.0005 0.0005
28.5670 0.0005 0.0005
28.5838 0.0005 0.0005
28.6006 0.0005 0.0005
28.6175 0.0005 0.0005
28.6343 0.0005 0.0005
28.6511 0.0005 0.0005
28.6680 0.0005 0.0005
28.6848 0.0005 0.0005
28.7016 0.0005 0.0005
28.7185 0.0005 0.0005
28.7353 0.0005 0.0005
28.7521 0.0005 0.0005
28.7690 0.0005 0.0005
28.7858 0.0005 0.0005
28.8026 0.0005 0.0005
28.8195 0.0005 0.0005
28.8363 0.0004 0.0005
28.8531 0.0004 0.0005
28.8700 0.0004 0.0005
28.8868 0.0004 0.0005
28.9036 0.0004 0.0004
28.9205 0.0004 0.0004
28.9373 0.0004 0.0004
28.9541 0.0004 0.0004
28.9710 0.0004 0.0004
28.9878 0.0004 0.0004
29.0046 0.0004 0.0004
29.0215 0.0004 0.0004
29.0383 0.0004 0.0004
29.0551 0.0004 0.0004
29.0720 0.0004 0.0004
29.0888 0.0004 0.0004
29.1056 0.0004 0.0004
29.1225 0.0004 0.0004
29.1393 0.0004 0.0004
29.1561 0.0004 0.0004
29.1730 0.0004 0.0004
29.1898 0.0004 0.0004
29.2066 0.0004 0.0004
29.2235 0.0004 0.0004
29.2403 0.0004 0.0004
29.2571 0.0004 0.0004
29.2740 0.0004 0.0004
29.2908 0.0004 0.0004
29.3076 0.0004 0.0004
29.3245 0.0004 0.0004
29.3413 0.0004 0.0004
29.3581 0.0004 0.0004
29.3750 0.0004 0.0004
29.3918 0.0004 0.0004
29.4087 0.0004 0.0004
29.4255 0.0004 0.0004
29.4423 0.0004 0.0004
29.4592 0.0004 0.0004
29.4760 0.0004 0.0004
29.4928 0.0004 0.0004
29.5097 0.0004 0.0004
29.5265 0.0004 0.0004
29.5433 0.0004 0.0004
29.5602 0.0004 0.0004
29.5770 0.0004 0.0004
29.5938 0.0004 0.0004
29.6107 0.0004 0.0004
29.6275 0.0004 0.0004
29.6443 0.0004 0.0004
29.6612 0.0004 0.0004
29.6780 0.0004 0.0004
29.6948 0.0004 0.0004
29.7117 0.0004 0.0004
29.7285 0.0004 0.0004
29.7453 0.0004 0.0004
29.7622 0.0004 0.0004
29.7790 0.0004 0.0004
29.7958 0.0004 0.0004
29.8127 0.0004 0.0004
29.8295 0.0004 0.0004
29.8463 0.0004 0.0004
29.8632 0.0004 0.0004
29.8800 0.0004 0.0004
29.8968 0.0004 0.0004
29.9137 0.0004 0.0004
29.9305 0.0004 0.0004
29.9473 0.0004 0.0004
29.9642 0.0004 0.0004
29.9810 0.0004 0.0004
29.9978 0.0004 0.0004
30.0147 0.0004 0.0004
30.0315 0.0004 0.0004
30.0483 0.0004 0.0004
30.0652 0.0004 0.0004
30.0820 0.0004 0.0004
30.0988 0.0004 0.0004
30.1157 0.0004 0.0004
30.1325 0.0004 0.0004
30.1493 0.0004 0.0004
30.1662 0.0004 0.0004
30.1830 0.0004 0.0004
30.1998 0.0004 0.0004
30.2167 0.0004 0.0004
30.2335 0.0004 0.0004
30.2503 0.0004 0.0004
30.2672 0.0004 0.0004
30.2840 0.0004 0.0004
30.3008 0.0004 0.0004
30.3177 0.0004 0.0004
30.3345 0.0004 0.0004
30.3513 0.0004 0.0004
30.3682 0.0004 0.0004
30.3850 0.0004 0.0004
30.4018 0.0004 0.0004
30.4187 0.0004 0.0004
30.4355 0.0004 0.0004
30.4523 0.0004 0.0004
30.4692 0.0004 0.0004
30.4860 0.0004 0.0004
30.5028 0.0004 0.0004
30.5197 0.0004 0.0004
30.5365 0.0004 0.0004
30.5533 0.0004 0.0004
30.5702 0.0004 0.0004
30.5870 0.0004 0.0004
30.6039 0.0004 0.0004
30.6207 0.0004 0.0004
30.6375 0.0004 0.0004
30.6544 0.0004 0.0004
30.6712 0.0004 0.0004
30.6880 0.0004 0.0004
30.7049 0.0004 0.0004
30.7217 0.0004 0.0004
30.7385 0.0004 0.0004
30.7554 0.0004 0.0004
30.7722 0.0004 0.0004
30.7890 0.0004 0.0004
30.8059 0.0004 0.0004
30.8227 0.0004 0.0004
30.8395 0.0003 0.0004
30.8564 0.0003 0.0004
30.8732 0.0003 0.0004
30.8900 0.0003 0.0003
30.9069 0.0003 0.0003
30.9237 0.0003 0.0003
30.9405 0.0003 0.0003
30.9574 0.0003 0.0003
30.9742 0.0003 0.0003
30.9910 0.0003 0.0003
31.0079 0.0003 0.0003
31.0247 0.0003 0.0003
31.0415 0.0003 0.0003
31.0584 0.0003 0.0003
31.0752 0.0003 0.0003
31.0920 0.0003 0.0003
31.1089 0.0003 0.0003
31.1257 0.0003 0.0003
31.1425 0.0003 0.0003
31.1594 0.0003 0.0003
31.1762 0.0003 0.0003
31.1930 0.0003 0.0003
31.2099 0.0003 0.0003
31.2267 0.0003 0.0003
31.2435 0.0003 0.0003
31.2604 0.0003 0.0003
31.2772 0.0003 0.0003
31.2940 0.0003 0.0003
31.3109 0.0003 0.0003
31.3277 0.0003 0.0003
31.3445 0.0003 0.0003
31.3614 0.0003 0.0003
31.3782 0.0003 0.0003
31.3950 0.0003 0.0003
31.4119 0.0003 0.0003
31.4287 0.0003 0.0003
31.4455 0.0003 0.0003
31.4624 0.0003 0.0003
31.4792 0.0003 0.0003
31.4960 0.0003 0.0003
31.5129 0.0003 0.0003
31.5297 0.0003 0.0003
31.5465 0.0003 0.0003
31.5634 0.0003 0.0003
31.5802 0.0003 0.0003
31.5970 0.0003 0.0003
31.6139 0.0003 0.0003
31.6307 0.0003 0.0003
31.6475 0.0003 0.0003
31.6644 0.0003 0.0003
31.6812 0.0003 0.0003
31.6980 0.0003 0.0003
31.7149 0.0003 0.0003
31.7317 0.0003 0.0003
31.7485 0.0003 0.0003
31.7654 0.0003 0.0003
31.7822 0.0003 0.0003
31.7991 0.0003 0.0003
31.8159 0.0003 0.0003
31.8327 0.0003 0.0003
31.8496 0.0003 0.0003
31.8664 0.0003 0.0003
31.8832 0.0003 0.0003
31.9001 0.0003 0.0003
31.9169 0.0003 0.0003
31.9337 0.0003 0.0003
31.9506 0.0003 0.0003
31.9674 0.0003 0.0003
31.9842 0.0003 0.0003
32.0011 0.0003 0.0003
32.0179 0.0003 0.0003
32.0347 0.0003 0.0003
32.0516 0.0003 0.0003
32.0684 0.0003 0.0003
32.0852 0.0003 0.0003
32.1021 0.0003 0.0003
32.1189 0.0003 0.0003
32.1357 0.0003 0.0003
32.1526 0.0003 0.0003
32.1694 0.0003 0.0003
32.1862 0.0003 0.0003
32.2031 0.0003 0.0003
32.2199 0.0003 0.0003
32.2367 0.0003 0.0003
32.2536 0.0003 0.0003
32.2704 0.0003 0.0003
32.2872 0.0003 0.0003
32.3041 0.0003 0.0003
32.3209 0.0003 0.0003
32.3377 0.0003 0.0003
32.3546 0.0003 0.0003
32.3714 0.0003 0.0003
32.3882 0.0003 0.0003
32.4051 0.0003 0.0003
32.4219 0.0003 0.0003
32.4387 0.0003 0.0003
32.4556 0.0003 0.0003
32.4724 0.0003 0.0003
32.4892 0.0003 0.0003
32.5061 0.0003 0.0003
32.5229 0.0003 0.0003
32.5397 0.0003 0.0003
32.5566 0.0003 0.0003
32.5734 0.0003 0.0003
32.5902 0.0003 0.0003
32.6071 0.0003 0.0003
32.6239 0.0003 0.0003
32.6407 0.0003 0.0003
32.6576 0.0003 0.0003
32.6744 0.0003 0.0003
32.6912 0.0003 0.0003
32.7081 0.0003 0.0003
32.7249 0.0003 0.0003
32.7417 0.0003 0.0003
32.7586 0.0003 0.0003
32.7754 0.0003 0.0003
32.7922 0.0003 0.0003
32.8091 0.0003 0.0003
32.8259 0.0003 0.0003
32.8427 0.0003 0.0003
32.8596 0.0003 0.0003
32.8764 0.0003 0.0003
32.8932 0.0003 0.0003
32.9101 0.0003 0.0003
32.9269 0.0003 0.0003
32.9437 0.0003 0.0003
32.9606 0.0003 0.0003
32.9774 0.0003 0.0003
32.9943 0.0003 0.0003
33.0111 0.0003 0.0003
33.0279 0.0003 0.0003
33.0448 0.0003 0.0003
33.0616 0.0003 0.0003
33.0784 0.0003 0.0003
33.0953 0.0003 0.0003
33.1121 0.0003 0.0003
33.1289 0.0003 0.0003
33.1458 0.0003 0.0003
33.1626 0.0003 0.0003
33.1794 0.0003 0.0003
33.1963 0.0003 0.0003
33.2131 0.0003 0.0003
33.2299 0.0003 0.0003
33.2468 0.0003 0.0003
33.2636 0.0003 0.0003
33.2804 0.0003 0.0003
33.2973 0.0003 0.0003
33.3141 0.0003 0.0003
33.3309 0.0003 0.0003
33.3478 0.0003 0.0003
33.3646 0.0003 0.0003
33.3814 0.0003 0.0003
33.3983 0.0003 0.0003
33.4151 0.0003 0.0003
33.4319 0.0003 0.0003
33.4488 0.0003 0.0003
33.4656 0.0003 0.0003
33.4824 0.0003 0.0003
33.4993 0.0003 0.0003
33.5161 0.0003 0.0003
33.5329 0.0003 0.0003
33.5498 0.0003 0.0003
33.5666 0.0003 0.0003
33.5834 0.0003 0.0003
33.6003 0.0003 0.0003
33.6171 0.0003 0.0003
33.6339 0.0003 0.0003
33.6508 0.0003 0.0003
  
  
  
  
  
dim="1">gridpoints</dimension>  
  
  
  
  
  
  
  
  
0.0000 192.5119 179.9510
0.0168 192.5119 179.9510
0.0337 96.1325 90.1085
0.0505 63.9530 60.2204
0.0673 47.8254 45.3213
0.0842 38.1207 36.4180
0.1010 31.6297 30.5129
0.1178 26.9774 26.3214
0.1347 23.4765 23.2009
0.1515 20.7452 20.7945
0.1683 18.5548 18.8881
0.1852 16.7596 17.3450
0.2020 15.2626 16.0741
0.2188 13.9966 15.0123
0.2357 12.9135 14.1141
0.2525 11.9781 13.3461
0.2693 11.1638 12.6831
0.2862 10.4503 12.1054
0.3030 9.8214 11.5978
0.3198 9.2647 11.1478
0.3367 8.7698 10.7455
0.3535 8.3283 10.3826
0.3703 7.9333 10.0522
0.3872 7.5791 9.7485
0.4040 7.2607 9.4666
0.4208 6.9739 9.2023
0.4377 6.7152 8.9520
0.4545 6.4816 8.7129
0.4713 6.2702 8.4823
0.4882 6.0787 8.2583
0.5050 5.9050 8.0391
0.5218 5.7474 7.8235
0.5387 5.6039 7.6105
0.5555 5.4732 7.3995
0.5723 5.3538 7.1900
0.5892 5.2444 6.9819
0.6060 5.1437 6.7754
0.6229 5.0507 6.5708
0.6397 4.9642 6.3684
0.6565 4.8834 6.1690
0.6734 4.8073 5.9732
0.6902 4.7350 5.7818
0.7070 4.6660 5.5955
0.7239 4.5995 5.4152
0.7407 4.5351 5.2416
0.7575 4.4724 5.0754
0.7744 4.4110 4.9173
0.7912 4.3507 4.7676
0.8080 4.2915 4.6268
0.8249 4.2332 4.4951
0.8417 4.1759 4.3726
0.8585 4.1196 4.2592
0.8754 4.0644 4.1547
0.8922 4.0103 4.0587
0.9090 3.9575 3.9709
0.9259 3.9061 3.8907
0.9427 3.8560 3.8173
0.9595 3.8075 3.7502
0.9764 3.7604 3.6887
0.9932 3.7148 3.6319
1.0100 3.6706 3.5791
1.0269 3.6280 3.5297
1.0437 3.5867 3.4831
1.0605 3.5467 3.4387
1.0774 3.5081 3.3959
1.0942 3.4706 3.3545
1.1110 3.4344 3.3140
1.1279 3.3992 3.2742
1.1447 3.3651 3.2350
1.1615 3.3320 3.1962
1.1784 3.2999 3.1579
1.1952 3.2686 3.1201
1.2120 3.2380 3.0829
1.2289 3.2082 3.0464
1.2457 3.1790 3.0107
1.2625 3.1503 2.9759
1.2794 3.1220 2.9423
1.2962 3.0941 2.9098
1.3130 3.0665 2.8787
1.3299 3.0392 2.8490
1.3467 3.0120 2.8208
1.3635 2.9850 2.7940
1.3804 2.9582 2.7687
1.3972 2.9316 2.7448
1.4140 2.9053 2.7221
1.4309 2.8794 2.7006
1.4477 2.8540 2.6800
1.4645 2.8293 2.6601
1.4814 2.8054 2.6409
1.4982 2.7823 2.6219
1.5150 2.7604 2.6031
1.5319 2.7396 2.5842
1.5487 2.7201 2.5651
1.5655 2.7019 2.5456
1.5824 2.6851 2.5256
1.5992 2.6696 2.5051
1.6160 2.6553 2.4840
1.6329 2.6423 2.4625
1.6497 2.6303 2.4405
1.6665 2.6191 2.4182
1.6834 2.6087 2.3958
1.7002 2.5987 2.3734
1.7170 2.5890 2.3512
1.7339 2.5795 2.3294
1.7507 2.5698 2.3082
1.7675 2.5598 2.2878
1.7844 2.5494 2.2684
1.8012 2.5384 2.2500
1.8181 2.5267 2.2328
1.8349 2.5143 2.2168
1.8517 2.5011 2.2020
1.8686 2.4871 2.1884
1.8854 2.4723 2.1759
1.9022 2.4567 2.1644
1.9191 2.4404 2.1539
1.9359 2.4235 2.1442
1.9527 2.4059 2.1351
1.9696 2.3879 2.1265
1.9864 2.3695 2.1184
2.0032 2.3507 2.1104
2.0201 2.3318 2.1027
2.0369 2.3128 2.0950
2.0537 2.2937 2.0872
2.0706 2.2747 2.0794
2.0874 2.2558 2.0715
2.1042 2.2371 2.0634
2.1211 2.2186 2.0552
2.1379 2.2003 2.0468
2.1547 2.1822 2.0382
2.1716 2.1643 2.0293
2.1884 2.1466 2.0203
2.2052 2.1291 2.0110
2.2221 2.1116 2.0014
2.2389 2.0942 1.9915
2.2557 2.0768 1.9814
2.2726 2.0595 1.9709
2.2894 2.0421 1.9602
2.3062 2.0248 1.9492
2.3231 2.0075 1.9379
2.3399 1.9902 1.9265
2.3567 1.9730 1.9150
2.3736 1.9559 1.9034
2.3904 1.9390 1.8918
2.4072 1.9223 1.8803
2.4241 1.9059 1.8690
2.4409 1.8898 1.8580
2.4577 1.8740 1.8471
2.4746 1.8585 1.8366
2.4914 1.8434 1.8263
2.5082 1.8286 1.8162
2.5251 1.8141 1.8063
2.5419 1.7998 1.7965
2.5587 1.7856 1.7867
2.5756 1.7716 1.7767
2.5924 1.7577 1.7665
2.6092 1.7439 1.7558
2.6261 1.7300 1.7445
2.6429 1.7162 1.7325
2.6597 1.7024 1.7197
2.6766 1.6886 1.7059
2.6934 1.6749 1.6911
2.7102 1.6614 1.6753
2.7271 1.6480 1.6584
2.7439 1.6350 1.6405
2.7607 1.6222 1.6216
2.7776 1.6099 1.6019
2.7944 1.5981 1.5815
2.8112 1.5869 1.5605
2.8281 1.5762 1.5391
2.8449 1.5661 1.5175
2.8617 1.5566 1.4960
2.8786 1.5477 1.4746
2.8954 1.5392 1.4537
2.9122 1.5312 1.4333
2.9291 1.5235 1.4136
2.9459 1.5159 1.3948
2.9627 1.5084 1.3769
2.9796 1.5008 1.3600
2.9964 1.4930 1.3441
3.0133 1.4848 1.3292
3.0301 1.4760 1.3153
3.0469 1.4666 1.3023
3.0638 1.4564 1.2902
3.0806 1.4454 1.2788
3.0974 1.4335 1.2681
3.1143 1.4206 1.2579
3.1311 1.4068 1.2481
3.1479 1.3921 1.2387
3.1648 1.3766 1.2294
3.1816 1.3604 1.2203
3.1984 1.3436 1.2112
3.2153 1.3264 1.2021
3.2321 1.3088 1.1929
3.2489 1.2912 1.1836
3.2658 1.2737 1.1742
3.2826 1.2564 1.1647
3.2994 1.2396 1.1551
3.3163 1.2235 1.1454
3.3331 1.2082 1.1356
3.3499 1.1937 1.1258
3.3668 1.1803 1.1158
3.3836 1.1680 1.1058
3.4004 1.1569 1.0957
3.4173 1.1469 1.0855
3.4341 1.1380 1.0753
3.4509 1.1302 1.0650
3.4678 1.1235 1.0546
3.4846 1.1177 1.0442
3.5014 1.1126 1.0338
3.5183 1.1083 1.0234
3.5351 1.1045 1.0131
3.5519 1.1011 1.0028
3.5688 1.0980 0.9928
3.5856 1.0950 0.9829
3.6024 1.0919 0.9734
3.6193 1.0888 0.9643
3.6361 1.0854 0.9556
3.6529 1.0816 0.9475
3.6698 1.0774 0.9399
3.6866 1.0727 0.9328
3.7034 1.0674 0.9264
3.7203 1.0616 0.9206
3.7371 1.0552 0.9153
3.7539 1.0482 0.9105
3.7708 1.0406 0.9062
3.7876 1.0325 0.9023
3.8044 1.0239 0.8987
3.8213 1.0149 0.8953
3.8381 1.0056 0.8921
3.8549 0.9961 0.8889
3.8718 0.9865 0.8857
3.8886 0.9768 0.8824
3.9054 0.9671 0.8790
3.9223 0.9576 0.8754
3.9391 0.9484 0.8716
3.9559 0.9395 0.8676
3.9728 0.9310 0.8634
3.9896 0.9229 0.8590
4.0064 0.9152 0.8544
4.0233 0.9081 0.8496
4.0401 0.9015 0.8446
4.0569 0.8953 0.8395
4.0738 0.8896 0.8342
4.0906 0.8842 0.8288
4.1074 0.8792 0.8232
4.1243 0.8745 0.8175
4.1411 0.8699 0.8116
4.1579 0.8654 0.8056
4.1748 0.8610 0.7993
4.1916 0.8564 0.7929
4.2085 0.8517 0.7862
4.2253 0.8468 0.7793
4.2421 0.8416 0.7723
4.2590 0.8361 0.7650
4.2758 0.8302 0.7576
4.2926 0.8241 0.7501
4.3095 0.8175 0.7424
4.3263 0.8107 0.7347
4.3431 0.8036 0.7269
4.3600 0.7963 0.7191
4.3768 0.7888 0.7114
4.3936 0.7813 0.7039
4.4105 0.7737 0.6964
4.4273 0.7662 0.6892
4.4441 0.7587 0.6822
4.4610 0.7515 0.6754
4.4778 0.7445 0.6690
4.4946 0.7378 0.6629
4.5115 0.7314 0.6571
4.5283 0.7254 0.6517
4.5451 0.7198 0.6467
4.5620 0.7145 0.6421
4.5788 0.7096 0.6379
4.5956 0.7051 0.6341
4.6125 0.7010 0.6307
4.6293 0.6972 0.6277
4.6461 0.6938 0.6251
4.6630 0.6906 0.6229
4.6798 0.6878 0.6210
4.6966 0.6853 0.6195
4.7135 0.6830 0.6183
4.7303 0.6809 0.6173
4.7471 0.6791 0.6166
4.7640 0.6775 0.6161
4.7808 0.6761 0.6158
4.7976 0.6748 0.6156
4.8145 0.6737 0.6155
4.8313 0.6727 0.6155
4.8481 0.6718 0.6155
4.8650 0.6710 0.6154
4.8818 0.6701 0.6154
4.8986 0.6693 0.6153
4.9155 0.6685 0.6151
4.9323 0.6676 0.6147
4.9491 0.6666 0.6143
4.9660 0.6655 0.6137
4.9828 0.6642 0.6130
4.9996 0.6627 0.6122
5.0165 0.6611 0.6112
5.0333 0.6593 0.6101
5.0501 0.6573 0.6089
5.0670 0.6550 0.6075
5.0838 0.6526 0.6061
5.1006 0.6501 0.6046
5.1175 0.6474 0.6031
5.1343 0.6445 0.6015
5.1511 0.6416 0.6000
5.1680 0.6386 0.5984
5.1848 0.6355 0.5968
5.2016 0.6325 0.5953
5.2185 0.6295 0.5939
5.2353 0.6265 0.5925
5.2521 0.6235 0.5913
5.2690 0.6207 0.5901
5.2858 0.6179 0.5891
5.3026 0.6153 0.5882
5.3195 0.6128 0.5874
5.3363 0.6103 0.5868
5.3531 0.6080 0.5863
5.3700 0.6058 0.5859
5.3868 0.6036 0.5856
5.4037 0.6015 0.5855
5.4205 0.5995 0.5854
5.4373 0.5974 0.5854
5.4542 0.5954 0.5855
5.4710 0.5934 0.5855
5.4878 0.5912 0.5855
5.5047 0.5890 0.5855
5.5215 0.5867 0.5853
5.5383 0.5843 0.5850
5.5552 0.5817 0.5845
5.5720 0.5790 0.5838
5.5888 0.5761 0.5829
5.6057 0.5730 0.5818
5.6225 0.5697 0.5804
5.6393 0.5663 0.5788
5.6562 0.5627 0.5769
5.6730 0.5590 0.5749
5.6898 0.5552 0.5726
5.7067 0.5513 0.5702
5.7235 0.5474 0.5676
5.7403 0.5434 0.5650
5.7572 0.5395 0.5624
5.7740 0.5356 0.5598
5.7908 0.5319 0.5572
5.8077 0.5283 0.5548
5.8245 0.5248 0.5525
5.8413 0.5216 0.5503
5.8582 0.5186 0.5483
5.8750 0.5158 0.5466
5.8918 0.5133 0.5450
5.9087 0.5110 0.5436
5.9255 0.5089 0.5425
5.9423 0.5072 0.5415
5.9592 0.5056 0.5406
5.9760 0.5042 0.5398
5.9928 0.5030 0.5391
6.0097 0.5020 0.5385
6.0265 0.5010 0.5378
6.0433 0.5002 0.5370
6.0602 0.4993 0.5362
6.0770 0.4985 0.5353
6.0938 0.4976 0.5342
6.1107 0.4967 0.5329
6.1275 0.4956 0.5314
6.1443 0.4944 0.5296
6.1612 0.4930 0.5277
6.1780 0.4915 0.5256
6.1948 0.4897 0.5232
6.2117 0.4878 0.5207
6.2285 0.4856 0.5179
6.2453 0.4833 0.5150
6.2622 0.4807 0.5120
6.2790 0.4780 0.5088
6.2958 0.4751 0.5056
6.3127 0.4721 0.5022
6.3295 0.4690 0.4988
6.3463 0.4658 0.4953
6.3632 0.4625 0.4918
6.3800 0.4592 0.4882
6.3968 0.4558 0.4846
6.4137 0.4525 0.4809
6.4305 0.4493 0.4772
6.4473 0.4461 0.4734
6.4642 0.4431 0.4696
6.4810 0.4401 0.4658
6.4978 0.4372 0.4619
6.5147 0.4345 0.4580
6.5315 0.4320 0.4541
6.5483 0.4295 0.4502
6.5652 0.4273 0.4463
6.5820 0.4251 0.4425
6.5989 0.4231 0.4386
6.6157 0.4212 0.4348
6.6325 0.4195 0.4310
6.6494 0.4178 0.4273
6.6662 0.4163 0.4237
6.6830 0.4148 0.4201
6.6999 0.4135 0.4166
6.7167 0.4122 0.4132
6.7335 0.4109 0.4098
6.7504 0.4098 0.4065
6.7672 0.4087 0.4033
6.7840 0.4076 0.4002
6.8009 0.4066 0.3972
6.8177 0.4056 0.3943
6.8345 0.4047 0.3915
6.8514 0.4039 0.3888
6.8682 0.4031 0.3863
6.8850 0.4024 0.3838
6.9019 0.4018 0.3815
6.9187 0.4012 0.3794
6.9355 0.4007 0.3774
6.9524 0.4002 0.3755
6.9692 0.3998 0.3737
6.9860 0.3994 0.3721
7.0029 0.3990 0.3707
7.0197 0.3987 0.3693
7.0365 0.3984 0.3681
7.0534 0.3980 0.3670
7.0702 0.3977 0.3660
7.0870 0.3973 0.3651
7.1039 0.3968 0.3643
7.1207 0.3962 0.3635
7.1375 0.3956 0.3629
7.1544 0.3948 0.3623
7.1712 0.3940 0.3618
7.1880 0.3931 0.3613
7.2049 0.3920 0.3610
7.2217 0.3909 0.3606
7.2385 0.3896 0.3604
7.2554 0.3883 0.3602
7.2722 0.3869 0.3600
7.2890 0.3854 0.3599
7.3059 0.3839 0.3599
7.3227 0.3823 0.3598
7.3395 0.3807 0.3598
7.3564 0.3790 0.3599
7.3732 0.3774 0.3599
7.3900 0.3757 0.3600
7.4069 0.3740 0.3600
7.4237 0.3723 0.3600
7.4405 0.3706 0.3601
7.4574 0.3690 0.3601
7.4742 0.3673 0.3600
7.4910 0.3656 0.3600
7.5079 0.3639 0.3599
7.5247 0.3623 0.3598
7.5415 0.3606 0.3597
7.5584 0.3590 0.3595
7.5752 0.3574 0.3594
7.5920 0.3558 0.3593
7.6089 0.3542 0.3591
7.6257 0.3527 0.3590
7.6425 0.3513 0.3589
7.6594 0.3499 0.3589
7.6762 0.3486 0.3590
7.6930 0.3474 0.3590
7.7099 0.3464 0.3592
7.7267 0.3454 0.3595
7.7435 0.3446 0.3598
7.7604 0.3439 0.3602
7.7772 0.3434 0.3607
7.7941 0.3431 0.3612
7.8109 0.3429 0.3619
7.8277 0.3430 0.3626
7.8446 0.3433 0.3634
7.8614 0.3437 0.3642
7.8782 0.3444 0.3651
7.8951 0.3452 0.3660
7.9119 0.3462 0.3669
7.9287 0.3474 0.3679
7.9456 0.3488 0.3689
7.9624 0.3502 0.3699
7.9792 0.3518 0.3709
7.9961 0.3534 0.3719
8.0129 0.3551 0.3729
8.0297 0.3569 0.3739
8.0466 0.3586 0.3747
8.0634 0.3604 0.3756
8.0802 0.3621 0.3763
8.0971 0.3638 0.3770
8.1139 0.3654 0.3776
8.1307 0.3669 0.3780
8.1476 0.3684 0.3784
8.1644 0.3698 0.3786
8.1812 0.3712 0.3786
8.1981 0.3724 0.3785
8.2149 0.3736 0.3783
8.2317 0.3747 0.3779
8.2486 0.3757 0.3774
8.2654 0.3767 0.3768
8.2822 0.3775 0.3761
8.2991 0.3784 0.3753
8.3159 0.3791 0.3744
8.3327 0.3798 0.3735
8.3496 0.3804 0.3726
8.3664 0.3810 0.3717
8.3832 0.3814 0.3708
8.4001 0.3818 0.3699
8.4169 0.3822 0.3692
8.4337 0.3825 0.3685
8.4506 0.3827 0.3680
8.4674 0.3828 0.3676
8.4842 0.3829 0.3673
8.5011 0.3829 0.3672
8.5179 0.3829 0.3672
8.5347 0.3829 0.3674
8.5516 0.3828 0.3677
8.5684 0.3827 0.3682
8.5852 0.3827 0.3688
8.6021 0.3826 0.3696
8.6189 0.3826 0.3704
8.6357 0.3826 0.3713
8.6526 0.3826 0.3723
8.6694 0.3828 0.3733
8.6862 0.3829 0.3743
8.7031 0.3832 0.3753
8.7199 0.3835 0.3763
8.7367 0.3839 0.3772
8.7536 0.3844 0.3781
8.7704 0.3850 0.3789
8.7872 0.3856 0.3796
8.8041 0.3863 0.3803
8.8209 0.3870 0.3809
8.8377 0.3878 0.3814
8.8546 0.3886 0.3819
8.8714 0.3895 0.3823
8.8882 0.3904 0.3826
8.9051 0.3913 0.3829
8.9219 0.3922 0.3832
8.9387 0.3931 0.3835
8.9556 0.3940 0.3837
8.9724 0.3949 0.3840
8.9892 0.3958 0.3843
9.0061 0.3967 0.3846
9.0229 0.3976 0.3850
9.0398 0.3984 0.3854
9.0566 0.3992 0.3859
9.0734 0.4000 0.3863
9.0903 0.4007 0.3869
9.1071 0.4014 0.3874
9.1239 0.4021 0.3880
9.1408 0.4027 0.3887
9.1576 0.4033 0.3894
9.1744 0.4039 0.3901
9.1913 0.4044 0.3908
9.2081 0.4049 0.3916
9.2249 0.4054 0.3924
9.2418 0.4058 0.3932
9.2586 0.4062 0.3940
9.2754 0.4066 0.3948
9.2923 0.4069 0.3956
9.3091 0.4073 0.3965
9.3259 0.4076 0.3973
9.3428 0.4079 0.3980
9.3596 0.4083 0.3988
9.3764 0.4086 0.3995
9.3933 0.4089 0.4002
9.4101 0.4092 0.4008
9.4269 0.4096 0.4013
9.4438 0.4099 0.4018
9.4606 0.4102 0.4022
9.4774 0.4105 0.4025
9.4943 0.4108 0.4027
9.5111 0.4111 0.4029
9.5279 0.4114 0.4029
9.5448 0.4116 0.4029
9.5616 0.4119 0.4028
9.5784 0.4121 0.4027
9.5953 0.4123 0.4025
9.6121 0.4125 0.4023
9.6289 0.4126 0.4020
9.6458 0.4127 0.4017
9.6626 0.4127 0.4014
9.6794 0.4127 0.4012
9.6963 0.4127 0.4010
9.7131 0.4126 0.4008
9.7299 0.4125 0.4007
9.7468 0.4123 0.4007
9.7636 0.4120 0.4007
9.7804 0.4117 0.4009
9.7973 0.4114 0.4012
9.8141 0.4109 0.4017
9.8309 0.4105 0.4023
9.8478 0.4100 0.4030
9.8646 0.4095 0.4039
9.8814 0.4089 0.4050
9.8983 0.4084 0.4062
9.9151 0.4078 0.4075
9.9319 0.4072 0.4089
9.9488 0.4065 0.4105
9.9656 0.4059 0.4122
9.9824 0.4053 0.4139
9.9993 0.4047 0.4157
10.0161 0.4040 0.4175
10.0329 0.4034 0.4193
10.0498 0.4027 0.4211
10.0666 0.4020 0.4229
10.0834 0.4013 0.4246
10.1003 0.4006 0.4262
10.1171 0.3998 0.4277
10.1339 0.3991 0.4290
10.1508 0.3983 0.4303
10.1676 0.3975 0.4314
10.1844 0.3967 0.4323
10.2013 0.3958 0.4331
10.2181 0.3950 0.4337
10.2350 0.3941 0.4342
10.2518 0.3933 0.4345
10.2686 0.3924 0.4347
10.2855 0.3916 0.4348
10.3023 0.3908 0.4347
10.3191 0.3901 0.4346
10.3360 0.3894 0.4344
10.3528 0.3887 0.4341
10.3696 0.3881 0.4338
10.3865 0.3876 0.4334
10.4033 0.3871 0.4329
10.4201 0.3867 0.4325
10.4370 0.3864 0.4320
10.4538 0.3862 0.4315
10.4706 0.3859 0.4309
10.4875 0.3858 0.4304
10.5043 0.3857 0.4298
10.5211 0.3856 0.4293
10.5380 0.3855 0.4287
10.5548 0.3854 0.4281
10.5716 0.3853 0.4275
10.5885 0.3852 0.4268
10.6053 0.3851 0.4262
10.6221 0.3849 0.4256
10.6390 0.3847 0.4250
10.6558 0.3844 0.4245
10.6726 0.3841 0.4239
10.6895 0.3838 0.4235
10.7063 0.3833 0.4231
10.7231 0.3829 0.4227
10.7400 0.3824 0.4224
10.7568 0.3818 0.4223
10.7736 0.3812 0.4222
10.7905 0.3806 0.4223
10.8073 0.3800 0.4224
10.8241 0.3794 0.4227
10.8410 0.3788 0.4231
10.8578 0.3782 0.4236
10.8746 0.3777 0.4242
10.8915 0.3772 0.4249
10.9083 0.3767 0.4257
10.9251 0.3763 0.4265
10.9420 0.3760 0.4274
10.9588 0.3758 0.4284
10.9756 0.3757 0.4293
10.9925 0.3757 0.4303
11.0093 0.3758 0.4312
11.0261 0.3760 0.4321
11.0430 0.3764 0.4329
11.0598 0.3768 0.4336
11.0766 0.3774 0.4343
11.0935 0.3781 0.4348
11.1103 0.3789 0.4352
11.1271 0.3798 0.4355
11.1440 0.3808 0.4357
11.1608 0.3820 0.4357
11.1776 0.3832 0.4357
11.1945 0.3846 0.4355
11.2113 0.3860 0.4352
11.2281 0.3875 0.4348
11.2450 0.3891 0.4344
11.2618 0.3908 0.4339
11.2786 0.3925 0.4334
11.2955 0.3943 0.4328
11.3123 0.3961 0.4323
11.3291 0.3980 0.4318
11.3460 0.3999 0.4313
11.3628 0.4018 0.4308
11.3796 0.4037 0.4303
11.3965 0.4056 0.4300
11.4133 0.4075 0.4296
11.4302 0.4094 0.4293
11.4470 0.4112 0.4291
11.4638 0.4131 0.4289
11.4807 0.4149 0.4287
11.4975 0.4167 0.4286
11.5143 0.4185 0.4285
11.5312 0.4202 0.4284
11.5480 0.4218 0.4284
11.5648 0.4234 0.4284
11.5817 0.4249 0.4284
11.5985 0.4263 0.4285
11.6153 0.4277 0.4286
11.6322 0.4289 0.4287
11.6490 0.4300 0.4289
11.6658 0.4309 0.4291
11.6827 0.4317 0.4294
11.6995 0.4324 0.4297
11.7163 0.4329 0.4300
11.7332 0.4333 0.4304
11.7500 0.4336 0.4308
11.7668 0.4337 0.4312
11.7837 0.4337 0.4317
11.8005 0.4336 0.4322
11.8173 0.4334 0.4326
11.8342 0.4331 0.4331
11.8510 0.4328 0.4336
11.8678 0.4324 0.4340
11.8847 0.4320 0.4344
11.9015 0.4316 0.4348
11.9183 0.4312 0.4352
11.9352 0.4308 0.4356
11.9520 0.4304 0.4360
11.9688 0.4302 0.4363
11.9857 0.4300 0.4367
12.0025 0.4299 0.4371
12.0193 0.4298 0.4375
12.0362 0.4299 0.4379
12.0530 0.4300 0.4384
12.0698 0.4303 0.4390
12.0867 0.4307 0.4396
12.1035 0.4311 0.4403
12.1203 0.4317 0.4410
12.1372 0.4324 0.4419
12.1540 0.4331 0.4428
12.1708 0.4339 0.4437
12.1877 0.4348 0.4448
12.2045 0.4358 0.4458
12.2213 0.4369 0.4469
12.2382 0.4380 0.4480
12.2550 0.4392 0.4490
12.2718 0.4404 0.4501
12.2887 0.4416 0.4511
12.3055 0.4429 0.4520
12.3223 0.4443 0.4529
12.3392 0.4457 0.4537
12.3560 0.4471 0.4544
12.3728 0.4485 0.4550
12.3897 0.4499 0.4556
12.4065 0.4514 0.4560
12.4233 0.4528 0.4564
12.4402 0.4542 0.4566
12.4570 0.4556 0.4568
12.4738 0.4570 0.4569
12.4907 0.4583 0.4570
12.5075 0.4595 0.4570
12.5243 0.4607 0.4570
12.5412 0.4618 0.4570
12.5580 0.4628 0.4570
12.5748 0.4636 0.4570
12.5917 0.4644 0.4571
12.6085 0.4650 0.4572
12.6254 0.4655 0.4573
12.6422 0.4658 0.4574
12.6590 0.4661 0.4576
12.6759 0.4662 0.4579
12.6927 0.4661 0.4581
12.7095 0.4660 0.4585
12.7264 0.4658 0.4588
12.7432 0.4655 0.4592
12.7600 0.4651 0.4595
12.7769 0.4646 0.4599
12.7937 0.4641 0.4603
12.8105 0.4635 0.4607
12.8274 0.4629 0.4611
12.8442 0.4622 0.4615
12.8610 0.4616 0.4619
12.8779 0.4609 0.4623
12.8947 0.4601 0.4628
12.9115 0.4594 0.4632
12.9284 0.4586 0.4637
12.9452 0.4578 0.4642
12.9620 0.4569 0.4647
12.9789 0.4560 0.4653
12.9957 0.4550 0.4659
13.0125 0.4539 0.4665
13.0294 0.4527 0.4671
13.0462 0.4514 0.4676
13.0630 0.4500 0.4682
13.0799 0.4484 0.4687
13.0967 0.4467 0.4691
13.1135 0.4449 0.4695
13.1304 0.4429 0.4697
13.1472 0.4408 0.4697
13.1640 0.4385 0.4696
13.1809 0.4362 0.4693
13.1977 0.4337 0.4687
13.2145 0.4312 0.4680
13.2314 0.4286 0.4670
13.2482 0.4260 0.4657
13.2650 0.4235 0.4642
13.2819 0.4209 0.4624
13.2987 0.4184 0.4604
13.3155 0.4160 0.4582
13.3324 0.4136 0.4558
13.3492 0.4114 0.4532
13.3660 0.4093 0.4504
13.3829 0.4073 0.4474
13.3997 0.4055 0.4444
13.4165 0.4037 0.4413
13.4334 0.4022 0.4380
13.4502 0.4007 0.4348
13.4670 0.3993 0.4315
13.4839 0.3980 0.4282
13.5007 0.3968 0.4250
13.5175 0.3957 0.4218
13.5344 0.3946 0.4187
13.5512 0.3936 0.4156
13.5680 0.3926 0.4127
13.5849 0.3916 0.4098
13.6017 0.3906 0.4071
13.6185 0.3896 0.4045
13.6354 0.3885 0.4020
13.6522 0.3875 0.3996
13.6690 0.3864 0.3973
13.6859 0.3852 0.3951
13.7027 0.3840 0.3930
13.7195 0.3828 0.3910
13.7364 0.3814 0.3890
13.7532 0.3801 0.3870
13.7700 0.3786 0.3850
13.7869 0.3771 0.3830
13.8037 0.3754 0.3809
13.8206 0.3737 0.3788
13.8374 0.3719 0.3766
13.8542 0.3700 0.3742
13.8711 0.3679 0.3718
13.8879 0.3657 0.3693
13.9047 0.3634 0.3667
13.9216 0.3609 0.3639
13.9384 0.3583 0.3610
13.9552 0.3556 0.3580
13.9721 0.3527 0.3548
13.9889 0.3496 0.3516
14.0057 0.3464 0.3483
14.0226 0.3432 0.3449
14.0394 0.3398 0.3415
14.0562 0.3363 0.3380
14.0731 0.3327 0.3345
14.0899 0.3291 0.3309
14.1067 0.3254 0.3274
14.1236 0.3217 0.3239
14.1404 0.3180 0.3204
14.1572 0.3143 0.3169
14.1741 0.3107 0.3135
14.1909 0.3070 0.3101
14.2077 0.3034 0.3067
14.2246 0.2999 0.3034
14.2414 0.2963 0.3002
14.2582 0.2929 0.2970
14.2751 0.2895 0.2938
14.2919 0.2861 0.2906
14.3087 0.2828 0.2875
14.3256 0.2796 0.2844
14.3424 0.2764 0.2813
14.3592 0.2732 0.2783
14.3761 0.2701 0.2752
14.3929 0.2671 0.2721
14.4097 0.2640 0.2690
14.4266 0.2611 0.2660
14.4434 0.2581 0.2629
14.4602 0.2553 0.2598
14.4771 0.2524 0.2568
14.4939 0.2497 0.2538
14.5107 0.2469 0.2508
14.5276 0.2442 0.2478
14.5444 0.2416 0.2449
14.5612 0.2390 0.2421
14.5781 0.2364 0.2393
14.5949 0.2339 0.2366
14.6117 0.2315 0.2340
14.6286 0.2291 0.2315
14.6454 0.2267 0.2291
14.6622 0.2244 0.2267
14.6791 0.2221 0.2245
14.6959 0.2199 0.2224
14.7127 0.2177 0.2203
14.7296 0.2156 0.2183
14.7464 0.2135 0.2163
14.7632 0.2115 0.2145
14.7801 0.2095 0.2126
14.7969 0.2075 0.2107
14.8137 0.2056 0.2089
14.8306 0.2037 0.2070
14.8474 0.2018 0.2052
14.8642 0.1999 0.2033
14.8811 0.1979 0.2013
14.8979 0.1960 0.1993
14.9147 0.1941 0.1972
14.9316 0.1921 0.1951
14.9484 0.1901 0.1930
14.9652 0.1880 0.1908
14.9821 0.1859 0.1886
14.9989 0.1838 0.1863
15.0158 0.1816 0.1841
15.0326 0.1794 0.1818
15.0494 0.1772 0.1795
15.0663 0.1749 0.1772
15.0831 0.1727 0.1749
15.0999 0.1704 0.1727
15.1168 0.1680 0.1705
15.1336 0.1657 0.1683
15.1504 0.1634 0.1661
15.1673 0.1611 0.1640
15.1841 0.1587 0.1619
15.2009 0.1564 0.1599
15.2178 0.1540 0.1579
15.2346 0.1517 0.1559
15.2514 0.1493 0.1540
15.2683 0.1470 0.1521
15.2851 0.1446 0.1503
15.3019 0.1423 0.1485
15.3188 0.1399 0.1468
15.3356 0.1376 0.1450
15.3524 0.1352 0.1433
15.3693 0.1329 0.1416
15.3861 0.1306 0.1399
15.4029 0.1283 0.1382
15.4198 0.1260 0.1366
15.4366 0.1238 0.1349
15.4534 0.1217 0.1332
15.4703 0.1196 0.1315
15.4871 0.1175 0.1298
15.5039 0.1155 0.1281
15.5208 0.1136 0.1264
15.5376 0.1118 0.1247
15.5544 0.1100 0.1230
15.5713 0.1082 0.1213
15.5881 0.1066 0.1195
15.6049 0.1049 0.1178
15.6218 0.1033 0.1161
15.6386 0.1018 0.1144
15.6554 0.1003 0.1127
15.6723 0.0988 0.1110
15.6891 0.0973 0.1093
15.7059 0.0959 0.1077
15.7228 0.0944 0.1060
15.7396 0.0930 0.1044
15.7564 0.0916 0.1028
15.7733 0.0901 0.1012
15.7901 0.0887 0.0996
15.8069 0.0873 0.0980
15.8238 0.0858 0.0965
15.8406 0.0844 0.0950
15.8574 0.0830 0.0935
15.8743 0.0816 0.0920
15.8911 0.0803 0.0906
15.9079 0.0789 0.0892
15.9248 0.0776 0.0878
15.9416 0.0763 0.0864
15.9584 0.0750 0.0850
15.9753 0.0738 0.0837
15.9921 0.0726 0.0824
16.0089 0.0715 0.0811
16.0258 0.0704 0.0798
16.0426 0.0693 0.0786
16.0594 0.0683 0.0773
16.0763 0.0673 0.0761
16.0931 0.0664 0.0749
16.1099 0.0655 0.0737
16.1268 0.0646 0.0725
16.1436 0.0637 0.0714
16.1604 0.0629 0.0702
16.1773 0.0621 0.0691
16.1941 0.0613 0.0679
16.2110 0.0605 0.0668
16.2278 0.0598 0.0657
16.2446 0.0590 0.0646
16.2615 0.0583 0.0636
16.2783 0.0576 0.0625
16.2951 0.0569 0.0615
16.3120 0.0563 0.0604
16.3288 0.0556 0.0594
16.3456 0.0549 0.0584
16.3625 0.0543 0.0574
16.3793 0.0536 0.0564
16.3961 0.0530 0.0554
16.4130 0.0523 0.0544
16.4298 0.0517 0.0535
16.4466 0.0510 0.0525
16.4635 0.0503 0.0516
16.4803 0.0497 0.0507
16.4971 0.0490 0.0498
16.5140 0.0484 0.0490
16.5308 0.0477 0.0481
16.5476 0.0471 0.0473
16.5645 0.0464 0.0465
16.5813 0.0457 0.0458
16.5981 0.0451 0.0450
16.6150 0.0444 0.0443
16.6318 0.0438 0.0436
16.6486 0.0431 0.0429
16.6655 0.0424 0.0422
16.6823 0.0418 0.0415
16.6991 0.0411 0.0409
16.7160 0.0405 0.0403
16.7328 0.0398 0.0397
16.7496 0.0392 0.0391
16.7665 0.0386 0.0385
16.7833 0.0379 0.0379
16.8001 0.0373 0.0374
16.8170 0.0367 0.0368
16.8338 0.0360 0.0363
16.8506 0.0354 0.0358
16.8675 0.0348 0.0353
16.8843 0.0343 0.0348
16.9011 0.0337 0.0343
16.9180 0.0331 0.0339
16.9348 0.0326 0.0334
16.9516 0.0320 0.0330
16.9685 0.0315 0.0325
16.9853 0.0310 0.0321
17.0021 0.0305 0.0317
17.0190 0.0300 0.0312
17.0358 0.0296 0.0308
17.0526 0.0291 0.0304
17.0695 0.0287 0.0300
17.0863 0.0283 0.0296
17.1031 0.0279 0.0292
17.1200 0.0275 0.0287
17.1368 0.0272 0.0283
17.1536 0.0268 0.0279
17.1705 0.0264 0.0275
17.1873 0.0261 0.0271
17.2041 0.0258 0.0266
17.2210 0.0255 0.0262
17.2378 0.0251 0.0258
17.2546 0.0248 0.0254
17.2715 0.0245 0.0249
17.2883 0.0242 0.0245
17.3051 0.0239 0.0241
17.3220 0.0236 0.0237
17.3388 0.0234 0.0233
17.3556 0.0231 0.0229
17.3725 0.0228 0.0225
17.3893 0.0225 0.0222
17.4062 0.0223 0.0219
17.4230 0.0220 0.0215
17.4398 0.0218 0.0212
17.4567 0.0215 0.0209
17.4735 0.0213 0.0207
17.4903 0.0210 0.0204
17.5072 0.0208 0.0202
17.5240 0.0205 0.0199
17.5408 0.0203 0.0197
17.5577 0.0200 0.0195
17.5745 0.0197 0.0193
17.5913 0.0195 0.0191
17.6082 0.0192 0.0190
17.6250 0.0190 0.0188
17.6418 0.0187 0.0186
17.6587 0.0185 0.0185
17.6755 0.0182 0.0183
17.6923 0.0180 0.0182
17.7092 0.0177 0.0180
17.7260 0.0175 0.0178
17.7428 0.0172 0.0177
17.7597 0.0170 0.0175
17.7765 0.0168 0.0173
17.7933 0.0165 0.0171
17.8102 0.0163 0.0170
17.8270 0.0161 0.0168
17.8438 0.0159 0.0166
17.8607 0.0157 0.0164
17.8775 0.0155 0.0162
17.8943 0.0153 0.0160
17.9112 0.0151 0.0158
17.9280 0.0149 0.0156
17.9448 0.0147 0.0154
17.9617 0.0146 0.0153
17.9785 0.0144 0.0151
17.9953 0.0143 0.0149
18.0122 0.0141 0.0147
18.0290 0.0140 0.0145
18.0458 0.0138 0.0143
18.0627 0.0137 0.0141
18.0795 0.0135 0.0139
18.0963 0.0134 0.0137
18.1132 0.0132 0.0135
18.1300 0.0131 0.0133
18.1468 0.0130 0.0132
18.1637 0.0128 0.0130
18.1805 0.0127 0.0128
18.1973 0.0126 0.0127
18.2142 0.0125 0.0125
18.2310 0.0123 0.0123
18.2478 0.0122 0.0122
18.2647 0.0121 0.0121
18.2815 0.0120 0.0119
18.2983 0.0118 0.0118
18.3152 0.0117 0.0117
18.3320 0.0116 0.0116
18.3488 0.0115 0.0114
18.3657 0.0114 0.0113
18.3825 0.0113 0.0112
18.3993 0.0112 0.0111
18.4162 0.0110 0.0110
18.4330 0.0109 0.0109
18.4498 0.0108 0.0109
18.4667 0.0107 0.0108
18.4835 0.0106 0.0107
18.5003 0.0105 0.0106
18.5172 0.0104 0.0105
18.5340 0.0103 0.0105
18.5508 0.0102 0.0104
18.5677 0.0101 0.0103
18.5845 0.0100 0.0102
18.6014 0.0099 0.0101
18.6182 0.0098 0.0101
18.6350 0.0097 0.0100
18.6519 0.0096 0.0099
18.6687 0.0095 0.0098
18.6855 0.0094 0.0097
18.7024 0.0093 0.0097
18.7192 0.0092 0.0096
18.7360 0.0092 0.0095
18.7529 0.0091 0.0094
18.7697 0.0090 0.0094
18.7865 0.0089 0.0093
18.8034 0.0088 0.0092
18.8202 0.0087 0.0091
18.8370 0.0086 0.0091
18.8539 0.0086 0.0090
18.8707 0.0085 0.0089
18.8875 0.0084 0.0088
18.9044 0.0083 0.0088
18.9212 0.0083 0.0087
18.9380 0.0082 0.0086
18.9549 0.0081 0.0086
18.9717 0.0080 0.0085
18.9885 0.0080 0.0084
19.0054 0.0079 0.0083
19.0222 0.0078 0.0083
19.0390 0.0078 0.0082
19.0559 0.0077 0.0081
19.0727 0.0077 0.0080
19.0895 0.0076 0.0079
19.1064 0.0075 0.0078
19.1232 0.0075 0.0077
19.1400 0.0074 0.0077
19.1569 0.0074 0.0076
19.1737 0.0073 0.0075
19.1905 0.0072 0.0074
19.2074 0.0072 0.0073
19.2242 0.0071 0.0072
19.2410 0.0070 0.0071
19.2579 0.0070 0.0070
19.2747 0.0069 0.0070
19.2915 0.0069 0.0069
19.3084 0.0068 0.0068
19.3252 0.0067 0.0067
19.3420 0.0067 0.0066
19.3589 0.0066 0.0066
19.3757 0.0066 0.0065
19.3925 0.0065 0.0064
19.4094 0.0064 0.0063
19.4262 0.0064 0.0063
19.4430 0.0063 0.0062
19.4599 0.0063 0.0062
19.4767 0.0062 0.0061
19.4935 0.0062 0.0060
19.5104 0.0061 0.0060
19.5272 0.0061 0.0059
19.5440 0.0060 0.0059
19.5609 0.0060 0.0058
19.5777 0.0059 0.0058
19.5945 0.0059 0.0057
19.6114 0.0058 0.0057
19.6282 0.0058 0.0056
19.6450 0.0057 0.0056
19.6619 0.0057 0.0055
19.6787 0.0056 0.0055
19.6955 0.0056 0.0055
19.7124 0.0055 0.0054
19.7292 0.0055 0.0054
19.7460 0.0054 0.0053
19.7629 0.0054 0.0053
19.7797 0.0053 0.0052
19.7966 0.0053 0.0052
19.8134 0.0052 0.0052
19.8302 0.0052 0.0051
19.8471 0.0051 0.0051
19.8639 0.0051 0.0050
19.8807 0.0050 0.0050
19.8976 0.0050 0.0050
19.9144 0.0049 0.0049
19.9312 0.0049 0.0049
19.9481 0.0048 0.0049
19.9649 0.0048 0.0048
19.9817 0.0048 0.0048
19.9986 0.0047 0.0048
20.0154 0.0047 0.0047
20.0322 0.0047 0.0047
20.0491 0.0046 0.0047
20.0659 0.0046 0.0047
20.0827 0.0045 0.0046
20.0996 0.0045 0.0046
20.1164 0.0045 0.0046
20.1332 0.0044 0.0045
20.1501 0.0044 0.0045
20.1669 0.0044 0.0045
20.1837 0.0043 0.0045
20.2006 0.0043 0.0044
20.2174 0.0043 0.0044
20.2342 0.0042 0.0044
20.2511 0.0042 0.0043
20.2679 0.0041 0.0043
20.2847 0.0041 0.0043
20.3016 0.0041 0.0042
20.3184 0.0040 0.0042
20.3352 0.0040 0.0042
20.3521 0.0040 0.0042
20.3689 0.0039 0.0041
20.3857 0.0039 0.0041
20.4026 0.0039 0.0041
20.4194 0.0038 0.0040
20.4362 0.0038 0.0040
20.4531 0.0038 0.0040
20.4699 0.0037 0.0039
20.4867 0.0037 0.0039
20.5036 0.0037 0.0039
20.5204 0.0037 0.0038
20.5372 0.0036 0.0038
20.5541 0.0036 0.0037
20.5709 0.0036 0.0037
20.5877 0.0036 0.0037
20.6046 0.0036 0.0036
20.6214 0.0035 0.0036
20.6382 0.0035 0.0036
20.6551 0.0035 0.0035
20.6719 0.0035 0.0035
20.6887 0.0034 0.0035
20.7056 0.0034 0.0034
20.7224 0.0034 0.0034
20.7392 0.0034 0.0033
20.7561 0.0034 0.0033
20.7729 0.0034 0.0033
20.7897 0.0033 0.0032
20.8066 0.0033 0.0032
20.8234 0.0033 0.0032
20.8402 0.0033 0.0032
20.8571 0.0033 0.0031
20.8739 0.0032 0.0031
20.8907 0.0032 0.0031
20.9076 0.0032 0.0030
20.9244 0.0032 0.0030
20.9412 0.0032 0.0030
20.9581 0.0032 0.0030
20.9749 0.0031 0.0030
20.9918 0.0031 0.0029
21.0086 0.0031 0.0029
21.0254 0.0031 0.0029
21.0423 0.0030 0.0029
21.0591 0.0030 0.0029
21.0759 0.0030 0.0028
21.0928 0.0030 0.0028
21.1096 0.0029 0.0028
21.1264 0.0029 0.0028
21.1433 0.0029 0.0028
21.1601 0.0029 0.0028
21.1769 0.0028 0.0028
21.1938 0.0028 0.0028
21.2106 0.0028 0.0027
21.2274 0.0028 0.0027
21.2443 0.0027 0.0027
21.2611 0.0027 0.0027
21.2779 0.0027 0.0027
21.2948 0.0027 0.0027
21.3116 0.0026 0.0027
21.3284 0.0026 0.0027
21.3453 0.0026 0.0027
21.3621 0.0026 0.0026
21.3789 0.0026 0.0026
21.3958 0.0025 0.0026
21.4126 0.0025 0.0026
21.4294 0.0025 0.0026
21.4463 0.0025 0.0026
21.4631 0.0025 0.0026
21.4799 0.0025 0.0026
21.4968 0.0024 0.0026
21.5136 0.0024 0.0026
21.5304 0.0024 0.0026
21.5473 0.0024 0.0026
21.5641 0.0024 0.0026
21.5809 0.0024 0.0026
21.5978 0.0024 0.0026
21.6146 0.0023 0.0026
21.6314 0.0023 0.0025
21.6483 0.0023 0.0025
21.6651 0.0023 0.0025
21.6819 0.0023 0.0025
21.6988 0.0023 0.0025
21.7156 0.0023 0.0025
21.7324 0.0023 0.0025
21.7493 0.0023 0.0025
21.7661 0.0022 0.0025
21.7829 0.0022 0.0025
21.7998 0.0022 0.0025
21.8166 0.0022 0.0025
21.8334 0.0022 0.0024
21.8503 0.0022 0.0024
21.8671 0.0022 0.0024
21.8839 0.0022 0.0024
21.9008 0.0022 0.0024
21.9176 0.0022 0.0024
21.9344 0.0022 0.0024
21.9513 0.0022 0.0023
21.9681 0.0021 0.0023
21.9849 0.0021 0.0023
22.0018 0.0021 0.0023
22.0186 0.0021 0.0023
22.0354 0.0021 0.0023
22.0523 0.0021 0.0023
22.0691 0.0021 0.0022
22.0859 0.0021 0.0022
22.1028 0.0021 0.0022
22.1196 0.0021 0.0022
22.1364 0.0020 0.0022
22.1533 0.0020 0.0022
22.1701 0.0020 0.0022
22.1870 0.0020 0.0021
22.2038 0.0020 0.0021
22.2206 0.0020 0.0021
22.2375 0.0020 0.0021
22.2543 0.0020 0.0021
22.2711 0.0020 0.0021
22.2880 0.0020 0.0021
22.3048 0.0020 0.0020
22.3216 0.0020 0.0020
22.3385 0.0020 0.0020
22.3553 0.0019 0.0020
22.3721 0.0019 0.0020
22.3890 0.0019 0.0020
22.4058 0.0019 0.0020
22.4226 0.0019 0.0020
22.4395 0.0019 0.0020
22.4563 0.0019 0.0019
22.4731 0.0019 0.0019
22.4900 0.0019 0.0019
22.5068 0.0019 0.0019
22.5236 0.0019 0.0019
22.5405 0.0019 0.0019
22.5573 0.0019 0.0019
22.5741 0.0018 0.0019
22.5910 0.0018 0.0019
22.6078 0.0018 0.0019
22.6246 0.0018 0.0019
22.6415 0.0018 0.0019
22.6583 0.0018 0.0019
22.6751 0.0018 0.0019
22.6920 0.0018 0.0019
22.7088 0.0018 0.0018
22.7256 0.0018 0.0018
22.7425 0.0018 0.0018
22.7593 0.0018 0.0018
22.7761 0.0018 0.0018
22.7930 0.0018 0.0018
22.8098 0.0017 0.0018
22.8266 0.0017 0.0018
22.8435 0.0017 0.0018
22.8603 0.0017 0.0018
22.8771 0.0017 0.0018
22.8940 0.0017 0.0018
22.9108 0.0017 0.0018
22.9276 0.0017 0.0018
22.9445 0.0017 0.0018
22.9613 0.0017 0.0018
22.9781 0.0017 0.0018
22.9950 0.0017 0.0018
23.0118 0.0017 0.0018
23.0286 0.0017 0.0018
23.0455 0.0017 0.0018
23.0623 0.0017 0.0018
23.0791 0.0017 0.0018
23.0960 0.0017 0.0018
23.1128 0.0017 0.0018
23.1296 0.0017 0.0018
23.1465 0.0017 0.0018
23.1633 0.0017 0.0018
23.1801 0.0017 0.0018
23.1970 0.0017 0.0018
23.2138 0.0017 0.0018
23.2306 0.0017 0.0018
23.2475 0.0017 0.0017
23.2643 0.0017 0.0017
23.2811 0.0017 0.0017
23.2980 0.0017 0.0017
23.3148 0.0017 0.0017
23.3316 0.0017 0.0017
23.3485 0.0017 0.0017
23.3653 0.0017 0.0017
23.3822 0.0017 0.0017
23.3990 0.0017 0.0017
23.4158 0.0017 0.0017
23.4327 0.0016 0.0016
23.4495 0.0016 0.0016
23.4663 0.0016 0.0016
23.4832 0.0016 0.0016
23.5000 0.0016 0.0016
23.5168 0.0016 0.0016
23.5337 0.0016 0.0016
23.5505 0.0016 0.0016
23.5673 0.0016 0.0016
23.5842 0.0016 0.0015
23.6010 0.0016 0.0015
23.6178 0.0016 0.0015
23.6347 0.0016 0.0015
23.6515 0.0015 0.0015
23.6683 0.0015 0.0015
23.6852 0.0015 0.0015
23.7020 0.0015 0.0015
23.7188 0.0015 0.0015
23.7357 0.0015 0.0015
23.7525 0.0015 0.0014
23.7693 0.0015 0.0014
23.7862 0.0015 0.0014
23.8030 0.0015 0.0014
23.8198 0.0014 0.0014
23.8367 0.0014 0.0014
23.8535 0.0014 0.0014
23.8703 0.0014 0.0014
23.8872 0.0014 0.0014
23.9040 0.0014 0.0014
23.9208 0.0014 0.0014
23.9377 0.0014 0.0013
23.9545 0.0013 0.0013
23.9713 0.0013 0.0013
23.9882 0.0013 0.0013
24.0050 0.0013 0.0013
24.0218 0.0013 0.0013
24.0387 0.0013 0.0013
24.0555 0.0013 0.0013
24.0723 0.0013 0.0013
24.0892 0.0012 0.0013
24.1060 0.0012 0.0013
24.1228 0.0012 0.0013
24.1397 0.0012 0.0013
24.1565 0.0012 0.0013
24.1733 0.0012 0.0012
24.1902 0.0011 0.0012
24.2070 0.0011 0.0012
24.2238 0.0011 0.0012
24.2407 0.0011 0.0012
24.2575 0.0011 0.0012
24.2743 0.0011 0.0012
24.2912 0.0011 0.0012
24.3080 0.0010 0.0012
24.3248 0.0010 0.0011
24.3417 0.0010 0.0011
24.3585 0.0010 0.0011
24.3753 0.0010 0.0011
24.3922 0.0010 0.0011
24.4090 0.0010 0.0011
24.4258 0.0009 0.0011
24.4427 0.0009 0.0010
24.4595 0.0009 0.0010
24.4763 0.0009 0.0010
24.4932 0.0009 0.0010
24.5100 0.0009 0.0010
24.5268 0.0009 0.0010
24.5437 0.0009 0.0010
24.5605 0.0009 0.0009
24.5774 0.0008 0.0009
24.5942 0.0008 0.0009
24.6110 0.0008 0.0009
24.6279 0.0008 0.0009
24.6447 0.0008 0.0009
24.6615 0.0008 0.0009
24.6784 0.0008 0.0009
24.6952 0.0008 0.0009
24.7120 0.0008 0.0008
24.7289 0.0008 0.0008
24.7457 0.0007 0.0008
24.7625 0.0007 0.0008
24.7794 0.0007 0.0008
24.7962 0.0007 0.0008
24.8130 0.0007 0.0008
24.8299 0.0007 0.0008
24.8467 0.0007 0.0008
24.8635 0.0007 0.0008
24.8804 0.0007 0.0008
24.8972 0.0007 0.0007
24.9140 0.0007 0.0007
24.9309 0.0007 0.0007
24.9477 0.0007 0.0007
24.9645 0.0007 0.0007
24.9814 0.0007 0.0007
24.9982 0.0006 0.0007
25.0150 0.0006 0.0007
25.0319 0.0006 0.0007
25.0487 0.0006 0.0007
25.0655 0.0006 0.0007
25.0824 0.0006 0.0007
25.0992 0.0006 0.0007
25.1160 0.0006 0.0007
25.1329 0.0006 0.0007
25.1497 0.0006 0.0007
25.1665 0.0006 0.0007
25.1834 0.0006 0.0007
25.2002 0.0006 0.0007
25.2170 0.0006 0.0006
25.2339 0.0006 0.0006
25.2507 0.0006 0.0006
25.2675 0.0006 0.0006
25.2844 0.0006 0.0006
25.3012 0.0006 0.0006
25.3180 0.0006 0.0006
25.3349 0.0006 0.0006
25.3517 0.0006 0.0006
25.3685 0.0005 0.0006
25.3854 0.0005 0.0006
25.4022 0.0005 0.0006
25.4190 0.0005 0.0006
25.4359 0.0005 0.0006
25.4527 0.0005 0.0006
25.4695 0.0005 0.0006
25.4864 0.0005 0.0006
25.5032 0.0005 0.0006
25.5200 0.0005 0.0006
25.5369 0.0005 0.0006
25.5537 0.0005 0.0006
25.5705 0.0005 0.0006
25.5874 0.0005 0.0006
25.6042 0.0005 0.0006
25.6210 0.0005 0.0006
25.6379 0.0005 0.0005
25.6547 0.0005 0.0005
25.6715 0.0005 0.0005
25.6884 0.0005 0.0005
25.7052 0.0005 0.0005
25.7220 0.0005 0.0005
25.7389 0.0005 0.0005
25.7557 0.0005 0.0005
25.7726 0.0005 0.0005
25.7894 0.0005 0.0005
25.8062 0.0005 0.0005
25.8231 0.0005 0.0005
25.8399 0.0005 0.0005
25.8567 0.0005 0.0005
25.8736 0.0005 0.0005
25.8904 0.0005 0.0005
25.9072 0.0004 0.0005
25.9241 0.0004 0.0005
25.9409 0.0004 0.0005
25.9577 0.0004 0.0005
25.9746 0.0004 0.0005
25.9914 0.0004 0.0004
26.0082 0.0004 0.0004
26.0251 0.0004 0.0004
26.0419 0.0004 0.0004
26.0587 0.0004 0.0004
26.0756 0.0004 0.0004
26.0924 0.0004 0.0004
26.1092 0.0004 0.0004
26.1261 0.0004 0.0004
26.1429 0.0004 0.0004
26.1597 0.0004 0.0004
26.1766 0.0004 0.0004
26.1934 0.0004 0.0004
26.2102 0.0004 0.0004
26.2271 0.0004 0.0004
26.2439 0.0004 0.0004
26.2607 0.0004 0.0004
26.2776 0.0004 0.0004
26.2944 0.0004 0.0004
26.3112 0.0004 0.0004
26.3281 0.0004 0.0004
26.3449 0.0004 0.0004
26.3617 0.0004 0.0004
26.3786 0.0004 0.0004
26.3954 0.0004 0.0004
26.4122 0.0003 0.0004
26.4291 0.0003 0.0003
26.4459 0.0003 0.0003
26.4627 0.0003 0.0003
26.4796 0.0003 0.0003
26.4964 0.0003 0.0003
26.5132 0.0003 0.0003
26.5301 0.0003 0.0003
26.5469 0.0003 0.0003
26.5637 0.0003 0.0003
26.5806 0.0003 0.0003
26.5974 0.0003 0.0003
26.6142 0.0003 0.0003
26.6311 0.0003 0.0003
26.6479 0.0003 0.0003
26.6647 0.0003 0.0003
26.6816 0.0003 0.0003
26.6984 0.0003 0.0003
26.7152 0.0003 0.0003
26.7321 0.0003 0.0003
26.7489 0.0003 0.0003
26.7657 0.0003 0.0003
26.7826 0.0003 0.0003
26.7994 0.0003 0.0003
26.8162 0.0003 0.0003
26.8331 0.0003 0.0003
26.8499 0.0003 0.0003
26.8667 0.0003 0.0003
26.8836 0.0003 0.0003
26.9004 0.0003 0.0003
26.9172 0.0003 0.0003
26.9341 0.0003 0.0003
26.9509 0.0003 0.0003
26.9677 0.0002 0.0003
26.9846 0.0002 0.0003
27.0014 0.0002 0.0002
27.0183 0.0002 0.0002
27.0351 0.0002 0.0002
27.0519 0.0002 0.0002
27.0688 0.0002 0.0002
27.0856 0.0002 0.0002
27.1024 0.0002 0.0002
27.1193 0.0002 0.0002
27.1361 0.0002 0.0002
27.1529 0.0002 0.0002
27.1698 0.0002 0.0002
27.1866 0.0002 0.0002
27.2034 0.0002 0.0002
27.2203 0.0002 0.0002
27.2371 0.0002 0.0002
27.2539 0.0002 0.0002
27.2708 0.0002 0.0002
27.2876 0.0002 0.0002
27.3044 0.0002 0.0002
27.3213 0.0002 0.0002
27.3381 0.0002 0.0002
27.3549 0.0002 0.0002
27.3718 0.0002 0.0002
27.3886 0.0002 0.0002
27.4054 0.0002 0.0002
27.4223 0.0002 0.0002
27.4391 0.0002 0.0002
27.4559 0.0002 0.0002
27.4728 0.0002 0.0002
27.4896 0.0002 0.0002
27.5064 0.0002 0.0002
27.5233 0.0002 0.0001
27.5401 0.0002 0.0001
27.5569 0.0001 0.0001
27.5738 0.0001 0.0001
27.5906 0.0001 0.0001
27.6074 0.0001 0.0001
27.6243 0.0001 0.0001
27.6411 0.0001 0.0001
27.6579 0.0001 0.0001
27.6748 0.0001 0.0001
27.6916 0.0001 0.0001
27.7084 0.0001 0.0001
27.7253 0.0001 0.0001
27.7421 0.0001 0.0001
27.7589 0.0001 0.0001
27.7758 0.0001 0.0001
27.7926 0.0001 0.0001
27.8094 0.0001 0.0001
27.8263 0.0001 0.0001
27.8431 0.0001 0.0001
27.8599 0.0001 0.0001
27.8768 0.0001 0.0001
27.8936 0.0001 0.0001
27.9104 0.0001 0.0001
27.9273 0.0001 0.0001
27.9441 0.0001 0.0001
27.9609 0.0001 0.0001
27.9778 0.0001 0.0001
27.9946 0.0001 0.0001
28.0114 0.0001 0.0001
28.0283 0.0001 0.0001
28.0451 0.0001 0.0001
28.0619 0.0001 0.0001
28.0788 0.0001 0.0001
28.0956 0.0001 0.0001
28.1124 0.0001 0.0001
28.1293 0.0001 0.0001
28.1461 0.0001 0.0001
28.1629 0.0001 0.0001
28.1798 0.0001 0.0001
28.1966 0.0001 0.0001
28.2135 0.0001 0.0001
28.2303 0.0001 0.0001
28.2471 0.0001 0.0001
28.2640 0.0001 0.0001
28.2808 0.0001 0.0001
28.2976 0.0001 0.0001
28.3145 0.0001 0.0001
28.3313 0.0001 0.0001
28.3481 0.0001 0.0001
28.3650 0.0001 0.0001
28.3818 0.0001 0.0001
28.3986 0.0001 0.0001
28.4155 0.0001 0.0001
28.4323 0.0001 0.0001
28.4491 0.0001 0.0001
28.4660 0.0001 0.0001
28.4828 0.0001 0.0001
28.4996 0.0001 0.0001
28.5165 0.0001 0.0001
28.5333 0.0001 0.0001
28.5501 0.0001 0.0001
28.5670 0.0001 0.0001
28.5838 0.0001 0.0001
28.6006 0.0001 0.0001
28.6175 0.0001 0.0001
28.6343 0.0001 0.0001
28.6511 0.0001 0.0001
28.6680 0.0001 0.0001
28.6848 0.0001 0.0001
28.7016 0.0001 0.0001
28.7185 0.0001 0.0001
28.7353 0.0001 0.0001
28.7521 0.0001 0.0001
28.7690 0.0001 0.0001
28.7858 0.0001 0.0001
28.8026 0.0001 0.0001
28.8195 0.0001 0.0001
28.8363 0.0001 0.0001
28.8531 0.0001 0.0001
28.8700 0.0001 0.0001
28.8868 0.0001 0.0001
28.9036 0.0001 0.0001
28.9205 0.0001 0.0001
28.9373 0.0001 0.0001
28.9541 0.0001 0.0001
28.9710 0.0001 0.0001
28.9878 0.0001 0.0001
29.0046 0.0001 0.0001
29.0215 0.0001 0.0001
29.0383 0.0001 0.0001
29.0551 0.0001 0.0001
29.0720 0.0001 0.0001
29.0888 0.0001 0.0001
29.1056 0.0001 0.0001
29.1225 0.0001 0.0001
29.1393 0.0001 0.0001
29.1561 0.0001 0.0001
29.1730 0.0001 0.0001
29.1898 0.0001 0.0001
29.2066 0.0001 0.0001
29.2235 0.0001 0.0001
29.2403 0.0001 0.0001
29.2571 0.0001 0.0001
29.2740 0.0001 0.0001
29.2908 0.0001 0.0001
29.3076 0.0001 0.0001
29.3245 0.0001 0.0001
29.3413 0.0001 0.0001
29.3581 0.0001 0.0001
29.3750 0.0001 0.0001
29.3918 0.0001 0.0001
29.4087 0.0001 0.0001
29.4255 0.0001 0.0001
29.4423 0.0001 0.0001
29.4592 0.0001 0.0001
29.4760 0.0001 0.0001
29.4928 0.0001 0.0001
29.5097 0.0001 0.0001
29.5265 0.0001 0.0001
29.5433 0.0001 0.0001
29.5602 0.0001 0.0001
29.5770 0.0001 0.0001
29.5938 0.0001 0.0001
29.6107 0.0001 0.0001
29.6275 0.0001 0.0001
29.6443 0.0001 0.0001
29.6612 0.0001 0.0001
29.6780 0.0001 0.0001
29.6948 0.0001 0.0001
29.7117 0.0001 0.0001
29.7285 0.0001 0.0001
29.7453 0.0001 0.0001
29.7622 0.0001 0.0001
29.7790 0.0001 0.0001
29.7958 0.0001 0.0001
29.8127 0.0001 0.0001
29.8295 0.0001 0.0001
29.8463 0.0001 0.0001
29.8632 0.0001 0.0001
29.8800 0.0001 0.0001
29.8968 0.0001 0.0001
29.9137 0.0001 0.0001
29.9305 0.0001 0.0001
29.9473 0.0001 0.0001
29.9642 0.0001 0.0001
29.9810 0.0000 0.0001
29.9978 0.0000 0.0001
30.0147 0.0000 0.0001
30.0315 0.0000 0.0001
30.0483 0.0000 0.0001
30.0652 0.0000 0.0001
30.0820 0.0000 0.0001
30.0988 0.0000 0.0001
30.1157 0.0000 0.0001
30.1325 0.0000 0.0000
30.1493 0.0000 0.0000
30.1662 0.0000 0.0000
30.1830 0.0000 0.0000
30.1998 0.0000 0.0000
30.2167 0.0000 0.0000
30.2335 0.0000 0.0000
30.2503 0.0000 0.0000
30.2672 0.0000 0.0000
30.2840 0.0000 0.0000
30.3008 0.0000 0.0000
30.3177 0.0000 0.0000
30.3345 0.0000 0.0000
30.3513 0.0000 0.0000
30.3682 0.0000 0.0000
30.3850 0.0000 0.0000
30.4018 0.0000 0.0000
30.4187 0.0000 0.0000
30.4355 0.0000 0.0000
30.4523 0.0000 0.0000
30.4692 0.0000 0.0000
30.4860 0.0000 0.0000
30.5028 0.0000 0.0000
30.5197 0.0000 0.0000
30.5365 0.0000 0.0000
30.5533 0.0000 0.0000
30.5702 0.0000 0.0000
30.5870 0.0000 0.0000
30.6039 0.0000 0.0000
30.6207 0.0000 0.0000
30.6375 0.0000 0.0000
30.6544 0.0000 0.0000
30.6712 0.0000 0.0000
30.6880 0.0000 0.0000
30.7049 0.0000 0.0000
30.7217 0.0000 0.0000
30.7385 0.0000 0.0000
30.7554 0.0000 0.0000
30.7722 0.0000 0.0000
30.7890 0.0000 0.0000
30.8059 0.0000 0.0000
30.8227 0.0000 0.0000
30.8395 0.0000 0.0000
30.8564 0.0000 0.0000
30.8732 0.0000 0.0000
30.8900 0.0000 0.0000
30.9069 0.0000 0.0000
30.9237 0.0000 0.0000
30.9405 0.0000 0.0000
30.9574 0.0000 0.0000
30.9742 0.0000 0.0000
30.9910 0.0000 0.0000
31.0079 0.0000 0.0000
31.0247 0.0000 0.0000
31.0415 0.0000 0.0000
31.0584 0.0000 0.0000
31.0752 0.0000 0.0000
31.0920 0.0000 0.0000
31.1089 0.0000 0.0000
31.1257 0.0000 0.0000
31.1425 0.0000 0.0000
31.1594 0.0000 0.0000
31.1762 0.0000 0.0000
31.1930 0.0000 0.0000
31.2099 0.0000 0.0000
31.2267 0.0000 0.0000
31.2435 0.0000 0.0000
31.2604 0.0000 0.0000
31.2772 0.0000 0.0000
31.2940 0.0000 0.0000
31.3109 0.0000 0.0000
31.3277 0.0000 0.0000
31.3445 0.0000 0.0000
31.3614 0.0000 0.0000
31.3782 0.0000 0.0000
31.3950 0.0000 0.0000
31.4119 0.0000 0.0000
31.4287 0.0000 0.0000
31.4455 0.0000 0.0000
31.4624 0.0000 0.0000
31.4792 0.0000 0.0000
31.4960 0.0000 0.0000
31.5129 0.0000 0.0000
31.5297 0.0000 0.0000
31.5465 0.0000 0.0000
31.5634 0.0000 0.0000
31.5802 0.0000 0.0000
31.5970 0.0000 0.0000
31.6139 0.0000 0.0000
31.6307 0.0000 0.0000
31.6475 0.0000 0.0000
31.6644 0.0000 0.0000
31.6812 0.0000 0.0000
31.6980 0.0000 0.0000
31.7149 0.0000 0.0000
31.7317 0.0000 0.0000
31.7485 0.0000 0.0000
31.7654 0.0000 0.0000
31.7822 0.0000 0.0000
31.7991 0.0000 0.0000
31.8159 0.0000 0.0000
31.8327 0.0000 0.0000
31.8496 0.0000 0.0000
31.8664 0.0000 0.0000
31.8832 0.0000 0.0000
31.9001 0.0000 0.0000
31.9169 0.0000 0.0000
31.9337 0.0000 0.0000
31.9506 0.0000 0.0000
31.9674 0.0000 0.0000
31.9842 0.0000 0.0000
32.0011 0.0000 0.0000
32.0179 0.0000 0.0000
32.0347 0.0000 0.0000
32.0516 0.0000 0.0000
32.0684 0.0000 0.0000
32.0852 0.0000 0.0000
32.1021 0.0000 0.0000
32.1189 0.0000 0.0000
32.1357 0.0000 0.0000
32.1526 0.0000 0.0000
32.1694 0.0000 0.0000
32.1862 0.0000 0.0000
32.2031 0.0000 0.0000
32.2199 0.0000 0.0000
32.2367 0.0000 0.0000
32.2536 0.0000 0.0000
32.2704 0.0000 0.0000
32.2872 0.0000 0.0000
32.3041 0.0000 0.0000
32.3209 0.0000 0.0000
32.3377 0.0000 0.0000
32.3546 0.0000 0.0000
32.3714 0.0000 0.0000
32.3882 0.0000 0.0000
32.4051 0.0000 0.0000
32.4219 0.0000 0.0000
32.4387 0.0000 0.0000
32.4556 0.0000 0.0000
32.4724 0.0000 0.0000
32.4892 0.0000 0.0000
32.5061 0.0000 0.0000
32.5229 0.0000 0.0000
32.5397 0.0000 0.0000
32.5566 0.0000 0.0000
32.5734 0.0000 0.0000
32.5902 0.0000 0.0000
32.6071 0.0000 0.0000
32.6239 0.0000 0.0000
32.6407 0.0000 0.0000
32.6576 0.0000 0.0000
32.6744 0.0000 0.0000
32.6912 0.0000 0.0000
32.7081 0.0000 0.0000
32.7249 0.0000 0.0000
32.7417 0.0000 0.0000
32.7586 0.0000 0.0000
32.7754 0.0000 0.0000
32.7922 0.0000 0.0000
32.8091 0.0000 0.0000
32.8259 0.0000 0.0000
32.8427 0.0000 0.0000
32.8596 0.0000 0.0000
32.8764 0.0000 0.0000
32.8932 0.0000 0.0000
32.9101 0.0000 0.0000
32.9269 0.0000 0.0000
32.9437 0.0000 0.0000
32.9606 0.0000 0.0000
32.9774 0.0000 0.0000
32.9943 0.0000 0.0000
33.0111 0.0000 0.0000
33.0279 0.0000 0.0000
33.0448 0.0000 0.0000
33.0616 0.0000 0.0000
33.0784 0.0000 0.0000
33.0953 0.0000 0.0000
33.1121 0.0000 0.0000
33.1289 0.0000 0.0000
33.1458 0.0000 0.0000
33.1626 0.0000 0.0000
33.1794 0.0000 0.0000
33.1963 0.0000 0.0000
33.2131 0.0000 0.0000
33.2299 0.0000 0.0000
33.2468 0.0000 0.0000
33.2636 0.0000 0.0000
33.2804 0.0000 0.0000
33.2973 0.0000 0.0000
33.3141 0.0000 0.0000
33.3309 0.0000 0.0000
33.3478 0.0000 0.0000
33.3646 0.0000 0.0000
33.3814 0.0000 0.0000
33.3983 0.0000 0.0000
33.4151 0.0000 0.0000
33.4319 0.0000 0.0000
33.4488 0.0000 0.0000
33.4656 0.0000 0.0000
33.4824 0.0000 0.0000
33.4993 0.0000 0.0000
33.5161 0.0000 0.0000
33.5329 0.0000 0.0000
33.5498 0.0000 0.0000
33.5666 0.0000 0.0000
33.5834 0.0000 0.0000
33.6003 0.0000 0.0000
33.6171 0.0000 0.0000
33.6339 0.0000 0.0000
33.6508 0.0000 0.0000
