0.0000 0.0000 0.0000
0.0184 2.2113 1.3903
0.0369 4.3794 2.7554
0.0553 6.4625 4.0708
0.0737 8.4225 5.3143
0.0922 10.2258 6.4662
0.1106 11.8448 7.5106
0.1291 13.2586 8.4351
0.1475 14.4534 9.2317
0.1659 15.4225 9.8966
0.1844 16.1664 10.4299
0.2028 16.6915 10.8353
0.2212 17.0100 11.1196
0.2397 17.1384 11.2924
0.2581 17.0964 11.3650
0.2766 16.9059 11.3498
0.2950 16.5898 11.2601
0.3134 16.1713 11.1090
0.3319 15.6723 10.9093
0.3503 15.1137 10.6726
0.3687 14.5140 10.4097
0.3872 13.8898 10.1297
0.4056 13.2549 9.8404
0.4241 12.6208 9.5480
0.4425 11.9968 9.2572
0.4609 11.3900 8.9714
0.4794 10.8053 8.6928
0.4978 10.2464 8.4225
0.5162 9.7154 8.1610
0.5347 9.2134 7.9078
0.5531 8.7406 7.6622
0.5716 8.2966 7.4234
0.5900 7.8807 7.1903
0.6084 7.4917 6.9618
0.6269 7.1282 6.7373
0.6453 6.7890 6.5160
0.6637 6.4726 6.2978
0.6822 6.1776 6.0827
0.7006 5.9025 5.8711
0.7191 5.6461 5.6636
0.7375 5.4071 5.4611
0.7559 5.1844 5.2646
0.7744 4.9770 5.0752
0.7928 4.7839 4.8940
0.8112 4.6043 4.7221
0.8297 4.4375 4.5605
0.8481 4.2829 4.4098
0.8666 4.1400 4.2707
0.8850 4.0084 4.1433
0.9034 3.8878 4.0278
0.9219 3.7779 3.9239
0.9403 3.6785 3.8312
0.9587 3.5894 3.7490
0.9772 3.5102 3.6765
0.9956 3.4408 3.6129
1.0141 3.3807 3.5570
1.0325 3.3296 3.5078
1.0509 3.2869 3.4642
1.0694 3.2520 3.4251
1.0878 3.2241 3.3895
1.1062 3.2025 3.3566
1.1247 3.1862 3.3254
1.1431 3.1744 3.2952
1.1615 3.1660 3.2655
1.1800 3.1600 3.2358
1.1984 3.1555 3.2059
1.2169 3.1515 3.1754
1.2353 3.1473 3.1444
1.2537 3.1422 3.1129
1.2722 3.1355 3.0810
1.2906 3.1269 3.0489
1.3090 3.1163 3.0170
1.3275 3.1035 2.9854
1.3459 3.0886 2.9545
1.3644 3.0721 2.9246
1.3828 3.0542 2.8961
1.4012 3.0354 2.8692
1.4197 3.0163 2.8442
1.4381 2.9974 2.8211
1.4565 2.9793 2.8002
1.4750 2.9625 2.7815
1.4934 2.9475 2.7649
1.5119 2.9344 2.7504
1.5303 2.9237 2.7377
1.5487 2.9155 2.7265
1.5672 2.9096 2.7167
1.5856 2.9062 2.7077
1.6040 2.9051 2.6993
1.6225 2.9060 2.6909
1.6409 2.9086 2.6823
1.6594 2.9127 2.6729
1.6778 2.9179 2.6626
1.6962 2.9238 2.6509
1.7147 2.9301 2.6378
1.7331 2.9365 2.6230
1.7515 2.9425 2.6066
1.7700 2.9479 2.5886
1.7884 2.9522 2.5691
1.8069 2.9553 2.5483
1.8253 2.9566 2.5264
1.8437 2.9560 2.5037
1.8622 2.9531 2.4805
1.8806 2.9476 2.4569
1.8990 2.9392 2.4333
1.9175 2.9276 2.4100
1.9359 2.9127 2.3869
1.9544 2.8943 2.3643
1.9728 2.8721 2.3423
1.9912 2.8462 2.3208
2.0097 2.8165 2.2999
2.0281 2.7831 2.2794
2.0465 2.7461 2.2594
2.0650 2.7057 2.2397
2.0834 2.6621 2.2203
2.1018 2.6158 2.2011
2.1203 2.5671 2.1821
2.1387 2.5166 2.1633
2.1572 2.4646 2.1447
2.1756 2.4118 2.1263
2.1940 2.3587 2.1081
2.2125 2.3058 2.0903
2.2309 2.2536 2.0727
2.2493 2.2026 2.0555
2.2678 2.1532 2.0386
2.2862 2.1057 2.0220
2.3047 2.0603 2.0055
2.3231 2.0173 1.9891
2.3415 1.9767 1.9726
2.3600 1.9384 1.9560
2.3784 1.9026 1.9390
2.3968 1.8690 1.9215
2.4153 1.8375 1.9034
2.4337 1.8078 1.8847
2.4522 1.7799 1.8652
2.4706 1.7534 1.8451
2.4890 1.7281 1.8243
2.5075 1.7040 1.8030
2.5259 1.6806 1.7813
2.5443 1.6580 1.7594
2.5628 1.6360 1.7375
2.5812 1.6145 1.7159
2.5997 1.5934 1.6947
2.6181 1.5727 1.6743
2.6365 1.5524 1.6548
2.6550 1.5325 1.6365
2.6734 1.5129 1.6195
2.6918 1.4937 1.6039
2.7103 1.4750 1.5899
2.7287 1.4567 1.5773
2.7472 1.4389 1.5663
2.7656 1.4216 1.5566
2.7840 1.4048 1.5483
2.8025 1.3885 1.5410
2.8209 1.3727 1.5345
2.8393 1.3574 1.5287
2.8578 1.3426 1.5233
2.8762 1.3283 1.5180
2.8947 1.3143 1.5126
2.9131 1.3008 1.5068
2.9315 1.2877 1.5006
2.9500 1.2749 1.4937
2.9684 1.2624 1.4860
2.9868 1.2501 1.4775
3.0053 1.2380 1.4683
3.0237 1.2260 1.4582
3.0422 1.2140 1.4476
3.0606 1.2020 1.4365
3.0790 1.1900 1.4250
3.0975 1.1778 1.4134
3.1159 1.1654 1.4019
3.1343 1.1528 1.3906
3.1528 1.1399 1.3797
3.1712 1.1268 1.3694
3.1896 1.1134 1.3598
3.2081 1.0998 1.3509
3.2265 1.0859 1.3427
3.2450 1.0717 1.3353
3.2634 1.0574 1.3284
3.2818 1.0429 1.3221
3.3003 1.0283 1.3162
3.3187 1.0137 1.3105
3.3371 0.9990 1.3048
3.3556 0.9844 1.2990
3.3740 0.9699 1.2928
3.3925 0.9556 1.2863
3.4109 0.9415 1.2793
3.4293 0.9276 1.2716
3.4478 0.9142 1.2633
3.4662 0.9011 1.2544
3.4846 0.8884 1.2448
3.5031 0.8762 1.2347
3.5215 0.8645 1.2240
3.5400 0.8533 1.2127
3.5584 0.8426 1.2010
3.5768 0.8324 1.1888
3.5953 0.8228 1.1763
3.6137 0.8138 1.1634
3.6321 0.8054 1.1500
3.6506 0.7976 1.1364
3.6690 0.7905 1.1223
3.6875 0.7841 1.1079
3.7059 0.7783 1.0930
3.7243 0.7733 1.0779
3.7428 0.7690 1.0624
3.7612 0.7654 1.0468
3.7796 0.7625 1.0309
3.7981 0.7602 1.0150
3.8165 0.7584 0.9992
3.8350 0.7571 0.9837
3.8534 0.7562 0.9686
3.8718 0.7555 0.9541
3.8903 0.7550 0.9403
3.9087 0.7546 0.9274
3.9271 0.7542 0.9156
3.9456 0.7537 0.9050
3.9640 0.7530 0.8956
3.9825 0.7522 0.8874
4.0009 0.7513 0.8805
4.0193 0.7502 0.8748
4.0378 0.7490 0.8701
4.0562 0.7477 0.8665
4.0746 0.7465 0.8636
4.0931 0.7454 0.8613
4.1115 0.7445 0.8596
4.1299 0.7438 0.8580
4.1484 0.7436 0.8566
4.1668 0.7437 0.8550
4.1853 0.7444 0.8533
4.2037 0.7455 0.8513
4.2221 0.7472 0.8488
4.2406 0.7493 0.8459
4.2590 0.7519 0.8425
4.2774 0.7549 0.8385
4.2959 0.7581 0.8342
4.3143 0.7616 0.8293
4.3328 0.7650 0.8241
4.3512 0.7684 0.8185
4.3696 0.7716 0.8126
4.3881 0.7744 0.8066
4.4065 0.7767 0.8003
4.4249 0.7785 0.7940
4.4434 0.7796 0.7876
4.4618 0.7799 0.7812
4.4803 0.7794 0.7750
4.4987 0.7781 0.7688
4.5171 0.7759 0.7628
4.5356 0.7729 0.7570
4.5540 0.7691 0.7514
4.5724 0.7645 0.7459
4.5909 0.7591 0.7406
4.6093 0.7531 0.7355
4.6278 0.7464 0.7305
4.6462 0.7392 0.7255
4.6646 0.7316 0.7206
4.6831 0.7237 0.7156
4.7015 0.7155 0.7105
4.7199 0.7072 0.7053
4.7384 0.6988 0.7000
4.7568 0.6905 0.6944
4.7753 0.6823 0.6886
4.7937 0.6744 0.6825
4.8121 0.6667 0.6762
4.8306 0.6595 0.6696
4.8490 0.6526 0.6629
4.8674 0.6462 0.6560
4.8859 0.6403 0.6489
4.9043 0.6348 0.6418
4.9228 0.6297 0.6345
4.9412 0.6251 0.6273
4.9596 0.6209 0.6202
4.9781 0.6170 0.6131
4.9965 0.6134 0.6061
5.0149 0.6100 0.5993
5.0334 0.6068 0.5926
5.0518 0.6037 0.5863
5.0703 0.6006 0.5801
5.0887 0.5975 0.5742
5.1071 0.5943 0.5687
5.1256 0.5911 0.5634
5.1440 0.5878 0.5584
5.1624 0.5843 0.5538
5.1809 0.5807 0.5495
5.1993 0.5770 0.5454
5.2177 0.5732 0.5416
5.2362 0.5694 0.5381
5.2546 0.5654 0.5348
5.2731 0.5614 0.5316
5.2915 0.5575 0.5285
5.3099 0.5535 0.5254
5.3284 0.5496 0.5223
5.3468 0.5457 0.5192
5.3652 0.5419 0.5159
5.3837 0.5381 0.5124
5.4021 0.5345 0.5087
5.4206 0.5309 0.5048
5.4390 0.5274 0.5006
5.4574 0.5240 0.4960
5.4759 0.5206 0.4912
5.4943 0.5173 0.4861
5.5127 0.5140 0.4807
5.5312 0.5108 0.4751
5.5496 0.5077 0.4692
5.5681 0.5046 0.4632
5.5865 0.5015 0.4572
5.6049 0.4985 0.4511
5.6234 0.4955 0.4450
5.6418 0.4926 0.4391
5.6602 0.4897 0.4333
5.6787 0.4869 0.4278
5.6971 0.4841 0.4225
5.7156 0.4813 0.4176
5.7340 0.4786 0.4130
5.7524 0.4759 0.4088
5.7709 0.4733 0.4050
5.7893 0.4708 0.4016
5.8077 0.4683 0.3986
5.8262 0.4658 0.3959
5.8446 0.4634 0.3936
5.8631 0.4610 0.3916
5.8815 0.4587 0.3899
5.8999 0.4564 0.3886
5.9184 0.4541 0.3874
5.9368 0.4518 0.3866
5.9552 0.4496 0.3860
5.9737 0.4473 0.3856
5.9921 0.4451 0.3854
6.0106 0.4427 0.3855
6.0290 0.4403 0.3857
6.0474 0.4378 0.3861
6.0659 0.4352 0.3866
6.0843 0.4324 0.3873
6.1027 0.4295 0.3882
6.1212 0.4264 0.3891
6.1396 0.4232 0.3901
6.1581 0.4198 0.3911
6.1765 0.4163 0.3922
6.1949 0.4127 0.3932
6.2134 0.4090 0.3941
6.2318 0.4052 0.3949
6.2502 0.4014 0.3955
6.2687 0.3976 0.3960
6.2871 0.3939 0.3962
6.3055 0.3902 0.3962
6.3240 0.3867 0.3959
6.3424 0.3832 0.3952
6.3609 0.3799 0.3943
6.3793 0.3767 0.3929
6.3977 0.3737 0.3913
6.4162 0.3708 0.3892
6.4346 0.3680 0.3869
6.4530 0.3653 0.3842
6.4715 0.3628 0.3811
6.4899 0.3603 0.3778
6.5084 0.3579 0.3743
6.5268 0.3556 0.3706
6.5452 0.3534 0.3668
6.5637 0.3513 0.3628
6.5821 0.3492 0.3589
6.6005 0.3472 0.3549
6.6190 0.3454 0.3511
6.6374 0.3436 0.3473
6.6559 0.3419 0.3438
6.6743 0.3403 0.3404
6.6927 0.3388 0.3372
6.7112 0.3374 0.3343
6.7296 0.3361 0.3315
6.7480 0.3349 0.3290
6.7665 0.3339 0.3267
6.7849 0.3329 0.3245
6.8034 0.3320 0.3225
6.8218 0.3312 0.3206
6.8402 0.3304 0.3187
6.8587 0.3298 0.3170
6.8771 0.3292 0.3152
6.8955 0.3287 0.3135
6.9140 0.3282 0.3117
6.9324 0.3278 0.3099
6.9509 0.3274 0.3081
6.9693 0.3270 0.3062
6.9877 0.3266 0.3043
7.0062 0.3263 0.3024
7.0246 0.3259 0.3004
7.0430 0.3256 0.2984
7.0615 0.3253 0.2964
7.0799 0.3249 0.2945
7.0984 0.3246 0.2925
7.1168 0.3242 0.2906
7.1352 0.3238 0.2887
7.1537 0.3233 0.2870
7.1721 0.3228 0.2853
7.1905 0.3223 0.2838
7.2090 0.3217 0.2824
7.2274 0.3210 0.2813
7.2458 0.3202 0.2802
7.2643 0.3194 0.2794
7.2827 0.3185 0.2787
7.3012 0.3175 0.2782
7.3196 0.3165 0.2779
7.3380 0.3153 0.2777
7.3565 0.3141 0.2776
7.3749 0.3129 0.2777
7.3933 0.3115 0.2778
7.4118 0.3101 0.2779
7.4302 0.3087 0.2781
7.4487 0.3071 0.2782
7.4671 0.3055 0.2784
7.4855 0.3038 0.2785
7.5040 0.3021 0.2785
7.5224 0.3003 0.2784
7.5408 0.2984 0.2783
7.5593 0.2965 0.2780
7.5777 0.2945 0.2776
7.5962 0.2925 0.2772
7.6146 0.2904 0.2766
7.6330 0.2883 0.2759
7.6515 0.2863 0.2751
7.6699 0.2843 0.2742
7.6883 0.2823 0.2733
7.7068 0.2804 0.2722
7.7252 0.2786 0.2711
7.7437 0.2769 0.2698
7.7621 0.2753 0.2685
7.7805 0.2737 0.2671
7.7990 0.2723 0.2657
7.8174 0.2710 0.2641
7.8358 0.2698 0.2625
7.8543 0.2686 0.2608
7.8727 0.2674 0.2590
7.8912 0.2663 0.2571
7.9096 0.2652 0.2552
7.9280 0.2641 0.2533
7.9465 0.2630 0.2512
7.9649 0.2618 0.2491
7.9833 0.2607 0.2470
8.0018 0.2595 0.2449
8.0202 0.2584 0.2427
8.0387 0.2573 0.2405
8.0571 0.2562 0.2384
8.0755 0.2552 0.2362
8.0940 0.2542 0.2341
8.1124 0.2533 0.2321
8.1308 0.2526 0.2300
8.1493 0.2520 0.2281
8.1677 0.2515 0.2262
8.1862 0.2511 0.2243
8.2046 0.2509 0.2225
8.2230 0.2509 0.2208
8.2415 0.2509 0.2192
8.2599 0.2511 0.2176
8.2783 0.2513 0.2161
8.2968 0.2516 0.2146
8.3152 0.2519 0.2132
8.3336 0.2523 0.2118
8.3521 0.2526 0.2105
8.3705 0.2529 0.2092
8.3890 0.2532 0.2080
8.4074 0.2533 0.2067
8.4258 0.2534 0.2055
8.4443 0.2533 0.2043
8.4627 0.2532 0.2031
8.4811 0.2529 0.2019
8.4996 0.2525 0.2008
8.5180 0.2520 0.1996
8.5365 0.2513 0.1984
8.5549 0.2506 0.1973
8.5733 0.2497 0.1962
8.5918 0.2488 0.1952
8.6102 0.2478 0.1942
8.6286 0.2467 0.1933
8.6471 0.2456 0.1924
8.6655 0.2445 0.1917
8.6840 0.2434 0.1910
8.7024 0.2422 0.1905
8.7208 0.2411 0.1901
8.7393 0.2400 0.1898
8.7577 0.2389 0.1897
8.7761 0.2378 0.1897
8.7946 0.2368 0.1898
8.8130 0.2358 0.1901
8.8315 0.2348 0.1904
8.8499 0.2338 0.1909
8.8683 0.2329 0.1914
8.8868 0.2319 0.1920
8.9052 0.2310 0.1925
8.9236 0.2300 0.1931
8.9421 0.2291 0.1937
8.9605 0.2280 0.1942
8.9790 0.2270 0.1947
8.9974 0.2259 0.1950
9.0158 0.2248 0.1952
9.0343 0.2237 0.1953
9.0527 0.2225 0.1953
9.0711 0.2213 0.1951
9.0896 0.2202 0.1948
9.1080 0.2190 0.1943
9.1265 0.2179 0.1937
9.1449 0.2169 0.1929
9.1633 0.2159 0.1920
9.1818 0.2150 0.1910
9.2002 0.2142 0.1898
9.2186 0.2134 0.1886
9.2371 0.2128 0.1874
9.2555 0.2123 0.1861
9.2739 0.2119 0.1847
9.2924 0.2116 0.1834
9.3108 0.2114 0.1820
9.3293 0.2113 0.1807
9.3477 0.2112 0.1794
9.3661 0.2113 0.1781
9.3846 0.2114 0.1769
9.4030 0.2115 0.1757
9.4214 0.2117 0.1746
9.4399 0.2120 0.1735
9.4583 0.2122 0.1725
9.4768 0.2125 0.1715
9.4952 0.2129 0.1707
9.5136 0.2132 0.1698
9.5321 0.2136 0.1691
9.5505 0.2139 0.1684
9.5689 0.2143 0.1678
9.5874 0.2146 0.1672
9.6058 0.2148 0.1667
9.6243 0.2151 0.1663
9.6427 0.2153 0.1659
9.6611 0.2154 0.1656
9.6796 0.2154 0.1653
9.6980 0.2154 0.1651
9.7164 0.2153 0.1649
9.7349 0.2151 0.1648
9.7533 0.2149 0.1646
9.7718 0.2146 0.1646
9.7902 0.2143 0.1645
9.8086 0.2139 0.1645
9.8271 0.2134 0.1645
9.8455 0.2130 0.1645
9.8639 0.2125 0.1645
9.8824 0.2120 0.1646
9.9008 0.2114 0.1646
9.9193 0.2109 0.1647
9.9377 0.2104 0.1648
9.9561 0.2098 0.1648
9.9746 0.2093 0.1649
9.9930 0.2087 0.1650
10.0114 0.2081 0.1651
10.0299 0.2076 0.1652
10.0483 0.2070 0.1653
10.0668 0.2065 0.1654
10.0852 0.2059 0.1654
10.1036 0.2054 0.1655
10.1221 0.2049 0.1655
10.1405 0.2044 0.1655
10.1589 0.2039 0.1655
10.1774 0.2035 0.1654
10.1958 0.2031 0.1653
10.2143 0.2027 0.1651
10.2327 0.2024 0.1649
10.2511 0.2021 0.1647
10.2696 0.2019 0.1644
10.2880 0.2016 0.1641
10.3064 0.2014 0.1637
10.3249 0.2013 0.1633
10.3433 0.2011 0.1629
10.3617 0.2010 0.1625
10.3802 0.2008 0.1620
10.3986 0.2007 0.1616
10.4171 0.2006 0.1612
10.4355 0.2004 0.1607
10.4539 0.2002 0.1603
10.4724 0.2001 0.1599
10.4908 0.1998 0.1595
10.5092 0.1996 0.1591
10.5277 0.1993 0.1588
10.5461 0.1990 0.1585
10.5646 0.1987 0.1581
10.5830 0.1983 0.1578
10.6014 0.1978 0.1575
10.6199 0.1973 0.1572
10.6383 0.1967 0.1568
10.6567 0.1961 0.1565
10.6752 0.1954 0.1561
10.6936 0.1946 0.1557
10.7121 0.1937 0.1553
10.7305 0.1928 0.1548
10.7489 0.1917 0.1543
10.7674 0.1906 0.1538
10.7858 0.1895 0.1533
10.8042 0.1882 0.1528
10.8227 0.1870 0.1522
10.8411 0.1856 0.1516
10.8596 0.1843 0.1511
10.8780 0.1829 0.1506
10.8964 0.1816 0.1501
10.9149 0.1802 0.1496
10.9333 0.1789 0.1491
10.9517 0.1777 0.1487
10.9702 0.1765 0.1484
10.9886 0.1754 0.1480
11.0071 0.1744 0.1477
11.0255 0.1736 0.1474
11.0439 0.1728 0.1471
11.0624 0.1721 0.1468
11.0808 0.1715 0.1465
11.0992 0.1710 0.1462
11.1177 0.1705 0.1459
11.1361 0.1702 0.1456
11.1546 0.1698 0.1452
11.1730 0.1695 0.1448
11.1914 0.1691 0.1444
11.2099 0.1688 0.1439
11.2283 0.1684 0.1434
11.2467 0.1680 0.1429
11.2652 0.1675 0.1423
11.2836 0.1670 0.1417
11.3021 0.1665 0.1411
11.3205 0.1658 0.1405
11.3389 0.1652 0.1398
11.3574 0.1645 0.1392
11.3758 0.1638 0.1386
11.3942 0.1631 0.1379
11.4127 0.1625 0.1373
11.4311 0.1618 0.1367
11.4495 0.1612 0.1362
11.4680 0.1607 0.1356
11.4864 0.1601 0.1351
11.5049 0.1597 0.1346
11.5233 0.1593 0.1341
11.5417 0.1589 0.1336
11.5602 0.1585 0.1331
11.5786 0.1582 0.1326
11.5970 0.1579 0.1321
11.6155 0.1576 0.1316
11.6339 0.1572 0.1311
11.6524 0.1569 0.1305
11.6708 0.1565 0.1300
11.6892 0.1561 0.1294
11.7077 0.1556 0.1288
11.7261 0.1552 0.1282
11.7445 0.1546 0.1275
11.7630 0.1541 0.1269
11.7814 0.1535 0.1262
11.7999 0.1529 0.1255
11.8183 0.1523 0.1248
11.8367 0.1517 0.1241
11.8552 0.1510 0.1234
11.8736 0.1504 0.1227
11.8920 0.1497 0.1220
11.9105 0.1491 0.1214
11.9289 0.1485 0.1207
11.9474 0.1478 0.1201
11.9658 0.1472 0.1195
11.9842 0.1465 0.1190
12.0027 0.1459 0.1184
12.0211 0.1452 0.1179
12.0395 0.1445 0.1174
12.0580 0.1437 0.1169
12.0764 0.1429 0.1163
12.0949 0.1421 0.1158
12.1133 0.1413 0.1153
12.1317 0.1404 0.1148
12.1502 0.1395 0.1142
12.1686 0.1386 0.1137
12.1870 0.1376 0.1131
12.2055 0.1367 0.1125
12.2239 0.1356 0.1119
12.2424 0.1346 0.1112
12.2608 0.1336 0.1105
12.2792 0.1325 0.1099
12.2977 0.1314 0.1092
12.3161 0.1304 0.1084
12.3345 0.1293 0.1077
12.3530 0.1282 0.1069
12.3714 0.1272 0.1062
12.3898 0.1261 0.1054
12.4083 0.1251 0.1046
12.4267 0.1241 0.1038
12.4452 0.1232 0.1029
12.4636 0.1222 0.1021
12.4820 0.1213 0.1012
12.5005 0.1205 0.1004
12.5189 0.1196 0.0995
12.5373 0.1188 0.0987
12.5558 0.1180 0.0978
12.5742 0.1173 0.0969
12.5927 0.1166 0.0961
12.6111 0.1159 0.0952
12.6295 0.1152 0.0944
12.6480 0.1146 0.0936
12.6664 0.1139 0.0928
12.6848 0.1133 0.0920
12.7033 0.1126 0.0912
12.7217 0.1120 0.0905
12.7402 0.1114 0.0898
12.7586 0.1107 0.0890
12.7770 0.1101 0.0884
12.7955 0.1094 0.0877
12.8139 0.1088 0.0870
12.8323 0.1081 0.0864
12.8508 0.1074 0.0858
12.8692 0.1067 0.0852
12.8877 0.1060 0.0846
12.9061 0.1053 0.0840
12.9245 0.1046 0.0834
12.9430 0.1039 0.0828
12.9614 0.1031 0.0822
12.9798 0.1024 0.0816
12.9983 0.1017 0.0810
13.0167 0.1010 0.0804
13.0352 0.1002 0.0798
13.0536 0.0995 0.0792
13.0720 0.0988 0.0786
13.0905 0.0981 0.0779
13.1089 0.0974 0.0773
13.1273 0.0968 0.0767
13.1458 0.0961 0.0760
13.1642 0.0955 0.0753
13.1827 0.0949 0.0747
13.2011 0.0943 0.0740
13.2195 0.0937 0.0734
13.2380 0.0931 0.0727
13.2564 0.0925 0.0721
13.2748 0.0920 0.0715
13.2933 0.0914 0.0709
13.3117 0.0908 0.0703
13.3302 0.0903 0.0697
13.3486 0.0897 0.0692
13.3670 0.0892 0.0687
13.3855 0.0886 0.0682
13.4039 0.0881 0.0677
13.4223 0.0876 0.0672
13.4408 0.0870 0.0668
13.4592 0.0865 0.0663
13.4776 0.0860 0.0659
13.4961 0.0855 0.0655
13.5145 0.0851 0.0651
13.5330 0.0846 0.0648
13.5514 0.0842 0.0644
13.5698 0.0837 0.0641
13.5883 0.0833 0.0638
13.6067 0.0829 0.0634
13.6251 0.0825 0.0631
13.6436 0.0821 0.0628
13.6620 0.0817 0.0625
13.6805 0.0813 0.0623
13.6989 0.0808 0.0620
13.7173 0.0804 0.0617
13.7358 0.0799 0.0614
13.7542 0.0795 0.0612
13.7726 0.0790 0.0609
13.7911 0.0784 0.0607
13.8095 0.0779 0.0604
13.8280 0.0773 0.0601
13.8464 0.0767 0.0599
13.8648 0.0761 0.0596
13.8833 0.0754 0.0593
13.9017 0.0748 0.0591
13.9201 0.0741 0.0588
13.9386 0.0734 0.0585
13.9570 0.0727 0.0582
13.9755 0.0720 0.0579
13.9939 0.0714 0.0575
14.0123 0.0707 0.0572
14.0308 0.0700 0.0569
14.0492 0.0693 0.0565
14.0676 0.0687 0.0561
14.0861 0.0681 0.0558
14.1045 0.0675 0.0554
14.1230 0.0669 0.0550
14.1414 0.0663 0.0546
14.1598 0.0658 0.0542
14.1783 0.0653 0.0538
14.1967 0.0648 0.0534
14.2151 0.0644 0.0530
14.2336 0.0639 0.0526
14.2520 0.0635 0.0522
14.2705 0.0632 0.0519
14.2889 0.0628 0.0515
14.3073 0.0625 0.0512
14.3258 0.0622 0.0510
14.3442 0.0619 0.0507
14.3626 0.0616 0.0505
14.3811 0.0613 0.0502
14.3995 0.0611 0.0501
14.4179 0.0609 0.0499
14.4364 0.0607 0.0497
14.4548 0.0605 0.0496
14.4733 0.0603 0.0494
14.4917 0.0601 0.0493
14.5101 0.0600 0.0492
14.5286 0.0598 0.0491
14.5470 0.0597 0.0490
14.5654 0.0596 0.0488
14.5839 0.0594 0.0487
14.6023 0.0593 0.0486
14.6208 0.0592 0.0485
14.6392 0.0591 0.0483
14.6576 0.0590 0.0482
14.6761 0.0589 0.0480
14.6945 0.0588 0.0479
14.7129 0.0587 0.0477
14.7314 0.0586 0.0476
14.7498 0.0584 0.0474
14.7683 0.0583 0.0472
14.7867 0.0581 0.0471
14.8051 0.0579 0.0469
14.8236 0.0577 0.0467
14.8420 0.0575 0.0465
14.8604 0.0573 0.0463
14.8789 0.0570 0.0461
14.8973 0.0567 0.0459
14.9158 0.0563 0.0457
14.9342 0.0560 0.0454
14.9526 0.0556 0.0452
14.9711 0.0552 0.0450
14.9895 0.0548 0.0448
15.0079 0.0543 0.0445
15.0264 0.0539 0.0443
15.0448 0.0534 0.0441
15.0633 0.0530 0.0439
15.0817 0.0525 0.0436
15.1001 0.0521 0.0434
15.1186 0.0517 0.0432
15.1370 0.0512 0.0430
15.1554 0.0508 0.0428
15.1739 0.0504 0.0426
15.1923 0.0501 0.0425
15.2108 0.0497 0.0423
15.2292 0.0493 0.0421
15.2476 0.0490 0.0419
15.2661 0.0487 0.0417
15.2845 0.0484 0.0415
15.3029 0.0481 0.0414
15.3214 0.0478 0.0412
15.3398 0.0475 0.0410
15.3583 0.0472 0.0408
15.3767 0.0470 0.0407
15.3951 0.0467 0.0405
15.4136 0.0465 0.0403
15.4320 0.0462 0.0402
15.4504 0.0460 0.0400
15.4689 0.0458 0.0399
15.4873 0.0456 0.0397
15.5057 0.0454 0.0396
15.5242 0.0452 0.0395
15.5426 0.0449 0.0393
15.5611 0.0447 0.0392
15.5795 0.0445 0.0391
15.5979 0.0443 0.0390
15.6164 0.0441 0.0389
15.6348 0.0440 0.0388
15.6532 0.0438 0.0387
15.6717 0.0436 0.0386
15.6901 0.0434 0.0385
15.7086 0.0432 0.0384
15.7270 0.0431 0.0383
15.7454 0.0429 0.0382
15.7639 0.0427 0.0380
15.7823 0.0426 0.0379
15.8007 0.0424 0.0378
15.8192 0.0423 0.0376
15.8376 0.0421 0.0375
15.8561 0.0420 0.0373
15.8745 0.0418 0.0371
15.8929 0.0416 0.0369
15.9114 0.0415 0.0367
15.9298 0.0413 0.0365
15.9482 0.0412 0.0364
15.9667 0.0410 0.0362
15.9851 0.0408 0.0360
16.0036 0.0406 0.0358
16.0220 0.0404 0.0356
16.0404 0.0402 0.0355
16.0589 0.0400 0.0353
16.0773 0.0398 0.0351
16.0957 0.0396 0.0349
16.1142 0.0394 0.0348
16.1326 0.0392 0.0346
16.1511 0.0390 0.0345
16.1695 0.0388 0.0343
16.1879 0.0386 0.0341
16.2064 0.0384 0.0340
16.2248 0.0382 0.0338
16.2432 0.0380 0.0336
16.2617 0.0378 0.0335
16.2801 0.0376 0.0333
16.2986 0.0375 0.0331
16.3170 0.0373 0.0329
16.3354 0.0371 0.0328
16.3539 0.0369 0.0326
16.3723 0.0368 0.0324
16.3907 0.0366 0.0323
16.4092 0.0364 0.0321
16.4276 0.0362 0.0320
16.4461 0.0361 0.0318
16.4645 0.0359 0.0316
16.4829 0.0357 0.0315
16.5014 0.0355 0.0314
16.5198 0.0353 0.0312
16.5382 0.0351 0.0311
16.5567 0.0349 0.0309
16.5751 0.0346 0.0308
16.5935 0.0344 0.0307
16.6120 0.0342 0.0305
16.6304 0.0339 0.0304
16.6489 0.0337 0.0303
16.6673 0.0334 0.0301
16.6857 0.0331 0.0300
16.7042 0.0328 0.0298
16.7226 0.0326 0.0297
16.7410 0.0323 0.0296
16.7595 0.0320 0.0294
16.7779 0.0317 0.0293
16.7964 0.0314 0.0291
16.8148 0.0311 0.0290
16.8332 0.0309 0.0288
16.8517 0.0306 0.0287
16.8701 0.0303 0.0285
16.8885 0.0301 0.0284
16.9070 0.0298 0.0282
16.9254 0.0296 0.0280
16.9439 0.0293 0.0278
16.9623 0.0291 0.0277
16.9807 0.0289 0.0275
16.9992 0.0286 0.0273
17.0176 0.0284 0.0271
17.0360 0.0282 0.0269
17.0545 0.0280 0.0267
17.0729 0.0278 0.0265
17.0914 0.0276 0.0263
17.1098 0.0274 0.0261
17.1282 0.0272 0.0259
17.1467 0.0271 0.0257
17.1651 0.0269 0.0255
17.1835 0.0267 0.0253
17.2020 0.0265 0.0251
17.2204 0.0263 0.0249
17.2389 0.0261 0.0247
17.2573 0.0259 0.0245
17.2757 0.0256 0.0242
17.2942 0.0254 0.0240
17.3126 0.0252 0.0238
17.3310 0.0250 0.0236
17.3495 0.0248 0.0234
17.3679 0.0246 0.0231
17.3864 0.0243 0.0229
17.4048 0.0241 0.0227
17.4232 0.0239 0.0224
17.4417 0.0237 0.0222
17.4601 0.0235 0.0220
17.4785 0.0232 0.0217
17.4970 0.0230 0.0215
17.5154 0.0228 0.0212
17.5338 0.0225 0.0210
17.5523 0.0223 0.0207
17.5707 0.0221 0.0205
17.5892 0.0219 0.0203
17.6076 0.0216 0.0200
17.6260 0.0214 0.0198
17.6445 0.0212 0.0195
17.6629 0.0209 0.0193
17.6813 0.0207 0.0190
17.6998 0.0205 0.0188
17.7182 0.0202 0.0185
17.7367 0.0200 0.0182
17.7551 0.0198 0.0180
17.7735 0.0195 0.0177
17.7920 0.0193 0.0175
17.8104 0.0191 0.0172
17.8288 0.0188 0.0170
17.8473 0.0186 0.0168
17.8657 0.0184 0.0165
17.8842 0.0182 0.0163
17.9026 0.0180 0.0161
17.9210 0.0178 0.0159
17.9395 0.0176 0.0157
17.9579 0.0174 0.0155
17.9763 0.0172 0.0153
17.9948 0.0170 0.0151
18.0132 0.0168 0.0149
18.0317 0.0166 0.0147
18.0501 0.0164 0.0145
18.0685 0.0162 0.0144
18.0870 0.0160 0.0142
18.1054 0.0158 0.0140
18.1238 0.0156 0.0139
18.1423 0.0154 0.0137
18.1607 0.0152 0.0136
18.1792 0.0150 0.0134
18.1976 0.0148 0.0133
18.2160 0.0146 0.0131
18.2345 0.0144 0.0130
18.2529 0.0142 0.0128
18.2713 0.0140 0.0127
18.2898 0.0139 0.0125
18.3082 0.0137 0.0124
18.3267 0.0135 0.0123
18.3451 0.0134 0.0121
18.3635 0.0132 0.0120
18.3820 0.0131 0.0118
18.4004 0.0129 0.0117
18.4188 0.0128 0.0116
18.4373 0.0126 0.0115
18.4557 0.0125 0.0113
18.4742 0.0123 0.0112
18.4926 0.0122 0.0111
18.5110 0.0121 0.0110
18.5295 0.0119 0.0109
18.5479 0.0118 0.0107
18.5663 0.0117 0.0106
18.5848 0.0115 0.0105
18.6032 0.0114 0.0104
18.6216 0.0113 0.0103
18.6401 0.0111 0.0102
18.6585 0.0110 0.0101
18.6770 0.0109 0.0100
18.6954 0.0108 0.0099
18.7138 0.0106 0.0098
18.7323 0.0105 0.0097
18.7507 0.0104 0.0095
18.7691 0.0103 0.0094
18.7876 0.0101 0.0093
18.8060 0.0100 0.0092
18.8245 0.0099 0.0091
18.8429 0.0098 0.0090
18.8613 0.0097 0.0088
18.8798 0.0096 0.0087
18.8982 0.0095 0.0086
18.9166 0.0094 0.0085
18.9351 0.0093 0.0084
18.9535 0.0091 0.0083
18.9720 0.0090 0.0082
18.9904 0.0089 0.0081
19.0088 0.0088 0.0080
19.0273 0.0087 0.0079
19.0457 0.0087 0.0078
19.0641 0.0086 0.0077
19.0826 0.0085 0.0076
19.1010 0.0084 0.0075
19.1195 0.0083 0.0074
19.1379 0.0082 0.0074
19.1563 0.0081 0.0073
19.1748 0.0080 0.0072
19.1932 0.0079 0.0071
19.2116 0.0078 0.0070
19.2301 0.0078 0.0069
19.2485 0.0077 0.0068
19.2670 0.0076 0.0067
19.2854 0.0075 0.0067
19.3038 0.0074 0.0066
19.3223 0.0073 0.0065
19.3407 0.0073 0.0064
19.3591 0.0072 0.0063
19.3776 0.0071 0.0062
19.3960 0.0070 0.0061
19.4145 0.0069 0.0060
19.4329 0.0068 0.0059
19.4513 0.0067 0.0059
19.4698 0.0067 0.0058
19.4882 0.0066 0.0057
19.5066 0.0065 0.0056
19.5251 0.0064 0.0056
19.5435 0.0063 0.0055
19.5619 0.0063 0.0054
19.5804 0.0062 0.0054
19.5988 0.0061 0.0053
19.6173 0.0061 0.0053
19.6357 0.0060 0.0052
19.6541 0.0059 0.0052
19.6726 0.0059 0.0051
19.6910 0.0058 0.0051
19.7094 0.0058 0.0050
19.7279 0.0057 0.0050
19.7463 0.0057 0.0049
19.7648 0.0056 0.0049
19.7832 0.0056 0.0048
19.8016 0.0055 0.0048
19.8201 0.0055 0.0048
19.8385 0.0055 0.0047
19.8569 0.0054 0.0047
19.8754 0.0054 0.0046
19.8938 0.0053 0.0046
19.9123 0.0053 0.0046
19.9307 0.0053 0.0045
19.9491 0.0052 0.0045
19.9676 0.0052 0.0044
19.9860 0.0051 0.0044
20.0044 0.0050 0.0043
20.0229 0.0050 0.0043
20.0413 0.0049 0.0043
20.0598 0.0049 0.0042
20.0782 0.0048 0.0042
20.0966 0.0048 0.0042
20.1151 0.0047 0.0041
20.1335 0.0046 0.0041
20.1519 0.0046 0.0040
20.1704 0.0045 0.0040
20.1888 0.0045 0.0040
20.2073 0.0044 0.0040
20.2257 0.0043 0.0039
20.2441 0.0043 0.0039
20.2626 0.0042 0.0039
20.2810 0.0042 0.0038
20.2994 0.0041 0.0038
20.3179 0.0041 0.0038
20.3363 0.0040 0.0038
20.3548 0.0040 0.0037
20.3732 0.0040 0.0037
20.3916 0.0039 0.0037
20.4101 0.0039 0.0037
20.4285 0.0039 0.0036
20.4469 0.0038 0.0036
20.4654 0.0038 0.0036
20.4838 0.0038 0.0036
20.5023 0.0037 0.0035
20.5207 0.0037 0.0035
20.5391 0.0037 0.0035
20.5576 0.0036 0.0035
20.5760 0.0036 0.0035
20.5944 0.0036 0.0034
20.6129 0.0036 0.0034
20.6313 0.0035 0.0034
20.6497 0.0035 0.0033
20.6682 0.0035 0.0033
20.6866 0.0034 0.0033
20.7051 0.0034 0.0033
20.7235 0.0034 0.0032
20.7419 0.0034 0.0032
20.7604 0.0033 0.0032
20.7788 0.0033 0.0032
20.7972 0.0033 0.0031
20.8157 0.0032 0.0031
20.8341 0.0032 0.0031
20.8526 0.0032 0.0031
20.8710 0.0032 0.0030
20.8894 0.0031 0.0030
20.9079 0.0031 0.0030
20.9263 0.0031 0.0030
20.9447 0.0031 0.0030
20.9632 0.0031 0.0030
20.9816 0.0030 0.0029
21.0001 0.0030 0.0029
21.0185 0.0030 0.0029
21.0369 0.0030 0.0029
21.0554 0.0030 0.0029
21.0738 0.0029 0.0029
21.0922 0.0029 0.0029
21.1107 0.0029 0.0028
21.1291 0.0029 0.0028
21.1476 0.0029 0.0028
21.1660 0.0029 0.0028
21.1844 0.0028 0.0028
21.2029 0.0028 0.0028
21.2213 0.0028 0.0028
21.2397 0.0028 0.0027
21.2582 0.0028 0.0027
21.2766 0.0028 0.0027
21.2951 0.0028 0.0027
21.3135 0.0027 0.0027
21.3319 0.0027 0.0027
21.3504 0.0027 0.0026
21.3688 0.0027 0.0026
21.3872 0.0027 0.0026
21.4057 0.0027 0.0026
21.4241 0.0027 0.0026
21.4426 0.0027 0.0025
21.4610 0.0027 0.0025
21.4794 0.0026 0.0025
21.4979 0.0026 0.0025
21.5163 0.0026 0.0025
21.5347 0.0026 0.0025
21.5532 0.0026 0.0024
21.5716 0.0026 0.0024
21.5901 0.0026 0.0024
21.6085 0.0026 0.0024
21.6269 0.0025 0.0024
21.6454 0.0025 0.0024
21.6638 0.0025 0.0024
21.6822 0.0025 0.0023
21.7007 0.0025 0.0023
21.7191 0.0025 0.0023
21.7375 0.0024 0.0023
21.7560 0.0024 0.0023
21.7744 0.0024 0.0023
21.7929 0.0024 0.0022
21.8113 0.0024 0.0022
21.8297 0.0024 0.0022
21.8482 0.0023 0.0022
21.8666 0.0023 0.0022
21.8850 0.0023 0.0022
21.9035 0.0023 0.0022
21.9219 0.0023 0.0021
21.9404 0.0023 0.0021
21.9588 0.0023 0.0021
21.9772 0.0023 0.0021
21.9957 0.0022 0.0021
22.0141 0.0022 0.0021
22.0325 0.0022 0.0021
22.0510 0.0022 0.0021
22.0694 0.0022 0.0021
22.0879 0.0022 0.0021
22.1063 0.0022 0.0021
22.1247 0.0022 0.0020
22.1432 0.0022 0.0020
22.1616 0.0022 0.0020
22.1800 0.0022 0.0020
22.1985 0.0022 0.0020
22.2169 0.0021 0.0020
22.2354 0.0021 0.0020
22.2538 0.0021 0.0020
22.2722 0.0021 0.0020
22.2907 0.0021 0.0020
22.3091 0.0021 0.0020
22.3275 0.0021 0.0019
22.3460 0.0021 0.0019
22.3644 0.0021 0.0019
22.3829 0.0021 0.0019
22.4013 0.0021 0.0019
22.4197 0.0021 0.0019
22.4382 0.0021 0.0019
22.4566 0.0021 0.0019
22.4750 0.0021 0.0019
22.4935 0.0021 0.0019
22.5119 0.0020 0.0019
22.5304 0.0020 0.0018
22.5488 0.0020 0.0018
22.5672 0.0020 0.0018
22.5857 0.0020 0.0018
22.6041 0.0020 0.0018
22.6225 0.0020 0.0018
22.6410 0.0020 0.0018
22.6594 0.0020 0.0018
22.6778 0.0020 0.0018
22.6963 0.0020 0.0018
22.7147 0.0020 0.0018
22.7332 0.0020 0.0018
22.7516 0.0019 0.0017
22.7700 0.0019 0.0017
22.7885 0.0019 0.0017
22.8069 0.0019 0.0017
22.8253 0.0019 0.0017
22.8438 0.0019 0.0017
22.8622 0.0019 0.0017
22.8807 0.0019 0.0017
22.8991 0.0019 0.0017
22.9175 0.0019 0.0017
22.9360 0.0019 0.0017
22.9544 0.0019 0.0017
22.9728 0.0019 0.0017
22.9913 0.0019 0.0017
23.0097 0.0019 0.0017
23.0282 0.0019 0.0017
23.0466 0.0019 0.0017
23.0650 0.0019 0.0017
23.0835 0.0019 0.0017
23.1019 0.0019 0.0017
23.1203 0.0018 0.0017
23.1388 0.0018 0.0017
23.1572 0.0018 0.0017
23.1757 0.0018 0.0017
23.1941 0.0018 0.0017
23.2125 0.0018 0.0017
23.2310 0.0018 0.0017
23.2494 0.0018 0.0017
23.2678 0.0018 0.0017
23.2863 0.0018 0.0017
23.3047 0.0018 0.0017
23.3232 0.0018 0.0017
23.3416 0.0018 0.0017
23.3600 0.0018 0.0017
23.3785 0.0018 0.0017
23.3969 0.0018 0.0017
23.4153 0.0018 0.0017
23.4338 0.0018 0.0017
23.4522 0.0018 0.0017
23.4707 0.0018 0.0017
23.4891 0.0018 0.0017
23.5075 0.0018 0.0017
23.5260 0.0018 0.0017
23.5444 0.0018 0.0017
23.5628 0.0018 0.0017
23.5813 0.0018 0.0017
23.5997 0.0018 0.0017
23.6182 0.0018 0.0017
23.6366 0.0018 0.0017
23.6550 0.0018 0.0017
23.6735 0.0018 0.0017
23.6919 0.0017 0.0017
23.7103 0.0017 0.0017
23.7288 0.0017 0.0017
23.7472 0.0017 0.0016
23.7656 0.0017 0.0016
23.7841 0.0017 0.0016
23.8025 0.0017 0.0016
23.8210 0.0017 0.0016
23.8394 0.0017 0.0016
23.8578 0.0017 0.0016
23.8763 0.0017 0.0016
23.8947 0.0017 0.0016
23.9131 0.0017 0.0016
23.9316 0.0016 0.0016
23.9500 0.0016 0.0016
23.9685 0.0016 0.0016
23.9869 0.0016 0.0016
24.0053 0.0016 0.0015
24.0238 0.0016 0.0015
24.0422 0.0016 0.0015
24.0606 0.0016 0.0015
24.0791 0.0016 0.0015
24.0975 0.0016 0.0015
24.1160 0.0016 0.0015
24.1344 0.0016 0.0015
24.1528 0.0016 0.0015
24.1713 0.0015 0.0015
24.1897 0.0015 0.0014
24.2081 0.0015 0.0014
24.2266 0.0015 0.0014
24.2450 0.0015 0.0014
24.2635 0.0015 0.0014
24.2819 0.0015 0.0014
24.3003 0.0015 0.0014
24.3188 0.0015 0.0014
24.3372 0.0015 0.0014
24.3556 0.0015 0.0014
24.3741 0.0015 0.0014
24.3925 0.0015 0.0014
24.4110 0.0015 0.0013
24.4294 0.0015 0.0013
24.4478 0.0015 0.0013
24.4663 0.0014 0.0013
24.4847 0.0014 0.0013
24.5031 0.0014 0.0013
24.5216 0.0014 0.0013
24.5400 0.0014 0.0013
24.5585 0.0014 0.0013
24.5769 0.0014 0.0013
24.5953 0.0014 0.0013
24.6138 0.0014 0.0013
24.6322 0.0014 0.0012
24.6506 0.0014 0.0012
24.6691 0.0014 0.0012
24.6875 0.0014 0.0012
24.7059 0.0013 0.0012
24.7244 0.0013 0.0012
24.7428 0.0013 0.0012
24.7613 0.0013 0.0012
24.7797 0.0013 0.0012
24.7981 0.0013 0.0012
24.8166 0.0013 0.0012
24.8350 0.0013 0.0011
24.8534 0.0013 0.0011
24.8719 0.0013 0.0011
24.8903 0.0013 0.0011
24.9088 0.0013 0.0011
24.9272 0.0013 0.0011
24.9456 0.0012 0.0011
24.9641 0.0012 0.0011
24.9825 0.0012 0.0011
25.0009 0.0012 0.0011
25.0194 0.0012 0.0011
25.0378 0.0012 0.0011
25.0563 0.0012 0.0011
25.0747 0.0012 0.0011
25.0931 0.0012 0.0011
25.1116 0.0012 0.0011
25.1300 0.0012 0.0011
25.1484 0.0012 0.0011
25.1669 0.0012 0.0010
25.1853 0.0012 0.0010
25.2038 0.0012 0.0010
25.2222 0.0012 0.0010
25.2406 0.0012 0.0010
25.2591 0.0012 0.0010
25.2775 0.0011 0.0010
25.2959 0.0011 0.0010
25.3144 0.0011 0.0010
25.3328 0.0011 0.0010
25.3513 0.0011 0.0010
25.3697 0.0011 0.0010
25.3881 0.0011 0.0010
25.4066 0.0011 0.0010
25.4250 0.0011 0.0010
25.4434 0.0011 0.0010
25.4619 0.0011 0.0010
25.4803 0.0011 0.0009
25.4988 0.0010 0.0009
25.5172 0.0010 0.0009
25.5356 0.0010 0.0009
25.5541 0.0010 0.0009
25.5725 0.0010 0.0009
25.5909 0.0010 0.0009
25.6094 0.0010 0.0009
25.6278 0.0010 0.0009
25.6463 0.0010 0.0009
25.6647 0.0010 0.0009
25.6831 0.0010 0.0009
25.7016 0.0010 0.0009
25.7200 0.0009 0.0009
25.7384 0.0009 0.0009
25.7569 0.0009 0.0009
25.7753 0.0009 0.0008
25.7937 0.0009 0.0008
25.8122 0.0009 0.0008
25.8306 0.0009 0.0008
25.8491 0.0009 0.0008
25.8675 0.0009 0.0008
25.8859 0.0009 0.0008
25.9044 0.0009 0.0008
25.9228 0.0009 0.0008
25.9412 0.0009 0.0008
25.9597 0.0009 0.0008
25.9781 0.0009 0.0008
25.9966 0.0009 0.0008
26.0150 0.0008 0.0008
26.0334 0.0008 0.0008
26.0519 0.0008 0.0008
26.0703 0.0008 0.0008
26.0887 0.0008 0.0008
26.1072 0.0008 0.0008
26.1256 0.0008 0.0008
26.1441 0.0008 0.0008
26.1625 0.0008 0.0007
26.1809 0.0008 0.0007
26.1994 0.0008 0.0007
26.2178 0.0008 0.0007
26.2362 0.0008 0.0007
26.2547 0.0008 0.0007
26.2731 0.0008 0.0007
26.2916 0.0008 0.0007
26.3100 0.0008 0.0007
26.3284 0.0008 0.0007
26.3469 0.0008 0.0007
26.3653 0.0007 0.0007
26.3837 0.0007 0.0007
26.4022 0.0007 0.0007
26.4206 0.0007 0.0007
26.4391 0.0007 0.0007
26.4575 0.0007 0.0007
26.4759 0.0007 0.0007
26.4944 0.0007 0.0007
26.5128 0.0007 0.0006
26.5312 0.0007 0.0006
26.5497 0.0007 0.0006
26.5681 0.0007 0.0006
26.5866 0.0007 0.0006
26.6050 0.0007 0.0006
26.6234 0.0007 0.0006
26.6419 0.0007 0.0006
26.6603 0.0007 0.0006
26.6787 0.0007 0.0006
26.6972 0.0007 0.0006
26.7156 0.0007 0.0006
26.7341 0.0007 0.0006
26.7525 0.0006 0.0006
26.7709 0.0006 0.0006
26.7894 0.0006 0.0006
26.8078 0.0006 0.0006
26.8262 0.0006 0.0006
26.8447 0.0006 0.0006
26.8631 0.0006 0.0006
26.8815 0.0006 0.0006
26.9000 0.0006 0.0005
26.9184 0.0006 0.0005
26.9369 0.0006 0.0005
26.9553 0.0006 0.0005
26.9737 0.0006 0.0005
26.9922 0.0006 0.0005
27.0106 0.0006 0.0005
27.0290 0.0006 0.0005
27.0475 0.0006 0.0005
27.0659 0.0006 0.0005
27.0844 0.0006 0.0005
27.1028 0.0006 0.0005
27.1212 0.0006 0.0005
27.1397 0.0006 0.0005
27.1581 0.0006 0.0005
27.1765 0.0006 0.0005
27.1950 0.0006 0.0005
27.2134 0.0006 0.0005
27.2319 0.0006 0.0005
27.2503 0.0006 0.0005
27.2687 0.0006 0.0005
27.2872 0.0006 0.0005
27.3056 0.0006 0.0005
27.3240 0.0005 0.0005
27.3425 0.0005 0.0005
27.3609 0.0005 0.0005
27.3794 0.0005 0.0005
27.3978 0.0005 0.0005
27.4162 0.0005 0.0005
27.4347 0.0005 0.0005
27.4531 0.0005 0.0005
27.4715 0.0005 0.0005
27.4900 0.0005 0.0005
27.5084 0.0005 0.0005
27.5269 0.0005 0.0005
27.5453 0.0005 0.0005
27.5637 0.0005 0.0005
27.5822 0.0005 0.0004
27.6006 0.0005 0.0004
27.6190 0.0005 0.0004
27.6375 0.0005 0.0004
27.6559 0.0005 0.0004
27.6744 0.0005 0.0004
27.6928 0.0005 0.0004
27.7112 0.0005 0.0004
27.7297 0.0005 0.0004
27.7481 0.0005 0.0004
27.7665 0.0005 0.0004
27.7850 0.0005 0.0004
27.8034 0.0005 0.0004
27.8218 0.0005 0.0004
27.8403 0.0004 0.0004
27.8587 0.0004 0.0004
27.8772 0.0004 0.0004
27.8956 0.0004 0.0004
27.9140 0.0004 0.0004
27.9325 0.0004 0.0004
27.9509 0.0004 0.0004
27.9693 0.0004 0.0004
27.9878 0.0004 0.0004
28.0062 0.0004 0.0004
28.0247 0.0004 0.0004
28.0431 0.0004 0.0004
28.0615 0.0004 0.0004
28.0800 0.0004 0.0004
28.0984 0.0004 0.0004
28.1168 0.0004 0.0004
28.1353 0.0004 0.0004
28.1537 0.0004 0.0004
28.1722 0.0004 0.0004
28.1906 0.0004 0.0004
28.2090 0.0004 0.0004
28.2275 0.0004 0.0004
28.2459 0.0004 0.0004
28.2643 0.0004 0.0003
28.2828 0.0004 0.0003
28.3012 0.0004 0.0003
28.3197 0.0004 0.0003
28.3381 0.0004 0.0003
28.3565 0.0004 0.0003
28.3750 0.0004 0.0003
28.3934 0.0004 0.0003
28.4118 0.0004 0.0003
28.4303 0.0004 0.0003
28.4487 0.0004 0.0003
28.4672 0.0004 0.0003
28.4856 0.0004 0.0003
28.5040 0.0004 0.0003
28.5225 0.0004 0.0003
28.5409 0.0004 0.0003
28.5593 0.0003 0.0003
28.5778 0.0003 0.0003
28.5962 0.0003 0.0003
28.6147 0.0003 0.0003
28.6331 0.0003 0.0003
28.6515 0.0003 0.0003
28.6700 0.0003 0.0003
28.6884 0.0003 0.0003
28.7068 0.0003 0.0003
28.7253 0.0003 0.0003
28.7437 0.0003 0.0003
28.7622 0.0003 0.0003
28.7806 0.0003 0.0003
28.7990 0.0003 0.0003
28.8175 0.0003 0.0003
28.8359 0.0003 0.0003
28.8543 0.0003 0.0003
28.8728 0.0003 0.0003
28.8912 0.0003 0.0003
28.9096 0.0003 0.0003
28.9281 0.0003 0.0003
28.9465 0.0003 0.0003
28.9650 0.0003 0.0003
28.9834 0.0003 0.0003
29.0018 0.0003 0.0003
29.0203 0.0003 0.0003
29.0387 0.0003 0.0003
29.0571 0.0003 0.0003
29.0756 0.0003 0.0003
29.0940 0.0003 0.0003
29.1125 0.0003 0.0003
29.1309 0.0003 0.0003
29.1493 0.0003 0.0003
29.1678 0.0003 0.0003
29.1862 0.0003 0.0003
29.2046 0.0003 0.0003
29.2231 0.0003 0.0003
29.2415 0.0003 0.0003
29.2600 0.0003 0.0003
29.2784 0.0003 0.0003
29.2968 0.0003 0.0003
29.3153 0.0003 0.0003
29.3337 0.0003 0.0003
29.3521 0.0003 0.0003
29.3706 0.0003 0.0003
29.3890 0.0003 0.0003
29.4075 0.0003 0.0003
29.4259 0.0003 0.0003
29.4443 0.0003 0.0002
29.4628 0.0003 0.0002
29.4812 0.0003 0.0002
29.4996 0.0003 0.0002
29.5181 0.0003 0.0002
29.5365 0.0003 0.0002
29.5550 0.0003 0.0002
29.5734 0.0003 0.0002
29.5918 0.0003 0.0002
29.6103 0.0003 0.0002
29.6287 0.0003 0.0002
29.6471 0.0003 0.0002
29.6656 0.0003 0.0002
29.6840 0.0003 0.0002
29.7025 0.0003 0.0002
29.7209 0.0003 0.0002
29.7393 0.0003 0.0002
29.7578 0.0003 0.0002
29.7762 0.0003 0.0002
29.7946 0.0003 0.0002
29.8131 0.0003 0.0002
29.8315 0.0003 0.0002
29.8499 0.0003 0.0002
29.8684 0.0002 0.0002
29.8868 0.0002 0.0002
29.9053 0.0002 0.0002
29.9237 0.0002 0.0002
29.9421 0.0002 0.0002
29.9606 0.0002 0.0002
29.9790 0.0002 0.0002
29.9974 0.0002 0.0002
30.0159 0.0002 0.0002
30.0343 0.0002 0.0002
30.0528 0.0002 0.0002
30.0712 0.0002 0.0002
30.0896 0.0002 0.0002
30.1081 0.0002 0.0002
30.1265 0.0002 0.0002
30.1449 0.0002 0.0002
30.1634 0.0002 0.0002
30.1818 0.0002 0.0002
30.2003 0.0002 0.0002
30.2187 0.0002 0.0002
30.2371 0.0002 0.0002
30.2556 0.0002 0.0002
30.2740 0.0002 0.0002
30.2924 0.0002 0.0002
30.3109 0.0002 0.0002
30.3293 0.0002 0.0002
30.3478 0.0002 0.0002
30.3662 0.0002 0.0002
30.3846 0.0002 0.0002
30.4031 0.0002 0.0002
30.4215 0.0002 0.0002
30.4399 0.0002 0.0002
30.4584 0.0002 0.0002
30.4768 0.0002 0.0002
30.4953 0.0002 0.0002
30.5137 0.0002 0.0002
30.5321 0.0002 0.0002
30.5506 0.0002 0.0002
30.5690 0.0002 0.0002
30.5874 0.0002 0.0002
30.6059 0.0002 0.0002
30.6243 0.0002 0.0002
30.6428 0.0002 0.0002
30.6612 0.0002 0.0002
30.6796 0.0002 0.0002
30.6981 0.0002 0.0002
30.7165 0.0002 0.0002
30.7349 0.0002 0.0002
30.7534 0.0002 0.0002
30.7718 0.0002 0.0002
30.7903 0.0002 0.0002
30.8087 0.0002 0.0002
30.8271 0.0002 0.0002
30.8456 0.0002 0.0002
30.8640 0.0002 0.0002
30.8824 0.0002 0.0002
30.9009 0.0002 0.0002
30.9193 0.0002 0.0002
30.9377 0.0002 0.0002
30.9562 0.0002 0.0002
30.9746 0.0002 0.0002
30.9931 0.0002 0.0002
31.0115 0.0002 0.0002
31.0299 0.0002 0.0002
31.0484 0.0002 0.0002
31.0668 0.0002 0.0002
31.0852 0.0002 0.0002
31.1037 0.0002 0.0002
31.1221 0.0002 0.0002
31.1406 0.0002 0.0002
31.1590 0.0002 0.0002
31.1774 0.0002 0.0002
31.1959 0.0002 0.0002
31.2143 0.0002 0.0002
31.2327 0.0002 0.0002
31.2512 0.0002 0.0002
31.2696 0.0002 0.0002
31.2881 0.0002 0.0002
31.3065 0.0002 0.0002
31.3249 0.0002 0.0002
31.3434 0.0002 0.0002
31.3618 0.0002 0.0002
31.3802 0.0002 0.0002
31.3987 0.0002 0.0002
31.4171 0.0002 0.0002
31.4356 0.0002 0.0002
31.4540 0.0002 0.0002
31.4724 0.0002 0.0002
31.4909 0.0002 0.0002
31.5093 0.0002 0.0002
31.5277 0.0002 0.0002
31.5462 0.0002 0.0002
31.5646 0.0002 0.0002
31.5831 0.0002 0.0002
31.6015 0.0002 0.0002
31.6199 0.0002 0.0002
31.6384 0.0002 0.0002
31.6568 0.0002 0.0002
31.6752 0.0002 0.0002
31.6937 0.0002 0.0002
31.7121 0.0002 0.0002
31.7306 0.0002 0.0002
31.7490 0.0002 0.0002
31.7674 0.0002 0.0002
31.7859 0.0002 0.0002
31.8043 0.0002 0.0002
31.8227 0.0002 0.0002
31.8412 0.0002 0.0002
31.8596 0.0002 0.0002
31.8781 0.0002 0.0002
31.8965 0.0002 0.0002
31.9149 0.0002 0.0002
31.9334 0.0002 0.0002
31.9518 0.0002 0.0002
31.9702 0.0002 0.0002
31.9887 0.0002 0.0002
32.0071 0.0002 0.0002
32.0255 0.0002 0.0002
32.0440 0.0002 0.0002
32.0624 0.0002 0.0002
32.0809 0.0002 0.0002
32.0993 0.0002 0.0002
32.1177 0.0002 0.0002
32.1362 0.0002 0.0002
32.1546 0.0002 0.0002
32.1730 0.0002 0.0002
32.1915 0.0002 0.0002
32.2099 0.0002 0.0002
32.2284 0.0002 0.0002
32.2468 0.0002 0.0002
32.2652 0.0002 0.0002
32.2837 0.0002 0.0002
32.3021 0.0002 0.0002
32.3205 0.0002 0.0002
32.3390 0.0002 0.0002
32.3574 0.0002 0.0002
32.3759 0.0002 0.0002
32.3943 0.0002 0.0002
32.4127 0.0002 0.0002
32.4312 0.0002 0.0002
32.4496 0.0002 0.0002
32.4680 0.0002 0.0002
32.4865 0.0002 0.0002
32.5049 0.0002 0.0002
32.5234 0.0002 0.0002
32.5418 0.0002 0.0002
32.5602 0.0002 0.0002
32.5787 0.0002 0.0002
32.5971 0.0002 0.0002
32.6155 0.0002 0.0002
32.6340 0.0002 0.0002
32.6524 0.0002 0.0002
32.6709 0.0002 0.0002
32.6893 0.0002 0.0002
32.7077 0.0002 0.0002
32.7262 0.0002 0.0002
32.7446 0.0002 0.0002
32.7630 0.0002 0.0002
32.7815 0.0002 0.0002
32.7999 0.0002 0.0002
32.8184 0.0002 0.0002
32.8368 0.0002 0.0002
32.8552 0.0002 0.0002
32.8737 0.0002 0.0002
32.8921 0.0002 0.0002
32.9105 0.0002 0.0002
32.9290 0.0002 0.0002
32.9474 0.0002 0.0002
32.9658 0.0002 0.0002
32.9843 0.0002 0.0002
33.0027 0.0002 0.0002
33.0212 0.0002 0.0002
33.0396 0.0002 0.0002
33.0580 0.0002 0.0002
33.0765 0.0002 0.0002
33.0949 0.0002 0.0002
33.1133 0.0002 0.0002
33.1318 0.0002 0.0002
33.1502 0.0002 0.0002
33.1687 0.0002 0.0002
33.1871 0.0002 0.0002
33.2055 0.0002 0.0002
33.2240 0.0002 0.0002
33.2424 0.0002 0.0002
33.2608 0.0002 0.0002
33.2793 0.0002 0.0002
33.2977 0.0002 0.0002
33.3162 0.0002 0.0002
33.3346 0.0002 0.0001
33.3530 0.0002 0.0001
33.3715 0.0002 0.0001
33.3899 0.0002 0.0001
33.4083 0.0002 0.0001
33.4268 0.0002 0.0001
33.4452 0.0002 0.0001
33.4637 0.0002 0.0001
33.4821 0.0002 0.0001
33.5005 0.0002 0.0001
33.5190 0.0002 0.0001
33.5374 0.0002 0.0001
33.5558 0.0002 0.0001
33.5743 0.0002 0.0001
33.5927 0.0002 0.0001
33.6112 0.0002 0.0001
33.6296 0.0002 0.0001
33.6480 0.0002 0.0001
33.6665 0.0002 0.0001
33.6849 0.0002 0.0001
33.7033 0.0002 0.0001
33.7218 0.0002 0.0001
33.7402 0.0002 0.0001
33.7587 0.0002 0.0001
33.7771 0.0002 0.0001
33.7955 0.0002 0.0001
33.8140 0.0002 0.0001
33.8324 0.0002 0.0001
33.8508 0.0002 0.0001
33.8693 0.0002 0.0001
33.8877 0.0002 0.0001
33.9062 0.0002 0.0001
33.9246 0.0002 0.0001
33.9430 0.0002 0.0001
33.9615 0.0002 0.0001
33.9799 0.0002 0.0001
33.9983 0.0002 0.0001
34.0168 0.0002 0.0001
34.0352 0.0002 0.0001
34.0536 0.0002 0.0001
34.0721 0.0002 0.0001
34.0905 0.0001 0.0001
34.1090 0.0001 0.0001
34.1274 0.0001 0.0001
34.1458 0.0001 0.0001
34.1643 0.0001 0.0001
34.1827 0.0001 0.0001
34.2011 0.0001 0.0001
34.2196 0.0001 0.0001
34.2380 0.0001 0.0001
34.2565 0.0001 0.0001
34.2749 0.0001 0.0001
34.2933 0.0001 0.0001
34.3118 0.0001 0.0001
34.3302 0.0001 0.0001
34.3486 0.0001 0.0001
34.3671 0.0001 0.0001
34.3855 0.0001 0.0001
34.4040 0.0001 0.0001
34.4224 0.0001 0.0001
34.4408 0.0001 0.0001
34.4593 0.0001 0.0001
34.4777 0.0001 0.0001
34.4961 0.0001 0.0001
34.5146 0.0001 0.0001
34.5330 0.0001 0.0001
34.5515 0.0001 0.0001
34.5699 0.0001 0.0001
34.5883 0.0001 0.0001
34.6068 0.0001 0.0001
34.6252 0.0001 0.0001
34.6436 0.0001 0.0001
34.6621 0.0001 0.0001
34.6805 0.0001 0.0001
34.6990 0.0001 0.0001
34.7174 0.0001 0.0001
34.7358 0.0001 0.0001
34.7543 0.0001 0.0001
34.7727 0.0001 0.0001
34.7911 0.0001 0.0001
34.8096 0.0001 0.0001
34.8280 0.0001 0.0001
34.8465 0.0001 0.0001
34.8649 0.0001 0.0001
34.8833 0.0001 0.0001
34.9018 0.0001 0.0001
34.9202 0.0001 0.0001
34.9386 0.0001 0.0001
34.9571 0.0001 0.0001
34.9755 0.0001 0.0001
34.9939 0.0001 0.0001
35.0124 0.0001 0.0001
35.0308 0.0001 0.0001
35.0493 0.0001 0.0001
35.0677 0.0001 0.0001
35.0861 0.0001 0.0001
35.1046 0.0001 0.0001
35.1230 0.0001 0.0001
35.1414 0.0001 0.0001
35.1599 0.0001 0.0001
35.1783 0.0001 0.0001
35.1968 0.0001 0.0001
35.2152 0.0001 0.0001
35.2336 0.0001 0.0001
35.2521 0.0001 0.0001
35.2705 0.0001 0.0001
35.2889 0.0001 0.0001
35.3074 0.0001 0.0001
35.3258 0.0001 0.0001
35.3443 0.0001 0.0001
35.3627 0.0001 0.0001
35.3811 0.0001 0.0001
35.3996 0.0001 0.0001
35.4180 0.0001 0.0001
35.4364 0.0001 0.0001
35.4549 0.0001 0.0001
35.4733 0.0001 0.0001
35.4918 0.0001 0.0001
35.5102 0.0001 0.0001
35.5286 0.0001 0.0001
35.5471 0.0001 0.0001
35.5655 0.0001 0.0001
35.5839 0.0001 0.0001
35.6024 0.0001 0.0001
35.6208 0.0001 0.0001
35.6393 0.0001 0.0001
35.6577 0.0001 0.0001
35.6761 0.0001 0.0001
35.6946 0.0001 0.0001
35.7130 0.0001 0.0001
35.7314 0.0001 0.0001
35.7499 0.0001 0.0001
35.7683 0.0001 0.0001
35.7868 0.0001 0.0001
35.8052 0.0001 0.0001
35.8236 0.0001 0.0001
35.8421 0.0001 0.0001
35.8605 0.0001 0.0001
35.8789 0.0001 0.0001
35.8974 0.0001 0.0001
35.9158 0.0001 0.0001
35.9343 0.0001 0.0001
35.9527 0.0001 0.0001
35.9711 0.0001 0.0001
35.9896 0.0001 0.0001
36.0080 0.0001 0.0001
36.0264 0.0001 0.0001
36.0449 0.0001 0.0001
36.0633 0.0001 0.0001
36.0817 0.0001 0.0001
36.1002 0.0001 0.0001
36.1186 0.0001 0.0001
36.1371 0.0001 0.0001
36.1555 0.0001 0.0001
36.1739 0.0001 0.0001
36.1924 0.0001 0.0001
36.2108 0.0001 0.0001
36.2292 0.0001 0.0001
36.2477 0.0001 0.0001
36.2661 0.0001 0.0001
36.2846 0.0001 0.0001
36.3030 0.0001 0.0001
36.3214 0.0001 0.0001
36.3399 0.0001 0.0001
36.3583 0.0001 0.0001
36.3767 0.0001 0.0001
36.3952 0.0001 0.0001
36.4136 0.0001 0.0001
36.4321 0.0001 0.0001
36.4505 0.0001 0.0001
36.4689 0.0001 0.0001
36.4874 0.0001 0.0001
36.5058 0.0001 0.0001
36.5242 0.0001 0.0001
36.5427 0.0001 0.0001
36.5611 0.0001 0.0001
36.5796 0.0001 0.0001
36.5980 0.0001 0.0001
36.6164 0.0001 0.0001
36.6349 0.0001 0.0001
36.6533 0.0001 0.0001
36.6717 0.0001 0.0001
36.6902 0.0001 0.0001
36.7086 0.0001 0.0001
36.7271 0.0001 0.0001
36.7455 0.0001 0.0001
36.7639 0.0001 0.0001
36.7824 0.0001 0.0001
36.8008 0.0001 0.0001
36.8192 0.0001 0.0001
36.8377 0.0001 0.0001
36.8561 0.0001 0.0001
  
  
  
  
  
dim="1">gridpoints</dimension>  
  
  
  
  
  
  
  
  
0.0000 296.1401 224.6212
0.0184 296.1401 224.6212
0.0369 147.7972 112.2810
0.0553 98.2307 74.8215
0.0737 73.3609 56.0826
0.0922 58.3727 44.8325
0.1106 48.3282 37.3275
0.1291 41.1118 31.9634
0.1475 35.6658 27.9382
0.1659 31.4029 24.8067
0.1844 27.9709 22.3018
0.2028 25.1457 20.2537
0.2212 22.7778 18.5491
0.2397 20.7640 17.1098
0.2581 19.0301 15.8795
0.2766 17.5219 14.8172
0.2950 16.1985 13.8916
0.3134 15.0286 13.0786
0.3319 13.9876 12.3594
0.3503 13.0561 11.7187
0.3687 12.2184 11.1440
0.3872 11.4618 10.6250
0.4056 10.7756 10.1530
0.4241 10.1511 9.7206
0.4425 9.5809 9.3215
0.4609 9.0588 8.9503
0.4794 8.5795 8.6025
0.4978 8.1384 8.2742
0.5162 7.7317 7.9622
0.5347 7.3561 7.6639
0.5531 7.0085 7.3773
0.5716 6.6865 7.1009
0.5900 6.3878 6.8337
0.6084 6.1104 6.5751
0.6269 5.8527 6.3249
0.6453 5.6130 6.0832
0.6637 5.3900 5.8506
0.6822 5.1824 5.6274
0.7006 4.9892 5.4144
0.7191 4.8092 5.2124
0.7375 4.6417 5.0219
0.7559 4.4859 4.8436
0.7744 4.3411 4.6780
0.7928 4.2070 4.5253
0.8112 4.0830 4.3857
0.8297 3.9689 4.2590
0.8481 3.8643 4.1448
0.8666 3.7691 4.0428
0.8850 3.6830 3.9521
0.9034 3.6059 3.8719
0.9219 3.5376 3.8013
0.9403 3.4779 3.7393
0.9587 3.4263 3.6847
0.9772 3.3827 3.6364
0.9956 3.3464 3.5934
1.0141 3.3171 3.5545
1.0325 3.2940 3.5189
1.0509 3.2764 3.4855
1.0694 3.2636 3.4537
1.0878 3.2547 3.4227
1.1062 3.2487 3.3919
1.1247 3.2449 3.3610
1.1431 3.2423 3.3295
1.1615 3.2400 3.2974
1.1800 3.2372 3.2646
1.1984 3.2334 3.2310
1.2169 3.2278 3.1969
1.2353 3.2201 3.1624
1.2537 3.2101 3.1278
1.2722 3.1976 3.0933
1.2906 3.1826 3.0593
1.3090 3.1655 3.0261
1.3275 3.1465 2.9941
1.3459 3.1261 2.9634
1.3644 3.1047 2.9345
1.3828 3.0831 2.9075
1.4012 3.0617 2.8825
1.4197 3.0412 2.8597
1.4381 3.0219 2.8391
1.4565 3.0044 2.8206
1.4750 2.9890 2.8042
1.4934 2.9759 2.7896
1.5119 2.9653 2.7767
1.5303 2.9571 2.7649
1.5487 2.9513 2.7541
1.5672 2.9478 2.7439
1.5856 2.9462 2.7338
1.6040 2.9464 2.7234
1.6225 2.9480 2.7123
1.6409 2.9506 2.7003
1.6594 2.9539 2.6871
1.6778 2.9576 2.6724
1.6962 2.9613 2.6560
1.7147 2.9647 2.6381
1.7331 2.9674 2.6185
1.7515 2.9690 2.5975
1.7700 2.9694 2.5750
1.7884 2.9682 2.5515
1.8069 2.9650 2.5271
1.8253 2.9597 2.5021
1.8437 2.9519 2.4769
1.8622 2.9413 2.4515
1.8806 2.9278 2.4264
1.8990 2.9111 2.4016
1.9175 2.8910 2.3774
1.9359 2.8674 2.3537
1.9544 2.8402 2.3307
1.9728 2.8093 2.3084
1.9912 2.7749 2.2867
2.0097 2.7370 2.2654
2.0281 2.6957 2.2447
2.0465 2.6514 2.2243
2.0650 2.6043 2.2042
2.0834 2.5548 2.1843
2.1018 2.5034 2.1647
2.1203 2.4504 2.1452
2.1387 2.3965 2.1260
2.1572 2.3422 2.1070
2.1756 2.2880 2.0882
2.1940 2.2343 2.0698
2.2125 2.1818 2.0518
2.2309 2.1307 2.0341
2.2493 2.0815 2.0167
2.2678 2.0345 1.9996
2.2862 1.9898 1.9827
2.3047 1.9476 1.9658
2.3231 1.9079 1.9489
2.3415 1.8708 1.9317
2.3600 1.8360 1.9143
2.3784 1.8036 1.8963
2.3968 1.7732 1.8778
2.4153 1.7447 1.8586
2.4337 1.7179 1.8388
2.4522 1.6925 1.8183
2.4706 1.6683 1.7972
2.4890 1.6451 1.7756
2.5075 1.6228 1.7537
2.5259 1.6011 1.7317
2.5443 1.5800 1.7098
2.5628 1.5593 1.6881
2.5812 1.5391 1.6670
2.5997 1.5192 1.6467
2.6181 1.4996 1.6274
2.6365 1.4804 1.6093
2.6550 1.4616 1.5926
2.6734 1.4431 1.5773
2.6918 1.4251 1.5635
2.7103 1.4075 1.5513
2.7287 1.3904 1.5405
2.7472 1.3738 1.5312
2.7656 1.3576 1.5230
2.7840 1.3420 1.5160
2.8025 1.3268 1.5097
2.8209 1.3121 1.5041
2.8393 1.2979 1.4988
2.8578 1.2842 1.4937
2.8762 1.2708 1.4883
2.8947 1.2579 1.4827
2.9131 1.2453 1.4765
2.9315 1.2330 1.4696
2.9500 1.2210 1.4619
2.9684 1.2092 1.4535
2.9868 1.1975 1.4442
3.0053 1.1860 1.4341
3.0237 1.1745 1.4235
3.0422 1.1629 1.4123
3.0606 1.1513 1.4007
3.0790 1.1396 1.3891
3.0975 1.1276 1.3774
3.1159 1.1154 1.3661
3.1343 1.1030 1.3551
3.1528 1.0903 1.3447
3.1712 1.0773 1.3349
3.1896 1.0641 1.3259
3.2081 1.0506 1.3177
3.2265 1.0369 1.3101
3.2450 1.0230 1.3032
3.2634 1.0090 1.2969
3.2818 0.9948 1.2909
3.3003 0.9806 1.2851
3.3187 0.9664 1.2794
3.3371 0.9522 1.2735
3.3556 0.9381 1.2674
3.3740 0.9243 1.2609
3.3925 0.9106 1.2538
3.4109 0.8973 1.2462
3.4293 0.8843 1.2379
3.4478 0.8717 1.2290
3.4662 0.8595 1.2194
3.4846 0.8477 1.2092
3.5031 0.8365 1.1985
3.5215 0.8257 1.1872
3.5400 0.8155 1.1755
3.5584 0.8058 1.1633
3.5768 0.7967 1.1507
3.5953 0.7882 1.1378
3.6137 0.7802 1.1246
3.6321 0.7729 1.1109
3.6506 0.7662 1.0969
3.6690 0.7601 1.0826
3.6875 0.7548 1.0679
3.7059 0.7502 1.0529
3.7243 0.7462 1.0377
3.7428 0.7430 1.0222
3.7612 0.7404 1.0065
3.7796 0.7384 0.9908
3.7981 0.7370 0.9752
3.8165 0.7361 0.9598
3.8350 0.7355 0.9448
3.8534 0.7352 0.9303
3.8718 0.7351 0.9166
3.8903 0.7350 0.9038
3.9087 0.7350 0.8921
3.9271 0.7349 0.8814
3.9456 0.7346 0.8720
3.9640 0.7342 0.8638
3.9825 0.7335 0.8569
4.0009 0.7327 0.8511
4.0193 0.7318 0.8465
4.0378 0.7308 0.8429
4.0562 0.7298 0.8401
4.0746 0.7289 0.8380
4.0931 0.7282 0.8364
4.1115 0.7276 0.8350
4.1299 0.7275 0.8338
4.1484 0.7277 0.8326
4.1668 0.7283 0.8311
4.1853 0.7295 0.8293
4.2037 0.7311 0.8272
4.2221 0.7332 0.8245
4.2406 0.7358 0.8214
4.2590 0.7387 0.8178
4.2774 0.7420 0.8136
4.2959 0.7454 0.8090
4.3143 0.7489 0.8040
4.3328 0.7524 0.7986
4.3512 0.7556 0.7929
4.3696 0.7586 0.7870
4.3881 0.7611 0.7808
4.4065 0.7630 0.7746
4.4249 0.7643 0.7683
4.4434 0.7648 0.7620
4.4618 0.7645 0.7558
4.4803 0.7634 0.7497
4.4987 0.7615 0.7437
4.5171 0.7587 0.7379
4.5356 0.7550 0.7323
4.5540 0.7506 0.7269
4.5724 0.7454 0.7216
4.5909 0.7395 0.7165
4.6093 0.7330 0.7115
4.6278 0.7259 0.7067
4.6462 0.7184 0.7018
4.6646 0.7105 0.6969
4.6831 0.7024 0.6920
4.7015 0.6941 0.6870
4.7199 0.6857 0.6817
4.7384 0.6774 0.6763
4.7568 0.6692 0.6707
4.7753 0.6612 0.6648
4.7937 0.6535 0.6587
4.8121 0.6461 0.6523
4.8306 0.6392 0.6457
4.8490 0.6326 0.6390
4.8674 0.6266 0.6321
4.8859 0.6210 0.6250
4.9043 0.6159 0.6180
4.9228 0.6112 0.6109
4.9412 0.6069 0.6038
4.9596 0.6030 0.5968
4.9781 0.5994 0.5899
4.9965 0.5961 0.5831
5.0149 0.5929 0.5765
5.0334 0.5898 0.5702
5.0518 0.5868 0.5641
5.0703 0.5838 0.5582
5.0887 0.5808 0.5527
5.1071 0.5777 0.5474
5.1256 0.5745 0.5425
5.1440 0.5712 0.5378
5.1624 0.5678 0.5335
5.1809 0.5642 0.5295
5.1993 0.5605 0.5258
5.2177 0.5568 0.5223
5.2362 0.5529 0.5190
5.2546 0.5490 0.5159
5.2731 0.5451 0.5129
5.2915 0.5412 0.5099
5.3099 0.5374 0.5070
5.3284 0.5335 0.5040
5.3468 0.5298 0.5009
5.3652 0.5261 0.4976
5.3837 0.5225 0.4942
5.4021 0.5189 0.4904
5.4206 0.5155 0.4865
5.4390 0.5121 0.4822
5.4574 0.5088 0.4776
5.4759 0.5055 0.4727
5.4943 0.5023 0.4676
5.5127 0.4992 0.4621
5.5312 0.4961 0.4565
5.5496 0.4931 0.4507
5.5681 0.4901 0.4448
5.5865 0.4871 0.4388
5.6049 0.4842 0.4329
5.6234 0.4813 0.4270
5.6418 0.4785 0.4213
5.6602 0.4757 0.4158
5.6787 0.4729 0.4106
5.6971 0.4703 0.4056
5.7156 0.4676 0.4010
5.7340 0.4650 0.3968
5.7524 0.4624 0.3930
5.7709 0.4599 0.3895
5.7893 0.4575 0.3865
5.8077 0.4550 0.3838
5.8262 0.4527 0.3815
5.8446 0.4503 0.3795
5.8631 0.4480 0.3778
5.8815 0.4458 0.3765
5.8999 0.4436 0.3754
5.9184 0.4414 0.3746
5.9368 0.4392 0.3740
5.9552 0.4370 0.3736
5.9737 0.4348 0.3735
5.9921 0.4325 0.3736
6.0106 0.4302 0.3738
6.0290 0.4278 0.3742
6.0474 0.4253 0.3748
6.0659 0.4227 0.3756
6.0843 0.4199 0.3765
6.1027 0.4169 0.3774
6.1212 0.4139 0.3785
6.1396 0.4106 0.3796
6.1581 0.4072 0.3807
6.1765 0.4037 0.3818
6.1949 0.4001 0.3828
6.2134 0.3964 0.3837
6.2318 0.3927 0.3845
6.2502 0.3890 0.3851
6.2687 0.3853 0.3855
6.2871 0.3816 0.3856
6.3055 0.3781 0.3855
6.3240 0.3747 0.3850
6.3424 0.3714 0.3843
6.3609 0.3682 0.3832
6.3793 0.3651 0.3817
6.3977 0.3622 0.3799
6.4162 0.3595 0.3777
6.4346 0.3568 0.3752
6.4530 0.3543 0.3724
6.4715 0.3518 0.3692
6.4899 0.3495 0.3659
6.5084 0.3472 0.3623
6.5268 0.3451 0.3585
6.5452 0.3430 0.3547
6.5637 0.3410 0.3507
6.5821 0.3390 0.3468
6.6005 0.3372 0.3430
6.6190 0.3354 0.3392
6.6374 0.3338 0.3356
6.6559 0.3322 0.3322
6.6743 0.3308 0.3289
6.6927 0.3294 0.3259
6.7112 0.3281 0.3231
6.7296 0.3270 0.3205
6.7480 0.3259 0.3182
6.7665 0.3249 0.3160
6.7849 0.3241 0.3139
6.8034 0.3233 0.3120
6.8218 0.3226 0.3102
6.8402 0.3219 0.3085
6.8587 0.3214 0.3068
6.8771 0.3209 0.3051
6.8955 0.3205 0.3034
6.9140 0.3201 0.3017
6.9324 0.3197 0.3000
6.9509 0.3194 0.2982
6.9693 0.3190 0.2964
6.9877 0.3187 0.2946
7.0062 0.3184 0.2927
7.0246 0.3181 0.2908
7.0430 0.3179 0.2888
7.0615 0.3176 0.2869
7.0799 0.3172 0.2850
7.0984 0.3169 0.2831
7.1168 0.3166 0.2813
7.1352 0.3162 0.2795
7.1537 0.3157 0.2779
7.1721 0.3152 0.2763
7.1905 0.3147 0.2750
7.2090 0.3141 0.2737
7.2274 0.3134 0.2727
7.2458 0.3127 0.2718
7.2643 0.3118 0.2711
7.2827 0.3109 0.2705
7.3012 0.3099 0.2702
7.3196 0.3089 0.2699
7.3380 0.3077 0.2699
7.3565 0.3065 0.2699
7.3749 0.3053 0.2700
7.3933 0.3039 0.2702
7.4118 0.3025 0.2704
7.4302 0.3010 0.2706
7.4487 0.2995 0.2708
7.4671 0.2979 0.2709
7.4855 0.2962 0.2710
7.5040 0.2945 0.2710
7.5224 0.2927 0.2710
7.5408 0.2908 0.2708
7.5593 0.2889 0.2705
7.5777 0.2869 0.2702
7.5962 0.2849 0.2697
7.6146 0.2828 0.2691
7.6330 0.2808 0.2684
7.6515 0.2788 0.2676
7.6699 0.2768 0.2667
7.6883 0.2749 0.2657
7.7068 0.2731 0.2646
7.7252 0.2714 0.2635
7.7437 0.2697 0.2622
7.7621 0.2682 0.2609
7.7805 0.2668 0.2595
7.7990 0.2654 0.2580
7.8174 0.2642 0.2564
7.8358 0.2630 0.2548
7.8543 0.2619 0.2531
7.8727 0.2608 0.2513
7.8912 0.2597 0.2494
7.9096 0.2586 0.2475
7.9280 0.2576 0.2455
7.9465 0.2565 0.2435
7.9649 0.2554 0.2414
7.9833 0.2543 0.2393
8.0018 0.2532 0.2372
8.0202 0.2521 0.2351
8.0387 0.2510 0.2329
8.0571 0.2500 0.2308
8.0755 0.2490 0.2287
8.0940 0.2481 0.2267
8.1124 0.2473 0.2246
8.1308 0.2467 0.2227
8.1493 0.2462 0.2208
8.1677 0.2458 0.2189
8.1862 0.2455 0.2171
8.2046 0.2454 0.2154
8.2230 0.2454 0.2138
8.2415 0.2455 0.2122
8.2599 0.2457 0.2107
8.2783 0.2460 0.2092
8.2968 0.2464 0.2078
8.3152 0.2467 0.2064
8.3336 0.2471 0.2051
8.3521 0.2475 0.2039
8.3705 0.2478 0.2026
8.3890 0.2480 0.2014
8.4074 0.2481 0.2002
8.4258 0.2482 0.1991
8.4443 0.2481 0.1979
8.4627 0.2479 0.1968
8.4811 0.2476 0.1956
8.4996 0.2472 0.1945
8.5180 0.2466 0.1934
8.5365 0.2460 0.1923
8.5549 0.2452 0.1912
8.5733 0.2443 0.1902
8.5918 0.2434 0.1892
8.6102 0.2424 0.1883
8.6286 0.2413 0.1874
8.6471 0.2402 0.1866
8.6655 0.2391 0.1860
8.6840 0.2380 0.1854
8.7024 0.2368 0.1850
8.7208 0.2357 0.1847
8.7393 0.2346 0.1845
8.7577 0.2335 0.1844
8.7761 0.2325 0.1845
8.7946 0.2315 0.1847
8.8130 0.2305 0.1850
8.8315 0.2296 0.1855
8.8499 0.2286 0.1860
8.8683 0.2277 0.1865
8.8868 0.2268 0.1871
8.9052 0.2259 0.1877
8.9236 0.2249 0.1883
8.9421 0.2240 0.1889
8.9605 0.2230 0.1894
8.9790 0.2219 0.1899
8.9974 0.2208 0.1902
9.0158 0.2197 0.1904
9.0343 0.2186 0.1905
9.0527 0.2175 0.1904
9.0711 0.2163 0.1902
9.0896 0.2152 0.1898
9.1080 0.2141 0.1893
9.1265 0.2130 0.1886
9.1449 0.2120 0.1878
9.1633 0.2111 0.1869
9.1818 0.2102 0.1858
9.2002 0.2095 0.1847
9.2186 0.2088 0.1835
9.2371 0.2083 0.1822
9.2555 0.2078 0.1809
9.2739 0.2075 0.1796
9.2924 0.2072 0.1783
9.3108 0.2071 0.1769
9.3293 0.2070 0.1756
9.3477 0.2070 0.1744
9.3661 0.2071 0.1731
9.3846 0.2072 0.1719
9.4030 0.2074 0.1708
9.4214 0.2076 0.1697
9.4399 0.2079 0.1687
9.4583 0.2082 0.1677
9.4768 0.2086 0.1668
9.4952 0.2089 0.1659
9.5136 0.2093 0.1652
9.5321 0.2096 0.1645
9.5505 0.2100 0.1638
9.5689 0.2103 0.1633
9.5874 0.2107 0.1627
9.6058 0.2109 0.1623
9.6243 0.2112 0.1619
9.6427 0.2113 0.1616
9.6611 0.2114 0.1613
9.6796 0.2115 0.1611
9.6980 0.2114 0.1609
9.7164 0.2113 0.1607
9.7349 0.2112 0.1606
9.7533 0.2109 0.1605
9.7718 0.2106 0.1605
9.7902 0.2102 0.1604
9.8086 0.2098 0.1604
9.8271 0.2094 0.1605
9.8455 0.2089 0.1605
9.8639 0.2084 0.1605
9.8824 0.2079 0.1606
9.9008 0.2074 0.1607
9.9193 0.2069 0.1608
9.9377 0.2063 0.1609
9.9561 0.2058 0.1610
9.9746 0.2052 0.1611
9.9930 0.2047 0.1612
10.0114 0.2041 0.1613
10.0299 0.2036 0.1614
10.0483 0.2030 0.1615
10.0668 0.2025 0.1616
10.0852 0.2020 0.1617
10.1036 0.2014 0.1617
10.1221 0.2010 0.1617
10.1405 0.2005 0.1617
10.1589 0.2000 0.1617
10.1774 0.1996 0.1616
10.1958 0.1992 0.1615
10.2143 0.1989 0.1613
10.2327 0.1986 0.1611
10.2511 0.1983 0.1609
10.2696 0.1980 0.1606
10.2880 0.1978 0.1603
10.3064 0.1977 0.1599
10.3249 0.1975 0.1595
10.3433 0.1973 0.1591
10.3617 0.1972 0.1587
10.3802 0.1971 0.1582
10.3986 0.1969 0.1578
10.4171 0.1968 0.1574
10.4355 0.1967 0.1570
10.4539 0.1965 0.1566
10.4724 0.1963 0.1562
10.4908 0.1961 0.1558
10.5092 0.1958 0.1554
10.5277 0.1956 0.1551
10.5461 0.1952 0.1548
10.5646 0.1949 0.1545
10.5830 0.1944 0.1541
10.6014 0.1940 0.1538
10.6199 0.1934 0.1535
10.6383 0.1928 0.1532
10.6567 0.1922 0.1528
10.6752 0.1914 0.1525
10.6936 0.1906 0.1521
10.7121 0.1897 0.1516
10.7305 0.1888 0.1512
10.7489 0.1877 0.1507
10.7674 0.1866 0.1502
10.7858 0.1854 0.1497
10.8042 0.1842 0.1491
10.8227 0.1829 0.1486
10.8411 0.1816 0.1480
10.8596 0.1802 0.1475
10.8780 0.1789 0.1470
10.8964 0.1775 0.1465
10.9149 0.1762 0.1460
10.9333 0.1749 0.1456
10.9517 0.1737 0.1452
10.9702 0.1726 0.1448
10.9886 0.1715 0.1445
11.0071 0.1706 0.1442
11.0255 0.1697 0.1439
11.0439 0.1690 0.1436
11.0624 0.1683 0.1433
11.0808 0.1678 0.1431
11.0992 0.1673 0.1428
11.1177 0.1669 0.1425
11.1361 0.1665 0.1421
11.1546 0.1662 0.1418
11.1730 0.1659 0.1414
11.1914 0.1655 0.1409
11.2099 0.1652 0.1404
11.2283 0.1648 0.1399
11.2467 0.1644 0.1394
11.2652 0.1639 0.1388
11.2836 0.1634 0.1382
11.3021 0.1628 0.1376
11.3205 0.1622 0.1370
11.3389 0.1616 0.1363
11.3574 0.1609 0.1357
11.3758 0.1602 0.1351
11.3942 0.1595 0.1345
11.4127 0.1589 0.1339
11.4311 0.1582 0.1333
11.4495 0.1576 0.1327
11.4680 0.1571 0.1322
11.4864 0.1566 0.1317
11.5049 0.1562 0.1312
11.5233 0.1558 0.1307
11.5417 0.1554 0.1302
11.5602 0.1551 0.1297
11.5786 0.1547 0.1292
11.5970 0.1544 0.1287
11.6155 0.1541 0.1282
11.6339 0.1538 0.1277
11.6524 0.1534 0.1272
11.6708 0.1531 0.1266
11.6892 0.1526 0.1261
11.7077 0.1522 0.1254
11.7261 0.1517 0.1248
11.7445 0.1512 0.1242
11.7630 0.1506 0.1235
11.7814 0.1500 0.1228
11.7999 0.1494 0.1221
11.8183 0.1488 0.1214
11.8367 0.1482 0.1207
11.8552 0.1475 0.1201
11.8736 0.1469 0.1194
11.8920 0.1463 0.1187
11.9105 0.1456 0.1181
11.9289 0.1450 0.1175
11.9474 0.1444 0.1169
11.9658 0.1437 0.1163
11.9842 0.1431 0.1157
12.0027 0.1424 0.1152
12.0211 0.1417 0.1147
12.0395 0.1410 0.1141
12.0580 0.1402 0.1136
12.0764 0.1395 0.1131
12.0949 0.1387 0.1126
12.1133 0.1378 0.1121
12.1317 0.1370 0.1116
12.1502 0.1361 0.1110
12.1686 0.1351 0.1105
12.1870 0.1342 0.1099
12.2055 0.1332 0.1093
12.2239 0.1321 0.1087
12.2424 0.1311 0.1080
12.2608 0.1301 0.1074
12.2792 0.1290 0.1067
12.2977 0.1279 0.1060
12.3161 0.1269 0.1053
12.3345 0.1258 0.1045
12.3530 0.1248 0.1038
12.3714 0.1237 0.1030
12.3898 0.1227 0.1022
12.4083 0.1217 0.1014
12.4267 0.1207 0.1006
12.4452 0.1198 0.0998
12.4636 0.1189 0.0989
12.4820 0.1180 0.0981
12.5005 0.1171 0.0972
12.5189 0.1163 0.0964
12.5373 0.1155 0.0955
12.5558 0.1148 0.0947
12.5742 0.1140 0.0938
12.5927 0.1133 0.0930
12.6111 0.1126 0.0921
12.6295 0.1120 0.0913
12.6480 0.1113 0.0905
12.6664 0.1107 0.0897
12.6848 0.1101 0.0890
12.7033 0.1094 0.0882
12.7217 0.1088 0.0875
12.7402 0.1082 0.0867
12.7586 0.1076 0.0860
12.7770 0.1069 0.0854
12.7955 0.1063 0.0847
12.8139 0.1056 0.0841
12.8323 0.1049 0.0834
12.8508 0.1043 0.0828
12.8692 0.1036 0.0822
12.8877 0.1029 0.0817
12.9061 0.1022 0.0811
12.9245 0.1015 0.0805
12.9430 0.1008 0.0799
12.9614 0.1001 0.0793
12.9798 0.0993 0.0788
12.9983 0.0986 0.0782
13.0167 0.0979 0.0776
13.0352 0.0972 0.0770
13.0536 0.0965 0.0764
13.0720 0.0958 0.0758
13.0905 0.0951 0.0751
13.1089 0.0944 0.0745
13.1273 0.0938 0.0739
13.1458 0.0932 0.0732
13.1642 0.0925 0.0726
13.1827 0.0919 0.0719
13.2011 0.0913 0.0713
13.2195 0.0908 0.0706
13.2380 0.0902 0.0700
13.2564 0.0896 0.0694
13.2748 0.0891 0.0688
13.2933 0.0885 0.0682
13.3117 0.0880 0.0676
13.3302 0.0874 0.0671
13.3486 0.0869 0.0666
13.3670 0.0863 0.0660
13.3855 0.0858 0.0656
13.4039 0.0853 0.0651
13.4223 0.0847 0.0646
13.4408 0.0842 0.0642
13.4592 0.0837 0.0638
13.4776 0.0832 0.0634
13.4961 0.0828 0.0630
13.5145 0.0823 0.0626
13.5330 0.0819 0.0623
13.5514 0.0814 0.0619
13.5698 0.0810 0.0616
13.5883 0.0806 0.0613
13.6067 0.0802 0.0610
13.6251 0.0798 0.0607
13.6436 0.0794 0.0604
13.6620 0.0790 0.0601
13.6805 0.0786 0.0599
13.6989 0.0782 0.0596
13.7173 0.0778 0.0593
13.7358 0.0773 0.0591
13.7542 0.0768 0.0588
13.7726 0.0763 0.0586
13.7911 0.0758 0.0583
13.8095 0.0752 0.0581
13.8280 0.0747 0.0578
13.8464 0.0741 0.0576
13.8648 0.0734 0.0573
13.8833 0.0728 0.0571
13.9017 0.0722 0.0568
13.9201 0.0715 0.0565
13.9386 0.0708 0.0562
13.9570 0.0701 0.0559
13.9755 0.0694 0.0556
13.9939 0.0688 0.0553
14.0123 0.0681 0.0550
14.0308 0.0674 0.0546
14.0492 0.0668 0.0543
14.0676 0.0662 0.0539
14.0861 0.0656 0.0535
14.1045 0.0650 0.0531
14.1230 0.0644 0.0528
14.1414 0.0639 0.0524
14.1598 0.0634 0.0520
14.1783 0.0629 0.0516
14.1967 0.0624 0.0512
14.2151 0.0620 0.0508
14.2336 0.0615 0.0504
14.2520 0.0612 0.0501
14.2705 0.0608 0.0497
14.2889 0.0604 0.0494
14.3073 0.0601 0.0491
14.3258 0.0598 0.0489
14.3442 0.0596 0.0486
14.3626 0.0593 0.0484
14.3811 0.0591 0.0482
14.3995 0.0588 0.0480
14.4179 0.0586 0.0479
14.4364 0.0584 0.0477
14.4548 0.0583 0.0476
14.4733 0.0581 0.0474
14.4917 0.0579 0.0473
14.5101 0.0578 0.0472
14.5286 0.0576 0.0471
14.5470 0.0575 0.0470
14.5654 0.0574 0.0469
14.5839 0.0573 0.0468
14.6023 0.0572 0.0466
14.6208 0.0571 0.0465
14.6392 0.0570 0.0464
14.6576 0.0569 0.0463
14.6761 0.0568 0.0461
14.6945 0.0567 0.0460
14.7129 0.0566 0.0458
14.7314 0.0564 0.0457
14.7498 0.0563 0.0455
14.7683 0.0562 0.0453
14.7867 0.0560 0.0452
14.8051 0.0558 0.0450
14.8236 0.0556 0.0448
14.8420 0.0554 0.0446
14.8604 0.0552 0.0444
14.8789 0.0549 0.0442
14.8973 0.0546 0.0440
14.9158 0.0542 0.0438
14.9342 0.0539 0.0436
14.9526 0.0535 0.0434
14.9711 0.0531 0.0431
14.9895 0.0527 0.0429
15.0079 0.0522 0.0427
15.0264 0.0518 0.0425
15.0448 0.0514 0.0423
15.0633 0.0509 0.0421
15.0817 0.0505 0.0418
15.1001 0.0500 0.0416
15.1186 0.0496 0.0414
15.1370 0.0492 0.0413
15.1554 0.0488 0.0411
15.1739 0.0484 0.0409
15.1923 0.0480 0.0407
15.2108 0.0477 0.0405
15.2292 0.0473 0.0403
15.2476 0.0470 0.0402
15.2661 0.0467 0.0400
15.2845 0.0464 0.0398
15.3029 0.0461 0.0396
15.3214 0.0458 0.0395
15.3398 0.0456 0.0393
15.3583 0.0453 0.0391
15.3767 0.0451 0.0390
15.3951 0.0448 0.0388
15.4136 0.0446 0.0386
15.4320 0.0444 0.0385
15.4504 0.0441 0.0383
15.4689 0.0439 0.0382
15.4873 0.0437 0.0381
15.5057 0.0435 0.0379
15.5242 0.0433 0.0378
15.5426 0.0431 0.0377
15.5611 0.0429 0.0376
15.5795 0.0427 0.0375
15.5979 0.0425 0.0374
15.6164 0.0423 0.0373
15.6348 0.0421 0.0372
15.6532 0.0420 0.0371
15.6717 0.0418 0.0370
15.6901 0.0416 0.0369
15.7086 0.0414 0.0368
15.7270 0.0413 0.0367
15.7454 0.0411 0.0366
15.7639 0.0410 0.0365
15.7823 0.0408 0.0363
15.8007 0.0407 0.0362
15.8192 0.0405 0.0360
15.8376 0.0404 0.0359
15.8561 0.0402 0.0357
15.8745 0.0401 0.0355
15.8929 0.0399 0.0354
15.9114 0.0398 0.0352
15.9298 0.0396 0.0350
15.9482 0.0394 0.0348
15.9667 0.0393 0.0346
15.9851 0.0391 0.0344
16.0036 0.0389 0.0343
16.0220 0.0387 0.0341
16.0404 0.0385 0.0339
16.0589 0.0383 0.0338
16.0773 0.0381 0.0336
16.0957 0.0379 0.0334
16.1142 0.0377 0.0333
16.1326 0.0375 0.0331
16.1511 0.0373 0.0330
16.1695 0.0371 0.0328
16.1879 0.0369 0.0326
16.2064 0.0367 0.0325
16.2248 0.0365 0.0323
16.2432 0.0363 0.0321
16.2617 0.0362 0.0320
16.2801 0.0360 0.0318
16.2986 0.0358 0.0316
16.3170 0.0357 0.0315
16.3354 0.0355 0.0313
16.3539 0.0353 0.0311
16.3723 0.0352 0.0310
16.3907 0.0350 0.0308
16.4092 0.0348 0.0307
16.4276 0.0346 0.0305
16.4461 0.0345 0.0304
16.4645 0.0343 0.0302
16.4829 0.0341 0.0301
16.5014 0.0339 0.0299
16.5198 0.0337 0.0298
16.5382 0.0335 0.0297
16.5567 0.0333 0.0295
16.5751 0.0331 0.0294
16.5935 0.0328 0.0293
16.6120 0.0326 0.0291
16.6304 0.0323 0.0290
16.6489 0.0321 0.0289
16.6673 0.0318 0.0287
16.6857 0.0316 0.0286
16.7042 0.0313 0.0285
16.7226 0.0310 0.0283
16.7410 0.0307 0.0282
16.7595 0.0305 0.0280
16.7779 0.0302 0.0279
16.7964 0.0299 0.0278
16.8148 0.0296 0.0276
16.8332 0.0293 0.0275
16.8517 0.0291 0.0273
16.8701 0.0288 0.0272
16.8885 0.0285 0.0270
16.9070 0.0283 0.0268
16.9254 0.0281 0.0267
16.9439 0.0278 0.0265
16.9623 0.0276 0.0263
16.9807 0.0274 0.0261
16.9992 0.0272 0.0260
17.0176 0.0270 0.0258
17.0360 0.0268 0.0256
17.0545 0.0266 0.0254
17.0729 0.0264 0.0252
17.0914 0.0262 0.0250
17.1098 0.0260 0.0248
17.1282 0.0258 0.0246
17.1467 0.0256 0.0244
17.1651 0.0254 0.0242
17.1835 0.0252 0.0240
17.2020 0.0250 0.0238
17.2204 0.0248 0.0236
17.2389 0.0246 0.0234
17.2573 0.0244 0.0232
17.2757 0.0242 0.0229
17.2942 0.0240 0.0227
17.3126 0.0238 0.0225
17.3310 0.0236 0.0223
17.3495 0.0234 0.0221
17.3679 0.0232 0.0219
17.3864 0.0230 0.0216
17.4048 0.0227 0.0214
17.4232 0.0225 0.0212
17.4417 0.0223 0.0209
17.4601 0.0221 0.0207
17.4785 0.0218 0.0205
17.4970 0.0216 0.0202
17.5154 0.0214 0.0200
17.5338 0.0212 0.0197
17.5523 0.0210 0.0195
17.5707 0.0207 0.0192
17.5892 0.0205 0.0190
17.6076 0.0203 0.0188
17.6260 0.0200 0.0185
17.6445 0.0198 0.0183
17.6629 0.0196 0.0180
17.6813 0.0194 0.0178
17.6998 0.0191 0.0175
17.7182 0.0189 0.0173
17.7367 0.0187 0.0170
17.7551 0.0184 0.0168
17.7735 0.0182 0.0165
17.7920 0.0180 0.0163
17.8104 0.0178 0.0160
17.8288 0.0175 0.0158
17.8473 0.0173 0.0156
17.8657 0.0171 0.0153
17.8842 0.0169 0.0151
17.9026 0.0167 0.0149
17.9210 0.0165 0.0147
17.9395 0.0163 0.0145
17.9579 0.0161 0.0143
17.9763 0.0159 0.0141
17.9948 0.0157 0.0139
18.0132 0.0155 0.0137
18.0317 0.0153 0.0136
18.0501 0.0151 0.0134
18.0685 0.0149 0.0132
18.0870 0.0147 0.0131
18.1054 0.0145 0.0129
18.1238 0.0143 0.0127
18.1423 0.0141 0.0126
18.1607 0.0139 0.0124
18.1792 0.0138 0.0123
18.1976 0.0136 0.0121
18.2160 0.0134 0.0120
18.2345 0.0132 0.0119
18.2529 0.0130 0.0117
18.2713 0.0129 0.0116
18.2898 0.0127 0.0114
18.3082 0.0125 0.0113
18.3267 0.0124 0.0112
18.3451 0.0122 0.0110
18.3635 0.0121 0.0109
18.3820 0.0119 0.0108
18.4004 0.0118 0.0107
18.4188 0.0116 0.0105
18.4373 0.0115 0.0104
18.4557 0.0113 0.0103
18.4742 0.0112 0.0102
18.4926 0.0111 0.0100
18.5110 0.0109 0.0099
18.5295 0.0108 0.0098
18.5479 0.0107 0.0097
18.5663 0.0105 0.0096
18.5848 0.0104 0.0095
18.6032 0.0103 0.0094
18.6216 0.0102 0.0093
18.6401 0.0100 0.0092
18.6585 0.0099 0.0091
18.6770 0.0098 0.0090
18.6954 0.0097 0.0089
18.7138 0.0096 0.0088
18.7323 0.0094 0.0087
18.7507 0.0093 0.0086
18.7691 0.0092 0.0084
18.7876 0.0091 0.0083
18.8060 0.0090 0.0082
18.8245 0.0089 0.0081
18.8429 0.0087 0.0080
18.8613 0.0086 0.0079
18.8798 0.0085 0.0078
18.8982 0.0084 0.0077
18.9166 0.0083 0.0075
18.9351 0.0082 0.0074
18.9535 0.0081 0.0073
18.9720 0.0080 0.0072
18.9904 0.0079 0.0071
19.0088 0.0078 0.0070
19.0273 0.0077 0.0069
19.0457 0.0076 0.0069
19.0641 0.0075 0.0068
19.0826 0.0075 0.0067
19.1010 0.0074 0.0066
19.1195 0.0073 0.0065
19.1379 0.0072 0.0064
19.1563 0.0071 0.0064
19.1748 0.0070 0.0063
19.1932 0.0069 0.0062
19.2116 0.0069 0.0061
19.2301 0.0068 0.0060
19.2485 0.0067 0.0059
19.2670 0.0066 0.0058
19.2854 0.0065 0.0058
19.3038 0.0065 0.0057
19.3223 0.0064 0.0056
19.3407 0.0063 0.0055
19.3591 0.0062 0.0054
19.3776 0.0061 0.0053
19.3960 0.0061 0.0052
19.4145 0.0060 0.0052
19.4329 0.0059 0.0051
19.4513 0.0058 0.0050
19.4698 0.0057 0.0049
19.4882 0.0057 0.0049
19.5066 0.0056 0.0048
19.5251 0.0055 0.0047
19.5435 0.0054 0.0047
19.5619 0.0054 0.0046
19.5804 0.0053 0.0045
19.5988 0.0052 0.0045
19.6173 0.0052 0.0044
19.6357 0.0051 0.0044
19.6541 0.0050 0.0043
19.6726 0.0050 0.0043
19.6910 0.0049 0.0042
19.7094 0.0049 0.0042
19.7279 0.0048 0.0042
19.7463 0.0048 0.0041
19.7648 0.0048 0.0041
19.7832 0.0047 0.0040
19.8016 0.0047 0.0040
19.8201 0.0046 0.0040
19.8385 0.0046 0.0039
19.8569 0.0046 0.0039
19.8754 0.0045 0.0038
19.8938 0.0045 0.0038
19.9123 0.0044 0.0038
19.9307 0.0044 0.0037
19.9491 0.0044 0.0037
19.9676 0.0043 0.0037
19.9860 0.0043 0.0036
20.0044 0.0042 0.0036
20.0229 0.0042 0.0035
20.0413 0.0041 0.0035
20.0598 0.0040 0.0035
20.0782 0.0040 0.0034
20.0966 0.0039 0.0034
20.1151 0.0039 0.0034
20.1335 0.0038 0.0033
20.1519 0.0038 0.0033
20.1704 0.0037 0.0033
20.1888 0.0036 0.0032
20.2073 0.0036 0.0032
20.2257 0.0035 0.0032
20.2441 0.0035 0.0032
20.2626 0.0034 0.0031
20.2810 0.0034 0.0031
20.2994 0.0033 0.0031
20.3179 0.0033 0.0031
20.3363 0.0033 0.0030
20.3548 0.0032 0.0030
20.3732 0.0032 0.0030
20.3916 0.0031 0.0030
20.4101 0.0031 0.0030
20.4285 0.0031 0.0029
20.4469 0.0030 0.0029
20.4654 0.0030 0.0029
20.4838 0.0030 0.0029
20.5023 0.0030 0.0028
20.5207 0.0029 0.0028
20.5391 0.0029 0.0028
20.5576 0.0029 0.0028
20.5760 0.0029 0.0028
20.5944 0.0028 0.0027
20.6129 0.0028 0.0027
20.6313 0.0028 0.0027
20.6497 0.0028 0.0027
20.6682 0.0027 0.0026
20.6866 0.0027 0.0026
20.7051 0.0027 0.0026
20.7235 0.0027 0.0026
20.7419 0.0026 0.0025
20.7604 0.0026 0.0025
20.7788 0.0026 0.0025
20.7972 0.0026 0.0025
20.8157 0.0025 0.0025
20.8341 0.0025 0.0024
20.8526 0.0025 0.0024
20.8710 0.0025 0.0024
20.8894 0.0024 0.0024
20.9079 0.0024 0.0024
20.9263 0.0024 0.0023
20.9447 0.0024 0.0023
20.9632 0.0024 0.0023
20.9816 0.0023 0.0023
21.0001 0.0023 0.0023
21.0185 0.0023 0.0023
21.0369 0.0023 0.0023
21.0554 0.0023 0.0022
21.0738 0.0023 0.0022
21.0922 0.0022 0.0022
21.1107 0.0022 0.0022
21.1291 0.0022 0.0022
21.1476 0.0022 0.0022
21.1660 0.0022 0.0022
21.1844 0.0022 0.0022
21.2029 0.0022 0.0022
21.2213 0.0021 0.0021
21.2397 0.0021 0.0021
21.2582 0.0021 0.0021
21.2766 0.0021 0.0021
21.2951 0.0021 0.0021
21.3135 0.0021 0.0021
21.3319 0.0021 0.0020
21.3504 0.0021 0.0020
21.3688 0.0021 0.0020
21.3872 0.0020 0.0020
21.4057 0.0020 0.0020
21.4241 0.0020 0.0020
21.4426 0.0020 0.0020
21.4610 0.0020 0.0019
21.4794 0.0020 0.0019
21.4979 0.0020 0.0019
21.5163 0.0020 0.0019
21.5347 0.0020 0.0019
21.5532 0.0020 0.0019
21.5716 0.0020 0.0018
21.5901 0.0019 0.0018
21.6085 0.0019 0.0018
21.6269 0.0019 0.0018
21.6454 0.0019 0.0018
21.6638 0.0019 0.0018
21.6822 0.0019 0.0018
21.7007 0.0019 0.0018
21.7191 0.0018 0.0017
21.7375 0.0018 0.0017
21.7560 0.0018 0.0017
21.7744 0.0018 0.0017
21.7929 0.0018 0.0017
21.8113 0.0018 0.0017
21.8297 0.0018 0.0017
21.8482 0.0017 0.0016
21.8666 0.0017 0.0016
21.8850 0.0017 0.0016
21.9035 0.0017 0.0016
21.9219 0.0017 0.0016
21.9404 0.0017 0.0016
21.9588 0.0017 0.0016
21.9772 0.0017 0.0016
21.9957 0.0017 0.0016
22.0141 0.0016 0.0016
22.0325 0.0016 0.0015
22.0510 0.0016 0.0015
22.0694 0.0016 0.0015
22.0879 0.0016 0.0015
22.1063 0.0016 0.0015
22.1247 0.0016 0.0015
22.1432 0.0016 0.0015
22.1616 0.0016 0.0015
22.1800 0.0016 0.0015
22.1985 0.0016 0.0015
22.2169 0.0016 0.0015
22.2354 0.0016 0.0015
22.2538 0.0016 0.0015
22.2722 0.0016 0.0015
22.2907 0.0016 0.0014
22.3091 0.0016 0.0014
22.3275 0.0015 0.0014
22.3460 0.0015 0.0014
22.3644 0.0015 0.0014
22.3829 0.0015 0.0014
22.4013 0.0015 0.0014
22.4197 0.0015 0.0014
22.4382 0.0015 0.0014
22.4566 0.0015 0.0014
22.4750 0.0015 0.0014
22.4935 0.0015 0.0014
22.5119 0.0015 0.0014
22.5304 0.0015 0.0013
22.5488 0.0015 0.0013
22.5672 0.0015 0.0013
22.5857 0.0015 0.0013
22.6041 0.0015 0.0013
22.6225 0.0015 0.0013
22.6410 0.0015 0.0013
22.6594 0.0015 0.0013
22.6778 0.0014 0.0013
22.6963 0.0014 0.0013
22.7147 0.0014 0.0013
22.7332 0.0014 0.0013
22.7516 0.0014 0.0013
22.7700 0.0014 0.0013
22.7885 0.0014 0.0013
22.8069 0.0014 0.0012
22.8253 0.0014 0.0012
22.8438 0.0014 0.0012
22.8622 0.0014 0.0012
22.8807 0.0014 0.0012
22.8991 0.0014 0.0012
22.9175 0.0014 0.0012
22.9360 0.0014 0.0012
22.9544 0.0014 0.0012
22.9728 0.0014 0.0012
22.9913 0.0014 0.0012
23.0097 0.0014 0.0012
23.0282 0.0014 0.0012
23.0466 0.0014 0.0012
23.0650 0.0014 0.0012
23.0835 0.0014 0.0012
23.1019 0.0014 0.0012
23.1203 0.0014 0.0012
23.1388 0.0014 0.0012
23.1572 0.0014 0.0012
23.1757 0.0014 0.0012
23.1941 0.0014 0.0012
23.2125 0.0014 0.0012
23.2310 0.0014 0.0012
23.2494 0.0014 0.0012
23.2678 0.0014 0.0012
23.2863 0.0014 0.0012
23.3047 0.0014 0.0012
23.3232 0.0014 0.0012
23.3416 0.0014 0.0012
23.3600 0.0014 0.0012
23.3785 0.0014 0.0012
23.3969 0.0014 0.0012
23.4153 0.0014 0.0012
23.4338 0.0014 0.0012
23.4522 0.0013 0.0012
23.4707 0.0013 0.0012
23.4891 0.0013 0.0012
23.5075 0.0013 0.0012
23.5260 0.0013 0.0012
23.5444 0.0013 0.0012
23.5628 0.0013 0.0012
23.5813 0.0013 0.0012
23.5997 0.0013 0.0012
23.6182 0.0013 0.0012
23.6366 0.0013 0.0012
23.6550 0.0013 0.0012
23.6735 0.0013 0.0012
23.6919 0.0013 0.0012
23.7103 0.0013 0.0012
23.7288 0.0013 0.0012
23.7472 0.0013 0.0012
23.7656 0.0013 0.0012
23.7841 0.0013 0.0012
23.8025 0.0013 0.0012
23.8210 0.0013 0.0012
23.8394 0.0012 0.0012
23.8578 0.0012 0.0012
23.8763 0.0012 0.0012
23.8947 0.0012 0.0012
23.9131 0.0012 0.0012
23.9316 0.0012 0.0012
23.9500 0.0012 0.0012
23.9685 0.0012 0.0012
23.9869 0.0012 0.0011
24.0053 0.0012 0.0011
24.0238 0.0012 0.0011
24.0422 0.0012 0.0011
24.0606 0.0012 0.0011
24.0791 0.0011 0.0011
24.0975 0.0011 0.0011
24.1160 0.0011 0.0011
24.1344 0.0011 0.0011
24.1528 0.0011 0.0011
24.1713 0.0011 0.0011
24.1897 0.0011 0.0010
24.2081 0.0011 0.0010
24.2266 0.0011 0.0010
24.2450 0.0011 0.0010
24.2635 0.0011 0.0010
24.2819 0.0011 0.0010
24.3003 0.0011 0.0010
24.3188 0.0011 0.0010
24.3372 0.0011 0.0010
24.3556 0.0011 0.0010
24.3741 0.0011 0.0010
24.3925 0.0011 0.0010
24.4110 0.0011 0.0010
24.4294 0.0011 0.0010
24.4478 0.0010 0.0010
24.4663 0.0010 0.0009
24.4847 0.0010 0.0009
24.5031 0.0010 0.0009
24.5216 0.0010 0.0009
24.5400 0.0010 0.0009
24.5585 0.0010 0.0009
24.5769 0.0010 0.0009
24.5953 0.0010 0.0009
24.6138 0.0010 0.0009
24.6322 0.0010 0.0009
24.6506 0.0010 0.0009
24.6691 0.0010 0.0009
24.6875 0.0010 0.0008
24.7059 0.0009 0.0008
24.7244 0.0009 0.0008
24.7428 0.0009 0.0008
24.7613 0.0009 0.0008
24.7797 0.0009 0.0008
24.7981 0.0009 0.0008
24.8166 0.0009 0.0008
24.8350 0.0009 0.0008
24.8534 0.0009 0.0008
24.8719 0.0009 0.0008
24.8903 0.0009 0.0008
24.9088 0.0009 0.0008
24.9272 0.0009 0.0007
24.9456 0.0009 0.0007
24.9641 0.0009 0.0007
24.9825 0.0009 0.0007
25.0009 0.0008 0.0007
25.0194 0.0008 0.0007
25.0378 0.0008 0.0007
25.0563 0.0008 0.0007
25.0747 0.0008 0.0007
25.0931 0.0008 0.0007
25.1116 0.0008 0.0007
25.1300 0.0008 0.0007
25.1484 0.0008 0.0007
25.1669 0.0008 0.0007
25.1853 0.0008 0.0007
25.2038 0.0008 0.0007
25.2222 0.0008 0.0007
25.2406 0.0008 0.0007
25.2591 0.0008 0.0007
25.2775 0.0008 0.0007
25.2959 0.0008 0.0007
25.3144 0.0008 0.0007
25.3328 0.0008 0.0007
25.3513 0.0008 0.0007
25.3697 0.0007 0.0007
25.3881 0.0007 0.0006
25.4066 0.0007 0.0006
25.4250 0.0007 0.0006
25.4434 0.0007 0.0006
25.4619 0.0007 0.0006
25.4803 0.0007 0.0006
25.4988 0.0007 0.0006
25.5172 0.0007 0.0006
25.5356 0.0007 0.0006
25.5541 0.0007 0.0006
25.5725 0.0007 0.0006
25.5909 0.0006 0.0006
25.6094 0.0006 0.0006
25.6278 0.0006 0.0006
25.6463 0.0006 0.0006
25.6647 0.0006 0.0006
25.6831 0.0006 0.0005
25.7016 0.0006 0.0005
25.7200 0.0006 0.0005
25.7384 0.0006 0.0005
25.7569 0.0006 0.0005
25.7753 0.0006 0.0005
25.7937 0.0006 0.0005
25.8122 0.0006 0.0005
25.8306 0.0006 0.0005
25.8491 0.0006 0.0005
25.8675 0.0006 0.0005
25.8859 0.0005 0.0005
25.9044 0.0005 0.0005
25.9228 0.0005 0.0005
25.9412 0.0005 0.0005
25.9597 0.0005 0.0005
25.9781 0.0005 0.0005
25.9966 0.0005 0.0005
26.0150 0.0005 0.0005
26.0334 0.0005 0.0005
26.0519 0.0005 0.0005
26.0703 0.0005 0.0005
26.0887 0.0005 0.0005
26.1072 0.0005 0.0005
26.1256 0.0005 0.0005
26.1441 0.0005 0.0004
26.1625 0.0005 0.0004
26.1809 0.0005 0.0004
26.1994 0.0005 0.0004
26.2178 0.0005 0.0004
26.2362 0.0005 0.0004
26.2547 0.0004 0.0004
26.2731 0.0004 0.0004
26.2916 0.0004 0.0004
26.3100 0.0004 0.0004
26.3284 0.0004 0.0004
26.3469 0.0004 0.0004
26.3653 0.0004 0.0004
26.3837 0.0004 0.0004
26.4022 0.0004 0.0004
26.4206 0.0004 0.0004
26.4391 0.0004 0.0004
26.4575 0.0004 0.0004
26.4759 0.0004 0.0004
26.4944 0.0004 0.0004
26.5128 0.0004 0.0004
26.5312 0.0004 0.0004
26.5497 0.0004 0.0003
26.5681 0.0004 0.0003
26.5866 0.0004 0.0003
26.6050 0.0004 0.0003
26.6234 0.0004 0.0003
26.6419 0.0004 0.0003
26.6603 0.0004 0.0003
26.6787 0.0004 0.0003
26.6972 0.0004 0.0003
26.7156 0.0003 0.0003
26.7341 0.0003 0.0003
26.7525 0.0003 0.0003
26.7709 0.0003 0.0003
26.7894 0.0003 0.0003
26.8078 0.0003 0.0003
26.8262 0.0003 0.0003
26.8447 0.0003 0.0003
26.8631 0.0003 0.0003
26.8815 0.0003 0.0003
26.9000 0.0003 0.0003
26.9184 0.0003 0.0003
26.9369 0.0003 0.0003
26.9553 0.0003 0.0003
26.9737 0.0003 0.0003
26.9922 0.0003 0.0003
27.0106 0.0003 0.0003
27.0290 0.0003 0.0003
27.0475 0.0003 0.0002
27.0659 0.0003 0.0002
27.0844 0.0003 0.0002
27.1028 0.0003 0.0002
27.1212 0.0003 0.0002
27.1397 0.0003 0.0002
27.1581 0.0003 0.0002
27.1765 0.0003 0.0002
27.1950 0.0003 0.0002
27.2134 0.0003 0.0002
27.2319 0.0003 0.0002
27.2503 0.0003 0.0002
27.2687 0.0003 0.0002
27.2872 0.0003 0.0002
27.3056 0.0003 0.0002
27.3240 0.0003 0.0002
27.3425 0.0003 0.0002
27.3609 0.0003 0.0002
27.3794 0.0003 0.0002
27.3978 0.0003 0.0002
27.4162 0.0002 0.0002
27.4347 0.0002 0.0002
27.4531 0.0002 0.0002
27.4715 0.0002 0.0002
27.4900 0.0002 0.0002
27.5084 0.0002 0.0002
27.5269 0.0002 0.0002
27.5453 0.0002 0.0002
27.5637 0.0002 0.0002
27.5822 0.0002 0.0002
27.6006 0.0002 0.0002
27.6190 0.0002 0.0002
27.6375 0.0002 0.0002
27.6559 0.0002 0.0002
27.6744 0.0002 0.0002
27.6928 0.0002 0.0002
27.7112 0.0002 0.0002
27.7297 0.0002 0.0002
27.7481 0.0002 0.0002
27.7665 0.0002 0.0002
27.7850 0.0002 0.0002
27.8034 0.0002 0.0002
27.8218 0.0002 0.0002
27.8403 0.0002 0.0002
27.8587 0.0002 0.0002
27.8772 0.0002 0.0002
27.8956 0.0002 0.0002
27.9140 0.0002 0.0002
27.9325 0.0002 0.0002
27.9509 0.0002 0.0001
27.9693 0.0002 0.0001
27.9878 0.0002 0.0001
28.0062 0.0002 0.0001
28.0247 0.0002 0.0001
28.0431 0.0002 0.0001
28.0615 0.0002 0.0001
28.0800 0.0002 0.0001
28.0984 0.0002 0.0001
28.1168 0.0001 0.0001
28.1353 0.0001 0.0001
28.1537 0.0001 0.0001
28.1722 0.0001 0.0001
28.1906 0.0001 0.0001
28.2090 0.0001 0.0001
28.2275 0.0001 0.0001
28.2459 0.0001 0.0001
28.2643 0.0001 0.0001
28.2828 0.0001 0.0001
28.3012 0.0001 0.0001
28.3197 0.0001 0.0001
28.3381 0.0001 0.0001
28.3565 0.0001 0.0001
28.3750 0.0001 0.0001
28.3934 0.0001 0.0001
28.4118 0.0001 0.0001
28.4303 0.0001 0.0001
28.4487 0.0001 0.0001
28.4672 0.0001 0.0001
28.4856 0.0001 0.0001
28.5040 0.0001 0.0001
28.5225 0.0001 0.0001
28.5409 0.0001 0.0001
28.5593 0.0001 0.0001
28.5778 0.0001 0.0001
28.5962 0.0001 0.0001
28.6147 0.0001 0.0001
28.6331 0.0001 0.0001
28.6515 0.0001 0.0001
28.6700 0.0001 0.0001
28.6884 0.0001 0.0001
28.7068 0.0001 0.0001
28.7253 0.0001 0.0001
28.7437 0.0001 0.0001
28.7622 0.0001 0.0001
28.7806 0.0001 0.0001
28.7990 0.0001 0.0001
28.8175 0.0001 0.0001
28.8359 0.0001 0.0001
28.8543 0.0001 0.0001
28.8728 0.0001 0.0001
28.8912 0.0001 0.0001
28.9096 0.0001 0.0001
28.9281 0.0001 0.0001
28.9465 0.0001 0.0001
28.9650 0.0001 0.0001
28.9834 0.0001 0.0001
29.0018 0.0001 0.0001
29.0203 0.0001 0.0001
29.0387 0.0001 0.0001
29.0571 0.0001 0.0001
29.0756 0.0001 0.0001
29.0940 0.0001 0.0001
29.1125 0.0001 0.0001
29.1309 0.0001 0.0001
29.1493 0.0001 0.0001
29.1678 0.0001 0.0001
29.1862 0.0001 0.0001
29.2046 0.0001 0.0001
29.2231 0.0001 0.0001
29.2415 0.0001 0.0000
29.2600 0.0001 0.0000
29.2784 0.0001 0.0000
29.2968 0.0001 0.0000
29.3153 0.0001 0.0000
29.3337 0.0001 0.0000
29.3521 0.0001 0.0000
29.3706 0.0001 0.0000
29.3890 0.0001 0.0000
29.4075 0.0001 0.0000
29.4259 0.0001 0.0000
29.4443 0.0001 0.0000
29.4628 0.0001 0.0000
29.4812 0.0001 0.0000
29.4996 0.0000 0.0000
29.5181 0.0000 0.0000
29.5365 0.0000 0.0000
29.5550 0.0000 0.0000
29.5734 0.0000 0.0000
29.5918 0.0000 0.0000
29.6103 0.0000 0.0000
29.6287 0.0000 0.0000
29.6471 0.0000 0.0000
29.6656 0.0000 0.0000
29.6840 0.0000 0.0000
29.7025 0.0000 0.0000
29.7209 0.0000 0.0000
29.7393 0.0000 0.0000
29.7578 0.0000 0.0000
29.7762 0.0000 0.0000
29.7946 0.0000 0.0000
29.8131 0.0000 0.0000
29.8315 0.0000 0.0000
29.8499 0.0000 0.0000
29.8684 0.0000 0.0000
29.8868 0.0000 0.0000
29.9053 0.0000 0.0000
29.9237 0.0000 0.0000
29.9421 0.0000 0.0000
29.9606 0.0000 0.0000
29.9790 0.0000 0.0000
29.9974 0.0000 0.0000
30.0159 0.0000 0.0000
30.0343 0.0000 0.0000
30.0528 0.0000 0.0000
30.0712 0.0000 0.0000
30.0896 0.0000 0.0000
30.1081 0.0000 0.0000
30.1265 0.0000 0.0000
30.1449 0.0000 0.0000
30.1634 0.0000 0.0000
30.1818 0.0000 0.0000
30.2003 0.0000 0.0000
30.2187 0.0000 0.0000
30.2371 0.0000 0.0000
30.2556 0.0000 0.0000
30.2740 0.0000 0.0000
30.2924 0.0000 0.0000
30.3109 0.0000 0.0000
30.3293 0.0000 0.0000
30.3478 0.0000 0.0000
30.3662 0.0000 0.0000
30.3846 0.0000 0.0000
30.4031 0.0000 0.0000
30.4215 0.0000 0.0000
30.4399 0.0000 0.0000
30.4584 0.0000 0.0000
30.4768 0.0000 0.0000
30.4953 0.0000 0.0000
30.5137 0.0000 0.0000
30.5321 0.0000 0.0000
30.5506 0.0000 0.0000
30.5690 0.0000 0.0000
30.5874 0.0000 0.0000
30.6059 0.0000 0.0000
30.6243 0.0000 0.0000
30.6428 0.0000 0.0000
30.6612 0.0000 0.0000
30.6796 0.0000 0.0000
30.6981 0.0000 0.0000
30.7165 0.0000 0.0000
30.7349 0.0000 0.0000
30.7534 0.0000 0.0000
30.7718 0.0000 0.0000
30.7903 0.0000 0.0000
30.8087 0.0000 0.0000
30.8271 0.0000 0.0000
30.8456 0.0000 0.0000
30.8640 0.0000 0.0000
30.8824 0.0000 0.0000
30.9009 0.0000 0.0000
30.9193 0.0000 0.0000
30.9377 0.0000 0.0000
30.9562 0.0000 0.0000
30.9746 0.0000 0.0000
30.9931 0.0000 0.0000
31.0115 0.0000 0.0000
31.0299 0.0000 0.0000
31.0484 0.0000 0.0000
31.0668 0.0000 0.0000
31.0852 0.0000 0.0000
31.1037 0.0000 0.0000
31.1221 0.0000 0.0000
31.1406 0.0000 0.0000
31.1590 0.0000 0.0000
31.1774 0.0000 0.0000
31.1959 0.0000 0.0000
31.2143 0.0000 0.0000
31.2327 0.0000 0.0000
31.2512 0.0000 0.0000
31.2696 0.0000 0.0000
31.2881 0.0000 0.0000
31.3065 0.0000 0.0000
31.3249 0.0000 0.0000
31.3434 0.0000 0.0000
31.3618 0.0000 0.0000
31.3802 0.0000 0.0000
31.3987 0.0000 0.0000
31.4171 0.0000 0.0000
31.4356 0.0000 0.0000
31.4540 0.0000 0.0000
31.4724 0.0000 0.0000
31.4909 0.0000 0.0000
31.5093 0.0000 0.0000
31.5277 0.0000 0.0000
31.5462 0.0000 0.0000
31.5646 0.0000 0.0000
31.5831 0.0000 0.0000
31.6015 0.0000 0.0000
31.6199 0.0000 0.0000
31.6384 0.0000 0.0000
31.6568 0.0000 0.0000
31.6752 0.0000 0.0000
31.6937 0.0000 0.0000
31.7121 0.0000 0.0000
31.7306 0.0000 0.0000
31.7490 0.0000 0.0000
31.7674 0.0000 0.0000
31.7859 0.0000 0.0000
31.8043 0.0000 0.0000
31.8227 0.0000 0.0000
31.8412 0.0000 0.0000
31.8596 0.0000 0.0000
31.8781 0.0000 0.0000
31.8965 0.0000 0.0000
31.9149 0.0000 0.0000
31.9334 0.0000 0.0000
31.9518 0.0000 0.0000
31.9702 0.0000 0.0000
31.9887 0.0000 0.0000
32.0071 0.0000 0.0000
32.0255 0.0000 0.0000
32.0440 0.0000 0.0000
32.0624 0.0000 0.0000
32.0809 0.0000 0.0000
32.0993 0.0000 0.0000
32.1177 0.0000 0.0000
32.1362 0.0000 0.0000
32.1546 0.0000 0.0000
32.1730 0.0000 0.0000
32.1915 0.0000 0.0000
32.2099 0.0000 0.0000
32.2284 0.0000 0.0000
32.2468 0.0000 0.0000
32.2652 0.0000 0.0000
32.2837 0.0000 0.0000
32.3021 0.0000 0.0000
32.3205 0.0000 0.0000
32.3390 0.0000 0.0000
32.3574 0.0000 0.0000
32.3759 0.0000 0.0000
32.3943 0.0000 0.0000
32.4127 0.0000 0.0000
32.4312 0.0000 0.0000
32.4496 0.0000 0.0000
32.4680 0.0000 0.0000
32.4865 0.0000 0.0000
32.5049 0.0000 0.0000
32.5234 0.0000 0.0000
32.5418 0.0000 0.0000
32.5602 0.0000 0.0000
32.5787 0.0000 0.0000
32.5971 0.0000 0.0000
32.6155 0.0000 0.0000
32.6340 0.0000 0.0000
32.6524 0.0000 0.0000
32.6709 0.0000 0.0000
32.6893 0.0000 0.0000
32.7077 0.0000 0.0000
32.7262 0.0000 0.0000
32.7446 0.0000 0.0000
32.7630 0.0000 0.0000
32.7815 0.0000 0.0000
32.7999 0.0000 0.0000
32.8184 0.0000 0.0000
32.8368 0.0000 0.0000
32.8552 0.0000 0.0000
32.8737 0.0000 0.0000
32.8921 0.0000 0.0000
32.9105 0.0000 0.0000
32.9290 0.0000 0.0000
32.9474 0.0000 0.0000
32.9658 0.0000 0.0000
32.9843 0.0000 0.0000
33.0027 0.0000 0.0000
33.0212 0.0000 0.0000
33.0396 0.0000 0.0000
33.0580 0.0000 0.0000
33.0765 0.0000 0.0000
33.0949 0.0000 0.0000
33.1133 0.0000 0.0000
33.1318 0.0000 0.0000
33.1502 0.0000 0.0000
33.1687 0.0000 0.0000
33.1871 0.0000 0.0000
33.2055 0.0000 0.0000
33.2240 0.0000 0.0000
33.2424 0.0000 0.0000
33.2608 0.0000 0.0000
33.2793 0.0000 0.0000
33.2977 0.0000 0.0000
33.3162 0.0000 0.0000
33.3346 0.0000 0.0000
33.3530 0.0000 0.0000
33.3715 0.0000 0.0000
33.3899 0.0000 0.0000
33.4083 0.0000 0.0000
33.4268 0.0000 0.0000
33.4452 0.0000 0.0000
33.4637 0.0000 0.0000
33.4821 0.0000 0.0000
33.5005 0.0000 0.0000
33.5190 0.0000 0.0000
33.5374 0.0000 0.0000
33.5558 0.0000 0.0000
33.5743 0.0000 0.0000
33.5927 0.0000 0.0000
33.6112 0.0000 0.0000
33.6296 0.0000 0.0000
33.6480 0.0000 0.0000
33.6665 0.0000 0.0000
33.6849 0.0000 0.0000
33.7033 0.0000 0.0000
33.7218 0.0000 0.0000
33.7402 0.0000 0.0000
33.7587 0.0000 0.0000
33.7771 0.0000 0.0000
33.7955 0.0000 0.0000
33.8140 0.0000 0.0000
33.8324 0.0000 0.0000
33.8508 0.0000 0.0000
33.8693 0.0000 0.0000
33.8877 0.0000 0.0000
33.9062 0.0000 0.0000
33.9246 0.0000 0.0000
33.9430 0.0000 0.0000
33.9615 0.0000 0.0000
33.9799 0.0000 0.0000
33.9983 0.0000 0.0000
34.0168 0.0000 0.0000
34.0352 0.0000 0.0000
34.0536 0.0000 0.0000
34.0721 0.0000 0.0000
34.0905 0.0000 0.0000
34.1090 0.0000 0.0000
34.1274 0.0000 0.0000
34.1458 0.0000 0.0000
34.1643 0.0000 0.0000
34.1827 0.0000 0.0000
34.2011 0.0000 0.0000
34.2196 0.0000 0.0000
34.2380 0.0000 0.0000
34.2565 0.0000 0.0000
34.2749 0.0000 0.0000
34.2933 0.0000 0.0000
34.3118 0.0000 0.0000
34.3302 0.0000 0.0000
34.3486 0.0000 0.0000
34.3671 0.0000 0.0000
34.3855 0.0000 0.0000
34.4040 0.0000 0.0000
34.4224 0.0000 0.0000
34.4408 0.0000 0.0000
34.4593 0.0000 0.0000
34.4777 0.0000 0.0000
34.4961 0.0000 0.0000
34.5146 0.0000 0.0000
34.5330 0.0000 0.0000
34.5515 0.0000 0.0000
34.5699 0.0000 0.0000
34.5883 0.0000 0.0000
34.6068 0.0000 0.0000
34.6252 0.0000 0.0000
34.6436 0.0000 0.0000
34.6621 0.0000 0.0000
34.6805 0.0000 0.0000
34.6990 0.0000 0.0000
34.7174 0.0000 0.0000
34.7358 0.0000 0.0000
34.7543 0.0000 0.0000
34.7727 0.0000 0.0000
34.7911 0.0000 0.0000
34.8096 0.0000 0.0000
34.8280 0.0000 0.0000
34.8465 0.0000 0.0000
34.8649 0.0000 0.0000
34.8833 0.0000 0.0000
34.9018 0.0000 0.0000
34.9202 0.0000 0.0000
34.9386 0.0000 0.0000
34.9571 0.0000 0.0000
34.9755 0.0000 0.0000
34.9939 0.0000 0.0000
35.0124 0.0000 0.0000
35.0308 0.0000 0.0000
35.0493 0.0000 0.0000
35.0677 0.0000 0.0000
35.0861 0.0000 0.0000
35.1046 0.0000 0.0000
35.1230 0.0000 0.0000
35.1414 0.0000 0.0000
35.1599 0.0000 0.0000
35.1783 0.0000 0.0000
35.1968 0.0000 0.0000
35.2152 0.0000 0.0000
35.2336 0.0000 0.0000
35.2521 0.0000 0.0000
35.2705 0.0000 0.0000
35.2889 0.0000 0.0000
35.3074 0.0000 0.0000
35.3258 0.0000 0.0000
35.3443 0.0000 0.0000
35.3627 0.0000 0.0000
35.3811 0.0000 0.0000
35.3996 0.0000 0.0000
35.4180 0.0000 0.0000
35.4364 0.0000 0.0000
35.4549 0.0000 0.0000
35.4733 0.0000 0.0000
35.4918 0.0000 0.0000
35.5102 0.0000 0.0000
35.5286 0.0000 0.0000
35.5471 0.0000 0.0000
35.5655 0.0000 0.0000
35.5839 0.0000 0.0000
35.6024 0.0000 0.0000
35.6208 0.0000 0.0000
35.6393 0.0000 0.0000
35.6577 0.0000 0.0000
35.6761 0.0000 0.0000
35.6946 0.0000 0.0000
35.7130 0.0000 0.0000
35.7314 0.0000 0.0000
35.7499 0.0000 0.0000
35.7683 0.0000 0.0000
35.7868 0.0000 0.0000
35.8052 0.0000 0.0000
35.8236 0.0000 0.0000
35.8421 0.0000 0.0000
35.8605 0.0000 0.0000
35.8789 0.0000 0.0000
35.8974 0.0000 0.0000
35.9158 0.0000 0.0000
35.9343 0.0000 0.0000
35.9527 0.0000 0.0000
35.9711 0.0000 0.0000
35.9896 0.0000 0.0000
36.0080 0.0000 0.0000
36.0264 0.0000 0.0000
36.0449 0.0000 0.0000
36.0633 0.0000 0.0000
36.0817 0.0000 0.0000
36.1002 0.0000 0.0000
36.1186 0.0000 0.0000
36.1371 0.0000 0.0000
36.1555 0.0000 0.0000
36.1739 0.0000 0.0000
36.1924 0.0000 0.0000
36.2108 0.0000 0.0000
36.2292 0.0000 0.0000
36.2477 0.0000 0.0000
36.2661 0.0000 0.0000
36.2846 0.0000 0.0000
36.3030 0.0000 0.0000
36.3214 0.0000 0.0000
36.3399 0.0000 0.0000
36.3583 0.0000 0.0000
36.3767 0.0000 0.0000
36.3952 0.0000 0.0000
36.4136 0.0000 0.0000
36.4321 0.0000 0.0000
36.4505 0.0000 0.0000
36.4689 0.0000 0.0000
36.4874 0.0000 0.0000
36.5058 0.0000 0.0000
36.5242 0.0000 0.0000
36.5427 0.0000 0.0000
36.5611 0.0000 0.0000
36.5796 0.0000 0.0000
36.5980 0.0000 0.0000
36.6164 0.0000 0.0000
36.6349 0.0000 0.0000
36.6533 0.0000 0.0000
36.6717 0.0000 0.0000
36.6902 0.0000 0.0000
36.7086 0.0000 0.0000
36.7271 0.0000 0.0000
36.7455 0.0000 0.0000
36.7639 0.0000 0.0000
36.7824 0.0000 0.0000
36.8008 0.0000 0.0000
36.8192 0.0000 0.0000
36.8377 0.0000 0.0000
36.8561 0.0000 0.0000
