0.0000 0.0000 0.0000
0.0166 1.5819 1.5227
0.0332 3.1370 3.0199
0.0498 4.6395 4.4667
0.0664 6.0654 5.8406
0.0830 7.3938 7.1215
0.0996 8.6070 8.2929
0.1161 9.6916 9.3420
0.1327 10.6382 10.2600
0.1493 11.4418 11.0425
0.1659 12.1014 11.6888
0.1825 12.6200 12.2016
0.1991 13.0038 12.5871
0.2157 13.2617 12.8537
0.2323 13.4048 13.0116
0.2489 13.4457 13.0725
0.2655 13.3977 13.0484
0.2821 13.2744 12.9515
0.2987 13.0890 12.7937
0.3153 12.8544 12.5861
0.3318 12.5819 12.3386
0.3484 12.2821 12.0604
0.3650 11.9641 11.7591
0.3816 11.6353 11.4412
0.3982 11.3021 11.1125
0.4148 10.9693 10.7772
0.4314 10.6408 10.4391
0.4480 10.3190 10.1012
0.4646 10.0058 9.7659
0.4812 9.7022 9.4351
0.4978 9.4084 9.1105
0.5144 9.1246 8.7935
0.5310 8.8504 8.4851
0.5475 8.5851 8.1865
0.5641 8.3284 7.8985
0.5807 8.0794 7.6217
0.5973 7.8379 7.3567
0.6139 7.6032 7.1039
0.6305 7.3753 6.8634
0.6471 7.1539 6.6354
0.6637 6.9391 6.4195
0.6803 6.7311 6.2157
0.6969 6.5300 6.0234
0.7135 6.3363 5.8422
0.7301 6.1502 5.6715
0.7467 5.9722 5.5105
0.7632 5.8025 5.3587
0.7798 5.6413 5.2155
0.7964 5.4889 5.0802
0.8130 5.3452 4.9522
0.8296 5.2100 4.8312
0.8462 5.0833 4.7168
0.8628 4.9647 4.6086
0.8794 4.8536 4.5064
0.8960 4.7496 4.4099
0.9126 4.6521 4.3192
0.9292 4.5605 4.2340
0.9458 4.4740 4.1543
0.9623 4.3922 4.0800
0.9789 4.3143 4.0109
0.9955 4.2398 3.9468
1.0121 4.1682 3.8876
1.0287 4.0992 3.8330
1.0453 4.0322 3.7827
1.0619 3.9672 3.7363
1.0785 3.9038 3.6934
1.0951 3.8419 3.6537
1.1117 3.7815 3.6166
1.1283 3.7225 3.5817
1.1449 3.6648 3.5486
1.1615 3.6086 3.5167
1.1780 3.5538 3.4858
1.1946 3.5004 3.4554
1.2112 3.4485 3.4252
1.2278 3.3981 3.3950
1.2444 3.3493 3.3645
1.2610 3.3019 3.3336
1.2776 3.2559 3.3022
1.2942 3.2114 3.2701
1.3108 3.1683 3.2375
1.3274 3.1265 3.2043
1.3440 3.0859 3.1706
1.3606 3.0466 3.1363
1.3772 3.0084 3.1017
1.3937 2.9714 3.0667
1.4103 2.9354 3.0315
1.4269 2.9006 2.9962
1.4435 2.8667 2.9608
1.4601 2.8340 2.9254
1.4767 2.8023 2.8901
1.4933 2.7717 2.8550
1.5099 2.7422 2.8202
1.5265 2.7139 2.7858
1.5431 2.6867 2.7519
1.5597 2.6607 2.7186
1.5763 2.6360 2.6860
1.5929 2.6125 2.6542
1.6094 2.5903 2.6233
1.6260 2.5692 2.5935
1.6426 2.5494 2.5647
1.6592 2.5308 2.5371
1.6758 2.5133 2.5108
1.6924 2.4968 2.4857
1.7090 2.4813 2.4618
1.7256 2.4666 2.4392
1.7422 2.4526 2.4178
1.7588 2.4392 2.3975
1.7754 2.4262 2.3782
1.7920 2.4136 2.3599
1.8086 2.4011 2.3424
1.8251 2.3887 2.3257
1.8417 2.3763 2.3096
1.8583 2.3637 2.2940
1.8749 2.3509 2.2789
1.8915 2.3378 2.2642
1.9081 2.3246 2.2498
1.9247 2.3111 2.2356
1.9413 2.2974 2.2216
1.9579 2.2837 2.2079
1.9745 2.2699 2.1943
1.9911 2.2563 2.1809
2.0077 2.2428 2.1676
2.0243 2.2297 2.1543
2.0408 2.2170 2.1412
2.0574 2.2048 2.1282
2.0740 2.1932 2.1152
2.0906 2.1822 2.1022
2.1072 2.1718 2.0892
2.1238 2.1621 2.0761
2.1404 2.1530 2.0629
2.1570 2.1444 2.0497
2.1736 2.1363 2.0363
2.1902 2.1284 2.0228
2.2068 2.1208 2.0092
2.2234 2.1133 1.9954
2.2400 2.1057 1.9815
2.2565 2.0980 1.9675
2.2731 2.0901 1.9533
2.2897 2.0818 1.9390
2.3063 2.0731 1.9245
2.3229 2.0640 1.9100
2.3395 2.0544 1.8953
2.3561 2.0445 1.8805
2.3727 2.0341 1.8656
2.3893 2.0234 1.8505
2.4059 2.0125 1.8354
2.4225 2.0014 1.8201
2.4391 1.9902 1.8046
2.4557 1.9790 1.7891
2.4722 1.9679 1.7734
2.4888 1.9569 1.7577
2.5054 1.9461 1.7418
2.5220 1.9355 1.7260
2.5386 1.9252 1.7100
2.5552 1.9151 1.6941
2.5718 1.9053 1.6782
2.5884 1.8957 1.6622
2.6050 1.8862 1.6463
2.6216 1.8768 1.6305
2.6382 1.8675 1.6146
2.6548 1.8583 1.5988
2.6714 1.8489 1.5829
2.6879 1.8395 1.5670
2.7045 1.8299 1.5511
2.7211 1.8202 1.5352
2.7377 1.8103 1.5192
2.7543 1.8002 1.5032
2.7709 1.7900 1.4871
2.7875 1.7795 1.4710
2.8041 1.7689 1.4549
2.8207 1.7582 1.4389
2.8373 1.7473 1.4229
2.8539 1.7364 1.4070
2.8705 1.7254 1.3913
2.8870 1.7144 1.3759
2.9036 1.7033 1.3606
2.9202 1.6922 1.3457
2.9368 1.6810 1.3311
2.9534 1.6696 1.3169
2.9700 1.6581 1.3030
2.9866 1.6464 1.2896
3.0032 1.6345 1.2765
3.0198 1.6222 1.2639
3.0364 1.6097 1.2517
3.0530 1.5967 1.2399
3.0696 1.5834 1.2284
3.0862 1.5696 1.2174
3.1027 1.5554 1.2068
3.1193 1.5408 1.1965
3.1359 1.5259 1.1866
3.1525 1.5106 1.1771
3.1691 1.4950 1.1679
3.1857 1.4791 1.1591
3.2023 1.4631 1.1507
3.2189 1.4469 1.1426
3.2355 1.4306 1.1349
3.2521 1.4143 1.1275
3.2687 1.3980 1.1204
3.2853 1.3818 1.1137
3.3019 1.3657 1.1073
3.3184 1.3497 1.1012
3.3350 1.3338 1.0954
3.3516 1.3181 1.0899
3.3682 1.3026 1.0845
3.3848 1.2873 1.0794
3.4014 1.2721 1.0744
3.4180 1.2572 1.0695
3.4346 1.2424 1.0648
3.4512 1.2279 1.0602
3.4678 1.2135 1.0556
3.4844 1.1994 1.0511
3.5010 1.1854 1.0467
3.5176 1.1716 1.0423
3.5341 1.1580 1.0379
3.5507 1.1446 1.0335
3.5673 1.1314 1.0291
3.5839 1.1184 1.0247
3.6005 1.1056 1.0203
3.6171 1.0930 1.0157
3.6337 1.0807 1.0111
3.6503 1.0685 1.0064
3.6669 1.0566 1.0014
3.6835 1.0450 0.9963
3.7001 1.0335 0.9909
3.7167 1.0223 0.9853
3.7333 1.0113 0.9794
3.7498 1.0006 0.9731
3.7664 0.9900 0.9665
3.7830 0.9798 0.9596
3.7996 0.9698 0.9524
3.8162 0.9600 0.9449
3.8328 0.9505 0.9371
3.8494 0.9414 0.9291
3.8660 0.9325 0.9209
3.8826 0.9239 0.9127
3.8992 0.9156 0.9044
3.9158 0.9077 0.8960
3.9324 0.9002 0.8878
3.9490 0.8929 0.8797
3.9655 0.8861 0.8718
3.9821 0.8795 0.8641
3.9987 0.8733 0.8567
4.0153 0.8674 0.8496
4.0319 0.8618 0.8428
4.0485 0.8565 0.8363
4.0651 0.8514 0.8302
4.0817 0.8465 0.8245
4.0983 0.8417 0.8190
4.1149 0.8371 0.8140
4.1315 0.8326 0.8092
4.1481 0.8281 0.8047
4.1647 0.8237 0.8005
4.1812 0.8193 0.7965
4.1978 0.8148 0.7927
4.2144 0.8103 0.7891
4.2310 0.8058 0.7857
4.2476 0.8012 0.7824
4.2642 0.7965 0.7792
4.2808 0.7918 0.7762
4.2974 0.7870 0.7732
4.3140 0.7821 0.7702
4.3306 0.7772 0.7673
4.3472 0.7724 0.7644
4.3638 0.7675 0.7615
4.3804 0.7627 0.7586
4.3969 0.7580 0.7556
4.4135 0.7533 0.7527
4.4301 0.7488 0.7497
4.4467 0.7444 0.7467
4.4633 0.7401 0.7436
4.4799 0.7360 0.7405
4.4965 0.7320 0.7374
4.5131 0.7282 0.7343
4.5297 0.7244 0.7311
4.5463 0.7208 0.7280
4.5629 0.7173 0.7248
4.5795 0.7139 0.7217
4.5960 0.7105 0.7186
4.6126 0.7072 0.7156
4.6292 0.7038 0.7127
4.6458 0.7005 0.7099
4.6624 0.6971 0.7072
4.6790 0.6936 0.7046
4.6956 0.6901 0.7022
4.7122 0.6865 0.6999
4.7288 0.6828 0.6977
4.7454 0.6791 0.6957
4.7620 0.6753 0.6939
4.7786 0.6714 0.6921
4.7952 0.6675 0.6905
4.8117 0.6637 0.6889
4.8283 0.6598 0.6875
4.8449 0.6559 0.6860
4.8615 0.6521 0.6846
4.8781 0.6484 0.6832
4.8947 0.6447 0.6818
4.9113 0.6412 0.6803
4.9279 0.6379 0.6787
4.9445 0.6346 0.6770
4.9611 0.6316 0.6751
4.9777 0.6287 0.6731
4.9943 0.6260 0.6710
5.0109 0.6235 0.6687
5.0274 0.6212 0.6663
5.0440 0.6191 0.6637
5.0606 0.6171 0.6610
5.0772 0.6153 0.6582
5.0938 0.6136 0.6553
5.1104 0.6121 0.6523
5.1270 0.6107 0.6493
5.1436 0.6094 0.6463
5.1602 0.6081 0.6433
5.1768 0.6070 0.6403
5.1934 0.6059 0.6374
5.2100 0.6048 0.6346
5.2266 0.6037 0.6318
5.2431 0.6027 0.6292
5.2597 0.6016 0.6266
5.2763 0.6006 0.6241
5.2929 0.5996 0.6216
5.3095 0.5986 0.6192
5.3261 0.5976 0.6169
5.3427 0.5966 0.6145
5.3593 0.5956 0.6122
5.3759 0.5947 0.6098
5.3925 0.5937 0.6074
5.4091 0.5928 0.6048
5.4257 0.5919 0.6022
5.4423 0.5910 0.5995
5.4588 0.5901 0.5967
5.4754 0.5892 0.5938
5.4920 0.5882 0.5908
5.5086 0.5872 0.5876
5.5252 0.5861 0.5844
5.5418 0.5849 0.5811
5.5584 0.5836 0.5778
5.5750 0.5822 0.5744
5.5916 0.5806 0.5710
5.6082 0.5789 0.5676
5.6248 0.5771 0.5642
5.6414 0.5752 0.5608
5.6580 0.5731 0.5575
5.6745 0.5710 0.5543
5.6911 0.5687 0.5512
5.7077 0.5664 0.5481
5.7243 0.5641 0.5452
5.7409 0.5618 0.5424
5.7575 0.5594 0.5397
5.7741 0.5571 0.5371
5.7907 0.5548 0.5347
5.8073 0.5527 0.5324
5.8239 0.5506 0.5302
5.8405 0.5485 0.5282
5.8571 0.5467 0.5262
5.8737 0.5449 0.5244
5.8902 0.5432 0.5228
5.9068 0.5416 0.5212
5.9234 0.5402 0.5197
5.9400 0.5388 0.5184
5.9566 0.5376 0.5171
5.9732 0.5364 0.5159
5.9898 0.5353 0.5147
6.0064 0.5343 0.5136
6.0230 0.5333 0.5126
6.0396 0.5323 0.5116
6.0562 0.5314 0.5106
6.0728 0.5304 0.5096
6.0894 0.5295 0.5087
6.1059 0.5285 0.5078
6.1225 0.5275 0.5069
6.1391 0.5264 0.5061
6.1557 0.5253 0.5053
6.1723 0.5241 0.5045
6.1889 0.5228 0.5038
6.2055 0.5215 0.5031
6.2221 0.5201 0.5025
6.2387 0.5185 0.5020
6.2553 0.5170 0.5015
6.2719 0.5153 0.5011
6.2885 0.5136 0.5008
6.3051 0.5118 0.5006
6.3216 0.5100 0.5004
6.3382 0.5081 0.5003
6.3548 0.5062 0.5002
6.3714 0.5043 0.5002
6.3880 0.5024 0.5003
6.4046 0.5004 0.5003
6.4212 0.4985 0.5004
6.4378 0.4966 0.5006
6.4544 0.4947 0.5007
6.4710 0.4929 0.5009
6.4876 0.4910 0.5011
6.5042 0.4893 0.5013
6.5207 0.4875 0.5015
6.5373 0.4859 0.5017
6.5539 0.4844 0.5020
6.5705 0.4829 0.5023
6.5871 0.4816 0.5026
6.6037 0.4804 0.5029
6.6203 0.4793 0.5032
6.6369 0.4784 0.5035
6.6535 0.4777 0.5039
6.6701 0.4771 0.5042
6.6867 0.4766 0.5046
6.7033 0.4764 0.5049
6.7199 0.4762 0.5053
6.7364 0.4762 0.5056
6.7530 0.4763 0.5059
6.7696 0.4765 0.5061
6.7862 0.4767 0.5063
6.8028 0.4770 0.5065
6.8194 0.4773 0.5065
6.8360 0.4775 0.5065
6.8526 0.4778 0.5064
6.8692 0.4780 0.5062
6.8858 0.4781 0.5059
6.9024 0.4782 0.5055
6.9190 0.4783 0.5050
6.9356 0.4783 0.5043
6.9521 0.4782 0.5035
6.9687 0.4781 0.5027
6.9853 0.4780 0.5016
7.0019 0.4779 0.5005
7.0185 0.4778 0.4993
7.0351 0.4778 0.4980
7.0517 0.4778 0.4966
7.0683 0.4779 0.4951
7.0849 0.4780 0.4936
7.1015 0.4781 0.4921
7.1181 0.4783 0.4906
7.1347 0.4786 0.4890
7.1513 0.4788 0.4875
7.1678 0.4790 0.4861
7.1844 0.4792 0.4846
7.2010 0.4793 0.4832
7.2176 0.4793 0.4819
7.2342 0.4792 0.4806
7.2508 0.4790 0.4794
7.2674 0.4786 0.4783
7.2840 0.4781 0.4772
7.3006 0.4774 0.4761
7.3172 0.4765 0.4751
7.3338 0.4755 0.4742
7.3504 0.4743 0.4732
7.3670 0.4730 0.4723
7.3835 0.4715 0.4715
7.4001 0.4700 0.4706
7.4167 0.4684 0.4698
7.4333 0.4667 0.4690
7.4499 0.4651 0.4682
7.4665 0.4634 0.4674
7.4831 0.4617 0.4667
7.4997 0.4601 0.4661
7.5163 0.4585 0.4654
7.5329 0.4569 0.4649
7.5495 0.4554 0.4644
7.5661 0.4540 0.4640
7.5827 0.4526 0.4636
7.5992 0.4513 0.4633
7.6158 0.4500 0.4632
7.6324 0.4488 0.4631
7.6490 0.4476 0.4630
7.6656 0.4464 0.4631
7.6822 0.4452 0.4632
7.6988 0.4440 0.4634
7.7154 0.4428 0.4636
7.7320 0.4416 0.4639
7.7486 0.4403 0.4642
7.7652 0.4390 0.4645
7.7818 0.4376 0.4647
7.7984 0.4362 0.4650
7.8149 0.4347 0.4652
7.8315 0.4332 0.4654
7.8481 0.4317 0.4656
7.8647 0.4301 0.4657
7.8813 0.4285 0.4658
7.8979 0.4269 0.4658
7.9145 0.4253 0.4658
7.9311 0.4237 0.4657
7.9477 0.4221 0.4657
7.9643 0.4206 0.4656
7.9809 0.4191 0.4654
7.9975 0.4177 0.4653
8.0141 0.4164 0.4652
8.0306 0.4151 0.4650
8.0472 0.4140 0.4649
8.0638 0.4130 0.4648
8.0804 0.4121 0.4647
8.0970 0.4113 0.4646
8.1136 0.4107 0.4645
8.1302 0.4101 0.4644
8.1468 0.4097 0.4643
8.1634 0.4094 0.4643
8.1800 0.4092 0.4643
8.1966 0.4090 0.4643
8.2132 0.4089 0.4643
8.2297 0.4089 0.4643
8.2463 0.4089 0.4644
8.2629 0.4090 0.4645
8.2795 0.4090 0.4645
8.2961 0.4091 0.4646
8.3127 0.4091 0.4647
8.3293 0.4091 0.4648
8.3459 0.4091 0.4649
8.3625 0.4090 0.4650
8.3791 0.4088 0.4651
8.3957 0.4086 0.4652
8.4123 0.4084 0.4653
8.4289 0.4080 0.4654
8.4454 0.4076 0.4654
8.4620 0.4072 0.4655
8.4786 0.4067 0.4655
8.4952 0.4062 0.4656
8.5118 0.4057 0.4656
8.5284 0.4051 0.4657
8.5450 0.4045 0.4657
8.5616 0.4040 0.4657
8.5782 0.4034 0.4657
8.5948 0.4029 0.4656
8.6114 0.4024 0.4656
8.6280 0.4019 0.4655
8.6446 0.4014 0.4653
8.6611 0.4009 0.4651
8.6777 0.4005 0.4648
8.6943 0.4000 0.4644
8.7109 0.3996 0.4640
8.7275 0.3991 0.4634
8.7441 0.3987 0.4628
8.7607 0.3983 0.4620
8.7773 0.3978 0.4612
8.7939 0.3973 0.4603
8.8105 0.3969 0.4593
8.8271 0.3964 0.4582
8.8437 0.3959 0.4570
8.8603 0.3953 0.4558
8.8768 0.3948 0.4545
8.8934 0.3942 0.4531
8.9100 0.3936 0.4518
8.9266 0.3930 0.4503
8.9432 0.3923 0.4489
8.9598 0.3917 0.4474
8.9764 0.3910 0.4460
8.9930 0.3902 0.4445
9.0096 0.3895 0.4430
9.0262 0.3887 0.4416
9.0428 0.3878 0.4402
9.0594 0.3870 0.4388
9.0760 0.3861 0.4374
9.0925 0.3852 0.4361
9.1091 0.3842 0.4349
9.1257 0.3832 0.4337
9.1423 0.3822 0.4326
9.1589 0.3812 0.4316
9.1755 0.3801 0.4306
9.1921 0.3791 0.4298
9.2087 0.3780 0.4290
9.2253 0.3769 0.4284
9.2419 0.3758 0.4278
9.2585 0.3747 0.4273
9.2751 0.3736 0.4270
9.2917 0.3725 0.4267
9.3082 0.3714 0.4265
9.3248 0.3703 0.4264
9.3414 0.3692 0.4264
9.3580 0.3680 0.4264
9.3746 0.3669 0.4265
9.3912 0.3657 0.4267
9.4078 0.3646 0.4269
9.4244 0.3634 0.4272
9.4410 0.3623 0.4275
9.4576 0.3611 0.4279
9.4742 0.3600 0.4283
9.4908 0.3589 0.4288
9.5074 0.3578 0.4293
9.5239 0.3567 0.4298
9.5405 0.3556 0.4304
9.5571 0.3545 0.4310
9.5737 0.3535 0.4317
9.5903 0.3524 0.4324
9.6069 0.3515 0.4330
9.6235 0.3505 0.4337
9.6401 0.3496 0.4344
9.6567 0.3487 0.4350
9.6733 0.3479 0.4357
9.6899 0.3471 0.4362
9.7065 0.3464 0.4368
9.7231 0.3457 0.4372
9.7396 0.3450 0.4376
9.7562 0.3444 0.4379
9.7728 0.3438 0.4381
9.7894 0.3433 0.4383
9.8060 0.3429 0.4384
9.8226 0.3424 0.4383
9.8392 0.3421 0.4382
9.8558 0.3417 0.4380
9.8724 0.3414 0.4378
9.8890 0.3412 0.4374
9.9056 0.3410 0.4370
9.9222 0.3408 0.4366
9.9388 0.3407 0.4360
9.9553 0.3405 0.4354
9.9719 0.3405 0.4348
9.9885 0.3404 0.4341
10.0051 0.3404 0.4333
10.0217 0.3405 0.4325
10.0383 0.3405 0.4316
10.0549 0.3406 0.4307
10.0715 0.3407 0.4297
10.0881 0.3408 0.4287
10.1047 0.3409 0.4276
10.1213 0.3410 0.4265
10.1379 0.3412 0.4254
10.1544 0.3413 0.4243
10.1710 0.3415 0.4232
10.1876 0.3416 0.4221
10.2042 0.3417 0.4211
10.2208 0.3418 0.4200
10.2374 0.3419 0.4191
10.2540 0.3420 0.4181
10.2706 0.3420 0.4173
10.2872 0.3420 0.4164
10.3038 0.3420 0.4157
10.3204 0.3419 0.4150
10.3370 0.3418 0.4144
10.3536 0.3417 0.4139
10.3701 0.3415 0.4133
10.3867 0.3414 0.4129
10.4033 0.3412 0.4124
10.4199 0.3409 0.4119
10.4365 0.3407 0.4114
10.4531 0.3404 0.4109
10.4697 0.3402 0.4103
10.4863 0.3399 0.4097
10.5029 0.3397 0.4089
10.5195 0.3394 0.4081
10.5361 0.3392 0.4072
10.5527 0.3390 0.4062
10.5693 0.3389 0.4050
10.5858 0.3387 0.4038
10.6024 0.3387 0.4025
10.6190 0.3386 0.4010
10.6356 0.3386 0.3995
10.6522 0.3386 0.3979
10.6688 0.3387 0.3963
10.6854 0.3388 0.3946
10.7020 0.3389 0.3929
10.7186 0.3390 0.3913
10.7352 0.3392 0.3896
10.7518 0.3394 0.3880
10.7684 0.3396 0.3864
10.7850 0.3398 0.3850
10.8015 0.3400 0.3836
10.8181 0.3401 0.3823
10.8347 0.3403 0.3811
10.8513 0.3405 0.3800
10.8679 0.3406 0.3790
10.8845 0.3407 0.3782
10.9011 0.3408 0.3774
10.9177 0.3409 0.3768
10.9343 0.3409 0.3763
10.9509 0.3409 0.3758
10.9675 0.3409 0.3755
10.9841 0.3409 0.3752
11.0007 0.3408 0.3750
11.0172 0.3407 0.3748
11.0338 0.3405 0.3746
11.0504 0.3404 0.3745
11.0670 0.3402 0.3743
11.0836 0.3399 0.3742
11.1002 0.3397 0.3740
11.1168 0.3394 0.3739
11.1334 0.3391 0.3737
11.1500 0.3388 0.3734
11.1666 0.3385 0.3731
11.1832 0.3382 0.3728
11.1998 0.3378 0.3724
11.2164 0.3375 0.3720
11.2329 0.3371 0.3715
11.2495 0.3367 0.3710
11.2661 0.3364 0.3705
11.2827 0.3360 0.3699
11.2993 0.3356 0.3693
11.3159 0.3351 0.3687
11.3325 0.3347 0.3680
11.3491 0.3343 0.3674
11.3657 0.3338 0.3666
11.3823 0.3333 0.3659
11.3989 0.3327 0.3652
11.4155 0.3322 0.3644
11.4321 0.3315 0.3636
11.4486 0.3309 0.3627
11.4652 0.3302 0.3619
11.4818 0.3294 0.3610
11.4984 0.3285 0.3601
11.5150 0.3276 0.3591
11.5316 0.3267 0.3582
11.5482 0.3257 0.3572
11.5648 0.3246 0.3562
11.5814 0.3235 0.3552
11.5980 0.3224 0.3542
11.6146 0.3212 0.3531
11.6312 0.3200 0.3521
11.6478 0.3188 0.3511
11.6643 0.3176 0.3501
11.6809 0.3164 0.3491
11.6975 0.3152 0.3481
11.7141 0.3140 0.3471
11.7307 0.3129 0.3462
11.7473 0.3119 0.3452
11.7639 0.3109 0.3443
11.7805 0.3099 0.3434
11.7971 0.3090 0.3425
11.8137 0.3082 0.3417
11.8303 0.3075 0.3408
11.8469 0.3068 0.3400
11.8634 0.3062 0.3392
11.8800 0.3056 0.3383
11.8966 0.3052 0.3375
11.9132 0.3047 0.3367
11.9298 0.3044 0.3359
11.9464 0.3040 0.3351
11.9630 0.3037 0.3343
11.9796 0.3034 0.3336
11.9962 0.3032 0.3328
12.0128 0.3029 0.3321
12.0294 0.3027 0.3314
12.0460 0.3024 0.3307
12.0626 0.3022 0.3300
12.0791 0.3019 0.3293
12.0957 0.3016 0.3287
12.1123 0.3013 0.3281
12.1289 0.3010 0.3275
12.1455 0.3006 0.3269
12.1621 0.3002 0.3263
12.1787 0.2998 0.3257
12.1953 0.2994 0.3252
12.2119 0.2989 0.3246
12.2285 0.2984 0.3240
12.2451 0.2979 0.3234
12.2617 0.2974 0.3228
12.2783 0.2969 0.3221
12.2948 0.2963 0.3215
12.3114 0.2958 0.3208
12.3280 0.2952 0.3202
12.3446 0.2947 0.3195
12.3612 0.2941 0.3189
12.3778 0.2936 0.3182
12.3944 0.2931 0.3176
12.4110 0.2926 0.3169
12.4276 0.2921 0.3163
12.4442 0.2916 0.3157
12.4608 0.2911 0.3150
12.4774 0.2906 0.3144
12.4940 0.2901 0.3137
12.5105 0.2896 0.3130
12.5271 0.2890 0.3123
12.5437 0.2884 0.3116
12.5603 0.2877 0.3108
12.5769 0.2869 0.3099
12.5935 0.2861 0.3089
12.6101 0.2852 0.3079
12.6267 0.2843 0.3068
12.6433 0.2832 0.3057
12.6599 0.2821 0.3044
12.6765 0.2809 0.3031
12.6931 0.2797 0.3017
12.7097 0.2783 0.3002
12.7262 0.2770 0.2986
12.7428 0.2756 0.2969
12.7594 0.2741 0.2952
12.7760 0.2726 0.2935
12.7926 0.2711 0.2916
12.8092 0.2696 0.2898
12.8258 0.2681 0.2879
12.8424 0.2666 0.2859
12.8590 0.2651 0.2840
12.8756 0.2636 0.2820
12.8922 0.2622 0.2799
12.9088 0.2607 0.2779
12.9254 0.2593 0.2758
12.9419 0.2580 0.2737
12.9585 0.2566 0.2716
12.9751 0.2553 0.2695
12.9917 0.2540 0.2673
13.0083 0.2527 0.2652
13.0249 0.2515 0.2630
13.0415 0.2503 0.2608
13.0581 0.2490 0.2586
13.0747 0.2478 0.2565
13.0913 0.2466 0.2543
13.1079 0.2454 0.2521
13.1245 0.2441 0.2499
13.1411 0.2429 0.2478
13.1576 0.2416 0.2456
13.1742 0.2402 0.2435
13.1908 0.2389 0.2414
13.2074 0.2375 0.2393
13.2240 0.2361 0.2372
13.2406 0.2346 0.2351
13.2572 0.2331 0.2331
13.2738 0.2316 0.2311
13.2904 0.2300 0.2290
13.3070 0.2284 0.2270
13.3236 0.2268 0.2250
13.3402 0.2252 0.2230
13.3568 0.2235 0.2210
13.3733 0.2218 0.2190
13.3899 0.2201 0.2169
13.4065 0.2184 0.2149
13.4231 0.2167 0.2129
13.4397 0.2150 0.2108
13.4563 0.2133 0.2088
13.4729 0.2116 0.2067
13.4895 0.2098 0.2047
13.5061 0.2081 0.2026
13.5227 0.2063 0.2006
13.5393 0.2046 0.1985
13.5559 0.2028 0.1965
13.5725 0.2010 0.1945
13.5890 0.1993 0.1925
13.6056 0.1975 0.1905
13.6222 0.1957 0.1885
13.6388 0.1939 0.1866
13.6554 0.1921 0.1847
13.6720 0.1903 0.1829
13.6886 0.1884 0.1811
13.7052 0.1866 0.1793
13.7218 0.1848 0.1775
13.7384 0.1829 0.1758
13.7550 0.1811 0.1741
13.7716 0.1792 0.1724
13.7881 0.1774 0.1708
13.8047 0.1755 0.1692
13.8213 0.1737 0.1675
13.8379 0.1718 0.1659
13.8545 0.1700 0.1643
13.8711 0.1681 0.1627
13.8877 0.1663 0.1611
13.9043 0.1645 0.1595
13.9209 0.1626 0.1579
13.9375 0.1608 0.1563
13.9541 0.1590 0.1547
13.9707 0.1573 0.1531
13.9873 0.1555 0.1515
14.0038 0.1538 0.1499
14.0204 0.1520 0.1483
14.0370 0.1503 0.1467
14.0536 0.1487 0.1451
14.0702 0.1470 0.1435
14.0868 0.1454 0.1419
14.1034 0.1438 0.1404
14.1200 0.1423 0.1388
14.1366 0.1408 0.1373
14.1532 0.1393 0.1358
14.1698 0.1378 0.1343
14.1864 0.1364 0.1328
14.2030 0.1350 0.1313
14.2195 0.1336 0.1298
14.2361 0.1323 0.1283
14.2527 0.1310 0.1269
14.2693 0.1297 0.1255
14.2859 0.1284 0.1241
14.3025 0.1271 0.1227
14.3191 0.1259 0.1213
14.3357 0.1247 0.1200
14.3523 0.1234 0.1186
14.3689 0.1222 0.1173
14.3855 0.1210 0.1160
14.4021 0.1198 0.1147
14.4187 0.1186 0.1135
14.4352 0.1174 0.1122
14.4518 0.1163 0.1110
14.4684 0.1151 0.1098
14.4850 0.1139 0.1086
14.5016 0.1128 0.1075
14.5182 0.1116 0.1063
14.5348 0.1105 0.1052
14.5514 0.1093 0.1040
14.5680 0.1082 0.1029
14.5846 0.1071 0.1018
14.6012 0.1060 0.1007
14.6178 0.1049 0.0997
14.6344 0.1038 0.0986
14.6509 0.1027 0.0976
14.6675 0.1016 0.0965
14.6841 0.1006 0.0955
14.7007 0.0995 0.0946
14.7173 0.0985 0.0936
14.7339 0.0974 0.0926
14.7505 0.0964 0.0917
14.7671 0.0954 0.0908
14.7837 0.0944 0.0899
14.8003 0.0934 0.0890
14.8169 0.0924 0.0881
14.8335 0.0913 0.0873
14.8501 0.0903 0.0864
14.8666 0.0893 0.0856
14.8832 0.0883 0.0847
14.8998 0.0873 0.0839
14.9164 0.0862 0.0830
14.9330 0.0852 0.0822
14.9496 0.0842 0.0813
14.9662 0.0832 0.0805
14.9828 0.0822 0.0796
14.9994 0.0812 0.0787
15.0160 0.0802 0.0778
15.0326 0.0792 0.0769
15.0492 0.0782 0.0760
15.0658 0.0772 0.0751
15.0823 0.0763 0.0742
15.0989 0.0754 0.0732
15.1155 0.0745 0.0723
15.1321 0.0736 0.0714
15.1487 0.0727 0.0704
15.1653 0.0719 0.0695
15.1819 0.0710 0.0685
15.1985 0.0702 0.0676
15.2151 0.0695 0.0666
15.2317 0.0687 0.0657
15.2483 0.0679 0.0648
15.2649 0.0672 0.0639
15.2815 0.0665 0.0630
15.2980 0.0658 0.0621
15.3146 0.0651 0.0612
15.3312 0.0644 0.0604
15.3478 0.0637 0.0595
15.3644 0.0630 0.0587
15.3810 0.0623 0.0579
15.3976 0.0617 0.0571
15.4142 0.0610 0.0563
15.4308 0.0603 0.0556
15.4474 0.0597 0.0549
15.4640 0.0590 0.0541
15.4806 0.0583 0.0534
15.4971 0.0576 0.0528
15.5137 0.0570 0.0521
15.5303 0.0563 0.0514
15.5469 0.0556 0.0508
15.5635 0.0550 0.0502
15.5801 0.0543 0.0496
15.5967 0.0537 0.0490
15.6133 0.0530 0.0484
15.6299 0.0524 0.0478
15.6465 0.0517 0.0473
15.6631 0.0511 0.0467
15.6797 0.0504 0.0462
15.6963 0.0498 0.0457
15.7128 0.0492 0.0451
15.7294 0.0486 0.0446
15.7460 0.0480 0.0441
15.7626 0.0473 0.0436
15.7792 0.0468 0.0431
15.7958 0.0462 0.0427
15.8124 0.0456 0.0422
15.8290 0.0450 0.0417
15.8456 0.0444 0.0412
15.8622 0.0439 0.0408
15.8788 0.0433 0.0403
15.8954 0.0428 0.0399
15.9120 0.0423 0.0394
15.9285 0.0418 0.0390
15.9451 0.0413 0.0386
15.9617 0.0408 0.0382
15.9783 0.0403 0.0377
15.9949 0.0398 0.0373
16.0115 0.0394 0.0369
16.0281 0.0389 0.0365
16.0447 0.0384 0.0361
16.0613 0.0380 0.0358
16.0779 0.0376 0.0354
16.0945 0.0371 0.0350
16.1111 0.0367 0.0346
16.1277 0.0363 0.0343
16.1442 0.0358 0.0339
16.1608 0.0354 0.0335
16.1774 0.0350 0.0332
16.1940 0.0345 0.0328
16.2106 0.0341 0.0325
16.2272 0.0337 0.0321
16.2438 0.0333 0.0318
16.2604 0.0329 0.0314
16.2770 0.0325 0.0311
16.2936 0.0320 0.0308
16.3102 0.0316 0.0304
16.3268 0.0312 0.0301
16.3434 0.0308 0.0298
16.3599 0.0304 0.0295
16.3765 0.0300 0.0292
16.3931 0.0296 0.0288
16.4097 0.0293 0.0285
16.4263 0.0289 0.0282
16.4429 0.0285 0.0279
16.4595 0.0282 0.0276
16.4761 0.0278 0.0273
16.4927 0.0275 0.0270
16.5093 0.0271 0.0268
16.5259 0.0268 0.0265
16.5425 0.0265 0.0262
16.5591 0.0262 0.0259
16.5756 0.0259 0.0257
16.5922 0.0256 0.0254
16.6088 0.0253 0.0252
16.6254 0.0250 0.0249
16.6420 0.0248 0.0247
16.6586 0.0245 0.0244
16.6752 0.0243 0.0242
16.6918 0.0240 0.0240
16.7084 0.0238 0.0237
16.7250 0.0236 0.0235
16.7416 0.0233 0.0233
16.7582 0.0231 0.0231
16.7748 0.0229 0.0229
16.7913 0.0227 0.0227
16.8079 0.0225 0.0224
16.8245 0.0223 0.0222
16.8411 0.0221 0.0220
16.8577 0.0219 0.0218
16.8743 0.0217 0.0216
16.8909 0.0215 0.0214
16.9075 0.0213 0.0212
16.9241 0.0211 0.0210
16.9407 0.0209 0.0208
16.9573 0.0207 0.0206
16.9739 0.0205 0.0204
16.9905 0.0203 0.0202
17.0070 0.0201 0.0201
17.0236 0.0199 0.0199
17.0402 0.0197 0.0197
17.0568 0.0195 0.0195
17.0734 0.0193 0.0193
17.0900 0.0191 0.0192
17.1066 0.0189 0.0190
17.1232 0.0187 0.0188
17.1398 0.0185 0.0187
17.1564 0.0183 0.0185
17.1730 0.0181 0.0184
17.1896 0.0179 0.0182
17.2062 0.0177 0.0180
17.2227 0.0175 0.0179
17.2393 0.0174 0.0177
17.2559 0.0172 0.0176
17.2725 0.0170 0.0174
17.2891 0.0169 0.0172
17.3057 0.0167 0.0171
17.3223 0.0166 0.0169
17.3389 0.0164 0.0167
17.3555 0.0163 0.0166
17.3721 0.0161 0.0164
17.3887 0.0160 0.0162
17.4053 0.0158 0.0161
17.4218 0.0157 0.0159
17.4384 0.0156 0.0157
17.4550 0.0154 0.0156
17.4716 0.0153 0.0154
17.4882 0.0151 0.0152
17.5048 0.0150 0.0151
17.5214 0.0148 0.0149
17.5380 0.0147 0.0147
17.5546 0.0145 0.0146
17.5712 0.0144 0.0144
17.5878 0.0143 0.0143
17.6044 0.0141 0.0141
17.6210 0.0140 0.0140
17.6375 0.0138 0.0139
17.6541 0.0137 0.0137
17.6707 0.0136 0.0136
17.6873 0.0134 0.0135
17.7039 0.0133 0.0134
17.7205 0.0132 0.0133
17.7371 0.0130 0.0132
17.7537 0.0129 0.0131
17.7703 0.0128 0.0130
17.7869 0.0127 0.0129
17.8035 0.0126 0.0128
17.8201 0.0125 0.0127
17.8367 0.0123 0.0126
17.8532 0.0122 0.0125
17.8698 0.0121 0.0124
17.8864 0.0120 0.0123
17.9030 0.0119 0.0122
17.9196 0.0118 0.0121
17.9362 0.0117 0.0120
17.9528 0.0116 0.0119
17.9694 0.0115 0.0118
17.9860 0.0114 0.0117
18.0026 0.0113 0.0116
18.0192 0.0112 0.0115
18.0358 0.0111 0.0114
18.0524 0.0111 0.0113
18.0689 0.0110 0.0112
18.0855 0.0109 0.0110
18.1021 0.0108 0.0109
18.1187 0.0107 0.0108
18.1353 0.0106 0.0107
18.1519 0.0106 0.0106
18.1685 0.0105 0.0105
18.1851 0.0104 0.0105
18.2017 0.0104 0.0104
18.2183 0.0103 0.0103
18.2349 0.0102 0.0102
18.2515 0.0102 0.0101
18.2681 0.0101 0.0100
18.2846 0.0100 0.0099
18.3012 0.0100 0.0099
18.3178 0.0099 0.0098
18.3344 0.0099 0.0097
18.3510 0.0098 0.0096
18.3676 0.0097 0.0095
18.3842 0.0097 0.0095
18.4008 0.0096 0.0094
18.4174 0.0095 0.0093
18.4340 0.0095 0.0092
18.4506 0.0094 0.0091
18.4672 0.0093 0.0091
18.4838 0.0093 0.0090
18.5003 0.0092 0.0089
18.5169 0.0091 0.0088
18.5335 0.0091 0.0087
18.5501 0.0090 0.0087
18.5667 0.0089 0.0086
18.5833 0.0088 0.0085
18.5999 0.0088 0.0084
18.6165 0.0087 0.0083
18.6331 0.0086 0.0083
18.6497 0.0085 0.0082
18.6663 0.0085 0.0081
18.6829 0.0084 0.0080
18.6995 0.0083 0.0080
18.7160 0.0082 0.0079
18.7326 0.0082 0.0078
18.7492 0.0081 0.0078
18.7658 0.0080 0.0077
18.7824 0.0080 0.0076
18.7990 0.0079 0.0075
18.8156 0.0078 0.0075
18.8322 0.0077 0.0074
18.8488 0.0077 0.0073
18.8654 0.0076 0.0073
18.8820 0.0075 0.0072
18.8986 0.0075 0.0072
18.9152 0.0074 0.0071
18.9317 0.0074 0.0070
18.9483 0.0073 0.0070
18.9649 0.0072 0.0069
18.9815 0.0072 0.0069
18.9981 0.0071 0.0068
19.0147 0.0071 0.0068
19.0313 0.0070 0.0067
19.0479 0.0070 0.0067
19.0645 0.0069 0.0066
19.0811 0.0068 0.0066
19.0977 0.0068 0.0065
19.1143 0.0067 0.0065
19.1309 0.0067 0.0064
19.1474 0.0066 0.0064
19.1640 0.0066 0.0063
19.1806 0.0065 0.0063
19.1972 0.0065 0.0062
19.2138 0.0064 0.0062
19.2304 0.0064 0.0061
19.2470 0.0063 0.0061
19.2636 0.0063 0.0061
19.2802 0.0062 0.0060
19.2968 0.0062 0.0060
19.3134 0.0061 0.0059
19.3300 0.0060 0.0059
19.3465 0.0060 0.0058
19.3631 0.0059 0.0058
19.3797 0.0059 0.0057
19.3963 0.0058 0.0057
19.4129 0.0058 0.0057
19.4295 0.0057 0.0056
19.4461 0.0057 0.0056
19.4627 0.0057 0.0055
19.4793 0.0056 0.0055
19.4959 0.0056 0.0055
19.5125 0.0055 0.0054
19.5291 0.0055 0.0054
19.5457 0.0054 0.0054
19.5622 0.0054 0.0053
19.5788 0.0054 0.0053
19.5954 0.0053 0.0053
19.6120 0.0053 0.0052
19.6286 0.0052 0.0052
19.6452 0.0052 0.0052
19.6618 0.0052 0.0051
19.6784 0.0051 0.0051
19.6950 0.0051 0.0051
19.7116 0.0051 0.0050
19.7282 0.0050 0.0050
19.7448 0.0050 0.0050
19.7614 0.0049 0.0049
19.7779 0.0049 0.0049
19.7945 0.0049 0.0049
19.8111 0.0048 0.0048
19.8277 0.0048 0.0048
19.8443 0.0048 0.0048
19.8609 0.0047 0.0047
19.8775 0.0047 0.0047
19.8941 0.0046 0.0046
19.9107 0.0046 0.0046
19.9273 0.0046 0.0046
19.9439 0.0045 0.0045
19.9605 0.0045 0.0045
19.9771 0.0045 0.0044
19.9936 0.0044 0.0044
20.0102 0.0044 0.0044
20.0268 0.0044 0.0043
20.0434 0.0043 0.0043
20.0600 0.0043 0.0043
20.0766 0.0043 0.0042
20.0932 0.0042 0.0042
20.1098 0.0042 0.0042
20.1264 0.0041 0.0041
20.1430 0.0041 0.0041
20.1596 0.0041 0.0041
20.1762 0.0041 0.0040
20.1928 0.0040 0.0040
20.2093 0.0040 0.0040
20.2259 0.0040 0.0039
20.2425 0.0039 0.0039
20.2591 0.0039 0.0039
20.2757 0.0039 0.0039
20.2923 0.0039 0.0038
20.3089 0.0038 0.0038
20.3255 0.0038 0.0038
20.3421 0.0038 0.0038
20.3587 0.0038 0.0037
20.3753 0.0037 0.0037
20.3919 0.0037 0.0037
20.4085 0.0037 0.0037
20.4250 0.0037 0.0037
20.4416 0.0037 0.0036
20.4582 0.0036 0.0036
20.4748 0.0036 0.0036
20.4914 0.0036 0.0036
20.5080 0.0036 0.0036
20.5246 0.0036 0.0035
20.5412 0.0036 0.0035
20.5578 0.0035 0.0035
20.5744 0.0035 0.0035
20.5910 0.0035 0.0034
20.6076 0.0035 0.0034
20.6242 0.0035 0.0034
20.6407 0.0035 0.0034
20.6573 0.0034 0.0034
20.6739 0.0034 0.0033
20.6905 0.0034 0.0033
20.7071 0.0034 0.0033
20.7237 0.0034 0.0033
20.7403 0.0033 0.0033
20.7569 0.0033 0.0032
20.7735 0.0033 0.0032
20.7901 0.0033 0.0032
20.8067 0.0033 0.0032
20.8233 0.0032 0.0032
20.8399 0.0032 0.0031
20.8564 0.0032 0.0031
20.8730 0.0032 0.0031
20.8896 0.0032 0.0031
20.9062 0.0031 0.0031
20.9228 0.0031 0.0031
20.9394 0.0031 0.0030
20.9560 0.0031 0.0030
20.9726 0.0031 0.0030
20.9892 0.0031 0.0030
21.0058 0.0030 0.0030
21.0224 0.0030 0.0030
21.0390 0.0030 0.0029
21.0555 0.0030 0.0029
21.0721 0.0030 0.0029
21.0887 0.0029 0.0029
21.1053 0.0029 0.0029
21.1219 0.0029 0.0029
21.1385 0.0029 0.0028
21.1551 0.0029 0.0028
21.1717 0.0029 0.0028
21.1883 0.0028 0.0028
21.2049 0.0028 0.0028
21.2215 0.0028 0.0028
21.2381 0.0028 0.0028
21.2547 0.0028 0.0027
21.2712 0.0028 0.0027
21.2878 0.0027 0.0027
21.3044 0.0027 0.0027
21.3210 0.0027 0.0027
21.3376 0.0027 0.0027
21.3542 0.0027 0.0027
21.3708 0.0027 0.0026
21.3874 0.0026 0.0026
21.4040 0.0026 0.0026
21.4206 0.0026 0.0026
21.4372 0.0026 0.0026
21.4538 0.0026 0.0026
21.4704 0.0026 0.0026
21.4869 0.0026 0.0026
21.5035 0.0026 0.0025
21.5201 0.0026 0.0025
21.5367 0.0025 0.0025
21.5533 0.0025 0.0025
21.5699 0.0025 0.0025
21.5865 0.0025 0.0025
21.6031 0.0025 0.0025
21.6197 0.0025 0.0025
21.6363 0.0025 0.0025
21.6529 0.0025 0.0024
21.6695 0.0025 0.0024
21.6861 0.0024 0.0024
21.7026 0.0024 0.0024
21.7192 0.0024 0.0024
21.7358 0.0024 0.0024
21.7524 0.0024 0.0024
21.7690 0.0024 0.0024
21.7856 0.0024 0.0024
21.8022 0.0024 0.0024
21.8188 0.0024 0.0023
21.8354 0.0023 0.0023
21.8520 0.0023 0.0023
21.8686 0.0023 0.0023
21.8852 0.0023 0.0023
21.9018 0.0023 0.0023
21.9183 0.0023 0.0023
21.9349 0.0023 0.0023
21.9515 0.0023 0.0023
21.9681 0.0022 0.0023
21.9847 0.0022 0.0023
22.0013 0.0022 0.0022
22.0179 0.0022 0.0022
22.0345 0.0022 0.0022
22.0511 0.0022 0.0022
22.0677 0.0022 0.0022
22.0843 0.0022 0.0022
22.1009 0.0022 0.0022
22.1175 0.0021 0.0022
22.1340 0.0021 0.0022
22.1506 0.0021 0.0022
22.1672 0.0021 0.0022
22.1838 0.0021 0.0022
22.2004 0.0021 0.0021
22.2170 0.0021 0.0021
22.2336 0.0021 0.0021
22.2502 0.0021 0.0021
22.2668 0.0021 0.0021
22.2834 0.0021 0.0021
22.3000 0.0021 0.0021
22.3166 0.0021 0.0021
22.3332 0.0021 0.0021
22.3497 0.0021 0.0021
22.3663 0.0020 0.0021
22.3829 0.0020 0.0021
22.3995 0.0020 0.0021
22.4161 0.0020 0.0021
22.4327 0.0020 0.0021
22.4493 0.0020 0.0021
22.4659 0.0020 0.0020
22.4825 0.0020 0.0020
22.4991 0.0020 0.0020
22.5157 0.0020 0.0020
22.5323 0.0020 0.0020
22.5489 0.0020 0.0020
22.5654 0.0020 0.0020
22.5820 0.0020 0.0020
22.5986 0.0020 0.0020
22.6152 0.0020 0.0020
22.6318 0.0020 0.0020
22.6484 0.0020 0.0020
22.6650 0.0020 0.0020
22.6816 0.0019 0.0020
22.6982 0.0019 0.0020
22.7148 0.0019 0.0020
22.7314 0.0019 0.0020
22.7480 0.0019 0.0020
22.7646 0.0019 0.0019
22.7811 0.0019 0.0019
22.7977 0.0019 0.0019
22.8143 0.0019 0.0019
22.8309 0.0019 0.0019
22.8475 0.0019 0.0019
22.8641 0.0019 0.0019
22.8807 0.0019 0.0019
22.8973 0.0019 0.0019
22.9139 0.0019 0.0019
22.9305 0.0019 0.0019
22.9471 0.0019 0.0019
22.9637 0.0019 0.0019
22.9802 0.0019 0.0019
22.9968 0.0019 0.0019
23.0134 0.0019 0.0019
23.0300 0.0019 0.0019
23.0466 0.0019 0.0019
23.0632 0.0018 0.0019
23.0798 0.0018 0.0019
23.0964 0.0018 0.0018
23.1130 0.0018 0.0018
23.1296 0.0018 0.0018
23.1462 0.0018 0.0018
23.1628 0.0018 0.0018
23.1794 0.0018 0.0018
23.1959 0.0018 0.0018
23.2125 0.0018 0.0018
23.2291 0.0018 0.0018
23.2457 0.0018 0.0018
23.2623 0.0018 0.0018
23.2789 0.0018 0.0018
23.2955 0.0018 0.0018
23.3121 0.0018 0.0018
23.3287 0.0018 0.0018
23.3453 0.0018 0.0018
23.3619 0.0018 0.0018
23.3785 0.0017 0.0018
23.3951 0.0017 0.0018
23.4116 0.0017 0.0018
23.4282 0.0017 0.0018
23.4448 0.0017 0.0018
23.4614 0.0017 0.0017
23.4780 0.0017 0.0017
23.4946 0.0017 0.0017
23.5112 0.0017 0.0017
23.5278 0.0017 0.0017
23.5444 0.0017 0.0017
23.5610 0.0017 0.0017
23.5776 0.0017 0.0017
23.5942 0.0017 0.0017
23.6108 0.0017 0.0017
23.6273 0.0016 0.0017
23.6439 0.0016 0.0017
23.6605 0.0016 0.0017
23.6771 0.0016 0.0017
23.6937 0.0016 0.0016
23.7103 0.0016 0.0016
23.7269 0.0016 0.0016
23.7435 0.0016 0.0016
23.7601 0.0016 0.0016
23.7767 0.0016 0.0016
23.7933 0.0016 0.0016
23.8099 0.0015 0.0016
23.8265 0.0015 0.0016
23.8430 0.0015 0.0016
23.8596 0.0015 0.0016
23.8762 0.0015 0.0016
23.8928 0.0015 0.0016
23.9094 0.0015 0.0016
23.9260 0.0015 0.0015
23.9426 0.0015 0.0015
23.9592 0.0015 0.0015
23.9758 0.0015 0.0015
23.9924 0.0014 0.0015
24.0090 0.0014 0.0015
24.0256 0.0014 0.0015
24.0422 0.0014 0.0015
24.0587 0.0014 0.0015
24.0753 0.0014 0.0015
24.0919 0.0014 0.0015
24.1085 0.0014 0.0015
24.1251 0.0014 0.0015
24.1417 0.0014 0.0015
24.1583 0.0014 0.0015
24.1749 0.0014 0.0015
24.1915 0.0013 0.0014
24.2081 0.0013 0.0014
24.2247 0.0013 0.0014
24.2413 0.0013 0.0014
24.2579 0.0013 0.0014
24.2744 0.0013 0.0014
24.2910 0.0013 0.0014
24.3076 0.0013 0.0014
24.3242 0.0013 0.0014
24.3408 0.0013 0.0014
24.3574 0.0013 0.0014
24.3740 0.0013 0.0014
24.3906 0.0012 0.0014
24.4072 0.0012 0.0014
24.4238 0.0012 0.0013
24.4404 0.0012 0.0013
24.4570 0.0012 0.0013
24.4736 0.0012 0.0013
24.4901 0.0012 0.0013
24.5067 0.0012 0.0013
24.5233 0.0012 0.0013
24.5399 0.0012 0.0013
24.5565 0.0012 0.0013
24.5731 0.0012 0.0013
24.5897 0.0012 0.0012
24.6063 0.0011 0.0012
24.6229 0.0011 0.0012
24.6395 0.0011 0.0012
24.6561 0.0011 0.0012
24.6727 0.0011 0.0012
24.6892 0.0011 0.0012
24.7058 0.0011 0.0012
24.7224 0.0011 0.0012
24.7390 0.0011 0.0012
24.7556 0.0011 0.0012
24.7722 0.0011 0.0011
24.7888 0.0011 0.0011
24.8054 0.0011 0.0011
24.8220 0.0011 0.0011
24.8386 0.0011 0.0011
24.8552 0.0010 0.0011
24.8718 0.0010 0.0011
24.8884 0.0010 0.0011
24.9049 0.0010 0.0011
24.9215 0.0010 0.0011
24.9381 0.0010 0.0011
24.9547 0.0010 0.0010
24.9713 0.0010 0.0010
24.9879 0.0010 0.0010
25.0045 0.0010 0.0010
25.0211 0.0010 0.0010
25.0377 0.0010 0.0010
25.0543 0.0010 0.0010
25.0709 0.0010 0.0010
25.0875 0.0010 0.0010
25.1041 0.0009 0.0010
25.1206 0.0009 0.0010
25.1372 0.0009 0.0010
25.1538 0.0009 0.0009
25.1704 0.0009 0.0009
25.1870 0.0009 0.0009
25.2036 0.0009 0.0009
25.2202 0.0009 0.0009
25.2368 0.0009 0.0009
25.2534 0.0009 0.0009
25.2700 0.0009 0.0009
25.2866 0.0009 0.0009
25.3032 0.0009 0.0009
25.3198 0.0009 0.0009
25.3363 0.0009 0.0009
25.3529 0.0009 0.0009
25.3695 0.0009 0.0009
25.3861 0.0008 0.0009
25.4027 0.0008 0.0009
25.4193 0.0008 0.0008
25.4359 0.0008 0.0008
25.4525 0.0008 0.0008
25.4691 0.0008 0.0008
25.4857 0.0008 0.0008
25.5023 0.0008 0.0008
25.5189 0.0008 0.0008
25.5355 0.0008 0.0008
25.5520 0.0008 0.0008
25.5686 0.0008 0.0008
25.5852 0.0008 0.0008
25.6018 0.0008 0.0008
25.6184 0.0008 0.0008
25.6350 0.0008 0.0008
25.6516 0.0008 0.0008
25.6682 0.0008 0.0008
25.6848 0.0008 0.0008
25.7014 0.0008 0.0008
25.7180 0.0008 0.0008
25.7346 0.0008 0.0008
25.7512 0.0007 0.0008
25.7677 0.0007 0.0007
25.7843 0.0007 0.0007
25.8009 0.0007 0.0007
25.8175 0.0007 0.0007
25.8341 0.0007 0.0007
25.8507 0.0007 0.0007
25.8673 0.0007 0.0007
25.8839 0.0007 0.0007
25.9005 0.0007 0.0007
25.9171 0.0007 0.0007
25.9337 0.0007 0.0007
25.9503 0.0007 0.0007
25.9669 0.0007 0.0007
25.9834 0.0007 0.0007
26.0000 0.0007 0.0007
26.0166 0.0007 0.0007
26.0332 0.0007 0.0007
26.0498 0.0007 0.0007
26.0664 0.0007 0.0007
26.0830 0.0007 0.0007
26.0996 0.0007 0.0007
26.1162 0.0007 0.0007
26.1328 0.0007 0.0007
26.1494 0.0006 0.0007
26.1660 0.0006 0.0007
26.1826 0.0006 0.0007
26.1991 0.0006 0.0006
26.2157 0.0006 0.0006
26.2323 0.0006 0.0006
26.2489 0.0006 0.0006
26.2655 0.0006 0.0006
26.2821 0.0006 0.0006
26.2987 0.0006 0.0006
26.3153 0.0006 0.0006
26.3319 0.0006 0.0006
26.3485 0.0006 0.0006
26.3651 0.0006 0.0006
26.3817 0.0006 0.0006
26.3983 0.0006 0.0006
26.4148 0.0006 0.0006
26.4314 0.0006 0.0006
26.4480 0.0006 0.0006
26.4646 0.0006 0.0006
26.4812 0.0006 0.0006
26.4978 0.0006 0.0006
26.5144 0.0006 0.0006
26.5310 0.0006 0.0006
26.5476 0.0006 0.0006
26.5642 0.0006 0.0006
26.5808 0.0006 0.0006
26.5974 0.0006 0.0006
26.6139 0.0006 0.0006
26.6305 0.0006 0.0006
26.6471 0.0006 0.0006
26.6637 0.0005 0.0006
26.6803 0.0005 0.0006
26.6969 0.0005 0.0006
26.7135 0.0005 0.0006
26.7301 0.0005 0.0006
26.7467 0.0005 0.0006
26.7633 0.0005 0.0006
26.7799 0.0005 0.0005
26.7965 0.0005 0.0005
26.8131 0.0005 0.0005
26.8296 0.0005 0.0005
26.8462 0.0005 0.0005
26.8628 0.0005 0.0005
26.8794 0.0005 0.0005
26.8960 0.0005 0.0005
26.9126 0.0005 0.0005
26.9292 0.0005 0.0005
26.9458 0.0005 0.0005
26.9624 0.0005 0.0005
26.9790 0.0005 0.0005
26.9956 0.0005 0.0005
27.0122 0.0005 0.0005
27.0288 0.0005 0.0005
27.0453 0.0005 0.0005
27.0619 0.0005 0.0005
27.0785 0.0005 0.0005
27.0951 0.0005 0.0005
27.1117 0.0005 0.0005
27.1283 0.0005 0.0005
27.1449 0.0005 0.0005
27.1615 0.0005 0.0005
27.1781 0.0005 0.0005
27.1947 0.0005 0.0005
27.2113 0.0005 0.0005
27.2279 0.0005 0.0005
27.2445 0.0005 0.0005
27.2610 0.0005 0.0005
27.2776 0.0005 0.0005
27.2942 0.0005 0.0005
27.3108 0.0005 0.0005
27.3274 0.0005 0.0005
27.3440 0.0005 0.0005
27.3606 0.0005 0.0005
27.3772 0.0005 0.0005
27.3938 0.0005 0.0005
27.4104 0.0005 0.0005
27.4270 0.0005 0.0005
27.4436 0.0004 0.0005
27.4602 0.0004 0.0005
27.4767 0.0004 0.0005
27.4933 0.0004 0.0005
27.5099 0.0004 0.0005
27.5265 0.0004 0.0005
27.5431 0.0004 0.0004
27.5597 0.0004 0.0004
27.5763 0.0004 0.0004
27.5929 0.0004 0.0004
27.6095 0.0004 0.0004
27.6261 0.0004 0.0004
27.6427 0.0004 0.0004
27.6593 0.0004 0.0004
27.6759 0.0004 0.0004
27.6924 0.0004 0.0004
27.7090 0.0004 0.0004
27.7256 0.0004 0.0004
27.7422 0.0004 0.0004
27.7588 0.0004 0.0004
27.7754 0.0004 0.0004
27.7920 0.0004 0.0004
27.8086 0.0004 0.0004
27.8252 0.0004 0.0004
27.8418 0.0004 0.0004
27.8584 0.0004 0.0004
27.8750 0.0004 0.0004
27.8916 0.0004 0.0004
27.9081 0.0004 0.0004
27.9247 0.0004 0.0004
27.9413 0.0004 0.0004
27.9579 0.0004 0.0004
27.9745 0.0004 0.0004
27.9911 0.0004 0.0004
28.0077 0.0004 0.0004
28.0243 0.0004 0.0004
28.0409 0.0004 0.0004
28.0575 0.0004 0.0004
28.0741 0.0004 0.0004
28.0907 0.0004 0.0004
28.1073 0.0004 0.0004
28.1238 0.0004 0.0004
28.1404 0.0004 0.0004
28.1570 0.0004 0.0004
28.1736 0.0004 0.0004
28.1902 0.0004 0.0004
28.2068 0.0004 0.0004
28.2234 0.0004 0.0004
28.2400 0.0004 0.0004
28.2566 0.0004 0.0004
28.2732 0.0004 0.0004
28.2898 0.0004 0.0004
28.3064 0.0004 0.0004
28.3229 0.0004 0.0004
28.3395 0.0004 0.0004
28.3561 0.0004 0.0004
28.3727 0.0004 0.0004
28.3893 0.0004 0.0004
28.4059 0.0004 0.0004
28.4225 0.0004 0.0004
28.4391 0.0004 0.0004
28.4557 0.0004 0.0004
28.4723 0.0004 0.0004
28.4889 0.0004 0.0004
28.5055 0.0004 0.0004
28.5221 0.0004 0.0004
28.5386 0.0004 0.0004
28.5552 0.0004 0.0004
28.5718 0.0004 0.0004
28.5884 0.0004 0.0004
28.6050 0.0004 0.0004
28.6216 0.0004 0.0004
28.6382 0.0004 0.0004
28.6548 0.0004 0.0004
28.6714 0.0004 0.0004
28.6880 0.0004 0.0004
28.7046 0.0004 0.0004
28.7212 0.0004 0.0004
28.7378 0.0004 0.0004
28.7543 0.0004 0.0004
28.7709 0.0004 0.0004
28.7875 0.0004 0.0004
28.8041 0.0004 0.0004
28.8207 0.0004 0.0004
28.8373 0.0004 0.0004
28.8539 0.0004 0.0004
28.8705 0.0004 0.0004
28.8871 0.0004 0.0004
28.9037 0.0004 0.0004
28.9203 0.0004 0.0004
28.9369 0.0004 0.0004
28.9535 0.0004 0.0004
28.9700 0.0004 0.0004
28.9866 0.0004 0.0004
29.0032 0.0004 0.0004
29.0198 0.0004 0.0004
29.0364 0.0004 0.0004
29.0530 0.0004 0.0004
29.0696 0.0004 0.0004
29.0862 0.0004 0.0004
29.1028 0.0004 0.0004
29.1194 0.0004 0.0004
29.1360 0.0003 0.0004
29.1526 0.0003 0.0004
29.1692 0.0003 0.0004
29.1857 0.0003 0.0004
29.2023 0.0003 0.0004
29.2189 0.0003 0.0004
29.2355 0.0003 0.0004
29.2521 0.0003 0.0004
29.2687 0.0003 0.0004
29.2853 0.0003 0.0004
29.3019 0.0003 0.0004
29.3185 0.0003 0.0004
29.3351 0.0003 0.0004
29.3517 0.0003 0.0004
29.3683 0.0003 0.0003
29.3849 0.0003 0.0003
29.4014 0.0003 0.0003
29.4180 0.0003 0.0003
29.4346 0.0003 0.0003
29.4512 0.0003 0.0003
29.4678 0.0003 0.0003
29.4844 0.0003 0.0003
29.5010 0.0003 0.0003
29.5176 0.0003 0.0003
29.5342 0.0003 0.0003
29.5508 0.0003 0.0003
29.5674 0.0003 0.0003
29.5840 0.0003 0.0003
29.6006 0.0003 0.0003
29.6171 0.0003 0.0003
29.6337 0.0003 0.0003
29.6503 0.0003 0.0003
29.6669 0.0003 0.0003
29.6835 0.0003 0.0003
29.7001 0.0003 0.0003
29.7167 0.0003 0.0003
29.7333 0.0003 0.0003
29.7499 0.0003 0.0003
29.7665 0.0003 0.0003
29.7831 0.0003 0.0003
29.7997 0.0003 0.0003
29.8163 0.0003 0.0003
29.8328 0.0003 0.0003
29.8494 0.0003 0.0003
29.8660 0.0003 0.0003
29.8826 0.0003 0.0003
29.8992 0.0003 0.0003
29.9158 0.0003 0.0003
29.9324 0.0003 0.0003
29.9490 0.0003 0.0003
29.9656 0.0003 0.0003
29.9822 0.0003 0.0003
29.9988 0.0003 0.0003
30.0154 0.0003 0.0003
30.0320 0.0003 0.0003
30.0485 0.0003 0.0003
30.0651 0.0003 0.0003
30.0817 0.0003 0.0003
30.0983 0.0003 0.0003
30.1149 0.0003 0.0003
30.1315 0.0003 0.0003
30.1481 0.0003 0.0003
30.1647 0.0003 0.0003
30.1813 0.0003 0.0003
30.1979 0.0003 0.0003
30.2145 0.0003 0.0003
30.2311 0.0003 0.0003
30.2476 0.0003 0.0003
30.2642 0.0003 0.0003
30.2808 0.0003 0.0003
30.2974 0.0003 0.0003
30.3140 0.0003 0.0003
30.3306 0.0003 0.0003
30.3472 0.0003 0.0003
30.3638 0.0003 0.0003
30.3804 0.0003 0.0003
30.3970 0.0003 0.0003
30.4136 0.0003 0.0003
30.4302 0.0003 0.0003
30.4468 0.0003 0.0003
30.4633 0.0003 0.0003
30.4799 0.0003 0.0003
30.4965 0.0003 0.0003
30.5131 0.0003 0.0003
30.5297 0.0003 0.0003
30.5463 0.0003 0.0003
30.5629 0.0003 0.0003
30.5795 0.0003 0.0003
30.5961 0.0003 0.0003
30.6127 0.0003 0.0003
30.6293 0.0003 0.0003
30.6459 0.0003 0.0003
30.6625 0.0003 0.0003
30.6790 0.0003 0.0003
30.6956 0.0003 0.0003
30.7122 0.0003 0.0003
30.7288 0.0003 0.0003
30.7454 0.0003 0.0003
30.7620 0.0003 0.0003
30.7786 0.0003 0.0003
30.7952 0.0003 0.0003
30.8118 0.0003 0.0003
30.8284 0.0003 0.0003
30.8450 0.0003 0.0003
30.8616 0.0003 0.0003
30.8782 0.0003 0.0003
30.8947 0.0003 0.0003
30.9113 0.0003 0.0003
30.9279 0.0003 0.0003
30.9445 0.0003 0.0003
30.9611 0.0003 0.0003
30.9777 0.0003 0.0003
30.9943 0.0003 0.0003
31.0109 0.0003 0.0003
31.0275 0.0003 0.0003
31.0441 0.0003 0.0003
31.0607 0.0003 0.0003
31.0773 0.0003 0.0003
31.0939 0.0003 0.0003
31.1104 0.0003 0.0003
31.1270 0.0003 0.0003
31.1436 0.0003 0.0003
31.1602 0.0003 0.0003
31.1768 0.0003 0.0003
31.1934 0.0003 0.0003
31.2100 0.0003 0.0003
31.2266 0.0003 0.0003
31.2432 0.0003 0.0003
31.2598 0.0003 0.0003
31.2764 0.0003 0.0003
31.2930 0.0003 0.0003
31.3096 0.0003 0.0003
31.3261 0.0003 0.0003
31.3427 0.0003 0.0003
31.3593 0.0003 0.0003
31.3759 0.0003 0.0003
31.3925 0.0003 0.0003
31.4091 0.0003 0.0003
31.4257 0.0003 0.0003
31.4423 0.0003 0.0003
31.4589 0.0003 0.0003
31.4755 0.0003 0.0003
31.4921 0.0003 0.0003
31.5087 0.0003 0.0003
31.5253 0.0003 0.0003
31.5418 0.0003 0.0003
31.5584 0.0003 0.0003
31.5750 0.0003 0.0003
31.5916 0.0003 0.0003
31.6082 0.0003 0.0003
31.6248 0.0003 0.0003
31.6414 0.0003 0.0003
31.6580 0.0003 0.0003
31.6746 0.0003 0.0003
31.6912 0.0003 0.0003
31.7078 0.0003 0.0003
31.7244 0.0003 0.0003
31.7410 0.0003 0.0003
31.7575 0.0003 0.0003
31.7741 0.0003 0.0003
31.7907 0.0003 0.0003
31.8073 0.0003 0.0003
31.8239 0.0003 0.0003
31.8405 0.0003 0.0003
31.8571 0.0003 0.0003
31.8737 0.0003 0.0003
31.8903 0.0003 0.0003
31.9069 0.0003 0.0003
31.9235 0.0003 0.0003
31.9401 0.0003 0.0003
31.9566 0.0003 0.0003
31.9732 0.0003 0.0003
31.9898 0.0003 0.0003
32.0064 0.0003 0.0003
32.0230 0.0003 0.0003
32.0396 0.0003 0.0003
32.0562 0.0003 0.0003
32.0728 0.0002 0.0003
32.0894 0.0002 0.0003
32.1060 0.0002 0.0003
32.1226 0.0002 0.0003
32.1392 0.0002 0.0003
32.1558 0.0002 0.0003
32.1723 0.0002 0.0003
32.1889 0.0002 0.0003
32.2055 0.0002 0.0003
32.2221 0.0002 0.0003
32.2387 0.0002 0.0003
32.2553 0.0002 0.0003
32.2719 0.0002 0.0003
32.2885 0.0002 0.0003
32.3051 0.0002 0.0003
32.3217 0.0002 0.0002
32.3383 0.0002 0.0002
32.3549 0.0002 0.0002
32.3715 0.0002 0.0002
32.3880 0.0002 0.0002
32.4046 0.0002 0.0002
32.4212 0.0002 0.0002
32.4378 0.0002 0.0002
32.4544 0.0002 0.0002
32.4710 0.0002 0.0002
32.4876 0.0002 0.0002
32.5042 0.0002 0.0002
32.5208 0.0002 0.0002
32.5374 0.0002 0.0002
32.5540 0.0002 0.0002
32.5706 0.0002 0.0002
32.5872 0.0002 0.0002
32.6037 0.0002 0.0002
32.6203 0.0002 0.0002
32.6369 0.0002 0.0002
32.6535 0.0002 0.0002
32.6701 0.0002 0.0002
32.6867 0.0002 0.0002
32.7033 0.0002 0.0002
32.7199 0.0002 0.0002
32.7365 0.0002 0.0002
32.7531 0.0002 0.0002
32.7697 0.0002 0.0002
32.7863 0.0002 0.0002
32.8029 0.0002 0.0002
32.8194 0.0002 0.0002
32.8360 0.0002 0.0002
32.8526 0.0002 0.0002
32.8692 0.0002 0.0002
32.8858 0.0002 0.0002
32.9024 0.0002 0.0002
32.9190 0.0002 0.0002
32.9356 0.0002 0.0002
32.9522 0.0002 0.0002
32.9688 0.0002 0.0002
32.9854 0.0002 0.0002
33.0020 0.0002 0.0002
33.0186 0.0002 0.0002
33.0351 0.0002 0.0002
33.0517 0.0002 0.0002
33.0683 0.0002 0.0002
33.0849 0.0002 0.0002
33.1015 0.0002 0.0002
33.1181 0.0002 0.0002
33.1347 0.0002 0.0002
33.1513 0.0002 0.0002
33.1679 0.0002 0.0002
  
  
  
  
  
dim="1">gridpoints</dimension>  
  
  
  
  
  
  
  
  
0.0000 267.5071 260.1537
0.0166 267.5071 260.1537
0.0332 133.7601 130.1316
0.0498 89.1809 86.8146
0.0664 66.8938 65.1732
0.0830 53.5239 52.2012
0.0996 44.6128 43.5629
0.1161 38.2498 37.4000
0.1327 33.4798 32.7828
0.1493 29.7720 29.1950
0.1659 26.8080 26.3262
0.1825 24.3852 23.9788
0.1991 22.3686 22.0210
0.2157 20.6644 20.3613
0.2323 19.2058 18.9343
0.2489 17.9437 17.6919
0.2655 16.8412 16.5981
0.2821 15.8698 15.6255
0.2987 15.0074 14.7528
0.3153 14.2364 13.9633
0.3318 13.5425 13.2440
0.3484 12.9142 12.5844
0.3650 12.3418 11.9763
0.3816 11.8174 11.4130
0.3982 11.3341 10.8893
0.4148 10.8863 10.4009
0.4314 10.4693 9.9446
0.4480 10.0788 9.5176
0.4646 9.7114 9.1177
0.4812 9.3644 8.7431
0.4978 9.0352 8.3922
0.5144 8.7219 8.0638
0.5310 8.4231 7.7565
0.5475 8.1373 7.4692
0.5641 7.8639 7.2007
0.5807 7.6020 6.9500
0.5973 7.3513 6.7158
0.6139 7.1114 6.4972
0.6305 6.8824 6.2928
0.6471 6.6640 6.1016
0.6637 6.4564 5.9226
0.6803 6.2595 5.7546
0.6969 6.0733 5.5966
0.7135 5.8978 5.4479
0.7301 5.7328 5.3076
0.7467 5.5780 5.1750
0.7632 5.4332 5.0495
0.7798 5.2979 4.9306
0.7964 5.1716 4.8180
0.8130 5.0537 4.7114
0.8296 4.9437 4.6106
0.8462 4.8407 4.5153
0.8628 4.7441 4.4256
0.8794 4.6531 4.3412
0.8960 4.5671 4.2621
0.9126 4.4853 4.1881
0.9292 4.4072 4.1193
0.9458 4.3322 4.0552
0.9623 4.2599 3.9959
0.9789 4.1898 3.9409
0.9955 4.1217 3.8900
1.0121 4.0553 3.8428
1.0287 3.9904 3.7990
1.0453 3.9269 3.7581
1.0619 3.8648 3.7197
1.0785 3.8041 3.6833
1.0951 3.7447 3.6485
1.1117 3.6867 3.6149
1.1283 3.6302 3.5821
1.1449 3.5752 3.5498
1.1615 3.5216 3.5175
1.1780 3.4697 3.4852
1.1946 3.4193 3.4526
1.2112 3.3704 3.4195
1.2278 3.3231 3.3859
1.2444 3.2773 3.3516
1.2610 3.2329 3.3167
1.2776 3.1899 3.2813
1.2942 3.1483 3.2453
1.3108 3.1079 3.2089
1.3274 3.0687 3.1721
1.3440 3.0307 3.1350
1.3606 2.9939 3.0977
1.3772 2.9581 3.0603
1.3937 2.9233 3.0230
1.4103 2.8896 2.9857
1.4269 2.8570 2.9486
1.4435 2.8254 2.9117
1.4601 2.7949 2.8752
1.4767 2.7655 2.8391
1.4933 2.7373 2.8035
1.5099 2.7102 2.7685
1.5265 2.6842 2.7342
1.5431 2.6595 2.7007
1.5597 2.6360 2.6681
1.5763 2.6137 2.6365
1.5929 2.5926 2.6060
1.6094 2.5727 2.5766
1.6260 2.5539 2.5484
1.6426 2.5362 2.5215
1.6592 2.5195 2.4959
1.6758 2.5038 2.4716
1.6924 2.4888 2.4485
1.7090 2.4745 2.4267
1.7256 2.4608 2.4059
1.7422 2.4475 2.3863
1.7588 2.4346 2.3676
1.7754 2.4218 2.3497
1.7920 2.4090 2.3326
1.8086 2.3962 2.3162
1.8251 2.3832 2.3002
1.8417 2.3701 2.2848
1.8583 2.3567 2.2696
1.8749 2.3430 2.2548
1.8915 2.3291 2.2402
1.9081 2.3149 2.2259
1.9247 2.3007 2.2117
1.9413 2.2863 2.1976
1.9579 2.2721 2.1837
1.9745 2.2580 2.1699
1.9911 2.2441 2.1562
2.0077 2.2307 2.1426
2.0243 2.2177 2.1290
2.0408 2.2053 2.1155
2.0574 2.1934 2.1021
2.0740 2.1823 2.0886
2.0906 2.1718 2.0750
2.1072 2.1619 2.0614
2.1238 2.1525 2.0478
2.1404 2.1437 2.0340
2.1570 2.1352 2.0201
2.1736 2.1270 2.0060
2.1902 2.1190 1.9918
2.2068 2.1110 1.9775
2.2234 2.1028 1.9631
2.2400 2.0945 1.9485
2.2565 2.0859 1.9338
2.2731 2.0769 1.9190
2.2897 2.0675 1.9041
2.3063 2.0577 1.8890
2.3229 2.0474 1.8739
2.3395 2.0367 1.8587
2.3561 2.0256 1.8434
2.3727 2.0143 1.8279
2.3893 2.0027 1.8124
2.4059 1.9910 1.7967
2.4225 1.9792 1.7809
2.4391 1.9675 1.7651
2.4557 1.9558 1.7491
2.4722 1.9444 1.7331
2.4888 1.9331 1.7170
2.5054 1.9221 1.7009
2.5220 1.9114 1.6847
2.5386 1.9009 1.6686
2.5552 1.8906 1.6525
2.5718 1.8806 1.6365
2.5884 1.8707 1.6204
2.6050 1.8610 1.6045
2.6216 1.8513 1.5885
2.6382 1.8416 1.5726
2.6548 1.8318 1.5567
2.6714 1.8220 1.5408
2.6879 1.8120 1.5249
2.7045 1.8018 1.5090
2.7211 1.7915 1.4930
2.7377 1.7809 1.4770
2.7543 1.7702 1.4610
2.7709 1.7593 1.4450
2.7875 1.7483 1.4290
2.8041 1.7372 1.4131
2.8207 1.7259 1.3973
2.8373 1.7146 1.3816
2.8539 1.7032 1.3661
2.8705 1.6918 1.3508
2.8870 1.6803 1.3358
2.9036 1.6688 1.3212
2.9202 1.6572 1.3068
2.9368 1.6455 1.2929
2.9534 1.6337 1.2793
2.9700 1.6217 1.2662
2.9866 1.6094 1.2534
3.0032 1.5969 1.2411
3.0198 1.5840 1.2292
3.0364 1.5707 1.2178
3.0530 1.5571 1.2067
3.0696 1.5431 1.1960
3.0862 1.5287 1.1857
3.1027 1.5139 1.1758
3.1193 1.4987 1.1662
3.1359 1.4832 1.1570
3.1525 1.4674 1.1482
3.1691 1.4514 1.1397
3.1857 1.4352 1.1315
3.2023 1.4189 1.1237
3.2189 1.4026 1.1163
3.2355 1.3862 1.1092
3.2521 1.3699 1.1024
3.2687 1.3536 1.0960
3.2853 1.3375 1.0898
3.3019 1.3215 1.0840
3.3184 1.3057 1.0784
3.3350 1.2900 1.0731
3.3516 1.2746 1.0680
3.3682 1.2593 1.0630
3.3848 1.2443 1.0582
3.4014 1.2295 1.0536
3.4180 1.2149 1.0490
3.4346 1.2005 1.0446
3.4512 1.1863 1.0402
3.4678 1.1723 1.0358
3.4844 1.1585 1.0315
3.5010 1.1449 1.0272
3.5176 1.1315 1.0230
3.5341 1.1183 1.0187
3.5507 1.1053 1.0144
3.5673 1.0925 1.0101
3.5839 1.0800 1.0057
3.6005 1.0676 1.0013
3.6171 1.0555 0.9968
3.6337 1.0436 0.9921
3.6503 1.0320 0.9873
3.6669 1.0205 0.9822
3.6835 1.0093 0.9769
3.7001 0.9984 0.9714
3.7167 0.9877 0.9656
3.7333 0.9772 0.9594
3.7498 0.9670 0.9529
3.7664 0.9570 0.9461
3.7830 0.9472 0.9390
3.7996 0.9377 0.9316
3.8162 0.9285 0.9239
3.8328 0.9196 0.9161
3.8494 0.9110 0.9080
3.8660 0.9027 0.8998
3.8826 0.8947 0.8916
3.8992 0.8870 0.8834
3.9158 0.8797 0.8753
3.9324 0.8727 0.8673
3.9490 0.8661 0.8595
3.9655 0.8598 0.8519
3.9821 0.8538 0.8445
3.9987 0.8481 0.8375
4.0153 0.8427 0.8308
4.0319 0.8376 0.8244
4.0485 0.8327 0.8184
4.0651 0.8281 0.8128
4.0817 0.8235 0.8075
4.0983 0.8192 0.8025
4.1149 0.8149 0.7978
4.1315 0.8106 0.7934
4.1481 0.8064 0.7893
4.1647 0.8022 0.7854
4.1812 0.7980 0.7818
4.1978 0.7937 0.7783
4.2144 0.7894 0.7750
4.2310 0.7850 0.7719
4.2476 0.7806 0.7688
4.2642 0.7760 0.7659
4.2808 0.7714 0.7630
4.2974 0.7668 0.7602
4.3140 0.7621 0.7574
4.3306 0.7574 0.7546
4.3472 0.7527 0.7518
4.3638 0.7481 0.7490
4.3804 0.7435 0.7462
4.3969 0.7390 0.7434
4.4135 0.7346 0.7406
4.4301 0.7303 0.7377
4.4467 0.7262 0.7347
4.4633 0.7222 0.7317
4.4799 0.7183 0.7287
4.4965 0.7146 0.7257
4.5131 0.7110 0.7226
4.5297 0.7075 0.7196
4.5463 0.7042 0.7165
4.5629 0.7009 0.7135
4.5795 0.6976 0.7105
4.5960 0.6944 0.7076
4.6126 0.6912 0.7047
4.6292 0.6880 0.7019
4.6458 0.6848 0.6993
4.6624 0.6815 0.6968
4.6790 0.6781 0.6944
4.6956 0.6747 0.6921
4.7122 0.6712 0.6900
4.7288 0.6676 0.6880
4.7454 0.6639 0.6862
4.7620 0.6602 0.6845
4.7786 0.6565 0.6829
4.7952 0.6527 0.6814
4.8117 0.6490 0.6799
4.8283 0.6452 0.6786
4.8449 0.6415 0.6772
4.8615 0.6379 0.6758
4.8781 0.6344 0.6745
4.8947 0.6310 0.6730
4.9113 0.6277 0.6715
4.9279 0.6246 0.6699
4.9445 0.6216 0.6681
4.9611 0.6188 0.6662
4.9777 0.6162 0.6642
4.9943 0.6137 0.6620
5.0109 0.6115 0.6597
5.0274 0.6094 0.6572
5.0440 0.6075 0.6546
5.0606 0.6058 0.6518
5.0772 0.6042 0.6490
5.0938 0.6027 0.6460
5.1104 0.6014 0.6431
5.1270 0.6002 0.6401
5.1436 0.5990 0.6371
5.1602 0.5979 0.6342
5.1768 0.5969 0.6313
5.1934 0.5959 0.6284
5.2100 0.5950 0.6257
5.2266 0.5940 0.6230
5.2431 0.5931 0.6204
5.2597 0.5921 0.6179
5.2763 0.5912 0.6155
5.2929 0.5902 0.6131
5.3095 0.5893 0.6108
5.3261 0.5884 0.6085
5.3427 0.5875 0.6062
5.3593 0.5866 0.6039
5.3759 0.5857 0.6015
5.3925 0.5849 0.5990
5.4091 0.5840 0.5965
5.4257 0.5832 0.5939
5.4423 0.5823 0.5912
5.4588 0.5814 0.5883
5.4754 0.5805 0.5854
5.4920 0.5796 0.5823
5.5086 0.5786 0.5792
5.5252 0.5775 0.5760
5.5418 0.5762 0.5727
5.5584 0.5749 0.5694
5.5750 0.5735 0.5660
5.5916 0.5719 0.5627
5.6082 0.5702 0.5593
5.6248 0.5683 0.5560
5.6414 0.5664 0.5527
5.6580 0.5643 0.5495
5.6745 0.5621 0.5464
5.6911 0.5599 0.5434
5.7077 0.5576 0.5405
5.7243 0.5553 0.5377
5.7409 0.5530 0.5350
5.7575 0.5507 0.5325
5.7741 0.5485 0.5300
5.7907 0.5463 0.5278
5.8073 0.5442 0.5256
5.8239 0.5422 0.5236
5.8405 0.5403 0.5217
5.8571 0.5385 0.5199
5.8737 0.5368 0.5182
5.8902 0.5353 0.5167
5.9068 0.5338 0.5153
5.9234 0.5325 0.5139
5.9400 0.5312 0.5127
5.9566 0.5301 0.5115
5.9732 0.5290 0.5104
5.9898 0.5280 0.5093
6.0064 0.5270 0.5083
6.0230 0.5261 0.5074
6.0396 0.5252 0.5065
6.0562 0.5243 0.5056
6.0728 0.5234 0.5047
6.0894 0.5224 0.5038
6.1059 0.5215 0.5030
6.1225 0.5205 0.5022
6.1391 0.5194 0.5014
6.1557 0.5183 0.5007
6.1723 0.5171 0.5000
6.1889 0.5158 0.4994
6.2055 0.5145 0.4988
6.2221 0.5130 0.4983
6.2387 0.5115 0.4978
6.2553 0.5099 0.4974
6.2719 0.5082 0.4971
6.2885 0.5065 0.4969
6.3051 0.5048 0.4968
6.3216 0.5029 0.4967
6.3382 0.5011 0.4966
6.3548 0.4992 0.4966
6.3714 0.4973 0.4967
6.3880 0.4954 0.4968
6.4046 0.4935 0.4969
6.4212 0.4917 0.4971
6.4378 0.4898 0.4973
6.4544 0.4880 0.4975
6.4710 0.4862 0.4977
6.4876 0.4844 0.4979
6.5042 0.4827 0.4981
6.5207 0.4811 0.4984
6.5373 0.4795 0.4986
6.5539 0.4781 0.4989
6.5705 0.4768 0.4992
6.5871 0.4755 0.4995
6.6037 0.4744 0.4999
6.6203 0.4735 0.5002
6.6369 0.4727 0.5006
6.6535 0.4721 0.5009
6.6701 0.4716 0.5013
6.6867 0.4713 0.5017
6.7033 0.4711 0.5020
6.7199 0.4711 0.5024
6.7364 0.4712 0.5027
6.7530 0.4713 0.5029
6.7696 0.4716 0.5032
6.7862 0.4719 0.5033
6.8028 0.4722 0.5034
6.8194 0.4725 0.5034
6.8360 0.4728 0.5034
6.8526 0.4731 0.5032
6.8692 0.4733 0.5030
6.8858 0.4734 0.5026
6.9024 0.4735 0.5022
6.9190 0.4736 0.5016
6.9356 0.4735 0.5008
6.9521 0.4735 0.5000
6.9687 0.4734 0.4990
6.9853 0.4733 0.4980
7.0019 0.4732 0.4968
7.0185 0.4732 0.4955
7.0351 0.4732 0.4942
7.0517 0.4732 0.4927
7.0683 0.4733 0.4913
7.0849 0.4734 0.4897
7.1015 0.4736 0.4882
7.1181 0.4738 0.4867
7.1347 0.4741 0.4852
7.1513 0.4743 0.4837
7.1678 0.4745 0.4822
7.1844 0.4746 0.4808
7.2010 0.4747 0.4795
7.2176 0.4747 0.4782
7.2342 0.4745 0.4769
7.2508 0.4742 0.4758
7.2674 0.4738 0.4746
7.2840 0.4731 0.4736
7.3006 0.4724 0.4726
7.3172 0.4714 0.4716
7.3338 0.4703 0.4707
7.3504 0.4690 0.4698
7.3670 0.4676 0.4689
7.3835 0.4661 0.4680
7.4001 0.4646 0.4672
7.4167 0.4629 0.4664
7.4333 0.4613 0.4656
7.4499 0.4596 0.4649
7.4665 0.4579 0.4642
7.4831 0.4562 0.4635
7.4997 0.4546 0.4629
7.5163 0.4530 0.4623
7.5329 0.4515 0.4618
7.5495 0.4501 0.4613
7.5661 0.4487 0.4610
7.5827 0.4473 0.4607
7.5992 0.4460 0.4605
7.6158 0.4448 0.4603
7.6324 0.4436 0.4603
7.6490 0.4424 0.4603
7.6656 0.4412 0.4604
7.6822 0.4400 0.4606
7.6988 0.4388 0.4608
7.7154 0.4376 0.4610
7.7320 0.4363 0.4613
7.7486 0.4351 0.4616
7.7652 0.4337 0.4619
7.7818 0.4324 0.4622
7.7984 0.4310 0.4624
7.8149 0.4295 0.4627
7.8315 0.4280 0.4628
7.8481 0.4264 0.4630
7.8647 0.4249 0.4631
7.8813 0.4233 0.4631
7.8979 0.4217 0.4632
7.9145 0.4201 0.4631
7.9311 0.4185 0.4631
7.9477 0.4170 0.4630
7.9643 0.4155 0.4629
7.9809 0.4140 0.4627
7.9975 0.4127 0.4626
8.0141 0.4114 0.4625
8.0306 0.4103 0.4623
8.0472 0.4092 0.4622
8.0638 0.4083 0.4621
8.0804 0.4074 0.4620
8.0970 0.4067 0.4619
8.1136 0.4061 0.4618
8.1302 0.4057 0.4617
8.1468 0.4053 0.4617
8.1634 0.4050 0.4616
8.1800 0.4049 0.4616
8.1966 0.4048 0.4616
8.2132 0.4047 0.4616
8.2297 0.4047 0.4617
8.2463 0.4048 0.4617
8.2629 0.4048 0.4618
8.2795 0.4049 0.4619
8.2961 0.4050 0.4619
8.3127 0.4050 0.4620
8.3293 0.4050 0.4621
8.3459 0.4050 0.4622
8.3625 0.4049 0.4623
8.3791 0.4047 0.4624
8.3957 0.4045 0.4625
8.4123 0.4042 0.4625
8.4289 0.4038 0.4626
8.4454 0.4034 0.4627
8.4620 0.4030 0.4627
8.4786 0.4025 0.4628
8.4952 0.4020 0.4628
8.5118 0.4014 0.4628
8.5284 0.4009 0.4628
8.5450 0.4003 0.4628
8.5616 0.3997 0.4628
8.5782 0.3992 0.4628
8.5948 0.3987 0.4627
8.6114 0.3982 0.4626
8.6280 0.3977 0.4625
8.6446 0.3972 0.4623
8.6611 0.3967 0.4620
8.6777 0.3963 0.4616
8.6943 0.3958 0.4612
8.7109 0.3954 0.4607
8.7275 0.3950 0.4601
8.7441 0.3945 0.4594
8.7607 0.3941 0.4587
8.7773 0.3936 0.4578
8.7939 0.3932 0.4568
8.8105 0.3927 0.4558
8.8271 0.3922 0.4546
8.8437 0.3917 0.4534
8.8603 0.3911 0.4521
8.8768 0.3906 0.4508
8.8934 0.3900 0.4494
8.9100 0.3894 0.4480
8.9266 0.3887 0.4466
8.9432 0.3881 0.4451
8.9598 0.3874 0.4437
8.9764 0.3867 0.4422
8.9930 0.3859 0.4407
9.0096 0.3852 0.4393
9.0262 0.3844 0.4378
9.0428 0.3835 0.4364
9.0594 0.3826 0.4350
9.0760 0.3817 0.4337
9.0925 0.3808 0.4324
9.1091 0.3798 0.4312
9.1257 0.3788 0.4301
9.1423 0.3778 0.4290
9.1589 0.3768 0.4280
9.1755 0.3757 0.4271
9.1921 0.3747 0.4263
9.2087 0.3736 0.4256
9.2253 0.3725 0.4250
9.2419 0.3714 0.4245
9.2585 0.3703 0.4240
9.2751 0.3692 0.4237
9.2917 0.3681 0.4235
9.3082 0.3670 0.4233
9.3248 0.3659 0.4232
9.3414 0.3648 0.4232
9.3580 0.3636 0.4233
9.3746 0.3625 0.4234
9.3912 0.3614 0.4236
9.4078 0.3602 0.4239
9.4244 0.3591 0.4242
9.4410 0.3579 0.4245
9.4576 0.3568 0.4249
9.4742 0.3557 0.4253
9.4908 0.3546 0.4258
9.5074 0.3535 0.4264
9.5239 0.3524 0.4269
9.5405 0.3513 0.4275
9.5571 0.3503 0.4281
9.5737 0.3492 0.4288
9.5903 0.3482 0.4295
9.6069 0.3473 0.4301
9.6235 0.3464 0.4308
9.6401 0.3455 0.4315
9.6567 0.3446 0.4321
9.6733 0.3438 0.4327
9.6899 0.3431 0.4332
9.7065 0.3423 0.4337
9.7231 0.3417 0.4341
9.7396 0.3411 0.4345
9.7562 0.3405 0.4348
9.7728 0.3400 0.4349
9.7894 0.3395 0.4350
9.8060 0.3390 0.4351
9.8226 0.3387 0.4350
9.8392 0.3383 0.4348
9.8558 0.3380 0.4346
9.8724 0.3377 0.4343
9.8890 0.3375 0.4339
9.9056 0.3373 0.4335
9.9222 0.3372 0.4330
9.9388 0.3370 0.4324
9.9553 0.3370 0.4317
9.9719 0.3369 0.4310
9.9885 0.3369 0.4303
10.0051 0.3369 0.4295
10.0217 0.3369 0.4286
10.0383 0.3370 0.4277
10.0549 0.3371 0.4268
10.0715 0.3372 0.4257
10.0881 0.3373 0.4247
10.1047 0.3375 0.4236
10.1213 0.3376 0.4225
10.1379 0.3378 0.4214
10.1544 0.3379 0.4203
10.1710 0.3380 0.4192
10.1876 0.3382 0.4181
10.2042 0.3383 0.4170
10.2208 0.3384 0.4160
10.2374 0.3385 0.4150
10.2540 0.3385 0.4141
10.2706 0.3386 0.4132
10.2872 0.3386 0.4124
10.3038 0.3385 0.4117
10.3204 0.3385 0.4110
10.3370 0.3384 0.4104
10.3536 0.3382 0.4099
10.3701 0.3381 0.4094
10.3867 0.3379 0.4089
10.4033 0.3377 0.4084
10.4199 0.3374 0.4079
10.4365 0.3372 0.4074
10.4531 0.3369 0.4068
10.4697 0.3367 0.4062
10.4863 0.3364 0.4055
10.5029 0.3362 0.4048
10.5195 0.3359 0.4039
10.5361 0.3357 0.4029
10.5527 0.3356 0.4019
10.5693 0.3354 0.4007
10.5858 0.3353 0.3994
10.6024 0.3352 0.3980
10.6190 0.3352 0.3966
10.6356 0.3352 0.3950
10.6522 0.3352 0.3934
10.6688 0.3353 0.3918
10.6854 0.3354 0.3901
10.7020 0.3355 0.3884
10.7186 0.3357 0.3867
10.7352 0.3358 0.3851
10.7518 0.3360 0.3835
10.7684 0.3362 0.3819
10.7850 0.3364 0.3805
10.8015 0.3366 0.3791
10.8181 0.3367 0.3778
10.8347 0.3369 0.3767
10.8513 0.3371 0.3756
10.8679 0.3372 0.3747
10.8845 0.3373 0.3739
10.9011 0.3374 0.3732
10.9177 0.3374 0.3726
10.9343 0.3374 0.3721
10.9509 0.3374 0.3717
10.9675 0.3374 0.3713
10.9841 0.3373 0.3711
11.0007 0.3372 0.3709
11.0172 0.3371 0.3707
11.0338 0.3370 0.3705
11.0504 0.3368 0.3704
11.0670 0.3366 0.3703
11.0836 0.3363 0.3701
11.1002 0.3361 0.3700
11.1168 0.3358 0.3698
11.1334 0.3355 0.3695
11.1500 0.3352 0.3693
11.1666 0.3348 0.3690
11.1832 0.3345 0.3686
11.1998 0.3341 0.3682
11.2164 0.3337 0.3678
11.2329 0.3334 0.3673
11.2495 0.3330 0.3668
11.2661 0.3326 0.3662
11.2827 0.3322 0.3656
11.2993 0.3318 0.3650
11.3159 0.3313 0.3644
11.3325 0.3309 0.3637
11.3491 0.3304 0.3630
11.3657 0.3299 0.3623
11.3823 0.3294 0.3615
11.3989 0.3288 0.3608
11.4155 0.3282 0.3600
11.4321 0.3276 0.3591
11.4486 0.3269 0.3583
11.4652 0.3261 0.3574
11.4818 0.3253 0.3565
11.4984 0.3245 0.3556
11.5150 0.3236 0.3546
11.5316 0.3226 0.3537
11.5482 0.3216 0.3527
11.5648 0.3205 0.3517
11.5814 0.3194 0.3506
11.5980 0.3182 0.3496
11.6146 0.3170 0.3486
11.6312 0.3158 0.3475
11.6478 0.3146 0.3465
11.6643 0.3134 0.3455
11.6809 0.3122 0.3445
11.6975 0.3110 0.3435
11.7141 0.3098 0.3426
11.7307 0.3087 0.3416
11.7473 0.3077 0.3407
11.7639 0.3067 0.3398
11.7805 0.3058 0.3389
11.7971 0.3049 0.3380
11.8137 0.3041 0.3371
11.8303 0.3034 0.3363
11.8469 0.3027 0.3354
11.8634 0.3021 0.3346
11.8800 0.3016 0.3338
11.8966 0.3011 0.3330
11.9132 0.3007 0.3321
11.9298 0.3004 0.3313
11.9464 0.3000 0.3306
11.9630 0.2997 0.3298
11.9796 0.2994 0.3290
11.9962 0.2992 0.3283
12.0128 0.2989 0.3275
12.0294 0.2987 0.3268
12.0460 0.2984 0.3261
12.0626 0.2982 0.3254
12.0791 0.2979 0.3248
12.0957 0.2976 0.3242
12.1123 0.2973 0.3235
12.1289 0.2970 0.3229
12.1455 0.2966 0.3223
12.1621 0.2962 0.3218
12.1787 0.2958 0.3212
12.1953 0.2953 0.3206
12.2119 0.2948 0.3200
12.2285 0.2943 0.3194
12.2451 0.2938 0.3188
12.2617 0.2933 0.3181
12.2783 0.2927 0.3175
12.2948 0.2922 0.3169
12.3114 0.2916 0.3162
12.3280 0.2911 0.3155
12.3446 0.2905 0.3149
12.3612 0.2900 0.3142
12.3778 0.2894 0.3136
12.3944 0.2889 0.3129
12.4110 0.2884 0.3123
12.4276 0.2879 0.3116
12.4442 0.2874 0.3110
12.4608 0.2869 0.3103
12.4774 0.2864 0.3096
12.4940 0.2859 0.3090
12.5105 0.2853 0.3083
12.5271 0.2847 0.3075
12.5437 0.2841 0.3067
12.5603 0.2833 0.3059
12.5769 0.2826 0.3050
12.5935 0.2817 0.3040
12.6101 0.2808 0.3030
12.6267 0.2798 0.3019
12.6433 0.2787 0.3007
12.6599 0.2776 0.2994
12.6765 0.2764 0.2980
12.6931 0.2751 0.2965
12.7097 0.2738 0.2950
12.7262 0.2724 0.2934
12.7428 0.2709 0.2917
12.7594 0.2694 0.2900
12.7760 0.2680 0.2882
12.7926 0.2664 0.2864
12.8092 0.2649 0.2845
12.8258 0.2634 0.2825
12.8424 0.2619 0.2806
12.8590 0.2604 0.2786
12.8756 0.2589 0.2766
12.8922 0.2575 0.2745
12.9088 0.2560 0.2725
12.9254 0.2546 0.2704
12.9419 0.2533 0.2683
12.9585 0.2519 0.2662
12.9751 0.2506 0.2640
12.9917 0.2493 0.2619
13.0083 0.2481 0.2597
13.0249 0.2468 0.2575
13.0415 0.2456 0.2553
13.0581 0.2444 0.2532
13.0747 0.2431 0.2510
13.0913 0.2419 0.2488
13.1079 0.2407 0.2466
13.1245 0.2394 0.2444
13.1411 0.2381 0.2423
13.1576 0.2368 0.2401
13.1742 0.2355 0.2380
13.1908 0.2341 0.2359
13.2074 0.2327 0.2338
13.2240 0.2313 0.2317
13.2406 0.2298 0.2297
13.2572 0.2283 0.2277
13.2738 0.2268 0.2256
13.2904 0.2252 0.2236
13.3070 0.2236 0.2216
13.3236 0.2220 0.2196
13.3402 0.2203 0.2176
13.3568 0.2187 0.2156
13.3733 0.2170 0.2136
13.3899 0.2153 0.2115
13.4065 0.2136 0.2095
13.4231 0.2119 0.2075
13.4397 0.2102 0.2055
13.4563 0.2084 0.2034
13.4729 0.2067 0.2014
13.4895 0.2050 0.1993
13.5061 0.2032 0.1973
13.5227 0.2015 0.1952
13.5393 0.1997 0.1932
13.5559 0.1979 0.1912
13.5725 0.1962 0.1892
13.5890 0.1944 0.1872
13.6056 0.1926 0.1852
13.6222 0.1908 0.1833
13.6388 0.1890 0.1814
13.6554 0.1872 0.1795
13.6720 0.1854 0.1777
13.6886 0.1836 0.1759
13.7052 0.1818 0.1741
13.7218 0.1799 0.1724
13.7384 0.1781 0.1707
13.7550 0.1762 0.1690
13.7716 0.1744 0.1673
13.7881 0.1725 0.1657
13.8047 0.1707 0.1641
13.8213 0.1689 0.1625
13.8379 0.1670 0.1609
13.8545 0.1652 0.1593
13.8711 0.1633 0.1577
13.8877 0.1615 0.1561
13.9043 0.1597 0.1545
13.9209 0.1579 0.1529
13.9375 0.1561 0.1513
13.9541 0.1543 0.1497
13.9707 0.1525 0.1481
13.9873 0.1508 0.1465
14.0038 0.1491 0.1450
14.0204 0.1474 0.1434
14.0370 0.1457 0.1418
14.0536 0.1440 0.1402
14.0702 0.1424 0.1387
14.0868 0.1408 0.1371
14.1034 0.1393 0.1356
14.1200 0.1377 0.1340
14.1366 0.1362 0.1325
14.1532 0.1348 0.1310
14.1698 0.1333 0.1295
14.1864 0.1319 0.1280
14.2030 0.1306 0.1266
14.2195 0.1292 0.1251
14.2361 0.1279 0.1237
14.2527 0.1266 0.1222
14.2693 0.1253 0.1208
14.2859 0.1240 0.1195
14.3025 0.1228 0.1181
14.3191 0.1216 0.1167
14.3357 0.1204 0.1154
14.3523 0.1191 0.1141
14.3689 0.1179 0.1128
14.3855 0.1168 0.1115
14.4021 0.1156 0.1103
14.4187 0.1144 0.1090
14.4352 0.1132 0.1078
14.4518 0.1120 0.1066
14.4684 0.1109 0.1054
14.4850 0.1097 0.1043
14.5016 0.1086 0.1031
14.5182 0.1074 0.1020
14.5348 0.1063 0.1008
14.5514 0.1052 0.0997
14.5680 0.1041 0.0986
14.5846 0.1030 0.0975
14.6012 0.1019 0.0965
14.6178 0.1008 0.0954
14.6344 0.0997 0.0944
14.6509 0.0987 0.0934
14.6675 0.0976 0.0924
14.6841 0.0966 0.0914
14.7007 0.0955 0.0904
14.7173 0.0945 0.0895
14.7339 0.0935 0.0886
14.7505 0.0925 0.0876
14.7671 0.0915 0.0867
14.7837 0.0905 0.0859
14.8003 0.0895 0.0850
14.8169 0.0885 0.0841
14.8335 0.0875 0.0833
14.8501 0.0865 0.0824
14.8666 0.0855 0.0816
14.8832 0.0844 0.0808
14.8998 0.0834 0.0799
14.9164 0.0824 0.0791
14.9330 0.0814 0.0783
14.9496 0.0804 0.0774
14.9662 0.0794 0.0766
14.9828 0.0784 0.0757
14.9994 0.0774 0.0749
15.0160 0.0764 0.0740
15.0326 0.0755 0.0731
15.0492 0.0745 0.0722
15.0658 0.0736 0.0713
15.0823 0.0726 0.0704
15.0989 0.0717 0.0695
15.1155 0.0708 0.0685
15.1321 0.0700 0.0676
15.1487 0.0691 0.0667
15.1653 0.0683 0.0657
15.1819 0.0675 0.0648
15.1985 0.0667 0.0639
15.2151 0.0659 0.0629
15.2317 0.0652 0.0620
15.2483 0.0645 0.0611
15.2649 0.0637 0.0602
15.2815 0.0630 0.0593
15.2980 0.0623 0.0585
15.3146 0.0617 0.0576
15.3312 0.0610 0.0568
15.3478 0.0603 0.0560
15.3644 0.0596 0.0552
15.3810 0.0590 0.0544
15.3976 0.0583 0.0536
15.4142 0.0577 0.0529
15.4308 0.0570 0.0521
15.4474 0.0563 0.0514
15.4640 0.0557 0.0507
15.4806 0.0550 0.0500
15.4971 0.0544 0.0494
15.5137 0.0537 0.0487
15.5303 0.0531 0.0481
15.5469 0.0524 0.0475
15.5635 0.0518 0.0469
15.5801 0.0511 0.0463
15.5967 0.0505 0.0457
15.6133 0.0498 0.0451
15.6299 0.0492 0.0446
15.6465 0.0486 0.0440
15.6631 0.0479 0.0435
15.6797 0.0473 0.0430
15.6963 0.0467 0.0425
15.7128 0.0461 0.0420
15.7294 0.0455 0.0415
15.7460 0.0449 0.0410
15.7626 0.0443 0.0405
15.7792 0.0437 0.0400
15.7958 0.0431 0.0396
15.8124 0.0426 0.0391
15.8290 0.0420 0.0386
15.8456 0.0415 0.0382
15.8622 0.0409 0.0377
15.8788 0.0404 0.0373
15.8954 0.0399 0.0369
15.9120 0.0394 0.0365
15.9285 0.0389 0.0360
15.9451 0.0384 0.0356
15.9617 0.0379 0.0352
15.9783 0.0374 0.0348
15.9949 0.0370 0.0344
16.0115 0.0365 0.0340
16.0281 0.0361 0.0337
16.0447 0.0356 0.0333
16.0613 0.0352 0.0329
16.0779 0.0348 0.0325
16.0945 0.0343 0.0322
16.1111 0.0339 0.0318
16.1277 0.0335 0.0315
16.1442 0.0331 0.0311
16.1608 0.0327 0.0308
16.1774 0.0322 0.0304
16.1940 0.0318 0.0301
16.2106 0.0314 0.0297
16.2272 0.0310 0.0294
16.2438 0.0306 0.0291
16.2604 0.0302 0.0287
16.2770 0.0298 0.0284
16.2936 0.0294 0.0281
16.3102 0.0290 0.0278
16.3268 0.0286 0.0275
16.3434 0.0282 0.0271
16.3599 0.0278 0.0268
16.3765 0.0274 0.0265
16.3931 0.0271 0.0262
16.4097 0.0267 0.0259
16.4263 0.0263 0.0256
16.4429 0.0260 0.0253
16.4595 0.0256 0.0251
16.4761 0.0253 0.0248
16.4927 0.0250 0.0245
16.5093 0.0246 0.0242
16.5259 0.0243 0.0240
16.5425 0.0240 0.0237
16.5591 0.0237 0.0234
16.5756 0.0234 0.0232
16.5922 0.0232 0.0229
16.6088 0.0229 0.0227
16.6254 0.0226 0.0225
16.6420 0.0224 0.0222
16.6586 0.0221 0.0220
16.6752 0.0219 0.0218
16.6918 0.0217 0.0216
16.7084 0.0214 0.0213
16.7250 0.0212 0.0211
16.7416 0.0210 0.0209
16.7582 0.0208 0.0207
16.7748 0.0206 0.0205
16.7913 0.0204 0.0203
16.8079 0.0202 0.0201
16.8245 0.0200 0.0199
16.8411 0.0199 0.0197
16.8577 0.0197 0.0195
16.8743 0.0195 0.0193
16.8909 0.0193 0.0191
16.9075 0.0191 0.0189
16.9241 0.0189 0.0187
16.9407 0.0187 0.0186
16.9573 0.0185 0.0184
16.9739 0.0183 0.0182
16.9905 0.0181 0.0180
17.0070 0.0179 0.0178
17.0236 0.0177 0.0177
17.0402 0.0175 0.0175
17.0568 0.0173 0.0173
17.0734 0.0171 0.0172
17.0900 0.0169 0.0170
17.1066 0.0167 0.0168
17.1232 0.0165 0.0167
17.1398 0.0164 0.0165
17.1564 0.0162 0.0164
17.1730 0.0160 0.0162
17.1896 0.0158 0.0161
17.2062 0.0157 0.0159
17.2227 0.0155 0.0158
17.2393 0.0153 0.0156
17.2559 0.0152 0.0155
17.2725 0.0150 0.0153
17.2891 0.0149 0.0152
17.3057 0.0147 0.0150
17.3223 0.0146 0.0148
17.3389 0.0144 0.0147
17.3555 0.0143 0.0145
17.3721 0.0142 0.0144
17.3887 0.0140 0.0142
17.4053 0.0139 0.0140
17.4218 0.0137 0.0139
17.4384 0.0136 0.0137
17.4550 0.0135 0.0136
17.4716 0.0133 0.0134
17.4882 0.0132 0.0132
17.5048 0.0131 0.0131
17.5214 0.0129 0.0129
17.5380 0.0128 0.0128
17.5546 0.0126 0.0126
17.5712 0.0125 0.0125
17.5878 0.0124 0.0123
17.6044 0.0122 0.0122
17.6210 0.0121 0.0121
17.6375 0.0120 0.0120
17.6541 0.0118 0.0118
17.6707 0.0117 0.0117
17.6873 0.0116 0.0116
17.7039 0.0115 0.0115
17.7205 0.0113 0.0114
17.7371 0.0112 0.0113
17.7537 0.0111 0.0112
17.7703 0.0110 0.0111
17.7869 0.0109 0.0110
17.8035 0.0108 0.0110
17.8201 0.0107 0.0109
17.8367 0.0106 0.0108
17.8532 0.0105 0.0107
17.8698 0.0104 0.0106
17.8864 0.0103 0.0105
17.9030 0.0102 0.0104
17.9196 0.0101 0.0103
17.9362 0.0100 0.0102
17.9528 0.0099 0.0101
17.9694 0.0098 0.0100
17.9860 0.0097 0.0099
18.0026 0.0096 0.0098
18.0192 0.0095 0.0097
18.0358 0.0094 0.0096
18.0524 0.0094 0.0095
18.0689 0.0093 0.0094
18.0855 0.0092 0.0093
18.1021 0.0091 0.0092
18.1187 0.0091 0.0091
18.1353 0.0090 0.0090
18.1519 0.0089 0.0089
18.1685 0.0089 0.0088
18.1851 0.0088 0.0088
18.2017 0.0087 0.0087
18.2183 0.0087 0.0086
18.2349 0.0086 0.0085
18.2515 0.0086 0.0084
18.2681 0.0085 0.0084
18.2846 0.0084 0.0083
18.3012 0.0084 0.0082
18.3178 0.0083 0.0081
18.3344 0.0083 0.0081
18.3510 0.0082 0.0080
18.3676 0.0082 0.0079
18.3842 0.0081 0.0078
18.4008 0.0080 0.0078
18.4174 0.0080 0.0077
18.4340 0.0079 0.0076
18.4506 0.0079 0.0075
18.4672 0.0078 0.0075
18.4838 0.0077 0.0074
18.5003 0.0077 0.0073
18.5169 0.0076 0.0072
18.5335 0.0075 0.0072
18.5501 0.0075 0.0071
18.5667 0.0074 0.0070
18.5833 0.0073 0.0069
18.5999 0.0073 0.0069
18.6165 0.0072 0.0068
18.6331 0.0071 0.0067
18.6497 0.0071 0.0067
18.6663 0.0070 0.0066
18.6829 0.0069 0.0065
18.6995 0.0068 0.0065
18.7160 0.0068 0.0064
18.7326 0.0067 0.0063
18.7492 0.0066 0.0063
18.7658 0.0066 0.0062
18.7824 0.0065 0.0061
18.7990 0.0064 0.0061
18.8156 0.0064 0.0060
18.8322 0.0063 0.0059
18.8488 0.0063 0.0059
18.8654 0.0062 0.0058
18.8820 0.0061 0.0058
18.8986 0.0061 0.0057
18.9152 0.0060 0.0057
18.9317 0.0060 0.0056
18.9483 0.0059 0.0055
18.9649 0.0058 0.0055
18.9815 0.0058 0.0054
18.9981 0.0057 0.0054
19.0147 0.0057 0.0054
19.0313 0.0056 0.0053
19.0479 0.0056 0.0053
19.0645 0.0055 0.0052
19.0811 0.0055 0.0052
19.0977 0.0054 0.0051
19.1143 0.0054 0.0051
19.1309 0.0053 0.0050
19.1474 0.0053 0.0050
19.1640 0.0052 0.0050
19.1806 0.0052 0.0049
19.1972 0.0051 0.0049
19.2138 0.0051 0.0048
19.2304 0.0050 0.0048
19.2470 0.0050 0.0047
19.2636 0.0049 0.0047
19.2802 0.0049 0.0047
19.2968 0.0048 0.0046
19.3134 0.0048 0.0046
19.3300 0.0048 0.0045
19.3465 0.0047 0.0045
19.3631 0.0047 0.0045
19.3797 0.0046 0.0044
19.3963 0.0046 0.0044
19.4129 0.0045 0.0044
19.4295 0.0045 0.0043
19.4461 0.0044 0.0043
19.4627 0.0044 0.0042
19.4793 0.0044 0.0042
19.4959 0.0043 0.0042
19.5125 0.0043 0.0042
19.5291 0.0042 0.0041
19.5457 0.0042 0.0041
19.5622 0.0042 0.0041
19.5788 0.0041 0.0040
19.5954 0.0041 0.0040
19.6120 0.0041 0.0040
19.6286 0.0040 0.0039
19.6452 0.0040 0.0039
19.6618 0.0040 0.0039
19.6784 0.0039 0.0039
19.6950 0.0039 0.0038
19.7116 0.0039 0.0038
19.7282 0.0038 0.0038
19.7448 0.0038 0.0037
19.7614 0.0038 0.0037
19.7779 0.0037 0.0037
19.7945 0.0037 0.0037
19.8111 0.0037 0.0036
19.8277 0.0036 0.0036
19.8443 0.0036 0.0036
19.8609 0.0036 0.0035
19.8775 0.0035 0.0035
19.8941 0.0035 0.0035
19.9107 0.0035 0.0034
19.9273 0.0034 0.0034
19.9439 0.0034 0.0033
19.9605 0.0034 0.0033
19.9771 0.0033 0.0033
19.9936 0.0033 0.0032
20.0102 0.0033 0.0032
20.0268 0.0032 0.0032
20.0434 0.0032 0.0031
20.0600 0.0032 0.0031
20.0766 0.0031 0.0031
20.0932 0.0031 0.0030
20.1098 0.0031 0.0030
20.1264 0.0030 0.0030
20.1430 0.0030 0.0030
20.1596 0.0030 0.0029
20.1762 0.0030 0.0029
20.1928 0.0029 0.0029
20.2093 0.0029 0.0029
20.2259 0.0029 0.0028
20.2425 0.0028 0.0028
20.2591 0.0028 0.0028
20.2757 0.0028 0.0028
20.2923 0.0028 0.0027
20.3089 0.0028 0.0027
20.3255 0.0027 0.0027
20.3421 0.0027 0.0027
20.3587 0.0027 0.0027
20.3753 0.0027 0.0026
20.3919 0.0027 0.0026
20.4085 0.0027 0.0026
20.4250 0.0026 0.0026
20.4416 0.0026 0.0026
20.4582 0.0026 0.0025
20.4748 0.0026 0.0025
20.4914 0.0026 0.0025
20.5080 0.0026 0.0025
20.5246 0.0025 0.0025
20.5412 0.0025 0.0025
20.5578 0.0025 0.0024
20.5744 0.0025 0.0024
20.5910 0.0025 0.0024
20.6076 0.0025 0.0024
20.6242 0.0025 0.0024
20.6407 0.0024 0.0023
20.6573 0.0024 0.0023
20.6739 0.0024 0.0023
20.6905 0.0024 0.0023
20.7071 0.0024 0.0023
20.7237 0.0024 0.0023
20.7403 0.0023 0.0022
20.7569 0.0023 0.0022
20.7735 0.0023 0.0022
20.7901 0.0023 0.0022
20.8067 0.0023 0.0022
20.8233 0.0023 0.0022
20.8399 0.0022 0.0021
20.8564 0.0022 0.0021
20.8730 0.0022 0.0021
20.8896 0.0022 0.0021
20.9062 0.0022 0.0021
20.9228 0.0022 0.0021
20.9394 0.0022 0.0021
20.9560 0.0021 0.0020
20.9726 0.0021 0.0020
20.9892 0.0021 0.0020
21.0058 0.0021 0.0020
21.0224 0.0021 0.0020
21.0390 0.0021 0.0020
21.0555 0.0020 0.0020
21.0721 0.0020 0.0019
21.0887 0.0020 0.0019
21.1053 0.0020 0.0019
21.1219 0.0020 0.0019
21.1385 0.0020 0.0019
21.1551 0.0019 0.0019
21.1717 0.0019 0.0019
21.1883 0.0019 0.0019
21.2049 0.0019 0.0018
21.2215 0.0019 0.0018
21.2381 0.0019 0.0018
21.2547 0.0019 0.0018
21.2712 0.0018 0.0018
21.2878 0.0018 0.0018
21.3044 0.0018 0.0018
21.3210 0.0018 0.0018
21.3376 0.0018 0.0018
21.3542 0.0018 0.0017
21.3708 0.0018 0.0017
21.3874 0.0018 0.0017
21.4040 0.0018 0.0017
21.4206 0.0017 0.0017
21.4372 0.0017 0.0017
21.4538 0.0017 0.0017
21.4704 0.0017 0.0017
21.4869 0.0017 0.0017
21.5035 0.0017 0.0016
21.5201 0.0017 0.0016
21.5367 0.0017 0.0016
21.5533 0.0017 0.0016
21.5699 0.0017 0.0016
21.5865 0.0017 0.0016
21.6031 0.0016 0.0016
21.6197 0.0016 0.0016
21.6363 0.0016 0.0016
21.6529 0.0016 0.0016
21.6695 0.0016 0.0016
21.6861 0.0016 0.0016
21.7026 0.0016 0.0015
21.7192 0.0016 0.0015
21.7358 0.0016 0.0015
21.7524 0.0016 0.0015
21.7690 0.0016 0.0015
21.7856 0.0016 0.0015
21.8022 0.0015 0.0015
21.8188 0.0015 0.0015
21.8354 0.0015 0.0015
21.8520 0.0015 0.0015
21.8686 0.0015 0.0015
21.8852 0.0015 0.0015
21.9018 0.0015 0.0015
21.9183 0.0015 0.0015
21.9349 0.0015 0.0015
21.9515 0.0014 0.0014
21.9681 0.0014 0.0014
21.9847 0.0014 0.0014
22.0013 0.0014 0.0014
22.0179 0.0014 0.0014
22.0345 0.0014 0.0014
22.0511 0.0014 0.0014
22.0677 0.0014 0.0014
22.0843 0.0014 0.0014
22.1009 0.0014 0.0014
22.1175 0.0014 0.0014
22.1340 0.0014 0.0014
22.1506 0.0013 0.0014
22.1672 0.0013 0.0014
22.1838 0.0013 0.0014
22.2004 0.0013 0.0014
22.2170 0.0013 0.0013
22.2336 0.0013 0.0013
22.2502 0.0013 0.0013
22.2668 0.0013 0.0013
22.2834 0.0013 0.0013
22.3000 0.0013 0.0013
22.3166 0.0013 0.0013
22.3332 0.0013 0.0013
22.3497 0.0013 0.0013
22.3663 0.0013 0.0013
22.3829 0.0013 0.0013
22.3995 0.0013 0.0013
22.4161 0.0013 0.0013
22.4327 0.0013 0.0013
22.4493 0.0013 0.0013
22.4659 0.0013 0.0013
22.4825 0.0013 0.0013
22.4991 0.0013 0.0013
22.5157 0.0013 0.0013
22.5323 0.0013 0.0013
22.5489 0.0013 0.0013
22.5654 0.0013 0.0013
22.5820 0.0013 0.0013
22.5986 0.0012 0.0013
22.6152 0.0012 0.0013
22.6318 0.0012 0.0013
22.6484 0.0012 0.0012
22.6650 0.0012 0.0012
22.6816 0.0012 0.0012
22.6982 0.0012 0.0012
22.7148 0.0012 0.0012
22.7314 0.0012 0.0012
22.7480 0.0012 0.0012
22.7646 0.0012 0.0012
22.7811 0.0012 0.0012
22.7977 0.0012 0.0012
22.8143 0.0012 0.0012
22.8309 0.0012 0.0012
22.8475 0.0012 0.0012
22.8641 0.0012 0.0012
22.8807 0.0012 0.0012
22.8973 0.0012 0.0012
22.9139 0.0012 0.0012
22.9305 0.0012 0.0012
22.9471 0.0012 0.0012
22.9637 0.0012 0.0012
22.9802 0.0012 0.0012
22.9968 0.0012 0.0012
23.0134 0.0012 0.0012
23.0300 0.0012 0.0012
23.0466 0.0012 0.0012
23.0632 0.0012 0.0012
23.0798 0.0012 0.0012
23.0964 0.0012 0.0012
23.1130 0.0012 0.0012
23.1296 0.0012 0.0012
23.1462 0.0011 0.0011
23.1628 0.0011 0.0011
23.1794 0.0011 0.0011
23.1959 0.0011 0.0011
23.2125 0.0011 0.0011
23.2291 0.0011 0.0011
23.2457 0.0011 0.0011
23.2623 0.0011 0.0011
23.2789 0.0011 0.0011
23.2955 0.0011 0.0011
23.3121 0.0011 0.0011
23.3287 0.0011 0.0011
23.3453 0.0011 0.0011
23.3619 0.0011 0.0011
23.3785 0.0011 0.0011
23.3951 0.0011 0.0011
23.4116 0.0011 0.0011
23.4282 0.0011 0.0011
23.4448 0.0011 0.0011
23.4614 0.0011 0.0011
23.4780 0.0011 0.0011
23.4946 0.0011 0.0011
23.5112 0.0011 0.0011
23.5278 0.0011 0.0011
23.5444 0.0011 0.0011
23.5610 0.0010 0.0011
23.5776 0.0010 0.0011
23.5942 0.0010 0.0010
23.6108 0.0010 0.0010
23.6273 0.0010 0.0010
23.6439 0.0010 0.0010
23.6605 0.0010 0.0010
23.6771 0.0010 0.0010
23.6937 0.0010 0.0010
23.7103 0.0010 0.0010
23.7269 0.0010 0.0010
23.7435 0.0010 0.0010
23.7601 0.0010 0.0010
23.7767 0.0009 0.0010
23.7933 0.0009 0.0010
23.8099 0.0009 0.0010
23.8265 0.0009 0.0010
23.8430 0.0009 0.0010
23.8596 0.0009 0.0010
23.8762 0.0009 0.0009
23.8928 0.0009 0.0009
23.9094 0.0009 0.0009
23.9260 0.0009 0.0009
23.9426 0.0009 0.0009
23.9592 0.0009 0.0009
23.9758 0.0009 0.0009
23.9924 0.0009 0.0009
24.0090 0.0008 0.0009
24.0256 0.0008 0.0009
24.0422 0.0008 0.0009
24.0587 0.0008 0.0009
24.0753 0.0008 0.0009
24.0919 0.0008 0.0009
24.1085 0.0008 0.0009
24.1251 0.0008 0.0009
24.1417 0.0008 0.0009
24.1583 0.0008 0.0009
24.1749 0.0008 0.0009
24.1915 0.0008 0.0009
24.2081 0.0008 0.0008
24.2247 0.0008 0.0008
24.2413 0.0007 0.0008
24.2579 0.0007 0.0008
24.2744 0.0007 0.0008
24.2910 0.0007 0.0008
24.3076 0.0007 0.0008
24.3242 0.0007 0.0008
24.3408 0.0007 0.0008
24.3574 0.0007 0.0008
24.3740 0.0007 0.0008
24.3906 0.0007 0.0008
24.4072 0.0007 0.0008
24.4238 0.0007 0.0008
24.4404 0.0007 0.0008
24.4570 0.0007 0.0008
24.4736 0.0006 0.0007
24.4901 0.0006 0.0007
24.5067 0.0006 0.0007
24.5233 0.0006 0.0007
24.5399 0.0006 0.0007
24.5565 0.0006 0.0007
24.5731 0.0006 0.0007
24.5897 0.0006 0.0007
24.6063 0.0006 0.0007
24.6229 0.0006 0.0007
24.6395 0.0006 0.0007
24.6561 0.0006 0.0007
24.6727 0.0006 0.0006
24.6892 0.0006 0.0006
24.7058 0.0006 0.0006
24.7224 0.0006 0.0006
24.7390 0.0006 0.0006
24.7556 0.0005 0.0006
24.7722 0.0005 0.0006
24.7888 0.0005 0.0006
24.8054 0.0005 0.0006
24.8220 0.0005 0.0006
24.8386 0.0005 0.0006
24.8552 0.0005 0.0006
24.8718 0.0005 0.0005
24.8884 0.0005 0.0005
24.9049 0.0005 0.0005
24.9215 0.0005 0.0005
24.9381 0.0005 0.0005
24.9547 0.0005 0.0005
24.9713 0.0005 0.0005
24.9879 0.0005 0.0005
25.0045 0.0005 0.0005
25.0211 0.0005 0.0005
25.0377 0.0005 0.0005
25.0543 0.0005 0.0005
25.0709 0.0004 0.0005
25.0875 0.0004 0.0005
25.1041 0.0004 0.0004
25.1206 0.0004 0.0004
25.1372 0.0004 0.0004
25.1538 0.0004 0.0004
25.1704 0.0004 0.0004
25.1870 0.0004 0.0004
25.2036 0.0004 0.0004
25.2202 0.0004 0.0004
25.2368 0.0004 0.0004
25.2534 0.0004 0.0004
25.2700 0.0004 0.0004
25.2866 0.0004 0.0004
25.3032 0.0004 0.0004
25.3198 0.0004 0.0004
25.3363 0.0004 0.0004
25.3529 0.0004 0.0004
25.3695 0.0004 0.0004
25.3861 0.0004 0.0004
25.4027 0.0004 0.0003
25.4193 0.0003 0.0003
25.4359 0.0003 0.0003
25.4525 0.0003 0.0003
25.4691 0.0003 0.0003
25.4857 0.0003 0.0003
25.5023 0.0003 0.0003
25.5189 0.0003 0.0003
25.5355 0.0003 0.0003
25.5520 0.0003 0.0003
25.5686 0.0003 0.0003
25.5852 0.0003 0.0003
25.6018 0.0003 0.0003
25.6184 0.0003 0.0003
25.6350 0.0003 0.0003
25.6516 0.0003 0.0003
25.6682 0.0003 0.0003
25.6848 0.0003 0.0003
25.7014 0.0003 0.0003
25.7180 0.0003 0.0003
25.7346 0.0003 0.0003
25.7512 0.0003 0.0003
25.7677 0.0003 0.0003
25.7843 0.0003 0.0003
25.8009 0.0003 0.0003
25.8175 0.0003 0.0003
25.8341 0.0003 0.0003
25.8507 0.0003 0.0003
25.8673 0.0003 0.0003
25.8839 0.0003 0.0002
25.9005 0.0002 0.0002
25.9171 0.0002 0.0002
25.9337 0.0002 0.0002
25.9503 0.0002 0.0002
25.9669 0.0002 0.0002
25.9834 0.0002 0.0002
26.0000 0.0002 0.0002
26.0166 0.0002 0.0002
26.0332 0.0002 0.0002
26.0498 0.0002 0.0002
26.0664 0.0002 0.0002
26.0830 0.0002 0.0002
26.0996 0.0002 0.0002
26.1162 0.0002 0.0002
26.1328 0.0002 0.0002
26.1494 0.0002 0.0002
26.1660 0.0002 0.0002
26.1826 0.0002 0.0002
26.1991 0.0002 0.0002
26.2157 0.0002 0.0002
26.2323 0.0002 0.0002
26.2489 0.0002 0.0002
26.2655 0.0002 0.0002
26.2821 0.0002 0.0002
26.2987 0.0002 0.0002
26.3153 0.0002 0.0002
26.3319 0.0002 0.0002
26.3485 0.0002 0.0002
26.3651 0.0002 0.0002
26.3817 0.0002 0.0002
26.3983 0.0002 0.0002
26.4148 0.0002 0.0002
26.4314 0.0002 0.0002
26.4480 0.0002 0.0002
26.4646 0.0002 0.0002
26.4812 0.0002 0.0002
26.4978 0.0002 0.0002
26.5144 0.0002 0.0002
26.5310 0.0001 0.0002
26.5476 0.0001 0.0001
26.5642 0.0001 0.0001
26.5808 0.0001 0.0001
26.5974 0.0001 0.0001
26.6139 0.0001 0.0001
26.6305 0.0001 0.0001
26.6471 0.0001 0.0001
26.6637 0.0001 0.0001
26.6803 0.0001 0.0001
26.6969 0.0001 0.0001
26.7135 0.0001 0.0001
26.7301 0.0001 0.0001
26.7467 0.0001 0.0001
26.7633 0.0001 0.0001
26.7799 0.0001 0.0001
26.7965 0.0001 0.0001
26.8131 0.0001 0.0001
26.8296 0.0001 0.0001
26.8462 0.0001 0.0001
26.8628 0.0001 0.0001
26.8794 0.0001 0.0001
26.8960 0.0001 0.0001
26.9126 0.0001 0.0001
26.9292 0.0001 0.0001
26.9458 0.0001 0.0001
26.9624 0.0001 0.0001
26.9790 0.0001 0.0001
26.9956 0.0001 0.0001
27.0122 0.0001 0.0001
27.0288 0.0001 0.0001
27.0453 0.0001 0.0001
27.0619 0.0001 0.0001
27.0785 0.0001 0.0001
27.0951 0.0001 0.0001
27.1117 0.0001 0.0001
27.1283 0.0001 0.0001
27.1449 0.0001 0.0001
27.1615 0.0001 0.0001
27.1781 0.0001 0.0001
27.1947 0.0001 0.0001
27.2113 0.0001 0.0001
27.2279 0.0001 0.0001
27.2445 0.0001 0.0001
27.2610 0.0001 0.0001
27.2776 0.0001 0.0001
27.2942 0.0001 0.0001
27.3108 0.0001 0.0001
27.3274 0.0001 0.0001
27.3440 0.0001 0.0001
27.3606 0.0001 0.0001
27.3772 0.0001 0.0001
27.3938 0.0001 0.0001
27.4104 0.0001 0.0001
27.4270 0.0001 0.0001
27.4436 0.0001 0.0001
27.4602 0.0001 0.0001
27.4767 0.0001 0.0001
27.4933 0.0001 0.0001
27.5099 0.0001 0.0001
27.5265 0.0001 0.0001
27.5431 0.0001 0.0001
27.5597 0.0001 0.0001
27.5763 0.0001 0.0001
27.5929 0.0001 0.0001
27.6095 0.0001 0.0001
27.6261 0.0001 0.0001
27.6427 0.0001 0.0001
27.6593 0.0001 0.0001
27.6759 0.0001 0.0001
27.6924 0.0001 0.0001
27.7090 0.0001 0.0001
27.7256 0.0001 0.0001
27.7422 0.0001 0.0001
27.7588 0.0001 0.0001
27.7754 0.0001 0.0001
27.7920 0.0001 0.0001
27.8086 0.0001 0.0001
27.8252 0.0001 0.0001
27.8418 0.0001 0.0001
27.8584 0.0001 0.0001
27.8750 0.0001 0.0001
27.8916 0.0001 0.0001
27.9081 0.0001 0.0001
27.9247 0.0001 0.0001
27.9413 0.0001 0.0001
27.9579 0.0001 0.0001
27.9745 0.0001 0.0001
27.9911 0.0001 0.0001
28.0077 0.0001 0.0001
28.0243 0.0001 0.0001
28.0409 0.0001 0.0001
28.0575 0.0001 0.0001
28.0741 0.0001 0.0001
28.0907 0.0001 0.0001
28.1073 0.0000 0.0001
28.1238 0.0000 0.0001
28.1404 0.0000 0.0001
28.1570 0.0000 0.0001
28.1736 0.0000 0.0001
28.1902 0.0000 0.0001
28.2068 0.0000 0.0001
28.2234 0.0000 0.0001
28.2400 0.0000 0.0001
28.2566 0.0000 0.0000
28.2732 0.0000 0.0000
28.2898 0.0000 0.0000
28.3064 0.0000 0.0000
28.3229 0.0000 0.0000
28.3395 0.0000 0.0000
28.3561 0.0000 0.0000
28.3727 0.0000 0.0000
28.3893 0.0000 0.0000
28.4059 0.0000 0.0000
28.4225 0.0000 0.0000
28.4391 0.0000 0.0000
28.4557 0.0000 0.0000
28.4723 0.0000 0.0000
28.4889 0.0000 0.0000
28.5055 0.0000 0.0000
28.5221 0.0000 0.0000
28.5386 0.0000 0.0000
28.5552 0.0000 0.0000
28.5718 0.0000 0.0000
28.5884 0.0000 0.0000
28.6050 0.0000 0.0000
28.6216 0.0000 0.0000
28.6382 0.0000 0.0000
28.6548 0.0000 0.0000
28.6714 0.0000 0.0000
28.6880 0.0000 0.0000
28.7046 0.0000 0.0000
28.7212 0.0000 0.0000
28.7378 0.0000 0.0000
28.7543 0.0000 0.0000
28.7709 0.0000 0.0000
28.7875 0.0000 0.0000
28.8041 0.0000 0.0000
28.8207 0.0000 0.0000
28.8373 0.0000 0.0000
28.8539 0.0000 0.0000
28.8705 0.0000 0.0000
28.8871 0.0000 0.0000
28.9037 0.0000 0.0000
28.9203 0.0000 0.0000
28.9369 0.0000 0.0000
28.9535 0.0000 0.0000
28.9700 0.0000 0.0000
28.9866 0.0000 0.0000
29.0032 0.0000 0.0000
29.0198 0.0000 0.0000
29.0364 0.0000 0.0000
29.0530 0.0000 0.0000
29.0696 0.0000 0.0000
29.0862 0.0000 0.0000
29.1028 0.0000 0.0000
29.1194 0.0000 0.0000
29.1360 0.0000 0.0000
29.1526 0.0000 0.0000
29.1692 0.0000 0.0000
29.1857 0.0000 0.0000
29.2023 0.0000 0.0000
29.2189 0.0000 0.0000
29.2355 0.0000 0.0000
29.2521 0.0000 0.0000
29.2687 0.0000 0.0000
29.2853 0.0000 0.0000
29.3019 0.0000 0.0000
29.3185 0.0000 0.0000
29.3351 0.0000 0.0000
29.3517 0.0000 0.0000
29.3683 0.0000 0.0000
29.3849 0.0000 0.0000
29.4014 0.0000 0.0000
29.4180 0.0000 0.0000
29.4346 0.0000 0.0000
29.4512 0.0000 0.0000
29.4678 0.0000 0.0000
29.4844 0.0000 0.0000
29.5010 0.0000 0.0000
29.5176 0.0000 0.0000
29.5342 0.0000 0.0000
29.5508 0.0000 0.0000
29.5674 0.0000 0.0000
29.5840 0.0000 0.0000
29.6006 0.0000 0.0000
29.6171 0.0000 0.0000
29.6337 0.0000 0.0000
29.6503 0.0000 0.0000
29.6669 0.0000 0.0000
29.6835 0.0000 0.0000
29.7001 0.0000 0.0000
29.7167 0.0000 0.0000
29.7333 0.0000 0.0000
29.7499 0.0000 0.0000
29.7665 0.0000 0.0000
29.7831 0.0000 0.0000
29.7997 0.0000 0.0000
29.8163 0.0000 0.0000
29.8328 0.0000 0.0000
29.8494 0.0000 0.0000
29.8660 0.0000 0.0000
29.8826 0.0000 0.0000
29.8992 0.0000 0.0000
29.9158 0.0000 0.0000
29.9324 0.0000 0.0000
29.9490 0.0000 0.0000
29.9656 0.0000 0.0000
29.9822 0.0000 0.0000
29.9988 0.0000 0.0000
30.0154 0.0000 0.0000
30.0320 0.0000 0.0000
30.0485 0.0000 0.0000
30.0651 0.0000 0.0000
30.0817 0.0000 0.0000
30.0983 0.0000 0.0000
30.1149 0.0000 0.0000
30.1315 0.0000 0.0000
30.1481 0.0000 0.0000
30.1647 0.0000 0.0000
30.1813 0.0000 0.0000
30.1979 0.0000 0.0000
30.2145 0.0000 0.0000
30.2311 0.0000 0.0000
30.2476 0.0000 0.0000
30.2642 0.0000 0.0000
30.2808 0.0000 0.0000
30.2974 0.0000 0.0000
30.3140 0.0000 0.0000
30.3306 0.0000 0.0000
30.3472 0.0000 0.0000
30.3638 0.0000 0.0000
30.3804 0.0000 0.0000
30.3970 0.0000 0.0000
30.4136 0.0000 0.0000
30.4302 0.0000 0.0000
30.4468 0.0000 0.0000
30.4633 0.0000 0.0000
30.4799 0.0000 0.0000
30.4965 0.0000 0.0000
30.5131 0.0000 0.0000
30.5297 0.0000 0.0000
30.5463 0.0000 0.0000
30.5629 0.0000 0.0000
30.5795 0.0000 0.0000
30.5961 0.0000 0.0000
30.6127 0.0000 0.0000
30.6293 0.0000 0.0000
30.6459 0.0000 0.0000
30.6625 0.0000 0.0000
30.6790 0.0000 0.0000
30.6956 0.0000 0.0000
30.7122 0.0000 0.0000
30.7288 0.0000 0.0000
30.7454 0.0000 0.0000
30.7620 0.0000 0.0000
30.7786 0.0000 0.0000
30.7952 0.0000 0.0000
30.8118 0.0000 0.0000
30.8284 0.0000 0.0000
30.8450 0.0000 0.0000
30.8616 0.0000 0.0000
30.8782 0.0000 0.0000
30.8947 0.0000 0.0000
30.9113 0.0000 0.0000
30.9279 0.0000 0.0000
30.9445 0.0000 0.0000
30.9611 0.0000 0.0000
30.9777 0.0000 0.0000
30.9943 0.0000 0.0000
31.0109 0.0000 0.0000
31.0275 0.0000 0.0000
31.0441 0.0000 0.0000
31.0607 0.0000 0.0000
31.0773 0.0000 0.0000
31.0939 0.0000 0.0000
31.1104 0.0000 0.0000
31.1270 0.0000 0.0000
31.1436 0.0000 0.0000
31.1602 0.0000 0.0000
31.1768 0.0000 0.0000
31.1934 0.0000 0.0000
31.2100 0.0000 0.0000
31.2266 0.0000 0.0000
31.2432 0.0000 0.0000
31.2598 0.0000 0.0000
31.2764 0.0000 0.0000
31.2930 0.0000 0.0000
31.3096 0.0000 0.0000
31.3261 0.0000 0.0000
31.3427 0.0000 0.0000
31.3593 0.0000 0.0000
31.3759 0.0000 0.0000
31.3925 0.0000 0.0000
31.4091 0.0000 0.0000
31.4257 0.0000 0.0000
31.4423 0.0000 0.0000
31.4589 0.0000 0.0000
31.4755 0.0000 0.0000
31.4921 0.0000 0.0000
31.5087 0.0000 0.0000
31.5253 0.0000 0.0000
31.5418 0.0000 0.0000
31.5584 0.0000 0.0000
31.5750 0.0000 0.0000
31.5916 0.0000 0.0000
31.6082 0.0000 0.0000
31.6248 0.0000 0.0000
31.6414 0.0000 0.0000
31.6580 0.0000 0.0000
31.6746 0.0000 0.0000
31.6912 0.0000 0.0000
31.7078 0.0000 0.0000
31.7244 0.0000 0.0000
31.7410 0.0000 0.0000
31.7575 0.0000 0.0000
31.7741 0.0000 0.0000
31.7907 0.0000 0.0000
31.8073 0.0000 0.0000
31.8239 0.0000 0.0000
31.8405 0.0000 0.0000
31.8571 0.0000 0.0000
31.8737 0.0000 0.0000
31.8903 0.0000 0.0000
31.9069 0.0000 0.0000
31.9235 0.0000 0.0000
31.9401 0.0000 0.0000
31.9566 0.0000 0.0000
31.9732 0.0000 0.0000
31.9898 0.0000 0.0000
32.0064 0.0000 0.0000
32.0230 0.0000 0.0000
32.0396 0.0000 0.0000
32.0562 0.0000 0.0000
32.0728 0.0000 0.0000
32.0894 0.0000 0.0000
32.1060 0.0000 0.0000
32.1226 0.0000 0.0000
32.1392 0.0000 0.0000
32.1558 0.0000 0.0000
32.1723 0.0000 0.0000
32.1889 0.0000 0.0000
32.2055 0.0000 0.0000
32.2221 0.0000 0.0000
32.2387 0.0000 0.0000
32.2553 0.0000 0.0000
32.2719 0.0000 0.0000
32.2885 0.0000 0.0000
32.3051 0.0000 0.0000
32.3217 0.0000 0.0000
32.3383 0.0000 0.0000
32.3549 0.0000 0.0000
32.3715 0.0000 0.0000
32.3880 0.0000 0.0000
32.4046 0.0000 0.0000
32.4212 0.0000 0.0000
32.4378 0.0000 0.0000
32.4544 0.0000 0.0000
32.4710 0.0000 0.0000
32.4876 0.0000 0.0000
32.5042 0.0000 0.0000
32.5208 0.0000 0.0000
32.5374 0.0000 0.0000
32.5540 0.0000 0.0000
32.5706 0.0000 0.0000
32.5872 0.0000 0.0000
32.6037 0.0000 0.0000
32.6203 0.0000 0.0000
32.6369 0.0000 0.0000
32.6535 0.0000 0.0000
32.6701 0.0000 0.0000
32.6867 0.0000 0.0000
32.7033 0.0000 0.0000
32.7199 0.0000 0.0000
32.7365 0.0000 0.0000
32.7531 0.0000 0.0000
32.7697 0.0000 0.0000
32.7863 0.0000 0.0000
32.8029 0.0000 0.0000
32.8194 0.0000 0.0000
32.8360 0.0000 0.0000
32.8526 0.0000 0.0000
32.8692 0.0000 0.0000
32.8858 0.0000 0.0000
32.9024 0.0000 0.0000
32.9190 0.0000 0.0000
32.9356 0.0000 0.0000
32.9522 0.0000 0.0000
32.9688 0.0000 0.0000
32.9854 0.0000 0.0000
33.0020 0.0000 0.0000
33.0186 0.0000 0.0000
33.0351 0.0000 0.0000
33.0517 0.0000 0.0000
33.0683 0.0000 0.0000
33.0849 0.0000 0.0000
33.1015 0.0000 0.0000
33.1181 0.0000 0.0000
33.1347 0.0000 0.0000
33.1513 0.0000 0.0000
33.1679 0.0000 0.0000
