0.0000 0.0000 0.0000
0.0162 1.1342 1.3590
0.0323 2.2508 2.6974
0.0485 3.3330 3.9953
0.0646 4.3651 5.2342
0.0808 5.3332 6.3976
0.0969 6.2256 7.4712
0.1131 7.0332 8.4437
0.1292 7.7494 9.3067
0.1454 8.3704 10.0548
0.1615 8.8950 10.6857
0.1777 9.3245 11.1999
0.1938 9.6621 11.6003
0.2100 9.9131 11.8922
0.2261 10.0840 12.0825
0.2423 10.1823 12.1796
0.2584 10.2160 12.1927
0.2746 10.1935 12.1315
0.2908 10.1230 12.0061
0.3069 10.0126 11.8265
0.3231 9.8695 11.6020
0.3392 9.7007 11.3418
0.3554 9.5121 11.0540
0.3715 9.3090 10.7463
0.3877 9.0960 10.4253
0.4038 8.8770 10.0971
0.4200 8.6550 9.7665
0.4361 8.4326 9.4380
0.4523 8.2120 9.1151
0.4684 7.9948 8.8006
0.4846 7.7822 8.4969
0.5007 7.5752 8.2055
0.5169 7.3743 7.9277
0.5330 7.1802 7.6642
0.5492 6.9931 7.4151
0.5653 6.8131 7.1806
0.5815 6.6403 6.9601
0.5977 6.4746 6.7532
0.6138 6.3159 6.5590
0.6300 6.1640 6.3767
0.6461 6.0187 6.2052
0.6623 5.8798 6.0436
0.6784 5.7468 5.8909
0.6946 5.6196 5.7460
0.7107 5.4977 5.6082
0.7269 5.3808 5.4765
0.7430 5.2686 5.3503
0.7592 5.1608 5.2290
0.7753 5.0569 5.1122
0.7915 4.9567 4.9995
0.8076 4.8599 4.8908
0.8238 4.7662 4.7858
0.8399 4.6754 4.6845
0.8561 4.5873 4.5868
0.8723 4.5017 4.4929
0.8884 4.4186 4.4028
0.9046 4.3378 4.3165
0.9207 4.2593 4.2342
0.9369 4.1832 4.1558
0.9530 4.1095 4.0815
0.9692 4.0382 4.0112
0.9853 3.9695 3.9449
1.0015 3.9033 3.8826
1.0176 3.8400 3.8242
1.0338 3.7794 3.7696
1.0499 3.7216 3.7186
1.0661 3.6668 3.6711
1.0822 3.6148 3.6269
1.0984 3.5657 3.5857
1.1145 3.5195 3.5473
1.1307 3.4760 3.5116
1.1469 3.4352 3.4781
1.1630 3.3969 3.4466
1.1792 3.3609 3.4168
1.1953 3.3271 3.3884
1.2115 3.2952 3.3611
1.2276 3.2652 3.3346
1.2438 3.2366 3.3086
1.2599 3.2093 3.2829
1.2761 3.1832 3.2572
1.2922 3.1578 3.2312
1.3084 3.1330 3.2048
1.3245 3.1087 3.1778
1.3407 3.0845 3.1500
1.3568 3.0602 3.1214
1.3730 3.0358 3.0920
1.3891 3.0111 3.0616
1.4053 2.9860 3.0303
1.4214 2.9603 2.9981
1.4376 2.9341 2.9653
1.4538 2.9074 2.9317
1.4699 2.8801 2.8977
1.4861 2.8523 2.8633
1.5022 2.8242 2.8287
1.5184 2.7958 2.7940
1.5345 2.7672 2.7595
1.5507 2.7387 2.7252
1.5668 2.7104 2.6913
1.5830 2.6825 2.6581
1.5991 2.6550 2.6255
1.6153 2.6282 2.5936
1.6314 2.6021 2.5627
1.6476 2.5769 2.5327
1.6637 2.5527 2.5036
1.6799 2.5294 2.4756
1.6960 2.5071 2.4486
1.7122 2.4859 2.4225
1.7284 2.4656 2.3975
1.7445 2.4462 2.3733
1.7607 2.4277 2.3501
1.7768 2.4099 2.3276
1.7930 2.3929 2.3059
1.8091 2.3764 2.2848
1.8253 2.3604 2.2642
1.8414 2.3448 2.2441
1.8576 2.3295 2.2244
1.8737 2.3144 2.2049
1.8899 2.2995 2.1857
1.9060 2.2847 2.1665
1.9222 2.2699 2.1475
1.9383 2.2551 2.1285
1.9545 2.2403 2.1096
1.9706 2.2256 2.0906
1.9868 2.2108 2.0718
2.0030 2.1960 2.0530
2.0191 2.1812 2.0344
2.0353 2.1665 2.0159
2.0514 2.1518 1.9978
2.0676 2.1373 1.9800
2.0837 2.1228 1.9626
2.0999 2.1084 1.9458
2.1160 2.0942 1.9296
2.1322 2.0802 1.9141
2.1483 2.0662 1.8994
2.1645 2.0524 1.8855
2.1806 2.0387 1.8725
2.1968 2.0251 1.8603
2.2129 2.0116 1.8490
2.2291 1.9981 1.8386
2.2452 1.9846 1.8290
2.2614 1.9711 1.8202
2.2775 1.9575 1.8121
2.2937 1.9439 1.8047
2.3099 1.9301 1.7977
2.3260 1.9163 1.7912
2.3422 1.9024 1.7850
2.3583 1.8884 1.7790
2.3745 1.8743 1.7731
2.3906 1.8601 1.7671
2.4068 1.8459 1.7611
2.4229 1.8317 1.7548
2.4391 1.8176 1.7483
2.4552 1.8034 1.7414
2.4714 1.7894 1.7342
2.4875 1.7754 1.7267
2.5037 1.7616 1.7187
2.5198 1.7479 1.7105
2.5360 1.7344 1.7018
2.5521 1.7210 1.6929
2.5683 1.7078 1.6838
2.5845 1.6948 1.6744
2.6006 1.6819 1.6649
2.6168 1.6692 1.6554
2.6329 1.6567 1.6457
2.6491 1.6442 1.6361
2.6652 1.6320 1.6265
2.6814 1.6198 1.6170
2.6975 1.6078 1.6075
2.7137 1.5959 1.5981
2.7298 1.5841 1.5887
2.7460 1.5724 1.5794
2.7621 1.5607 1.5701
2.7783 1.5491 1.5609
2.7944 1.5376 1.5516
2.8106 1.5260 1.5423
2.8267 1.5144 1.5329
2.8429 1.5028 1.5234
2.8591 1.4911 1.5138
2.8752 1.4794 1.5040
2.8914 1.4675 1.4941
2.9075 1.4556 1.4840
2.9237 1.4435 1.4736
2.9398 1.4314 1.4631
2.9560 1.4192 1.4523
2.9721 1.4069 1.4413
2.9883 1.3946 1.4301
3.0044 1.3823 1.4186
3.0206 1.3699 1.4069
3.0367 1.3576 1.3950
3.0529 1.3453 1.3829
3.0690 1.3331 1.3706
3.0852 1.3209 1.3580
3.1013 1.3088 1.3453
3.1175 1.2967 1.3324
3.1337 1.2846 1.3194
3.1498 1.2726 1.3063
3.1660 1.2605 1.2930
3.1821 1.2484 1.2797
3.1983 1.2363 1.2664
3.2144 1.2241 1.2531
3.2306 1.2118 1.2398
3.2467 1.1994 1.2266
3.2629 1.1870 1.2135
3.2790 1.1745 1.2006
3.2952 1.1619 1.1878
3.3113 1.1494 1.1753
3.3275 1.1368 1.1630
3.3436 1.1243 1.1509
3.3598 1.1119 1.1391
3.3759 1.0996 1.1276
3.3921 1.0876 1.1163
3.4082 1.0758 1.1053
3.4244 1.0643 1.0946
3.4406 1.0532 1.0841
3.4567 1.0425 1.0739
3.4729 1.0322 1.0638
3.4890 1.0223 1.0540
3.5052 1.0129 1.0444
3.5213 1.0040 1.0350
3.5375 0.9955 1.0257
3.5536 0.9875 1.0166
3.5698 0.9800 1.0076
3.5859 0.9728 0.9988
3.6021 0.9660 0.9901
3.6182 0.9596 0.9815
3.6344 0.9535 0.9730
3.6505 0.9476 0.9647
3.6667 0.9420 0.9565
3.6828 0.9365 0.9484
3.6990 0.9312 0.9405
3.7152 0.9260 0.9327
3.7313 0.9209 0.9250
3.7475 0.9157 0.9175
3.7636 0.9106 0.9101
3.7798 0.9055 0.9029
3.7959 0.9004 0.8958
3.8121 0.8952 0.8889
3.8282 0.8899 0.8822
3.8444 0.8846 0.8756
3.8605 0.8791 0.8692
3.8767 0.8736 0.8629
3.8928 0.8679 0.8568
3.9090 0.8622 0.8509
3.9251 0.8563 0.8451
3.9413 0.8503 0.8394
3.9574 0.8442 0.8340
3.9736 0.8380 0.8287
3.9898 0.8317 0.8235
4.0059 0.8252 0.8186
4.0221 0.8187 0.8138
4.0382 0.8121 0.8091
4.0544 0.8055 0.8047
4.0705 0.7988 0.8004
4.0867 0.7921 0.7963
4.1028 0.7854 0.7923
4.1190 0.7787 0.7885
4.1351 0.7721 0.7848
4.1513 0.7656 0.7812
4.1674 0.7591 0.7778
4.1836 0.7527 0.7744
4.1997 0.7465 0.7711
4.2159 0.7404 0.7679
4.2320 0.7344 0.7647
4.2482 0.7286 0.7615
4.2643 0.7229 0.7583
4.2805 0.7174 0.7551
4.2967 0.7120 0.7519
4.3128 0.7068 0.7487
4.3290 0.7016 0.7455
4.3451 0.6966 0.7422
4.3613 0.6917 0.7390
4.3774 0.6869 0.7357
4.3936 0.6822 0.7324
4.4097 0.6776 0.7291
4.4259 0.6730 0.7257
4.4420 0.6684 0.7224
4.4582 0.6640 0.7190
4.4743 0.6596 0.7156
4.4905 0.6552 0.7123
4.5066 0.6509 0.7089
4.5228 0.6466 0.7054
4.5389 0.6424 0.7020
4.5551 0.6382 0.6985
4.5713 0.6341 0.6950
4.5874 0.6301 0.6915
4.6036 0.6262 0.6880
4.6197 0.6223 0.6844
4.6359 0.6185 0.6808
4.6520 0.6148 0.6772
4.6682 0.6112 0.6735
4.6843 0.6077 0.6699
4.7005 0.6043 0.6663
4.7166 0.6010 0.6627
4.7328 0.5978 0.6591
4.7489 0.5947 0.6556
4.7651 0.5918 0.6522
4.7812 0.5889 0.6488
4.7974 0.5862 0.6456
4.8135 0.5837 0.6425
4.8297 0.5812 0.6395
4.8459 0.5789 0.6367
4.8620 0.5768 0.6341
4.8782 0.5748 0.6316
4.8943 0.5729 0.6293
4.9105 0.5712 0.6271
4.9266 0.5696 0.6251
4.9428 0.5682 0.6233
4.9589 0.5669 0.6216
4.9751 0.5658 0.6200
4.9912 0.5648 0.6184
5.0074 0.5640 0.6170
5.0235 0.5632 0.6155
5.0397 0.5626 0.6140
5.0558 0.5620 0.6125
5.0720 0.5616 0.6110
5.0881 0.5612 0.6093
5.1043 0.5609 0.6076
5.1204 0.5607 0.6057
5.1366 0.5604 0.6037
5.1528 0.5602 0.6015
5.1689 0.5600 0.5992
5.1851 0.5598 0.5968
5.2012 0.5596 0.5942
5.2174 0.5594 0.5915
5.2335 0.5592 0.5888
5.2497 0.5589 0.5859
5.2658 0.5586 0.5829
5.2820 0.5582 0.5800
5.2981 0.5579 0.5770
5.3143 0.5575 0.5740
5.3304 0.5571 0.5711
5.3466 0.5566 0.5682
5.3627 0.5561 0.5653
5.3789 0.5555 0.5626
5.3950 0.5549 0.5600
5.4112 0.5542 0.5575
5.4274 0.5535 0.5551
5.4435 0.5527 0.5529
5.4597 0.5519 0.5509
5.4758 0.5509 0.5489
5.4920 0.5499 0.5472
5.5081 0.5488 0.5455
5.5243 0.5476 0.5441
5.5404 0.5462 0.5427
5.5566 0.5449 0.5415
5.5727 0.5434 0.5404
5.5889 0.5418 0.5394
5.6050 0.5402 0.5385
5.6212 0.5385 0.5376
5.6373 0.5368 0.5369
5.6535 0.5350 0.5362
5.6696 0.5333 0.5355
5.6858 0.5315 0.5349
5.7020 0.5297 0.5343
5.7181 0.5280 0.5337
5.7343 0.5263 0.5331
5.7504 0.5246 0.5325
5.7666 0.5230 0.5319
5.7827 0.5214 0.5313
5.7989 0.5199 0.5306
5.8150 0.5185 0.5298
5.8312 0.5171 0.5290
5.8473 0.5158 0.5281
5.8635 0.5145 0.5272
5.8796 0.5133 0.5261
5.8958 0.5122 0.5249
5.9119 0.5110 0.5237
5.9281 0.5099 0.5223
5.9442 0.5089 0.5208
5.9604 0.5078 0.5191
5.9765 0.5067 0.5173
5.9927 0.5057 0.5155
6.0089 0.5046 0.5134
6.0250 0.5036 0.5113
6.0412 0.5025 0.5091
6.0573 0.5014 0.5068
6.0735 0.5002 0.5044
6.0896 0.4991 0.5020
6.1058 0.4979 0.4995
6.1219 0.4967 0.4970
6.1381 0.4955 0.4944
6.1542 0.4943 0.4919
6.1704 0.4931 0.4894
6.1865 0.4919 0.4869
6.2027 0.4907 0.4845
6.2188 0.4895 0.4822
6.2350 0.4883 0.4799
6.2511 0.4871 0.4778
6.2673 0.4859 0.4757
6.2835 0.4847 0.4737
6.2996 0.4836 0.4719
6.3158 0.4824 0.4702
6.3319 0.4813 0.4686
6.3481 0.4803 0.4672
6.3642 0.4792 0.4659
6.3804 0.4782 0.4647
6.3965 0.4773 0.4637
6.4127 0.4764 0.4627
6.4288 0.4756 0.4619
6.4450 0.4748 0.4612
6.4611 0.4741 0.4606
6.4773 0.4735 0.4601
6.4934 0.4730 0.4597
6.5096 0.4725 0.4594
6.5257 0.4721 0.4592
6.5419 0.4718 0.4590
6.5581 0.4715 0.4588
6.5742 0.4713 0.4587
6.5904 0.4712 0.4587
6.6065 0.4711 0.4586
6.6227 0.4711 0.4586
6.6388 0.4711 0.4586
6.6550 0.4711 0.4585
6.6711 0.4711 0.4585
6.6873 0.4711 0.4584
6.7034 0.4711 0.4583
6.7196 0.4710 0.4581
6.7357 0.4710 0.4579
6.7519 0.4709 0.4576
6.7680 0.4707 0.4573
6.7842 0.4706 0.4569
6.8003 0.4704 0.4565
6.8165 0.4701 0.4560
6.8326 0.4699 0.4555
6.8488 0.4696 0.4549
6.8650 0.4693 0.4543
6.8811 0.4691 0.4536
6.8973 0.4688 0.4529
6.9134 0.4685 0.4522
6.9296 0.4683 0.4515
6.9457 0.4681 0.4508
6.9619 0.4679 0.4501
6.9780 0.4677 0.4495
6.9942 0.4675 0.4488
7.0103 0.4674 0.4482
7.0265 0.4673 0.4477
7.0426 0.4671 0.4472
7.0588 0.4670 0.4468
7.0749 0.4668 0.4464
7.0911 0.4667 0.4461
7.1072 0.4664 0.4458
7.1234 0.4662 0.4456
7.1396 0.4659 0.4454
7.1557 0.4655 0.4453
7.1719 0.4650 0.4452
7.1880 0.4645 0.4452
7.2042 0.4639 0.4451
7.2203 0.4632 0.4451
7.2365 0.4624 0.4451
7.2526 0.4616 0.4451
7.2688 0.4607 0.4450
7.2849 0.4598 0.4450
7.3011 0.4588 0.4448
7.3172 0.4578 0.4447
7.3334 0.4568 0.4445
7.3495 0.4557 0.4442
7.3657 0.4547 0.4439
7.3818 0.4536 0.4435
7.3980 0.4526 0.4431
7.4142 0.4516 0.4426
7.4303 0.4506 0.4420
7.4465 0.4497 0.4414
7.4626 0.4488 0.4407
7.4788 0.4479 0.4400
7.4949 0.4471 0.4393
7.5111 0.4464 0.4385
7.5272 0.4457 0.4377
7.5434 0.4450 0.4370
7.5595 0.4444 0.4362
7.5757 0.4438 0.4354
7.5918 0.4433 0.4347
7.6080 0.4428 0.4339
7.6241 0.4424 0.4332
7.6403 0.4419 0.4325
7.6564 0.4415 0.4319
7.6726 0.4410 0.4313
7.6887 0.4406 0.4307
7.7049 0.4401 0.4301
7.7211 0.4396 0.4295
7.7372 0.4391 0.4290
7.7534 0.4385 0.4284
7.7695 0.4379 0.4278
7.7857 0.4373 0.4273
7.8018 0.4366 0.4267
7.8180 0.4359 0.4261
7.8341 0.4352 0.4254
7.8503 0.4345 0.4247
7.8664 0.4337 0.4240
7.8826 0.4329 0.4233
7.8987 0.4322 0.4225
7.9149 0.4314 0.4217
7.9310 0.4306 0.4208
7.9472 0.4298 0.4200
7.9633 0.4290 0.4191
7.9795 0.4283 0.4182
7.9957 0.4275 0.4173
8.0118 0.4267 0.4163
8.0280 0.4258 0.4154
8.0441 0.4250 0.4144
8.0603 0.4241 0.4135
8.0764 0.4232 0.4126
8.0926 0.4222 0.4117
8.1087 0.4212 0.4108
8.1249 0.4200 0.4099
8.1410 0.4189 0.4090
8.1572 0.4176 0.4082
8.1733 0.4163 0.4074
8.1895 0.4148 0.4066
8.2056 0.4133 0.4059
8.2218 0.4118 0.4052
8.2379 0.4102 0.4045
8.2541 0.4085 0.4038
8.2703 0.4068 0.4032
8.2864 0.4050 0.4027
8.3026 0.4033 0.4021
8.3187 0.4015 0.4017
8.3349 0.3997 0.4012
8.3510 0.3980 0.4008
8.3672 0.3963 0.4005
8.3833 0.3946 0.4002
8.3995 0.3930 0.4000
8.4156 0.3914 0.3998
8.4318 0.3899 0.3997
8.4479 0.3884 0.3996
8.4641 0.3871 0.3995
8.4802 0.3858 0.3995
8.4964 0.3846 0.3996
8.5125 0.3834 0.3996
8.5287 0.3824 0.3997
8.5448 0.3814 0.3998
8.5610 0.3804 0.3999
8.5772 0.3796 0.4000
8.5933 0.3788 0.4000
8.6095 0.3781 0.4001
8.6256 0.3774 0.4001
8.6418 0.3768 0.4001
8.6579 0.3762 0.4000
8.6741 0.3757 0.3999
8.6902 0.3752 0.3997
8.7064 0.3748 0.3994
8.7225 0.3743 0.3991
8.7387 0.3739 0.3987
8.7548 0.3735 0.3982
8.7710 0.3731 0.3976
8.7871 0.3727 0.3969
8.8033 0.3723 0.3962
8.8194 0.3719 0.3954
8.8356 0.3715 0.3945
8.8518 0.3710 0.3936
8.8679 0.3705 0.3926
8.8841 0.3700 0.3915
8.9002 0.3694 0.3904
8.9164 0.3688 0.3893
8.9325 0.3682 0.3881
8.9487 0.3675 0.3868
8.9648 0.3668 0.3856
8.9810 0.3661 0.3843
8.9971 0.3653 0.3830
9.0133 0.3645 0.3817
9.0294 0.3637 0.3804
9.0456 0.3629 0.3792
9.0617 0.3620 0.3779
9.0779 0.3611 0.3767
9.0940 0.3602 0.3754
9.1102 0.3593 0.3743
9.1264 0.3584 0.3731
9.1425 0.3575 0.3720
9.1587 0.3566 0.3709
9.1748 0.3556 0.3699
9.1910 0.3547 0.3689
9.2071 0.3538 0.3679
9.2233 0.3529 0.3670
9.2394 0.3521 0.3662
9.2556 0.3512 0.3653
9.2717 0.3504 0.3646
9.2879 0.3495 0.3638
9.3040 0.3488 0.3631
9.3202 0.3480 0.3625
9.3363 0.3473 0.3619
9.3525 0.3466 0.3613
9.3686 0.3460 0.3608
9.3848 0.3454 0.3603
9.4010 0.3449 0.3599
9.4171 0.3445 0.3595
9.4333 0.3440 0.3592
9.4494 0.3437 0.3589
9.4656 0.3434 0.3587
9.4817 0.3431 0.3585
9.4979 0.3428 0.3583
9.5140 0.3426 0.3582
9.5302 0.3424 0.3582
9.5463 0.3422 0.3582
9.5625 0.3420 0.3582
9.5786 0.3418 0.3583
9.5948 0.3416 0.3584
9.6109 0.3414 0.3585
9.6271 0.3412 0.3587
9.6432 0.3409 0.3588
9.6594 0.3406 0.3591
9.6755 0.3403 0.3593
9.6917 0.3400 0.3595
9.7079 0.3397 0.3598
9.7240 0.3393 0.3601
9.7402 0.3389 0.3604
9.7563 0.3386 0.3607
9.7725 0.3382 0.3610
9.7886 0.3378 0.3613
9.8048 0.3375 0.3616
9.8209 0.3371 0.3619
9.8371 0.3368 0.3622
9.8532 0.3365 0.3625
9.8694 0.3362 0.3628
9.8855 0.3360 0.3631
9.9017 0.3358 0.3633
9.9178 0.3357 0.3635
9.9340 0.3355 0.3637
9.9501 0.3355 0.3639
9.9663 0.3354 0.3640
9.9825 0.3354 0.3642
9.9986 0.3354 0.3643
10.0148 0.3354 0.3644
10.0309 0.3355 0.3645
10.0471 0.3356 0.3646
10.0632 0.3357 0.3647
10.0794 0.3358 0.3649
10.0955 0.3359 0.3650
10.1117 0.3361 0.3651
10.1278 0.3363 0.3653
10.1440 0.3365 0.3655
10.1601 0.3367 0.3656
10.1763 0.3370 0.3658
10.1924 0.3373 0.3660
10.2086 0.3376 0.3662
10.2247 0.3379 0.3664
10.2409 0.3382 0.3665
10.2571 0.3386 0.3667
10.2732 0.3390 0.3668
10.2894 0.3394 0.3669
10.3055 0.3398 0.3670
10.3217 0.3403 0.3671
10.3378 0.3408 0.3671
10.3540 0.3413 0.3671
10.3701 0.3418 0.3671
10.3863 0.3423 0.3671
10.4024 0.3428 0.3670
10.4186 0.3434 0.3670
10.4347 0.3440 0.3669
10.4509 0.3445 0.3668
10.4670 0.3451 0.3667
10.4832 0.3458 0.3666
10.4993 0.3464 0.3664
10.5155 0.3470 0.3663
10.5316 0.3477 0.3661
10.5478 0.3483 0.3659
10.5640 0.3489 0.3657
10.5801 0.3496 0.3654
10.5963 0.3502 0.3651
10.6124 0.3508 0.3648
10.6286 0.3514 0.3644
10.6447 0.3519 0.3639
10.6609 0.3524 0.3634
10.6770 0.3529 0.3628
10.6932 0.3533 0.3622
10.7093 0.3537 0.3615
10.7255 0.3540 0.3608
10.7416 0.3543 0.3600
10.7578 0.3545 0.3592
10.7739 0.3547 0.3584
10.7901 0.3548 0.3575
10.8062 0.3549 0.3566
10.8224 0.3549 0.3556
10.8386 0.3549 0.3547
10.8547 0.3549 0.3537
10.8709 0.3548 0.3527
10.8870 0.3548 0.3518
10.9032 0.3547 0.3508
10.9193 0.3546 0.3499
10.9355 0.3544 0.3489
10.9516 0.3543 0.3480
10.9678 0.3542 0.3471
10.9839 0.3541 0.3462
11.0001 0.3540 0.3453
11.0162 0.3539 0.3444
11.0324 0.3538 0.3436
11.0485 0.3537 0.3428
11.0647 0.3536 0.3420
11.0808 0.3535 0.3412
11.0970 0.3535 0.3405
11.1132 0.3534 0.3397
11.1293 0.3534 0.3390
11.1455 0.3534 0.3383
11.1616 0.3534 0.3376
11.1778 0.3535 0.3370
11.1939 0.3535 0.3364
11.2101 0.3536 0.3358
11.2262 0.3537 0.3352
11.2424 0.3539 0.3346
11.2585 0.3540 0.3341
11.2747 0.3541 0.3335
11.2908 0.3543 0.3330
11.3070 0.3545 0.3324
11.3231 0.3546 0.3319
11.3393 0.3547 0.3313
11.3554 0.3548 0.3308
11.3716 0.3549 0.3302
11.3877 0.3550 0.3296
11.4039 0.3550 0.3289
11.4201 0.3550 0.3282
11.4362 0.3549 0.3275
11.4524 0.3548 0.3267
11.4685 0.3546 0.3258
11.4847 0.3544 0.3249
11.5008 0.3541 0.3239
11.5170 0.3538 0.3229
11.5331 0.3535 0.3218
11.5493 0.3531 0.3206
11.5654 0.3526 0.3194
11.5816 0.3522 0.3181
11.5977 0.3517 0.3168
11.6139 0.3511 0.3154
11.6300 0.3506 0.3140
11.6462 0.3500 0.3125
11.6623 0.3495 0.3110
11.6785 0.3489 0.3094
11.6947 0.3483 0.3078
11.7108 0.3476 0.3062
11.7270 0.3470 0.3046
11.7431 0.3464 0.3030
11.7593 0.3457 0.3013
11.7754 0.3450 0.2996
11.7916 0.3443 0.2980
11.8077 0.3436 0.2963
11.8239 0.3428 0.2947
11.8400 0.3421 0.2930
11.8562 0.3413 0.2914
11.8723 0.3405 0.2898
11.8885 0.3397 0.2882
11.9046 0.3389 0.2866
11.9208 0.3381 0.2850
11.9369 0.3372 0.2834
11.9531 0.3364 0.2818
11.9693 0.3355 0.2803
11.9854 0.3346 0.2788
12.0016 0.3337 0.2772
12.0177 0.3328 0.2757
12.0339 0.3319 0.2742
12.0500 0.3309 0.2727
12.0662 0.3300 0.2712
12.0823 0.3290 0.2697
12.0985 0.3281 0.2682
12.1146 0.3271 0.2667
12.1308 0.3261 0.2652
12.1469 0.3251 0.2638
12.1631 0.3240 0.2623
12.1792 0.3230 0.2608
12.1954 0.3219 0.2592
12.2115 0.3208 0.2577
12.2277 0.3197 0.2562
12.2438 0.3185 0.2547
12.2600 0.3173 0.2532
12.2762 0.3161 0.2516
12.2923 0.3148 0.2501
12.3085 0.3135 0.2486
12.3246 0.3122 0.2470
12.3408 0.3107 0.2455
12.3569 0.3093 0.2440
12.3731 0.3078 0.2426
12.3892 0.3062 0.2411
12.4054 0.3046 0.2397
12.4215 0.3029 0.2383
12.4377 0.3012 0.2369
12.4538 0.2994 0.2356
12.4700 0.2976 0.2343
12.4861 0.2957 0.2330
12.5023 0.2938 0.2317
12.5184 0.2918 0.2305
12.5346 0.2897 0.2293
12.5508 0.2876 0.2282
12.5669 0.2854 0.2270
12.5831 0.2832 0.2259
12.5992 0.2809 0.2247
12.6154 0.2786 0.2236
12.6315 0.2763 0.2225
12.6477 0.2739 0.2214
12.6638 0.2715 0.2203
12.6800 0.2690 0.2191
12.6961 0.2666 0.2180
12.7123 0.2641 0.2168
12.7284 0.2617 0.2156
12.7446 0.2593 0.2145
12.7607 0.2568 0.2132
12.7769 0.2545 0.2120
12.7930 0.2521 0.2108
12.8092 0.2498 0.2095
12.8254 0.2475 0.2083
12.8415 0.2453 0.2070
12.8577 0.2432 0.2058
12.8738 0.2411 0.2045
12.8900 0.2391 0.2032
12.9061 0.2372 0.2020
12.9223 0.2353 0.2007
12.9384 0.2334 0.1995
12.9546 0.2317 0.1983
12.9707 0.2299 0.1970
12.9869 0.2283 0.1958
13.0030 0.2266 0.1947
13.0192 0.2251 0.1935
13.0353 0.2235 0.1923
13.0515 0.2220 0.1912
13.0676 0.2204 0.1901
13.0838 0.2189 0.1890
13.0999 0.2174 0.1879
13.1161 0.2159 0.1868
13.1323 0.2144 0.1857
13.1484 0.2129 0.1846
13.1646 0.2114 0.1835
13.1807 0.2098 0.1823
13.1969 0.2082 0.1812
13.2130 0.2066 0.1801
13.2292 0.2050 0.1789
13.2453 0.2034 0.1777
13.2615 0.2018 0.1765
13.2776 0.2001 0.1752
13.2938 0.1984 0.1740
13.3099 0.1967 0.1726
13.3261 0.1950 0.1713
13.3422 0.1932 0.1699
13.3584 0.1915 0.1685
13.3745 0.1897 0.1670
13.3907 0.1879 0.1656
13.4069 0.1861 0.1640
13.4230 0.1843 0.1625
13.4392 0.1825 0.1609
13.4553 0.1807 0.1594
13.4715 0.1788 0.1578
13.4876 0.1770 0.1562
13.5038 0.1751 0.1546
13.5199 0.1732 0.1529
13.5361 0.1714 0.1513
13.5522 0.1695 0.1497
13.5684 0.1676 0.1481
13.5845 0.1658 0.1465
13.6007 0.1639 0.1449
13.6168 0.1620 0.1434
13.6330 0.1601 0.1418
13.6491 0.1583 0.1403
13.6653 0.1564 0.1388
13.6815 0.1545 0.1373
13.6976 0.1527 0.1359
13.7138 0.1509 0.1344
13.7299 0.1490 0.1330
13.7461 0.1472 0.1316
13.7622 0.1454 0.1303
13.7784 0.1436 0.1289
13.7945 0.1419 0.1276
13.8107 0.1401 0.1263
13.8268 0.1383 0.1250
13.8430 0.1366 0.1237
13.8591 0.1348 0.1224
13.8753 0.1331 0.1212
13.8914 0.1314 0.1199
13.9076 0.1297 0.1186
13.9237 0.1280 0.1174
13.9399 0.1263 0.1161
13.9560 0.1246 0.1148
13.9722 0.1230 0.1135
13.9884 0.1214 0.1122
14.0045 0.1197 0.1109
14.0207 0.1182 0.1096
14.0368 0.1166 0.1084
14.0530 0.1150 0.1071
14.0691 0.1135 0.1058
14.0853 0.1120 0.1045
14.1014 0.1106 0.1032
14.1176 0.1091 0.1019
14.1337 0.1077 0.1007
14.1499 0.1063 0.0994
14.1660 0.1050 0.0982
14.1822 0.1037 0.0970
14.1983 0.1024 0.0958
14.2145 0.1011 0.0947
14.2306 0.0998 0.0935
14.2468 0.0986 0.0924
14.2630 0.0974 0.0914
14.2791 0.0962 0.0903
14.2953 0.0951 0.0893
14.3114 0.0939 0.0883
14.3276 0.0928 0.0873
14.3437 0.0917 0.0863
14.3599 0.0906 0.0854
14.3760 0.0895 0.0845
14.3922 0.0884 0.0836
14.4083 0.0873 0.0827
14.4245 0.0862 0.0818
14.4406 0.0851 0.0809
14.4568 0.0840 0.0800
14.4729 0.0830 0.0791
14.4891 0.0819 0.0782
14.5052 0.0808 0.0774
14.5214 0.0797 0.0765
14.5376 0.0787 0.0756
14.5537 0.0776 0.0747
14.5699 0.0766 0.0739
14.5860 0.0755 0.0730
14.6022 0.0745 0.0721
14.6183 0.0734 0.0713
14.6345 0.0724 0.0704
14.6506 0.0714 0.0696
14.6668 0.0704 0.0687
14.6829 0.0694 0.0679
14.6991 0.0685 0.0671
14.7152 0.0675 0.0662
14.7314 0.0666 0.0654
14.7475 0.0657 0.0646
14.7637 0.0648 0.0639
14.7798 0.0639 0.0631
14.7960 0.0631 0.0623
14.8122 0.0623 0.0616
14.8283 0.0615 0.0608
14.8445 0.0607 0.0601
14.8606 0.0599 0.0594
14.8768 0.0591 0.0587
14.8929 0.0583 0.0580
14.9091 0.0576 0.0573
14.9252 0.0569 0.0566
14.9414 0.0561 0.0560
14.9575 0.0554 0.0553
14.9737 0.0547 0.0547
14.9898 0.0540 0.0540
15.0060 0.0533 0.0534
15.0221 0.0526 0.0528
15.0383 0.0520 0.0521
15.0544 0.0513 0.0515
15.0706 0.0507 0.0509
15.0867 0.0500 0.0503
15.1029 0.0494 0.0497
15.1191 0.0487 0.0491
15.1352 0.0481 0.0486
15.1514 0.0475 0.0480
15.1675 0.0469 0.0474
15.1837 0.0463 0.0469
15.1998 0.0457 0.0463
15.2160 0.0452 0.0458
15.2321 0.0446 0.0453
15.2483 0.0441 0.0447
15.2644 0.0435 0.0442
15.2806 0.0430 0.0437
15.2967 0.0425 0.0433
15.3129 0.0420 0.0428
15.3290 0.0415 0.0423
15.3452 0.0411 0.0419
15.3613 0.0406 0.0414
15.3775 0.0402 0.0410
15.3937 0.0397 0.0405
15.4098 0.0393 0.0401
15.4260 0.0388 0.0397
15.4421 0.0384 0.0393
15.4583 0.0380 0.0389
15.4744 0.0376 0.0385
15.4906 0.0372 0.0381
15.5067 0.0368 0.0377
15.5229 0.0364 0.0373
15.5390 0.0360 0.0369
15.5552 0.0356 0.0365
15.5713 0.0352 0.0361
15.5875 0.0349 0.0357
15.6036 0.0345 0.0353
15.6198 0.0341 0.0349
15.6359 0.0337 0.0345
15.6521 0.0333 0.0341
15.6683 0.0330 0.0337
15.6844 0.0326 0.0333
15.7006 0.0323 0.0329
15.7167 0.0319 0.0325
15.7329 0.0315 0.0321
15.7490 0.0312 0.0317
15.7652 0.0309 0.0314
15.7813 0.0305 0.0310
15.7975 0.0302 0.0306
15.8136 0.0299 0.0302
15.8298 0.0296 0.0299
15.8459 0.0293 0.0295
15.8621 0.0290 0.0292
15.8782 0.0287 0.0288
15.8944 0.0284 0.0285
15.9105 0.0282 0.0282
15.9267 0.0279 0.0279
15.9428 0.0277 0.0276
15.9590 0.0274 0.0273
15.9752 0.0272 0.0270
15.9913 0.0269 0.0267
16.0075 0.0267 0.0264
16.0236 0.0264 0.0262
16.0398 0.0262 0.0259
16.0559 0.0259 0.0256
16.0721 0.0257 0.0254
16.0882 0.0255 0.0252
16.1044 0.0252 0.0249
16.1205 0.0250 0.0247
16.1367 0.0247 0.0245
16.1528 0.0245 0.0243
16.1690 0.0242 0.0241
16.1851 0.0240 0.0238
16.2013 0.0237 0.0236
16.2174 0.0235 0.0234
16.2336 0.0232 0.0232
16.2498 0.0230 0.0230
16.2659 0.0227 0.0228
16.2821 0.0225 0.0226
16.2982 0.0222 0.0224
16.3144 0.0220 0.0222
16.3305 0.0217 0.0220
16.3467 0.0215 0.0218
16.3628 0.0213 0.0215
16.3790 0.0210 0.0213
16.3951 0.0208 0.0211
16.4113 0.0206 0.0209
16.4274 0.0204 0.0207
16.4436 0.0202 0.0205
16.4597 0.0200 0.0203
16.4759 0.0198 0.0200
16.4920 0.0196 0.0198
16.5082 0.0194 0.0196
16.5244 0.0192 0.0194
16.5405 0.0190 0.0192
16.5567 0.0188 0.0190
16.5728 0.0186 0.0188
16.5890 0.0184 0.0186
16.6051 0.0182 0.0184
16.6213 0.0181 0.0182
16.6374 0.0179 0.0180
16.6536 0.0177 0.0178
16.6697 0.0175 0.0176
16.6859 0.0174 0.0174
16.7020 0.0172 0.0172
16.7182 0.0170 0.0171
16.7343 0.0169 0.0169
16.7505 0.0167 0.0167
16.7666 0.0166 0.0165
16.7828 0.0164 0.0164
16.7989 0.0163 0.0162
16.8151 0.0161 0.0160
16.8313 0.0160 0.0159
16.8474 0.0159 0.0157
16.8636 0.0157 0.0156
16.8797 0.0156 0.0154
16.8959 0.0155 0.0153
16.9120 0.0154 0.0151
16.9282 0.0152 0.0150
16.9443 0.0151 0.0148
16.9605 0.0150 0.0147
16.9766 0.0149 0.0145
16.9928 0.0148 0.0144
17.0089 0.0147 0.0143
17.0251 0.0146 0.0141
17.0412 0.0145 0.0140
17.0574 0.0144 0.0139
17.0735 0.0143 0.0138
17.0897 0.0142 0.0136
17.1059 0.0141 0.0135
17.1220 0.0140 0.0134
17.1382 0.0139 0.0133
17.1543 0.0138 0.0132
17.1705 0.0137 0.0131
17.1866 0.0136 0.0130
17.2028 0.0135 0.0129
17.2189 0.0134 0.0128
17.2351 0.0133 0.0127
17.2512 0.0132 0.0126
17.2674 0.0131 0.0125
17.2835 0.0130 0.0124
17.2997 0.0129 0.0123
17.3158 0.0128 0.0122
17.3320 0.0127 0.0122
17.3481 0.0126 0.0121
17.3643 0.0126 0.0120
17.3805 0.0125 0.0119
17.3966 0.0124 0.0118
17.4128 0.0123 0.0117
17.4289 0.0122 0.0117
17.4451 0.0121 0.0116
17.4612 0.0120 0.0115
17.4774 0.0119 0.0114
17.4935 0.0118 0.0113
17.5097 0.0117 0.0112
17.5258 0.0116 0.0112
17.5420 0.0115 0.0111
17.5581 0.0114 0.0110
17.5743 0.0113 0.0109
17.5904 0.0112 0.0108
17.6066 0.0111 0.0107
17.6227 0.0111 0.0107
17.6389 0.0110 0.0106
17.6550 0.0109 0.0105
17.6712 0.0108 0.0104
17.6874 0.0107 0.0103
17.7035 0.0106 0.0102
17.7197 0.0105 0.0102
17.7358 0.0104 0.0101
17.7520 0.0103 0.0100
17.7681 0.0102 0.0099
17.7843 0.0101 0.0098
17.8004 0.0100 0.0097
17.8166 0.0100 0.0097
17.8327 0.0099 0.0096
17.8489 0.0098 0.0095
17.8650 0.0097 0.0094
17.8812 0.0096 0.0093
17.8973 0.0095 0.0092
17.9135 0.0094 0.0092
17.9296 0.0094 0.0091
17.9458 0.0093 0.0090
17.9620 0.0092 0.0089
17.9781 0.0091 0.0089
17.9943 0.0091 0.0088
18.0104 0.0090 0.0087
18.0266 0.0089 0.0086
18.0427 0.0089 0.0086
18.0589 0.0088 0.0085
18.0750 0.0087 0.0084
18.0912 0.0087 0.0084
18.1073 0.0086 0.0083
18.1235 0.0086 0.0082
18.1396 0.0085 0.0082
18.1558 0.0085 0.0081
18.1719 0.0084 0.0080
18.1881 0.0083 0.0080
18.2042 0.0083 0.0079
18.2204 0.0082 0.0078
18.2366 0.0082 0.0078
18.2527 0.0081 0.0077
18.2689 0.0080 0.0076
18.2850 0.0080 0.0076
18.3012 0.0079 0.0075
18.3173 0.0079 0.0075
18.3335 0.0078 0.0074
18.3496 0.0078 0.0073
18.3658 0.0077 0.0073
18.3819 0.0076 0.0072
18.3981 0.0076 0.0071
18.4142 0.0075 0.0071
18.4304 0.0075 0.0070
18.4465 0.0074 0.0070
18.4627 0.0073 0.0069
18.4788 0.0073 0.0069
18.4950 0.0072 0.0068
18.5111 0.0072 0.0067
18.5273 0.0071 0.0067
18.5435 0.0071 0.0066
18.5596 0.0070 0.0066
18.5758 0.0070 0.0065
18.5919 0.0069 0.0065
18.6081 0.0069 0.0064
18.6242 0.0068 0.0063
18.6404 0.0068 0.0063
18.6565 0.0067 0.0062
18.6727 0.0067 0.0062
18.6888 0.0066 0.0061
18.7050 0.0066 0.0061
18.7211 0.0065 0.0060
18.7373 0.0065 0.0060
18.7534 0.0064 0.0059
18.7696 0.0064 0.0059
18.7857 0.0064 0.0058
18.8019 0.0063 0.0057
18.8181 0.0063 0.0057
18.8342 0.0062 0.0056
18.8504 0.0062 0.0056
18.8665 0.0061 0.0056
18.8827 0.0061 0.0055
18.8988 0.0060 0.0055
18.9150 0.0059 0.0054
18.9311 0.0059 0.0054
18.9473 0.0058 0.0053
18.9634 0.0058 0.0053
18.9796 0.0057 0.0052
18.9957 0.0057 0.0052
19.0119 0.0056 0.0051
19.0280 0.0056 0.0051
19.0442 0.0055 0.0051
19.0603 0.0055 0.0050
19.0765 0.0054 0.0050
19.0927 0.0053 0.0049
19.1088 0.0053 0.0049
19.1250 0.0052 0.0049
19.1411 0.0052 0.0048
19.1573 0.0051 0.0048
19.1734 0.0051 0.0048
19.1896 0.0050 0.0047
19.2057 0.0050 0.0047
19.2219 0.0050 0.0047
19.2380 0.0049 0.0046
19.2542 0.0049 0.0046
19.2703 0.0048 0.0045
19.2865 0.0048 0.0045
19.3026 0.0047 0.0045
19.3188 0.0047 0.0044
19.3349 0.0047 0.0044
19.3511 0.0046 0.0044
19.3672 0.0046 0.0044
19.3834 0.0045 0.0043
19.3996 0.0045 0.0043
19.4157 0.0045 0.0043
19.4319 0.0044 0.0042
19.4480 0.0044 0.0042
19.4642 0.0044 0.0042
19.4803 0.0043 0.0041
19.4965 0.0043 0.0041
19.5126 0.0042 0.0041
19.5288 0.0042 0.0041
19.5449 0.0042 0.0040
19.5611 0.0041 0.0040
19.5772 0.0041 0.0040
19.5934 0.0041 0.0040
19.6095 0.0040 0.0040
19.6257 0.0040 0.0039
19.6418 0.0040 0.0039
19.6580 0.0040 0.0039
19.6742 0.0039 0.0039
19.6903 0.0039 0.0039
19.7065 0.0039 0.0038
19.7226 0.0038 0.0038
19.7388 0.0038 0.0038
19.7549 0.0038 0.0038
19.7711 0.0038 0.0038
19.7872 0.0037 0.0037
19.8034 0.0037 0.0037
19.8195 0.0037 0.0037
19.8357 0.0037 0.0037
19.8518 0.0037 0.0037
19.8680 0.0036 0.0036
19.8841 0.0036 0.0036
19.9003 0.0036 0.0036
19.9164 0.0036 0.0036
19.9326 0.0035 0.0036
19.9488 0.0035 0.0035
19.9649 0.0035 0.0035
19.9811 0.0035 0.0035
19.9972 0.0035 0.0035
20.0134 0.0034 0.0035
20.0295 0.0034 0.0034
20.0457 0.0034 0.0034
20.0618 0.0034 0.0034
20.0780 0.0034 0.0034
20.0941 0.0033 0.0033
20.1103 0.0033 0.0033
20.1264 0.0033 0.0033
20.1426 0.0033 0.0033
20.1587 0.0033 0.0032
20.1749 0.0032 0.0032
20.1910 0.0032 0.0032
20.2072 0.0032 0.0032
20.2233 0.0032 0.0031
20.2395 0.0032 0.0031
20.2557 0.0031 0.0031
20.2718 0.0031 0.0031
20.2880 0.0031 0.0031
20.3041 0.0031 0.0030
20.3203 0.0031 0.0030
20.3364 0.0030 0.0030
20.3526 0.0030 0.0030
20.3687 0.0030 0.0030
20.3849 0.0030 0.0029
20.4010 0.0030 0.0029
20.4172 0.0030 0.0029
20.4333 0.0029 0.0029
20.4495 0.0029 0.0029
20.4656 0.0029 0.0029
20.4818 0.0029 0.0028
20.4979 0.0029 0.0028
20.5141 0.0029 0.0028
20.5303 0.0028 0.0028
20.5464 0.0028 0.0028
20.5626 0.0028 0.0028
20.5787 0.0028 0.0028
20.5949 0.0028 0.0028
20.6110 0.0028 0.0027
20.6272 0.0027 0.0027
20.6433 0.0027 0.0027
20.6595 0.0027 0.0027
20.6756 0.0027 0.0027
20.6918 0.0027 0.0027
20.7079 0.0027 0.0027
20.7241 0.0026 0.0027
20.7402 0.0026 0.0026
20.7564 0.0026 0.0026
20.7725 0.0026 0.0026
20.7887 0.0026 0.0026
20.8049 0.0026 0.0026
20.8210 0.0026 0.0026
20.8372 0.0025 0.0026
20.8533 0.0025 0.0025
20.8695 0.0025 0.0025
20.8856 0.0025 0.0025
20.9018 0.0025 0.0025
20.9179 0.0025 0.0025
20.9341 0.0025 0.0025
20.9502 0.0025 0.0025
20.9664 0.0025 0.0024
20.9825 0.0024 0.0024
20.9987 0.0024 0.0024
21.0148 0.0024 0.0024
21.0310 0.0024 0.0024
21.0471 0.0024 0.0024
21.0633 0.0024 0.0024
21.0795 0.0024 0.0023
21.0956 0.0024 0.0023
21.1118 0.0023 0.0023
21.1279 0.0023 0.0023
21.1441 0.0023 0.0023
21.1602 0.0023 0.0023
21.1764 0.0023 0.0023
21.1925 0.0023 0.0023
21.2087 0.0023 0.0023
21.2248 0.0023 0.0022
21.2410 0.0023 0.0022
21.2571 0.0022 0.0022
21.2733 0.0022 0.0022
21.2894 0.0022 0.0022
21.3056 0.0022 0.0022
21.3217 0.0022 0.0022
21.3379 0.0022 0.0022
21.3540 0.0022 0.0022
21.3702 0.0021 0.0022
21.3864 0.0021 0.0021
21.4025 0.0021 0.0021
21.4187 0.0021 0.0021
21.4348 0.0021 0.0021
21.4510 0.0021 0.0021
21.4671 0.0021 0.0021
21.4833 0.0021 0.0021
21.4994 0.0020 0.0021
21.5156 0.0020 0.0021
21.5317 0.0020 0.0021
21.5479 0.0020 0.0021
21.5640 0.0020 0.0021
21.5802 0.0020 0.0020
21.5963 0.0020 0.0020
21.6125 0.0020 0.0020
21.6286 0.0020 0.0020
21.6448 0.0019 0.0020
21.6610 0.0019 0.0020
21.6771 0.0019 0.0020
21.6933 0.0019 0.0020
21.7094 0.0019 0.0020
21.7256 0.0019 0.0020
21.7417 0.0019 0.0020
21.7579 0.0019 0.0019
21.7740 0.0019 0.0019
21.7902 0.0019 0.0019
21.8063 0.0019 0.0019
21.8225 0.0019 0.0019
21.8386 0.0019 0.0019
21.8548 0.0018 0.0019
21.8709 0.0018 0.0019
21.8871 0.0018 0.0019
21.9032 0.0018 0.0019
21.9194 0.0018 0.0019
21.9356 0.0018 0.0019
21.9517 0.0018 0.0018
21.9679 0.0018 0.0018
21.9840 0.0018 0.0018
22.0002 0.0018 0.0018
22.0163 0.0018 0.0018
22.0325 0.0018 0.0018
22.0486 0.0018 0.0018
22.0648 0.0018 0.0018
22.0809 0.0018 0.0018
22.0971 0.0017 0.0018
22.1132 0.0017 0.0018
22.1294 0.0017 0.0017
22.1455 0.0017 0.0017
22.1617 0.0017 0.0017
22.1778 0.0017 0.0017
22.1940 0.0017 0.0017
22.2101 0.0017 0.0017
22.2263 0.0017 0.0017
22.2425 0.0017 0.0017
22.2586 0.0017 0.0017
22.2748 0.0017 0.0017
22.2909 0.0017 0.0017
22.3071 0.0017 0.0017
22.3232 0.0016 0.0016
22.3394 0.0016 0.0016
22.3555 0.0016 0.0016
22.3717 0.0016 0.0016
22.3878 0.0016 0.0016
22.4040 0.0016 0.0016
22.4201 0.0016 0.0016
22.4363 0.0016 0.0016
22.4524 0.0016 0.0016
22.4686 0.0016 0.0016
22.4847 0.0016 0.0016
22.5009 0.0016 0.0016
22.5171 0.0016 0.0016
22.5332 0.0016 0.0016
22.5494 0.0016 0.0016
22.5655 0.0016 0.0016
22.5817 0.0015 0.0016
22.5978 0.0015 0.0015
22.6140 0.0015 0.0015
22.6301 0.0015 0.0015
22.6463 0.0015 0.0015
22.6624 0.0015 0.0015
22.6786 0.0015 0.0015
22.6947 0.0015 0.0015
22.7109 0.0015 0.0015
22.7270 0.0015 0.0015
22.7432 0.0015 0.0015
22.7593 0.0015 0.0015
22.7755 0.0015 0.0015
22.7917 0.0015 0.0015
22.8078 0.0015 0.0015
22.8240 0.0015 0.0015
22.8401 0.0015 0.0015
22.8563 0.0015 0.0015
22.8724 0.0015 0.0015
22.8886 0.0015 0.0015
22.9047 0.0015 0.0015
22.9209 0.0015 0.0015
22.9370 0.0015 0.0015
22.9532 0.0015 0.0014
22.9693 0.0015 0.0014
22.9855 0.0015 0.0014
23.0016 0.0015 0.0014
23.0178 0.0015 0.0014
23.0339 0.0014 0.0014
23.0501 0.0014 0.0014
23.0662 0.0014 0.0014
23.0824 0.0014 0.0014
23.0986 0.0014 0.0014
23.1147 0.0014 0.0014
23.1309 0.0014 0.0014
23.1470 0.0014 0.0014
23.1632 0.0014 0.0014
23.1793 0.0014 0.0014
23.1955 0.0014 0.0014
23.2116 0.0014 0.0014
23.2278 0.0014 0.0014
23.2439 0.0014 0.0014
23.2601 0.0014 0.0014
23.2762 0.0014 0.0014
23.2924 0.0014 0.0014
23.3085 0.0014 0.0014
23.3247 0.0014 0.0014
23.3408 0.0014 0.0014
23.3570 0.0014 0.0014
23.3732 0.0014 0.0014
23.3893 0.0014 0.0014
23.4055 0.0014 0.0014
23.4216 0.0014 0.0014
23.4378 0.0014 0.0014
23.4539 0.0014 0.0014
23.4701 0.0014 0.0013
23.4862 0.0014 0.0013
23.5024 0.0014 0.0013
23.5185 0.0014 0.0013
23.5347 0.0013 0.0013
23.5508 0.0013 0.0013
23.5670 0.0013 0.0013
23.5831 0.0013 0.0013
23.5993 0.0013 0.0013
23.6154 0.0013 0.0013
23.6316 0.0013 0.0013
23.6478 0.0013 0.0013
23.6639 0.0013 0.0013
23.6801 0.0013 0.0013
23.6962 0.0013 0.0013
23.7124 0.0013 0.0012
23.7285 0.0013 0.0012
23.7447 0.0013 0.0012
23.7608 0.0013 0.0012
23.7770 0.0013 0.0012
23.7931 0.0012 0.0012
23.8093 0.0012 0.0012
23.8254 0.0012 0.0012
23.8416 0.0012 0.0012
23.8577 0.0012 0.0012
23.8739 0.0012 0.0012
23.8900 0.0012 0.0012
23.9062 0.0012 0.0012
23.9223 0.0012 0.0012
23.9385 0.0012 0.0011
23.9547 0.0012 0.0011
23.9708 0.0012 0.0011
23.9870 0.0011 0.0011
24.0031 0.0011 0.0011
24.0193 0.0011 0.0011
24.0354 0.0011 0.0011
24.0516 0.0011 0.0011
24.0677 0.0011 0.0011
24.0839 0.0011 0.0011
24.1000 0.0011 0.0011
24.1162 0.0011 0.0011
24.1323 0.0011 0.0011
24.1485 0.0011 0.0011
24.1646 0.0011 0.0010
24.1808 0.0010 0.0010
24.1969 0.0010 0.0010
24.2131 0.0010 0.0010
24.2293 0.0010 0.0010
24.2454 0.0010 0.0010
24.2616 0.0010 0.0010
24.2777 0.0010 0.0010
24.2939 0.0010 0.0010
24.3100 0.0010 0.0010
24.3262 0.0010 0.0010
24.3423 0.0010 0.0010
24.3585 0.0010 0.0010
24.3746 0.0010 0.0010
24.3908 0.0010 0.0010
24.4069 0.0009 0.0009
24.4231 0.0009 0.0009
24.4392 0.0009 0.0009
24.4554 0.0009 0.0009
24.4715 0.0009 0.0009
24.4877 0.0009 0.0009
24.5039 0.0009 0.0009
24.5200 0.0009 0.0009
24.5362 0.0009 0.0009
24.5523 0.0009 0.0009
24.5685 0.0009 0.0009
24.5846 0.0009 0.0009
24.6008 0.0009 0.0009
24.6169 0.0009 0.0009
24.6331 0.0009 0.0009
24.6492 0.0009 0.0008
24.6654 0.0009 0.0008
24.6815 0.0008 0.0008
24.6977 0.0008 0.0008
24.7138 0.0008 0.0008
24.7300 0.0008 0.0008
24.7461 0.0008 0.0008
24.7623 0.0008 0.0008
24.7784 0.0008 0.0008
24.7946 0.0008 0.0008
24.8108 0.0008 0.0008
24.8269 0.0008 0.0008
24.8431 0.0008 0.0008
24.8592 0.0008 0.0008
24.8754 0.0008 0.0008
24.8915 0.0008 0.0008
24.9077 0.0008 0.0008
24.9238 0.0008 0.0008
24.9400 0.0008 0.0008
24.9561 0.0008 0.0008
24.9723 0.0008 0.0007
24.9884 0.0008 0.0007
25.0046 0.0008 0.0007
25.0207 0.0007 0.0007
25.0369 0.0007 0.0007
25.0530 0.0007 0.0007
25.0692 0.0007 0.0007
25.0854 0.0007 0.0007
25.1015 0.0007 0.0007
25.1177 0.0007 0.0007
25.1338 0.0007 0.0007
25.1500 0.0007 0.0007
25.1661 0.0007 0.0007
25.1823 0.0007 0.0007
25.1984 0.0007 0.0007
25.2146 0.0007 0.0007
25.2307 0.0007 0.0007
25.2469 0.0007 0.0007
25.2630 0.0007 0.0007
25.2792 0.0007 0.0007
25.2953 0.0007 0.0007
25.3115 0.0007 0.0007
25.3276 0.0007 0.0007
25.3438 0.0007 0.0007
25.3600 0.0007 0.0007
25.3761 0.0007 0.0007
25.3923 0.0007 0.0007
25.4084 0.0007 0.0007
25.4246 0.0007 0.0007
25.4407 0.0006 0.0006
25.4569 0.0006 0.0006
25.4730 0.0006 0.0006
25.4892 0.0006 0.0006
25.5053 0.0006 0.0006
25.5215 0.0006 0.0006
25.5376 0.0006 0.0006
25.5538 0.0006 0.0006
25.5699 0.0006 0.0006
25.5861 0.0006 0.0006
25.6022 0.0006 0.0006
25.6184 0.0006 0.0006
25.6345 0.0006 0.0006
25.6507 0.0006 0.0006
25.6669 0.0006 0.0006
25.6830 0.0006 0.0006
25.6992 0.0006 0.0006
25.7153 0.0006 0.0006
25.7315 0.0006 0.0006
25.7476 0.0006 0.0006
25.7638 0.0006 0.0006
25.7799 0.0006 0.0006
25.7961 0.0006 0.0006
25.8122 0.0006 0.0006
25.8284 0.0006 0.0006
25.8445 0.0006 0.0006
25.8607 0.0006 0.0006
25.8768 0.0006 0.0006
25.8930 0.0006 0.0006
25.9091 0.0006 0.0006
25.9253 0.0006 0.0006
25.9415 0.0006 0.0006
25.9576 0.0006 0.0005
25.9738 0.0006 0.0005
25.9899 0.0005 0.0005
26.0061 0.0005 0.0005
26.0222 0.0005 0.0005
26.0384 0.0005 0.0005
26.0545 0.0005 0.0005
26.0707 0.0005 0.0005
26.0868 0.0005 0.0005
26.1030 0.0005 0.0005
26.1191 0.0005 0.0005
26.1353 0.0005 0.0005
26.1514 0.0005 0.0005
26.1676 0.0005 0.0005
26.1837 0.0005 0.0005
26.1999 0.0005 0.0005
26.2161 0.0005 0.0005
26.2322 0.0005 0.0005
26.2484 0.0005 0.0005
26.2645 0.0005 0.0005
26.2807 0.0005 0.0005
26.2968 0.0005 0.0005
26.3130 0.0005 0.0005
26.3291 0.0005 0.0005
26.3453 0.0005 0.0005
26.3614 0.0005 0.0005
26.3776 0.0005 0.0005
26.3937 0.0005 0.0005
26.4099 0.0005 0.0005
26.4260 0.0005 0.0005
26.4422 0.0005 0.0005
26.4583 0.0005 0.0005
26.4745 0.0005 0.0005
26.4907 0.0005 0.0005
26.5068 0.0005 0.0005
26.5230 0.0005 0.0005
26.5391 0.0005 0.0005
26.5553 0.0005 0.0005
26.5714 0.0005 0.0005
26.5876 0.0005 0.0005
26.6037 0.0005 0.0005
26.6199 0.0005 0.0005
26.6360 0.0005 0.0005
26.6522 0.0005 0.0005
26.6683 0.0005 0.0004
26.6845 0.0005 0.0004
26.7006 0.0005 0.0004
26.7168 0.0005 0.0004
26.7329 0.0005 0.0004
26.7491 0.0004 0.0004
26.7652 0.0004 0.0004
26.7814 0.0004 0.0004
26.7976 0.0004 0.0004
26.8137 0.0004 0.0004
26.8299 0.0004 0.0004
26.8460 0.0004 0.0004
26.8622 0.0004 0.0004
26.8783 0.0004 0.0004
26.8945 0.0004 0.0004
26.9106 0.0004 0.0004
26.9268 0.0004 0.0004
26.9429 0.0004 0.0004
26.9591 0.0004 0.0004
26.9752 0.0004 0.0004
26.9914 0.0004 0.0004
27.0075 0.0004 0.0004
27.0237 0.0004 0.0004
27.0398 0.0004 0.0004
27.0560 0.0004 0.0004
27.0722 0.0004 0.0004
27.0883 0.0004 0.0004
27.1045 0.0004 0.0004
27.1206 0.0004 0.0004
27.1368 0.0004 0.0004
27.1529 0.0004 0.0004
27.1691 0.0004 0.0004
27.1852 0.0004 0.0004
27.2014 0.0004 0.0004
27.2175 0.0004 0.0004
27.2337 0.0004 0.0004
27.2498 0.0004 0.0004
27.2660 0.0004 0.0004
27.2821 0.0004 0.0004
27.2983 0.0004 0.0004
27.3144 0.0004 0.0004
27.3306 0.0004 0.0004
27.3468 0.0004 0.0004
27.3629 0.0004 0.0004
27.3791 0.0004 0.0004
27.3952 0.0004 0.0004
27.4114 0.0004 0.0004
27.4275 0.0004 0.0004
27.4437 0.0004 0.0004
27.4598 0.0004 0.0004
27.4760 0.0004 0.0004
27.4921 0.0004 0.0004
27.5083 0.0004 0.0004
27.5244 0.0004 0.0004
27.5406 0.0004 0.0004
27.5567 0.0004 0.0004
27.5729 0.0004 0.0004
27.5890 0.0004 0.0004
27.6052 0.0004 0.0004
27.6213 0.0004 0.0004
27.6375 0.0004 0.0004
27.6537 0.0004 0.0004
27.6698 0.0004 0.0004
27.6860 0.0004 0.0004
27.7021 0.0004 0.0004
27.7183 0.0004 0.0004
27.7344 0.0004 0.0004
27.7506 0.0004 0.0004
27.7667 0.0004 0.0004
27.7829 0.0004 0.0004
27.7990 0.0004 0.0004
27.8152 0.0004 0.0004
27.8313 0.0004 0.0004
27.8475 0.0004 0.0004
27.8636 0.0004 0.0004
27.8798 0.0004 0.0004
27.8959 0.0004 0.0004
27.9121 0.0004 0.0004
27.9283 0.0004 0.0004
27.9444 0.0004 0.0004
27.9606 0.0004 0.0004
27.9767 0.0004 0.0004
27.9929 0.0004 0.0004
28.0090 0.0004 0.0004
28.0252 0.0004 0.0004
28.0413 0.0004 0.0004
28.0575 0.0004 0.0004
28.0736 0.0004 0.0004
28.0898 0.0004 0.0004
28.1059 0.0004 0.0004
28.1221 0.0004 0.0004
28.1382 0.0004 0.0004
28.1544 0.0004 0.0004
28.1705 0.0004 0.0004
28.1867 0.0004 0.0004
28.2029 0.0004 0.0004
28.2190 0.0004 0.0004
28.2352 0.0004 0.0004
28.2513 0.0004 0.0004
28.2675 0.0004 0.0004
28.2836 0.0004 0.0004
28.2998 0.0004 0.0003
28.3159 0.0004 0.0003
28.3321 0.0004 0.0003
28.3482 0.0004 0.0003
28.3644 0.0004 0.0003
28.3805 0.0004 0.0003
28.3967 0.0004 0.0003
28.4128 0.0004 0.0003
28.4290 0.0004 0.0003
28.4451 0.0004 0.0003
28.4613 0.0004 0.0003
28.4774 0.0003 0.0003
28.4936 0.0003 0.0003
28.5098 0.0003 0.0003
28.5259 0.0003 0.0003
28.5421 0.0003 0.0003
28.5582 0.0003 0.0003
28.5744 0.0003 0.0003
28.5905 0.0003 0.0003
28.6067 0.0003 0.0003
28.6228 0.0003 0.0003
28.6390 0.0003 0.0003
28.6551 0.0003 0.0003
28.6713 0.0003 0.0003
28.6874 0.0003 0.0003
28.7036 0.0003 0.0003
28.7197 0.0003 0.0003
28.7359 0.0003 0.0003
28.7520 0.0003 0.0003
28.7682 0.0003 0.0003
28.7844 0.0003 0.0003
28.8005 0.0003 0.0003
28.8167 0.0003 0.0003
28.8328 0.0003 0.0003
28.8490 0.0003 0.0003
28.8651 0.0003 0.0003
28.8813 0.0003 0.0003
28.8974 0.0003 0.0003
28.9136 0.0003 0.0003
28.9297 0.0003 0.0003
28.9459 0.0003 0.0003
28.9620 0.0003 0.0003
28.9782 0.0003 0.0003
28.9943 0.0003 0.0003
29.0105 0.0003 0.0003
29.0266 0.0003 0.0003
29.0428 0.0003 0.0003
29.0590 0.0003 0.0003
29.0751 0.0003 0.0003
29.0913 0.0003 0.0003
29.1074 0.0003 0.0003
29.1236 0.0003 0.0003
29.1397 0.0003 0.0003
29.1559 0.0003 0.0003
29.1720 0.0003 0.0003
29.1882 0.0003 0.0003
29.2043 0.0003 0.0003
29.2205 0.0003 0.0003
29.2366 0.0003 0.0003
29.2528 0.0003 0.0003
29.2689 0.0003 0.0003
29.2851 0.0003 0.0003
29.3012 0.0003 0.0003
29.3174 0.0003 0.0003
29.3335 0.0003 0.0003
29.3497 0.0003 0.0003
29.3659 0.0003 0.0003
29.3820 0.0003 0.0003
29.3982 0.0003 0.0003
29.4143 0.0003 0.0003
29.4305 0.0003 0.0003
29.4466 0.0003 0.0003
29.4628 0.0003 0.0003
29.4789 0.0003 0.0003
29.4951 0.0003 0.0003
29.5112 0.0003 0.0003
29.5274 0.0003 0.0003
29.5435 0.0003 0.0003
29.5597 0.0003 0.0003
29.5758 0.0003 0.0003
29.5920 0.0003 0.0003
29.6081 0.0003 0.0003
29.6243 0.0003 0.0003
29.6405 0.0003 0.0003
29.6566 0.0003 0.0003
29.6728 0.0003 0.0003
29.6889 0.0003 0.0003
29.7051 0.0003 0.0003
29.7212 0.0003 0.0003
29.7374 0.0003 0.0003
29.7535 0.0003 0.0003
29.7697 0.0003 0.0003
29.7858 0.0003 0.0003
29.8020 0.0003 0.0003
29.8181 0.0003 0.0003
29.8343 0.0003 0.0003
29.8504 0.0003 0.0003
29.8666 0.0003 0.0003
29.8827 0.0003 0.0003
29.8989 0.0003 0.0003
29.9151 0.0003 0.0003
29.9312 0.0003 0.0003
29.9474 0.0003 0.0003
29.9635 0.0003 0.0003
29.9797 0.0003 0.0003
29.9958 0.0003 0.0003
30.0120 0.0003 0.0003
30.0281 0.0003 0.0003
30.0443 0.0003 0.0003
30.0604 0.0003 0.0003
30.0766 0.0003 0.0003
30.0927 0.0003 0.0003
30.1089 0.0003 0.0003
30.1250 0.0003 0.0003
30.1412 0.0003 0.0003
30.1573 0.0003 0.0003
30.1735 0.0003 0.0003
30.1896 0.0003 0.0003
30.2058 0.0003 0.0003
30.2220 0.0003 0.0003
30.2381 0.0003 0.0003
30.2543 0.0003 0.0003
30.2704 0.0003 0.0003
30.2866 0.0003 0.0003
30.3027 0.0003 0.0003
30.3189 0.0003 0.0003
30.3350 0.0003 0.0003
30.3512 0.0003 0.0003
30.3673 0.0003 0.0003
30.3835 0.0003 0.0003
30.3996 0.0003 0.0003
30.4158 0.0003 0.0003
30.4319 0.0003 0.0003
30.4481 0.0003 0.0003
30.4642 0.0003 0.0003
30.4804 0.0003 0.0003
30.4966 0.0003 0.0003
30.5127 0.0003 0.0003
30.5289 0.0003 0.0003
30.5450 0.0003 0.0003
30.5612 0.0003 0.0003
30.5773 0.0003 0.0003
30.5935 0.0003 0.0003
30.6096 0.0003 0.0003
30.6258 0.0003 0.0003
30.6419 0.0003 0.0003
30.6581 0.0003 0.0003
30.6742 0.0003 0.0003
30.6904 0.0003 0.0003
30.7065 0.0003 0.0003
30.7227 0.0003 0.0003
30.7388 0.0003 0.0003
30.7550 0.0003 0.0003
30.7712 0.0003 0.0003
30.7873 0.0003 0.0003
30.8035 0.0003 0.0003
30.8196 0.0003 0.0003
30.8358 0.0003 0.0003
30.8519 0.0003 0.0003
30.8681 0.0003 0.0003
30.8842 0.0003 0.0003
30.9004 0.0003 0.0003
30.9165 0.0003 0.0003
30.9327 0.0003 0.0003
30.9488 0.0003 0.0003
30.9650 0.0003 0.0003
30.9811 0.0003 0.0003
30.9973 0.0003 0.0003
31.0134 0.0003 0.0003
31.0296 0.0003 0.0003
31.0457 0.0003 0.0003
31.0619 0.0003 0.0003
31.0781 0.0003 0.0003
31.0942 0.0003 0.0003
31.1104 0.0003 0.0003
31.1265 0.0003 0.0003
31.1427 0.0003 0.0003
31.1588 0.0003 0.0002
31.1750 0.0003 0.0002
31.1911 0.0003 0.0002
31.2073 0.0003 0.0002
31.2234 0.0003 0.0002
31.2396 0.0003 0.0002
31.2557 0.0003 0.0002
31.2719 0.0003 0.0002
31.2880 0.0003 0.0002
31.3042 0.0003 0.0002
31.3203 0.0003 0.0002
31.3365 0.0002 0.0002
31.3527 0.0002 0.0002
31.3688 0.0002 0.0002
31.3850 0.0002 0.0002
31.4011 0.0002 0.0002
31.4173 0.0002 0.0002
31.4334 0.0002 0.0002
31.4496 0.0002 0.0002
31.4657 0.0002 0.0002
31.4819 0.0002 0.0002
31.4980 0.0002 0.0002
31.5142 0.0002 0.0002
31.5303 0.0002 0.0002
31.5465 0.0002 0.0002
31.5626 0.0002 0.0002
31.5788 0.0002 0.0002
31.5949 0.0002 0.0002
31.6111 0.0002 0.0002
31.6273 0.0002 0.0002
31.6434 0.0002 0.0002
31.6596 0.0002 0.0002
31.6757 0.0002 0.0002
31.6919 0.0002 0.0002
31.7080 0.0002 0.0002
31.7242 0.0002 0.0002
31.7403 0.0002 0.0002
31.7565 0.0002 0.0002
31.7726 0.0002 0.0002
31.7888 0.0002 0.0002
31.8049 0.0002 0.0002
31.8211 0.0002 0.0002
31.8372 0.0002 0.0002
31.8534 0.0002 0.0002
31.8695 0.0002 0.0002
31.8857 0.0002 0.0002
31.9019 0.0002 0.0002
31.9180 0.0002 0.0002
31.9342 0.0002 0.0002
31.9503 0.0002 0.0002
31.9665 0.0002 0.0002
31.9826 0.0002 0.0002
31.9988 0.0002 0.0002
32.0149 0.0002 0.0002
32.0311 0.0002 0.0002
32.0472 0.0002 0.0002
32.0634 0.0002 0.0002
32.0795 0.0002 0.0002
32.0957 0.0002 0.0002
32.1118 0.0002 0.0002
32.1280 0.0002 0.0002
32.1441 0.0002 0.0002
32.1603 0.0002 0.0002
32.1764 0.0002 0.0002
32.1926 0.0002 0.0002
32.2088 0.0002 0.0002
32.2249 0.0002 0.0002
32.2411 0.0002 0.0002
32.2572 0.0002 0.0002
32.2734 0.0002 0.0002
32.2895 0.0002 0.0002
  
  
  
  
  
dim="1">gridpoints</dimension>  
  
  
  
  
  
  
  
  
0.0000 224.6493 258.4460
0.0162 224.6493 258.4460
0.0323 112.3961 129.2102
0.0485 75.0093 86.1247
0.0646 56.3381 64.5757
0.0808 45.1521 51.6399
0.0969 37.7076 43.0095
0.1131 32.3998 36.8380
0.1292 28.4265 32.2024
0.1454 25.3417 28.5895
0.1615 22.8777 25.6919
0.1777 20.8643 23.3139
0.1938 19.1878 21.3250
0.2100 17.7696 19.6353
0.2261 16.5536 18.1807
0.2423 15.4987 16.9142
0.2584 14.5742 15.8009
0.2746 13.7565 14.8143
0.2908 13.0274 13.9339
0.3069 12.3728 13.1436
0.3231 11.7814 12.4307
0.3392 11.2439 11.7851
0.3554 10.7531 11.1983
0.3715 10.3029 10.6636
0.3877 9.8883 10.1753
0.4038 9.5053 9.7285
0.4200 9.1504 9.3190
0.4361 8.8205 8.9432
0.4523 8.5133 8.5980
0.4684 8.2266 8.2802
0.4846 7.9584 7.9874
0.5007 7.7072 7.7171
0.5169 7.4715 7.4669
0.5330 7.2499 7.2349
0.5492 7.0413 7.0189
0.5653 6.8448 6.8173
0.5815 6.6592 6.6284
0.5977 6.4837 6.4506
0.6138 6.3175 6.2827
0.6300 6.1599 6.1233
0.6461 6.0102 5.9716
0.6623 5.8678 5.8265
0.6784 5.7319 5.6874
0.6946 5.6022 5.5537
0.7107 5.4781 5.4249
0.7269 5.3590 5.3007
0.7430 5.2446 5.1809
0.7592 5.1346 5.0653
0.7753 5.0284 4.9540
0.7915 4.9260 4.8468
0.8076 4.8270 4.7438
0.8238 4.7312 4.6450
0.8399 4.6384 4.5505
0.8561 4.5487 4.4603
0.8723 4.4619 4.3744
0.8884 4.3781 4.2929
0.9046 4.2971 4.2157
0.9207 4.2192 4.1428
0.9369 4.1442 4.0741
0.9530 4.0723 4.0095
0.9692 4.0035 3.9489
0.9853 3.9379 3.8921
1.0015 3.8754 3.8390
1.0176 3.8161 3.7893
1.0338 3.7599 3.7428
1.0499 3.7068 3.6994
1.0661 3.6567 3.6587
1.0822 3.6096 3.6205
1.0984 3.5651 3.5845
1.1145 3.5233 3.5504
1.1307 3.4840 3.5180
1.1469 3.4469 3.4870
1.1630 3.4118 3.4571
1.1792 3.3785 3.4280
1.1953 3.3469 3.3994
1.2115 3.3166 3.3711
1.2276 3.2875 3.3428
1.2438 3.2592 3.3143
1.2599 3.2317 3.2855
1.2761 3.2047 3.2561
1.2922 3.1779 3.2260
1.3084 3.1512 3.1952
1.3245 3.1244 3.1635
1.3407 3.0974 3.1310
1.3568 3.0701 3.0977
1.3730 3.0424 3.0635
1.3891 3.0141 3.0287
1.4053 2.9854 2.9932
1.4214 2.9561 2.9572
1.4376 2.9264 2.9208
1.4538 2.8963 2.8843
1.4699 2.8660 2.8477
1.4861 2.8355 2.8112
1.5022 2.8049 2.7750
1.5184 2.7745 2.7392
1.5345 2.7445 2.7040
1.5507 2.7148 2.6695
1.5668 2.6858 2.6358
1.5830 2.6575 2.6030
1.5991 2.6300 2.5711
1.6153 2.6035 2.5403
1.6314 2.5780 2.5105
1.6476 2.5536 2.4819
1.6637 2.5302 2.4542
1.6799 2.5079 2.4277
1.6960 2.4866 2.4021
1.7122 2.4663 2.3775
1.7284 2.4468 2.3539
1.7445 2.4282 2.3310
1.7607 2.4103 2.3089
1.7768 2.3930 2.2875
1.7930 2.3762 2.2667
1.8091 2.3598 2.2463
1.8253 2.3438 2.2264
1.8414 2.3279 2.2067
1.8576 2.3123 2.1873
1.8737 2.2967 2.1680
1.8899 2.2812 2.1488
1.9060 2.2657 2.1297
1.9222 2.2502 2.1106
1.9383 2.2348 2.0916
1.9545 2.2193 2.0726
1.9706 2.2038 2.0537
1.9868 2.1883 2.0349
2.0030 2.1729 2.0163
2.0191 2.1575 1.9980
2.0353 2.1422 1.9800
2.0514 2.1270 1.9624
2.0676 2.1120 1.9454
2.0837 2.0971 1.9289
2.0999 2.0823 1.9131
2.1160 2.0677 1.8981
2.1322 2.0533 1.8838
2.1483 2.0390 1.8704
2.1645 2.0248 1.8578
2.1806 2.0107 1.8461
2.1968 1.9967 1.8353
2.2129 1.9827 1.8254
2.2291 1.9687 1.8162
2.2452 1.9547 1.8077
2.2614 1.9406 1.7999
2.2775 1.9265 1.7927
2.2937 1.9123 1.7860
2.3099 1.8980 1.7795
2.3260 1.8836 1.7734
2.3422 1.8692 1.7673
2.3583 1.8547 1.7613
2.3745 1.8401 1.7552
2.3906 1.8256 1.7489
2.4068 1.8110 1.7424
2.4229 1.7965 1.7355
2.4391 1.7821 1.7283
2.4552 1.7678 1.7208
2.4714 1.7536 1.7128
2.4875 1.7395 1.7045
2.5037 1.7257 1.6958
2.5198 1.7119 1.6868
2.5360 1.6984 1.6775
2.5521 1.6850 1.6679
2.5683 1.6719 1.6582
2.5845 1.6588 1.6484
2.6006 1.6460 1.6385
2.6168 1.6333 1.6286
2.6329 1.6208 1.6186
2.6491 1.6084 1.6087
2.6652 1.5961 1.5989
2.6814 1.5840 1.5892
2.6975 1.5720 1.5795
2.7137 1.5601 1.5699
2.7298 1.5482 1.5603
2.7460 1.5365 1.5508
2.7621 1.5248 1.5413
2.7783 1.5131 1.5318
2.7944 1.5015 1.5223
2.8106 1.4898 1.5127
2.8267 1.4781 1.5029
2.8429 1.4663 1.4931
2.8591 1.4545 1.4831
2.8752 1.4425 1.4729
2.8914 1.4305 1.4625
2.9075 1.4184 1.4520
2.9237 1.4062 1.4412
2.9398 1.3940 1.4302
2.9560 1.3816 1.4190
2.9721 1.3693 1.4076
2.9883 1.3569 1.3959
3.0044 1.3445 1.3841
3.0206 1.3322 1.3720
3.0367 1.3199 1.3597
3.0529 1.3077 1.3473
3.0690 1.2955 1.3346
3.0852 1.2834 1.3218
3.1013 1.2714 1.3089
3.1175 1.2594 1.2958
3.1337 1.2474 1.2826
3.1498 1.2354 1.2693
3.1660 1.2234 1.2560
3.1821 1.2113 1.2427
3.1983 1.1992 1.2294
3.2144 1.1871 1.2162
3.2306 1.1748 1.2030
3.2467 1.1625 1.1900
3.2629 1.1501 1.1772
3.2790 1.1377 1.1645
3.2952 1.1253 1.1521
3.3113 1.1129 1.1399
3.3275 1.1006 1.1279
3.3436 1.0884 1.1163
3.3598 1.0763 1.1049
3.3759 1.0645 1.0938
3.3921 1.0529 1.0829
3.4082 1.0416 1.0724
3.4244 1.0307 1.0621
3.4406 1.0202 1.0520
3.4567 1.0101 1.0422
3.4729 1.0005 1.0326
3.4890 0.9913 1.0231
3.5052 0.9826 1.0139
3.5213 0.9744 1.0048
3.5375 0.9666 0.9959
3.5536 0.9593 0.9872
3.5698 0.9523 0.9785
3.5859 0.9458 0.9700
3.6021 0.9396 0.9617
3.6182 0.9337 0.9534
3.6344 0.9280 0.9453
3.6505 0.9226 0.9373
3.6667 0.9174 0.9294
3.6828 0.9123 0.9217
3.6990 0.9072 0.9141
3.7152 0.9023 0.9066
3.7313 0.8974 0.8993
3.7475 0.8925 0.8922
3.7636 0.8875 0.8852
3.7798 0.8825 0.8783
3.7959 0.8775 0.8716
3.8121 0.8724 0.8650
3.8282 0.8672 0.8587
3.8444 0.8619 0.8524
3.8605 0.8565 0.8464
3.8767 0.8510 0.8404
3.8928 0.8454 0.8347
3.9090 0.8397 0.8291
3.9251 0.8339 0.8236
3.9413 0.8279 0.8184
3.9574 0.8218 0.8132
3.9736 0.8157 0.8083
3.9898 0.8094 0.8035
4.0059 0.8030 0.7989
4.0221 0.7966 0.7944
4.0382 0.7901 0.7901
4.0544 0.7836 0.7860
4.0705 0.7770 0.7820
4.0867 0.7704 0.7782
4.1028 0.7639 0.7745
4.1190 0.7574 0.7710
4.1351 0.7510 0.7675
4.1513 0.7446 0.7642
4.1674 0.7384 0.7610
4.1836 0.7323 0.7579
4.1997 0.7263 0.7548
4.2159 0.7205 0.7517
4.2320 0.7148 0.7487
4.2482 0.7092 0.7456
4.2643 0.7039 0.7426
4.2805 0.6986 0.7395
4.2967 0.6935 0.7364
4.3128 0.6885 0.7333
4.3290 0.6837 0.7302
4.3451 0.6789 0.7270
4.3613 0.6743 0.7239
4.3774 0.6697 0.7207
4.3936 0.6652 0.7175
4.4097 0.6608 0.7142
4.4259 0.6564 0.7110
4.4420 0.6521 0.7077
4.4582 0.6478 0.7045
4.4743 0.6436 0.7012
4.4905 0.6394 0.6979
4.5066 0.6353 0.6946
4.5228 0.6313 0.6912
4.5389 0.6273 0.6879
4.5551 0.6233 0.6845
4.5713 0.6195 0.6811
4.5874 0.6157 0.6776
4.6036 0.6119 0.6741
4.6197 0.6083 0.6707
4.6359 0.6047 0.6671
4.6520 0.6013 0.6636
4.6682 0.5979 0.6601
4.6843 0.5946 0.6565
4.7005 0.5914 0.6530
4.7166 0.5884 0.6495
4.7328 0.5854 0.6461
4.7489 0.5826 0.6427
4.7651 0.5799 0.6395
4.7812 0.5773 0.6363
4.7974 0.5748 0.6332
4.8135 0.5725 0.6303
4.8297 0.5703 0.6276
4.8459 0.5682 0.6250
4.8620 0.5663 0.6225
4.8782 0.5646 0.6202
4.8943 0.5630 0.6181
4.9105 0.5615 0.6162
4.9266 0.5602 0.6144
4.9428 0.5590 0.6127
4.9589 0.5579 0.6112
4.9751 0.5570 0.6097
4.9912 0.5562 0.6083
5.0074 0.5556 0.6069
5.0235 0.5550 0.6055
5.0397 0.5546 0.6041
5.0558 0.5542 0.6026
5.0720 0.5539 0.6011
5.0881 0.5537 0.5994
5.1043 0.5535 0.5977
5.1204 0.5534 0.5958
5.1366 0.5532 0.5937
5.1528 0.5531 0.5915
5.1689 0.5530 0.5892
5.1851 0.5529 0.5867
5.2012 0.5527 0.5841
5.2174 0.5526 0.5814
5.2335 0.5524 0.5787
5.2497 0.5521 0.5758
5.2658 0.5519 0.5729
5.2820 0.5516 0.5700
5.2981 0.5512 0.5670
5.3143 0.5509 0.5641
5.3304 0.5504 0.5613
5.3466 0.5500 0.5585
5.3627 0.5495 0.5558
5.3789 0.5489 0.5532
5.3950 0.5483 0.5507
5.4112 0.5477 0.5484
5.4274 0.5469 0.5462
5.4435 0.5461 0.5441
5.4597 0.5453 0.5422
5.4758 0.5443 0.5405
5.4920 0.5432 0.5388
5.5081 0.5421 0.5374
5.5243 0.5408 0.5360
5.5404 0.5395 0.5348
5.5566 0.5381 0.5338
5.5727 0.5366 0.5328
5.5889 0.5350 0.5319
5.6050 0.5334 0.5311
5.6212 0.5317 0.5304
5.6373 0.5300 0.5297
5.6535 0.5283 0.5291
5.6696 0.5265 0.5285
5.6858 0.5248 0.5279
5.7020 0.5230 0.5274
5.7181 0.5213 0.5269
5.7343 0.5197 0.5263
5.7504 0.5181 0.5257
5.7666 0.5165 0.5251
5.7827 0.5150 0.5245
5.7989 0.5136 0.5238
5.8150 0.5122 0.5230
5.8312 0.5109 0.5222
5.8473 0.5097 0.5213
5.8635 0.5085 0.5203
5.8796 0.5074 0.5192
5.8958 0.5062 0.5180
5.9119 0.5052 0.5167
5.9281 0.5041 0.5153
5.9442 0.5031 0.5137
5.9604 0.5021 0.5120
5.9765 0.5011 0.5102
5.9927 0.5000 0.5083
6.0089 0.4990 0.5062
6.0250 0.4979 0.5041
6.0412 0.4969 0.5018
6.0573 0.4958 0.4995
6.0735 0.4947 0.4971
6.0896 0.4936 0.4947
6.1058 0.4924 0.4922
6.1219 0.4913 0.4897
6.1381 0.4901 0.4872
6.1542 0.4889 0.4847
6.1704 0.4877 0.4823
6.1865 0.4865 0.4799
6.2027 0.4853 0.4775
6.2188 0.4842 0.4753
6.2350 0.4830 0.4731
6.2511 0.4818 0.4710
6.2673 0.4807 0.4691
6.2835 0.4795 0.4673
6.2996 0.4784 0.4655
6.3158 0.4774 0.4640
6.3319 0.4763 0.4625
6.3481 0.4753 0.4612
6.3642 0.4743 0.4600
6.3804 0.4734 0.4589
6.3965 0.4725 0.4580
6.4127 0.4717 0.4572
6.4288 0.4709 0.4565
6.4450 0.4702 0.4559
6.4611 0.4696 0.4554
6.4773 0.4690 0.4550
6.4934 0.4686 0.4547
6.5096 0.4682 0.4545
6.5257 0.4678 0.4543
6.5419 0.4676 0.4542
6.5581 0.4674 0.4541
6.5742 0.4673 0.4541
6.5904 0.4672 0.4540
6.6065 0.4672 0.4540
6.6227 0.4672 0.4540
6.6388 0.4672 0.4540
6.6550 0.4672 0.4540
6.6711 0.4672 0.4540
6.6873 0.4672 0.4539
6.7034 0.4672 0.4538
6.7196 0.4672 0.4536
6.7357 0.4671 0.4534
6.7519 0.4670 0.4531
6.7680 0.4669 0.4528
6.7842 0.4667 0.4524
6.8003 0.4665 0.4520
6.8165 0.4663 0.4515
6.8326 0.4660 0.4509
6.8488 0.4657 0.4503
6.8650 0.4655 0.4497
6.8811 0.4652 0.4491
6.8973 0.4649 0.4484
6.9134 0.4647 0.4477
6.9296 0.4644 0.4470
6.9457 0.4642 0.4463
6.9619 0.4640 0.4457
6.9780 0.4639 0.4450
6.9942 0.4637 0.4445
7.0103 0.4636 0.4439
7.0265 0.4635 0.4434
7.0426 0.4633 0.4429
7.0588 0.4632 0.4425
7.0749 0.4630 0.4422
7.0911 0.4628 0.4419
7.1072 0.4626 0.4417
7.1234 0.4623 0.4415
7.1396 0.4619 0.4414
7.1557 0.4615 0.4413
7.1719 0.4610 0.4412
7.1880 0.4604 0.4412
7.2042 0.4598 0.4412
7.2203 0.4591 0.4412
7.2365 0.4583 0.4412
7.2526 0.4574 0.4412
7.2688 0.4565 0.4411
7.2849 0.4556 0.4410
7.3011 0.4546 0.4409
7.3172 0.4535 0.4407
7.3334 0.4525 0.4405
7.3495 0.4514 0.4402
7.3657 0.4504 0.4399
7.3818 0.4494 0.4395
7.3980 0.4483 0.4390
7.4142 0.4473 0.4385
7.4303 0.4464 0.4379
7.4465 0.4454 0.4372
7.4626 0.4446 0.4365
7.4788 0.4437 0.4358
7.4949 0.4429 0.4351
7.5111 0.4422 0.4343
7.5272 0.4415 0.4335
7.5434 0.4409 0.4328
7.5595 0.4403 0.4320
7.5757 0.4398 0.4312
7.5918 0.4393 0.4305
7.6080 0.4388 0.4298
7.6241 0.4384 0.4291
7.6403 0.4379 0.4284
7.6564 0.4375 0.4278
7.6726 0.4370 0.4272
7.6887 0.4366 0.4266
7.7049 0.4361 0.4260
7.7211 0.4356 0.4254
7.7372 0.4350 0.4249
7.7534 0.4344 0.4243
7.7695 0.4338 0.4238
7.7857 0.4332 0.4232
7.8018 0.4325 0.4226
7.8180 0.4318 0.4220
7.8341 0.4311 0.4213
7.8503 0.4303 0.4206
7.8664 0.4295 0.4199
7.8826 0.4287 0.4191
7.8987 0.4280 0.4183
7.9149 0.4272 0.4175
7.9310 0.4264 0.4167
7.9472 0.4256 0.4158
7.9633 0.4248 0.4149
7.9795 0.4240 0.4140
7.9957 0.4232 0.4131
8.0118 0.4224 0.4121
8.0280 0.4216 0.4112
8.0441 0.4207 0.4103
8.0603 0.4198 0.4093
8.0764 0.4188 0.4084
8.0926 0.4178 0.4075
8.1087 0.4167 0.4067
8.1249 0.4156 0.4058
8.1410 0.4144 0.4049
8.1572 0.4131 0.4041
8.1733 0.4117 0.4033
8.1895 0.4102 0.4026
8.2056 0.4087 0.4019
8.2218 0.4071 0.4012
8.2379 0.4055 0.4005
8.2541 0.4038 0.3999
8.2703 0.4021 0.3993
8.2864 0.4003 0.3988
8.3026 0.3985 0.3983
8.3187 0.3968 0.3978
8.3349 0.3950 0.3974
8.3510 0.3933 0.3971
8.3672 0.3916 0.3968
8.3833 0.3900 0.3965
8.3995 0.3884 0.3963
8.4156 0.3868 0.3961
8.4318 0.3854 0.3960
8.4479 0.3840 0.3960
8.4641 0.3826 0.3959
8.4802 0.3814 0.3960
8.4964 0.3802 0.3960
8.5125 0.3791 0.3961
8.5287 0.3781 0.3961
8.5448 0.3771 0.3962
8.5610 0.3763 0.3963
8.5772 0.3755 0.3964
8.5933 0.3747 0.3965
8.6095 0.3740 0.3965
8.6256 0.3734 0.3965
8.6418 0.3728 0.3965
8.6579 0.3723 0.3964
8.6741 0.3718 0.3962
8.6902 0.3713 0.3960
8.7064 0.3709 0.3957
8.7225 0.3705 0.3953
8.7387 0.3701 0.3948
8.7548 0.3697 0.3943
8.7710 0.3693 0.3937
8.7871 0.3689 0.3930
8.8033 0.3685 0.3922
8.8194 0.3681 0.3914
8.8356 0.3676 0.3905
8.8518 0.3672 0.3895
8.8679 0.3667 0.3885
8.8841 0.3662 0.3874
8.9002 0.3656 0.3863
8.9164 0.3650 0.3851
8.9325 0.3644 0.3839
8.9487 0.3637 0.3826
8.9648 0.3630 0.3814
8.9810 0.3622 0.3801
8.9971 0.3615 0.3788
9.0133 0.3607 0.3775
9.0294 0.3598 0.3762
9.0456 0.3590 0.3750
9.0617 0.3581 0.3737
9.0779 0.3572 0.3725
9.0940 0.3564 0.3713
9.1102 0.3555 0.3701
9.1264 0.3545 0.3690
9.1425 0.3536 0.3679
9.1587 0.3527 0.3669
9.1748 0.3518 0.3658
9.1910 0.3509 0.3649
9.2071 0.3500 0.3640
9.2233 0.3492 0.3631
9.2394 0.3483 0.3622
9.2556 0.3474 0.3614
9.2717 0.3466 0.3607
9.2879 0.3458 0.3600
9.3040 0.3451 0.3593
9.3202 0.3444 0.3587
9.3363 0.3437 0.3581
9.3525 0.3430 0.3576
9.3686 0.3425 0.3571
9.3848 0.3419 0.3566
9.4010 0.3414 0.3562
9.4171 0.3410 0.3559
9.4333 0.3406 0.3556
9.4494 0.3403 0.3553
9.4656 0.3400 0.3551
9.4817 0.3397 0.3550
9.4979 0.3395 0.3549
9.5140 0.3393 0.3548
9.5302 0.3391 0.3548
9.5463 0.3389 0.3548
9.5625 0.3387 0.3548
9.5786 0.3385 0.3549
9.5948 0.3383 0.3550
9.6109 0.3381 0.3552
9.6271 0.3379 0.3554
9.6432 0.3377 0.3556
9.6594 0.3374 0.3558
9.6755 0.3371 0.3560
9.6917 0.3368 0.3563
9.7079 0.3364 0.3566
9.7240 0.3361 0.3569
9.7402 0.3357 0.3572
9.7563 0.3353 0.3575
9.7725 0.3350 0.3578
9.7886 0.3346 0.3581
9.8048 0.3343 0.3584
9.8209 0.3339 0.3587
9.8371 0.3336 0.3590
9.8532 0.3334 0.3593
9.8694 0.3331 0.3596
9.8855 0.3329 0.3598
9.9017 0.3327 0.3600
9.9178 0.3326 0.3602
9.9340 0.3325 0.3604
9.9501 0.3324 0.3606
9.9663 0.3324 0.3607
9.9825 0.3324 0.3609
9.9986 0.3324 0.3610
10.0148 0.3325 0.3611
10.0309 0.3326 0.3612
10.0471 0.3327 0.3613
10.0632 0.3328 0.3614
10.0794 0.3329 0.3615
10.0955 0.3331 0.3617
10.1117 0.3333 0.3618
10.1278 0.3335 0.3620
10.1440 0.3337 0.3621
10.1601 0.3339 0.3623
10.1763 0.3342 0.3625
10.1924 0.3345 0.3626
10.2086 0.3348 0.3628
10.2247 0.3351 0.3630
10.2409 0.3355 0.3631
10.2571 0.3359 0.3633
10.2732 0.3363 0.3634
10.2894 0.3367 0.3635
10.3055 0.3371 0.3635
10.3217 0.3376 0.3636
10.3378 0.3381 0.3636
10.3540 0.3386 0.3636
10.3701 0.3391 0.3636
10.3863 0.3396 0.3635
10.4024 0.3402 0.3635
10.4186 0.3407 0.3634
10.4347 0.3413 0.3633
10.4509 0.3419 0.3632
10.4670 0.3425 0.3630
10.4832 0.3431 0.3629
10.4993 0.3437 0.3627
10.5155 0.3444 0.3626
10.5316 0.3450 0.3624
10.5478 0.3456 0.3622
10.5640 0.3463 0.3619
10.5801 0.3469 0.3616
10.5963 0.3475 0.3613
10.6124 0.3481 0.3609
10.6286 0.3486 0.3605
10.6447 0.3492 0.3600
10.6609 0.3496 0.3594
10.6770 0.3501 0.3588
10.6932 0.3505 0.3582
10.7093 0.3508 0.3575
10.7255 0.3511 0.3567
10.7416 0.3514 0.3559
10.7578 0.3516 0.3551
10.7739 0.3517 0.3542
10.7901 0.3518 0.3533
10.8062 0.3519 0.3523
10.8224 0.3519 0.3514
10.8386 0.3519 0.3504
10.8547 0.3518 0.3494
10.8709 0.3517 0.3484
10.8870 0.3516 0.3475
10.9032 0.3515 0.3465
10.9193 0.3514 0.3455
10.9355 0.3513 0.3446
10.9516 0.3512 0.3437
10.9678 0.3510 0.3427
10.9839 0.3509 0.3418
11.0001 0.3508 0.3410
11.0162 0.3507 0.3401
11.0324 0.3505 0.3393
11.0485 0.3504 0.3384
11.0647 0.3504 0.3376
11.0808 0.3503 0.3369
11.0970 0.3502 0.3361
11.1132 0.3502 0.3354
11.1293 0.3502 0.3346
11.1455 0.3502 0.3340
11.1616 0.3502 0.3333
11.1778 0.3502 0.3326
11.1939 0.3503 0.3320
11.2101 0.3503 0.3314
11.2262 0.3504 0.3308
11.2424 0.3506 0.3302
11.2585 0.3507 0.3297
11.2747 0.3508 0.3291
11.2908 0.3510 0.3286
11.3070 0.3511 0.3280
11.3231 0.3512 0.3275
11.3393 0.3513 0.3269
11.3554 0.3514 0.3263
11.3716 0.3515 0.3257
11.3877 0.3515 0.3251
11.4039 0.3515 0.3244
11.4201 0.3515 0.3237
11.4362 0.3513 0.3229
11.4524 0.3512 0.3221
11.4685 0.3510 0.3212
11.4847 0.3507 0.3202
11.5008 0.3504 0.3192
11.5170 0.3501 0.3182
11.5331 0.3497 0.3171
11.5493 0.3493 0.3159
11.5654 0.3488 0.3146
11.5816 0.3483 0.3133
11.5977 0.3478 0.3119
11.6139 0.3473 0.3105
11.6300 0.3467 0.3090
11.6462 0.3461 0.3075
11.6623 0.3455 0.3060
11.6785 0.3449 0.3044
11.6947 0.3443 0.3028
11.7108 0.3436 0.3012
11.7270 0.3430 0.2996
11.7431 0.3423 0.2979
11.7593 0.3416 0.2963
11.7754 0.3409 0.2946
11.7916 0.3402 0.2929
11.8077 0.3394 0.2913
11.8239 0.3387 0.2896
11.8400 0.3379 0.2880
11.8562 0.3371 0.2863
11.8723 0.3363 0.2847
11.8885 0.3355 0.2831
11.9046 0.3346 0.2815
11.9208 0.3338 0.2799
11.9369 0.3329 0.2783
11.9531 0.3320 0.2768
11.9693 0.3311 0.2752
11.9854 0.3302 0.2737
12.0016 0.3293 0.2722
12.0177 0.3284 0.2706
12.0339 0.3274 0.2691
12.0500 0.3265 0.2676
12.0662 0.3255 0.2661
12.0823 0.3245 0.2646
12.0985 0.3235 0.2632
12.1146 0.3225 0.2617
12.1308 0.3215 0.2602
12.1469 0.3205 0.2587
12.1631 0.3194 0.2572
12.1792 0.3183 0.2557
12.1954 0.3172 0.2542
12.2115 0.3161 0.2527
12.2277 0.3150 0.2512
12.2438 0.3138 0.2496
12.2600 0.3126 0.2481
12.2762 0.3113 0.2466
12.2923 0.3100 0.2450
12.3085 0.3087 0.2435
12.3246 0.3073 0.2420
12.3408 0.3058 0.2405
12.3569 0.3043 0.2390
12.3731 0.3028 0.2376
12.3892 0.3012 0.2361
12.4054 0.2996 0.2347
12.4215 0.2979 0.2333
12.4377 0.2961 0.2319
12.4538 0.2943 0.2306
12.4700 0.2925 0.2293
12.4861 0.2905 0.2281
12.5023 0.2886 0.2268
12.5184 0.2865 0.2256
12.5346 0.2844 0.2244
12.5508 0.2823 0.2233
12.5669 0.2801 0.2221
12.5831 0.2779 0.2210
12.5992 0.2756 0.2199
12.6154 0.2732 0.2188
12.6315 0.2709 0.2177
12.6477 0.2685 0.2166
12.6638 0.2660 0.2154
12.6800 0.2636 0.2143
12.6961 0.2612 0.2132
12.7123 0.2587 0.2120
12.7284 0.2563 0.2108
12.7446 0.2538 0.2096
12.7607 0.2514 0.2084
12.7769 0.2490 0.2072
12.7930 0.2467 0.2060
12.8092 0.2444 0.2047
12.8254 0.2422 0.2035
12.8415 0.2400 0.2022
12.8577 0.2379 0.2009
12.8738 0.2358 0.1997
12.8900 0.2338 0.1984
12.9061 0.2319 0.1972
12.9223 0.2300 0.1959
12.9384 0.2282 0.1947
12.9546 0.2264 0.1935
12.9707 0.2247 0.1923
12.9869 0.2231 0.1911
13.0030 0.2215 0.1899
13.0192 0.2199 0.1888
13.0353 0.2183 0.1876
13.0515 0.2168 0.1865
13.0676 0.2153 0.1854
13.0838 0.2138 0.1843
13.0999 0.2123 0.1832
13.1161 0.2108 0.1821
13.1323 0.2093 0.1810
13.1484 0.2078 0.1799
13.1646 0.2062 0.1788
13.1807 0.2047 0.1777
13.1969 0.2031 0.1765
13.2130 0.2015 0.1754
13.2292 0.1999 0.1742
13.2453 0.1983 0.1730
13.2615 0.1966 0.1718
13.2776 0.1950 0.1705
13.2938 0.1933 0.1693
13.3099 0.1916 0.1679
13.3261 0.1898 0.1666
13.3422 0.1881 0.1652
13.3584 0.1863 0.1638
13.3745 0.1846 0.1623
13.3907 0.1828 0.1608
13.4069 0.1810 0.1593
13.4230 0.1792 0.1578
13.4392 0.1774 0.1562
13.4553 0.1756 0.1547
13.4715 0.1737 0.1531
13.4876 0.1719 0.1515
13.5038 0.1700 0.1499
13.5199 0.1682 0.1482
13.5361 0.1663 0.1466
13.5522 0.1644 0.1450
13.5684 0.1626 0.1434
13.5845 0.1607 0.1419
13.6007 0.1588 0.1403
13.6168 0.1570 0.1387
13.6330 0.1551 0.1372
13.6491 0.1533 0.1357
13.6653 0.1514 0.1342
13.6815 0.1496 0.1327
13.6976 0.1477 0.1313
13.7138 0.1459 0.1299
13.7299 0.1441 0.1285
13.7461 0.1423 0.1271
13.7622 0.1405 0.1258
13.7784 0.1387 0.1245
13.7945 0.1370 0.1232
13.8107 0.1352 0.1219
13.8268 0.1335 0.1206
13.8430 0.1317 0.1193
13.8591 0.1300 0.1180
13.8753 0.1283 0.1168
13.8914 0.1266 0.1155
13.9076 0.1249 0.1143
13.9237 0.1232 0.1130
13.9399 0.1216 0.1117
13.9560 0.1199 0.1105
13.9722 0.1183 0.1092
13.9884 0.1167 0.1079
14.0045 0.1151 0.1067
14.0207 0.1135 0.1054
14.0368 0.1120 0.1041
14.0530 0.1104 0.1028
14.0691 0.1089 0.1015
14.0853 0.1075 0.1003
14.1014 0.1060 0.0990
14.1176 0.1046 0.0977
14.1337 0.1032 0.0965
14.1499 0.1019 0.0953
14.1660 0.1005 0.0941
14.1822 0.0992 0.0929
14.1983 0.0980 0.0917
14.2145 0.0967 0.0906
14.2306 0.0955 0.0895
14.2468 0.0943 0.0884
14.2630 0.0931 0.0873
14.2791 0.0920 0.0863
14.2953 0.0908 0.0853
14.3114 0.0897 0.0843
14.3276 0.0886 0.0834
14.3437 0.0875 0.0824
14.3599 0.0864 0.0815
14.3760 0.0853 0.0806
14.3922 0.0842 0.0797
14.4083 0.0832 0.0788
14.4245 0.0821 0.0779
14.4406 0.0810 0.0770
14.4568 0.0800 0.0762
14.4729 0.0789 0.0753
14.4891 0.0778 0.0745
14.5052 0.0768 0.0736
14.5214 0.0757 0.0727
14.5376 0.0747 0.0719
14.5537 0.0736 0.0710
14.5699 0.0726 0.0702
14.5860 0.0716 0.0693
14.6022 0.0705 0.0685
14.6183 0.0695 0.0676
14.6345 0.0685 0.0668
14.6506 0.0675 0.0659
14.6668 0.0666 0.0651
14.6829 0.0656 0.0643
14.6991 0.0647 0.0635
14.7152 0.0637 0.0627
14.7314 0.0628 0.0619
14.7475 0.0619 0.0611
14.7637 0.0611 0.0603
14.7798 0.0602 0.0596
14.7960 0.0594 0.0588
14.8122 0.0586 0.0581
14.8283 0.0578 0.0574
14.8445 0.0570 0.0567
14.8606 0.0563 0.0560
14.8768 0.0555 0.0553
14.8929 0.0548 0.0546
14.9091 0.0540 0.0539
14.9252 0.0533 0.0533
14.9414 0.0526 0.0526
14.9575 0.0519 0.0520
14.9737 0.0512 0.0514
14.9898 0.0505 0.0507
15.0060 0.0499 0.0501
15.0221 0.0492 0.0495
15.0383 0.0486 0.0489
15.0544 0.0479 0.0483
15.0706 0.0473 0.0477
15.0867 0.0466 0.0471
15.1029 0.0460 0.0465
15.1191 0.0454 0.0460
15.1352 0.0448 0.0454
15.1514 0.0442 0.0448
15.1675 0.0436 0.0443
15.1837 0.0430 0.0438
15.1998 0.0425 0.0432
15.2160 0.0419 0.0427
15.2321 0.0414 0.0422
15.2483 0.0409 0.0417
15.2644 0.0404 0.0412
15.2806 0.0399 0.0407
15.2967 0.0394 0.0402
15.3129 0.0389 0.0398
15.3290 0.0384 0.0393
15.3452 0.0380 0.0389
15.3613 0.0375 0.0385
15.3775 0.0371 0.0380
15.3937 0.0367 0.0376
15.4098 0.0362 0.0372
15.4260 0.0358 0.0368
15.4421 0.0354 0.0364
15.4583 0.0350 0.0360
15.4744 0.0346 0.0356
15.4906 0.0342 0.0352
15.5067 0.0339 0.0348
15.5229 0.0335 0.0344
15.5390 0.0331 0.0340
15.5552 0.0327 0.0336
15.5713 0.0323 0.0333
15.5875 0.0320 0.0329
15.6036 0.0316 0.0325
15.6198 0.0312 0.0321
15.6359 0.0309 0.0317
15.6521 0.0305 0.0313
15.6683 0.0302 0.0309
15.6844 0.0298 0.0306
15.7006 0.0295 0.0302
15.7167 0.0291 0.0298
15.7329 0.0288 0.0294
15.7490 0.0285 0.0291
15.7652 0.0281 0.0287
15.7813 0.0278 0.0283
15.7975 0.0275 0.0280
15.8136 0.0272 0.0276
15.8298 0.0269 0.0273
15.8459 0.0266 0.0269
15.8621 0.0263 0.0266
15.8782 0.0261 0.0263
15.8944 0.0258 0.0260
15.9105 0.0256 0.0256
15.9267 0.0253 0.0253
15.9428 0.0251 0.0250
15.9590 0.0248 0.0248
15.9752 0.0246 0.0245
15.9913 0.0243 0.0242
16.0075 0.0241 0.0239
16.0236 0.0239 0.0237
16.0398 0.0237 0.0235
16.0559 0.0234 0.0232
16.0721 0.0232 0.0230
16.0882 0.0230 0.0228
16.1044 0.0227 0.0225
16.1205 0.0225 0.0223
16.1367 0.0222 0.0221
16.1528 0.0220 0.0219
16.1690 0.0218 0.0217
16.1851 0.0215 0.0215
16.2013 0.0213 0.0213
16.2174 0.0210 0.0211
16.2336 0.0208 0.0209
16.2498 0.0206 0.0207
16.2659 0.0203 0.0205
16.2821 0.0201 0.0203
16.2982 0.0198 0.0201
16.3144 0.0196 0.0199
16.3305 0.0194 0.0197
16.3467 0.0192 0.0195
16.3628 0.0189 0.0193
16.3790 0.0187 0.0191
16.3951 0.0185 0.0189
16.4113 0.0183 0.0187
16.4274 0.0181 0.0185
16.4436 0.0179 0.0183
16.4597 0.0177 0.0181
16.4759 0.0175 0.0179
16.4920 0.0173 0.0176
16.5082 0.0171 0.0174
16.5244 0.0169 0.0172
16.5405 0.0168 0.0170
16.5567 0.0166 0.0168
16.5728 0.0164 0.0166
16.5890 0.0162 0.0164
16.6051 0.0161 0.0163
16.6213 0.0159 0.0161
16.6374 0.0157 0.0159
16.6536 0.0156 0.0157
16.6697 0.0154 0.0155
16.6859 0.0152 0.0153
16.7020 0.0151 0.0152
16.7182 0.0149 0.0150
16.7343 0.0148 0.0148
16.7505 0.0146 0.0147
16.7666 0.0145 0.0145
16.7828 0.0144 0.0144
16.7989 0.0142 0.0142
16.8151 0.0141 0.0140
16.8313 0.0140 0.0139
16.8474 0.0138 0.0137
16.8636 0.0137 0.0136
16.8797 0.0136 0.0134
16.8959 0.0135 0.0133
16.9120 0.0134 0.0132
16.9282 0.0133 0.0130
16.9443 0.0131 0.0129
16.9605 0.0130 0.0128
16.9766 0.0129 0.0126
16.9928 0.0128 0.0125
17.0089 0.0127 0.0124
17.0251 0.0127 0.0122
17.0412 0.0126 0.0121
17.0574 0.0125 0.0120
17.0735 0.0124 0.0119
17.0897 0.0123 0.0118
17.1059 0.0122 0.0117
17.1220 0.0121 0.0116
17.1382 0.0120 0.0115
17.1543 0.0119 0.0114
17.1705 0.0118 0.0113
17.1866 0.0117 0.0112
17.2028 0.0116 0.0111
17.2189 0.0116 0.0110
17.2351 0.0115 0.0109
17.2512 0.0114 0.0108
17.2674 0.0113 0.0107
17.2835 0.0112 0.0106
17.2997 0.0111 0.0106
17.3158 0.0110 0.0105
17.3320 0.0109 0.0104
17.3481 0.0108 0.0103
17.3643 0.0108 0.0102
17.3805 0.0107 0.0102
17.3966 0.0106 0.0101
17.4128 0.0105 0.0100
17.4289 0.0104 0.0099
17.4451 0.0103 0.0099
17.4612 0.0102 0.0098
17.4774 0.0101 0.0097
17.4935 0.0101 0.0096
17.5097 0.0100 0.0095
17.5258 0.0099 0.0095
17.5420 0.0098 0.0094
17.5581 0.0097 0.0093
17.5743 0.0096 0.0092
17.5904 0.0095 0.0092
17.6066 0.0094 0.0091
17.6227 0.0094 0.0090
17.6389 0.0093 0.0089
17.6550 0.0092 0.0089
17.6712 0.0091 0.0088
17.6874 0.0090 0.0087
17.7035 0.0089 0.0086
17.7197 0.0088 0.0085
17.7358 0.0087 0.0085
17.7520 0.0087 0.0084
17.7681 0.0086 0.0083
17.7843 0.0085 0.0082
17.8004 0.0084 0.0081
17.8166 0.0083 0.0081
17.8327 0.0082 0.0080
17.8489 0.0082 0.0079
17.8650 0.0081 0.0078
17.8812 0.0080 0.0078
17.8973 0.0079 0.0077
17.9135 0.0079 0.0076
17.9296 0.0078 0.0075
17.9458 0.0077 0.0075
17.9620 0.0076 0.0074
17.9781 0.0076 0.0073
17.9943 0.0075 0.0073
18.0104 0.0074 0.0072
18.0266 0.0074 0.0071
18.0427 0.0073 0.0071
18.0589 0.0073 0.0070
18.0750 0.0072 0.0069
18.0912 0.0072 0.0069
18.1073 0.0071 0.0068
18.1235 0.0070 0.0067
18.1396 0.0070 0.0067
18.1558 0.0069 0.0066
18.1719 0.0069 0.0066
18.1881 0.0068 0.0065
18.2042 0.0068 0.0064
18.2204 0.0067 0.0064
18.2366 0.0067 0.0063
18.2527 0.0066 0.0063
18.2689 0.0066 0.0062
18.2850 0.0065 0.0061
18.3012 0.0065 0.0061
18.3173 0.0064 0.0060
18.3335 0.0064 0.0060
18.3496 0.0063 0.0059
18.3658 0.0063 0.0059
18.3819 0.0062 0.0058
18.3981 0.0061 0.0058
18.4142 0.0061 0.0057
18.4304 0.0060 0.0056
18.4465 0.0060 0.0056
18.4627 0.0059 0.0055
18.4788 0.0059 0.0055
18.4950 0.0058 0.0054
18.5111 0.0058 0.0054
18.5273 0.0057 0.0053
18.5435 0.0057 0.0053
18.5596 0.0056 0.0052
18.5758 0.0056 0.0052
18.5919 0.0055 0.0051
18.6081 0.0055 0.0051
18.6242 0.0054 0.0050
18.6404 0.0054 0.0050
18.6565 0.0054 0.0049
18.6727 0.0053 0.0049
18.6888 0.0053 0.0048
18.7050 0.0052 0.0048
18.7211 0.0052 0.0047
18.7373 0.0052 0.0047
18.7534 0.0051 0.0046
18.7696 0.0051 0.0046
18.7857 0.0050 0.0045
18.8019 0.0050 0.0045
18.8181 0.0049 0.0044
18.8342 0.0049 0.0044
18.8504 0.0048 0.0043
18.8665 0.0048 0.0043
18.8827 0.0048 0.0042
18.8988 0.0047 0.0042
18.9150 0.0047 0.0042
18.9311 0.0046 0.0041
18.9473 0.0046 0.0041
18.9634 0.0045 0.0040
18.9796 0.0045 0.0040
18.9957 0.0044 0.0040
19.0119 0.0043 0.0039
19.0280 0.0043 0.0039
19.0442 0.0042 0.0038
19.0603 0.0042 0.0038
19.0765 0.0041 0.0038
19.0927 0.0041 0.0037
19.1088 0.0041 0.0037
19.1250 0.0040 0.0037
19.1411 0.0040 0.0036
19.1573 0.0039 0.0036
19.1734 0.0039 0.0036
19.1896 0.0038 0.0035
19.2057 0.0038 0.0035
19.2219 0.0037 0.0035
19.2380 0.0037 0.0034
19.2542 0.0037 0.0034
19.2703 0.0036 0.0034
19.2865 0.0036 0.0033
19.3026 0.0035 0.0033
19.3188 0.0035 0.0033
19.3349 0.0035 0.0033
19.3511 0.0034 0.0032
19.3672 0.0034 0.0032
19.3834 0.0034 0.0032
19.3996 0.0033 0.0032
19.4157 0.0033 0.0031
19.4319 0.0033 0.0031
19.4480 0.0032 0.0031
19.4642 0.0032 0.0030
19.4803 0.0032 0.0030
19.4965 0.0031 0.0030
19.5126 0.0031 0.0030
19.5288 0.0031 0.0030
19.5449 0.0030 0.0029
19.5611 0.0030 0.0029
19.5772 0.0030 0.0029
19.5934 0.0029 0.0029
19.6095 0.0029 0.0029
19.6257 0.0029 0.0028
19.6418 0.0029 0.0028
19.6580 0.0028 0.0028
19.6742 0.0028 0.0028
19.6903 0.0028 0.0028
19.7065 0.0028 0.0028
19.7226 0.0027 0.0027
19.7388 0.0027 0.0027
19.7549 0.0027 0.0027
19.7711 0.0027 0.0027
19.7872 0.0027 0.0027
19.8034 0.0026 0.0027
19.8195 0.0026 0.0027
19.8357 0.0026 0.0026
19.8518 0.0026 0.0026
19.8680 0.0026 0.0026
19.8841 0.0025 0.0026
19.9003 0.0025 0.0026
19.9164 0.0025 0.0026
19.9326 0.0025 0.0025
19.9488 0.0025 0.0025
19.9649 0.0025 0.0025
19.9811 0.0024 0.0025
19.9972 0.0024 0.0025
20.0134 0.0024 0.0024
20.0295 0.0024 0.0024
20.0457 0.0024 0.0024
20.0618 0.0023 0.0024
20.0780 0.0023 0.0024
20.0941 0.0023 0.0023
20.1103 0.0023 0.0023
20.1264 0.0023 0.0023
20.1426 0.0023 0.0023
20.1587 0.0022 0.0023
20.1749 0.0022 0.0022
20.1910 0.0022 0.0022
20.2072 0.0022 0.0022
20.2233 0.0022 0.0022
20.2395 0.0022 0.0022
20.2557 0.0021 0.0021
20.2718 0.0021 0.0021
20.2880 0.0021 0.0021
20.3041 0.0021 0.0021
20.3203 0.0021 0.0021
20.3364 0.0021 0.0020
20.3526 0.0021 0.0020
20.3687 0.0020 0.0020
20.3849 0.0020 0.0020
20.4010 0.0020 0.0020
20.4172 0.0020 0.0020
20.4333 0.0020 0.0020
20.4495 0.0020 0.0019
20.4656 0.0019 0.0019
20.4818 0.0019 0.0019
20.4979 0.0019 0.0019
20.5141 0.0019 0.0019
20.5303 0.0019 0.0019
20.5464 0.0019 0.0019
20.5626 0.0019 0.0019
20.5787 0.0018 0.0019
20.5949 0.0018 0.0018
20.6110 0.0018 0.0018
20.6272 0.0018 0.0018
20.6433 0.0018 0.0018
20.6595 0.0018 0.0018
20.6756 0.0018 0.0018
20.6918 0.0018 0.0018
20.7079 0.0017 0.0018
20.7241 0.0017 0.0018
20.7402 0.0017 0.0018
20.7564 0.0017 0.0017
20.7725 0.0017 0.0017
20.7887 0.0017 0.0017
20.8049 0.0017 0.0017
20.8210 0.0017 0.0017
20.8372 0.0017 0.0017
20.8533 0.0016 0.0017
20.8695 0.0016 0.0017
20.8856 0.0016 0.0016
20.9018 0.0016 0.0016
20.9179 0.0016 0.0016
20.9341 0.0016 0.0016
20.9502 0.0016 0.0016
20.9664 0.0016 0.0016
20.9825 0.0016 0.0016
20.9987 0.0016 0.0016
21.0148 0.0015 0.0016
21.0310 0.0015 0.0015
21.0471 0.0015 0.0015
21.0633 0.0015 0.0015
21.0795 0.0015 0.0015
21.0956 0.0015 0.0015
21.1118 0.0015 0.0015
21.1279 0.0015 0.0015
21.1441 0.0015 0.0015
21.1602 0.0015 0.0015
21.1764 0.0015 0.0014
21.1925 0.0014 0.0014
21.2087 0.0014 0.0014
21.2248 0.0014 0.0014
21.2410 0.0014 0.0014
21.2571 0.0014 0.0014
21.2733 0.0014 0.0014
21.2894 0.0014 0.0014
21.3056 0.0014 0.0014
21.3217 0.0014 0.0014
21.3379 0.0013 0.0014
21.3540 0.0013 0.0014
21.3702 0.0013 0.0014
21.3864 0.0013 0.0013
21.4025 0.0013 0.0013
21.4187 0.0013 0.0013
21.4348 0.0013 0.0013
21.4510 0.0013 0.0013
21.4671 0.0013 0.0013
21.4833 0.0012 0.0013
21.4994 0.0012 0.0013
21.5156 0.0012 0.0013
21.5317 0.0012 0.0013
21.5479 0.0012 0.0013
21.5640 0.0012 0.0013
21.5802 0.0012 0.0013
21.5963 0.0012 0.0013
21.6125 0.0012 0.0013
21.6286 0.0012 0.0013
21.6448 0.0012 0.0012
21.6610 0.0012 0.0012
21.6771 0.0012 0.0012
21.6933 0.0011 0.0012
21.7094 0.0011 0.0012
21.7256 0.0011 0.0012
21.7417 0.0011 0.0012
21.7579 0.0011 0.0012
21.7740 0.0011 0.0012
21.7902 0.0011 0.0012
21.8063 0.0011 0.0012
21.8225 0.0011 0.0012
21.8386 0.0011 0.0012
21.8548 0.0011 0.0012
21.8709 0.0011 0.0012
21.8871 0.0011 0.0011
21.9032 0.0011 0.0011
21.9194 0.0011 0.0011
21.9356 0.0011 0.0011
21.9517 0.0011 0.0011
21.9679 0.0011 0.0011
21.9840 0.0011 0.0011
22.0002 0.0011 0.0011
22.0163 0.0010 0.0011
22.0325 0.0010 0.0011
22.0486 0.0010 0.0011
22.0648 0.0010 0.0011
22.0809 0.0010 0.0011
22.0971 0.0010 0.0011
22.1132 0.0010 0.0010
22.1294 0.0010 0.0010
22.1455 0.0010 0.0010
22.1617 0.0010 0.0010
22.1778 0.0010 0.0010
22.1940 0.0010 0.0010
22.2101 0.0010 0.0010
22.2263 0.0010 0.0010
22.2425 0.0010 0.0010
22.2586 0.0010 0.0010
22.2748 0.0010 0.0010
22.2909 0.0010 0.0010
22.3071 0.0010 0.0010
22.3232 0.0009 0.0010
22.3394 0.0009 0.0010
22.3555 0.0009 0.0009
22.3717 0.0009 0.0009
22.3878 0.0009 0.0009
22.4040 0.0009 0.0009
22.4201 0.0009 0.0009
22.4363 0.0009 0.0009
22.4524 0.0009 0.0009
22.4686 0.0009 0.0009
22.4847 0.0009 0.0009
22.5009 0.0009 0.0009
22.5171 0.0009 0.0009
22.5332 0.0009 0.0009
22.5494 0.0009 0.0009
22.5655 0.0009 0.0009
22.5817 0.0009 0.0009
22.5978 0.0009 0.0009
22.6140 0.0009 0.0009
22.6301 0.0009 0.0009
22.6463 0.0009 0.0009
22.6624 0.0009 0.0009
22.6786 0.0009 0.0009
22.6947 0.0008 0.0009
22.7109 0.0008 0.0009
22.7270 0.0008 0.0009
22.7432 0.0008 0.0009
22.7593 0.0008 0.0009
22.7755 0.0008 0.0008
22.7917 0.0008 0.0008
22.8078 0.0008 0.0008
22.8240 0.0008 0.0008
22.8401 0.0008 0.0008
22.8563 0.0008 0.0008
22.8724 0.0008 0.0008
22.8886 0.0008 0.0008
22.9047 0.0008 0.0008
22.9209 0.0008 0.0008
22.9370 0.0008 0.0008
22.9532 0.0008 0.0008
22.9693 0.0008 0.0008
22.9855 0.0008 0.0008
23.0016 0.0008 0.0008
23.0178 0.0008 0.0008
23.0339 0.0008 0.0008
23.0501 0.0008 0.0008
23.0662 0.0008 0.0008
23.0824 0.0008 0.0008
23.0986 0.0008 0.0008
23.1147 0.0008 0.0008
23.1309 0.0008 0.0008
23.1470 0.0008 0.0008
23.1632 0.0008 0.0008
23.1793 0.0008 0.0008
23.1955 0.0008 0.0008
23.2116 0.0008 0.0008
23.2278 0.0008 0.0008
23.2439 0.0008 0.0008
23.2601 0.0008 0.0008
23.2762 0.0008 0.0008
23.2924 0.0008 0.0008
23.3085 0.0008 0.0008
23.3247 0.0008 0.0008
23.3408 0.0008 0.0008
23.3570 0.0008 0.0008
23.3732 0.0008 0.0008
23.3893 0.0008 0.0008
23.4055 0.0008 0.0008
23.4216 0.0008 0.0008
23.4378 0.0008 0.0008
23.4539 0.0008 0.0008
23.4701 0.0008 0.0008
23.4862 0.0008 0.0008
23.5024 0.0008 0.0008
23.5185 0.0008 0.0008
23.5347 0.0008 0.0008
23.5508 0.0008 0.0007
23.5670 0.0008 0.0007
23.5831 0.0008 0.0007
23.5993 0.0007 0.0007
23.6154 0.0007 0.0007
23.6316 0.0007 0.0007
23.6478 0.0007 0.0007
23.6639 0.0007 0.0007
23.6801 0.0007 0.0007
23.6962 0.0007 0.0007
23.7124 0.0007 0.0007
23.7285 0.0007 0.0007
23.7447 0.0007 0.0007
23.7608 0.0007 0.0007
23.7770 0.0007 0.0007
23.7931 0.0007 0.0007
23.8093 0.0007 0.0006
23.8254 0.0007 0.0006
23.8416 0.0007 0.0006
23.8577 0.0007 0.0006
23.8739 0.0007 0.0006
23.8900 0.0006 0.0006
23.9062 0.0006 0.0006
23.9223 0.0006 0.0006
23.9385 0.0006 0.0006
23.9547 0.0006 0.0006
23.9708 0.0006 0.0006
23.9870 0.0006 0.0006
24.0031 0.0006 0.0006
24.0193 0.0006 0.0006
24.0354 0.0006 0.0006
24.0516 0.0006 0.0006
24.0677 0.0006 0.0006
24.0839 0.0005 0.0005
24.1000 0.0005 0.0005
24.1162 0.0005 0.0005
24.1323 0.0005 0.0005
24.1485 0.0005 0.0005
24.1646 0.0005 0.0005
24.1808 0.0005 0.0005
24.1969 0.0005 0.0005
24.2131 0.0005 0.0005
24.2293 0.0005 0.0005
24.2454 0.0005 0.0005
24.2616 0.0005 0.0005
24.2777 0.0005 0.0005
24.2939 0.0005 0.0005
24.3100 0.0005 0.0005
24.3262 0.0005 0.0005
24.3423 0.0004 0.0005
24.3585 0.0004 0.0005
24.3746 0.0004 0.0005
24.3908 0.0004 0.0004
24.4069 0.0004 0.0004
24.4231 0.0004 0.0004
24.4392 0.0004 0.0004
24.4554 0.0004 0.0004
24.4715 0.0004 0.0004
24.4877 0.0004 0.0004
24.5039 0.0004 0.0004
24.5200 0.0004 0.0004
24.5362 0.0004 0.0004
24.5523 0.0004 0.0004
24.5685 0.0004 0.0004
24.5846 0.0004 0.0004
24.6008 0.0004 0.0004
24.6169 0.0004 0.0004
24.6331 0.0004 0.0004
24.6492 0.0004 0.0004
24.6654 0.0004 0.0004
24.6815 0.0003 0.0003
24.6977 0.0003 0.0003
24.7138 0.0003 0.0003
24.7300 0.0003 0.0003
24.7461 0.0003 0.0003
24.7623 0.0003 0.0003
24.7784 0.0003 0.0003
24.7946 0.0003 0.0003
24.8108 0.0003 0.0003
24.8269 0.0003 0.0003
24.8431 0.0003 0.0003
24.8592 0.0003 0.0003
24.8754 0.0003 0.0003
24.8915 0.0003 0.0003
24.9077 0.0003 0.0003
24.9238 0.0003 0.0003
24.9400 0.0003 0.0003
24.9561 0.0003 0.0003
24.9723 0.0003 0.0003
24.9884 0.0003 0.0003
25.0046 0.0003 0.0003
25.0207 0.0003 0.0003
25.0369 0.0003 0.0003
25.0530 0.0003 0.0003
25.0692 0.0003 0.0003
25.0854 0.0003 0.0003
25.1015 0.0003 0.0002
25.1177 0.0003 0.0002
25.1338 0.0002 0.0002
25.1500 0.0002 0.0002
25.1661 0.0002 0.0002
25.1823 0.0002 0.0002
25.1984 0.0002 0.0002
25.2146 0.0002 0.0002
25.2307 0.0002 0.0002
25.2469 0.0002 0.0002
25.2630 0.0002 0.0002
25.2792 0.0002 0.0002
25.2953 0.0002 0.0002
25.3115 0.0002 0.0002
25.3276 0.0002 0.0002
25.3438 0.0002 0.0002
25.3600 0.0002 0.0002
25.3761 0.0002 0.0002
25.3923 0.0002 0.0002
25.4084 0.0002 0.0002
25.4246 0.0002 0.0002
25.4407 0.0002 0.0002
25.4569 0.0002 0.0002
25.4730 0.0002 0.0002
25.4892 0.0002 0.0002
25.5053 0.0002 0.0002
25.5215 0.0002 0.0002
25.5376 0.0002 0.0002
25.5538 0.0002 0.0002
25.5699 0.0002 0.0002
25.5861 0.0002 0.0002
25.6022 0.0002 0.0002
25.6184 0.0002 0.0002
25.6345 0.0002 0.0002
25.6507 0.0002 0.0002
25.6669 0.0002 0.0002
25.6830 0.0002 0.0002
25.6992 0.0002 0.0002
25.7153 0.0002 0.0002
25.7315 0.0002 0.0002
25.7476 0.0002 0.0002
25.7638 0.0002 0.0002
25.7799 0.0002 0.0002
25.7961 0.0002 0.0002
25.8122 0.0001 0.0002
25.8284 0.0001 0.0002
25.8445 0.0001 0.0002
25.8607 0.0001 0.0001
25.8768 0.0001 0.0001
25.8930 0.0001 0.0001
25.9091 0.0001 0.0001
25.9253 0.0001 0.0001
25.9415 0.0001 0.0001
25.9576 0.0001 0.0001
25.9738 0.0001 0.0001
25.9899 0.0001 0.0001
26.0061 0.0001 0.0001
26.0222 0.0001 0.0001
26.0384 0.0001 0.0001
26.0545 0.0001 0.0001
26.0707 0.0001 0.0001
26.0868 0.0001 0.0001
26.1030 0.0001 0.0001
26.1191 0.0001 0.0001
26.1353 0.0001 0.0001
26.1514 0.0001 0.0001
26.1676 0.0001 0.0001
26.1837 0.0001 0.0001
26.1999 0.0001 0.0001
26.2161 0.0001 0.0001
26.2322 0.0001 0.0001
26.2484 0.0001 0.0001
26.2645 0.0001 0.0001
26.2807 0.0001 0.0001
26.2968 0.0001 0.0001
26.3130 0.0001 0.0001
26.3291 0.0001 0.0001
26.3453 0.0001 0.0001
26.3614 0.0001 0.0001
26.3776 0.0001 0.0001
26.3937 0.0001 0.0001
26.4099 0.0001 0.0001
26.4260 0.0001 0.0001
26.4422 0.0001 0.0001
26.4583 0.0001 0.0001
26.4745 0.0001 0.0001
26.4907 0.0001 0.0001
26.5068 0.0001 0.0001
26.5230 0.0001 0.0001
26.5391 0.0001 0.0001
26.5553 0.0001 0.0001
26.5714 0.0001 0.0001
26.5876 0.0001 0.0001
26.6037 0.0001 0.0001
26.6199 0.0001 0.0001
26.6360 0.0001 0.0001
26.6522 0.0001 0.0001
26.6683 0.0001 0.0001
26.6845 0.0001 0.0001
26.7006 0.0001 0.0001
26.7168 0.0001 0.0001
26.7329 0.0001 0.0001
26.7491 0.0001 0.0001
26.7652 0.0001 0.0001
26.7814 0.0001 0.0001
26.7976 0.0001 0.0001
26.8137 0.0001 0.0001
26.8299 0.0001 0.0001
26.8460 0.0001 0.0001
26.8622 0.0001 0.0001
26.8783 0.0001 0.0001
26.8945 0.0001 0.0001
26.9106 0.0001 0.0001
26.9268 0.0001 0.0001
26.9429 0.0001 0.0001
26.9591 0.0001 0.0001
26.9752 0.0001 0.0001
26.9914 0.0001 0.0001
27.0075 0.0001 0.0001
27.0237 0.0001 0.0001
27.0398 0.0001 0.0001
27.0560 0.0001 0.0001
27.0722 0.0001 0.0001
27.0883 0.0001 0.0001
27.1045 0.0001 0.0001
27.1206 0.0001 0.0001
27.1368 0.0001 0.0001
27.1529 0.0001 0.0001
27.1691 0.0001 0.0001
27.1852 0.0001 0.0001
27.2014 0.0001 0.0001
27.2175 0.0001 0.0001
27.2337 0.0001 0.0001
27.2498 0.0001 0.0001
27.2660 0.0001 0.0001
27.2821 0.0001 0.0001
27.2983 0.0001 0.0000
27.3144 0.0001 0.0000
27.3306 0.0001 0.0000
27.3468 0.0001 0.0000
27.3629 0.0001 0.0000
27.3791 0.0001 0.0000
27.3952 0.0001 0.0000
27.4114 0.0001 0.0000
27.4275 0.0001 0.0000
27.4437 0.0000 0.0000
27.4598 0.0000 0.0000
27.4760 0.0000 0.0000
27.4921 0.0000 0.0000
27.5083 0.0000 0.0000
27.5244 0.0000 0.0000
27.5406 0.0000 0.0000
27.5567 0.0000 0.0000
27.5729 0.0000 0.0000
27.5890 0.0000 0.0000
27.6052 0.0000 0.0000
27.6213 0.0000 0.0000
27.6375 0.0000 0.0000
27.6537 0.0000 0.0000
27.6698 0.0000 0.0000
27.6860 0.0000 0.0000
27.7021 0.0000 0.0000
27.7183 0.0000 0.0000
27.7344 0.0000 0.0000
27.7506 0.0000 0.0000
27.7667 0.0000 0.0000
27.7829 0.0000 0.0000
27.7990 0.0000 0.0000
27.8152 0.0000 0.0000
27.8313 0.0000 0.0000
27.8475 0.0000 0.0000
27.8636 0.0000 0.0000
27.8798 0.0000 0.0000
27.8959 0.0000 0.0000
27.9121 0.0000 0.0000
27.9283 0.0000 0.0000
27.9444 0.0000 0.0000
27.9606 0.0000 0.0000
27.9767 0.0000 0.0000
27.9929 0.0000 0.0000
28.0090 0.0000 0.0000
28.0252 0.0000 0.0000
28.0413 0.0000 0.0000
28.0575 0.0000 0.0000
28.0736 0.0000 0.0000
28.0898 0.0000 0.0000
28.1059 0.0000 0.0000
28.1221 0.0000 0.0000
28.1382 0.0000 0.0000
28.1544 0.0000 0.0000
28.1705 0.0000 0.0000
28.1867 0.0000 0.0000
28.2029 0.0000 0.0000
28.2190 0.0000 0.0000
28.2352 0.0000 0.0000
28.2513 0.0000 0.0000
28.2675 0.0000 0.0000
28.2836 0.0000 0.0000
28.2998 0.0000 0.0000
28.3159 0.0000 0.0000
28.3321 0.0000 0.0000
28.3482 0.0000 0.0000
28.3644 0.0000 0.0000
28.3805 0.0000 0.0000
28.3967 0.0000 0.0000
28.4128 0.0000 0.0000
28.4290 0.0000 0.0000
28.4451 0.0000 0.0000
28.4613 0.0000 0.0000
28.4774 0.0000 0.0000
28.4936 0.0000 0.0000
28.5098 0.0000 0.0000
28.5259 0.0000 0.0000
28.5421 0.0000 0.0000
28.5582 0.0000 0.0000
28.5744 0.0000 0.0000
28.5905 0.0000 0.0000
28.6067 0.0000 0.0000
28.6228 0.0000 0.0000
28.6390 0.0000 0.0000
28.6551 0.0000 0.0000
28.6713 0.0000 0.0000
28.6874 0.0000 0.0000
28.7036 0.0000 0.0000
28.7197 0.0000 0.0000
28.7359 0.0000 0.0000
28.7520 0.0000 0.0000
28.7682 0.0000 0.0000
28.7844 0.0000 0.0000
28.8005 0.0000 0.0000
28.8167 0.0000 0.0000
28.8328 0.0000 0.0000
28.8490 0.0000 0.0000
28.8651 0.0000 0.0000
28.8813 0.0000 0.0000
28.8974 0.0000 0.0000
28.9136 0.0000 0.0000
28.9297 0.0000 0.0000
28.9459 0.0000 0.0000
28.9620 0.0000 0.0000
28.9782 0.0000 0.0000
28.9943 0.0000 0.0000
29.0105 0.0000 0.0000
29.0266 0.0000 0.0000
29.0428 0.0000 0.0000
29.0590 0.0000 0.0000
29.0751 0.0000 0.0000
29.0913 0.0000 0.0000
29.1074 0.0000 0.0000
29.1236 0.0000 0.0000
29.1397 0.0000 0.0000
29.1559 0.0000 0.0000
29.1720 0.0000 0.0000
29.1882 0.0000 0.0000
29.2043 0.0000 0.0000
29.2205 0.0000 0.0000
29.2366 0.0000 0.0000
29.2528 0.0000 0.0000
29.2689 0.0000 0.0000
29.2851 0.0000 0.0000
29.3012 0.0000 0.0000
29.3174 0.0000 0.0000
29.3335 0.0000 0.0000
29.3497 0.0000 0.0000
29.3659 0.0000 0.0000
29.3820 0.0000 0.0000
29.3982 0.0000 0.0000
29.4143 0.0000 0.0000
29.4305 0.0000 0.0000
29.4466 0.0000 0.0000
29.4628 0.0000 0.0000
29.4789 0.0000 0.0000
29.4951 0.0000 0.0000
29.5112 0.0000 0.0000
29.5274 0.0000 0.0000
29.5435 0.0000 0.0000
29.5597 0.0000 0.0000
29.5758 0.0000 0.0000
29.5920 0.0000 0.0000
29.6081 0.0000 0.0000
29.6243 0.0000 0.0000
29.6405 0.0000 0.0000
29.6566 0.0000 0.0000
29.6728 0.0000 0.0000
29.6889 0.0000 0.0000
29.7051 0.0000 0.0000
29.7212 0.0000 0.0000
29.7374 0.0000 0.0000
29.7535 0.0000 0.0000
29.7697 0.0000 0.0000
29.7858 0.0000 0.0000
29.8020 0.0000 0.0000
29.8181 0.0000 0.0000
29.8343 0.0000 0.0000
29.8504 0.0000 0.0000
29.8666 0.0000 0.0000
29.8827 0.0000 0.0000
29.8989 0.0000 0.0000
29.9151 0.0000 0.0000
29.9312 0.0000 0.0000
29.9474 0.0000 0.0000
29.9635 0.0000 0.0000
29.9797 0.0000 0.0000
29.9958 0.0000 0.0000
30.0120 0.0000 0.0000
30.0281 0.0000 0.0000
30.0443 0.0000 0.0000
30.0604 0.0000 0.0000
30.0766 0.0000 0.0000
30.0927 0.0000 0.0000
30.1089 0.0000 0.0000
30.1250 0.0000 0.0000
30.1412 0.0000 0.0000
30.1573 0.0000 0.0000
30.1735 0.0000 0.0000
30.1896 0.0000 0.0000
30.2058 0.0000 0.0000
30.2220 0.0000 0.0000
30.2381 0.0000 0.0000
30.2543 0.0000 0.0000
30.2704 0.0000 0.0000
30.2866 0.0000 0.0000
30.3027 0.0000 0.0000
30.3189 0.0000 0.0000
30.3350 0.0000 0.0000
30.3512 0.0000 0.0000
30.3673 0.0000 0.0000
30.3835 0.0000 0.0000
30.3996 0.0000 0.0000
30.4158 0.0000 0.0000
30.4319 0.0000 0.0000
30.4481 0.0000 0.0000
30.4642 0.0000 0.0000
30.4804 0.0000 0.0000
30.4966 0.0000 0.0000
30.5127 0.0000 0.0000
30.5289 0.0000 0.0000
30.5450 0.0000 0.0000
30.5612 0.0000 0.0000
30.5773 0.0000 0.0000
30.5935 0.0000 0.0000
30.6096 0.0000 0.0000
30.6258 0.0000 0.0000
30.6419 0.0000 0.0000
30.6581 0.0000 0.0000
30.6742 0.0000 0.0000
30.6904 0.0000 0.0000
30.7065 0.0000 0.0000
30.7227 0.0000 0.0000
30.7388 0.0000 0.0000
30.7550 0.0000 0.0000
30.7712 0.0000 0.0000
30.7873 0.0000 0.0000
30.8035 0.0000 0.0000
30.8196 0.0000 0.0000
30.8358 0.0000 0.0000
30.8519 0.0000 0.0000
30.8681 0.0000 0.0000
30.8842 0.0000 0.0000
30.9004 0.0000 0.0000
30.9165 0.0000 0.0000
30.9327 0.0000 0.0000
30.9488 0.0000 0.0000
30.9650 0.0000 0.0000
30.9811 0.0000 0.0000
30.9973 0.0000 0.0000
31.0134 0.0000 0.0000
31.0296 0.0000 0.0000
31.0457 0.0000 0.0000
31.0619 0.0000 0.0000
31.0781 0.0000 0.0000
31.0942 0.0000 0.0000
31.1104 0.0000 0.0000
31.1265 0.0000 0.0000
31.1427 0.0000 0.0000
31.1588 0.0000 0.0000
31.1750 0.0000 0.0000
31.1911 0.0000 0.0000
31.2073 0.0000 0.0000
31.2234 0.0000 0.0000
31.2396 0.0000 0.0000
31.2557 0.0000 0.0000
31.2719 0.0000 0.0000
31.2880 0.0000 0.0000
31.3042 0.0000 0.0000
31.3203 0.0000 0.0000
31.3365 0.0000 0.0000
31.3527 0.0000 0.0000
31.3688 0.0000 0.0000
31.3850 0.0000 0.0000
31.4011 0.0000 0.0000
31.4173 0.0000 0.0000
31.4334 0.0000 0.0000
31.4496 0.0000 0.0000
31.4657 0.0000 0.0000
31.4819 0.0000 0.0000
31.4980 0.0000 0.0000
31.5142 0.0000 0.0000
31.5303 0.0000 0.0000
31.5465 0.0000 0.0000
31.5626 0.0000 0.0000
31.5788 0.0000 0.0000
31.5949 0.0000 0.0000
31.6111 0.0000 0.0000
31.6273 0.0000 0.0000
31.6434 0.0000 0.0000
31.6596 0.0000 0.0000
31.6757 0.0000 0.0000
31.6919 0.0000 0.0000
31.7080 0.0000 0.0000
31.7242 0.0000 0.0000
31.7403 0.0000 0.0000
31.7565 0.0000 0.0000
31.7726 0.0000 0.0000
31.7888 0.0000 0.0000
31.8049 0.0000 0.0000
31.8211 0.0000 0.0000
31.8372 0.0000 0.0000
31.8534 0.0000 0.0000
31.8695 0.0000 0.0000
31.8857 0.0000 0.0000
31.9019 0.0000 0.0000
31.9180 0.0000 0.0000
31.9342 0.0000 0.0000
31.9503 0.0000 0.0000
31.9665 0.0000 0.0000
31.9826 0.0000 0.0000
31.9988 0.0000 0.0000
32.0149 0.0000 0.0000
32.0311 0.0000 0.0000
32.0472 0.0000 0.0000
32.0634 0.0000 0.0000
32.0795 0.0000 0.0000
32.0957 0.0000 0.0000
32.1118 0.0000 0.0000
32.1280 0.0000 0.0000
32.1441 0.0000 0.0000
32.1603 0.0000 0.0000
32.1764 0.0000 0.0000
32.1926 0.0000 0.0000
32.2088 0.0000 0.0000
32.2249 0.0000 0.0000
32.2411 0.0000 0.0000
32.2572 0.0000 0.0000
32.2734 0.0000 0.0000
32.2895 0.0000 0.0000
