0.0000 0.0000 0.0000
0.0171 1.5608 1.2790
0.0343 3.0914 2.5364
0.0514 4.5631 3.7512
0.0685 5.9496 4.9044
0.0857 7.2279 5.9792
0.1028 8.3797 6.9617
0.1200 9.3913 7.8414
0.1371 10.2544 8.6113
0.1542 10.9654 9.2679
0.1714 11.5258 9.8109
0.1885 11.9412 10.2433
0.2056 12.2210 10.5703
0.2228 12.3771 10.7994
0.2399 12.4233 10.9394
0.2570 12.3747 11.0004
0.2742 12.2465 10.9926
0.2913 12.0536 10.9264
0.3084 11.8101 10.8117
0.3256 11.5287 10.6579
0.3427 11.2207 10.4734
0.3599 10.8956 10.2659
0.3770 10.5614 10.0417
0.3941 10.2244 9.8065
0.4113 9.8896 9.5648
0.4284 9.5607 9.3203
0.4455 9.2403 9.0760
0.4627 8.9303 8.8343
0.4798 8.6319 8.5970
0.4969 8.3457 8.3654
0.5141 8.0721 8.1406
0.5312 7.8113 7.9233
0.5484 7.5631 7.7141
0.5655 7.3275 7.5133
0.5826 7.1040 7.3211
0.5998 6.8925 7.1375
0.6169 6.6925 6.9624
0.6340 6.5037 6.7957
0.6512 6.3254 6.6372
0.6683 6.1572 6.4864
0.6854 5.9986 6.3429
0.7026 5.8489 6.2063
0.7197 5.7075 6.0760
0.7368 5.5739 5.9516
0.7540 5.4473 5.8325
0.7711 5.3273 5.7183
0.7883 5.2133 5.6084
0.8054 5.1047 5.5025
0.8225 5.0011 5.4002
0.8397 4.9020 5.3012
0.8568 4.8071 5.2052
0.8739 4.7160 5.1120
0.8911 4.6285 5.0213
0.9082 4.5442 4.9332
0.9253 4.4631 4.8473
0.9425 4.3849 4.7637
0.9596 4.3094 4.6821
0.9767 4.2368 4.6024
0.9939 4.1667 4.5246
1.0110 4.0993 4.4484
1.0282 4.0345 4.3737
1.0453 3.9722 4.3003
1.0624 3.9125 4.2281
1.0796 3.8553 4.1569
1.0967 3.8006 4.0866
1.1138 3.7484 4.0169
1.1310 3.6986 3.9480
1.1481 3.6511 3.8796
1.1652 3.6058 3.8117
1.1824 3.5625 3.7444
1.1995 3.5211 3.6777
1.2167 3.4814 3.6117
1.2338 3.4431 3.5466
1.2509 3.4061 3.4824
1.2681 3.3701 3.4195
1.2852 3.3348 3.3580
1.3023 3.3002 3.2980
1.3195 3.2658 3.2399
1.3366 3.2316 3.1838
1.3537 3.1974 3.1298
1.3709 3.1630 3.0781
1.3880 3.1283 3.0288
1.4051 3.0933 2.9820
1.4223 3.0578 2.9376
1.4394 3.0220 2.8957
1.4566 2.9857 2.8561
1.4737 2.9490 2.8187
1.4908 2.9120 2.7834
1.5080 2.8747 2.7500
1.5251 2.8373 2.7183
1.5422 2.7996 2.6880
1.5594 2.7620 2.6589
1.5765 2.7244 2.6309
1.5936 2.6869 2.6037
1.6108 2.6497 2.5772
1.6279 2.6128 2.5511
1.6451 2.5763 2.5254
1.6622 2.5403 2.5000
1.6793 2.5049 2.4747
1.6965 2.4702 2.4496
1.7136 2.4363 2.4246
1.7307 2.4034 2.3997
1.7479 2.3713 2.3749
1.7650 2.3404 2.3502
1.7821 2.3106 2.3257
1.7993 2.2821 2.3014
1.8164 2.2548 2.2774
1.8335 2.2289 2.2535
1.8507 2.2043 2.2300
1.8678 2.1810 2.2067
1.8850 2.1590 2.1838
1.9021 2.1384 2.1611
1.9192 2.1189 2.1388
1.9364 2.1005 2.1169
1.9535 2.0832 2.0953
1.9706 2.0667 2.0741
1.9878 2.0509 2.0533
2.0049 2.0357 2.0330
2.0220 2.0210 2.0133
2.0392 2.0065 1.9940
2.0563 1.9922 1.9754
2.0735 1.9779 1.9574
2.0906 1.9635 1.9401
2.1077 1.9489 1.9236
2.1249 1.9340 1.9077
2.1420 1.9189 1.8927
2.1591 1.9034 1.8784
2.1763 1.8875 1.8649
2.1934 1.8714 1.8521
2.2105 1.8549 1.8399
2.2277 1.8382 1.8285
2.2448 1.8213 1.8176
2.2619 1.8043 1.8072
2.2791 1.7873 1.7973
2.2962 1.7703 1.7878
2.3134 1.7533 1.7786
2.3305 1.7366 1.7698
2.3476 1.7200 1.7612
2.3648 1.7037 1.7528
2.3819 1.6876 1.7447
2.3990 1.6719 1.7366
2.4162 1.6566 1.7288
2.4333 1.6416 1.7210
2.4504 1.6270 1.7133
2.4676 1.6127 1.7056
2.4847 1.5987 1.6979
2.5018 1.5851 1.6902
2.5190 1.5719 1.6824
2.5361 1.5589 1.6744
2.5533 1.5463 1.6662
2.5704 1.5339 1.6578
2.5875 1.5218 1.6489
2.6047 1.5100 1.6397
2.6218 1.4985 1.6299
2.6389 1.4872 1.6196
2.6561 1.4762 1.6086
2.6732 1.4654 1.5970
2.6903 1.4549 1.5847
2.7075 1.4447 1.5717
2.7246 1.4347 1.5579
2.7418 1.4250 1.5434
2.7589 1.4155 1.5282
2.7760 1.4062 1.5123
2.7932 1.3970 1.4957
2.8103 1.3880 1.4786
2.8274 1.3790 1.4610
2.8446 1.3701 1.4430
2.8617 1.3610 1.4246
2.8788 1.3519 1.4059
2.8960 1.3426 1.3871
2.9131 1.3331 1.3682
2.9302 1.3233 1.3494
2.9474 1.3132 1.3306
2.9645 1.3028 1.3120
2.9817 1.2920 1.2937
2.9988 1.2808 1.2758
3.0159 1.2692 1.2582
3.0331 1.2572 1.2411
3.0502 1.2449 1.2245
3.0673 1.2323 1.2085
3.0845 1.2195 1.1930
3.1016 1.2065 1.1780
3.1187 1.1934 1.1637
3.1359 1.1802 1.1499
3.1530 1.1671 1.1368
3.1702 1.1541 1.1242
3.1873 1.1413 1.1122
3.2044 1.1287 1.1007
3.2216 1.1165 1.0899
3.2387 1.1046 1.0795
3.2558 1.0932 1.0697
3.2730 1.0823 1.0603
3.2901 1.0719 1.0514
3.3072 1.0620 1.0430
3.3244 1.0527 1.0350
3.3415 1.0439 1.0273
3.3586 1.0358 1.0199
3.3758 1.0282 1.0129
3.3929 1.0212 1.0060
3.4101 1.0147 0.9993
3.4272 1.0086 0.9928
3.4443 1.0030 0.9862
3.4615 0.9978 0.9797
3.4786 0.9929 0.9730
3.4957 0.9882 0.9663
3.5129 0.9836 0.9594
3.5300 0.9790 0.9524
3.5471 0.9744 0.9452
3.5643 0.9696 0.9378
3.5814 0.9647 0.9303
3.5986 0.9594 0.9226
3.6157 0.9538 0.9149
3.6328 0.9477 0.9071
3.6500 0.9412 0.8994
3.6671 0.9343 0.8918
3.6842 0.9269 0.8844
3.7014 0.9191 0.8772
3.7185 0.9109 0.8703
3.7356 0.9024 0.8638
3.7528 0.8936 0.8577
3.7699 0.8847 0.8520
3.7870 0.8757 0.8467
3.8042 0.8666 0.8419
3.8213 0.8577 0.8376
3.8385 0.8491 0.8337
3.8556 0.8407 0.8303
3.8727 0.8326 0.8272
3.8899 0.8251 0.8245
3.9070 0.8180 0.8222
3.9241 0.8115 0.8201
3.9413 0.8056 0.8183
3.9584 0.8004 0.8166
3.9755 0.7957 0.8151
3.9927 0.7917 0.8137
4.0098 0.7883 0.8123
4.0269 0.7855 0.8109
4.0441 0.7831 0.8095
4.0612 0.7812 0.8079
4.0784 0.7798 0.8063
4.0955 0.7786 0.8044
4.1126 0.7777 0.8024
4.1298 0.7769 0.8002
4.1469 0.7763 0.7977
4.1640 0.7757 0.7949
4.1812 0.7750 0.7919
4.1983 0.7743 0.7887
4.2154 0.7735 0.7852
4.2326 0.7725 0.7815
4.2497 0.7713 0.7776
4.2669 0.7699 0.7735
4.2840 0.7684 0.7693
4.3011 0.7667 0.7649
4.3183 0.7648 0.7605
4.3354 0.7628 0.7560
4.3525 0.7607 0.7514
4.3697 0.7585 0.7469
4.3868 0.7562 0.7423
4.4039 0.7539 0.7376
4.4211 0.7515 0.7330
4.4382 0.7491 0.7283
4.4553 0.7467 0.7235
4.4725 0.7443 0.7186
4.4896 0.7419 0.7137
4.5068 0.7394 0.7086
4.5239 0.7370 0.7035
4.5410 0.7344 0.6982
4.5582 0.7318 0.6927
4.5753 0.7291 0.6871
4.5924 0.7263 0.6815
4.6096 0.7233 0.6757
4.6267 0.7203 0.6698
4.6438 0.7171 0.6639
4.6610 0.7138 0.6581
4.6781 0.7103 0.6522
4.6953 0.7068 0.6465
4.7124 0.7031 0.6408
4.7295 0.6993 0.6354
4.7467 0.6955 0.6301
4.7638 0.6915 0.6250
4.7809 0.6875 0.6202
4.7981 0.6835 0.6156
4.8152 0.6794 0.6113
4.8323 0.6753 0.6073
4.8495 0.6712 0.6035
4.8666 0.6671 0.5999
4.8837 0.6630 0.5966
4.9009 0.6590 0.5934
4.9180 0.6550 0.5903
4.9352 0.6510 0.5874
4.9523 0.6471 0.5846
4.9694 0.6433 0.5818
4.9866 0.6396 0.5790
5.0037 0.6359 0.5762
5.0208 0.6322 0.5735
5.0380 0.6287 0.5707
5.0551 0.6252 0.5679
5.0722 0.6218 0.5650
5.0894 0.6184 0.5621
5.1065 0.6151 0.5593
5.1237 0.6119 0.5564
5.1408 0.6087 0.5535
5.1579 0.6055 0.5507
5.1751 0.6023 0.5479
5.1922 0.5991 0.5451
5.2093 0.5959 0.5425
5.2265 0.5927 0.5399
5.2436 0.5895 0.5375
5.2607 0.5862 0.5352
5.2779 0.5828 0.5330
5.2950 0.5794 0.5309
5.3121 0.5760 0.5289
5.3293 0.5724 0.5270
5.3464 0.5688 0.5253
5.3636 0.5652 0.5236
5.3807 0.5615 0.5220
5.3978 0.5577 0.5205
5.4150 0.5539 0.5190
5.4321 0.5501 0.5176
5.4492 0.5462 0.5162
5.4664 0.5423 0.5148
5.4835 0.5383 0.5135
5.5006 0.5344 0.5121
5.5178 0.5305 0.5108
5.5349 0.5267 0.5094
5.5520 0.5229 0.5081
5.5692 0.5192 0.5067
5.5863 0.5155 0.5053
5.6035 0.5120 0.5038
5.6206 0.5085 0.5022
5.6377 0.5052 0.5006
5.6549 0.5021 0.4989
5.6720 0.4991 0.4971
5.6891 0.4962 0.4952
5.7063 0.4935 0.4932
5.7234 0.4909 0.4911
5.7405 0.4885 0.4888
5.7577 0.4862 0.4863
5.7748 0.4841 0.4838
5.7920 0.4821 0.4811
5.8091 0.4802 0.4783
5.8262 0.4784 0.4754
5.8434 0.4767 0.4725
5.8605 0.4750 0.4695
5.8776 0.4734 0.4664
5.8948 0.4718 0.4633
5.9119 0.4702 0.4603
5.9290 0.4685 0.4573
5.9462 0.4669 0.4543
5.9633 0.4652 0.4515
5.9804 0.4635 0.4487
5.9976 0.4616 0.4460
6.0147 0.4597 0.4434
6.0319 0.4578 0.4410
6.0490 0.4557 0.4387
6.0661 0.4536 0.4365
6.0833 0.4513 0.4345
6.1004 0.4491 0.4326
6.1175 0.4467 0.4308
6.1347 0.4444 0.4292
6.1518 0.4420 0.4277
6.1689 0.4397 0.4264
6.1861 0.4373 0.4252
6.2032 0.4350 0.4241
6.2204 0.4328 0.4232
6.2375 0.4306 0.4224
6.2546 0.4285 0.4217
6.2718 0.4265 0.4211
6.2889 0.4246 0.4207
6.3060 0.4228 0.4203
6.3232 0.4210 0.4200
6.3403 0.4193 0.4198
6.3574 0.4177 0.4196
6.3746 0.4162 0.4195
6.3917 0.4147 0.4194
6.4088 0.4132 0.4193
6.4260 0.4118 0.4192
6.4431 0.4103 0.4191
6.4603 0.4089 0.4190
6.4774 0.4074 0.4189
6.4945 0.4059 0.4187
6.5117 0.4044 0.4184
6.5288 0.4029 0.4181
6.5459 0.4014 0.4177
6.5631 0.3999 0.4172
6.5802 0.3984 0.4166
6.5973 0.3968 0.4159
6.6145 0.3953 0.4152
6.6316 0.3938 0.4143
6.6488 0.3922 0.4133
6.6659 0.3907 0.4123
6.6830 0.3893 0.4112
6.7002 0.3878 0.4100
6.7173 0.3864 0.4087
6.7344 0.3851 0.4074
6.7516 0.3838 0.4060
6.7687 0.3825 0.4046
6.7858 0.3813 0.4033
6.8030 0.3802 0.4019
6.8201 0.3791 0.4005
6.8372 0.3781 0.3991
6.8544 0.3772 0.3978
6.8715 0.3763 0.3965
6.8887 0.3754 0.3953
6.9058 0.3746 0.3940
6.9229 0.3738 0.3928
6.9401 0.3731 0.3916
6.9572 0.3723 0.3905
6.9743 0.3715 0.3893
6.9915 0.3708 0.3882
7.0086 0.3700 0.3871
7.0257 0.3691 0.3860
7.0429 0.3683 0.3849
7.0600 0.3674 0.3839
7.0771 0.3664 0.3828
7.0943 0.3654 0.3818
7.1114 0.3644 0.3808
7.1286 0.3633 0.3798
7.1457 0.3623 0.3788
7.1628 0.3611 0.3778
7.1800 0.3600 0.3768
7.1971 0.3589 0.3758
7.2142 0.3579 0.3748
7.2314 0.3568 0.3738
7.2485 0.3558 0.3727
7.2656 0.3548 0.3715
7.2828 0.3539 0.3703
7.2999 0.3530 0.3689
7.3171 0.3522 0.3675
7.3342 0.3515 0.3659
7.3513 0.3508 0.3643
7.3685 0.3502 0.3625
7.3856 0.3496 0.3607
7.4027 0.3490 0.3588
7.4199 0.3484 0.3568
7.4370 0.3479 0.3547
7.4541 0.3473 0.3526
7.4713 0.3468 0.3505
7.4884 0.3461 0.3485
7.5055 0.3455 0.3464
7.5227 0.3448 0.3444
7.5398 0.3440 0.3425
7.5570 0.3432 0.3406
7.5741 0.3424 0.3388
7.5912 0.3414 0.3371
7.6084 0.3405 0.3355
7.6255 0.3394 0.3340
7.6426 0.3384 0.3326
7.6598 0.3372 0.3312
7.6769 0.3361 0.3300
7.6940 0.3349 0.3288
7.7112 0.3338 0.3276
7.7283 0.3326 0.3265
7.7455 0.3314 0.3255
7.7626 0.3302 0.3244
7.7797 0.3290 0.3234
7.7969 0.3278 0.3224
7.8140 0.3266 0.3214
7.8311 0.3254 0.3204
7.8483 0.3242 0.3193
7.8654 0.3230 0.3183
7.8825 0.3218 0.3173
7.8997 0.3206 0.3162
7.9168 0.3194 0.3152
7.9339 0.3182 0.3142
7.9511 0.3170 0.3132
7.9682 0.3158 0.3121
7.9854 0.3147 0.3111
8.0025 0.3136 0.3101
8.0196 0.3125 0.3091
8.0368 0.3115 0.3081
8.0539 0.3105 0.3072
8.0710 0.3095 0.3062
8.0882 0.3087 0.3053
8.1053 0.3079 0.3043
8.1224 0.3071 0.3034
8.1396 0.3065 0.3025
8.1567 0.3059 0.3015
8.1739 0.3053 0.3006
8.1910 0.3049 0.2996
8.2081 0.3044 0.2987
8.2253 0.3041 0.2977
8.2424 0.3037 0.2967
8.2595 0.3035 0.2957
8.2767 0.3032 0.2947
8.2938 0.3030 0.2937
8.3109 0.3028 0.2927
8.3281 0.3027 0.2916
8.3452 0.3025 0.2906
8.3623 0.3024 0.2895
8.3795 0.3022 0.2885
8.3966 0.3021 0.2874
8.4138 0.3019 0.2863
8.4309 0.3018 0.2853
8.4480 0.3016 0.2842
8.4652 0.3013 0.2832
8.4823 0.3010 0.2821
8.4994 0.3007 0.2810
8.5166 0.3003 0.2800
8.5337 0.2999 0.2789
8.5508 0.2993 0.2778
8.5680 0.2987 0.2768
8.5851 0.2980 0.2757
8.6022 0.2973 0.2746
8.6194 0.2964 0.2735
8.6365 0.2955 0.2724
8.6537 0.2946 0.2713
8.6708 0.2935 0.2702
8.6879 0.2924 0.2691
8.7051 0.2913 0.2679
8.7222 0.2901 0.2667
8.7393 0.2889 0.2656
8.7565 0.2877 0.2644
8.7736 0.2864 0.2632
8.7907 0.2852 0.2620
8.8079 0.2839 0.2607
8.8250 0.2827 0.2595
8.8422 0.2814 0.2583
8.8593 0.2802 0.2570
8.8764 0.2790 0.2558
8.8936 0.2778 0.2545
8.9107 0.2766 0.2533
8.9278 0.2754 0.2520
8.9450 0.2742 0.2508
8.9621 0.2730 0.2495
8.9792 0.2718 0.2483
8.9964 0.2706 0.2470
9.0135 0.2694 0.2458
9.0306 0.2682 0.2445
9.0478 0.2670 0.2433
9.0649 0.2658 0.2420
9.0821 0.2646 0.2408
9.0992 0.2634 0.2395
9.1163 0.2621 0.2383
9.1335 0.2609 0.2370
9.1506 0.2597 0.2358
9.1677 0.2585 0.2346
9.1849 0.2573 0.2334
9.2020 0.2561 0.2322
9.2191 0.2549 0.2310
9.2363 0.2538 0.2298
9.2534 0.2526 0.2287
9.2706 0.2515 0.2276
9.2877 0.2505 0.2265
9.3048 0.2494 0.2255
9.3220 0.2484 0.2244
9.3391 0.2474 0.2234
9.3562 0.2465 0.2225
9.3734 0.2455 0.2215
9.3905 0.2446 0.2206
9.4076 0.2437 0.2197
9.4248 0.2428 0.2188
9.4419 0.2420 0.2179
9.4590 0.2411 0.2170
9.4762 0.2403 0.2161
9.4933 0.2394 0.2153
9.5105 0.2386 0.2144
9.5276 0.2378 0.2135
9.5447 0.2370 0.2126
9.5619 0.2362 0.2117
9.5790 0.2354 0.2108
9.5961 0.2346 0.2099
9.6133 0.2338 0.2091
9.6304 0.2330 0.2082
9.6475 0.2322 0.2073
9.6647 0.2314 0.2064
9.6818 0.2306 0.2056
9.6990 0.2298 0.2047
9.7161 0.2290 0.2038
9.7332 0.2282 0.2030
9.7504 0.2274 0.2021
9.7675 0.2266 0.2012
9.7846 0.2257 0.2003
9.8018 0.2249 0.1994
9.8189 0.2240 0.1984
9.8360 0.2230 0.1975
9.8532 0.2221 0.1965
9.8703 0.2211 0.1955
9.8874 0.2200 0.1945
9.9046 0.2190 0.1934
9.9217 0.2179 0.1923
9.9389 0.2167 0.1912
9.9560 0.2155 0.1901
9.9731 0.2142 0.1890
9.9903 0.2130 0.1879
10.0074 0.2116 0.1868
10.0245 0.2103 0.1857
10.0417 0.2089 0.1847
10.0588 0.2074 0.1836
10.0759 0.2060 0.1826
10.0931 0.2045 0.1816
10.1102 0.2031 0.1806
10.1273 0.2016 0.1797
10.1445 0.2001 0.1787
10.1616 0.1986 0.1778
10.1788 0.1972 0.1769
10.1959 0.1957 0.1760
10.2130 0.1943 0.1752
10.2302 0.1929 0.1743
10.2473 0.1915 0.1734
10.2644 0.1901 0.1725
10.2816 0.1888 0.1717
10.2987 0.1875 0.1708
10.3158 0.1862 0.1699
10.3330 0.1849 0.1689
10.3501 0.1837 0.1680
10.3673 0.1825 0.1670
10.3844 0.1814 0.1661
10.4015 0.1802 0.1651
10.4187 0.1791 0.1641
10.4358 0.1780 0.1631
10.4529 0.1770 0.1620
10.4701 0.1760 0.1610
10.4872 0.1750 0.1600
10.5043 0.1740 0.1590
10.5215 0.1730 0.1580
10.5386 0.1721 0.1569
10.5557 0.1711 0.1559
10.5729 0.1702 0.1550
10.5900 0.1693 0.1540
10.6072 0.1683 0.1530
10.6243 0.1674 0.1521
10.6414 0.1665 0.1512
10.6586 0.1655 0.1503
10.6757 0.1646 0.1494
10.6928 0.1636 0.1486
10.7100 0.1627 0.1478
10.7271 0.1617 0.1470
10.7442 0.1608 0.1462
10.7614 0.1599 0.1454
10.7785 0.1590 0.1446
10.7957 0.1581 0.1439
10.8128 0.1573 0.1431
10.8299 0.1564 0.1424
10.8471 0.1556 0.1416
10.8642 0.1548 0.1408
10.8813 0.1540 0.1401
10.8985 0.1532 0.1393
10.9156 0.1524 0.1385
10.9327 0.1517 0.1377
10.9499 0.1509 0.1368
10.9670 0.1501 0.1360
10.9841 0.1493 0.1351
11.0013 0.1486 0.1342
11.0184 0.1478 0.1334
11.0356 0.1470 0.1325
11.0527 0.1461 0.1316
11.0698 0.1453 0.1307
11.0870 0.1445 0.1298
11.1041 0.1436 0.1289
11.1212 0.1428 0.1280
11.1384 0.1419 0.1271
11.1555 0.1411 0.1262
11.1726 0.1402 0.1253
11.1898 0.1394 0.1244
11.2069 0.1385 0.1236
11.2241 0.1377 0.1227
11.2412 0.1369 0.1218
11.2583 0.1360 0.1210
11.2755 0.1352 0.1201
11.2926 0.1344 0.1193
11.3097 0.1336 0.1184
11.3269 0.1328 0.1176
11.3440 0.1320 0.1167
11.3611 0.1312 0.1159
11.3783 0.1304 0.1150
11.3954 0.1296 0.1142
11.4125 0.1288 0.1133
11.4297 0.1279 0.1125
11.4468 0.1271 0.1116
11.4640 0.1262 0.1107
11.4811 0.1254 0.1099
11.4982 0.1245 0.1090
11.5154 0.1236 0.1082
11.5325 0.1227 0.1073
11.5496 0.1219 0.1065
11.5668 0.1210 0.1056
11.5839 0.1201 0.1048
11.6010 0.1192 0.1040
11.6182 0.1184 0.1032
11.6353 0.1175 0.1024
11.6524 0.1167 0.1016
11.6696 0.1160 0.1008
11.6867 0.1152 0.1001
11.7039 0.1145 0.0993
11.7210 0.1138 0.0986
11.7381 0.1131 0.0979
11.7553 0.1124 0.0972
11.7724 0.1118 0.0965
11.7895 0.1112 0.0959
11.8067 0.1107 0.0952
11.8238 0.1101 0.0946
11.8409 0.1096 0.0939
11.8581 0.1091 0.0933
11.8752 0.1087 0.0927
11.8924 0.1082 0.0921
11.9095 0.1078 0.0915
11.9266 0.1074 0.0909
11.9438 0.1070 0.0903
11.9609 0.1066 0.0897
11.9780 0.1063 0.0891
11.9952 0.1059 0.0885
12.0123 0.1056 0.0880
12.0294 0.1053 0.0874
12.0466 0.1050 0.0869
12.0637 0.1047 0.0864
12.0808 0.1044 0.0859
12.0980 0.1041 0.0854
12.1151 0.1038 0.0849
12.1323 0.1036 0.0844
12.1494 0.1033 0.0839
12.1665 0.1030 0.0834
12.1837 0.1027 0.0829
12.2008 0.1024 0.0824
12.2179 0.1021 0.0819
12.2351 0.1018 0.0814
12.2522 0.1015 0.0810
12.2693 0.1011 0.0805
12.2865 0.1008 0.0800
12.3036 0.1004 0.0795
12.3208 0.1000 0.0790
12.3379 0.0996 0.0785
12.3550 0.0991 0.0780
12.3722 0.0987 0.0775
12.3893 0.0982 0.0770
12.4064 0.0978 0.0765
12.4236 0.0973 0.0759
12.4407 0.0968 0.0754
12.4578 0.0963 0.0749
12.4750 0.0957 0.0744
12.4921 0.0952 0.0738
12.5092 0.0947 0.0733
12.5264 0.0941 0.0727
12.5435 0.0935 0.0722
12.5607 0.0930 0.0716
12.5778 0.0924 0.0710
12.5949 0.0918 0.0704
12.6121 0.0911 0.0698
12.6292 0.0905 0.0691
12.6463 0.0898 0.0685
12.6635 0.0892 0.0679
12.6806 0.0885 0.0672
12.6977 0.0877 0.0665
12.7149 0.0870 0.0659
12.7320 0.0863 0.0652
12.7492 0.0855 0.0645
12.7663 0.0847 0.0639
12.7834 0.0839 0.0632
12.8006 0.0831 0.0626
12.8177 0.0823 0.0619
12.8348 0.0815 0.0613
12.8520 0.0807 0.0607
12.8691 0.0798 0.0601
12.8862 0.0790 0.0596
12.9034 0.0782 0.0590
12.9205 0.0774 0.0585
12.9376 0.0767 0.0581
12.9548 0.0759 0.0576
12.9719 0.0752 0.0572
12.9891 0.0744 0.0568
13.0062 0.0737 0.0564
13.0233 0.0730 0.0560
13.0405 0.0724 0.0556
13.0576 0.0717 0.0553
13.0747 0.0711 0.0550
13.0919 0.0705 0.0546
13.1090 0.0699 0.0543
13.1261 0.0693 0.0540
13.1433 0.0688 0.0537
13.1604 0.0682 0.0534
13.1775 0.0677 0.0532
13.1947 0.0672 0.0529
13.2118 0.0667 0.0526
13.2290 0.0662 0.0524
13.2461 0.0657 0.0521
13.2632 0.0652 0.0519
13.2804 0.0648 0.0516
13.2975 0.0643 0.0514
13.3146 0.0638 0.0511
13.3318 0.0634 0.0509
13.3489 0.0629 0.0507
13.3660 0.0624 0.0504
13.3832 0.0620 0.0502
13.4003 0.0615 0.0500
13.4175 0.0610 0.0497
13.4346 0.0606 0.0495
13.4517 0.0601 0.0492
13.4689 0.0596 0.0489
13.4860 0.0591 0.0487
13.5031 0.0586 0.0484
13.5203 0.0581 0.0481
13.5374 0.0576 0.0478
13.5545 0.0571 0.0475
13.5717 0.0566 0.0472
13.5888 0.0561 0.0468
13.6059 0.0555 0.0465
13.6231 0.0550 0.0462
13.6402 0.0545 0.0458
13.6574 0.0540 0.0455
13.6745 0.0534 0.0451
13.6916 0.0529 0.0447
13.7088 0.0524 0.0444
13.7259 0.0518 0.0440
13.7430 0.0513 0.0437
13.7602 0.0508 0.0433
13.7773 0.0502 0.0429
13.7944 0.0497 0.0426
13.8116 0.0492 0.0422
13.8287 0.0486 0.0419
13.8459 0.0481 0.0415
13.8630 0.0476 0.0412
13.8801 0.0471 0.0408
13.8973 0.0466 0.0405
13.9144 0.0461 0.0402
13.9315 0.0456 0.0399
13.9487 0.0451 0.0396
13.9658 0.0446 0.0393
13.9829 0.0441 0.0390
14.0001 0.0436 0.0387
14.0172 0.0432 0.0384
14.0343 0.0427 0.0381
14.0515 0.0422 0.0379
14.0686 0.0418 0.0376
14.0858 0.0414 0.0373
14.1029 0.0409 0.0371
14.1200 0.0405 0.0368
14.1372 0.0401 0.0365
14.1543 0.0397 0.0363
14.1714 0.0393 0.0360
14.1886 0.0389 0.0358
14.2057 0.0385 0.0355
14.2228 0.0381 0.0352
14.2400 0.0377 0.0349
14.2571 0.0373 0.0347
14.2743 0.0370 0.0344
14.2914 0.0366 0.0341
14.3085 0.0362 0.0338
14.3257 0.0359 0.0335
14.3428 0.0355 0.0332
14.3599 0.0352 0.0330
14.3771 0.0349 0.0327
14.3942 0.0345 0.0324
14.4113 0.0342 0.0321
14.4285 0.0339 0.0318
14.4456 0.0336 0.0315
14.4627 0.0333 0.0312
14.4799 0.0330 0.0309
14.4970 0.0326 0.0307
14.5142 0.0323 0.0304
14.5313 0.0320 0.0301
14.5484 0.0317 0.0298
14.5656 0.0314 0.0296
14.5827 0.0311 0.0293
14.5998 0.0308 0.0290
14.6170 0.0305 0.0288
14.6341 0.0301 0.0285
14.6512 0.0298 0.0282
14.6684 0.0295 0.0280
14.6855 0.0292 0.0277
14.7026 0.0289 0.0274
14.7198 0.0286 0.0272
14.7369 0.0284 0.0269
14.7541 0.0281 0.0267
14.7712 0.0278 0.0264
14.7883 0.0275 0.0261
14.8055 0.0273 0.0259
14.8226 0.0270 0.0256
14.8397 0.0267 0.0253
14.8569 0.0265 0.0251
14.8740 0.0263 0.0248
14.8911 0.0260 0.0245
14.9083 0.0258 0.0243
14.9254 0.0256 0.0240
14.9426 0.0254 0.0237
14.9597 0.0252 0.0235
14.9768 0.0250 0.0232
14.9940 0.0248 0.0229
15.0111 0.0246 0.0227
15.0282 0.0244 0.0224
15.0454 0.0242 0.0222
15.0625 0.0240 0.0220
15.0796 0.0238 0.0217
15.0968 0.0236 0.0215
15.1139 0.0234 0.0213
15.1310 0.0232 0.0211
15.1482 0.0230 0.0209
15.1653 0.0228 0.0207
15.1825 0.0226 0.0205
15.1996 0.0224 0.0203
15.2167 0.0222 0.0201
15.2339 0.0219 0.0199
15.2510 0.0217 0.0197
15.2681 0.0215 0.0195
15.2853 0.0213 0.0194
15.3024 0.0211 0.0192
15.3195 0.0209 0.0190
15.3367 0.0207 0.0189
15.3538 0.0205 0.0187
15.3710 0.0203 0.0185
15.3881 0.0201 0.0184
15.4052 0.0199 0.0182
15.4224 0.0198 0.0181
15.4395 0.0196 0.0179
15.4566 0.0194 0.0178
15.4738 0.0192 0.0176
15.4909 0.0190 0.0175
15.5080 0.0188 0.0174
15.5252 0.0186 0.0172
15.5423 0.0185 0.0171
15.5594 0.0183 0.0169
15.5766 0.0181 0.0168
15.5937 0.0179 0.0167
15.6109 0.0177 0.0166
15.6280 0.0175 0.0164
15.6451 0.0173 0.0163
15.6623 0.0171 0.0162
15.6794 0.0170 0.0161
15.6965 0.0168 0.0159
15.7137 0.0166 0.0158
15.7308 0.0164 0.0157
15.7479 0.0162 0.0156
15.7651 0.0161 0.0154
15.7822 0.0159 0.0153
15.7993 0.0157 0.0152
15.8165 0.0156 0.0150
15.8336 0.0154 0.0149
15.8508 0.0153 0.0148
15.8679 0.0151 0.0146
15.8850 0.0150 0.0145
15.9022 0.0149 0.0144
15.9193 0.0147 0.0142
15.9364 0.0146 0.0141
15.9536 0.0145 0.0140
15.9707 0.0143 0.0139
15.9878 0.0142 0.0137
16.0050 0.0141 0.0136
16.0221 0.0140 0.0135
16.0393 0.0138 0.0134
16.0564 0.0137 0.0132
16.0735 0.0136 0.0131
16.0907 0.0135 0.0130
16.1078 0.0134 0.0129
16.1249 0.0132 0.0127
16.1421 0.0131 0.0126
16.1592 0.0130 0.0125
16.1763 0.0129 0.0124
16.1935 0.0128 0.0123
16.2106 0.0127 0.0122
16.2277 0.0126 0.0120
16.2449 0.0125 0.0119
16.2620 0.0124 0.0118
16.2792 0.0123 0.0117
16.2963 0.0122 0.0116
16.3134 0.0121 0.0115
16.3306 0.0120 0.0114
16.3477 0.0119 0.0113
16.3648 0.0118 0.0112
16.3820 0.0118 0.0111
16.3991 0.0117 0.0110
16.4162 0.0116 0.0109
16.4334 0.0115 0.0108
16.4505 0.0114 0.0107
16.4677 0.0113 0.0106
16.4848 0.0112 0.0105
16.5019 0.0112 0.0104
16.5191 0.0111 0.0104
16.5362 0.0110 0.0103
16.5533 0.0109 0.0102
16.5705 0.0108 0.0101
16.5876 0.0107 0.0101
16.6047 0.0106 0.0100
16.6219 0.0106 0.0099
16.6390 0.0105 0.0098
16.6561 0.0104 0.0098
16.6733 0.0103 0.0097
16.6904 0.0102 0.0096
16.7076 0.0101 0.0096
16.7247 0.0100 0.0095
16.7418 0.0100 0.0094
16.7590 0.0099 0.0093
16.7761 0.0098 0.0093
16.7932 0.0097 0.0092
16.8104 0.0096 0.0091
16.8275 0.0096 0.0090
16.8446 0.0095 0.0090
16.8618 0.0094 0.0089
16.8789 0.0093 0.0088
16.8961 0.0092 0.0087
16.9132 0.0092 0.0086
16.9303 0.0091 0.0086
16.9475 0.0090 0.0085
16.9646 0.0089 0.0084
16.9817 0.0088 0.0083
16.9989 0.0088 0.0082
17.0160 0.0087 0.0082
17.0331 0.0086 0.0081
17.0503 0.0085 0.0080
17.0674 0.0085 0.0079
17.0845 0.0084 0.0078
17.1017 0.0083 0.0078
17.1188 0.0083 0.0077
17.1360 0.0082 0.0076
17.1531 0.0081 0.0075
17.1702 0.0081 0.0075
17.1874 0.0080 0.0074
17.2045 0.0079 0.0073
17.2216 0.0079 0.0073
17.2388 0.0078 0.0072
17.2559 0.0078 0.0071
17.2730 0.0077 0.0071
17.2902 0.0076 0.0070
17.3073 0.0076 0.0069
17.3244 0.0075 0.0069
17.3416 0.0074 0.0068
17.3587 0.0074 0.0068
17.3759 0.0073 0.0067
17.3930 0.0073 0.0066
17.4101 0.0072 0.0066
17.4273 0.0071 0.0065
17.4444 0.0071 0.0065
17.4615 0.0070 0.0064
17.4787 0.0069 0.0064
17.4958 0.0069 0.0063
17.5129 0.0068 0.0063
17.5301 0.0067 0.0062
17.5472 0.0067 0.0061
17.5644 0.0066 0.0061
17.5815 0.0065 0.0060
17.5986 0.0065 0.0060
17.6158 0.0064 0.0059
17.6329 0.0063 0.0059
17.6500 0.0063 0.0058
17.6672 0.0062 0.0058
17.6843 0.0062 0.0057
17.7014 0.0061 0.0057
17.7186 0.0060 0.0056
17.7357 0.0060 0.0056
17.7528 0.0059 0.0055
17.7700 0.0059 0.0055
17.7871 0.0058 0.0054
17.8043 0.0058 0.0054
17.8214 0.0057 0.0053
17.8385 0.0057 0.0053
17.8557 0.0056 0.0052
17.8728 0.0056 0.0052
17.8899 0.0055 0.0051
17.9071 0.0055 0.0051
17.9242 0.0054 0.0051
17.9413 0.0054 0.0050
17.9585 0.0054 0.0050
17.9756 0.0053 0.0050
17.9928 0.0053 0.0049
18.0099 0.0052 0.0049
18.0270 0.0052 0.0049
18.0442 0.0052 0.0048
18.0613 0.0051 0.0048
18.0784 0.0051 0.0048
18.0956 0.0051 0.0048
18.1127 0.0050 0.0047
18.1298 0.0050 0.0047
18.1470 0.0049 0.0047
18.1641 0.0049 0.0046
18.1812 0.0049 0.0046
18.1984 0.0048 0.0046
18.2155 0.0048 0.0046
18.2327 0.0048 0.0045
18.2498 0.0047 0.0045
18.2669 0.0047 0.0045
18.2841 0.0047 0.0045
18.3012 0.0047 0.0044
18.3183 0.0046 0.0044
18.3355 0.0046 0.0044
18.3526 0.0046 0.0044
18.3697 0.0045 0.0043
18.3869 0.0045 0.0043
18.4040 0.0045 0.0043
18.4212 0.0045 0.0043
18.4383 0.0044 0.0043
18.4554 0.0044 0.0042
18.4726 0.0044 0.0042
18.4897 0.0043 0.0042
18.5068 0.0043 0.0042
18.5240 0.0043 0.0041
18.5411 0.0042 0.0041
18.5582 0.0042 0.0041
18.5754 0.0042 0.0041
18.5925 0.0042 0.0040
18.6096 0.0041 0.0040
18.6268 0.0041 0.0040
18.6439 0.0041 0.0039
18.6611 0.0040 0.0039
18.6782 0.0040 0.0039
18.6953 0.0040 0.0039
18.7125 0.0039 0.0038
18.7296 0.0039 0.0038
18.7467 0.0039 0.0038
18.7639 0.0038 0.0037
18.7810 0.0038 0.0037
18.7981 0.0038 0.0037
18.8153 0.0038 0.0036
18.8324 0.0037 0.0036
18.8495 0.0037 0.0036
18.8667 0.0037 0.0035
18.8838 0.0037 0.0035
18.9010 0.0036 0.0035
18.9181 0.0036 0.0035
18.9352 0.0036 0.0034
18.9524 0.0036 0.0034
18.9695 0.0035 0.0034
18.9866 0.0035 0.0033
19.0038 0.0035 0.0033
19.0209 0.0035 0.0033
19.0380 0.0034 0.0033
19.0552 0.0034 0.0032
19.0723 0.0034 0.0032
19.0895 0.0034 0.0032
19.1066 0.0033 0.0032
19.1237 0.0033 0.0031
19.1409 0.0033 0.0031
19.1580 0.0032 0.0031
19.1751 0.0032 0.0031
19.1923 0.0032 0.0030
19.2094 0.0031 0.0030
19.2265 0.0031 0.0030
19.2437 0.0031 0.0030
19.2608 0.0031 0.0029
19.2779 0.0030 0.0029
19.2951 0.0030 0.0029
19.3122 0.0030 0.0029
19.3294 0.0029 0.0028
19.3465 0.0029 0.0028
19.3636 0.0029 0.0028
19.3808 0.0028 0.0028
19.3979 0.0028 0.0027
19.4150 0.0028 0.0027
19.4322 0.0028 0.0027
19.4493 0.0027 0.0027
19.4664 0.0027 0.0026
19.4836 0.0027 0.0026
19.5007 0.0027 0.0026
19.5179 0.0026 0.0026
19.5350 0.0026 0.0025
19.5521 0.0026 0.0025
19.5693 0.0026 0.0025
19.5864 0.0026 0.0025
19.6035 0.0025 0.0025
19.6207 0.0025 0.0024
19.6378 0.0025 0.0024
19.6549 0.0025 0.0024
19.6721 0.0025 0.0024
19.6892 0.0025 0.0024
19.7063 0.0024 0.0023
19.7235 0.0024 0.0023
19.7406 0.0024 0.0023
19.7578 0.0024 0.0023
19.7749 0.0024 0.0023
19.7920 0.0024 0.0022
19.8092 0.0023 0.0022
19.8263 0.0023 0.0022
19.8434 0.0023 0.0022
19.8606 0.0023 0.0022
19.8777 0.0023 0.0022
19.8948 0.0023 0.0022
19.9120 0.0023 0.0021
19.9291 0.0022 0.0021
19.9463 0.0022 0.0021
19.9634 0.0022 0.0021
19.9805 0.0022 0.0021
19.9977 0.0022 0.0021
20.0148 0.0022 0.0021
20.0319 0.0022 0.0021
20.0491 0.0021 0.0021
20.0662 0.0021 0.0020
20.0833 0.0021 0.0020
20.1005 0.0021 0.0020
20.1176 0.0021 0.0020
20.1347 0.0021 0.0020
20.1519 0.0021 0.0020
20.1690 0.0020 0.0020
20.1862 0.0020 0.0020
20.2033 0.0020 0.0020
20.2204 0.0020 0.0020
20.2376 0.0020 0.0019
20.2547 0.0020 0.0019
20.2718 0.0020 0.0019
20.2890 0.0020 0.0019
20.3061 0.0019 0.0019
20.3232 0.0019 0.0019
20.3404 0.0019 0.0019
20.3575 0.0019 0.0019
20.3746 0.0019 0.0019
20.3918 0.0019 0.0019
20.4089 0.0019 0.0018
20.4261 0.0019 0.0018
20.4432 0.0019 0.0018
20.4603 0.0018 0.0018
20.4775 0.0018 0.0018
20.4946 0.0018 0.0018
20.5117 0.0018 0.0018
20.5289 0.0018 0.0018
20.5460 0.0018 0.0018
20.5631 0.0018 0.0017
20.5803 0.0018 0.0017
20.5974 0.0017 0.0017
20.6146 0.0017 0.0017
20.6317 0.0017 0.0017
20.6488 0.0017 0.0017
20.6660 0.0017 0.0017
20.6831 0.0017 0.0017
20.7002 0.0017 0.0017
20.7174 0.0017 0.0016
20.7345 0.0016 0.0016
20.7516 0.0016 0.0016
20.7688 0.0016 0.0016
20.7859 0.0016 0.0016
20.8030 0.0016 0.0016
20.8202 0.0016 0.0016
20.8373 0.0016 0.0016
20.8545 0.0016 0.0015
20.8716 0.0016 0.0015
20.8887 0.0015 0.0015
20.9059 0.0015 0.0015
20.9230 0.0015 0.0015
20.9401 0.0015 0.0015
20.9573 0.0015 0.0015
20.9744 0.0015 0.0015
20.9915 0.0015 0.0015
21.0087 0.0015 0.0015
21.0258 0.0015 0.0014
21.0430 0.0015 0.0014
21.0601 0.0015 0.0014
21.0772 0.0014 0.0014
21.0944 0.0014 0.0014
21.1115 0.0014 0.0014
21.1286 0.0014 0.0014
21.1458 0.0014 0.0014
21.1629 0.0014 0.0014
21.1800 0.0014 0.0014
21.1972 0.0014 0.0014
21.2143 0.0014 0.0013
21.2314 0.0014 0.0013
21.2486 0.0014 0.0013
21.2657 0.0013 0.0013
21.2829 0.0013 0.0013
21.3000 0.0013 0.0013
21.3171 0.0013 0.0013
21.3343 0.0013 0.0013
21.3514 0.0013 0.0013
21.3685 0.0013 0.0013
21.3857 0.0013 0.0013
21.4028 0.0013 0.0013
21.4199 0.0013 0.0013
21.4371 0.0013 0.0012
21.4542 0.0013 0.0012
21.4714 0.0013 0.0012
21.4885 0.0012 0.0012
21.5056 0.0012 0.0012
21.5228 0.0012 0.0012
21.5399 0.0012 0.0012
21.5570 0.0012 0.0012
21.5742 0.0012 0.0012
21.5913 0.0012 0.0012
21.6084 0.0012 0.0012
21.6256 0.0012 0.0012
21.6427 0.0012 0.0012
21.6598 0.0012 0.0012
21.6770 0.0012 0.0012
21.6941 0.0012 0.0012
21.7113 0.0012 0.0011
21.7284 0.0012 0.0011
21.7455 0.0012 0.0011
21.7627 0.0011 0.0011
21.7798 0.0011 0.0011
21.7969 0.0011 0.0011
21.8141 0.0011 0.0011
21.8312 0.0011 0.0011
21.8483 0.0011 0.0011
21.8655 0.0011 0.0011
21.8826 0.0011 0.0011
21.8997 0.0011 0.0011
21.9169 0.0011 0.0011
21.9340 0.0011 0.0011
21.9512 0.0011 0.0011
21.9683 0.0011 0.0011
21.9854 0.0011 0.0011
22.0026 0.0011 0.0010
22.0197 0.0011 0.0010
22.0368 0.0011 0.0010
22.0540 0.0011 0.0010
22.0711 0.0011 0.0010
22.0882 0.0010 0.0010
22.1054 0.0010 0.0010
22.1225 0.0010 0.0010
22.1397 0.0010 0.0010
22.1568 0.0010 0.0010
22.1739 0.0010 0.0010
22.1911 0.0010 0.0010
22.2082 0.0010 0.0010
22.2253 0.0010 0.0010
22.2425 0.0010 0.0010
22.2596 0.0010 0.0010
22.2767 0.0010 0.0010
22.2939 0.0010 0.0010
22.3110 0.0010 0.0010
22.3281 0.0010 0.0010
22.3453 0.0010 0.0010
22.3624 0.0010 0.0010
22.3796 0.0010 0.0010
22.3967 0.0010 0.0009
22.4138 0.0010 0.0009
22.4310 0.0010 0.0009
22.4481 0.0010 0.0009
22.4652 0.0010 0.0009
22.4824 0.0010 0.0009
22.4995 0.0010 0.0009
22.5166 0.0009 0.0009
22.5338 0.0009 0.0009
22.5509 0.0009 0.0009
22.5681 0.0009 0.0009
22.5852 0.0009 0.0009
22.6023 0.0009 0.0009
22.6195 0.0009 0.0009
22.6366 0.0009 0.0009
22.6537 0.0009 0.0009
22.6709 0.0009 0.0009
22.6880 0.0009 0.0009
22.7051 0.0009 0.0009
22.7223 0.0009 0.0009
22.7394 0.0009 0.0009
22.7565 0.0009 0.0009
22.7737 0.0009 0.0009
22.7908 0.0009 0.0009
22.8080 0.0009 0.0009
22.8251 0.0009 0.0009
22.8422 0.0009 0.0009
22.8594 0.0009 0.0009
22.8765 0.0009 0.0009
22.8936 0.0009 0.0009
22.9108 0.0009 0.0009
22.9279 0.0009 0.0009
22.9450 0.0009 0.0009
22.9622 0.0009 0.0008
22.9793 0.0009 0.0008
22.9965 0.0009 0.0008
23.0136 0.0009 0.0008
23.0307 0.0009 0.0008
23.0479 0.0009 0.0008
23.0650 0.0009 0.0008
23.0821 0.0009 0.0008
23.0993 0.0009 0.0008
23.1164 0.0008 0.0008
23.1335 0.0008 0.0008
23.1507 0.0008 0.0008
23.1678 0.0008 0.0008
23.1849 0.0008 0.0008
23.2021 0.0008 0.0008
23.2192 0.0008 0.0008
23.2364 0.0008 0.0008
23.2535 0.0008 0.0008
23.2706 0.0008 0.0008
23.2878 0.0008 0.0008
23.3049 0.0008 0.0008
23.3220 0.0008 0.0008
23.3392 0.0008 0.0008
23.3563 0.0008 0.0008
23.3734 0.0008 0.0008
23.3906 0.0008 0.0008
23.4077 0.0008 0.0008
23.4248 0.0008 0.0008
23.4420 0.0008 0.0008
23.4591 0.0008 0.0008
23.4763 0.0008 0.0008
23.4934 0.0008 0.0008
23.5105 0.0008 0.0008
23.5277 0.0008 0.0008
23.5448 0.0008 0.0008
23.5619 0.0008 0.0008
23.5791 0.0008 0.0008
23.5962 0.0008 0.0008
23.6133 0.0008 0.0008
23.6305 0.0008 0.0008
23.6476 0.0008 0.0008
23.6648 0.0008 0.0008
23.6819 0.0008 0.0008
23.6990 0.0008 0.0008
23.7162 0.0008 0.0007
23.7333 0.0008 0.0007
23.7504 0.0008 0.0007
23.7676 0.0008 0.0007
23.7847 0.0008 0.0007
23.8018 0.0008 0.0007
23.8190 0.0008 0.0007
23.8361 0.0008 0.0007
23.8532 0.0008 0.0007
23.8704 0.0008 0.0007
23.8875 0.0007 0.0007
23.9047 0.0007 0.0007
23.9218 0.0007 0.0007
23.9389 0.0007 0.0007
23.9561 0.0007 0.0007
23.9732 0.0007 0.0007
23.9903 0.0007 0.0007
24.0075 0.0007 0.0007
24.0246 0.0007 0.0007
24.0417 0.0007 0.0007
24.0589 0.0007 0.0007
24.0760 0.0007 0.0007
24.0932 0.0007 0.0007
24.1103 0.0007 0.0007
24.1274 0.0007 0.0007
24.1446 0.0007 0.0007
24.1617 0.0007 0.0007
24.1788 0.0007 0.0007
24.1960 0.0007 0.0007
24.2131 0.0007 0.0007
24.2302 0.0007 0.0006
24.2474 0.0007 0.0006
24.2645 0.0007 0.0006
24.2816 0.0007 0.0006
24.2988 0.0007 0.0006
24.3159 0.0007 0.0006
24.3331 0.0007 0.0006
24.3502 0.0007 0.0006
24.3673 0.0007 0.0006
24.3845 0.0007 0.0006
24.4016 0.0006 0.0006
24.4187 0.0006 0.0006
24.4359 0.0006 0.0006
24.4530 0.0006 0.0006
24.4701 0.0006 0.0006
24.4873 0.0006 0.0006
24.5044 0.0006 0.0006
24.5216 0.0006 0.0006
24.5387 0.0006 0.0006
24.5558 0.0006 0.0006
24.5730 0.0006 0.0006
24.5901 0.0006 0.0006
24.6072 0.0006 0.0006
24.6244 0.0006 0.0006
24.6415 0.0006 0.0006
24.6586 0.0006 0.0006
24.6758 0.0006 0.0006
24.6929 0.0006 0.0006
24.7100 0.0006 0.0006
24.7272 0.0006 0.0006
24.7443 0.0006 0.0005
24.7615 0.0006 0.0005
24.7786 0.0006 0.0005
24.7957 0.0006 0.0005
24.8129 0.0006 0.0005
24.8300 0.0006 0.0005
24.8471 0.0006 0.0005
24.8643 0.0006 0.0005
24.8814 0.0006 0.0005
24.8985 0.0006 0.0005
24.9157 0.0005 0.0005
24.9328 0.0005 0.0005
24.9499 0.0005 0.0005
24.9671 0.0005 0.0005
24.9842 0.0005 0.0005
25.0014 0.0005 0.0005
25.0185 0.0005 0.0005
25.0356 0.0005 0.0005
25.0528 0.0005 0.0005
25.0699 0.0005 0.0005
25.0870 0.0005 0.0005
25.1042 0.0005 0.0005
25.1213 0.0005 0.0005
25.1384 0.0005 0.0005
25.1556 0.0005 0.0005
25.1727 0.0005 0.0005
25.1899 0.0005 0.0005
25.2070 0.0005 0.0005
25.2241 0.0005 0.0005
25.2413 0.0005 0.0005
25.2584 0.0005 0.0005
25.2755 0.0005 0.0005
25.2927 0.0005 0.0005
25.3098 0.0005 0.0005
25.3269 0.0005 0.0005
25.3441 0.0005 0.0005
25.3612 0.0005 0.0005
25.3783 0.0005 0.0005
25.3955 0.0005 0.0004
25.4126 0.0005 0.0004
25.4298 0.0005 0.0004
25.4469 0.0005 0.0004
25.4640 0.0005 0.0004
25.4812 0.0005 0.0004
25.4983 0.0005 0.0004
25.5154 0.0005 0.0004
25.5326 0.0005 0.0004
25.5497 0.0005 0.0004
25.5668 0.0005 0.0004
25.5840 0.0005 0.0004
25.6011 0.0005 0.0004
25.6183 0.0004 0.0004
25.6354 0.0004 0.0004
25.6525 0.0004 0.0004
25.6697 0.0004 0.0004
25.6868 0.0004 0.0004
25.7039 0.0004 0.0004
25.7211 0.0004 0.0004
25.7382 0.0004 0.0004
25.7553 0.0004 0.0004
25.7725 0.0004 0.0004
25.7896 0.0004 0.0004
25.8067 0.0004 0.0004
25.8239 0.0004 0.0004
25.8410 0.0004 0.0004
25.8582 0.0004 0.0004
25.8753 0.0004 0.0004
25.8924 0.0004 0.0004
25.9096 0.0004 0.0004
25.9267 0.0004 0.0004
25.9438 0.0004 0.0004
25.9610 0.0004 0.0004
25.9781 0.0004 0.0004
25.9952 0.0004 0.0004
26.0124 0.0004 0.0004
26.0295 0.0004 0.0004
26.0467 0.0004 0.0004
26.0638 0.0004 0.0004
26.0809 0.0004 0.0004
26.0981 0.0004 0.0004
26.1152 0.0004 0.0004
26.1323 0.0004 0.0004
26.1495 0.0004 0.0004
26.1666 0.0004 0.0004
26.1837 0.0004 0.0004
26.2009 0.0004 0.0004
26.2180 0.0004 0.0004
26.2351 0.0004 0.0004
26.2523 0.0004 0.0004
26.2694 0.0004 0.0004
26.2866 0.0004 0.0004
26.3037 0.0004 0.0004
26.3208 0.0004 0.0003
26.3380 0.0004 0.0003
26.3551 0.0004 0.0003
26.3722 0.0004 0.0003
26.3894 0.0004 0.0003
26.4065 0.0004 0.0003
26.4236 0.0004 0.0003
26.4408 0.0004 0.0003
26.4579 0.0004 0.0003
26.4750 0.0004 0.0003
26.4922 0.0004 0.0003
26.5093 0.0004 0.0003
26.5265 0.0004 0.0003
26.5436 0.0004 0.0003
26.5607 0.0003 0.0003
26.5779 0.0003 0.0003
26.5950 0.0003 0.0003
26.6121 0.0003 0.0003
26.6293 0.0003 0.0003
26.6464 0.0003 0.0003
26.6635 0.0003 0.0003
26.6807 0.0003 0.0003
26.6978 0.0003 0.0003
26.7150 0.0003 0.0003
26.7321 0.0003 0.0003
26.7492 0.0003 0.0003
26.7664 0.0003 0.0003
26.7835 0.0003 0.0003
26.8006 0.0003 0.0003
26.8178 0.0003 0.0003
26.8349 0.0003 0.0003
26.8520 0.0003 0.0003
26.8692 0.0003 0.0003
26.8863 0.0003 0.0003
26.9034 0.0003 0.0003
26.9206 0.0003 0.0003
26.9377 0.0003 0.0003
26.9549 0.0003 0.0003
26.9720 0.0003 0.0003
26.9891 0.0003 0.0003
27.0063 0.0003 0.0003
27.0234 0.0003 0.0003
27.0405 0.0003 0.0003
27.0577 0.0003 0.0003
27.0748 0.0003 0.0003
27.0919 0.0003 0.0003
27.1091 0.0003 0.0003
27.1262 0.0003 0.0003
27.1434 0.0003 0.0003
27.1605 0.0003 0.0003
27.1776 0.0003 0.0003
27.1948 0.0003 0.0003
27.2119 0.0003 0.0003
27.2290 0.0003 0.0003
27.2462 0.0003 0.0003
27.2633 0.0003 0.0003
27.2804 0.0003 0.0003
27.2976 0.0003 0.0003
27.3147 0.0003 0.0003
27.3318 0.0003 0.0003
27.3490 0.0003 0.0003
27.3661 0.0003 0.0003
27.3833 0.0003 0.0003
27.4004 0.0003 0.0003
27.4175 0.0003 0.0003
27.4347 0.0003 0.0003
27.4518 0.0003 0.0003
27.4689 0.0003 0.0003
27.4861 0.0003 0.0003
27.5032 0.0003 0.0003
27.5203 0.0003 0.0003
27.5375 0.0003 0.0003
27.5546 0.0003 0.0003
27.5718 0.0003 0.0003
27.5889 0.0003 0.0003
27.6060 0.0003 0.0003
27.6232 0.0003 0.0003
27.6403 0.0003 0.0003
27.6574 0.0003 0.0003
27.6746 0.0003 0.0003
27.6917 0.0003 0.0003
27.7088 0.0003 0.0003
27.7260 0.0003 0.0003
27.7431 0.0003 0.0003
27.7602 0.0003 0.0003
27.7774 0.0003 0.0003
27.7945 0.0003 0.0003
27.8117 0.0003 0.0003
27.8288 0.0003 0.0003
27.8459 0.0003 0.0003
27.8631 0.0003 0.0003
27.8802 0.0003 0.0003
27.8973 0.0003 0.0003
27.9145 0.0003 0.0003
27.9316 0.0003 0.0003
27.9487 0.0003 0.0003
27.9659 0.0003 0.0003
27.9830 0.0003 0.0003
28.0001 0.0003 0.0003
28.0173 0.0003 0.0002
28.0344 0.0003 0.0002
28.0516 0.0003 0.0002
28.0687 0.0003 0.0002
28.0858 0.0003 0.0002
28.1030 0.0003 0.0002
28.1201 0.0003 0.0002
28.1372 0.0003 0.0002
28.1544 0.0003 0.0002
28.1715 0.0003 0.0002
28.1886 0.0003 0.0002
28.2058 0.0003 0.0002
28.2229 0.0003 0.0002
28.2401 0.0003 0.0002
28.2572 0.0003 0.0002
28.2743 0.0003 0.0002
28.2915 0.0003 0.0002
28.3086 0.0003 0.0002
28.3257 0.0003 0.0002
28.3429 0.0002 0.0002
28.3600 0.0002 0.0002
28.3771 0.0002 0.0002
28.3943 0.0002 0.0002
28.4114 0.0002 0.0002
28.4285 0.0002 0.0002
28.4457 0.0002 0.0002
28.4628 0.0002 0.0002
28.4800 0.0002 0.0002
28.4971 0.0002 0.0002
28.5142 0.0002 0.0002
28.5314 0.0002 0.0002
28.5485 0.0002 0.0002
28.5656 0.0002 0.0002
28.5828 0.0002 0.0002
28.5999 0.0002 0.0002
28.6170 0.0002 0.0002
28.6342 0.0002 0.0002
28.6513 0.0002 0.0002
28.6685 0.0002 0.0002
28.6856 0.0002 0.0002
28.7027 0.0002 0.0002
28.7199 0.0002 0.0002
28.7370 0.0002 0.0002
28.7541 0.0002 0.0002
28.7713 0.0002 0.0002
28.7884 0.0002 0.0002
28.8055 0.0002 0.0002
28.8227 0.0002 0.0002
28.8398 0.0002 0.0002
28.8569 0.0002 0.0002
28.8741 0.0002 0.0002
28.8912 0.0002 0.0002
28.9084 0.0002 0.0002
28.9255 0.0002 0.0002
28.9426 0.0002 0.0002
28.9598 0.0002 0.0002
28.9769 0.0002 0.0002
28.9940 0.0002 0.0002
29.0112 0.0002 0.0002
29.0283 0.0002 0.0002
29.0454 0.0002 0.0002
29.0626 0.0002 0.0002
29.0797 0.0002 0.0002
29.0969 0.0002 0.0002
29.1140 0.0002 0.0002
29.1311 0.0002 0.0002
29.1483 0.0002 0.0002
29.1654 0.0002 0.0002
29.1825 0.0002 0.0002
29.1997 0.0002 0.0002
29.2168 0.0002 0.0002
29.2339 0.0002 0.0002
29.2511 0.0002 0.0002
29.2682 0.0002 0.0002
29.2853 0.0002 0.0002
29.3025 0.0002 0.0002
29.3196 0.0002 0.0002
29.3368 0.0002 0.0002
29.3539 0.0002 0.0002
29.3710 0.0002 0.0002
29.3882 0.0002 0.0002
29.4053 0.0002 0.0002
29.4224 0.0002 0.0002
29.4396 0.0002 0.0002
29.4567 0.0002 0.0002
29.4738 0.0002 0.0002
29.4910 0.0002 0.0002
29.5081 0.0002 0.0002
29.5252 0.0002 0.0002
29.5424 0.0002 0.0002
29.5595 0.0002 0.0002
29.5767 0.0002 0.0002
29.5938 0.0002 0.0002
29.6109 0.0002 0.0002
29.6281 0.0002 0.0002
29.6452 0.0002 0.0002
29.6623 0.0002 0.0002
29.6795 0.0002 0.0002
29.6966 0.0002 0.0002
29.7137 0.0002 0.0002
29.7309 0.0002 0.0002
29.7480 0.0002 0.0002
29.7652 0.0002 0.0002
29.7823 0.0002 0.0002
29.7994 0.0002 0.0002
29.8166 0.0002 0.0002
29.8337 0.0002 0.0002
29.8508 0.0002 0.0002
29.8680 0.0002 0.0002
29.8851 0.0002 0.0002
29.9022 0.0002 0.0002
29.9194 0.0002 0.0002
29.9365 0.0002 0.0002
29.9536 0.0002 0.0002
29.9708 0.0002 0.0002
29.9879 0.0002 0.0002
30.0051 0.0002 0.0002
30.0222 0.0002 0.0002
30.0393 0.0002 0.0002
30.0565 0.0002 0.0002
30.0736 0.0002 0.0002
30.0907 0.0002 0.0002
30.1079 0.0002 0.0002
30.1250 0.0002 0.0002
30.1421 0.0002 0.0002
30.1593 0.0002 0.0002
30.1764 0.0002 0.0002
30.1936 0.0002 0.0002
30.2107 0.0002 0.0002
30.2278 0.0002 0.0002
30.2450 0.0002 0.0002
30.2621 0.0002 0.0002
30.2792 0.0002 0.0002
30.2964 0.0002 0.0002
30.3135 0.0002 0.0002
30.3306 0.0002 0.0002
30.3478 0.0002 0.0002
30.3649 0.0002 0.0002
30.3820 0.0002 0.0002
30.3992 0.0002 0.0002
30.4163 0.0002 0.0002
30.4335 0.0002 0.0002
30.4506 0.0002 0.0002
30.4677 0.0002 0.0002
30.4849 0.0002 0.0002
30.5020 0.0002 0.0002
30.5191 0.0002 0.0002
30.5363 0.0002 0.0002
30.5534 0.0002 0.0002
30.5705 0.0002 0.0002
30.5877 0.0002 0.0002
30.6048 0.0002 0.0002
30.6220 0.0002 0.0002
30.6391 0.0002 0.0002
30.6562 0.0002 0.0002
30.6734 0.0002 0.0002
30.6905 0.0002 0.0002
30.7076 0.0002 0.0002
30.7248 0.0002 0.0002
30.7419 0.0002 0.0002
30.7590 0.0002 0.0002
30.7762 0.0002 0.0002
30.7933 0.0002 0.0002
30.8104 0.0002 0.0002
30.8276 0.0002 0.0002
30.8447 0.0002 0.0002
30.8619 0.0002 0.0002
30.8790 0.0002 0.0002
30.8961 0.0002 0.0002
30.9133 0.0002 0.0002
30.9304 0.0002 0.0002
30.9475 0.0002 0.0002
30.9647 0.0002 0.0002
30.9818 0.0002 0.0002
30.9989 0.0002 0.0002
31.0161 0.0002 0.0002
31.0332 0.0002 0.0002
31.0503 0.0002 0.0002
31.0675 0.0002 0.0002
31.0846 0.0002 0.0002
31.1018 0.0002 0.0002
31.1189 0.0002 0.0002
31.1360 0.0002 0.0002
31.1532 0.0002 0.0002
31.1703 0.0002 0.0002
31.1874 0.0002 0.0002
31.2046 0.0002 0.0002
31.2217 0.0002 0.0002
31.2388 0.0002 0.0002
31.2560 0.0002 0.0002
31.2731 0.0002 0.0002
31.2903 0.0002 0.0002
31.3074 0.0002 0.0002
31.3245 0.0002 0.0002
31.3417 0.0002 0.0002
31.3588 0.0002 0.0002
31.3759 0.0002 0.0002
31.3931 0.0002 0.0002
31.4102 0.0002 0.0002
31.4273 0.0002 0.0002
31.4445 0.0002 0.0002
31.4616 0.0002 0.0002
31.4787 0.0002 0.0002
31.4959 0.0002 0.0002
31.5130 0.0002 0.0002
31.5302 0.0002 0.0002
31.5473 0.0002 0.0002
31.5644 0.0002 0.0002
31.5816 0.0002 0.0002
31.5987 0.0002 0.0002
31.6158 0.0002 0.0002
31.6330 0.0002 0.0002
31.6501 0.0002 0.0002
31.6672 0.0002 0.0002
31.6844 0.0002 0.0002
31.7015 0.0002 0.0002
31.7187 0.0002 0.0002
31.7358 0.0002 0.0002
31.7529 0.0002 0.0002
31.7701 0.0002 0.0002
31.7872 0.0002 0.0002
31.8043 0.0002 0.0002
31.8215 0.0002 0.0002
31.8386 0.0002 0.0002
31.8557 0.0002 0.0002
31.8729 0.0002 0.0002
31.8900 0.0002 0.0002
31.9071 0.0002 0.0002
31.9243 0.0002 0.0002
31.9414 0.0002 0.0002
31.9586 0.0002 0.0002
31.9757 0.0002 0.0002
31.9928 0.0002 0.0002
32.0100 0.0002 0.0002
32.0271 0.0002 0.0002
32.0442 0.0002 0.0002
32.0614 0.0002 0.0002
32.0785 0.0002 0.0002
32.0956 0.0002 0.0002
32.1128 0.0002 0.0002
32.1299 0.0002 0.0002
32.1471 0.0002 0.0002
32.1642 0.0002 0.0002
32.1813 0.0002 0.0002
32.1985 0.0002 0.0002
32.2156 0.0002 0.0002
32.2327 0.0002 0.0002
32.2499 0.0002 0.0002
32.2670 0.0002 0.0002
32.2841 0.0002 0.0002
32.3013 0.0002 0.0002
32.3184 0.0002 0.0002
32.3355 0.0002 0.0002
32.3527 0.0002 0.0002
32.3698 0.0002 0.0002
32.3870 0.0002 0.0002
32.4041 0.0002 0.0002
32.4212 0.0002 0.0002
32.4384 0.0002 0.0002
32.4555 0.0002 0.0002
32.4726 0.0002 0.0002
32.4898 0.0002 0.0002
32.5069 0.0002 0.0002
32.5240 0.0002 0.0002
32.5412 0.0002 0.0002
32.5583 0.0002 0.0002
32.5754 0.0002 0.0001
32.5926 0.0002 0.0001
32.6097 0.0002 0.0001
32.6269 0.0002 0.0001
32.6440 0.0002 0.0001
32.6611 0.0002 0.0001
32.6783 0.0002 0.0001
32.6954 0.0002 0.0001
32.7125 0.0002 0.0001
32.7297 0.0002 0.0001
32.7468 0.0002 0.0001
32.7639 0.0002 0.0001
32.7811 0.0002 0.0001
32.7982 0.0002 0.0001
32.8154 0.0002 0.0001
32.8325 0.0002 0.0001
32.8496 0.0002 0.0001
32.8668 0.0002 0.0001
32.8839 0.0002 0.0001
32.9010 0.0002 0.0001
32.9182 0.0002 0.0001
32.9353 0.0002 0.0001
32.9524 0.0002 0.0001
32.9696 0.0002 0.0001
32.9867 0.0001 0.0001
33.0038 0.0001 0.0001
33.0210 0.0001 0.0001
33.0381 0.0001 0.0001
33.0553 0.0001 0.0001
33.0724 0.0001 0.0001
33.0895 0.0001 0.0001
33.1067 0.0001 0.0001
33.1238 0.0001 0.0001
33.1409 0.0001 0.0001
33.1581 0.0001 0.0001
33.1752 0.0001 0.0001
33.1923 0.0001 0.0001
33.2095 0.0001 0.0001
33.2266 0.0001 0.0001
33.2438 0.0001 0.0001
33.2609 0.0001 0.0001
33.2780 0.0001 0.0001
33.2952 0.0001 0.0001
33.3123 0.0001 0.0001
33.3294 0.0001 0.0001
33.3466 0.0001 0.0001
33.3637 0.0001 0.0001
33.3808 0.0001 0.0001
33.3980 0.0001 0.0001
33.4151 0.0001 0.0001
33.4322 0.0001 0.0001
33.4494 0.0001 0.0001
33.4665 0.0001 0.0001
33.4837 0.0001 0.0001
33.5008 0.0001 0.0001
33.5179 0.0001 0.0001
33.5351 0.0001 0.0001
33.5522 0.0001 0.0001
33.5693 0.0001 0.0001
33.5865 0.0001 0.0001
33.6036 0.0001 0.0001
33.6207 0.0001 0.0001
33.6379 0.0001 0.0001
33.6550 0.0001 0.0001
33.6722 0.0001 0.0001
33.6893 0.0001 0.0001
33.7064 0.0001 0.0001
33.7236 0.0001 0.0001
33.7407 0.0001 0.0001
33.7578 0.0001 0.0001
33.7750 0.0001 0.0001
33.7921 0.0001 0.0001
33.8092 0.0001 0.0001
33.8264 0.0001 0.0001
33.8435 0.0001 0.0001
33.8606 0.0001 0.0001
33.8778 0.0001 0.0001
33.8949 0.0001 0.0001
33.9121 0.0001 0.0001
33.9292 0.0001 0.0001
33.9463 0.0001 0.0001
33.9635 0.0001 0.0001
33.9806 0.0001 0.0001
33.9977 0.0001 0.0001
34.0149 0.0001 0.0001
34.0320 0.0001 0.0001
34.0491 0.0001 0.0001
34.0663 0.0001 0.0001
34.0834 0.0001 0.0001
34.1005 0.0001 0.0001
34.1177 0.0001 0.0001
34.1348 0.0001 0.0001
34.1520 0.0001 0.0001
34.1691 0.0001 0.0001
34.1862 0.0001 0.0001
34.2034 0.0001 0.0001
34.2205 0.0001 0.0001
34.2376 0.0001 0.0001
34.2548 0.0001 0.0001
  
  
  
  
  
dim="1">gridpoints</dimension>  
  
  
  
  
  
  
  
  
0.0000 226.5406 229.9114
0.0171 226.5406 229.9114
0.0343 113.2906 115.0312
0.0514 75.5503 76.7706
0.0685 56.6880 57.6641
0.0857 45.3776 46.2182
0.1028 37.8437 38.6018
0.1200 32.4682 33.1725
0.1371 28.4420 29.1092
0.1542 25.3153 25.9556
0.1714 22.8181 23.4377
0.1885 20.7785 21.3813
0.2056 19.0816 19.6699
0.2228 17.6476 18.2232
0.2399 16.4196 16.9835
0.2570 15.3555 15.9088
0.2742 14.4238 14.9674
0.2913 13.6004 14.1352
0.3084 12.8666 13.3936
0.3256 12.2075 12.7278
0.3427 11.6116 12.1263
0.3599 11.0695 11.5798
0.3770 10.5736 11.0806
0.3941 10.1179 10.6226
0.4113 9.6975 10.2010
0.4284 9.3084 9.8114
0.4455 8.9474 9.4505
0.4627 8.6117 9.1155
0.4798 8.2990 8.8038
0.4969 8.0074 8.5134
0.5141 7.7354 8.2424
0.5312 7.4813 7.9893
0.5484 7.2438 7.7525
0.5655 7.0218 7.5308
0.5826 6.8140 7.3228
0.5998 6.6193 7.1274
0.6169 6.4368 6.9435
0.6340 6.2653 6.7700
0.6512 6.1040 6.6060
0.6683 5.9520 6.4505
0.6854 5.8084 6.3026
0.7026 5.6724 6.1617
0.7197 5.5435 6.0270
0.7368 5.4208 5.8979
0.7540 5.3040 5.7739
0.7711 5.1923 5.6545
0.7883 5.0855 5.5393
0.8054 4.9831 5.4281
0.8225 4.8849 5.3206
0.8397 4.7904 5.2165
0.8568 4.6995 5.1156
0.8739 4.6119 5.0179
0.8911 4.5276 4.9230
0.9082 4.4463 4.8310
0.9253 4.3680 4.7416
0.9425 4.2926 4.6546
0.9596 4.2201 4.5698
0.9767 4.1503 4.4872
0.9939 4.0833 4.4064
1.0110 4.0190 4.3273
1.0282 3.9574 4.2497
1.0453 3.8984 4.1734
1.0624 3.8421 4.0983
1.0796 3.7883 4.0243
1.0967 3.7369 3.9512
1.1138 3.6878 3.8790
1.1310 3.6409 3.8076
1.1481 3.5960 3.7372
1.1652 3.5529 3.6678
1.1824 3.5114 3.5994
1.1995 3.4713 3.5322
1.2167 3.4324 3.4663
1.2338 3.3944 3.4020
1.2509 3.3571 3.3394
1.2681 3.3203 3.2787
1.2852 3.2837 3.2200
1.3023 3.2473 3.1636
1.3195 3.2108 3.1095
1.3366 3.1742 3.0579
1.3537 3.1373 3.0088
1.3709 3.1001 2.9623
1.3880 3.0626 2.9183
1.4051 3.0247 2.8768
1.4223 2.9865 2.8377
1.4394 2.9480 2.8008
1.4566 2.9092 2.7660
1.4737 2.8703 2.7330
1.4908 2.8314 2.7017
1.5080 2.7924 2.6717
1.5251 2.7535 2.6430
1.5422 2.7147 2.6153
1.5594 2.6763 2.5883
1.5765 2.6381 2.5619
1.5936 2.6004 2.5360
1.6108 2.5632 2.5104
1.6279 2.5266 2.4850
1.6451 2.4907 2.4598
1.6622 2.4556 2.4347
1.6793 2.4213 2.4096
1.6965 2.3880 2.3847
1.7136 2.3557 2.3598
1.7307 2.3245 2.3351
1.7479 2.2945 2.3105
1.7650 2.2657 2.2861
1.7821 2.2382 2.2619
1.7993 2.2120 2.2380
1.8164 2.1872 2.2144
1.8335 2.1638 2.1910
1.8507 2.1417 2.1680
1.8678 2.1208 2.1454
1.8850 2.1012 2.1230
1.9021 2.0827 2.1011
1.9192 2.0652 2.0795
1.9364 2.0487 2.0583
1.9535 2.0329 2.0375
1.9706 2.0177 2.0172
1.9878 2.0029 1.9973
2.0049 1.9885 1.9781
2.0220 1.9743 1.9593
2.0392 1.9601 1.9413
2.0563 1.9459 1.9238
2.0735 1.9314 1.9071
2.0906 1.9168 1.8912
2.1077 1.9018 1.8759
2.1249 1.8865 1.8615
2.1420 1.8708 1.8477
2.1591 1.8548 1.8347
2.1763 1.8384 1.8224
2.1934 1.8218 1.8108
2.2105 1.8050 1.7997
2.2277 1.7880 1.7892
2.2448 1.7709 1.7792
2.2619 1.7539 1.7695
2.2791 1.7369 1.7603
2.2962 1.7200 1.7513
2.3134 1.7033 1.7426
2.3305 1.6868 1.7341
2.3476 1.6707 1.7258
2.3648 1.6548 1.7176
2.3819 1.6393 1.7096
2.3990 1.6242 1.7016
2.4162 1.6094 1.6937
2.4333 1.5950 1.6859
2.4504 1.5810 1.6781
2.4676 1.5673 1.6702
2.4847 1.5539 1.6622
2.5018 1.5409 1.6542
2.5190 1.5282 1.6459
2.5361 1.5158 1.6374
2.5533 1.5037 1.6286
2.5704 1.4918 1.6194
2.5875 1.4802 1.6098
2.6047 1.4689 1.5996
2.6218 1.4578 1.5889
2.6389 1.4470 1.5775
2.6561 1.4364 1.5655
2.6732 1.4261 1.5528
2.6903 1.4161 1.5394
2.7075 1.4063 1.5252
2.7246 1.3967 1.5104
2.7418 1.3873 1.4948
2.7589 1.3781 1.4786
2.7760 1.3691 1.4618
2.7932 1.3601 1.4445
2.8103 1.3512 1.4267
2.8274 1.3424 1.4085
2.8446 1.3334 1.3900
2.8617 1.3243 1.3713
2.8788 1.3151 1.3525
2.8960 1.3056 1.3336
2.9131 1.2959 1.3148
2.9302 1.2858 1.2962
2.9474 1.2754 1.2778
2.9645 1.2647 1.2596
2.9817 1.2535 1.2419
2.9988 1.2420 1.2246
3.0159 1.2301 1.2077
3.0331 1.2179 1.1914
3.0502 1.2054 1.1757
3.0673 1.1927 1.1605
3.0845 1.1798 1.1459
3.1016 1.1668 1.1319
3.1187 1.1538 1.1186
3.1359 1.1408 1.1058
3.1530 1.1280 1.0936
3.1702 1.1154 1.0819
3.1873 1.1030 1.0709
3.2044 1.0910 1.0604
3.2216 1.0793 1.0504
3.2387 1.0681 1.0409
3.2558 1.0574 1.0320
3.2730 1.0473 1.0234
3.2901 1.0376 1.0153
3.3072 1.0285 1.0077
3.3244 1.0201 1.0003
3.3415 1.0121 0.9933
3.3586 1.0048 0.9866
3.3758 0.9980 0.9800
3.3929 0.9917 0.9737
3.4101 0.9859 0.9674
3.4272 0.9805 0.9612
3.4443 0.9755 0.9549
3.4615 0.9708 0.9486
3.4786 0.9663 0.9422
3.4957 0.9619 0.9356
3.5129 0.9575 0.9288
3.5300 0.9531 0.9219
3.5471 0.9486 0.9148
3.5643 0.9438 0.9076
3.5814 0.9387 0.9002
3.5986 0.9333 0.8927
3.6157 0.9275 0.8852
3.6328 0.9212 0.8778
3.6500 0.9145 0.8704
3.6671 0.9073 0.8632
3.6842 0.8997 0.8562
3.7014 0.8918 0.8496
3.7185 0.8834 0.8432
3.7356 0.8749 0.8373
3.7528 0.8661 0.8318
3.7699 0.8573 0.8267
3.7870 0.8485 0.8221
3.8042 0.8397 0.8179
3.8213 0.8312 0.8142
3.8385 0.8229 0.8109
3.8556 0.8151 0.8080
3.8727 0.8076 0.8055
3.8899 0.8007 0.8033
3.9070 0.7943 0.8014
3.9241 0.7885 0.7997
3.9413 0.7834 0.7982
3.9584 0.7789 0.7969
3.9755 0.7750 0.7956
3.9927 0.7717 0.7943
4.0098 0.7689 0.7931
4.0269 0.7667 0.7918
4.0441 0.7650 0.7904
4.0612 0.7636 0.7889
4.0784 0.7626 0.7872
4.0955 0.7618 0.7853
4.1126 0.7612 0.7832
4.1298 0.7607 0.7808
4.1469 0.7603 0.7782
4.1640 0.7598 0.7753
4.1812 0.7593 0.7722
4.1983 0.7586 0.7688
4.2154 0.7577 0.7652
4.2326 0.7567 0.7614
4.2497 0.7555 0.7574
4.2669 0.7541 0.7532
4.2840 0.7525 0.7490
4.3011 0.7507 0.7446
4.3183 0.7488 0.7402
4.3354 0.7468 0.7357
4.3525 0.7447 0.7311
4.3697 0.7424 0.7266
4.3868 0.7402 0.7220
4.4039 0.7379 0.7174
4.4211 0.7355 0.7128
4.4382 0.7332 0.7081
4.4553 0.7308 0.7033
4.4725 0.7284 0.6985
4.4896 0.7260 0.6935
4.5068 0.7236 0.6884
4.5239 0.7210 0.6832
4.5410 0.7185 0.6779
4.5582 0.7158 0.6725
4.5753 0.7131 0.6669
4.5924 0.7102 0.6612
4.6096 0.7072 0.6555
4.6267 0.7041 0.6497
4.6438 0.7009 0.6439
4.6610 0.6975 0.6382
4.6781 0.6940 0.6325
4.6953 0.6904 0.6269
4.7124 0.6866 0.6215
4.7295 0.6828 0.6162
4.7467 0.6789 0.6112
4.7638 0.6750 0.6065
4.7809 0.6710 0.6019
4.7981 0.6669 0.5977
4.8152 0.6629 0.5937
4.8323 0.6588 0.5899
4.8495 0.6548 0.5864
4.8666 0.6507 0.5831
4.8837 0.6467 0.5799
4.9009 0.6427 0.5770
4.9180 0.6388 0.5741
4.9352 0.6349 0.5714
4.9523 0.6311 0.5687
4.9694 0.6274 0.5661
4.9866 0.6237 0.5634
5.0037 0.6201 0.5608
5.0208 0.6166 0.5581
5.0380 0.6131 0.5554
5.0551 0.6098 0.5527
5.0722 0.6064 0.5499
5.0894 0.6032 0.5471
5.1065 0.6000 0.5444
5.1237 0.5968 0.5416
5.1408 0.5936 0.5388
5.1579 0.5905 0.5361
5.1751 0.5874 0.5335
5.1922 0.5842 0.5309
5.2093 0.5811 0.5284
5.2265 0.5779 0.5260
5.2436 0.5747 0.5237
5.2607 0.5714 0.5216
5.2779 0.5681 0.5195
5.2950 0.5647 0.5176
5.3121 0.5612 0.5158
5.3293 0.5577 0.5140
5.3464 0.5542 0.5124
5.3636 0.5505 0.5109
5.3807 0.5468 0.5094
5.3978 0.5431 0.5080
5.4150 0.5393 0.5066
5.4321 0.5355 0.5053
5.4492 0.5317 0.5040
5.4664 0.5278 0.5027
5.4835 0.5240 0.5014
5.5006 0.5201 0.5001
5.5178 0.5163 0.4989
5.5349 0.5126 0.4976
5.5520 0.5089 0.4962
5.5692 0.5053 0.4949
5.5863 0.5018 0.4935
5.6035 0.4984 0.4920
5.6206 0.4951 0.4905
5.6377 0.4919 0.4889
5.6549 0.4889 0.4872
5.6720 0.4861 0.4854
5.6891 0.4834 0.4834
5.7063 0.4808 0.4814
5.7234 0.4784 0.4792
5.7405 0.4762 0.4769
5.7577 0.4741 0.4744
5.7748 0.4721 0.4718
5.7920 0.4702 0.4692
5.8091 0.4684 0.4664
5.8262 0.4667 0.4635
5.8434 0.4651 0.4605
5.8605 0.4635 0.4576
5.8776 0.4620 0.4546
5.8948 0.4605 0.4516
5.9119 0.4589 0.4486
5.9290 0.4574 0.4457
5.9462 0.4557 0.4428
5.9633 0.4541 0.4400
5.9804 0.4524 0.4374
5.9976 0.4506 0.4348
6.0147 0.4487 0.4324
6.0319 0.4467 0.4301
6.0490 0.4446 0.4279
6.0661 0.4425 0.4259
6.0833 0.4403 0.4240
6.1004 0.4381 0.4222
6.1175 0.4358 0.4206
6.1347 0.4335 0.4192
6.1518 0.4312 0.4178
6.1689 0.4289 0.4166
6.1861 0.4266 0.4156
6.2032 0.4244 0.4147
6.2204 0.4222 0.4139
6.2375 0.4201 0.4132
6.2546 0.4181 0.4126
6.2718 0.4162 0.4121
6.2889 0.4144 0.4118
6.3060 0.4127 0.4115
6.3232 0.4110 0.4113
6.3403 0.4095 0.4111
6.3574 0.4079 0.4110
6.3746 0.4065 0.4110
6.3917 0.4050 0.4109
6.4088 0.4036 0.4109
6.4260 0.4022 0.4109
6.4431 0.4008 0.4108
6.4603 0.3994 0.4107
6.4774 0.3980 0.4106
6.4945 0.3966 0.4104
6.5117 0.3951 0.4101
6.5288 0.3937 0.4098
6.5459 0.3922 0.4094
6.5631 0.3907 0.4088
6.5802 0.3892 0.4082
6.5973 0.3878 0.4075
6.6145 0.3863 0.4067
6.6316 0.3848 0.4058
6.6488 0.3833 0.4049
6.6659 0.3819 0.4038
6.6830 0.3805 0.4026
6.7002 0.3791 0.4014
6.7173 0.3777 0.4001
6.7344 0.3765 0.3988
6.7516 0.3752 0.3975
6.7687 0.3740 0.3961
6.7858 0.3729 0.3947
6.8030 0.3719 0.3934
6.8201 0.3709 0.3920
6.8372 0.3699 0.3907
6.8544 0.3690 0.3894
6.8715 0.3682 0.3881
6.8887 0.3674 0.3869
6.9058 0.3667 0.3857
6.9229 0.3659 0.3845
6.9401 0.3652 0.3834
6.9572 0.3645 0.3822
6.9743 0.3637 0.3811
6.9915 0.3630 0.3800
7.0086 0.3622 0.3789
7.0257 0.3614 0.3779
7.0429 0.3606 0.3768
7.0600 0.3597 0.3758
7.0771 0.3587 0.3748
7.0943 0.3577 0.3737
7.1114 0.3567 0.3728
7.1286 0.3557 0.3718
7.1457 0.3546 0.3708
7.1628 0.3535 0.3698
7.1800 0.3525 0.3689
7.1971 0.3514 0.3679
7.2142 0.3504 0.3669
7.2314 0.3493 0.3658
7.2485 0.3484 0.3647
7.2656 0.3475 0.3635
7.2828 0.3466 0.3622
7.2999 0.3458 0.3608
7.3171 0.3450 0.3594
7.3342 0.3443 0.3578
7.3513 0.3437 0.3561
7.3685 0.3431 0.3543
7.3856 0.3425 0.3525
7.4027 0.3420 0.3505
7.4199 0.3415 0.3485
7.4370 0.3409 0.3465
7.4541 0.3404 0.3444
7.4713 0.3398 0.3423
7.4884 0.3392 0.3403
7.5055 0.3386 0.3383
7.5227 0.3379 0.3363
7.5398 0.3371 0.3344
7.5570 0.3363 0.3326
7.5741 0.3354 0.3309
7.5912 0.3345 0.3292
7.6084 0.3335 0.3277
7.6255 0.3325 0.3262
7.6426 0.3314 0.3249
7.6598 0.3303 0.3236
7.6769 0.3291 0.3224
7.6940 0.3280 0.3212
7.7112 0.3268 0.3201
7.7283 0.3256 0.3191
7.7455 0.3244 0.3181
7.7626 0.3233 0.3170
7.7797 0.3221 0.3160
7.7969 0.3209 0.3151
7.8140 0.3197 0.3141
7.8311 0.3185 0.3131
7.8483 0.3174 0.3121
7.8654 0.3162 0.3111
7.8825 0.3150 0.3101
7.8997 0.3138 0.3090
7.9168 0.3126 0.3080
7.9339 0.3115 0.3070
7.9511 0.3103 0.3060
7.9682 0.3092 0.3050
7.9854 0.3081 0.3040
8.0025 0.3070 0.3030
8.0196 0.3060 0.3021
8.0368 0.3050 0.3011
8.0539 0.3040 0.3002
8.0710 0.3031 0.2992
8.0882 0.3023 0.2983
8.1053 0.3016 0.2974
8.1224 0.3009 0.2965
8.1396 0.3003 0.2956
8.1567 0.2997 0.2946
8.1739 0.2992 0.2937
8.1910 0.2988 0.2928
8.2081 0.2984 0.2918
8.2253 0.2981 0.2909
8.2424 0.2978 0.2899
8.2595 0.2975 0.2889
8.2767 0.2973 0.2879
8.2938 0.2971 0.2869
8.3109 0.2970 0.2859
8.3281 0.2968 0.2849
8.3452 0.2967 0.2838
8.3623 0.2966 0.2828
8.3795 0.2964 0.2817
8.3966 0.2963 0.2807
8.4138 0.2961 0.2796
8.4309 0.2960 0.2786
8.4480 0.2958 0.2775
8.4652 0.2955 0.2765
8.4823 0.2952 0.2754
8.4994 0.2949 0.2744
8.5166 0.2945 0.2733
8.5337 0.2940 0.2723
8.5508 0.2934 0.2712
8.5680 0.2928 0.2702
8.5851 0.2921 0.2691
8.6022 0.2913 0.2680
8.6194 0.2904 0.2669
8.6365 0.2895 0.2659
8.6537 0.2885 0.2647
8.6708 0.2874 0.2636
8.6879 0.2863 0.2625
8.7051 0.2852 0.2614
8.7222 0.2840 0.2602
8.7393 0.2828 0.2590
8.7565 0.2815 0.2578
8.7736 0.2803 0.2567
8.7907 0.2790 0.2555
8.8079 0.2778 0.2542
8.8250 0.2765 0.2530
8.8422 0.2753 0.2518
8.8593 0.2741 0.2506
8.8764 0.2729 0.2493
8.8936 0.2717 0.2481
8.9107 0.2705 0.2468
8.9278 0.2693 0.2456
8.9450 0.2681 0.2444
8.9621 0.2669 0.2431
8.9792 0.2658 0.2419
8.9964 0.2646 0.2407
9.0135 0.2634 0.2394
9.0306 0.2622 0.2382
9.0478 0.2610 0.2370
9.0649 0.2598 0.2357
9.0821 0.2586 0.2345
9.0992 0.2574 0.2333
9.1163 0.2562 0.2320
9.1335 0.2550 0.2308
9.1506 0.2537 0.2296
9.1677 0.2525 0.2284
9.1849 0.2514 0.2272
9.2020 0.2502 0.2260
9.2191 0.2490 0.2249
9.2363 0.2479 0.2237
9.2534 0.2468 0.2226
9.2706 0.2457 0.2215
9.2877 0.2447 0.2205
9.3048 0.2437 0.2195
9.3220 0.2427 0.2185
9.3391 0.2417 0.2175
9.3562 0.2408 0.2166
9.3734 0.2398 0.2156
9.3905 0.2389 0.2147
9.4076 0.2381 0.2138
9.4248 0.2372 0.2130
9.4419 0.2364 0.2121
9.4590 0.2355 0.2112
9.4762 0.2347 0.2104
9.4933 0.2339 0.2095
9.5105 0.2331 0.2086
9.5276 0.2323 0.2078
9.5447 0.2315 0.2069
9.5619 0.2307 0.2060
9.5790 0.2299 0.2051
9.5961 0.2291 0.2043
9.6133 0.2283 0.2034
9.6304 0.2275 0.2025
9.6475 0.2267 0.2017
9.6647 0.2259 0.2008
9.6818 0.2252 0.2000
9.6990 0.2244 0.1991
9.7161 0.2236 0.1983
9.7332 0.2228 0.1974
9.7504 0.2220 0.1965
9.7675 0.2211 0.1957
9.7846 0.2203 0.1948
9.8018 0.2194 0.1939
9.8189 0.2185 0.1929
9.8360 0.2176 0.1920
9.8532 0.2166 0.1910
9.8703 0.2156 0.1900
9.8874 0.2146 0.1889
9.9046 0.2135 0.1879
9.9217 0.2124 0.1868
9.9389 0.2112 0.1857
9.9560 0.2100 0.1847
9.9731 0.2087 0.1836
9.9903 0.2074 0.1825
10.0074 0.2061 0.1814
10.0245 0.2047 0.1803
10.0417 0.2033 0.1793
10.0588 0.2019 0.1782
10.0759 0.2005 0.1772
10.0931 0.1990 0.1763
10.1102 0.1975 0.1753
10.1273 0.1961 0.1744
10.1445 0.1946 0.1735
10.1616 0.1931 0.1726
10.1788 0.1917 0.1717
10.1959 0.1903 0.1708
10.2130 0.1888 0.1700
10.2302 0.1875 0.1691
10.2473 0.1861 0.1682
10.2644 0.1847 0.1674
10.2816 0.1834 0.1665
10.2987 0.1821 0.1656
10.3158 0.1809 0.1647
10.3330 0.1797 0.1638
10.3501 0.1785 0.1629
10.3673 0.1773 0.1619
10.3844 0.1762 0.1610
10.4015 0.1750 0.1600
10.4187 0.1740 0.1590
10.4358 0.1729 0.1580
10.4529 0.1719 0.1570
10.4701 0.1709 0.1560
10.4872 0.1699 0.1550
10.5043 0.1690 0.1540
10.5215 0.1680 0.1530
10.5386 0.1671 0.1520
10.5557 0.1662 0.1510
10.5729 0.1652 0.1500
10.5900 0.1643 0.1491
10.6072 0.1634 0.1481
10.6243 0.1625 0.1472
10.6414 0.1615 0.1463
10.6586 0.1606 0.1455
10.6757 0.1597 0.1446
10.6928 0.1588 0.1438
10.7100 0.1578 0.1430
10.7271 0.1569 0.1422
10.7442 0.1560 0.1414
10.7614 0.1551 0.1407
10.7785 0.1542 0.1399
10.7957 0.1534 0.1392
10.8128 0.1525 0.1384
10.8299 0.1517 0.1377
10.8471 0.1509 0.1369
10.8642 0.1501 0.1362
10.8813 0.1493 0.1354
10.8985 0.1486 0.1346
10.9156 0.1478 0.1339
10.9327 0.1470 0.1330
10.9499 0.1463 0.1322
10.9670 0.1455 0.1314
10.9841 0.1448 0.1305
11.0013 0.1440 0.1297
11.0184 0.1432 0.1288
11.0356 0.1424 0.1279
11.0527 0.1416 0.1270
11.0698 0.1408 0.1261
11.0870 0.1400 0.1252
11.1041 0.1391 0.1243
11.1212 0.1383 0.1235
11.1384 0.1374 0.1226
11.1555 0.1366 0.1217
11.1726 0.1358 0.1208
11.1898 0.1349 0.1200
11.2069 0.1341 0.1191
11.2241 0.1333 0.1183
11.2412 0.1325 0.1174
11.2583 0.1317 0.1166
11.2755 0.1309 0.1157
11.2926 0.1301 0.1149
11.3097 0.1293 0.1141
11.3269 0.1285 0.1132
11.3440 0.1277 0.1124
11.3611 0.1269 0.1116
11.3783 0.1261 0.1107
11.3954 0.1253 0.1099
11.4125 0.1245 0.1090
11.4297 0.1237 0.1082
11.4468 0.1229 0.1074
11.4640 0.1220 0.1065
11.4811 0.1212 0.1057
11.4982 0.1203 0.1048
11.5154 0.1194 0.1040
11.5325 0.1185 0.1031
11.5496 0.1177 0.1023
11.5668 0.1168 0.1015
11.5839 0.1160 0.1007
11.6010 0.1151 0.0999
11.6182 0.1143 0.0991
11.6353 0.1135 0.0983
11.6524 0.1127 0.0975
11.6696 0.1119 0.0968
11.6867 0.1112 0.0961
11.7039 0.1105 0.0953
11.7210 0.1098 0.0946
11.7381 0.1091 0.0940
11.7553 0.1085 0.0933
11.7724 0.1079 0.0926
11.7895 0.1073 0.0920
11.8067 0.1068 0.0913
11.8238 0.1063 0.0907
11.8409 0.1058 0.0901
11.8581 0.1053 0.0895
11.8752 0.1049 0.0889
11.8924 0.1045 0.0883
11.9095 0.1041 0.0877
11.9266 0.1037 0.0871
11.9438 0.1033 0.0865
11.9609 0.1030 0.0860
11.9780 0.1026 0.0854
11.9952 0.1023 0.0848
12.0123 0.1020 0.0843
12.0294 0.1017 0.0838
12.0466 0.1014 0.0833
12.0637 0.1011 0.0828
12.0808 0.1008 0.0823
12.0980 0.1006 0.0818
12.1151 0.1003 0.0813
12.1323 0.1000 0.0808
12.1494 0.0998 0.0803
12.1665 0.0995 0.0798
12.1837 0.0992 0.0794
12.2008 0.0989 0.0789
12.2179 0.0986 0.0784
12.2351 0.0983 0.0779
12.2522 0.0980 0.0775
12.2693 0.0976 0.0770
12.2865 0.0973 0.0765
12.3036 0.0969 0.0760
12.3208 0.0965 0.0755
12.3379 0.0961 0.0750
12.3550 0.0957 0.0746
12.3722 0.0952 0.0741
12.3893 0.0948 0.0736
12.4064 0.0943 0.0731
12.4236 0.0938 0.0726
12.4407 0.0933 0.0720
12.4578 0.0928 0.0715
12.4750 0.0923 0.0710
12.4921 0.0918 0.0705
12.5092 0.0912 0.0699
12.5264 0.0907 0.0694
12.5435 0.0901 0.0688
12.5607 0.0895 0.0683
12.5778 0.0889 0.0677
12.5949 0.0883 0.0671
12.6121 0.0877 0.0665
12.6292 0.0871 0.0659
12.6463 0.0864 0.0652
12.6635 0.0857 0.0646
12.6806 0.0851 0.0639
12.6977 0.0843 0.0633
12.7149 0.0836 0.0626
12.7320 0.0829 0.0620
12.7492 0.0821 0.0613
12.7663 0.0813 0.0607
12.7834 0.0805 0.0600
12.8006 0.0797 0.0594
12.8177 0.0789 0.0588
12.8348 0.0781 0.0582
12.8520 0.0773 0.0576
12.8691 0.0765 0.0570
12.8862 0.0757 0.0565
12.9034 0.0749 0.0560
12.9205 0.0741 0.0555
12.9376 0.0734 0.0550
12.9548 0.0726 0.0546
12.9719 0.0719 0.0542
12.9891 0.0712 0.0538
13.0062 0.0705 0.0534
13.0233 0.0698 0.0531
13.0405 0.0692 0.0527
13.0576 0.0686 0.0524
13.0747 0.0679 0.0521
13.0919 0.0673 0.0518
13.1090 0.0668 0.0515
13.1261 0.0662 0.0512
13.1433 0.0657 0.0509
13.1604 0.0651 0.0506
13.1775 0.0646 0.0503
13.1947 0.0641 0.0501
13.2118 0.0636 0.0498
13.2290 0.0631 0.0496
13.2461 0.0627 0.0493
13.2632 0.0622 0.0491
13.2804 0.0617 0.0489
13.2975 0.0613 0.0486
13.3146 0.0608 0.0484
13.3318 0.0604 0.0482
13.3489 0.0599 0.0480
13.3660 0.0595 0.0477
13.3832 0.0590 0.0475
13.4003 0.0586 0.0473
13.4175 0.0581 0.0471
13.4346 0.0576 0.0468
13.4517 0.0572 0.0466
13.4689 0.0567 0.0463
13.4860 0.0562 0.0460
13.5031 0.0557 0.0458
13.5203 0.0552 0.0455
13.5374 0.0547 0.0452
13.5545 0.0542 0.0449
13.5717 0.0537 0.0446
13.5888 0.0532 0.0442
13.6059 0.0527 0.0439
13.6231 0.0522 0.0436
13.6402 0.0517 0.0432
13.6574 0.0512 0.0429
13.6745 0.0506 0.0425
13.6916 0.0501 0.0422
13.7088 0.0496 0.0418
13.7259 0.0491 0.0415
13.7430 0.0485 0.0411
13.7602 0.0480 0.0408
13.7773 0.0475 0.0404
13.7944 0.0470 0.0401
13.8116 0.0464 0.0397
13.8287 0.0459 0.0394
13.8459 0.0454 0.0391
13.8630 0.0449 0.0387
13.8801 0.0444 0.0384
13.8973 0.0439 0.0381
13.9144 0.0434 0.0378
13.9315 0.0429 0.0375
13.9487 0.0424 0.0372
13.9658 0.0419 0.0369
13.9829 0.0415 0.0366
14.0001 0.0410 0.0363
14.0172 0.0406 0.0360
14.0343 0.0401 0.0358
14.0515 0.0397 0.0355
14.0686 0.0392 0.0352
14.0858 0.0388 0.0350
14.1029 0.0384 0.0347
14.1200 0.0380 0.0345
14.1372 0.0376 0.0342
14.1543 0.0372 0.0340
14.1714 0.0368 0.0337
14.1886 0.0364 0.0335
14.2057 0.0360 0.0332
14.2228 0.0356 0.0330
14.2400 0.0352 0.0327
14.2571 0.0349 0.0324
14.2743 0.0345 0.0321
14.2914 0.0342 0.0319
14.3085 0.0338 0.0316
14.3257 0.0335 0.0313
14.3428 0.0332 0.0310
14.3599 0.0328 0.0307
14.3771 0.0325 0.0305
14.3942 0.0322 0.0302
14.4113 0.0319 0.0299
14.4285 0.0316 0.0296
14.4456 0.0313 0.0293
14.4627 0.0309 0.0291
14.4799 0.0306 0.0288
14.4970 0.0303 0.0285
14.5142 0.0300 0.0282
14.5313 0.0297 0.0280
14.5484 0.0294 0.0277
14.5656 0.0291 0.0274
14.5827 0.0288 0.0272
14.5998 0.0285 0.0269
14.6170 0.0282 0.0267
14.6341 0.0279 0.0264
14.6512 0.0276 0.0262
14.6684 0.0273 0.0259
14.6855 0.0270 0.0257
14.7026 0.0267 0.0254
14.7198 0.0265 0.0251
14.7369 0.0262 0.0249
14.7541 0.0259 0.0246
14.7712 0.0256 0.0244
14.7883 0.0254 0.0241
14.8055 0.0251 0.0239
14.8226 0.0249 0.0236
14.8397 0.0246 0.0233
14.8569 0.0244 0.0231
14.8740 0.0242 0.0228
14.8911 0.0240 0.0226
14.9083 0.0237 0.0223
14.9254 0.0235 0.0220
14.9426 0.0233 0.0218
14.9597 0.0231 0.0215
14.9768 0.0229 0.0213
14.9940 0.0227 0.0210
15.0111 0.0226 0.0208
15.0282 0.0224 0.0205
15.0454 0.0222 0.0203
15.0625 0.0220 0.0201
15.0796 0.0218 0.0199
15.0968 0.0216 0.0196
15.1139 0.0214 0.0194
15.1310 0.0212 0.0192
15.1482 0.0210 0.0190
15.1653 0.0208 0.0188
15.1825 0.0206 0.0186
15.1996 0.0204 0.0184
15.2167 0.0202 0.0183
15.2339 0.0200 0.0181
15.2510 0.0198 0.0179
15.2681 0.0196 0.0177
15.2853 0.0194 0.0176
15.3024 0.0192 0.0174
15.3195 0.0190 0.0172
15.3367 0.0188 0.0171
15.3538 0.0186 0.0169
15.3710 0.0185 0.0168
15.3881 0.0183 0.0166
15.4052 0.0181 0.0165
15.4224 0.0179 0.0163
15.4395 0.0177 0.0162
15.4566 0.0176 0.0161
15.4738 0.0174 0.0159
15.4909 0.0172 0.0158
15.5080 0.0170 0.0157
15.5252 0.0169 0.0155
15.5423 0.0167 0.0154
15.5594 0.0165 0.0153
15.5766 0.0163 0.0152
15.5937 0.0161 0.0150
15.6109 0.0159 0.0149
15.6280 0.0158 0.0148
15.6451 0.0156 0.0147
15.6623 0.0154 0.0145
15.6794 0.0152 0.0144
15.6965 0.0150 0.0143
15.7137 0.0149 0.0142
15.7308 0.0147 0.0141
15.7479 0.0145 0.0139
15.7651 0.0144 0.0138
15.7822 0.0142 0.0137
15.7993 0.0141 0.0136
15.8165 0.0139 0.0135
15.8336 0.0138 0.0133
15.8508 0.0136 0.0132
15.8679 0.0135 0.0131
15.8850 0.0134 0.0130
15.9022 0.0132 0.0128
15.9193 0.0131 0.0127
15.9364 0.0130 0.0126
15.9536 0.0129 0.0125
15.9707 0.0127 0.0123
15.9878 0.0126 0.0122
16.0050 0.0125 0.0121
16.0221 0.0124 0.0120
16.0393 0.0123 0.0119
16.0564 0.0121 0.0117
16.0735 0.0120 0.0116
16.0907 0.0119 0.0115
16.1078 0.0118 0.0114
16.1249 0.0117 0.0113
16.1421 0.0116 0.0112
16.1592 0.0115 0.0110
16.1763 0.0114 0.0109
16.1935 0.0113 0.0108
16.2106 0.0112 0.0107
16.2277 0.0111 0.0106
16.2449 0.0110 0.0105
16.2620 0.0109 0.0104
16.2792 0.0108 0.0103
16.2963 0.0107 0.0102
16.3134 0.0106 0.0101
16.3306 0.0105 0.0100
16.3477 0.0105 0.0099
16.3648 0.0104 0.0098
16.3820 0.0103 0.0097
16.3991 0.0102 0.0096
16.4162 0.0101 0.0095
16.4334 0.0101 0.0094
16.4505 0.0100 0.0093
16.4677 0.0099 0.0092
16.4848 0.0098 0.0092
16.5019 0.0097 0.0091
16.5191 0.0097 0.0090
16.5362 0.0096 0.0089
16.5533 0.0095 0.0089
16.5705 0.0094 0.0088
16.5876 0.0093 0.0087
16.6047 0.0092 0.0087
16.6219 0.0092 0.0086
16.6390 0.0091 0.0085
16.6561 0.0090 0.0085
16.6733 0.0089 0.0084
16.6904 0.0088 0.0083
16.7076 0.0088 0.0083
16.7247 0.0087 0.0082
16.7418 0.0086 0.0081
16.7590 0.0085 0.0081
16.7761 0.0085 0.0080
16.7932 0.0084 0.0079
16.8104 0.0083 0.0078
16.8275 0.0082 0.0078
16.8446 0.0082 0.0077
16.8618 0.0081 0.0076
16.8789 0.0080 0.0076
16.8961 0.0079 0.0075
16.9132 0.0079 0.0074
16.9303 0.0078 0.0073
16.9475 0.0077 0.0072
16.9646 0.0076 0.0072
16.9817 0.0076 0.0071
16.9989 0.0075 0.0070
17.0160 0.0074 0.0069
17.0331 0.0073 0.0069
17.0503 0.0073 0.0068
17.0674 0.0072 0.0067
17.0845 0.0071 0.0066
17.1017 0.0071 0.0066
17.1188 0.0070 0.0065
17.1360 0.0069 0.0064
17.1531 0.0069 0.0064
17.1702 0.0068 0.0063
17.1874 0.0068 0.0062
17.2045 0.0067 0.0062
17.2216 0.0067 0.0061
17.2388 0.0066 0.0060
17.2559 0.0065 0.0060
17.2730 0.0065 0.0059
17.2902 0.0064 0.0059
17.3073 0.0064 0.0058
17.3244 0.0063 0.0057
17.3416 0.0063 0.0057
17.3587 0.0062 0.0056
17.3759 0.0061 0.0056
17.3930 0.0061 0.0055
17.4101 0.0060 0.0055
17.4273 0.0060 0.0054
17.4444 0.0059 0.0054
17.4615 0.0058 0.0053
17.4787 0.0058 0.0053
17.4958 0.0057 0.0052
17.5129 0.0056 0.0052
17.5301 0.0056 0.0051
17.5472 0.0055 0.0051
17.5644 0.0054 0.0050
17.5815 0.0054 0.0050
17.5986 0.0053 0.0049
17.6158 0.0053 0.0049
17.6329 0.0052 0.0048
17.6500 0.0051 0.0048
17.6672 0.0051 0.0047
17.6843 0.0050 0.0047
17.7014 0.0050 0.0046
17.7186 0.0049 0.0046
17.7357 0.0049 0.0045
17.7528 0.0048 0.0045
17.7700 0.0048 0.0044
17.7871 0.0047 0.0044
17.8043 0.0047 0.0043
17.8214 0.0046 0.0043
17.8385 0.0046 0.0042
17.8557 0.0045 0.0042
17.8728 0.0045 0.0042
17.8899 0.0045 0.0041
17.9071 0.0044 0.0041
17.9242 0.0044 0.0041
17.9413 0.0043 0.0040
17.9585 0.0043 0.0040
17.9756 0.0043 0.0040
17.9928 0.0042 0.0039
18.0099 0.0042 0.0039
18.0270 0.0042 0.0039
18.0442 0.0041 0.0039
18.0613 0.0041 0.0038
18.0784 0.0041 0.0038
18.0956 0.0040 0.0038
18.1127 0.0040 0.0038
18.1298 0.0040 0.0037
18.1470 0.0039 0.0037
18.1641 0.0039 0.0037
18.1812 0.0039 0.0037
18.1984 0.0038 0.0036
18.2155 0.0038 0.0036
18.2327 0.0038 0.0036
18.2498 0.0038 0.0036
18.2669 0.0037 0.0036
18.2841 0.0037 0.0035
18.3012 0.0037 0.0035
18.3183 0.0036 0.0035
18.3355 0.0036 0.0035
18.3526 0.0036 0.0034
18.3697 0.0036 0.0034
18.3869 0.0035 0.0034
18.4040 0.0035 0.0034
18.4212 0.0035 0.0034
18.4383 0.0035 0.0033
18.4554 0.0034 0.0033
18.4726 0.0034 0.0033
18.4897 0.0034 0.0033
18.5068 0.0034 0.0033
18.5240 0.0033 0.0032
18.5411 0.0033 0.0032
18.5582 0.0033 0.0032
18.5754 0.0033 0.0032
18.5925 0.0032 0.0031
18.6096 0.0032 0.0031
18.6268 0.0032 0.0031
18.6439 0.0031 0.0031
18.6611 0.0031 0.0030
18.6782 0.0031 0.0030
18.6953 0.0031 0.0030
18.7125 0.0030 0.0030
18.7296 0.0030 0.0029
18.7467 0.0030 0.0029
18.7639 0.0029 0.0029
18.7810 0.0029 0.0028
18.7981 0.0029 0.0028
18.8153 0.0029 0.0028
18.8324 0.0028 0.0028
18.8495 0.0028 0.0027
18.8667 0.0028 0.0027
18.8838 0.0028 0.0027
18.9010 0.0028 0.0026
18.9181 0.0027 0.0026
18.9352 0.0027 0.0026
18.9524 0.0027 0.0026
18.9695 0.0027 0.0025
18.9866 0.0027 0.0025
19.0038 0.0026 0.0025
19.0209 0.0026 0.0025
19.0380 0.0026 0.0024
19.0552 0.0026 0.0024
19.0723 0.0025 0.0024
19.0895 0.0025 0.0024
19.1066 0.0025 0.0024
19.1237 0.0025 0.0023
19.1409 0.0024 0.0023
19.1580 0.0024 0.0023
19.1751 0.0024 0.0023
19.1923 0.0023 0.0022
19.2094 0.0023 0.0022
19.2265 0.0023 0.0022
19.2437 0.0023 0.0022
19.2608 0.0022 0.0021
19.2779 0.0022 0.0021
19.2951 0.0022 0.0021
19.3122 0.0021 0.0021
19.3294 0.0021 0.0021
19.3465 0.0021 0.0020
19.3636 0.0021 0.0020
19.3808 0.0020 0.0020
19.3979 0.0020 0.0020
19.4150 0.0020 0.0019
19.4322 0.0020 0.0019
19.4493 0.0019 0.0019
19.4664 0.0019 0.0019
19.4836 0.0019 0.0019
19.5007 0.0019 0.0018
19.5179 0.0019 0.0018
19.5350 0.0018 0.0018
19.5521 0.0018 0.0018
19.5693 0.0018 0.0018
19.5864 0.0018 0.0017
19.6035 0.0018 0.0017
19.6207 0.0018 0.0017
19.6378 0.0017 0.0017
19.6549 0.0017 0.0017
19.6721 0.0017 0.0016
19.6892 0.0017 0.0016
19.7063 0.0017 0.0016
19.7235 0.0017 0.0016
19.7406 0.0017 0.0016
19.7578 0.0016 0.0016
19.7749 0.0016 0.0015
19.7920 0.0016 0.0015
19.8092 0.0016 0.0015
19.8263 0.0016 0.0015
19.8434 0.0016 0.0015
19.8606 0.0016 0.0015
19.8777 0.0015 0.0015
19.8948 0.0015 0.0015
19.9120 0.0015 0.0014
19.9291 0.0015 0.0014
19.9463 0.0015 0.0014
19.9634 0.0015 0.0014
19.9805 0.0015 0.0014
19.9977 0.0015 0.0014
20.0148 0.0014 0.0014
20.0319 0.0014 0.0014
20.0491 0.0014 0.0014
20.0662 0.0014 0.0014
20.0833 0.0014 0.0014
20.1005 0.0014 0.0013
20.1176 0.0014 0.0013
20.1347 0.0014 0.0013
20.1519 0.0014 0.0013
20.1690 0.0013 0.0013
20.1862 0.0013 0.0013
20.2033 0.0013 0.0013
20.2204 0.0013 0.0013
20.2376 0.0013 0.0013
20.2547 0.0013 0.0013
20.2718 0.0013 0.0013
20.2890 0.0013 0.0013
20.3061 0.0013 0.0012
20.3232 0.0013 0.0012
20.3404 0.0012 0.0012
20.3575 0.0012 0.0012
20.3746 0.0012 0.0012
20.3918 0.0012 0.0012
20.4089 0.0012 0.0012
20.4261 0.0012 0.0012
20.4432 0.0012 0.0012
20.4603 0.0012 0.0012
20.4775 0.0012 0.0012
20.4946 0.0012 0.0012
20.5117 0.0011 0.0011
20.5289 0.0011 0.0011
20.5460 0.0011 0.0011
20.5631 0.0011 0.0011
20.5803 0.0011 0.0011
20.5974 0.0011 0.0011
20.6146 0.0011 0.0011
20.6317 0.0011 0.0011
20.6488 0.0011 0.0011
20.6660 0.0010 0.0011
20.6831 0.0010 0.0011
20.7002 0.0010 0.0010
20.7174 0.0010 0.0010
20.7345 0.0010 0.0010
20.7516 0.0010 0.0010
20.7688 0.0010 0.0010
20.7859 0.0010 0.0010
20.8030 0.0010 0.0010
20.8202 0.0010 0.0010
20.8373 0.0009 0.0010
20.8545 0.0009 0.0009
20.8716 0.0009 0.0009
20.8887 0.0009 0.0009
20.9059 0.0009 0.0009
20.9230 0.0009 0.0009
20.9401 0.0009 0.0009
20.9573 0.0009 0.0009
20.9744 0.0009 0.0009
20.9915 0.0009 0.0009
21.0087 0.0009 0.0009
21.0258 0.0009 0.0009
21.0430 0.0009 0.0009
21.0601 0.0008 0.0008
21.0772 0.0008 0.0008
21.0944 0.0008 0.0008
21.1115 0.0008 0.0008
21.1286 0.0008 0.0008
21.1458 0.0008 0.0008
21.1629 0.0008 0.0008
21.1800 0.0008 0.0008
21.1972 0.0008 0.0008
21.2143 0.0008 0.0008
21.2314 0.0008 0.0008
21.2486 0.0008 0.0008
21.2657 0.0008 0.0008
21.2829 0.0008 0.0008
21.3000 0.0008 0.0007
21.3171 0.0007 0.0007
21.3343 0.0007 0.0007
21.3514 0.0007 0.0007
21.3685 0.0007 0.0007
21.3857 0.0007 0.0007
21.4028 0.0007 0.0007
21.4199 0.0007 0.0007
21.4371 0.0007 0.0007
21.4542 0.0007 0.0007
21.4714 0.0007 0.0007
21.4885 0.0007 0.0007
21.5056 0.0007 0.0007
21.5228 0.0007 0.0007
21.5399 0.0007 0.0007
21.5570 0.0007 0.0007
21.5742 0.0007 0.0007
21.5913 0.0007 0.0007
21.6084 0.0007 0.0007
21.6256 0.0006 0.0006
21.6427 0.0006 0.0006
21.6598 0.0006 0.0006
21.6770 0.0006 0.0006
21.6941 0.0006 0.0006
21.7113 0.0006 0.0006
21.7284 0.0006 0.0006
21.7455 0.0006 0.0006
21.7627 0.0006 0.0006
21.7798 0.0006 0.0006
21.7969 0.0006 0.0006
21.8141 0.0006 0.0006
21.8312 0.0006 0.0006
21.8483 0.0006 0.0006
21.8655 0.0006 0.0006
21.8826 0.0006 0.0006
21.8997 0.0006 0.0006
21.9169 0.0006 0.0006
21.9340 0.0006 0.0006
21.9512 0.0006 0.0006
21.9683 0.0006 0.0006
21.9854 0.0006 0.0006
22.0026 0.0006 0.0005
22.0197 0.0005 0.0005
22.0368 0.0005 0.0005
22.0540 0.0005 0.0005
22.0711 0.0005 0.0005
22.0882 0.0005 0.0005
22.1054 0.0005 0.0005
22.1225 0.0005 0.0005
22.1397 0.0005 0.0005
22.1568 0.0005 0.0005
22.1739 0.0005 0.0005
22.1911 0.0005 0.0005
22.2082 0.0005 0.0005
22.2253 0.0005 0.0005
22.2425 0.0005 0.0005
22.2596 0.0005 0.0005
22.2767 0.0005 0.0005
22.2939 0.0005 0.0005
22.3110 0.0005 0.0005
22.3281 0.0005 0.0005
22.3453 0.0005 0.0005
22.3624 0.0005 0.0005
22.3796 0.0005 0.0005
22.3967 0.0005 0.0005
22.4138 0.0005 0.0005
22.4310 0.0005 0.0005
22.4481 0.0005 0.0005
22.4652 0.0005 0.0005
22.4824 0.0005 0.0005
22.4995 0.0005 0.0005
22.5166 0.0005 0.0005
22.5338 0.0005 0.0005
22.5509 0.0005 0.0005
22.5681 0.0005 0.0005
22.5852 0.0005 0.0005
22.6023 0.0005 0.0005
22.6195 0.0004 0.0005
22.6366 0.0004 0.0005
22.6537 0.0004 0.0005
22.6709 0.0004 0.0004
22.6880 0.0004 0.0004
22.7051 0.0004 0.0004
22.7223 0.0004 0.0004
22.7394 0.0004 0.0004
22.7565 0.0004 0.0004
22.7737 0.0004 0.0004
22.7908 0.0004 0.0004
22.8080 0.0004 0.0004
22.8251 0.0004 0.0004
22.8422 0.0004 0.0004
22.8594 0.0004 0.0004
22.8765 0.0004 0.0004
22.8936 0.0004 0.0004
22.9108 0.0004 0.0004
22.9279 0.0004 0.0004
22.9450 0.0004 0.0004
22.9622 0.0004 0.0004
22.9793 0.0004 0.0004
22.9965 0.0004 0.0004
23.0136 0.0004 0.0004
23.0307 0.0004 0.0004
23.0479 0.0004 0.0004
23.0650 0.0004 0.0004
23.0821 0.0004 0.0004
23.0993 0.0004 0.0004
23.1164 0.0004 0.0004
23.1335 0.0004 0.0004
23.1507 0.0004 0.0004
23.1678 0.0004 0.0004
23.1849 0.0004 0.0004
23.2021 0.0004 0.0004
23.2192 0.0004 0.0004
23.2364 0.0004 0.0004
23.2535 0.0004 0.0004
23.2706 0.0004 0.0004
23.2878 0.0004 0.0004
23.3049 0.0004 0.0004
23.3220 0.0004 0.0004
23.3392 0.0004 0.0004
23.3563 0.0004 0.0004
23.3734 0.0004 0.0004
23.3906 0.0004 0.0004
23.4077 0.0004 0.0004
23.4248 0.0004 0.0004
23.4420 0.0004 0.0004
23.4591 0.0004 0.0004
23.4763 0.0004 0.0004
23.4934 0.0004 0.0004
23.5105 0.0004 0.0004
23.5277 0.0004 0.0004
23.5448 0.0004 0.0004
23.5619 0.0004 0.0004
23.5791 0.0004 0.0004
23.5962 0.0004 0.0004
23.6133 0.0004 0.0004
23.6305 0.0004 0.0004
23.6476 0.0004 0.0004
23.6648 0.0004 0.0004
23.6819 0.0004 0.0004
23.6990 0.0004 0.0004
23.7162 0.0004 0.0004
23.7333 0.0004 0.0004
23.7504 0.0004 0.0004
23.7676 0.0004 0.0004
23.7847 0.0004 0.0004
23.8018 0.0004 0.0003
23.8190 0.0004 0.0003
23.8361 0.0004 0.0003
23.8532 0.0004 0.0003
23.8704 0.0004 0.0003
23.8875 0.0004 0.0003
23.9047 0.0004 0.0003
23.9218 0.0003 0.0003
23.9389 0.0003 0.0003
23.9561 0.0003 0.0003
23.9732 0.0003 0.0003
23.9903 0.0003 0.0003
24.0075 0.0003 0.0003
24.0246 0.0003 0.0003
24.0417 0.0003 0.0003
24.0589 0.0003 0.0003
24.0760 0.0003 0.0003
24.0932 0.0003 0.0003
24.1103 0.0003 0.0003
24.1274 0.0003 0.0003
24.1446 0.0003 0.0003
24.1617 0.0003 0.0003
24.1788 0.0003 0.0003
24.1960 0.0003 0.0003
24.2131 0.0003 0.0003
24.2302 0.0003 0.0003
24.2474 0.0003 0.0003
24.2645 0.0003 0.0003
24.2816 0.0003 0.0003
24.2988 0.0003 0.0003
24.3159 0.0003 0.0003
24.3331 0.0003 0.0003
24.3502 0.0003 0.0003
24.3673 0.0003 0.0003
24.3845 0.0003 0.0003
24.4016 0.0003 0.0003
24.4187 0.0003 0.0003
24.4359 0.0003 0.0003
24.4530 0.0003 0.0003
24.4701 0.0003 0.0002
24.4873 0.0003 0.0002
24.5044 0.0003 0.0002
24.5216 0.0003 0.0002
24.5387 0.0003 0.0002
24.5558 0.0003 0.0002
24.5730 0.0003 0.0002
24.5901 0.0003 0.0002
24.6072 0.0002 0.0002
24.6244 0.0002 0.0002
24.6415 0.0002 0.0002
24.6586 0.0002 0.0002
24.6758 0.0002 0.0002
24.6929 0.0002 0.0002
24.7100 0.0002 0.0002
24.7272 0.0002 0.0002
24.7443 0.0002 0.0002
24.7615 0.0002 0.0002
24.7786 0.0002 0.0002
24.7957 0.0002 0.0002
24.8129 0.0002 0.0002
24.8300 0.0002 0.0002
24.8471 0.0002 0.0002
24.8643 0.0002 0.0002
24.8814 0.0002 0.0002
24.8985 0.0002 0.0002
24.9157 0.0002 0.0002
24.9328 0.0002 0.0002
24.9499 0.0002 0.0002
24.9671 0.0002 0.0002
24.9842 0.0002 0.0002
25.0014 0.0002 0.0002
25.0185 0.0002 0.0002
25.0356 0.0002 0.0002
25.0528 0.0002 0.0002
25.0699 0.0002 0.0002
25.0870 0.0002 0.0002
25.1042 0.0002 0.0002
25.1213 0.0002 0.0002
25.1384 0.0002 0.0002
25.1556 0.0002 0.0002
25.1727 0.0002 0.0002
25.1899 0.0002 0.0002
25.2070 0.0002 0.0002
25.2241 0.0002 0.0002
25.2413 0.0002 0.0002
25.2584 0.0002 0.0002
25.2755 0.0002 0.0001
25.2927 0.0002 0.0001
25.3098 0.0002 0.0001
25.3269 0.0002 0.0001
25.3441 0.0002 0.0001
25.3612 0.0002 0.0001
25.3783 0.0001 0.0001
25.3955 0.0001 0.0001
25.4126 0.0001 0.0001
25.4298 0.0001 0.0001
25.4469 0.0001 0.0001
25.4640 0.0001 0.0001
25.4812 0.0001 0.0001
25.4983 0.0001 0.0001
25.5154 0.0001 0.0001
25.5326 0.0001 0.0001
25.5497 0.0001 0.0001
25.5668 0.0001 0.0001
25.5840 0.0001 0.0001
25.6011 0.0001 0.0001
25.6183 0.0001 0.0001
25.6354 0.0001 0.0001
25.6525 0.0001 0.0001
25.6697 0.0001 0.0001
25.6868 0.0001 0.0001
25.7039 0.0001 0.0001
25.7211 0.0001 0.0001
25.7382 0.0001 0.0001
25.7553 0.0001 0.0001
25.7725 0.0001 0.0001
25.7896 0.0001 0.0001
25.8067 0.0001 0.0001
25.8239 0.0001 0.0001
25.8410 0.0001 0.0001
25.8582 0.0001 0.0001
25.8753 0.0001 0.0001
25.8924 0.0001 0.0001
25.9096 0.0001 0.0001
25.9267 0.0001 0.0001
25.9438 0.0001 0.0001
25.9610 0.0001 0.0001
25.9781 0.0001 0.0001
25.9952 0.0001 0.0001
26.0124 0.0001 0.0001
26.0295 0.0001 0.0001
26.0467 0.0001 0.0001
26.0638 0.0001 0.0001
26.0809 0.0001 0.0001
26.0981 0.0001 0.0001
26.1152 0.0001 0.0001
26.1323 0.0001 0.0001
26.1495 0.0001 0.0001
26.1666 0.0001 0.0001
26.1837 0.0001 0.0001
26.2009 0.0001 0.0001
26.2180 0.0001 0.0001
26.2351 0.0001 0.0001
26.2523 0.0001 0.0001
26.2694 0.0001 0.0001
26.2866 0.0001 0.0001
26.3037 0.0001 0.0001
26.3208 0.0001 0.0001
26.3380 0.0001 0.0001
26.3551 0.0001 0.0001
26.3722 0.0001 0.0001
26.3894 0.0001 0.0001
26.4065 0.0001 0.0001
26.4236 0.0001 0.0001
26.4408 0.0001 0.0001
26.4579 0.0001 0.0001
26.4750 0.0001 0.0001
26.4922 0.0001 0.0001
26.5093 0.0001 0.0001
26.5265 0.0001 0.0001
26.5436 0.0001 0.0001
26.5607 0.0001 0.0001
26.5779 0.0001 0.0001
26.5950 0.0001 0.0001
26.6121 0.0001 0.0001
26.6293 0.0001 0.0001
26.6464 0.0001 0.0001
26.6635 0.0001 0.0001
26.6807 0.0001 0.0001
26.6978 0.0001 0.0001
26.7150 0.0001 0.0001
26.7321 0.0001 0.0001
26.7492 0.0001 0.0001
26.7664 0.0001 0.0001
26.7835 0.0001 0.0000
26.8006 0.0001 0.0000
26.8178 0.0001 0.0000
26.8349 0.0001 0.0000
26.8520 0.0001 0.0000
26.8692 0.0001 0.0000
26.8863 0.0001 0.0000
26.9034 0.0001 0.0000
26.9206 0.0001 0.0000
26.9377 0.0001 0.0000
26.9549 0.0001 0.0000
26.9720 0.0001 0.0000
26.9891 0.0001 0.0000
27.0063 0.0000 0.0000
27.0234 0.0000 0.0000
27.0405 0.0000 0.0000
27.0577 0.0000 0.0000
27.0748 0.0000 0.0000
27.0919 0.0000 0.0000
27.1091 0.0000 0.0000
27.1262 0.0000 0.0000
27.1434 0.0000 0.0000
27.1605 0.0000 0.0000
27.1776 0.0000 0.0000
27.1948 0.0000 0.0000
27.2119 0.0000 0.0000
27.2290 0.0000 0.0000
27.2462 0.0000 0.0000
27.2633 0.0000 0.0000
27.2804 0.0000 0.0000
27.2976 0.0000 0.0000
27.3147 0.0000 0.0000
27.3318 0.0000 0.0000
27.3490 0.0000 0.0000
27.3661 0.0000 0.0000
27.3833 0.0000 0.0000
27.4004 0.0000 0.0000
27.4175 0.0000 0.0000
27.4347 0.0000 0.0000
27.4518 0.0000 0.0000
27.4689 0.0000 0.0000
27.4861 0.0000 0.0000
27.5032 0.0000 0.0000
27.5203 0.0000 0.0000
27.5375 0.0000 0.0000
27.5546 0.0000 0.0000
27.5718 0.0000 0.0000
27.5889 0.0000 0.0000
27.6060 0.0000 0.0000
27.6232 0.0000 0.0000
27.6403 0.0000 0.0000
27.6574 0.0000 0.0000
27.6746 0.0000 0.0000
27.6917 0.0000 0.0000
27.7088 0.0000 0.0000
27.7260 0.0000 0.0000
27.7431 0.0000 0.0000
27.7602 0.0000 0.0000
27.7774 0.0000 0.0000
27.7945 0.0000 0.0000
27.8117 0.0000 0.0000
27.8288 0.0000 0.0000
27.8459 0.0000 0.0000
27.8631 0.0000 0.0000
27.8802 0.0000 0.0000
27.8973 0.0000 0.0000
27.9145 0.0000 0.0000
27.9316 0.0000 0.0000
27.9487 0.0000 0.0000
27.9659 0.0000 0.0000
27.9830 0.0000 0.0000
28.0001 0.0000 0.0000
28.0173 0.0000 0.0000
28.0344 0.0000 0.0000
28.0516 0.0000 0.0000
28.0687 0.0000 0.0000
28.0858 0.0000 0.0000
28.1030 0.0000 0.0000
28.1201 0.0000 0.0000
28.1372 0.0000 0.0000
28.1544 0.0000 0.0000
28.1715 0.0000 0.0000
28.1886 0.0000 0.0000
28.2058 0.0000 0.0000
28.2229 0.0000 0.0000
28.2401 0.0000 0.0000
28.2572 0.0000 0.0000
28.2743 0.0000 0.0000
28.2915 0.0000 0.0000
28.3086 0.0000 0.0000
28.3257 0.0000 0.0000
28.3429 0.0000 0.0000
28.3600 0.0000 0.0000
28.3771 0.0000 0.0000
28.3943 0.0000 0.0000
28.4114 0.0000 0.0000
28.4285 0.0000 0.0000
28.4457 0.0000 0.0000
28.4628 0.0000 0.0000
28.4800 0.0000 0.0000
28.4971 0.0000 0.0000
28.5142 0.0000 0.0000
28.5314 0.0000 0.0000
28.5485 0.0000 0.0000
28.5656 0.0000 0.0000
28.5828 0.0000 0.0000
28.5999 0.0000 0.0000
28.6170 0.0000 0.0000
28.6342 0.0000 0.0000
28.6513 0.0000 0.0000
28.6685 0.0000 0.0000
28.6856 0.0000 0.0000
28.7027 0.0000 0.0000
28.7199 0.0000 0.0000
28.7370 0.0000 0.0000
28.7541 0.0000 0.0000
28.7713 0.0000 0.0000
28.7884 0.0000 0.0000
28.8055 0.0000 0.0000
28.8227 0.0000 0.0000
28.8398 0.0000 0.0000
28.8569 0.0000 0.0000
28.8741 0.0000 0.0000
28.8912 0.0000 0.0000
28.9084 0.0000 0.0000
28.9255 0.0000 0.0000
28.9426 0.0000 0.0000
28.9598 0.0000 0.0000
28.9769 0.0000 0.0000
28.9940 0.0000 0.0000
29.0112 0.0000 0.0000
29.0283 0.0000 0.0000
29.0454 0.0000 0.0000
29.0626 0.0000 0.0000
29.0797 0.0000 0.0000
29.0969 0.0000 0.0000
29.1140 0.0000 0.0000
29.1311 0.0000 0.0000
29.1483 0.0000 0.0000
29.1654 0.0000 0.0000
29.1825 0.0000 0.0000
29.1997 0.0000 0.0000
29.2168 0.0000 0.0000
29.2339 0.0000 0.0000
29.2511 0.0000 0.0000
29.2682 0.0000 0.0000
29.2853 0.0000 0.0000
29.3025 0.0000 0.0000
29.3196 0.0000 0.0000
29.3368 0.0000 0.0000
29.3539 0.0000 0.0000
29.3710 0.0000 0.0000
29.3882 0.0000 0.0000
29.4053 0.0000 0.0000
29.4224 0.0000 0.0000
29.4396 0.0000 0.0000
29.4567 0.0000 0.0000
29.4738 0.0000 0.0000
29.4910 0.0000 0.0000
29.5081 0.0000 0.0000
29.5252 0.0000 0.0000
29.5424 0.0000 0.0000
29.5595 0.0000 0.0000
29.5767 0.0000 0.0000
29.5938 0.0000 0.0000
29.6109 0.0000 0.0000
29.6281 0.0000 0.0000
29.6452 0.0000 0.0000
29.6623 0.0000 0.0000
29.6795 0.0000 0.0000
29.6966 0.0000 0.0000
29.7137 0.0000 0.0000
29.7309 0.0000 0.0000
29.7480 0.0000 0.0000
29.7652 0.0000 0.0000
29.7823 0.0000 0.0000
29.7994 0.0000 0.0000
29.8166 0.0000 0.0000
29.8337 0.0000 0.0000
29.8508 0.0000 0.0000
29.8680 0.0000 0.0000
29.8851 0.0000 0.0000
29.9022 0.0000 0.0000
29.9194 0.0000 0.0000
29.9365 0.0000 0.0000
29.9536 0.0000 0.0000
29.9708 0.0000 0.0000
29.9879 0.0000 0.0000
30.0051 0.0000 0.0000
30.0222 0.0000 0.0000
30.0393 0.0000 0.0000
30.0565 0.0000 0.0000
30.0736 0.0000 0.0000
30.0907 0.0000 0.0000
30.1079 0.0000 0.0000
30.1250 0.0000 0.0000
30.1421 0.0000 0.0000
30.1593 0.0000 0.0000
30.1764 0.0000 0.0000
30.1936 0.0000 0.0000
30.2107 0.0000 0.0000
30.2278 0.0000 0.0000
30.2450 0.0000 0.0000
30.2621 0.0000 0.0000
30.2792 0.0000 0.0000
30.2964 0.0000 0.0000
30.3135 0.0000 0.0000
30.3306 0.0000 0.0000
30.3478 0.0000 0.0000
30.3649 0.0000 0.0000
30.3820 0.0000 0.0000
30.3992 0.0000 0.0000
30.4163 0.0000 0.0000
30.4335 0.0000 0.0000
30.4506 0.0000 0.0000
30.4677 0.0000 0.0000
30.4849 0.0000 0.0000
30.5020 0.0000 0.0000
30.5191 0.0000 0.0000
30.5363 0.0000 0.0000
30.5534 0.0000 0.0000
30.5705 0.0000 0.0000
30.5877 0.0000 0.0000
30.6048 0.0000 0.0000
30.6220 0.0000 0.0000
30.6391 0.0000 0.0000
30.6562 0.0000 0.0000
30.6734 0.0000 0.0000
30.6905 0.0000 0.0000
30.7076 0.0000 0.0000
30.7248 0.0000 0.0000
30.7419 0.0000 0.0000
30.7590 0.0000 0.0000
30.7762 0.0000 0.0000
30.7933 0.0000 0.0000
30.8104 0.0000 0.0000
30.8276 0.0000 0.0000
30.8447 0.0000 0.0000
30.8619 0.0000 0.0000
30.8790 0.0000 0.0000
30.8961 0.0000 0.0000
30.9133 0.0000 0.0000
30.9304 0.0000 0.0000
30.9475 0.0000 0.0000
30.9647 0.0000 0.0000
30.9818 0.0000 0.0000
30.9989 0.0000 0.0000
31.0161 0.0000 0.0000
31.0332 0.0000 0.0000
31.0503 0.0000 0.0000
31.0675 0.0000 0.0000
31.0846 0.0000 0.0000
31.1018 0.0000 0.0000
31.1189 0.0000 0.0000
31.1360 0.0000 0.0000
31.1532 0.0000 0.0000
31.1703 0.0000 0.0000
31.1874 0.0000 0.0000
31.2046 0.0000 0.0000
31.2217 0.0000 0.0000
31.2388 0.0000 0.0000
31.2560 0.0000 0.0000
31.2731 0.0000 0.0000
31.2903 0.0000 0.0000
31.3074 0.0000 0.0000
31.3245 0.0000 0.0000
31.3417 0.0000 0.0000
31.3588 0.0000 0.0000
31.3759 0.0000 0.0000
31.3931 0.0000 0.0000
31.4102 0.0000 0.0000
31.4273 0.0000 0.0000
31.4445 0.0000 0.0000
31.4616 0.0000 0.0000
31.4787 0.0000 0.0000
31.4959 0.0000 0.0000
31.5130 0.0000 0.0000
31.5302 0.0000 0.0000
31.5473 0.0000 0.0000
31.5644 0.0000 0.0000
31.5816 0.0000 0.0000
31.5987 0.0000 0.0000
31.6158 0.0000 0.0000
31.6330 0.0000 0.0000
31.6501 0.0000 0.0000
31.6672 0.0000 0.0000
31.6844 0.0000 0.0000
31.7015 0.0000 0.0000
31.7187 0.0000 0.0000
31.7358 0.0000 0.0000
31.7529 0.0000 0.0000
31.7701 0.0000 0.0000
31.7872 0.0000 0.0000
31.8043 0.0000 0.0000
31.8215 0.0000 0.0000
31.8386 0.0000 0.0000
31.8557 0.0000 0.0000
31.8729 0.0000 0.0000
31.8900 0.0000 0.0000
31.9071 0.0000 0.0000
31.9243 0.0000 0.0000
31.9414 0.0000 0.0000
31.9586 0.0000 0.0000
31.9757 0.0000 0.0000
31.9928 0.0000 0.0000
32.0100 0.0000 0.0000
32.0271 0.0000 0.0000
32.0442 0.0000 0.0000
32.0614 0.0000 0.0000
32.0785 0.0000 0.0000
32.0956 0.0000 0.0000
32.1128 0.0000 0.0000
32.1299 0.0000 0.0000
32.1471 0.0000 0.0000
32.1642 0.0000 0.0000
32.1813 0.0000 0.0000
32.1985 0.0000 0.0000
32.2156 0.0000 0.0000
32.2327 0.0000 0.0000
32.2499 0.0000 0.0000
32.2670 0.0000 0.0000
32.2841 0.0000 0.0000
32.3013 0.0000 0.0000
32.3184 0.0000 0.0000
32.3355 0.0000 0.0000
32.3527 0.0000 0.0000
32.3698 0.0000 0.0000
32.3870 0.0000 0.0000
32.4041 0.0000 0.0000
32.4212 0.0000 0.0000
32.4384 0.0000 0.0000
32.4555 0.0000 0.0000
32.4726 0.0000 0.0000
32.4898 0.0000 0.0000
32.5069 0.0000 0.0000
32.5240 0.0000 0.0000
32.5412 0.0000 0.0000
32.5583 0.0000 0.0000
32.5754 0.0000 0.0000
32.5926 0.0000 0.0000
32.6097 0.0000 0.0000
32.6269 0.0000 0.0000
32.6440 0.0000 0.0000
32.6611 0.0000 0.0000
32.6783 0.0000 0.0000
32.6954 0.0000 0.0000
32.7125 0.0000 0.0000
32.7297 0.0000 0.0000
32.7468 0.0000 0.0000
32.7639 0.0000 0.0000
32.7811 0.0000 0.0000
32.7982 0.0000 0.0000
32.8154 0.0000 0.0000
32.8325 0.0000 0.0000
32.8496 0.0000 0.0000
32.8668 0.0000 0.0000
32.8839 0.0000 0.0000
32.9010 0.0000 0.0000
32.9182 0.0000 0.0000
32.9353 0.0000 0.0000
32.9524 0.0000 0.0000
32.9696 0.0000 0.0000
32.9867 0.0000 0.0000
33.0038 0.0000 0.0000
33.0210 0.0000 0.0000
33.0381 0.0000 0.0000
33.0553 0.0000 0.0000
33.0724 0.0000 0.0000
33.0895 0.0000 0.0000
33.1067 0.0000 0.0000
33.1238 0.0000 0.0000
33.1409 0.0000 0.0000
33.1581 0.0000 0.0000
33.1752 0.0000 0.0000
33.1923 0.0000 0.0000
33.2095 0.0000 0.0000
33.2266 0.0000 0.0000
33.2438 0.0000 0.0000
33.2609 0.0000 0.0000
33.2780 0.0000 0.0000
33.2952 0.0000 0.0000
33.3123 0.0000 0.0000
33.3294 0.0000 0.0000
33.3466 0.0000 0.0000
33.3637 0.0000 0.0000
33.3808 0.0000 0.0000
33.3980 0.0000 0.0000
33.4151 0.0000 0.0000
33.4322 0.0000 0.0000
33.4494 0.0000 0.0000
33.4665 0.0000 0.0000
33.4837 0.0000 0.0000
33.5008 0.0000 0.0000
33.5179 0.0000 0.0000
33.5351 0.0000 0.0000
33.5522 0.0000 0.0000
33.5693 0.0000 0.0000
33.5865 0.0000 0.0000
33.6036 0.0000 0.0000
33.6207 0.0000 0.0000
33.6379 0.0000 0.0000
33.6550 0.0000 0.0000
33.6722 0.0000 0.0000
33.6893 0.0000 0.0000
33.7064 0.0000 0.0000
33.7236 0.0000 0.0000
33.7407 0.0000 0.0000
33.7578 0.0000 0.0000
33.7750 0.0000 0.0000
33.7921 0.0000 0.0000
33.8092 0.0000 0.0000
33.8264 0.0000 0.0000
33.8435 0.0000 0.0000
33.8606 0.0000 0.0000
33.8778 0.0000 0.0000
33.8949 0.0000 0.0000
33.9121 0.0000 0.0000
33.9292 0.0000 0.0000
33.9463 0.0000 0.0000
33.9635 0.0000 0.0000
33.9806 0.0000 0.0000
33.9977 0.0000 0.0000
34.0149 0.0000 0.0000
34.0320 0.0000 0.0000
34.0491 0.0000 0.0000
34.0663 0.0000 0.0000
34.0834 0.0000 0.0000
34.1005 0.0000 0.0000
34.1177 0.0000 0.0000
34.1348 0.0000 0.0000
34.1520 0.0000 0.0000
34.1691 0.0000 0.0000
34.1862 0.0000 0.0000
34.2034 0.0000 0.0000
34.2205 0.0000 0.0000
34.2376 0.0000 0.0000
34.2548 0.0000 0.0000
