0.0000 0.0000 0.0000
0.0182 1.1542 1.7022
0.0364 2.2890 3.3730
0.0546 3.3856 4.9821
0.0728 4.4269 6.5018
0.0909 5.3975 7.9077
0.1091 6.2849 9.1796
0.1273 7.0795 10.3023
0.1455 7.7747 11.2659
0.1637 8.3672 12.0656
0.1819 8.8570 12.7021
0.2001 9.2466 13.1805
0.2183 9.5413 13.5103
0.2365 9.7483 13.7041
0.2546 9.8761 13.7772
0.2728 9.9343 13.7463
0.2910 9.9328 13.6288
0.3092 9.8813 13.4420
0.3274 9.7890 13.2024
0.3456 9.6642 12.9250
0.3638 9.5141 12.6231
0.3820 9.3449 12.3079
0.4002 9.1613 11.9885
0.4184 8.9672 11.6720
0.4365 8.7654 11.3635
0.4547 8.5581 11.0665
0.4729 8.3468 10.7832
0.4911 8.1330 10.5145
0.5093 7.9178 10.2604
0.5275 7.7025 10.0207
0.5457 7.4885 9.7943
0.5639 7.2774 9.5804
0.5821 7.0710 9.3776
0.6002 6.8712 9.1850
0.6184 6.6800 9.0014
0.6366 6.4993 8.8256
0.6548 6.3308 8.6568
0.6730 6.1761 8.4938
0.6912 6.0363 8.3360
0.7094 5.9121 8.1824
0.7276 5.8039 8.0324
0.7458 5.7116 7.8854
0.7639 5.6345 7.7409
0.7821 5.5720 7.5988
0.8003 5.5227 7.4588
0.8185 5.4855 7.3212
0.8367 5.4590 7.1863
0.8549 5.4418 7.0547
0.8731 5.4325 6.9269
0.8913 5.4301 6.8039
0.9095 5.4336 6.6866
0.9276 5.4421 6.5760
0.9458 5.4551 6.4730
0.9640 5.4722 6.3786
0.9822 5.4931 6.2934
1.0004 5.5174 6.2181
1.0186 5.5451 6.1528
1.0368 5.5757 6.0975
1.0550 5.6088 6.0519
1.0732 5.6438 6.0152
1.0913 5.6801 5.9862
1.1095 5.7164 5.9635
1.1277 5.7517 5.9454
1.1459 5.7846 5.9299
1.1641 5.8136 5.9149
1.1823 5.8371 5.8984
1.2005 5.8535 5.8783
1.2187 5.8614 5.8529
1.2369 5.8595 5.8207
1.2551 5.8466 5.7808
1.2732 5.8218 5.7326
1.2914 5.7848 5.6759
1.3096 5.7353 5.6112
1.3278 5.6736 5.5393
1.3460 5.6002 5.4613
1.3642 5.5159 5.3788
1.3824 5.4219 5.2932
1.4006 5.3197 5.2062
1.4188 5.2106 5.1195
1.4369 5.0965 5.0345
1.4551 4.9788 4.9523
1.4733 4.8595 4.8741
1.4915 4.7399 4.8006
1.5097 4.6217 4.7321
1.5279 4.5062 4.6688
1.5461 4.3945 4.6106
1.5643 4.2878 4.5573
1.5825 4.1867 4.5086
1.6006 4.0920 4.4638
1.6188 4.0039 4.4225
1.6370 3.9227 4.3841
1.6552 3.8486 4.3480
1.6734 3.7812 4.3138
1.6916 3.7205 4.2810
1.7098 3.6659 4.2493
1.7280 3.6172 4.2184
1.7462 3.5737 4.1881
1.7643 3.5349 4.1582
1.7825 3.5002 4.1287
1.8007 3.4692 4.0995
1.8189 3.4412 4.0708
1.8371 3.4159 4.0426
1.8553 3.3928 4.0150
1.8735 3.3715 3.9881
1.8917 3.3519 3.9621
1.9099 3.3336 3.9371
1.9281 3.3165 3.9133
1.9462 3.3005 3.8909
1.9644 3.2856 3.8701
1.9826 3.2715 3.8509
2.0008 3.2584 3.8336
2.0190 3.2461 3.8182
2.0372 3.2347 3.8049
2.0554 3.2241 3.7938
2.0736 3.2144 3.7849
2.0918 3.2055 3.7782
2.1099 3.1974 3.7737
2.1281 3.1902 3.7713
2.1463 3.1838 3.7709
2.1645 3.1784 3.7724
2.1827 3.1738 3.7754
2.2009 3.1701 3.7799
2.2191 3.1673 3.7856
2.2373 3.1655 3.7923
2.2555 3.1647 3.7996
2.2736 3.1648 3.8073
2.2918 3.1659 3.8152
2.3100 3.1678 3.8231
2.3282 3.1707 3.8308
2.3464 3.1744 3.8381
2.3646 3.1787 3.8449
2.3828 3.1837 3.8511
2.4010 3.1891 3.8566
2.4192 3.1947 3.8614
2.4373 3.2005 3.8654
2.4555 3.2061 3.8685
2.4737 3.2114 3.8706
2.4919 3.2162 3.8717
2.5101 3.2202 3.8716
2.5283 3.2233 3.8702
2.5465 3.2252 3.8671
2.5647 3.2259 3.8622
2.5829 3.2252 3.8552
2.6011 3.2231 3.8458
2.6192 3.2195 3.8337
2.6374 3.2144 3.8186
2.6556 3.2079 3.8002
2.6738 3.2001 3.7784
2.6920 3.1910 3.7531
2.7102 3.1809 3.7243
2.7284 3.1698 3.6921
2.7466 3.1581 3.6567
2.7648 3.1459 3.6185
2.7829 3.1336 3.5780
2.8011 3.1212 3.5356
2.8193 3.1092 3.4921
2.8375 3.0977 3.4480
2.8557 3.0871 3.4040
2.8739 3.0775 3.3608
2.8921 3.0692 3.3190
2.9103 3.0623 3.2792
2.9285 3.0569 3.2417
2.9466 3.0532 3.2068
2.9648 3.0510 3.1749
2.9830 3.0504 3.1460
3.0012 3.0512 3.1201
3.0194 3.0533 3.0971
3.0376 3.0563 3.0768
3.0558 3.0601 3.0588
3.0740 3.0643 3.0430
3.0922 3.0686 3.0289
3.1103 3.0726 3.0162
3.1285 3.0762 3.0047
3.1467 3.0790 2.9941
3.1649 3.0808 2.9841
3.1831 3.0815 2.9747
3.2013 3.0810 2.9658
3.2195 3.0793 2.9575
3.2377 3.0766 2.9498
3.2559 3.0729 2.9430
3.2740 3.0685 2.9373
3.2922 3.0636 2.9330
3.3104 3.0584 2.9304
3.3286 3.0532 2.9299
3.3468 3.0484 2.9317
3.3650 3.0442 2.9360
3.3832 3.0407 2.9431
3.4014 3.0382 2.9530
3.4196 3.0368 2.9658
3.4378 3.0367 2.9814
3.4559 3.0378 2.9995
3.4741 3.0403 3.0200
3.4923 3.0440 3.0423
3.5105 3.0491 3.0661
3.5287 3.0555 3.0909
3.5469 3.0631 3.1159
3.5651 3.0720 3.1408
3.5833 3.0820 3.1648
3.6015 3.0933 3.1876
3.6196 3.1057 3.2085
3.6378 3.1194 3.2272
3.6560 3.1344 3.2433
3.6742 3.1506 3.2566
3.6924 3.1683 3.2670
3.7106 3.1874 3.2743
3.7288 3.2080 3.2786
3.7470 3.2302 3.2799
3.7652 3.2541 3.2786
3.7833 3.2796 3.2746
3.8015 3.3069 3.2684
3.8197 3.3360 3.2601
3.8379 3.3668 3.2501
3.8561 3.3994 3.2386
3.8743 3.4335 3.2259
3.8925 3.4692 3.2122
3.9107 3.5061 3.1978
3.9289 3.5440 3.1827
3.9470 3.5825 3.1673
3.9652 3.6213 3.1516
3.9834 3.6598 3.1357
4.0016 3.6974 3.1198
4.0198 3.7335 3.1038
4.0380 3.7673 3.0879
4.0562 3.7982 3.0720
4.0744 3.8254 3.0562
4.0926 3.8482 3.0404
4.1108 3.8659 3.0245
4.1289 3.8779 3.0086
4.1471 3.8837 2.9926
4.1653 3.8828 2.9763
4.1835 3.8749 2.9596
4.2017 3.8598 2.9425
4.2199 3.8374 2.9248
4.2381 3.8078 2.9064
4.2563 3.7710 2.8872
4.2745 3.7274 2.8670
4.2926 3.6772 2.8459
4.3108 3.6208 2.8236
4.3290 3.5588 2.8003
4.3472 3.4917 2.7758
4.3654 3.4201 2.7503
4.3836 3.3447 2.7236
4.4018 3.2662 2.6960
4.4200 3.1853 2.6674
4.4382 3.1029 2.6380
4.4563 3.0196 2.6078
4.4745 2.9363 2.5770
4.4927 2.8536 2.5457
4.5109 2.7723 2.5139
4.5291 2.6929 2.4819
4.5473 2.6162 2.4495
4.5655 2.5425 2.4169
4.5837 2.4723 2.3842
4.6019 2.4058 2.3514
4.6200 2.3433 2.3184
4.6382 2.2849 2.2854
4.6564 2.2305 2.2524
4.6746 2.1802 2.2192
4.6928 2.1337 2.1860
4.7110 2.0909 2.1527
4.7292 2.0514 2.1193
4.7474 2.0150 2.0859
4.7656 1.9812 2.0522
4.7837 1.9498 2.0185
4.8019 1.9202 1.9846
4.8201 1.8922 1.9506
4.8383 1.8653 1.9165
4.8565 1.8393 1.8823
4.8747 1.8137 1.8480
4.8929 1.7882 1.8136
4.9111 1.7628 1.7792
4.9293 1.7370 1.7450
4.9475 1.7109 1.7108
4.9656 1.6842 1.6769
4.9838 1.6570 1.6433
5.0020 1.6291 1.6101
5.0202 1.6007 1.5773
5.0384 1.5716 1.5451
5.0566 1.5421 1.5135
5.0748 1.5121 1.4826
5.0930 1.4818 1.4525
5.1112 1.4512 1.4231
5.1293 1.4205 1.3945
5.1475 1.3898 1.3668
5.1657 1.3593 1.3398
5.1839 1.3290 1.3137
5.2021 1.2992 1.2884
5.2203 1.2699 1.2639
5.2385 1.2413 1.2403
5.2567 1.2136 1.2174
5.2749 1.1869 1.1953
5.2930 1.1612 1.1740
5.3112 1.1368 1.1535
5.3294 1.1137 1.1339
5.3476 1.0919 1.1150
5.3658 1.0715 1.0969
5.3840 1.0525 1.0795
5.4022 1.0348 1.0629
5.4204 1.0185 1.0470
5.4386 1.0034 1.0319
5.4567 0.9895 1.0173
5.4749 0.9767 1.0034
5.4931 0.9648 0.9900
5.5113 0.9537 0.9772
5.5295 0.9433 0.9647
5.5477 0.9336 0.9527
5.5659 0.9243 0.9410
5.5841 0.9154 0.9296
5.6023 0.9069 0.9184
5.6205 0.8986 0.9074
5.6386 0.8905 0.8965
5.6568 0.8826 0.8858
5.6750 0.8748 0.8752
5.6932 0.8673 0.8647
5.7114 0.8598 0.8542
5.7296 0.8525 0.8438
5.7478 0.8454 0.8335
5.7660 0.8385 0.8233
5.7842 0.8318 0.8132
5.8023 0.8252 0.8031
5.8205 0.8188 0.7933
5.8387 0.8125 0.7836
5.8569 0.8064 0.7741
5.8751 0.8003 0.7648
5.8933 0.7943 0.7557
5.9115 0.7882 0.7469
5.9297 0.7820 0.7383
5.9479 0.7757 0.7300
5.9660 0.7691 0.7220
5.9842 0.7623 0.7143
6.0024 0.7552 0.7069
6.0206 0.7477 0.6999
6.0388 0.7398 0.6932
6.0570 0.7315 0.6868
6.0752 0.7228 0.6808
6.0934 0.7137 0.6752
6.1116 0.7042 0.6699
6.1297 0.6943 0.6651
6.1479 0.6842 0.6606
6.1661 0.6738 0.6564
6.1843 0.6632 0.6527
6.2025 0.6525 0.6492
6.2207 0.6418 0.6461
6.2389 0.6311 0.6431
6.2571 0.6205 0.6404
6.2753 0.6100 0.6378
6.2935 0.5999 0.6352
6.3116 0.5900 0.6325
6.3298 0.5805 0.6297
6.3480 0.5713 0.6266
6.3662 0.5626 0.6233
6.3844 0.5543 0.6195
6.4026 0.5465 0.6153
6.4208 0.5391 0.6106
6.4390 0.5322 0.6053
6.4572 0.5258 0.5995
6.4753 0.5198 0.5932
6.4935 0.5142 0.5863
6.5117 0.5091 0.5790
6.5299 0.5043 0.5712
6.5481 0.5000 0.5630
6.5663 0.4961 0.5545
6.5845 0.4926 0.5458
6.6027 0.4895 0.5369
6.6209 0.4867 0.5279
6.6390 0.4842 0.5189
6.6572 0.4821 0.5100
6.6754 0.4803 0.5012
6.6936 0.4788 0.4926
6.7118 0.4776 0.4842
6.7300 0.4766 0.4761
6.7482 0.4758 0.4683
6.7664 0.4752 0.4608
6.7846 0.4748 0.4536
6.8027 0.4745 0.4468
6.8209 0.4743 0.4404
6.8391 0.4742 0.4343
6.8573 0.4741 0.4285
6.8755 0.4741 0.4230
6.8937 0.4742 0.4178
6.9119 0.4742 0.4128
6.9301 0.4742 0.4081
6.9483 0.4742 0.4036
6.9664 0.4741 0.3992
6.9846 0.4738 0.3950
7.0028 0.4735 0.3910
7.0210 0.4730 0.3870
7.0392 0.4723 0.3832
7.0574 0.4714 0.3794
7.0756 0.4702 0.3757
7.0938 0.4687 0.3722
7.1120 0.4669 0.3687
7.1302 0.4647 0.3653
7.1483 0.4622 0.3620
7.1665 0.4592 0.3589
7.1847 0.4559 0.3558
7.2029 0.4521 0.3530
7.2211 0.4480 0.3502
7.2393 0.4435 0.3476
7.2575 0.4386 0.3451
7.2757 0.4334 0.3428
7.2939 0.4280 0.3406
7.3120 0.4223 0.3386
7.3302 0.4165 0.3367
7.3484 0.4105 0.3349
7.3666 0.4045 0.3332
7.3848 0.3984 0.3315
7.4030 0.3923 0.3299
7.4212 0.3863 0.3283
7.4394 0.3803 0.3267
7.4576 0.3745 0.3251
7.4757 0.3688 0.3234
7.4939 0.3633 0.3216
7.5121 0.3580 0.3197
7.5303 0.3529 0.3178
7.5485 0.3479 0.3157
7.5667 0.3432 0.3135
7.5849 0.3388 0.3112
7.6031 0.3345 0.3088
7.6213 0.3306 0.3063
7.6394 0.3268 0.3038
7.6576 0.3234 0.3012
7.6758 0.3202 0.2986
7.6940 0.3172 0.2960
7.7122 0.3145 0.2934
7.7304 0.3121 0.2908
7.7486 0.3099 0.2883
7.7668 0.3079 0.2858
7.7850 0.3060 0.2835
7.8032 0.3044 0.2812
7.8213 0.3029 0.2790
7.8395 0.3015 0.2770
7.8577 0.3002 0.2750
7.8759 0.2990 0.2731
7.8941 0.2979 0.2714
7.9123 0.2969 0.2698
7.9305 0.2959 0.2683
7.9487 0.2950 0.2669
7.9669 0.2942 0.2657
7.9850 0.2934 0.2646
8.0032 0.2927 0.2637
8.0214 0.2920 0.2629
8.0396 0.2915 0.2623
8.0578 0.2910 0.2618
8.0760 0.2906 0.2614
8.0942 0.2903 0.2612
8.1124 0.2900 0.2612
8.1306 0.2898 0.2612
8.1487 0.2896 0.2614
8.1669 0.2894 0.2616
8.1851 0.2893 0.2619
8.2033 0.2891 0.2622
8.2215 0.2889 0.2624
8.2397 0.2887 0.2627
8.2579 0.2884 0.2629
8.2761 0.2881 0.2629
8.2943 0.2877 0.2629
8.3124 0.2873 0.2627
8.3306 0.2869 0.2624
8.3488 0.2863 0.2620
8.3670 0.2858 0.2614
8.3852 0.2852 0.2607
8.4034 0.2846 0.2598
8.4216 0.2840 0.2589
8.4398 0.2833 0.2579
8.4580 0.2827 0.2568
8.4762 0.2821 0.2558
8.4943 0.2815 0.2547
8.5125 0.2810 0.2538
8.5307 0.2805 0.2528
8.5489 0.2801 0.2520
8.5671 0.2798 0.2513
8.5853 0.2796 0.2507
8.6035 0.2795 0.2502
8.6217 0.2796 0.2499
8.6399 0.2798 0.2497
8.6580 0.2801 0.2495
8.6762 0.2805 0.2495
8.6944 0.2810 0.2495
8.7126 0.2816 0.2496
8.7308 0.2823 0.2496
8.7490 0.2830 0.2497
8.7672 0.2837 0.2497
8.7854 0.2844 0.2496
8.8036 0.2851 0.2495
8.8217 0.2856 0.2493
8.8399 0.2861 0.2489
8.8581 0.2864 0.2484
8.8763 0.2866 0.2478
8.8945 0.2867 0.2471
8.9127 0.2866 0.2462
8.9309 0.2864 0.2452
8.9491 0.2860 0.2441
8.9673 0.2854 0.2429
8.9854 0.2848 0.2417
9.0036 0.2839 0.2404
9.0218 0.2830 0.2390
9.0400 0.2819 0.2377
9.0582 0.2807 0.2364
9.0764 0.2795 0.2351
9.0946 0.2781 0.2339
9.1128 0.2767 0.2328
9.1310 0.2752 0.2317
9.1491 0.2737 0.2308
9.1673 0.2721 0.2300
9.1855 0.2705 0.2292
9.2037 0.2688 0.2286
9.2219 0.2671 0.2281
9.2401 0.2654 0.2276
9.2583 0.2636 0.2272
9.2765 0.2619 0.2269
9.2947 0.2601 0.2266
9.3129 0.2583 0.2263
9.3310 0.2566 0.2259
9.3492 0.2548 0.2256
9.3674 0.2530 0.2252
9.3856 0.2513 0.2247
9.4038 0.2496 0.2242
9.4220 0.2480 0.2236
9.4402 0.2464 0.2229
9.4584 0.2448 0.2221
9.4766 0.2434 0.2212
9.4947 0.2421 0.2203
9.5129 0.2408 0.2193
9.5311 0.2398 0.2183
9.5493 0.2388 0.2172
9.5675 0.2380 0.2160
9.5857 0.2373 0.2149
9.6039 0.2368 0.2138
9.6221 0.2364 0.2127
9.6403 0.2361 0.2116
9.6584 0.2359 0.2106
9.6766 0.2359 0.2097
9.6948 0.2359 0.2088
9.7130 0.2360 0.2080
9.7312 0.2361 0.2073
9.7494 0.2362 0.2067
9.7676 0.2364 0.2061
9.7858 0.2365 0.2057
9.8040 0.2365 0.2053
9.8221 0.2365 0.2051
9.8403 0.2364 0.2049
9.8585 0.2362 0.2048
9.8767 0.2359 0.2047
9.8949 0.2355 0.2048
9.9131 0.2349 0.2049
9.9313 0.2343 0.2051
9.9495 0.2335 0.2053
9.9677 0.2327 0.2056
9.9859 0.2317 0.2059
10.0040 0.2307 0.2063
10.0222 0.2297 0.2067
10.0404 0.2286 0.2071
10.0586 0.2275 0.2076
10.0768 0.2264 0.2081
10.0950 0.2253 0.2086
10.1132 0.2242 0.2091
10.1314 0.2232 0.2097
10.1496 0.2223 0.2103
10.1677 0.2214 0.2110
10.1859 0.2206 0.2117
10.2041 0.2199 0.2125
10.2223 0.2192 0.2134
10.2405 0.2187 0.2143
10.2587 0.2182 0.2154
10.2769 0.2179 0.2166
10.2951 0.2176 0.2180
10.3133 0.2174 0.2195
10.3314 0.2173 0.2211
10.3496 0.2173 0.2228
10.3678 0.2174 0.2247
10.3860 0.2176 0.2267
10.4042 0.2179 0.2289
10.4224 0.2183 0.2312
10.4406 0.2188 0.2336
10.4588 0.2194 0.2361
10.4770 0.2201 0.2386
10.4951 0.2209 0.2412
10.5133 0.2218 0.2439
10.5315 0.2228 0.2466
10.5497 0.2239 0.2494
10.5679 0.2251 0.2521
10.5861 0.2264 0.2549
10.6043 0.2278 0.2577
10.6225 0.2293 0.2605
10.6407 0.2309 0.2634
10.6588 0.2325 0.2662
10.6770 0.2343 0.2691
10.6952 0.2361 0.2720
10.7134 0.2380 0.2749
10.7316 0.2400 0.2779
10.7498 0.2420 0.2809
10.7680 0.2441 0.2841
10.7862 0.2462 0.2873
10.8044 0.2483 0.2905
10.8226 0.2504 0.2939
10.8407 0.2525 0.2974
10.8589 0.2546 0.3010
10.8771 0.2567 0.3046
10.8953 0.2588 0.3084
10.9135 0.2609 0.3122
10.9317 0.2629 0.3161
10.9499 0.2649 0.3200
10.9681 0.2670 0.3239
10.9863 0.2690 0.3279
11.0044 0.2710 0.3318
11.0226 0.2729 0.3357
11.0408 0.2749 0.3396
11.0590 0.2770 0.3434
11.0772 0.2790 0.3471
11.0954 0.2810 0.3508
11.1136 0.2832 0.3543
11.1318 0.2853 0.3578
11.1500 0.2875 0.3612
11.1681 0.2898 0.3644
11.1863 0.2922 0.3676
11.2045 0.2947 0.3707
11.2227 0.2972 0.3738
11.2409 0.2999 0.3768
11.2591 0.3027 0.3797
11.2773 0.3056 0.3827
11.2955 0.3087 0.3856
11.3137 0.3118 0.3885
11.3318 0.3151 0.3915
11.3500 0.3186 0.3944
11.3682 0.3222 0.3975
11.3864 0.3259 0.4006
11.4046 0.3297 0.4037
11.4228 0.3337 0.4070
11.4410 0.3378 0.4104
11.4592 0.3420 0.4139
11.4774 0.3464 0.4175
11.4956 0.3508 0.4213
11.5137 0.3554 0.4251
11.5319 0.3600 0.4292
11.5501 0.3648 0.4334
11.5683 0.3696 0.4377
11.5865 0.3745 0.4421
11.6047 0.3795 0.4467
11.6229 0.3845 0.4513
11.6411 0.3895 0.4561
11.6593 0.3946 0.4609
11.6774 0.3997 0.4657
11.6956 0.4048 0.4706
11.7138 0.4099 0.4755
11.7320 0.4150 0.4803
11.7502 0.4201 0.4851
11.7684 0.4251 0.4898
11.7866 0.4301 0.4945
11.8048 0.4350 0.4990
11.8230 0.4399 0.5034
11.8411 0.4448 0.5077
11.8593 0.4495 0.5119
11.8775 0.4543 0.5159
11.8957 0.4590 0.5199
11.9139 0.4636 0.5237
11.9321 0.4683 0.5274
11.9503 0.4729 0.5311
11.9685 0.4775 0.5348
11.9867 0.4821 0.5384
12.0048 0.4867 0.5421
12.0230 0.4914 0.5457
12.0412 0.4961 0.5495
12.0594 0.5008 0.5533
12.0776 0.5055 0.5572
12.0958 0.5103 0.5612
12.1140 0.5151 0.5654
12.1322 0.5199 0.5697
12.1504 0.5248 0.5742
12.1686 0.5297 0.5788
12.1867 0.5346 0.5835
12.2049 0.5396 0.5884
12.2231 0.5445 0.5935
12.2413 0.5495 0.5986
12.2595 0.5545 0.6038
12.2777 0.5595 0.6091
12.2959 0.5645 0.6144
12.3141 0.5696 0.6197
12.3323 0.5746 0.6250
12.3504 0.5796 0.6303
12.3686 0.5847 0.6356
12.3868 0.5898 0.6408
12.4050 0.5949 0.6459
12.4232 0.6000 0.6510
12.4414 0.6052 0.6560
12.4596 0.6105 0.6609
12.4778 0.6158 0.6658
12.4960 0.6212 0.6706
12.5141 0.6266 0.6753
12.5323 0.6322 0.6801
12.5505 0.6378 0.6848
12.5687 0.6436 0.6896
12.5869 0.6495 0.6943
12.6051 0.6554 0.6992
12.6233 0.6615 0.7041
12.6415 0.6678 0.7091
12.6597 0.6741 0.7142
12.6778 0.6806 0.7194
12.6960 0.6871 0.7247
12.7142 0.6938 0.7302
12.7324 0.7006 0.7359
12.7506 0.7075 0.7417
12.7688 0.7145 0.7476
12.7870 0.7216 0.7537
12.8052 0.7288 0.7599
12.8234 0.7360 0.7662
12.8415 0.7432 0.7727
12.8597 0.7505 0.7792
12.8779 0.7578 0.7858
12.8961 0.7651 0.7925
12.9143 0.7725 0.7992
12.9325 0.7798 0.8059
12.9507 0.7872 0.8127
12.9689 0.7945 0.8195
12.9871 0.8019 0.8263
13.0053 0.8093 0.8331
13.0234 0.8167 0.8400
13.0416 0.8242 0.8469
13.0598 0.8316 0.8538
13.0780 0.8391 0.8609
13.0962 0.8466 0.8680
13.1144 0.8541 0.8752
13.1326 0.8617 0.8825
13.1508 0.8693 0.8899
13.1690 0.8769 0.8974
13.1871 0.8845 0.9051
13.2053 0.8921 0.9129
13.2235 0.8998 0.9209
13.2417 0.9074 0.9290
13.2599 0.9151 0.9372
13.2781 0.9228 0.9455
13.2963 0.9305 0.9540
13.3145 0.9383 0.9625
13.3327 0.9461 0.9711
13.3508 0.9540 0.9798
13.3690 0.9620 0.9885
13.3872 0.9701 0.9973
13.4054 0.9783 1.0061
13.4236 0.9866 1.0149
13.4418 0.9952 1.0237
13.4600 1.0039 1.0324
13.4782 1.0129 1.0411
13.4964 1.0222 1.0496
13.5145 1.0318 1.0581
13.5327 1.0417 1.0664
13.5509 1.0519 1.0746
13.5691 1.0625 1.0825
13.5873 1.0735 1.0903
13.6055 1.0850 1.0977
13.6237 1.0968 1.1049
13.6419 1.1091 1.1119
13.6601 1.1218 1.1185
13.6783 1.1350 1.1247
13.6964 1.1486 1.1307
13.7146 1.1627 1.1363
13.7328 1.1772 1.1417
13.7510 1.1921 1.1467
13.7692 1.2075 1.1515
13.7874 1.2232 1.1560
13.8056 1.2393 1.1603
13.8238 1.2556 1.1645
13.8420 1.2723 1.1685
13.8601 1.2891 1.1724
13.8783 1.3060 1.1762
13.8965 1.3230 1.1799
13.9147 1.3399 1.1835
13.9329 1.3567 1.1870
13.9511 1.3731 1.1903
13.9693 1.3891 1.1935
13.9875 1.4046 1.1964
14.0057 1.4193 1.1989
14.0238 1.4331 1.2011
14.0420 1.4459 1.2028
14.0602 1.4574 1.2039
14.0784 1.4675 1.2043
14.0966 1.4760 1.2040
14.1148 1.4828 1.2029
14.1330 1.4876 1.2009
14.1512 1.4904 1.1980
14.1694 1.4910 1.1941
14.1875 1.4893 1.1892
14.2057 1.4853 1.1833
14.2239 1.4790 1.1764
14.2421 1.4702 1.1685
14.2603 1.4591 1.1596
14.2785 1.4457 1.1497
14.2967 1.4301 1.1389
14.3149 1.4124 1.1272
14.3331 1.3929 1.1148
14.3512 1.3717 1.1016
14.3694 1.3490 1.0878
14.3876 1.3250 1.0734
14.4058 1.3000 1.0585
14.4240 1.2741 1.0433
14.4422 1.2477 1.0279
14.4604 1.2209 1.0122
14.4786 1.1939 0.9966
14.4968 1.1670 0.9810
14.5150 1.1402 0.9655
14.5331 1.1137 0.9503
14.5513 1.0877 0.9355
14.5695 1.0622 0.9210
14.5877 1.0374 0.9070
14.6059 1.0132 0.8936
14.6241 0.9897 0.8807
14.6423 0.9669 0.8684
14.6605 0.9449 0.8567
14.6787 0.9236 0.8456
14.6968 0.9030 0.8351
14.7150 0.8831 0.8252
14.7332 0.8639 0.8159
14.7514 0.8454 0.8073
14.7696 0.8275 0.7991
14.7878 0.8102 0.7916
14.8060 0.7934 0.7845
14.8242 0.7772 0.7779
14.8424 0.7616 0.7718
14.8605 0.7464 0.7661
14.8787 0.7318 0.7608
14.8969 0.7176 0.7558
14.9151 0.7039 0.7511
14.9333 0.6907 0.7466
14.9515 0.6780 0.7423
14.9697 0.6658 0.7381
14.9879 0.6540 0.7340
15.0061 0.6427 0.7299
15.0242 0.6318 0.7257
15.0424 0.6214 0.7215
15.0606 0.6115 0.7172
15.0788 0.6020 0.7128
15.0970 0.5929 0.7082
15.1152 0.5843 0.7034
15.1334 0.5761 0.6984
15.1516 0.5682 0.6932
15.1698 0.5608 0.6878
15.1880 0.5537 0.6822
15.2061 0.5469 0.6764
15.2243 0.5404 0.6704
15.2425 0.5342 0.6642
15.2607 0.5282 0.6579
15.2789 0.5224 0.6513
15.2971 0.5168 0.6446
15.3153 0.5113 0.6377
15.3335 0.5059 0.6307
15.3517 0.5006 0.6234
15.3698 0.4953 0.6160
15.3880 0.4900 0.6084
15.4062 0.4847 0.6005
15.4244 0.4794 0.5925
15.4426 0.4739 0.5842
15.4608 0.4684 0.5758
15.4790 0.4628 0.5671
15.4972 0.4570 0.5582
15.5154 0.4512 0.5491
15.5335 0.4452 0.5398
15.5517 0.4392 0.5303
15.5699 0.4330 0.5207
15.5881 0.4268 0.5109
15.6063 0.4206 0.5011
15.6245 0.4143 0.4911
15.6427 0.4079 0.4811
15.6609 0.4016 0.4711
15.6791 0.3953 0.4611
15.6972 0.3890 0.4511
15.7154 0.3828 0.4411
15.7336 0.3766 0.4313
15.7518 0.3706 0.4215
15.7700 0.3646 0.4119
15.7882 0.3587 0.4024
15.8064 0.3529 0.3931
15.8246 0.3472 0.3840
15.8428 0.3417 0.3751
15.8610 0.3363 0.3664
15.8791 0.3310 0.3579
15.8973 0.3258 0.3497
15.9155 0.3208 0.3417
15.9337 0.3159 0.3339
15.9519 0.3111 0.3264
15.9701 0.3065 0.3191
15.9883 0.3019 0.3121
16.0065 0.2975 0.3054
16.0247 0.2932 0.2988
16.0428 0.2889 0.2925
16.0610 0.2848 0.2865
16.0792 0.2807 0.2806
16.0974 0.2767 0.2750
16.1156 0.2727 0.2695
16.1338 0.2688 0.2642
16.1520 0.2649 0.2592
16.1702 0.2610 0.2543
16.1884 0.2572 0.2495
16.2065 0.2534 0.2449
16.2247 0.2496 0.2405
16.2429 0.2458 0.2362
16.2611 0.2420 0.2320
16.2793 0.2382 0.2279
16.2975 0.2344 0.2240
16.3157 0.2307 0.2201
16.3339 0.2269 0.2163
16.3521 0.2231 0.2126
16.3702 0.2192 0.2090
16.3884 0.2154 0.2055
16.4066 0.2116 0.2020
16.4248 0.2078 0.1986
16.4430 0.2040 0.1952
16.4612 0.2003 0.1919
16.4794 0.1965 0.1886
16.4976 0.1928 0.1853
16.5158 0.1891 0.1822
16.5339 0.1854 0.1790
16.5521 0.1818 0.1759
16.5703 0.1783 0.1729
16.5885 0.1747 0.1699
16.6067 0.1713 0.1670
16.6249 0.1679 0.1641
16.6431 0.1645 0.1613
16.6613 0.1613 0.1586
16.6795 0.1581 0.1559
16.6977 0.1549 0.1533
16.7158 0.1518 0.1507
16.7340 0.1488 0.1483
16.7522 0.1458 0.1458
16.7704 0.1429 0.1435
16.7886 0.1401 0.1412
16.8068 0.1373 0.1389
16.8250 0.1346 0.1368
16.8432 0.1319 0.1346
16.8614 0.1293 0.1325
16.8795 0.1268 0.1304
16.8977 0.1243 0.1284
16.9159 0.1219 0.1264
16.9341 0.1195 0.1244
16.9523 0.1172 0.1224
16.9705 0.1149 0.1204
16.9887 0.1127 0.1185
17.0069 0.1105 0.1165
17.0251 0.1084 0.1146
17.0432 0.1063 0.1127
17.0614 0.1043 0.1108
17.0796 0.1023 0.1089
17.0978 0.1003 0.1070
17.1160 0.0984 0.1052
17.1342 0.0966 0.1033
17.1524 0.0947 0.1015
17.1706 0.0930 0.0997
17.1888 0.0912 0.0979
17.2069 0.0895 0.0961
17.2251 0.0879 0.0944
17.2433 0.0863 0.0927
17.2615 0.0847 0.0910
17.2797 0.0832 0.0893
17.2979 0.0817 0.0877
17.3161 0.0802 0.0861
17.3343 0.0788 0.0845
17.3525 0.0775 0.0829
17.3707 0.0761 0.0813
17.3888 0.0748 0.0798
17.4070 0.0735 0.0783
17.4252 0.0723 0.0769
17.4434 0.0711 0.0754
17.4616 0.0699 0.0740
17.4798 0.0687 0.0726
17.4980 0.0676 0.0712
17.5162 0.0665 0.0698
17.5344 0.0654 0.0685
17.5525 0.0643 0.0672
17.5707 0.0632 0.0659
17.5889 0.0622 0.0646
17.6071 0.0611 0.0634
17.6253 0.0601 0.0622
17.6435 0.0591 0.0610
17.6617 0.0581 0.0598
17.6799 0.0572 0.0587
17.6981 0.0562 0.0576
17.7162 0.0552 0.0565
17.7344 0.0543 0.0555
17.7526 0.0534 0.0544
17.7708 0.0525 0.0535
17.7890 0.0516 0.0525
17.8072 0.0507 0.0516
17.8254 0.0499 0.0507
17.8436 0.0491 0.0498
17.8618 0.0482 0.0490
17.8799 0.0474 0.0482
17.8981 0.0467 0.0474
17.9163 0.0459 0.0467
17.9345 0.0452 0.0459
17.9527 0.0445 0.0452
17.9709 0.0438 0.0445
17.9891 0.0431 0.0438
18.0073 0.0424 0.0432
18.0255 0.0418 0.0425
18.0436 0.0412 0.0419
18.0618 0.0406 0.0413
18.0800 0.0400 0.0407
18.0982 0.0395 0.0401
18.1164 0.0389 0.0395
18.1346 0.0384 0.0389
18.1528 0.0379 0.0384
18.1710 0.0374 0.0378
18.1892 0.0369 0.0373
18.2074 0.0364 0.0368
18.2255 0.0359 0.0363
18.2437 0.0355 0.0358
18.2619 0.0351 0.0353
18.2801 0.0346 0.0348
18.2983 0.0342 0.0344
18.3165 0.0338 0.0339
18.3347 0.0334 0.0335
18.3529 0.0330 0.0330
18.3711 0.0326 0.0326
18.3892 0.0322 0.0322
18.4074 0.0318 0.0318
18.4256 0.0314 0.0314
18.4438 0.0311 0.0310
18.4620 0.0307 0.0306
18.4802 0.0304 0.0303
18.4984 0.0300 0.0299
18.5166 0.0297 0.0296
18.5348 0.0293 0.0292
18.5529 0.0290 0.0289
18.5711 0.0287 0.0285
18.5893 0.0283 0.0282
18.6075 0.0280 0.0279
18.6257 0.0277 0.0276
18.6439 0.0274 0.0273
18.6621 0.0271 0.0270
18.6803 0.0268 0.0267
18.6985 0.0265 0.0265
18.7166 0.0262 0.0262
18.7348 0.0259 0.0260
18.7530 0.0256 0.0257
18.7712 0.0253 0.0255
18.7894 0.0250 0.0253
18.8076 0.0248 0.0251
18.8258 0.0245 0.0248
18.8440 0.0242 0.0246
18.8622 0.0240 0.0244
18.8804 0.0238 0.0242
18.8985 0.0235 0.0241
18.9167 0.0233 0.0239
18.9349 0.0231 0.0237
18.9531 0.0228 0.0235
18.9713 0.0226 0.0233
18.9895 0.0224 0.0231
19.0077 0.0222 0.0229
19.0259 0.0220 0.0227
19.0441 0.0218 0.0225
19.0622 0.0216 0.0223
19.0804 0.0213 0.0221
19.0986 0.0211 0.0220
19.1168 0.0209 0.0218
19.1350 0.0207 0.0216
19.1532 0.0205 0.0214
19.1714 0.0204 0.0212
19.1896 0.0202 0.0210
19.2078 0.0200 0.0208
19.2259 0.0198 0.0206
19.2441 0.0196 0.0204
19.2623 0.0195 0.0202
19.2805 0.0193 0.0200
19.2987 0.0191 0.0198
19.3169 0.0190 0.0196
19.3351 0.0188 0.0194
19.3533 0.0187 0.0192
19.3715 0.0185 0.0190
19.3896 0.0184 0.0188
19.4078 0.0182 0.0186
19.4260 0.0181 0.0184
19.4442 0.0180 0.0182
19.4624 0.0178 0.0181
19.4806 0.0177 0.0179
19.4988 0.0176 0.0177
19.5170 0.0174 0.0175
19.5352 0.0173 0.0174
19.5534 0.0172 0.0172
19.5715 0.0170 0.0171
19.5897 0.0169 0.0169
19.6079 0.0167 0.0168
19.6261 0.0166 0.0166
19.6443 0.0165 0.0165
19.6625 0.0163 0.0163
19.6807 0.0162 0.0162
19.6989 0.0161 0.0161
19.7171 0.0159 0.0159
19.7352 0.0158 0.0158
19.7534 0.0157 0.0157
19.7716 0.0155 0.0156
19.7898 0.0154 0.0154
19.8080 0.0153 0.0153
19.8262 0.0151 0.0152
19.8444 0.0150 0.0151
19.8626 0.0149 0.0149
19.8808 0.0147 0.0148
19.8989 0.0146 0.0147
19.9171 0.0145 0.0146
19.9353 0.0144 0.0145
19.9535 0.0142 0.0143
19.9717 0.0141 0.0142
19.9899 0.0140 0.0141
20.0081 0.0139 0.0140
20.0263 0.0138 0.0139
20.0445 0.0137 0.0138
20.0626 0.0135 0.0137
20.0808 0.0134 0.0136
20.0990 0.0133 0.0135
20.1172 0.0132 0.0135
20.1354 0.0131 0.0134
20.1536 0.0130 0.0133
20.1718 0.0129 0.0132
20.1900 0.0128 0.0131
20.2082 0.0127 0.0130
20.2263 0.0126 0.0129
20.2445 0.0125 0.0128
20.2627 0.0124 0.0127
20.2809 0.0123 0.0127
20.2991 0.0122 0.0126
20.3173 0.0121 0.0125
20.3355 0.0120 0.0124
20.3537 0.0119 0.0123
20.3719 0.0118 0.0122
20.3901 0.0117 0.0121
20.4082 0.0116 0.0120
20.4264 0.0115 0.0119
20.4446 0.0114 0.0118
20.4628 0.0113 0.0117
20.4810 0.0112 0.0116
20.4992 0.0111 0.0115
20.5174 0.0110 0.0114
20.5356 0.0109 0.0113
20.5538 0.0109 0.0112
20.5719 0.0108 0.0112
20.5901 0.0107 0.0111
20.6083 0.0106 0.0110
20.6265 0.0105 0.0109
20.6447 0.0104 0.0108
20.6629 0.0104 0.0107
20.6811 0.0103 0.0106
20.6993 0.0102 0.0105
20.7175 0.0101 0.0104
20.7356 0.0100 0.0103
20.7538 0.0100 0.0102
20.7720 0.0099 0.0101
20.7902 0.0098 0.0100
20.8084 0.0098 0.0100
20.8266 0.0097 0.0099
20.8448 0.0096 0.0098
20.8630 0.0096 0.0097
20.8812 0.0095 0.0097
20.8993 0.0094 0.0096
20.9175 0.0094 0.0095
20.9357 0.0093 0.0095
20.9539 0.0092 0.0094
20.9721 0.0092 0.0093
20.9903 0.0091 0.0093
21.0085 0.0090 0.0092
21.0267 0.0090 0.0092
21.0449 0.0089 0.0091
21.0631 0.0088 0.0090
21.0812 0.0088 0.0090
21.0994 0.0087 0.0089
21.1176 0.0086 0.0089
21.1358 0.0086 0.0088
21.1540 0.0085 0.0087
21.1722 0.0085 0.0087
21.1904 0.0084 0.0086
21.2086 0.0084 0.0086
21.2268 0.0083 0.0085
21.2449 0.0082 0.0084
21.2631 0.0082 0.0084
21.2813 0.0082 0.0083
21.2995 0.0081 0.0083
21.3177 0.0081 0.0082
21.3359 0.0080 0.0082
21.3541 0.0080 0.0081
21.3723 0.0079 0.0081
21.3905 0.0079 0.0080
21.4086 0.0078 0.0080
21.4268 0.0078 0.0079
21.4450 0.0077 0.0079
21.4632 0.0077 0.0078
21.4814 0.0076 0.0078
21.4996 0.0076 0.0077
21.5178 0.0075 0.0077
21.5360 0.0075 0.0076
21.5542 0.0075 0.0076
21.5723 0.0074 0.0075
21.5905 0.0074 0.0075
21.6087 0.0073 0.0075
21.6269 0.0073 0.0074
21.6451 0.0072 0.0074
21.6633 0.0072 0.0074
21.6815 0.0071 0.0073
21.6997 0.0071 0.0073
21.7179 0.0070 0.0073
21.7360 0.0070 0.0072
21.7542 0.0070 0.0072
21.7724 0.0069 0.0072
21.7906 0.0069 0.0072
21.8088 0.0068 0.0071
21.8270 0.0068 0.0071
21.8452 0.0068 0.0071
21.8634 0.0067 0.0070
21.8816 0.0067 0.0070
21.8998 0.0067 0.0070
21.9179 0.0066 0.0070
21.9361 0.0066 0.0070
21.9543 0.0066 0.0069
21.9725 0.0065 0.0069
21.9907 0.0065 0.0069
22.0089 0.0065 0.0069
22.0271 0.0064 0.0068
22.0453 0.0064 0.0068
22.0635 0.0064 0.0068
22.0816 0.0064 0.0068
22.0998 0.0063 0.0068
22.1180 0.0063 0.0068
22.1362 0.0063 0.0067
22.1544 0.0063 0.0067
22.1726 0.0062 0.0067
22.1908 0.0062 0.0067
22.2090 0.0062 0.0067
22.2272 0.0062 0.0067
22.2453 0.0062 0.0067
22.2635 0.0062 0.0067
22.2817 0.0061 0.0067
22.2999 0.0061 0.0067
22.3181 0.0061 0.0066
22.3363 0.0061 0.0066
22.3545 0.0061 0.0066
22.3727 0.0061 0.0066
22.3909 0.0061 0.0066
22.4090 0.0060 0.0066
22.4272 0.0060 0.0066
22.4454 0.0060 0.0066
22.4636 0.0060 0.0066
22.4818 0.0060 0.0066
22.5000 0.0060 0.0066
22.5182 0.0060 0.0066
22.5364 0.0060 0.0066
22.5546 0.0059 0.0066
22.5728 0.0059 0.0066
22.5909 0.0059 0.0066
22.6091 0.0059 0.0065
22.6273 0.0059 0.0065
22.6455 0.0059 0.0065
22.6637 0.0059 0.0065
22.6819 0.0059 0.0065
22.7001 0.0059 0.0065
22.7183 0.0059 0.0065
22.7365 0.0059 0.0065
22.7546 0.0059 0.0065
22.7728 0.0059 0.0064
22.7910 0.0059 0.0064
22.8092 0.0059 0.0064
22.8274 0.0059 0.0064
22.8456 0.0059 0.0064
22.8638 0.0059 0.0064
22.8820 0.0059 0.0064
22.9002 0.0059 0.0065
22.9183 0.0059 0.0065
22.9365 0.0060 0.0065
22.9547 0.0060 0.0065
22.9729 0.0060 0.0065
22.9911 0.0060 0.0065
23.0093 0.0060 0.0065
23.0275 0.0061 0.0066
23.0457 0.0061 0.0066
23.0639 0.0061 0.0066
23.0820 0.0061 0.0067
23.1002 0.0061 0.0067
23.1184 0.0062 0.0067
23.1366 0.0062 0.0067
23.1548 0.0062 0.0068
23.1730 0.0062 0.0068
23.1912 0.0063 0.0069
23.2094 0.0063 0.0069
23.2276 0.0063 0.0069
23.2458 0.0064 0.0070
23.2639 0.0064 0.0070
23.2821 0.0064 0.0071
23.3003 0.0064 0.0071
23.3185 0.0065 0.0072
23.3367 0.0065 0.0072
23.3549 0.0065 0.0072
23.3731 0.0066 0.0073
23.3913 0.0066 0.0073
23.4095 0.0066 0.0073
23.4276 0.0067 0.0074
23.4458 0.0067 0.0074
23.4640 0.0067 0.0074
23.4822 0.0067 0.0075
23.5004 0.0068 0.0075
23.5186 0.0068 0.0075
23.5368 0.0068 0.0076
23.5550 0.0069 0.0076
23.5732 0.0069 0.0076
23.5913 0.0069 0.0076
23.6095 0.0069 0.0076
23.6277 0.0070 0.0076
23.6459 0.0070 0.0077
23.6641 0.0070 0.0077
23.6823 0.0070 0.0077
23.7005 0.0071 0.0077
23.7187 0.0071 0.0077
23.7369 0.0071 0.0077
23.7550 0.0071 0.0077
23.7732 0.0071 0.0077
23.7914 0.0071 0.0078
23.8096 0.0072 0.0078
23.8278 0.0072 0.0078
23.8460 0.0072 0.0078
23.8642 0.0072 0.0078
23.8824 0.0072 0.0078
23.9006 0.0072 0.0078
23.9187 0.0073 0.0078
23.9369 0.0073 0.0078
23.9551 0.0073 0.0078
23.9733 0.0073 0.0078
23.9915 0.0074 0.0079
24.0097 0.0074 0.0079
24.0279 0.0074 0.0079
24.0461 0.0074 0.0079
24.0643 0.0075 0.0079
24.0825 0.0075 0.0079
24.1006 0.0075 0.0079
24.1188 0.0075 0.0079
24.1370 0.0076 0.0079
24.1552 0.0076 0.0079
24.1734 0.0076 0.0080
24.1916 0.0076 0.0080
24.2098 0.0077 0.0080
24.2280 0.0077 0.0080
24.2462 0.0077 0.0080
24.2643 0.0077 0.0080
24.2825 0.0077 0.0080
24.3007 0.0078 0.0080
24.3189 0.0078 0.0080
24.3371 0.0078 0.0080
24.3553 0.0078 0.0080
24.3735 0.0078 0.0080
24.3917 0.0078 0.0080
24.4099 0.0078 0.0080
24.4280 0.0078 0.0080
24.4462 0.0078 0.0080
24.4644 0.0077 0.0079
24.4826 0.0077 0.0079
24.5008 0.0077 0.0078
24.5190 0.0076 0.0078
24.5372 0.0076 0.0077
24.5554 0.0075 0.0077
24.5736 0.0075 0.0076
24.5917 0.0074 0.0075
24.6099 0.0073 0.0074
24.6281 0.0073 0.0073
24.6463 0.0072 0.0072
24.6645 0.0071 0.0071
24.6827 0.0070 0.0070
24.7009 0.0069 0.0069
24.7191 0.0068 0.0068
24.7373 0.0067 0.0067
24.7555 0.0066 0.0066
24.7736 0.0064 0.0065
24.7918 0.0063 0.0063
24.8100 0.0062 0.0062
24.8282 0.0061 0.0061
24.8464 0.0059 0.0060
24.8646 0.0058 0.0058
24.8828 0.0056 0.0057
24.9010 0.0055 0.0056
24.9192 0.0054 0.0054
24.9373 0.0052 0.0053
24.9555 0.0051 0.0052
24.9737 0.0050 0.0051
24.9919 0.0048 0.0050
25.0101 0.0047 0.0049
25.0283 0.0046 0.0047
25.0465 0.0045 0.0046
25.0647 0.0044 0.0045
25.0829 0.0042 0.0044
25.1010 0.0041 0.0044
25.1192 0.0040 0.0043
25.1374 0.0039 0.0042
25.1556 0.0039 0.0041
25.1738 0.0038 0.0040
25.1920 0.0037 0.0040
25.2102 0.0036 0.0039
25.2284 0.0035 0.0038
25.2466 0.0035 0.0038
25.2647 0.0034 0.0037
25.2829 0.0034 0.0037
25.3011 0.0033 0.0036
25.3193 0.0033 0.0036
25.3375 0.0032 0.0035
25.3557 0.0032 0.0035
25.3739 0.0032 0.0035
25.3921 0.0031 0.0034
25.4103 0.0031 0.0034
25.4285 0.0031 0.0034
25.4466 0.0030 0.0034
25.4648 0.0030 0.0033
25.4830 0.0030 0.0033
25.5012 0.0030 0.0033
25.5194 0.0030 0.0033
25.5376 0.0030 0.0033
25.5558 0.0029 0.0032
25.5740 0.0029 0.0032
25.5922 0.0029 0.0032
25.6103 0.0029 0.0032
25.6285 0.0029 0.0032
25.6467 0.0029 0.0032
25.6649 0.0029 0.0032
25.6831 0.0029 0.0032
25.7013 0.0029 0.0032
25.7195 0.0029 0.0032
25.7377 0.0029 0.0032
25.7559 0.0030 0.0032
25.7740 0.0030 0.0032
25.7922 0.0030 0.0032
25.8104 0.0030 0.0032
25.8286 0.0030 0.0032
25.8468 0.0030 0.0033
25.8650 0.0030 0.0033
25.8832 0.0030 0.0033
25.9014 0.0031 0.0033
25.9196 0.0031 0.0033
25.9377 0.0031 0.0033
25.9559 0.0031 0.0033
25.9741 0.0031 0.0033
25.9923 0.0032 0.0033
26.0105 0.0032 0.0034
26.0287 0.0032 0.0034
26.0469 0.0032 0.0034
26.0651 0.0032 0.0034
26.0833 0.0033 0.0034
26.1014 0.0033 0.0034
26.1196 0.0033 0.0034
26.1378 0.0033 0.0034
26.1560 0.0033 0.0034
26.1742 0.0033 0.0034
26.1924 0.0033 0.0034
26.2106 0.0034 0.0034
26.2288 0.0034 0.0035
26.2470 0.0034 0.0035
26.2652 0.0034 0.0035
26.2833 0.0034 0.0035
26.3015 0.0034 0.0035
26.3197 0.0034 0.0035
26.3379 0.0034 0.0035
26.3561 0.0034 0.0034
26.3743 0.0034 0.0034
26.3925 0.0034 0.0034
26.4107 0.0034 0.0034
26.4289 0.0033 0.0034
26.4470 0.0033 0.0034
26.4652 0.0033 0.0034
26.4834 0.0033 0.0034
26.5016 0.0033 0.0033
26.5198 0.0033 0.0033
26.5380 0.0032 0.0033
26.5562 0.0032 0.0033
26.5744 0.0032 0.0032
26.5926 0.0032 0.0032
26.6107 0.0031 0.0032
26.6289 0.0031 0.0031
26.6471 0.0030 0.0031
26.6653 0.0030 0.0031
26.6835 0.0030 0.0030
26.7017 0.0029 0.0030
26.7199 0.0029 0.0029
26.7381 0.0028 0.0029
26.7563 0.0028 0.0028
26.7744 0.0027 0.0028
26.7926 0.0027 0.0027
26.8108 0.0026 0.0027
26.8290 0.0026 0.0026
26.8472 0.0025 0.0026
26.8654 0.0025 0.0025
26.8836 0.0024 0.0025
26.9018 0.0024 0.0024
26.9200 0.0023 0.0024
26.9382 0.0023 0.0023
26.9563 0.0022 0.0023
26.9745 0.0022 0.0022
26.9927 0.0022 0.0022
27.0109 0.0021 0.0021
27.0291 0.0021 0.0021
27.0473 0.0020 0.0021
27.0655 0.0020 0.0020
27.0837 0.0020 0.0020
27.1019 0.0019 0.0020
27.1200 0.0019 0.0019
27.1382 0.0019 0.0019
27.1564 0.0018 0.0019
27.1746 0.0018 0.0018
27.1928 0.0018 0.0018
27.2110 0.0018 0.0018
27.2292 0.0017 0.0018
27.2474 0.0017 0.0017
27.2656 0.0017 0.0017
27.2837 0.0017 0.0017
27.3019 0.0016 0.0017
27.3201 0.0016 0.0017
27.3383 0.0016 0.0016
27.3565 0.0016 0.0016
27.3747 0.0016 0.0016
27.3929 0.0016 0.0016
27.4111 0.0016 0.0016
27.4293 0.0015 0.0016
27.4474 0.0015 0.0015
27.4656 0.0015 0.0015
27.4838 0.0015 0.0015
27.5020 0.0015 0.0015
27.5202 0.0015 0.0015
27.5384 0.0015 0.0015
27.5566 0.0015 0.0015
27.5748 0.0015 0.0015
27.5930 0.0015 0.0015
27.6111 0.0014 0.0014
27.6293 0.0014 0.0014
27.6475 0.0014 0.0014
27.6657 0.0014 0.0014
27.6839 0.0014 0.0014
27.7021 0.0014 0.0014
27.7203 0.0014 0.0014
27.7385 0.0014 0.0014
27.7567 0.0014 0.0014
27.7749 0.0014 0.0014
27.7930 0.0014 0.0014
27.8112 0.0014 0.0014
27.8294 0.0014 0.0014
27.8476 0.0014 0.0014
27.8658 0.0014 0.0014
27.8840 0.0014 0.0013
27.9022 0.0013 0.0013
27.9204 0.0013 0.0013
27.9386 0.0013 0.0013
27.9567 0.0013 0.0013
27.9749 0.0013 0.0013
27.9931 0.0013 0.0013
28.0113 0.0013 0.0013
28.0295 0.0013 0.0013
28.0477 0.0013 0.0013
28.0659 0.0013 0.0013
28.0841 0.0013 0.0013
28.1023 0.0013 0.0013
28.1204 0.0013 0.0013
28.1386 0.0013 0.0013
28.1568 0.0013 0.0013
28.1750 0.0013 0.0013
28.1932 0.0013 0.0012
28.2114 0.0013 0.0012
28.2296 0.0013 0.0012
28.2478 0.0013 0.0012
28.2660 0.0013 0.0012
28.2841 0.0012 0.0012
28.3023 0.0012 0.0012
28.3205 0.0012 0.0012
28.3387 0.0012 0.0012
28.3569 0.0012 0.0012
28.3751 0.0012 0.0012
28.3933 0.0012 0.0012
28.4115 0.0012 0.0012
28.4297 0.0012 0.0012
28.4479 0.0012 0.0012
28.4660 0.0012 0.0012
28.4842 0.0012 0.0012
28.5024 0.0012 0.0011
28.5206 0.0012 0.0011
28.5388 0.0012 0.0011
28.5570 0.0012 0.0011
28.5752 0.0012 0.0011
28.5934 0.0011 0.0011
28.6116 0.0011 0.0011
28.6297 0.0011 0.0011
28.6479 0.0011 0.0011
28.6661 0.0011 0.0011
28.6843 0.0011 0.0011
28.7025 0.0011 0.0011
28.7207 0.0011 0.0011
28.7389 0.0011 0.0011
28.7571 0.0011 0.0011
28.7753 0.0011 0.0011
28.7934 0.0011 0.0011
28.8116 0.0011 0.0011
28.8298 0.0011 0.0011
28.8480 0.0011 0.0011
28.8662 0.0011 0.0011
28.8844 0.0011 0.0010
28.9026 0.0010 0.0010
28.9208 0.0010 0.0010
28.9390 0.0010 0.0010
28.9571 0.0010 0.0010
28.9753 0.0010 0.0010
28.9935 0.0010 0.0010
29.0117 0.0010 0.0010
29.0299 0.0010 0.0010
29.0481 0.0010 0.0010
29.0663 0.0010 0.0010
29.0845 0.0010 0.0010
29.1027 0.0010 0.0010
29.1209 0.0010 0.0010
29.1390 0.0010 0.0010
29.1572 0.0010 0.0010
29.1754 0.0010 0.0010
29.1936 0.0010 0.0010
29.2118 0.0010 0.0010
29.2300 0.0010 0.0010
29.2482 0.0009 0.0010
29.2664 0.0009 0.0010
29.2846 0.0009 0.0009
29.3027 0.0009 0.0009
29.3209 0.0009 0.0009
29.3391 0.0009 0.0009
29.3573 0.0009 0.0009
29.3755 0.0009 0.0009
29.3937 0.0009 0.0009
29.4119 0.0009 0.0009
29.4301 0.0009 0.0009
29.4483 0.0009 0.0009
29.4664 0.0009 0.0009
29.4846 0.0009 0.0009
29.5028 0.0009 0.0009
29.5210 0.0009 0.0009
29.5392 0.0009 0.0009
29.5574 0.0009 0.0009
29.5756 0.0009 0.0009
29.5938 0.0009 0.0009
29.6120 0.0009 0.0009
29.6301 0.0009 0.0009
29.6483 0.0009 0.0009
29.6665 0.0009 0.0009
29.6847 0.0008 0.0009
29.7029 0.0008 0.0009
29.7211 0.0008 0.0008
29.7393 0.0008 0.0008
29.7575 0.0008 0.0008
29.7757 0.0008 0.0008
29.7938 0.0008 0.0008
29.8120 0.0008 0.0008
29.8302 0.0008 0.0008
29.8484 0.0008 0.0008
29.8666 0.0008 0.0008
29.8848 0.0008 0.0008
29.9030 0.0008 0.0008
29.9212 0.0008 0.0008
29.9394 0.0008 0.0008
29.9576 0.0008 0.0008
29.9757 0.0008 0.0008
29.9939 0.0008 0.0008
30.0121 0.0008 0.0008
30.0303 0.0008 0.0008
30.0485 0.0008 0.0008
30.0667 0.0008 0.0008
30.0849 0.0008 0.0008
30.1031 0.0008 0.0008
30.1213 0.0008 0.0008
30.1394 0.0008 0.0008
30.1576 0.0008 0.0008
30.1758 0.0008 0.0008
30.1940 0.0008 0.0008
30.2122 0.0008 0.0008
30.2304 0.0008 0.0008
30.2486 0.0008 0.0008
30.2668 0.0008 0.0008
30.2850 0.0008 0.0008
30.3031 0.0008 0.0008
30.3213 0.0007 0.0007
30.3395 0.0007 0.0007
30.3577 0.0007 0.0007
30.3759 0.0007 0.0007
30.3941 0.0007 0.0007
30.4123 0.0007 0.0007
30.4305 0.0007 0.0007
30.4487 0.0007 0.0007
30.4668 0.0007 0.0007
30.4850 0.0007 0.0007
30.5032 0.0007 0.0007
30.5214 0.0007 0.0007
30.5396 0.0007 0.0007
30.5578 0.0007 0.0007
30.5760 0.0007 0.0007
30.5942 0.0007 0.0007
30.6124 0.0007 0.0007
30.6306 0.0007 0.0007
30.6487 0.0007 0.0007
30.6669 0.0007 0.0007
30.6851 0.0007 0.0007
30.7033 0.0007 0.0007
30.7215 0.0007 0.0007
30.7397 0.0007 0.0007
30.7579 0.0007 0.0007
30.7761 0.0007 0.0007
30.7943 0.0007 0.0007
30.8124 0.0007 0.0007
30.8306 0.0007 0.0007
30.8488 0.0007 0.0007
30.8670 0.0007 0.0007
30.8852 0.0007 0.0007
30.9034 0.0007 0.0007
30.9216 0.0007 0.0007
30.9398 0.0007 0.0007
30.9580 0.0007 0.0007
30.9761 0.0007 0.0007
30.9943 0.0007 0.0007
31.0125 0.0007 0.0007
31.0307 0.0007 0.0007
31.0489 0.0007 0.0007
31.0671 0.0007 0.0007
31.0853 0.0007 0.0007
31.1035 0.0007 0.0007
31.1217 0.0007 0.0007
31.1398 0.0007 0.0007
31.1580 0.0007 0.0007
31.1762 0.0007 0.0007
31.1944 0.0007 0.0007
31.2126 0.0007 0.0007
31.2308 0.0007 0.0007
31.2490 0.0007 0.0007
31.2672 0.0007 0.0007
31.2854 0.0007 0.0007
31.3035 0.0007 0.0007
31.3217 0.0007 0.0007
31.3399 0.0007 0.0007
31.3581 0.0006 0.0007
31.3763 0.0006 0.0007
31.3945 0.0006 0.0006
31.4127 0.0006 0.0006
31.4309 0.0006 0.0006
31.4491 0.0006 0.0006
31.4673 0.0006 0.0006
31.4854 0.0006 0.0006
31.5036 0.0006 0.0006
31.5218 0.0006 0.0006
31.5400 0.0006 0.0006
31.5582 0.0006 0.0006
31.5764 0.0006 0.0006
31.5946 0.0006 0.0006
31.6128 0.0006 0.0006
31.6310 0.0006 0.0006
31.6491 0.0006 0.0006
31.6673 0.0006 0.0006
31.6855 0.0006 0.0006
31.7037 0.0006 0.0006
31.7219 0.0006 0.0006
31.7401 0.0006 0.0006
31.7583 0.0006 0.0006
31.7765 0.0006 0.0006
31.7947 0.0006 0.0006
31.8128 0.0006 0.0006
31.8310 0.0006 0.0006
31.8492 0.0006 0.0006
31.8674 0.0006 0.0006
31.8856 0.0006 0.0006
31.9038 0.0006 0.0006
31.9220 0.0006 0.0006
31.9402 0.0006 0.0006
31.9584 0.0006 0.0006
31.9765 0.0006 0.0006
31.9947 0.0006 0.0006
32.0129 0.0006 0.0006
32.0311 0.0006 0.0006
32.0493 0.0006 0.0006
32.0675 0.0006 0.0006
32.0857 0.0006 0.0006
32.1039 0.0006 0.0006
32.1221 0.0006 0.0006
32.1403 0.0006 0.0006
32.1584 0.0006 0.0006
32.1766 0.0006 0.0006
32.1948 0.0006 0.0006
32.2130 0.0006 0.0006
32.2312 0.0006 0.0006
32.2494 0.0006 0.0006
32.2676 0.0006 0.0006
32.2858 0.0006 0.0006
32.3040 0.0006 0.0006
32.3221 0.0006 0.0006
32.3403 0.0006 0.0006
32.3585 0.0006 0.0006
32.3767 0.0006 0.0006
32.3949 0.0006 0.0006
32.4131 0.0006 0.0006
32.4313 0.0006 0.0006
32.4495 0.0006 0.0006
32.4677 0.0006 0.0006
32.4858 0.0006 0.0006
32.5040 0.0006 0.0006
32.5222 0.0006 0.0006
32.5404 0.0006 0.0006
32.5586 0.0006 0.0006
32.5768 0.0006 0.0006
32.5950 0.0006 0.0006
32.6132 0.0006 0.0006
32.6314 0.0006 0.0006
32.6495 0.0006 0.0006
32.6677 0.0006 0.0006
32.6859 0.0006 0.0006
32.7041 0.0006 0.0006
32.7223 0.0006 0.0006
32.7405 0.0006 0.0006
32.7587 0.0006 0.0006
32.7769 0.0006 0.0006
32.7951 0.0005 0.0006
32.8133 0.0005 0.0005
32.8314 0.0005 0.0005
32.8496 0.0005 0.0005
32.8678 0.0005 0.0005
32.8860 0.0005 0.0005
32.9042 0.0005 0.0005
32.9224 0.0005 0.0005
32.9406 0.0005 0.0005
32.9588 0.0005 0.0005
32.9770 0.0005 0.0005
32.9951 0.0005 0.0005
33.0133 0.0005 0.0005
33.0315 0.0005 0.0005
33.0497 0.0005 0.0005
33.0679 0.0005 0.0005
33.0861 0.0005 0.0005
33.1043 0.0005 0.0005
33.1225 0.0005 0.0005
33.1407 0.0005 0.0005
33.1588 0.0005 0.0005
33.1770 0.0005 0.0005
33.1952 0.0005 0.0005
33.2134 0.0005 0.0005
33.2316 0.0005 0.0005
33.2498 0.0005 0.0005
33.2680 0.0005 0.0005
33.2862 0.0005 0.0005
33.3044 0.0005 0.0005
33.3225 0.0005 0.0005
33.3407 0.0005 0.0005
33.3589 0.0005 0.0005
33.3771 0.0005 0.0005
33.3953 0.0005 0.0005
33.4135 0.0005 0.0005
33.4317 0.0005 0.0005
33.4499 0.0005 0.0005
33.4681 0.0005 0.0005
33.4862 0.0005 0.0005
33.5044 0.0005 0.0005
33.5226 0.0005 0.0005
33.5408 0.0005 0.0005
33.5590 0.0005 0.0005
33.5772 0.0005 0.0005
33.5954 0.0005 0.0005
33.6136 0.0005 0.0005
33.6318 0.0005 0.0005
33.6500 0.0005 0.0005
33.6681 0.0005 0.0005
33.6863 0.0005 0.0005
33.7045 0.0005 0.0005
33.7227 0.0005 0.0005
33.7409 0.0005 0.0005
33.7591 0.0005 0.0005
33.7773 0.0005 0.0005
33.7955 0.0005 0.0005
33.8137 0.0005 0.0005
33.8318 0.0005 0.0005
33.8500 0.0005 0.0005
33.8682 0.0005 0.0005
33.8864 0.0005 0.0005
33.9046 0.0005 0.0005
33.9228 0.0005 0.0005
33.9410 0.0005 0.0005
33.9592 0.0005 0.0005
33.9774 0.0005 0.0005
33.9955 0.0005 0.0005
34.0137 0.0005 0.0005
34.0319 0.0005 0.0005
34.0501 0.0005 0.0005
34.0683 0.0005 0.0005
34.0865 0.0005 0.0005
34.1047 0.0005 0.0005
34.1229 0.0005 0.0005
34.1411 0.0005 0.0005
34.1592 0.0005 0.0005
34.1774 0.0005 0.0005
34.1956 0.0005 0.0005
34.2138 0.0005 0.0005
34.2320 0.0005 0.0005
34.2502 0.0005 0.0005
34.2684 0.0005 0.0005
34.2866 0.0005 0.0005
34.3048 0.0005 0.0005
34.3230 0.0005 0.0005
34.3411 0.0005 0.0005
34.3593 0.0005 0.0005
34.3775 0.0005 0.0005
34.3957 0.0005 0.0005
34.4139 0.0005 0.0005
34.4321 0.0005 0.0005
34.4503 0.0005 0.0005
34.4685 0.0005 0.0005
34.4867 0.0005 0.0005
34.5048 0.0005 0.0005
34.5230 0.0005 0.0005
34.5412 0.0005 0.0005
34.5594 0.0005 0.0005
34.5776 0.0005 0.0005
34.5958 0.0005 0.0005
34.6140 0.0005 0.0005
34.6322 0.0005 0.0005
34.6504 0.0005 0.0005
34.6685 0.0004 0.0005
34.6867 0.0004 0.0004
34.7049 0.0004 0.0004
34.7231 0.0004 0.0004
34.7413 0.0004 0.0004
34.7595 0.0004 0.0004
34.7777 0.0004 0.0004
34.7959 0.0004 0.0004
34.8141 0.0004 0.0004
34.8322 0.0004 0.0004
34.8504 0.0004 0.0004
34.8686 0.0004 0.0004
34.8868 0.0004 0.0004
34.9050 0.0004 0.0004
34.9232 0.0004 0.0004
34.9414 0.0004 0.0004
34.9596 0.0004 0.0004
34.9778 0.0004 0.0004
34.9959 0.0004 0.0004
35.0141 0.0004 0.0004
35.0323 0.0004 0.0004
35.0505 0.0004 0.0004
35.0687 0.0004 0.0004
35.0869 0.0004 0.0004
35.1051 0.0004 0.0004
35.1233 0.0004 0.0004
35.1415 0.0004 0.0004
35.1597 0.0004 0.0004
35.1778 0.0004 0.0004
35.1960 0.0004 0.0004
35.2142 0.0004 0.0004
35.2324 0.0004 0.0004
35.2506 0.0004 0.0004
35.2688 0.0004 0.0004
35.2870 0.0004 0.0004
35.3052 0.0004 0.0004
35.3234 0.0004 0.0004
35.3415 0.0004 0.0004
35.3597 0.0004 0.0004
35.3779 0.0004 0.0004
35.3961 0.0004 0.0004
35.4143 0.0004 0.0004
35.4325 0.0004 0.0004
35.4507 0.0004 0.0004
35.4689 0.0004 0.0004
35.4871 0.0004 0.0004
35.5052 0.0004 0.0004
35.5234 0.0004 0.0004
35.5416 0.0004 0.0004
35.5598 0.0004 0.0004
35.5780 0.0004 0.0004
35.5962 0.0004 0.0004
35.6144 0.0004 0.0004
35.6326 0.0004 0.0004
35.6508 0.0004 0.0004
35.6689 0.0004 0.0004
35.6871 0.0004 0.0004
35.7053 0.0004 0.0004
35.7235 0.0004 0.0004
35.7417 0.0004 0.0004
35.7599 0.0004 0.0004
35.7781 0.0004 0.0004
35.7963 0.0004 0.0004
35.8145 0.0004 0.0004
35.8327 0.0004 0.0004
35.8508 0.0004 0.0004
35.8690 0.0004 0.0004
35.8872 0.0004 0.0004
35.9054 0.0004 0.0004
35.9236 0.0004 0.0004
35.9418 0.0004 0.0004
35.9600 0.0004 0.0004
35.9782 0.0004 0.0004
35.9964 0.0004 0.0004
36.0145 0.0004 0.0004
36.0327 0.0004 0.0004
36.0509 0.0004 0.0004
36.0691 0.0004 0.0004
36.0873 0.0004 0.0004
36.1055 0.0004 0.0004
36.1237 0.0004 0.0004
36.1419 0.0004 0.0004
36.1601 0.0004 0.0004
36.1782 0.0004 0.0004
36.1964 0.0004 0.0004
36.2146 0.0004 0.0004
36.2328 0.0004 0.0004
36.2510 0.0004 0.0004
36.2692 0.0004 0.0004
36.2874 0.0004 0.0004
36.3056 0.0004 0.0004
36.3238 0.0004 0.0004
36.3419 0.0004 0.0004
36.3601 0.0004 0.0004
  
  
  
  
  
dim="1">gridpoints</dimension>  
  
  
  
  
  
  
  
  
0.0000 236.4925 297.1029
0.0182 236.4925 297.1029
0.0364 118.2801 148.4678
0.0546 78.8932 98.8904
0.0728 59.2149 74.0826
0.0909 47.4223 59.1881
0.1091 39.5748 49.2557
0.1273 33.9835 42.1642
0.1455 29.8040 36.8532
0.1637 26.5667 32.7334
0.1819 23.9896 29.4513
0.2001 21.8929 26.7815
0.2183 20.1559 24.5733
0.2365 18.6948 22.7219
0.2546 17.4491 21.1519
0.2728 16.3741 19.8073
0.2910 15.4357 18.6459
0.3092 14.6076 17.6346
0.3274 13.8693 16.7475
0.3456 13.2044 15.9638
0.3638 12.5999 15.2666
0.3820 12.0457 14.6420
0.4002 11.5336 14.0789
0.4184 11.0576 13.5677
0.4365 10.6128 13.1008
0.4547 10.1959 12.6720
0.4729 9.8046 12.2760
0.4911 9.4375 11.9084
0.5093 9.0938 11.5657
0.5275 8.7731 11.2450
0.5457 8.4754 10.9438
0.5639 8.2008 10.6597
0.5821 7.9493 10.3911
0.6002 7.7210 10.1361
0.6184 7.5156 9.8933
0.6366 7.3326 9.6612
0.6548 7.1712 9.4386
0.6730 7.0302 9.2245
0.6912 6.9084 9.0179
0.7094 6.8043 8.8181
0.7276 6.7160 8.6246
0.7458 6.6417 8.4370
0.7639 6.5798 8.2553
0.7821 6.5285 8.0796
0.8003 6.4860 7.9101
0.8185 6.4512 7.7473
0.8367 6.4226 7.5919
0.8549 6.3995 7.4445
0.8731 6.3810 7.3058
0.8913 6.3665 7.1766
0.9095 6.3559 7.0574
0.9276 6.3488 6.9488
0.9458 6.3450 6.8512
0.9640 6.3446 6.7647
0.9822 6.3472 6.6890
1.0004 6.3525 6.6239
1.0186 6.3602 6.5684
1.0368 6.3696 6.5216
1.0550 6.3799 6.4820
1.0732 6.3899 6.4479
1.0913 6.3986 6.4176
1.1095 6.4045 6.3889
1.1277 6.4062 6.3598
1.1459 6.4022 6.3282
1.1641 6.3910 6.2925
1.1823 6.3714 6.2509
1.2005 6.3422 6.2023
1.2187 6.3025 6.1458
1.2369 6.2516 6.0811
1.2551 6.1892 6.0084
1.2732 6.1154 5.9282
1.2914 6.0304 5.8415
1.3096 5.9351 5.7496
1.3278 5.8303 5.6540
1.3460 5.7172 5.5564
1.3642 5.5973 5.4585
1.3824 5.4722 5.3618
1.4006 5.3434 5.2677
1.4188 5.2126 5.1775
1.4369 5.0814 5.0920
1.4551 4.9513 5.0118
1.4733 4.8238 4.9375
1.4915 4.7000 4.8689
1.5097 4.5811 4.8060
1.5279 4.4680 4.7485
1.5461 4.3613 4.6959
1.5643 4.2617 4.6476
1.5825 4.1694 4.6030
1.6006 4.0845 4.5615
1.6188 4.0070 4.5226
1.6370 3.9369 4.4857
1.6552 3.8737 4.4503
1.6734 3.8170 4.4161
1.6916 3.7664 4.3827
1.7098 3.7213 4.3500
1.7280 3.6811 4.3178
1.7462 3.6452 4.2860
1.7643 3.6131 4.2545
1.7825 3.5842 4.2235
1.8007 3.5579 4.1930
1.8189 3.5339 4.1631
1.8371 3.5119 4.1339
1.8553 3.4913 4.1056
1.8735 3.4722 4.0783
1.8917 3.4542 4.0522
1.9099 3.4372 4.0274
1.9281 3.4212 4.0041
1.9462 3.4061 3.9824
1.9644 3.3918 3.9626
1.9826 3.3783 3.9446
2.0008 3.3656 3.9287
2.0190 3.3538 3.9149
2.0372 3.3427 3.9032
2.0554 3.3324 3.8938
2.0736 3.3230 3.8865
2.0918 3.3143 3.8813
2.1099 3.3064 3.8782
2.1281 3.2994 3.8769
2.1463 3.2932 3.8774
2.1645 3.2878 3.8793
2.1827 3.2834 3.8825
2.2009 3.2798 3.8867
2.2191 3.2771 3.8917
2.2373 3.2754 3.8972
2.2555 3.2746 3.9030
2.2736 3.2746 3.9088
2.2918 3.2755 3.9145
2.3100 3.2773 3.9198
2.3282 3.2797 3.9246
2.3464 3.2828 3.9288
2.3646 3.2864 3.9324
2.3828 3.2904 3.9351
2.4010 3.2946 3.9371
2.4192 3.2987 3.9381
2.4373 3.3027 3.9383
2.4555 3.3063 3.9374
2.4737 3.3092 3.9355
2.4919 3.3114 3.9323
2.5101 3.3126 3.9278
2.5283 3.3126 3.9217
2.5465 3.3114 3.9137
2.5647 3.3088 3.9036
2.5829 3.3047 3.8911
2.6011 3.2992 3.8759
2.6192 3.2922 3.8578
2.6374 3.2839 3.8365
2.6556 3.2743 3.8119
2.6738 3.2635 3.7839
2.6920 3.2517 3.7526
2.7102 3.2391 3.7179
2.7284 3.2259 3.6803
2.7466 3.2123 3.6400
2.7648 3.1985 3.5976
2.7829 3.1849 3.5535
2.8011 3.1717 3.5084
2.8193 3.1591 3.4629
2.8375 3.1474 3.4177
2.8557 3.1368 3.3735
2.8739 3.1275 3.3308
2.8921 3.1196 3.2902
2.9103 3.1133 3.2521
2.9285 3.1086 3.2168
2.9466 3.1056 3.1846
2.9648 3.1041 3.1554
2.9830 3.1040 3.1293
3.0012 3.1051 3.1062
3.0194 3.1073 3.0858
3.0376 3.1102 3.0679
3.0558 3.1135 3.0522
3.0740 3.1170 3.0382
3.0922 3.1202 3.0257
3.1103 3.1229 3.0143
3.1285 3.1248 3.0038
3.1467 3.1258 2.9940
3.1649 3.1257 2.9848
3.1831 3.1244 2.9760
3.2013 3.1219 2.9678
3.2195 3.1183 2.9602
3.2377 3.1138 2.9534
3.2559 3.1085 2.9477
3.2740 3.1028 2.9433
3.2922 3.0967 2.9405
3.3104 3.0907 2.9397
3.3286 3.0850 2.9411
3.3468 3.0799 2.9450
3.3650 3.0756 2.9516
3.3832 3.0722 2.9610
3.4014 3.0700 2.9731
3.4196 3.0690 2.9880
3.4378 3.0693 3.0054
3.4559 3.0709 3.0251
3.4741 3.0739 3.0467
3.4923 3.0782 3.0697
3.5105 3.0838 3.0936
3.5287 3.0907 3.1179
3.5469 3.0987 3.1419
3.5651 3.1080 3.1652
3.5833 3.1184 3.1872
3.6015 3.1299 3.2073
3.6196 3.1427 3.2252
3.6378 3.1567 3.2406
3.6560 3.1720 3.2531
3.6742 3.1885 3.2626
3.6924 3.2065 3.2690
3.7106 3.2259 3.2724
3.7288 3.2468 3.2728
3.7470 3.2693 3.2704
3.7652 3.2934 3.2654
3.7833 3.3191 3.2581
3.8015 3.3466 3.2487
3.8197 3.3756 3.2375
3.8379 3.4063 3.2248
3.8561 3.4386 3.2108
3.8743 3.4722 3.1959
3.8925 3.5071 3.1802
3.9107 3.5429 3.1639
3.9289 3.5793 3.1472
3.9470 3.6160 3.1303
3.9652 3.6524 3.1132
3.9834 3.6880 3.0960
4.0016 3.7221 3.0789
4.0198 3.7540 3.0618
4.0380 3.7832 3.0447
4.0562 3.8087 3.0278
4.0744 3.8300 3.0109
4.0926 3.8463 2.9940
4.1108 3.8571 2.9771
4.1289 3.8617 2.9601
4.1471 3.8598 2.9429
4.1653 3.8509 2.9254
4.1835 3.8349 2.9075
4.2017 3.8118 2.8890
4.2199 3.7813 2.8699
4.2381 3.7438 2.8500
4.2563 3.6994 2.8293
4.2745 3.6485 2.8076
4.2926 3.5914 2.7848
4.3108 3.5287 2.7610
4.3290 3.4608 2.7361
4.3472 3.3885 2.7101
4.3654 3.3123 2.6830
4.3836 3.2329 2.6549
4.4018 3.1511 2.6259
4.4200 3.0677 2.5961
4.4382 2.9834 2.5655
4.4563 2.8989 2.5343
4.4745 2.8150 2.5026
4.4927 2.7325 2.4705
4.5109 2.6519 2.4380
4.5291 2.5738 2.4052
4.5473 2.4987 2.3723
4.5655 2.4272 2.3392
4.5837 2.3594 2.3061
4.6019 2.2956 2.2728
4.6200 2.2359 2.2396
4.6382 2.1804 2.2063
4.6564 2.1291 2.1730
4.6746 2.0817 2.1396
4.6928 2.0380 2.1062
4.7110 1.9979 2.0727
4.7292 1.9610 2.0392
4.7474 1.9269 2.0056
4.7656 1.8952 1.9719
4.7837 1.8656 1.9381
4.8019 1.8377 1.9041
4.8201 1.8110 1.8701
4.8383 1.7853 1.8360
4.8565 1.7601 1.8019
4.8747 1.7352 1.7677
4.8929 1.7103 1.7335
4.9111 1.6852 1.6994
4.9293 1.6597 1.6655
4.9475 1.6338 1.6317
4.9656 1.6073 1.5983
4.9838 1.5801 1.5652
5.0020 1.5524 1.5326
5.0202 1.5240 1.5006
5.0384 1.4952 1.4691
5.0566 1.4658 1.4384
5.0748 1.4361 1.4084
5.0930 1.4061 1.3791
5.1112 1.3760 1.3507
5.1293 1.3458 1.3231
5.1475 1.3158 1.2964
5.1657 1.2859 1.2704
5.1839 1.2565 1.2453
5.2021 1.2275 1.2211
5.2203 1.1992 1.1976
5.2385 1.1718 1.1750
5.2567 1.1452 1.1531
5.2749 1.1198 1.1321
5.2930 1.0955 1.1119
5.3112 1.0725 1.0924
5.3294 1.0508 1.0738
5.3476 1.0304 1.0559
5.3658 1.0115 1.0388
5.3840 0.9940 1.0225
5.4022 0.9777 1.0069
5.4204 0.9628 0.9920
5.4386 0.9491 0.9777
5.4567 0.9364 0.9641
5.4749 0.9248 0.9510
5.4931 0.9140 0.9385
5.5113 0.9040 0.9264
5.5295 0.8946 0.9147
5.5477 0.8858 0.9034
5.5659 0.8773 0.8924
5.5841 0.8692 0.8816
5.6023 0.8614 0.8710
5.6205 0.8538 0.8606
5.6386 0.8463 0.8503
5.6568 0.8390 0.8402
5.6750 0.8319 0.8301
5.6932 0.8248 0.8200
5.7114 0.8179 0.8101
5.7296 0.8112 0.8002
5.7478 0.8046 0.7903
5.7660 0.7982 0.7806
5.7842 0.7920 0.7710
5.8023 0.7859 0.7615
5.8205 0.7800 0.7521
5.8387 0.7742 0.7429
5.8569 0.7684 0.7339
5.8751 0.7627 0.7252
5.8933 0.7570 0.7166
5.9115 0.7512 0.7083
5.9297 0.7453 0.7003
5.9479 0.7392 0.6926
5.9660 0.7329 0.6851
5.9842 0.7262 0.6780
6.0024 0.7192 0.6711
6.0206 0.7118 0.6646
6.0388 0.7040 0.6585
6.0570 0.6958 0.6527
6.0752 0.6872 0.6472
6.0934 0.6782 0.6421
6.1116 0.6688 0.6374
6.1297 0.6591 0.6330
6.1479 0.6491 0.6290
6.1661 0.6390 0.6254
6.1843 0.6286 0.6221
6.2025 0.6182 0.6191
6.2207 0.6078 0.6164
6.2389 0.5974 0.6138
6.2571 0.5872 0.6114
6.2753 0.5772 0.6090
6.2935 0.5675 0.6067
6.3116 0.5581 0.6042
6.3298 0.5491 0.6015
6.3480 0.5405 0.5985
6.3662 0.5323 0.5952
6.3844 0.5246 0.5915
6.4026 0.5173 0.5872
6.4208 0.5105 0.5825
6.4390 0.5042 0.5772
6.4572 0.4983 0.5713
6.4753 0.4928 0.5649
6.4935 0.4878 0.5580
6.5117 0.4832 0.5506
6.5299 0.4790 0.5428
6.5481 0.4752 0.5347
6.5663 0.4718 0.5263
6.5845 0.4688 0.5177
6.6027 0.4661 0.5089
6.6209 0.4638 0.5002
6.6390 0.4618 0.4914
6.6572 0.4602 0.4828
6.6754 0.4588 0.4743
6.6936 0.4577 0.4660
6.7118 0.4568 0.4579
6.7300 0.4562 0.4502
6.7482 0.4558 0.4428
6.7664 0.4555 0.4357
6.7846 0.4553 0.4289
6.8027 0.4553 0.4225
6.8209 0.4554 0.4165
6.8391 0.4555 0.4108
6.8573 0.4557 0.4054
6.8755 0.4559 0.4003
6.8937 0.4562 0.3954
6.9119 0.4564 0.3908
6.9301 0.4565 0.3864
6.9483 0.4566 0.3822
6.9664 0.4566 0.3782
6.9846 0.4565 0.3743
7.0028 0.4563 0.3705
7.0210 0.4558 0.3669
7.0392 0.4552 0.3633
7.0574 0.4543 0.3598
7.0756 0.4531 0.3564
7.0938 0.4516 0.3531
7.1120 0.4497 0.3499
7.1302 0.4475 0.3468
7.1483 0.4449 0.3438
7.1665 0.4419 0.3409
7.1847 0.4385 0.3381
7.2029 0.4347 0.3355
7.2211 0.4305 0.3330
7.2393 0.4259 0.3307
7.2575 0.4210 0.3285
7.2757 0.4159 0.3264
7.2939 0.4104 0.3245
7.3120 0.4048 0.3227
7.3302 0.3990 0.3210
7.3484 0.3931 0.3194
7.3666 0.3872 0.3179
7.3848 0.3812 0.3165
7.4030 0.3753 0.3150
7.4212 0.3695 0.3136
7.4394 0.3637 0.3122
7.4576 0.3581 0.3107
7.4757 0.3527 0.3091
7.4939 0.3474 0.3075
7.5121 0.3423 0.3057
7.5303 0.3374 0.3039
7.5485 0.3327 0.3019
7.5667 0.3283 0.2998
7.5849 0.3241 0.2977
7.6031 0.3201 0.2954
7.6213 0.3164 0.2930
7.6394 0.3130 0.2906
7.6576 0.3098 0.2882
7.6758 0.3069 0.2857
7.6940 0.3042 0.2832
7.7122 0.3018 0.2808
7.7304 0.2996 0.2784
7.7486 0.2976 0.2761
7.7668 0.2958 0.2738
7.7850 0.2942 0.2716
7.8032 0.2928 0.2695
7.8213 0.2915 0.2675
7.8395 0.2903 0.2656
7.8577 0.2893 0.2639
7.8759 0.2883 0.2622
7.8941 0.2873 0.2607
7.9123 0.2865 0.2592
7.9305 0.2857 0.2580
7.9487 0.2850 0.2568
7.9669 0.2843 0.2558
7.9850 0.2837 0.2549
8.0032 0.2831 0.2541
8.0214 0.2827 0.2535
8.0396 0.2823 0.2531
8.0578 0.2819 0.2528
8.0760 0.2817 0.2526
8.0942 0.2815 0.2526
8.1124 0.2814 0.2527
8.1306 0.2813 0.2529
8.1487 0.2812 0.2532
8.1669 0.2812 0.2536
8.1851 0.2811 0.2540
8.2033 0.2810 0.2544
8.2215 0.2810 0.2548
8.2397 0.2808 0.2551
8.2579 0.2806 0.2553
8.2761 0.2804 0.2555
8.2943 0.2801 0.2555
8.3124 0.2798 0.2554
8.3306 0.2794 0.2551
8.3488 0.2790 0.2547
8.3670 0.2785 0.2542
8.3852 0.2780 0.2535
8.4034 0.2775 0.2527
8.4216 0.2770 0.2518
8.4398 0.2764 0.2509
8.4580 0.2759 0.2499
8.4762 0.2754 0.2490
8.4943 0.2749 0.2480
8.5125 0.2745 0.2472
8.5307 0.2741 0.2464
8.5489 0.2738 0.2457
8.5671 0.2737 0.2451
8.5853 0.2736 0.2446
8.6035 0.2737 0.2443
8.6217 0.2738 0.2441
8.6399 0.2741 0.2439
8.6580 0.2746 0.2439
8.6762 0.2751 0.2440
8.6944 0.2757 0.2441
8.7126 0.2764 0.2442
8.7308 0.2772 0.2444
8.7490 0.2780 0.2445
8.7672 0.2787 0.2446
8.7854 0.2795 0.2446
8.8036 0.2802 0.2445
8.8217 0.2808 0.2443
8.8399 0.2812 0.2439
8.8581 0.2816 0.2435
8.8763 0.2818 0.2429
8.8945 0.2819 0.2422
8.9127 0.2818 0.2413
8.9309 0.2816 0.2404
8.9491 0.2812 0.2393
8.9673 0.2806 0.2382
8.9854 0.2799 0.2370
9.0036 0.2791 0.2357
9.0218 0.2782 0.2344
9.0400 0.2771 0.2332
9.0582 0.2759 0.2320
9.0764 0.2747 0.2308
9.0946 0.2734 0.2297
9.1128 0.2720 0.2286
9.1310 0.2705 0.2277
9.1491 0.2690 0.2269
9.1673 0.2675 0.2261
9.1855 0.2659 0.2255
9.2037 0.2643 0.2250
9.2219 0.2626 0.2245
9.2401 0.2609 0.2242
9.2583 0.2593 0.2239
9.2765 0.2576 0.2236
9.2947 0.2558 0.2234
9.3129 0.2541 0.2231
9.3310 0.2524 0.2229
9.3492 0.2507 0.2226
9.3674 0.2490 0.2222
9.3856 0.2474 0.2218
9.4038 0.2458 0.2213
9.4220 0.2442 0.2207
9.4402 0.2427 0.2201
9.4584 0.2412 0.2194
9.4766 0.2399 0.2185
9.4947 0.2387 0.2176
9.5129 0.2376 0.2167
9.5311 0.2366 0.2157
9.5493 0.2357 0.2147
9.5675 0.2350 0.2136
9.5857 0.2345 0.2125
9.6039 0.2340 0.2115
9.6221 0.2337 0.2105
9.6403 0.2336 0.2095
9.6584 0.2335 0.2086
9.6766 0.2336 0.2077
9.6948 0.2337 0.2070
9.7130 0.2338 0.2063
9.7312 0.2340 0.2057
9.7494 0.2342 0.2051
9.7676 0.2344 0.2047
9.7858 0.2346 0.2044
9.8040 0.2347 0.2041
9.8221 0.2347 0.2039
9.8403 0.2346 0.2039
9.8585 0.2344 0.2039
9.8767 0.2341 0.2039
9.8949 0.2337 0.2041
9.9131 0.2332 0.2043
9.9313 0.2326 0.2046
9.9495 0.2319 0.2049
9.9677 0.2310 0.2053
9.9859 0.2301 0.2057
10.0040 0.2292 0.2062
10.0222 0.2282 0.2066
10.0404 0.2271 0.2072
10.0586 0.2261 0.2077
10.0768 0.2251 0.2083
10.0950 0.2240 0.2089
10.1132 0.2231 0.2095
10.1314 0.2221 0.2102
10.1496 0.2213 0.2109
10.1677 0.2205 0.2116
10.1859 0.2198 0.2124
10.2041 0.2192 0.2133
10.2223 0.2186 0.2143
10.2405 0.2182 0.2154
10.2587 0.2178 0.2166
10.2769 0.2175 0.2179
10.2951 0.2174 0.2194
10.3133 0.2173 0.2210
10.3314 0.2173 0.2227
10.3496 0.2174 0.2246
10.3678 0.2176 0.2266
10.3860 0.2179 0.2287
10.4042 0.2183 0.2310
10.4224 0.2188 0.2334
10.4406 0.2194 0.2359
10.4588 0.2201 0.2384
10.4770 0.2209 0.2411
10.4951 0.2218 0.2438
10.5133 0.2228 0.2465
10.5315 0.2239 0.2493
10.5497 0.2251 0.2521
10.5679 0.2264 0.2550
10.5861 0.2278 0.2578
10.6043 0.2293 0.2607
10.6225 0.2309 0.2636
10.6407 0.2326 0.2664
10.6588 0.2343 0.2693
10.6770 0.2362 0.2723
10.6952 0.2381 0.2752
10.7134 0.2401 0.2782
10.7316 0.2421 0.2813
10.7498 0.2442 0.2844
10.7680 0.2463 0.2876
10.7862 0.2485 0.2909
10.8044 0.2507 0.2942
10.8226 0.2528 0.2977
10.8407 0.2550 0.3012
10.8589 0.2572 0.3049
10.8771 0.2593 0.3086
10.8953 0.2615 0.3124
10.9135 0.2636 0.3163
10.9317 0.2657 0.3202
10.9499 0.2678 0.3241
10.9681 0.2699 0.3281
10.9863 0.2719 0.3321
11.0044 0.2740 0.3361
11.0226 0.2760 0.3400
11.0408 0.2781 0.3439
11.0590 0.2801 0.3477
11.0772 0.2822 0.3514
11.0954 0.2843 0.3551
11.1136 0.2865 0.3586
11.1318 0.2887 0.3621
11.1500 0.2910 0.3655
11.1681 0.2934 0.3687
11.1863 0.2959 0.3719
11.2045 0.2984 0.3750
11.2227 0.3010 0.3781
11.2409 0.3038 0.3811
11.2591 0.3067 0.3841
11.2773 0.3097 0.3870
11.2955 0.3128 0.3899
11.3137 0.3161 0.3929
11.3318 0.3195 0.3959
11.3500 0.3230 0.3989
11.3682 0.3267 0.4020
11.3864 0.3305 0.4051
11.4046 0.3344 0.4083
11.4228 0.3385 0.4116
11.4410 0.3426 0.4151
11.4592 0.3469 0.4186
11.4774 0.3514 0.4223
11.4956 0.3559 0.4261
11.5137 0.3605 0.4300
11.5319 0.3652 0.4341
11.5501 0.3700 0.4384
11.5683 0.3749 0.4427
11.5865 0.3799 0.4472
11.6047 0.3849 0.4518
11.6229 0.3899 0.4565
11.6411 0.3950 0.4613
11.6593 0.4001 0.4661
11.6774 0.4053 0.4710
11.6956 0.4104 0.4759
11.7138 0.4155 0.4807
11.7320 0.4206 0.4856
11.7502 0.4257 0.4904
11.7684 0.4307 0.4951
11.7866 0.4357 0.4997
11.8048 0.4407 0.5042
11.8230 0.4456 0.5086
11.8411 0.4504 0.5128
11.8593 0.4552 0.5169
11.8775 0.4599 0.5210
11.8957 0.4646 0.5249
11.9139 0.4693 0.5287
11.9321 0.4739 0.5324
11.9503 0.4786 0.5361
11.9685 0.4832 0.5397
11.9867 0.4878 0.5433
12.0048 0.4924 0.5470
12.0230 0.4971 0.5507
12.0412 0.5018 0.5544
12.0594 0.5065 0.5582
12.0776 0.5112 0.5622
12.0958 0.5160 0.5662
12.1140 0.5208 0.5704
12.1322 0.5257 0.5748
12.1504 0.5306 0.5793
12.1686 0.5355 0.5839
12.1867 0.5404 0.5887
12.2049 0.5454 0.5936
12.2231 0.5503 0.5987
12.2413 0.5553 0.6038
12.2595 0.5603 0.6090
12.2777 0.5653 0.6143
12.2959 0.5704 0.6196
12.3141 0.5754 0.6249
12.3323 0.5804 0.6302
12.3504 0.5854 0.6355
12.3686 0.5905 0.6407
12.3868 0.5956 0.6459
12.4050 0.6007 0.6510
12.4232 0.6059 0.6561
12.4414 0.6111 0.6610
12.4596 0.6163 0.6659
12.4778 0.6216 0.6707
12.4960 0.6270 0.6755
12.5141 0.6325 0.6803
12.5323 0.6381 0.6850
12.5505 0.6438 0.6897
12.5687 0.6495 0.6944
12.5869 0.6554 0.6992
12.6051 0.6614 0.7040
12.6233 0.6675 0.7089
12.6415 0.6738 0.7139
12.6597 0.6801 0.7190
12.6778 0.6866 0.7242
12.6960 0.6932 0.7296
12.7142 0.6999 0.7351
12.7324 0.7067 0.7407
12.7506 0.7136 0.7465
12.7688 0.7206 0.7525
12.7870 0.7277 0.7585
12.8052 0.7348 0.7648
12.8234 0.7420 0.7711
12.8415 0.7492 0.7775
12.8597 0.7565 0.7840
12.8779 0.7638 0.7906
12.8961 0.7711 0.7972
12.9143 0.7784 0.8039
12.9325 0.7857 0.8106
12.9507 0.7930 0.8174
12.9689 0.8004 0.8241
12.9871 0.8077 0.8309
13.0053 0.8151 0.8377
13.0234 0.8225 0.8445
13.0416 0.8298 0.8514
13.0598 0.8373 0.8583
13.0780 0.8447 0.8653
13.0962 0.8522 0.8723
13.1144 0.8597 0.8795
13.1326 0.8672 0.8868
13.1508 0.8747 0.8942
13.1690 0.8823 0.9017
13.1871 0.8898 0.9093
13.2053 0.8974 0.9171
13.2235 0.9050 0.9250
13.2417 0.9126 0.9331
13.2599 0.9202 0.9412
13.2781 0.9279 0.9495
13.2963 0.9356 0.9579
13.3145 0.9433 0.9663
13.3327 0.9511 0.9749
13.3508 0.9589 0.9835
13.3690 0.9668 0.9921
13.3872 0.9749 1.0008
13.4054 0.9830 1.0095
13.4236 0.9914 1.0182
13.4418 0.9999 1.0269
13.4600 1.0086 1.0355
13.4782 1.0176 1.0440
13.4964 1.0269 1.0524
13.5145 1.0364 1.0607
13.5327 1.0463 1.0689
13.5509 1.0566 1.0769
13.5691 1.0672 1.0846
13.5873 1.0782 1.0922
13.6055 1.0896 1.0994
13.6237 1.1015 1.1064
13.6419 1.1137 1.1131
13.6601 1.1265 1.1195
13.6783 1.1396 1.1256
13.6964 1.1532 1.1313
13.7146 1.1672 1.1367
13.7328 1.1817 1.1418
13.7510 1.1966 1.1466
13.7692 1.2119 1.1512
13.7874 1.2275 1.1555
13.8056 1.2434 1.1596
13.8238 1.2597 1.1635
13.8420 1.2762 1.1673
13.8601 1.2928 1.1710
13.8783 1.3096 1.1746
13.8965 1.3263 1.1781
13.9147 1.3429 1.1815
13.9329 1.3594 1.1848
13.9511 1.3755 1.1879
13.9693 1.3911 1.1908
13.9875 1.4061 1.1934
14.0057 1.4203 1.1957
14.0238 1.4336 1.1976
14.0420 1.4458 1.1989
14.0602 1.4567 1.1997
14.0784 1.4661 1.1998
14.0966 1.4739 1.1991
14.1148 1.4799 1.1976
14.1330 1.4840 1.1952
14.1512 1.4859 1.1919
14.1694 1.4857 1.1876
14.1875 1.4832 1.1823
14.2057 1.4783 1.1760
14.2239 1.4711 1.1686
14.2421 1.4614 1.1603
14.2603 1.4495 1.1510
14.2785 1.4353 1.1407
14.2967 1.4189 1.1296
14.3149 1.4005 1.1176
14.3331 1.3803 1.1048
14.3512 1.3585 1.0913
14.3694 1.3352 1.0772
14.3876 1.3107 1.0626
14.4058 1.2852 1.0475
14.4240 1.2590 1.0321
14.4422 1.2323 1.0165
14.4604 1.2052 1.0007
14.4786 1.1781 0.9850
14.4968 1.1510 0.9693
14.5150 1.1241 0.9538
14.5331 1.0976 0.9386
14.5513 1.0715 0.9238
14.5695 1.0460 0.9094
14.5877 1.0212 0.8954
14.6059 0.9971 0.8821
14.6241 0.9737 0.8692
14.6423 0.9510 0.8570
14.6605 0.9291 0.8454
14.6787 0.9079 0.8344
14.6968 0.8874 0.8241
14.7150 0.8677 0.8143
14.7332 0.8486 0.8051
14.7514 0.8302 0.7966
14.7696 0.8124 0.7886
14.7878 0.7952 0.7811
14.8060 0.7786 0.7741
14.8242 0.7626 0.7677
14.8424 0.7470 0.7616
14.8605 0.7320 0.7560
14.8787 0.7175 0.7507
14.8969 0.7035 0.7458
14.9151 0.6900 0.7411
14.9333 0.6769 0.7366
14.9515 0.6643 0.7324
14.9697 0.6522 0.7282
14.9879 0.6406 0.7240
15.0061 0.6294 0.7199
15.0242 0.6187 0.7157
15.0424 0.6084 0.7115
15.0606 0.5986 0.7071
15.0788 0.5893 0.7026
15.0970 0.5804 0.6980
15.1152 0.5719 0.6931
15.1334 0.5638 0.6881
15.1516 0.5561 0.6828
15.1698 0.5487 0.6773
15.1880 0.5417 0.6717
15.2061 0.5351 0.6658
15.2243 0.5287 0.6597
15.2425 0.5226 0.6535
15.2607 0.5167 0.6471
15.2789 0.5110 0.6405
15.2971 0.5054 0.6337
15.3153 0.5000 0.6268
15.3335 0.4947 0.6196
15.3517 0.4894 0.6123
15.3698 0.4842 0.6048
15.3880 0.4789 0.5971
15.4062 0.4736 0.5892
15.4244 0.4683 0.5811
15.4426 0.4629 0.5728
15.4608 0.4574 0.5643
15.4790 0.4518 0.5555
15.4972 0.4460 0.5466
15.5154 0.4402 0.5374
15.5335 0.4342 0.5281
15.5517 0.4282 0.5186
15.5699 0.4221 0.5089
15.5881 0.4159 0.4991
15.6063 0.4097 0.4893
15.6245 0.4034 0.4793
15.6427 0.3971 0.4693
15.6609 0.3908 0.4593
15.6791 0.3845 0.4493
15.6972 0.3783 0.4393
15.7154 0.3721 0.4294
15.7336 0.3660 0.4196
15.7518 0.3600 0.4099
15.7700 0.3540 0.4003
15.7882 0.3482 0.3909
15.8064 0.3425 0.3816
15.8246 0.3369 0.3726
15.8428 0.3314 0.3638
15.8610 0.3261 0.3551
15.8791 0.3208 0.3467
15.8973 0.3157 0.3386
15.9155 0.3108 0.3307
15.9337 0.3060 0.3230
15.9519 0.3012 0.3156
15.9701 0.2967 0.3085
15.9883 0.2922 0.3015
16.0065 0.2878 0.2949
16.0247 0.2836 0.2884
16.0428 0.2794 0.2822
16.0610 0.2753 0.2763
16.0792 0.2712 0.2705
16.0974 0.2673 0.2649
16.1156 0.2634 0.2596
16.1338 0.2595 0.2544
16.1520 0.2556 0.2494
16.1702 0.2518 0.2446
16.1884 0.2480 0.2399
16.2065 0.2443 0.2354
16.2247 0.2405 0.2311
16.2429 0.2368 0.2268
16.2611 0.2330 0.2227
16.2793 0.2293 0.2187
16.2975 0.2255 0.2148
16.3157 0.2218 0.2110
16.3339 0.2180 0.2073
16.3521 0.2142 0.2037
16.3702 0.2105 0.2002
16.3884 0.2067 0.1967
16.4066 0.2029 0.1933
16.4248 0.1992 0.1899
16.4430 0.1954 0.1866
16.4612 0.1917 0.1833
16.4794 0.1880 0.1801
16.4976 0.1843 0.1769
16.5158 0.1806 0.1738
16.5339 0.1770 0.1707
16.5521 0.1735 0.1677
16.5703 0.1700 0.1647
16.5885 0.1665 0.1617
16.6067 0.1631 0.1589
16.6249 0.1597 0.1561
16.6431 0.1565 0.1533
16.6613 0.1532 0.1506
16.6795 0.1501 0.1480
16.6977 0.1470 0.1455
16.7158 0.1439 0.1430
16.7340 0.1410 0.1406
16.7522 0.1380 0.1382
16.7704 0.1352 0.1359
16.7886 0.1324 0.1336
16.8068 0.1297 0.1315
16.8250 0.1270 0.1293
16.8432 0.1244 0.1272
16.8614 0.1219 0.1251
16.8795 0.1194 0.1231
16.8977 0.1170 0.1211
16.9159 0.1146 0.1191
16.9341 0.1122 0.1172
16.9523 0.1100 0.1153
16.9705 0.1078 0.1133
16.9887 0.1056 0.1114
17.0069 0.1035 0.1095
17.0251 0.1014 0.1076
17.0432 0.0993 0.1058
17.0614 0.0974 0.1039
17.0796 0.0954 0.1021
17.0978 0.0935 0.1002
17.1160 0.0917 0.0984
17.1342 0.0898 0.0966
17.1524 0.0881 0.0948
17.1706 0.0863 0.0930
17.1888 0.0846 0.0913
17.2069 0.0830 0.0896
17.2251 0.0814 0.0879
17.2433 0.0798 0.0862
17.2615 0.0783 0.0845
17.2797 0.0768 0.0829
17.2979 0.0754 0.0813
17.3161 0.0740 0.0797
17.3343 0.0726 0.0782
17.3525 0.0713 0.0766
17.3707 0.0700 0.0751
17.3888 0.0687 0.0737
17.4070 0.0675 0.0722
17.4252 0.0663 0.0708
17.4434 0.0651 0.0694
17.4616 0.0640 0.0680
17.4798 0.0628 0.0666
17.4980 0.0617 0.0653
17.5162 0.0606 0.0639
17.5344 0.0596 0.0626
17.5525 0.0585 0.0613
17.5707 0.0575 0.0601
17.5889 0.0565 0.0589
17.6071 0.0555 0.0576
17.6253 0.0545 0.0565
17.6435 0.0535 0.0553
17.6617 0.0526 0.0542
17.6799 0.0516 0.0531
17.6981 0.0507 0.0520
17.7162 0.0498 0.0510
17.7344 0.0489 0.0500
17.7526 0.0480 0.0490
17.7708 0.0471 0.0481
17.7890 0.0463 0.0472
17.8072 0.0455 0.0463
17.8254 0.0446 0.0454
17.8436 0.0438 0.0446
17.8618 0.0431 0.0438
17.8799 0.0423 0.0430
17.8981 0.0415 0.0423
17.9163 0.0408 0.0415
17.9345 0.0401 0.0408
17.9527 0.0394 0.0402
17.9709 0.0388 0.0395
17.9891 0.0381 0.0388
18.0073 0.0375 0.0382
18.0255 0.0369 0.0376
18.0436 0.0363 0.0370
18.0618 0.0357 0.0364
18.0800 0.0352 0.0358
18.0982 0.0347 0.0353
18.1164 0.0342 0.0347
18.1346 0.0337 0.0342
18.1528 0.0332 0.0336
18.1710 0.0327 0.0331
18.1892 0.0322 0.0326
18.2074 0.0318 0.0321
18.2255 0.0313 0.0317
18.2437 0.0309 0.0312
18.2619 0.0305 0.0307
18.2801 0.0301 0.0303
18.2983 0.0297 0.0299
18.3165 0.0293 0.0294
18.3347 0.0289 0.0290
18.3529 0.0285 0.0286
18.3711 0.0282 0.0282
18.3892 0.0278 0.0278
18.4074 0.0275 0.0274
18.4256 0.0271 0.0271
18.4438 0.0268 0.0267
18.4620 0.0264 0.0263
18.4802 0.0261 0.0260
18.4984 0.0258 0.0257
18.5166 0.0254 0.0253
18.5348 0.0251 0.0250
18.5529 0.0248 0.0247
18.5711 0.0245 0.0244
18.5893 0.0242 0.0241
18.6075 0.0239 0.0238
18.6257 0.0236 0.0235
18.6439 0.0233 0.0232
18.6621 0.0230 0.0230
18.6803 0.0227 0.0227
18.6985 0.0224 0.0225
18.7166 0.0222 0.0222
18.7348 0.0219 0.0220
18.7530 0.0216 0.0218
18.7712 0.0214 0.0216
18.7894 0.0211 0.0214
18.8076 0.0209 0.0212
18.8258 0.0206 0.0210
18.8440 0.0204 0.0208
18.8622 0.0202 0.0206
18.8804 0.0199 0.0204
18.8985 0.0197 0.0203
18.9167 0.0195 0.0201
18.9349 0.0193 0.0199
18.9531 0.0191 0.0197
18.9713 0.0189 0.0196
18.9895 0.0187 0.0194
19.0077 0.0185 0.0192
19.0259 0.0183 0.0191
19.0441 0.0181 0.0189
19.0622 0.0179 0.0187
19.0804 0.0177 0.0185
19.0986 0.0175 0.0183
19.1168 0.0174 0.0182
19.1350 0.0172 0.0180
19.1532 0.0170 0.0178
19.1714 0.0168 0.0176
19.1896 0.0167 0.0174
19.2078 0.0165 0.0172
19.2259 0.0163 0.0171
19.2441 0.0162 0.0169
19.2623 0.0160 0.0167
19.2805 0.0159 0.0165
19.2987 0.0157 0.0163
19.3169 0.0156 0.0161
19.3351 0.0154 0.0160
19.3533 0.0153 0.0158
19.3715 0.0152 0.0156
19.3896 0.0150 0.0154
19.4078 0.0149 0.0153
19.4260 0.0148 0.0151
19.4442 0.0147 0.0149
19.4624 0.0145 0.0148
19.4806 0.0144 0.0146
19.4988 0.0143 0.0144
19.5170 0.0142 0.0143
19.5352 0.0141 0.0141
19.5534 0.0139 0.0140
19.5715 0.0138 0.0139
19.5897 0.0137 0.0137
19.6079 0.0136 0.0136
19.6261 0.0135 0.0135
19.6443 0.0133 0.0133
19.6625 0.0132 0.0132
19.6807 0.0131 0.0131
19.6989 0.0130 0.0130
19.7171 0.0128 0.0128
19.7352 0.0127 0.0127
19.7534 0.0126 0.0126
19.7716 0.0125 0.0125
19.7898 0.0123 0.0124
19.8080 0.0122 0.0123
19.8262 0.0121 0.0121
19.8444 0.0120 0.0120
19.8626 0.0119 0.0119
19.8808 0.0117 0.0118
19.8989 0.0116 0.0117
19.9171 0.0115 0.0116
19.9353 0.0114 0.0115
19.9535 0.0113 0.0114
19.9717 0.0112 0.0113
19.9899 0.0111 0.0112
20.0081 0.0110 0.0111
20.0263 0.0109 0.0110
20.0445 0.0108 0.0109
20.0626 0.0107 0.0109
20.0808 0.0106 0.0108
20.0990 0.0105 0.0107
20.1172 0.0104 0.0106
20.1354 0.0103 0.0105
20.1536 0.0102 0.0105
20.1718 0.0101 0.0104
20.1900 0.0100 0.0103
20.2082 0.0099 0.0102
20.2263 0.0098 0.0102
20.2445 0.0097 0.0101
20.2627 0.0096 0.0100
20.2809 0.0095 0.0099
20.2991 0.0095 0.0098
20.3173 0.0094 0.0098
20.3355 0.0093 0.0097
20.3537 0.0092 0.0096
20.3719 0.0091 0.0095
20.3901 0.0090 0.0094
20.4082 0.0089 0.0094
20.4264 0.0088 0.0093
20.4446 0.0088 0.0092
20.4628 0.0087 0.0091
20.4810 0.0086 0.0090
20.4992 0.0085 0.0089
20.5174 0.0084 0.0088
20.5356 0.0084 0.0088
20.5538 0.0083 0.0087
20.5719 0.0082 0.0086
20.5901 0.0081 0.0085
20.6083 0.0081 0.0084
20.6265 0.0080 0.0083
20.6447 0.0079 0.0082
20.6629 0.0078 0.0081
20.6811 0.0078 0.0081
20.6993 0.0077 0.0080
20.7175 0.0076 0.0079
20.7356 0.0076 0.0078
20.7538 0.0075 0.0077
20.7720 0.0074 0.0077
20.7902 0.0074 0.0076
20.8084 0.0073 0.0075
20.8266 0.0073 0.0074
20.8448 0.0072 0.0074
20.8630 0.0071 0.0073
20.8812 0.0071 0.0072
20.8993 0.0070 0.0072
20.9175 0.0070 0.0071
20.9357 0.0069 0.0071
20.9539 0.0069 0.0070
20.9721 0.0068 0.0070
20.9903 0.0067 0.0069
21.0085 0.0067 0.0069
21.0267 0.0066 0.0068
21.0449 0.0066 0.0068
21.0631 0.0065 0.0067
21.0812 0.0064 0.0067
21.0994 0.0064 0.0066
21.1176 0.0063 0.0066
21.1358 0.0063 0.0065
21.1540 0.0062 0.0065
21.1722 0.0062 0.0064
21.1904 0.0061 0.0064
21.2086 0.0061 0.0063
21.2268 0.0061 0.0063
21.2449 0.0060 0.0062
21.2631 0.0060 0.0062
21.2813 0.0059 0.0061
21.2995 0.0059 0.0061
21.3177 0.0059 0.0060
21.3359 0.0058 0.0060
21.3541 0.0058 0.0059
21.3723 0.0057 0.0059
21.3905 0.0057 0.0058
21.4086 0.0057 0.0058
21.4268 0.0056 0.0057
21.4450 0.0056 0.0057
21.4632 0.0055 0.0057
21.4814 0.0055 0.0056
21.4996 0.0055 0.0056
21.5178 0.0054 0.0055
21.5360 0.0054 0.0055
21.5542 0.0053 0.0055
21.5723 0.0053 0.0054
21.5905 0.0053 0.0054
21.6087 0.0052 0.0054
21.6269 0.0052 0.0053
21.6451 0.0051 0.0053
21.6633 0.0051 0.0053
21.6815 0.0051 0.0053
21.6997 0.0050 0.0052
21.7179 0.0050 0.0052
21.7360 0.0050 0.0052
21.7542 0.0049 0.0052
21.7724 0.0049 0.0052
21.7906 0.0049 0.0051
21.8088 0.0048 0.0051
21.8270 0.0048 0.0051
21.8452 0.0048 0.0051
21.8634 0.0047 0.0051
21.8816 0.0047 0.0050
21.8998 0.0047 0.0050
21.9179 0.0047 0.0050
21.9361 0.0046 0.0050
21.9543 0.0046 0.0050
21.9725 0.0046 0.0050
21.9907 0.0046 0.0049
22.0089 0.0045 0.0049
22.0271 0.0045 0.0049
22.0453 0.0045 0.0049
22.0635 0.0045 0.0049
22.0816 0.0045 0.0049
22.0998 0.0044 0.0049
22.1180 0.0044 0.0049
22.1362 0.0044 0.0048
22.1544 0.0044 0.0048
22.1726 0.0044 0.0048
22.1908 0.0044 0.0048
22.2090 0.0043 0.0048
22.2272 0.0043 0.0048
22.2453 0.0043 0.0048
22.2635 0.0043 0.0048
22.2817 0.0043 0.0048
22.2999 0.0043 0.0048
22.3181 0.0043 0.0048
22.3363 0.0043 0.0048
22.3545 0.0043 0.0048
22.3727 0.0043 0.0048
22.3909 0.0042 0.0048
22.4090 0.0042 0.0048
22.4272 0.0042 0.0048
22.4454 0.0042 0.0048
22.4636 0.0042 0.0048
22.4818 0.0042 0.0048
22.5000 0.0042 0.0048
22.5182 0.0042 0.0048
22.5364 0.0042 0.0048
22.5546 0.0042 0.0048
22.5728 0.0042 0.0048
22.5909 0.0042 0.0048
22.6091 0.0042 0.0048
22.6273 0.0042 0.0048
22.6455 0.0042 0.0048
22.6637 0.0042 0.0048
22.6819 0.0042 0.0048
22.7001 0.0042 0.0048
22.7183 0.0042 0.0048
22.7365 0.0042 0.0048
22.7546 0.0042 0.0048
22.7728 0.0042 0.0048
22.7910 0.0042 0.0048
22.8092 0.0042 0.0048
22.8274 0.0042 0.0048
22.8456 0.0042 0.0048
22.8638 0.0043 0.0048
22.8820 0.0043 0.0048
22.9002 0.0043 0.0048
22.9183 0.0043 0.0048
22.9365 0.0043 0.0048
22.9547 0.0043 0.0049
22.9729 0.0044 0.0049
22.9911 0.0044 0.0049
23.0093 0.0044 0.0049
23.0275 0.0044 0.0050
23.0457 0.0045 0.0050
23.0639 0.0045 0.0050
23.0820 0.0045 0.0051
23.1002 0.0046 0.0051
23.1184 0.0046 0.0051
23.1366 0.0046 0.0052
23.1548 0.0046 0.0052
23.1730 0.0047 0.0053
23.1912 0.0047 0.0053
23.2094 0.0047 0.0053
23.2276 0.0048 0.0054
23.2458 0.0048 0.0054
23.2639 0.0048 0.0055
23.2821 0.0049 0.0055
23.3003 0.0049 0.0056
23.3185 0.0049 0.0056
23.3367 0.0050 0.0057
23.3549 0.0050 0.0057
23.3731 0.0050 0.0057
23.3913 0.0051 0.0058
23.4095 0.0051 0.0058
23.4276 0.0051 0.0059
23.4458 0.0052 0.0059
23.4640 0.0052 0.0059
23.4822 0.0052 0.0060
23.5004 0.0053 0.0060
23.5186 0.0053 0.0060
23.5368 0.0054 0.0061
23.5550 0.0054 0.0061
23.5732 0.0054 0.0061
23.5913 0.0054 0.0061
23.6095 0.0055 0.0062
23.6277 0.0055 0.0062
23.6459 0.0055 0.0062
23.6641 0.0056 0.0062
23.6823 0.0056 0.0062
23.7005 0.0056 0.0062
23.7187 0.0056 0.0063
23.7369 0.0057 0.0063
23.7550 0.0057 0.0063
23.7732 0.0057 0.0063
23.7914 0.0057 0.0063
23.8096 0.0057 0.0063
23.8278 0.0058 0.0063
23.8460 0.0058 0.0064
23.8642 0.0058 0.0064
23.8824 0.0058 0.0064
23.9006 0.0058 0.0064
23.9187 0.0059 0.0064
23.9369 0.0059 0.0064
23.9551 0.0059 0.0064
23.9733 0.0059 0.0064
23.9915 0.0060 0.0065
24.0097 0.0060 0.0065
24.0279 0.0060 0.0065
24.0461 0.0061 0.0065
24.0643 0.0061 0.0065
24.0825 0.0061 0.0065
24.1006 0.0061 0.0065
24.1188 0.0062 0.0066
24.1370 0.0062 0.0066
24.1552 0.0062 0.0066
24.1734 0.0063 0.0066
24.1916 0.0063 0.0066
24.2098 0.0063 0.0066
24.2280 0.0063 0.0066
24.2462 0.0064 0.0067
24.2643 0.0064 0.0067
24.2825 0.0064 0.0067
24.3007 0.0064 0.0067
24.3189 0.0064 0.0067
24.3371 0.0064 0.0067
24.3553 0.0065 0.0067
24.3735 0.0065 0.0067
24.3917 0.0065 0.0067
24.4099 0.0065 0.0067
24.4280 0.0065 0.0067
24.4462 0.0064 0.0066
24.4644 0.0064 0.0066
24.4826 0.0064 0.0066
24.5008 0.0064 0.0065
24.5190 0.0063 0.0065
24.5372 0.0063 0.0064
24.5554 0.0062 0.0064
24.5736 0.0062 0.0063
24.5917 0.0061 0.0062
24.6099 0.0061 0.0061
24.6281 0.0060 0.0060
24.6463 0.0059 0.0059
24.6645 0.0058 0.0058
24.6827 0.0057 0.0057
24.7009 0.0056 0.0056
24.7191 0.0055 0.0055
24.7373 0.0054 0.0054
24.7555 0.0053 0.0053
24.7736 0.0052 0.0052
24.7918 0.0050 0.0051
24.8100 0.0049 0.0049
24.8282 0.0048 0.0048
24.8464 0.0046 0.0047
24.8646 0.0045 0.0046
24.8828 0.0044 0.0044
24.9010 0.0042 0.0043
24.9192 0.0041 0.0042
24.9373 0.0040 0.0041
24.9555 0.0039 0.0040
24.9737 0.0037 0.0038
24.9919 0.0036 0.0037
25.0101 0.0035 0.0036
25.0283 0.0034 0.0035
25.0465 0.0032 0.0034
25.0647 0.0031 0.0033
25.0829 0.0030 0.0032
25.1010 0.0029 0.0031
25.1192 0.0028 0.0030
25.1374 0.0027 0.0030
25.1556 0.0026 0.0029
25.1738 0.0026 0.0028
25.1920 0.0025 0.0028
25.2102 0.0024 0.0027
25.2284 0.0024 0.0026
25.2466 0.0023 0.0026
25.2647 0.0022 0.0025
25.2829 0.0022 0.0025
25.3011 0.0021 0.0024
25.3193 0.0021 0.0024
25.3375 0.0021 0.0024
25.3557 0.0020 0.0023
25.3739 0.0020 0.0023
25.3921 0.0020 0.0023
25.4103 0.0019 0.0023
25.4285 0.0019 0.0022
25.4466 0.0019 0.0022
25.4648 0.0019 0.0022
25.4830 0.0019 0.0022
25.5012 0.0018 0.0021
25.5194 0.0018 0.0021
25.5376 0.0018 0.0021
25.5558 0.0018 0.0021
25.5740 0.0018 0.0021
25.5922 0.0018 0.0021
25.6103 0.0018 0.0021
25.6285 0.0018 0.0021
25.6467 0.0018 0.0021
25.6649 0.0018 0.0021
25.6831 0.0018 0.0021
25.7013 0.0018 0.0021
25.7195 0.0018 0.0021
25.7377 0.0018 0.0021
25.7559 0.0019 0.0021
25.7740 0.0019 0.0021
25.7922 0.0019 0.0021
25.8104 0.0019 0.0021
25.8286 0.0019 0.0022
25.8468 0.0019 0.0022
25.8650 0.0020 0.0022
25.8832 0.0020 0.0022
25.9014 0.0020 0.0022
25.9196 0.0020 0.0022
25.9377 0.0020 0.0022
25.9559 0.0021 0.0023
25.9741 0.0021 0.0023
25.9923 0.0021 0.0023
26.0105 0.0021 0.0023
26.0287 0.0021 0.0023
26.0469 0.0022 0.0023
26.0651 0.0022 0.0023
26.0833 0.0022 0.0024
26.1014 0.0022 0.0024
26.1196 0.0022 0.0024
26.1378 0.0023 0.0024
26.1560 0.0023 0.0024
26.1742 0.0023 0.0024
26.1924 0.0023 0.0024
26.2106 0.0023 0.0024
26.2288 0.0023 0.0024
26.2470 0.0023 0.0024
26.2652 0.0024 0.0024
26.2833 0.0024 0.0024
26.3015 0.0024 0.0024
26.3197 0.0024 0.0024
26.3379 0.0024 0.0024
26.3561 0.0024 0.0024
26.3743 0.0024 0.0024
26.3925 0.0024 0.0024
26.4107 0.0024 0.0024
26.4289 0.0023 0.0024
26.4470 0.0023 0.0024
26.4652 0.0023 0.0024
26.4834 0.0023 0.0024
26.5016 0.0023 0.0023
26.5198 0.0023 0.0023
26.5380 0.0022 0.0023
26.5562 0.0022 0.0023
26.5744 0.0022 0.0022
26.5926 0.0022 0.0022
26.6107 0.0021 0.0022
26.6289 0.0021 0.0021
26.6471 0.0021 0.0021
26.6653 0.0020 0.0021
26.6835 0.0020 0.0020
26.7017 0.0019 0.0020
26.7199 0.0019 0.0019
26.7381 0.0019 0.0019
26.7563 0.0018 0.0018
26.7744 0.0018 0.0018
26.7926 0.0017 0.0017
26.8108 0.0017 0.0017
26.8290 0.0016 0.0017
26.8472 0.0016 0.0016
26.8654 0.0015 0.0016
26.8836 0.0015 0.0015
26.9018 0.0014 0.0015
26.9200 0.0014 0.0014
26.9382 0.0013 0.0014
26.9563 0.0013 0.0013
26.9745 0.0013 0.0013
26.9927 0.0012 0.0012
27.0109 0.0012 0.0012
27.0291 0.0011 0.0012
27.0473 0.0011 0.0011
27.0655 0.0011 0.0011
27.0837 0.0010 0.0011
27.1019 0.0010 0.0010
27.1200 0.0010 0.0010
27.1382 0.0009 0.0010
27.1564 0.0009 0.0010
27.1746 0.0009 0.0009
27.1928 0.0009 0.0009
27.2110 0.0008 0.0009
27.2292 0.0008 0.0009
27.2474 0.0008 0.0008
27.2656 0.0008 0.0008
27.2837 0.0008 0.0008
27.3019 0.0007 0.0008
27.3201 0.0007 0.0008
27.3383 0.0007 0.0007
27.3565 0.0007 0.0007
27.3747 0.0007 0.0007
27.3929 0.0007 0.0007
27.4111 0.0007 0.0007
27.4293 0.0007 0.0007
27.4474 0.0006 0.0007
27.4656 0.0006 0.0006
27.4838 0.0006 0.0006
27.5020 0.0006 0.0006
27.5202 0.0006 0.0006
27.5384 0.0006 0.0006
27.5566 0.0006 0.0006
27.5748 0.0006 0.0006
27.5930 0.0006 0.0006
27.6111 0.0006 0.0006
27.6293 0.0006 0.0006
27.6475 0.0006 0.0006
27.6657 0.0006 0.0006
27.6839 0.0006 0.0006
27.7021 0.0006 0.0006
27.7203 0.0006 0.0005
27.7385 0.0005 0.0005
27.7567 0.0005 0.0005
27.7749 0.0005 0.0005
27.7930 0.0005 0.0005
27.8112 0.0005 0.0005
27.8294 0.0005 0.0005
27.8476 0.0005 0.0005
27.8658 0.0005 0.0005
27.8840 0.0005 0.0005
27.9022 0.0005 0.0005
27.9204 0.0005 0.0005
27.9386 0.0005 0.0005
27.9567 0.0005 0.0005
27.9749 0.0005 0.0005
27.9931 0.0005 0.0005
28.0113 0.0005 0.0005
28.0295 0.0005 0.0005
28.0477 0.0005 0.0005
28.0659 0.0005 0.0005
28.0841 0.0005 0.0005
28.1023 0.0005 0.0005
28.1204 0.0005 0.0005
28.1386 0.0005 0.0005
28.1568 0.0005 0.0005
28.1750 0.0005 0.0005
28.1932 0.0005 0.0004
28.2114 0.0005 0.0004
28.2296 0.0005 0.0004
28.2478 0.0005 0.0004
28.2660 0.0005 0.0004
28.2841 0.0005 0.0004
28.3023 0.0005 0.0004
28.3205 0.0005 0.0004
28.3387 0.0004 0.0004
28.3569 0.0004 0.0004
28.3751 0.0004 0.0004
28.3933 0.0004 0.0004
28.4115 0.0004 0.0004
28.4297 0.0004 0.0004
28.4479 0.0004 0.0004
28.4660 0.0004 0.0004
28.4842 0.0004 0.0004
28.5024 0.0004 0.0004
28.5206 0.0004 0.0004
28.5388 0.0004 0.0004
28.5570 0.0004 0.0004
28.5752 0.0004 0.0004
28.5934 0.0004 0.0004
28.6116 0.0004 0.0004
28.6297 0.0004 0.0004
28.6479 0.0004 0.0003
28.6661 0.0004 0.0003
28.6843 0.0004 0.0003
28.7025 0.0004 0.0003
28.7207 0.0004 0.0003
28.7389 0.0004 0.0003
28.7571 0.0003 0.0003
28.7753 0.0003 0.0003
28.7934 0.0003 0.0003
28.8116 0.0003 0.0003
28.8298 0.0003 0.0003
28.8480 0.0003 0.0003
28.8662 0.0003 0.0003
28.8844 0.0003 0.0003
28.9026 0.0003 0.0003
28.9208 0.0003 0.0003
28.9390 0.0003 0.0003
28.9571 0.0003 0.0003
28.9753 0.0003 0.0003
28.9935 0.0003 0.0003
29.0117 0.0003 0.0003
29.0299 0.0003 0.0003
29.0481 0.0003 0.0003
29.0663 0.0003 0.0003
29.0845 0.0003 0.0003
29.1027 0.0003 0.0003
29.1209 0.0003 0.0003
29.1390 0.0003 0.0003
29.1572 0.0003 0.0003
29.1754 0.0003 0.0003
29.1936 0.0003 0.0003
29.2118 0.0003 0.0003
29.2300 0.0002 0.0003
29.2482 0.0002 0.0002
29.2664 0.0002 0.0002
29.2846 0.0002 0.0002
29.3027 0.0002 0.0002
29.3209 0.0002 0.0002
29.3391 0.0002 0.0002
29.3573 0.0002 0.0002
29.3755 0.0002 0.0002
29.3937 0.0002 0.0002
29.4119 0.0002 0.0002
29.4301 0.0002 0.0002
29.4483 0.0002 0.0002
29.4664 0.0002 0.0002
29.4846 0.0002 0.0002
29.5028 0.0002 0.0002
29.5210 0.0002 0.0002
29.5392 0.0002 0.0002
29.5574 0.0002 0.0002
29.5756 0.0002 0.0002
29.5938 0.0002 0.0002
29.6120 0.0002 0.0002
29.6301 0.0002 0.0002
29.6483 0.0002 0.0002
29.6665 0.0002 0.0002
29.6847 0.0002 0.0002
29.7029 0.0002 0.0002
29.7211 0.0002 0.0002
29.7393 0.0002 0.0002
29.7575 0.0002 0.0002
29.7757 0.0002 0.0002
29.7938 0.0002 0.0002
29.8120 0.0002 0.0002
29.8302 0.0002 0.0002
29.8484 0.0002 0.0002
29.8666 0.0002 0.0002
29.8848 0.0002 0.0002
29.9030 0.0002 0.0002
29.9212 0.0002 0.0002
29.9394 0.0002 0.0002
29.9576 0.0002 0.0001
29.9757 0.0001 0.0001
29.9939 0.0001 0.0001
30.0121 0.0001 0.0001
30.0303 0.0001 0.0001
30.0485 0.0001 0.0001
30.0667 0.0001 0.0001
30.0849 0.0001 0.0001
30.1031 0.0001 0.0001
30.1213 0.0001 0.0001
30.1394 0.0001 0.0001
30.1576 0.0001 0.0001
30.1758 0.0001 0.0001
30.1940 0.0001 0.0001
30.2122 0.0001 0.0001
30.2304 0.0001 0.0001
30.2486 0.0001 0.0001
30.2668 0.0001 0.0001
30.2850 0.0001 0.0001
30.3031 0.0001 0.0001
30.3213 0.0001 0.0001
30.3395 0.0001 0.0001
30.3577 0.0001 0.0001
30.3759 0.0001 0.0001
30.3941 0.0001 0.0001
30.4123 0.0001 0.0001
30.4305 0.0001 0.0001
30.4487 0.0001 0.0001
30.4668 0.0001 0.0001
30.4850 0.0001 0.0001
30.5032 0.0001 0.0001
30.5214 0.0001 0.0001
30.5396 0.0001 0.0001
30.5578 0.0001 0.0001
30.5760 0.0001 0.0001
30.5942 0.0001 0.0001
30.6124 0.0001 0.0001
30.6306 0.0001 0.0001
30.6487 0.0001 0.0001
30.6669 0.0001 0.0001
30.6851 0.0001 0.0001
30.7033 0.0001 0.0001
30.7215 0.0001 0.0001
30.7397 0.0001 0.0001
30.7579 0.0001 0.0001
30.7761 0.0001 0.0001
30.7943 0.0001 0.0001
30.8124 0.0001 0.0001
30.8306 0.0001 0.0001
30.8488 0.0001 0.0001
30.8670 0.0001 0.0001
30.8852 0.0001 0.0001
30.9034 0.0001 0.0001
30.9216 0.0001 0.0001
30.9398 0.0001 0.0001
30.9580 0.0001 0.0001
30.9761 0.0001 0.0001
30.9943 0.0001 0.0001
31.0125 0.0001 0.0001
31.0307 0.0001 0.0001
31.0489 0.0001 0.0001
31.0671 0.0001 0.0001
31.0853 0.0001 0.0001
31.1035 0.0001 0.0001
31.1217 0.0001 0.0001
31.1398 0.0001 0.0001
31.1580 0.0001 0.0001
31.1762 0.0001 0.0001
31.1944 0.0001 0.0001
31.2126 0.0001 0.0001
31.2308 0.0001 0.0001
31.2490 0.0001 0.0001
31.2672 0.0001 0.0001
31.2854 0.0001 0.0001
31.3035 0.0001 0.0001
31.3217 0.0001 0.0001
31.3399 0.0001 0.0001
31.3581 0.0001 0.0001
31.3763 0.0001 0.0001
31.3945 0.0001 0.0001
31.4127 0.0001 0.0001
31.4309 0.0001 0.0001
31.4491 0.0001 0.0001
31.4673 0.0001 0.0001
31.4854 0.0001 0.0001
31.5036 0.0001 0.0001
31.5218 0.0001 0.0001
31.5400 0.0001 0.0001
31.5582 0.0001 0.0001
31.5764 0.0001 0.0001
31.5946 0.0001 0.0001
31.6128 0.0001 0.0001
31.6310 0.0001 0.0001
31.6491 0.0001 0.0001
31.6673 0.0001 0.0001
31.6855 0.0001 0.0001
31.7037 0.0001 0.0001
31.7219 0.0001 0.0001
31.7401 0.0001 0.0001
31.7583 0.0001 0.0001
31.7765 0.0001 0.0001
31.7947 0.0001 0.0001
31.8128 0.0001 0.0001
31.8310 0.0001 0.0001
31.8492 0.0001 0.0001
31.8674 0.0001 0.0001
31.8856 0.0001 0.0001
31.9038 0.0001 0.0001
31.9220 0.0001 0.0001
31.9402 0.0001 0.0001
31.9584 0.0001 0.0001
31.9765 0.0001 0.0001
31.9947 0.0001 0.0001
32.0129 0.0001 0.0001
32.0311 0.0001 0.0001
32.0493 0.0001 0.0001
32.0675 0.0001 0.0001
32.0857 0.0001 0.0001
32.1039 0.0001 0.0001
32.1221 0.0001 0.0001
32.1403 0.0001 0.0001
32.1584 0.0001 0.0001
32.1766 0.0001 0.0001
32.1948 0.0001 0.0001
32.2130 0.0001 0.0001
32.2312 0.0001 0.0001
32.2494 0.0001 0.0001
32.2676 0.0001 0.0001
32.2858 0.0001 0.0001
32.3040 0.0001 0.0001
32.3221 0.0001 0.0001
32.3403 0.0001 0.0001
32.3585 0.0001 0.0001
32.3767 0.0001 0.0001
32.3949 0.0001 0.0001
32.4131 0.0001 0.0001
32.4313 0.0001 0.0001
32.4495 0.0001 0.0001
32.4677 0.0001 0.0001
32.4858 0.0001 0.0001
32.5040 0.0001 0.0001
32.5222 0.0001 0.0001
32.5404 0.0001 0.0001
32.5586 0.0001 0.0001
32.5768 0.0001 0.0001
32.5950 0.0001 0.0001
32.6132 0.0001 0.0001
32.6314 0.0001 0.0001
32.6495 0.0001 0.0001
32.6677 0.0001 0.0001
32.6859 0.0001 0.0001
32.7041 0.0001 0.0001
32.7223 0.0001 0.0001
32.7405 0.0001 0.0001
32.7587 0.0001 0.0001
32.7769 0.0001 0.0001
32.7951 0.0001 0.0001
32.8133 0.0001 0.0001
32.8314 0.0001 0.0001
32.8496 0.0001 0.0001
32.8678 0.0001 0.0001
32.8860 0.0001 0.0001
32.9042 0.0001 0.0001
32.9224 0.0001 0.0001
32.9406 0.0001 0.0001
32.9588 0.0001 0.0001
32.9770 0.0001 0.0001
32.9951 0.0001 0.0001
33.0133 0.0001 0.0001
33.0315 0.0001 0.0001
33.0497 0.0001 0.0001
33.0679 0.0001 0.0001
33.0861 0.0001 0.0001
33.1043 0.0001 0.0001
33.1225 0.0001 0.0001
33.1407 0.0001 0.0001
33.1588 0.0001 0.0001
33.1770 0.0001 0.0001
33.1952 0.0001 0.0001
33.2134 0.0001 0.0001
33.2316 0.0001 0.0001
33.2498 0.0001 0.0001
33.2680 0.0001 0.0001
33.2862 0.0001 0.0001
33.3044 0.0001 0.0001
33.3225 0.0001 0.0001
33.3407 0.0001 0.0001
33.3589 0.0001 0.0001
33.3771 0.0001 0.0001
33.3953 0.0001 0.0001
33.4135 0.0001 0.0001
33.4317 0.0001 0.0001
33.4499 0.0001 0.0001
33.4681 0.0001 0.0001
33.4862 0.0001 0.0001
33.5044 0.0001 0.0001
33.5226 0.0001 0.0001
33.5408 0.0001 0.0001
33.5590 0.0001 0.0001
33.5772 0.0001 0.0001
33.5954 0.0001 0.0001
33.6136 0.0001 0.0001
33.6318 0.0001 0.0001
33.6500 0.0001 0.0001
33.6681 0.0001 0.0001
33.6863 0.0001 0.0001
33.7045 0.0001 0.0001
33.7227 0.0001 0.0001
33.7409 0.0001 0.0001
33.7591 0.0001 0.0001
33.7773 0.0001 0.0001
33.7955 0.0001 0.0001
33.8137 0.0001 0.0001
33.8318 0.0001 0.0001
33.8500 0.0001 0.0001
33.8682 0.0001 0.0001
33.8864 0.0001 0.0001
33.9046 0.0001 0.0001
33.9228 0.0001 0.0001
33.9410 0.0001 0.0001
33.9592 0.0001 0.0001
33.9774 0.0001 0.0001
33.9955 0.0001 0.0001
34.0137 0.0001 0.0001
34.0319 0.0001 0.0001
34.0501 0.0001 0.0001
34.0683 0.0001 0.0001
34.0865 0.0001 0.0001
34.1047 0.0001 0.0001
34.1229 0.0001 0.0001
34.1411 0.0001 0.0001
34.1592 0.0001 0.0001
34.1774 0.0001 0.0001
34.1956 0.0001 0.0001
34.2138 0.0001 0.0001
34.2320 0.0001 0.0001
34.2502 0.0001 0.0001
34.2684 0.0001 0.0001
34.2866 0.0001 0.0001
34.3048 0.0001 0.0001
34.3230 0.0001 0.0001
34.3411 0.0001 0.0001
34.3593 0.0001 0.0001
34.3775 0.0001 0.0001
34.3957 0.0001 0.0001
34.4139 0.0001 0.0001
34.4321 0.0001 0.0001
34.4503 0.0001 0.0001
34.4685 0.0001 0.0001
34.4867 0.0001 0.0001
34.5048 0.0001 0.0001
34.5230 0.0001 0.0001
34.5412 0.0001 0.0001
34.5594 0.0001 0.0001
34.5776 0.0001 0.0001
34.5958 0.0000 0.0000
34.6140 0.0000 0.0000
34.6322 0.0000 0.0000
34.6504 0.0000 0.0000
34.6685 0.0000 0.0000
34.6867 0.0000 0.0000
34.7049 0.0000 0.0000
34.7231 0.0000 0.0000
34.7413 0.0000 0.0000
34.7595 0.0000 0.0000
34.7777 0.0000 0.0000
34.7959 0.0000 0.0000
34.8141 0.0000 0.0000
34.8322 0.0000 0.0000
34.8504 0.0000 0.0000
34.8686 0.0000 0.0000
34.8868 0.0000 0.0000
34.9050 0.0000 0.0000
34.9232 0.0000 0.0000
34.9414 0.0000 0.0000
34.9596 0.0000 0.0000
34.9778 0.0000 0.0000
34.9959 0.0000 0.0000
35.0141 0.0000 0.0000
35.0323 0.0000 0.0000
35.0505 0.0000 0.0000
35.0687 0.0000 0.0000
35.0869 0.0000 0.0000
35.1051 0.0000 0.0000
35.1233 0.0000 0.0000
35.1415 0.0000 0.0000
35.1597 0.0000 0.0000
35.1778 0.0000 0.0000
35.1960 0.0000 0.0000
35.2142 0.0000 0.0000
35.2324 0.0000 0.0000
35.2506 0.0000 0.0000
35.2688 0.0000 0.0000
35.2870 0.0000 0.0000
35.3052 0.0000 0.0000
35.3234 0.0000 0.0000
35.3415 0.0000 0.0000
35.3597 0.0000 0.0000
35.3779 0.0000 0.0000
35.3961 0.0000 0.0000
35.4143 0.0000 0.0000
35.4325 0.0000 0.0000
35.4507 0.0000 0.0000
35.4689 0.0000 0.0000
35.4871 0.0000 0.0000
35.5052 0.0000 0.0000
35.5234 0.0000 0.0000
35.5416 0.0000 0.0000
35.5598 0.0000 0.0000
35.5780 0.0000 0.0000
35.5962 0.0000 0.0000
35.6144 0.0000 0.0000
35.6326 0.0000 0.0000
35.6508 0.0000 0.0000
35.6689 0.0000 0.0000
35.6871 0.0000 0.0000
35.7053 0.0000 0.0000
35.7235 0.0000 0.0000
35.7417 0.0000 0.0000
35.7599 0.0000 0.0000
35.7781 0.0000 0.0000
35.7963 0.0000 0.0000
35.8145 0.0000 0.0000
35.8327 0.0000 0.0000
35.8508 0.0000 0.0000
35.8690 0.0000 0.0000
35.8872 0.0000 0.0000
35.9054 0.0000 0.0000
35.9236 0.0000 0.0000
35.9418 0.0000 0.0000
35.9600 0.0000 0.0000
35.9782 0.0000 0.0000
35.9964 0.0000 0.0000
36.0145 0.0000 0.0000
36.0327 0.0000 0.0000
36.0509 0.0000 0.0000
36.0691 0.0000 0.0000
36.0873 0.0000 0.0000
36.1055 0.0000 0.0000
36.1237 0.0000 0.0000
36.1419 0.0000 0.0000
36.1601 0.0000 0.0000
36.1782 0.0000 0.0000
36.1964 0.0000 0.0000
36.2146 0.0000 0.0000
36.2328 0.0000 0.0000
36.2510 0.0000 0.0000
36.2692 0.0000 0.0000
36.2874 0.0000 0.0000
36.3056 0.0000 0.0000
36.3238 0.0000 0.0000
36.3419 0.0000 0.0000
36.3601 0.0000 0.0000
