0.0000 0.0000 0.0000
0.0177 4.1902 3.7179
0.0353 8.3042 7.3703
0.0530 12.2691 10.8948
0.0706 16.0176 14.2337
0.0883 19.4912 17.3373
0.1059 22.6417 20.1648
0.1236 25.4330 22.6857
0.1413 27.8410 24.8806
0.1589 29.8545 26.7406
0.1766 31.4739 28.2673
0.1942 32.7103 29.4713
0.2119 33.5837 30.3709
0.2296 34.1215 30.9905
0.2472 34.3562 31.3587
0.2649 34.3234 31.5069
0.2825 34.0604 31.4674
0.3002 33.6042 31.2722
0.3178 32.9903 30.9517
0.3355 32.2518 30.5340
0.3532 31.4188 30.0441
0.3708 30.5177 29.5039
0.3885 29.5714 28.9315
0.4061 28.5992 28.3416
0.4238 27.6172 27.7458
0.4415 26.6384 27.1526
0.4591 25.6733 26.5679
0.4768 24.7301 25.9956
0.4944 23.8153 25.4374
0.5121 22.9337 24.8940
0.5297 22.0890 24.3647
0.5474 21.2837 23.8484
0.5651 20.5197 23.3434
0.5827 19.7978 22.8481
0.6004 19.1185 22.3607
0.6180 18.4815 21.8797
0.6357 17.8862 21.4041
0.6534 17.3315 20.9332
0.6710 16.8157 20.4667
0.6887 16.3373 20.0049
0.7063 15.8940 19.5485
0.7240 15.4836 19.0983
0.7416 15.1039 18.6557
0.7593 14.7525 18.2220
0.7770 14.4270 17.7987
0.7946 14.1253 17.3871
0.8123 13.8450 16.9883
0.8299 13.5844 16.6035
0.8476 13.3417 16.2332
0.8653 13.1152 15.8777
0.8829 12.9035 15.5371
0.9006 12.7055 15.2109
0.9182 12.5201 14.8985
0.9359 12.3464 14.5989
0.9535 12.1835 14.3111
0.9712 12.0308 14.0340
0.9889 11.8875 13.7663
1.0065 11.7531 13.5069
1.0242 11.6269 13.2547
1.0418 11.5082 13.0087
1.0595 11.3963 12.7682
1.0772 11.2906 12.5326
1.0948 11.1902 12.3016
1.1125 11.0945 12.0747
1.1301 11.0025 11.8521
1.1478 10.9136 11.6336
1.1654 10.8267 11.4194
1.1831 10.7411 11.2097
1.2008 10.6561 11.0047
1.2184 10.5707 10.8044
1.2361 10.4844 10.6092
1.2537 10.3963 10.4190
1.2714 10.3061 10.2338
1.2891 10.2131 10.0537
1.3067 10.1171 9.8785
1.3244 10.0176 9.7080
1.3420 9.9146 9.5419
1.3597 9.8081 9.3799
1.3773 9.6981 9.2218
1.3950 9.5848 9.0672
1.4127 9.4686 8.9157
1.4303 9.3499 8.7673
1.4480 9.2291 8.6216
1.4656 9.1069 8.4785
1.4833 8.9839 8.3381
1.5010 8.8606 8.2003
1.5186 8.7378 8.0654
1.5363 8.6159 7.9334
1.5539 8.4955 7.8046
1.5716 8.3770 7.6793
1.5892 8.2608 7.5578
1.6069 8.1471 7.4402
1.6246 8.0360 7.3270
1.6422 7.9275 7.2181
1.6599 7.8214 7.1137
1.6775 7.7175 7.0138
1.6952 7.6155 6.9183
1.7129 7.5149 6.8271
1.7305 7.4153 6.7399
1.7482 7.3162 6.6563
1.7658 7.2172 6.5761
1.7835 7.1178 6.4988
1.8011 7.0175 6.4239
1.8188 6.9162 6.3510
1.8365 6.8135 6.2797
1.8541 6.7093 6.2095
1.8718 6.6035 6.1402
1.8894 6.4963 6.0715
1.9071 6.3877 6.0031
1.9248 6.2780 5.9350
1.9424 6.1675 5.8670
1.9601 6.0565 5.7993
1.9777 5.9454 5.7319
1.9954 5.8345 5.6648
2.0130 5.7243 5.5984
2.0307 5.6151 5.5328
2.0484 5.5073 5.4681
2.0660 5.4012 5.4046
2.0837 5.2972 5.3423
2.1013 5.1954 5.2815
2.1190 5.0963 5.2221
2.1367 4.9999 5.1641
2.1543 4.9066 5.1075
2.1720 4.8164 5.0522
2.1896 4.7297 4.9981
2.2073 4.6466 4.9450
2.2249 4.5672 4.8927
2.2426 4.4917 4.8409
2.2603 4.4203 4.7895
2.2779 4.3530 4.7382
2.2956 4.2900 4.6869
2.3132 4.2313 4.6353
2.3309 4.1770 4.5834
2.3486 4.1269 4.5309
2.3662 4.0811 4.4778
2.3839 4.0394 4.4241
2.4015 4.0018 4.3697
2.4192 3.9679 4.3146
2.4368 3.9375 4.2589
2.4545 3.9105 4.2027
2.4722 3.8865 4.1461
2.4898 3.8652 4.0893
2.5075 3.8463 4.0325
2.5251 3.8295 3.9758
2.5428 3.8144 3.9196
2.5605 3.8007 3.8640
2.5781 3.7882 3.8095
2.5958 3.7765 3.7561
2.6134 3.7654 3.7044
2.6311 3.7545 3.6545
2.6487 3.7438 3.6068
2.6664 3.7328 3.5615
2.6841 3.7214 3.5188
2.7017 3.7095 3.4791
2.7194 3.6968 3.4425
2.7370 3.6831 3.4091
2.7547 3.6683 3.3790
2.7724 3.6524 3.3522
2.7900 3.6352 3.3289
2.8077 3.6166 3.3088
2.8253 3.5966 3.2918
2.8430 3.5752 3.2779
2.8606 3.5525 3.2666
2.8783 3.5284 3.2578
2.8960 3.5031 3.2511
2.9136 3.4766 3.2461
2.9313 3.4491 3.2425
2.9489 3.4207 3.2399
2.9666 3.3916 3.2379
2.9843 3.3618 3.2363
3.0019 3.3317 3.2346
3.0196 3.3013 3.2326
3.0372 3.2708 3.2301
3.0549 3.2404 3.2268
3.0725 3.2102 3.2228
3.0902 3.1803 3.2178
3.1079 3.1510 3.2119
3.1255 3.1221 3.2050
3.1432 3.0939 3.1973
3.1608 3.0664 3.1886
3.1785 3.0395 3.1791
3.1962 3.0134 3.1689
3.2138 2.9878 3.1578
3.2315 2.9629 3.1459
3.2491 2.9385 3.1333
3.2668 2.9146 3.1198
3.2844 2.8910 3.1055
3.3021 2.8678 3.0901
3.3198 2.8449 3.0736
3.3374 2.8222 3.0558
3.3551 2.7997 3.0367
3.3727 2.7774 3.0160
3.3904 2.7553 2.9937
3.4081 2.7334 2.9697
3.4257 2.7119 2.9438
3.4434 2.6908 2.9160
3.4610 2.6701 2.8863
3.4787 2.6500 2.8547
3.4963 2.6305 2.8213
3.5140 2.6117 2.7861
3.5317 2.5937 2.7494
3.5493 2.5764 2.7113
3.5670 2.5598 2.6721
3.5846 2.5440 2.6321
3.6023 2.5289 2.5915
3.6200 2.5143 2.5507
3.6376 2.5002 2.5100
3.6553 2.4863 2.4695
3.6729 2.4727 2.4298
3.6906 2.4591 2.3909
3.7082 2.4454 2.3531
3.7259 2.4315 2.3166
3.7436 2.4172 2.2816
3.7612 2.4025 2.2482
3.7789 2.3873 2.2165
3.7965 2.3715 2.1866
3.8142 2.3550 2.1584
3.8318 2.3380 2.1320
3.8495 2.3202 2.1074
3.8672 2.3019 2.0846
3.8848 2.2829 2.0636
3.9025 2.2633 2.0443
3.9201 2.2432 2.0266
3.9378 2.2226 2.0105
3.9555 2.2015 1.9960
3.9731 2.1801 1.9829
3.9908 2.1585 1.9713
4.0084 2.1367 1.9610
4.0261 2.1149 1.9519
4.0437 2.0931 1.9441
4.0614 2.0716 1.9374
4.0791 2.0504 1.9317
4.0967 2.0298 1.9270
4.1144 2.0098 1.9232
4.1320 1.9907 1.9203
4.1497 1.9726 1.9182
4.1674 1.9556 1.9168
4.1850 1.9400 1.9163
4.2027 1.9257 1.9165
4.2203 1.9129 1.9174
4.2380 1.9016 1.9190
4.2556 1.8919 1.9214
4.2733 1.8838 1.9244
4.2910 1.8772 1.9282
4.3086 1.8721 1.9326
4.3263 1.8683 1.9377
4.3439 1.8657 1.9434
4.3616 1.8641 1.9495
4.3793 1.8634 1.9560
4.3969 1.8633 1.9626
4.4146 1.8636 1.9692
4.4322 1.8641 1.9756
4.4499 1.8645 1.9814
4.4675 1.8647 1.9866
4.4852 1.8644 1.9907
4.5029 1.8636 1.9936
4.5205 1.8620 1.9951
4.5382 1.8597 1.9949
4.5558 1.8565 1.9929
4.5735 1.8524 1.9890
4.5912 1.8476 1.9833
4.6088 1.8420 1.9756
4.6265 1.8357 1.9662
4.6441 1.8287 1.9550
4.6618 1.8213 1.9423
4.6794 1.8134 1.9283
4.6971 1.8052 1.9131
4.7148 1.7968 1.8968
4.7324 1.7881 1.8799
4.7501 1.7792 1.8623
4.7677 1.7702 1.8442
4.7854 1.7609 1.8259
4.8031 1.7514 1.8073
4.8207 1.7417 1.7886
4.8384 1.7316 1.7700
4.8560 1.7213 1.7513
4.8737 1.7106 1.7328
4.8913 1.6994 1.7143
4.9090 1.6880 1.6961
4.9267 1.6761 1.6781
4.9443 1.6640 1.6605
4.9620 1.6515 1.6432
4.9796 1.6389 1.6264
4.9973 1.6261 1.6101
5.0150 1.6134 1.5944
5.0326 1.6006 1.5794
5.0503 1.5881 1.5651
5.0679 1.5758 1.5517
5.0856 1.5638 1.5392
5.1032 1.5522 1.5275
5.1209 1.5411 1.5167
5.1386 1.5306 1.5069
5.1562 1.5206 1.4979
5.1739 1.5112 1.4898
5.1915 1.5024 1.4825
5.2092 1.4943 1.4760
5.2269 1.4868 1.4701
5.2445 1.4800 1.4648
5.2622 1.4738 1.4600
5.2798 1.4683 1.4556
5.2975 1.4634 1.4516
5.3151 1.4590 1.4478
5.3328 1.4552 1.4442
5.3505 1.4519 1.4408
5.3681 1.4490 1.4373
5.3858 1.4465 1.4339
5.4034 1.4443 1.4304
5.4211 1.4423 1.4267
5.4388 1.4405 1.4230
5.4564 1.4388 1.4190
5.4741 1.4371 1.4149
5.4917 1.4354 1.4105
5.5094 1.4336 1.4060
5.5270 1.4315 1.4013
5.5447 1.4293 1.3963
5.5624 1.4268 1.3913
5.5800 1.4240 1.3861
5.5977 1.4209 1.3808
5.6153 1.4175 1.3755
5.6330 1.4138 1.3703
5.6507 1.4098 1.3651
5.6683 1.4056 1.3601
5.6860 1.4012 1.3553
5.7036 1.3967 1.3508
5.7213 1.3921 1.3466
5.7389 1.3876 1.3428
5.7566 1.3832 1.3394
5.7743 1.3790 1.3365
5.7919 1.3751 1.3340
5.8096 1.3715 1.3320
5.8272 1.3683 1.3306
5.8449 1.3657 1.3295
5.8626 1.3635 1.3290
5.8802 1.3619 1.3288
5.8979 1.3607 1.3290
5.9155 1.3601 1.3295
5.9332 1.3599 1.3302
5.9508 1.3601 1.3311
5.9685 1.3606 1.3321
5.9862 1.3614 1.3331
6.0038 1.3622 1.3340
6.0215 1.3629 1.3349
6.0391 1.3635 1.3356
6.0568 1.3638 1.3360
6.0745 1.3636 1.3361
6.0921 1.3629 1.3359
6.1098 1.3615 1.3354
6.1274 1.3593 1.3345
6.1451 1.3562 1.3331
6.1627 1.3521 1.3315
6.1804 1.3471 1.3294
6.1981 1.3411 1.3271
6.2157 1.3341 1.3244
6.2334 1.3262 1.3216
6.2510 1.3174 1.3186
6.2687 1.3078 1.3155
6.2864 1.2975 1.3124
6.3040 1.2866 1.3093
6.3217 1.2752 1.3063
6.3393 1.2634 1.3035
6.3570 1.2513 1.3009
6.3746 1.2390 1.2985
6.3923 1.2265 1.2964
6.4100 1.2141 1.2945
6.4276 1.2016 1.2927
6.4453 1.1892 1.2912
6.4629 1.1769 1.2897
6.4806 1.1647 1.2883
6.4983 1.1525 1.2867
6.5159 1.1406 1.2849
6.5336 1.1287 1.2827
6.5512 1.1170 1.2801
6.5689 1.1054 1.2768
6.5865 1.0939 1.2728
6.6042 1.0826 1.2680
6.6219 1.0715 1.2623
6.6395 1.0606 1.2556
6.6572 1.0498 1.2479
6.6748 1.0393 1.2392
6.6925 1.0290 1.2295
6.7102 1.0189 1.2190
6.7278 1.0092 1.2075
6.7455 0.9997 1.1954
6.7631 0.9904 1.1826
6.7808 0.9815 1.1693
6.7984 0.9728 1.1556
6.8161 0.9644 1.1417
6.8338 0.9563 1.1276
6.8514 0.9484 1.1136
6.8691 0.9408 1.0996
6.8867 0.9334 1.0857
6.9044 0.9263 1.0721
6.9221 0.9194 1.0588
6.9397 0.9127 1.0458
6.9574 0.9063 1.0332
6.9750 0.9002 1.0210
6.9927 0.8943 1.0092
7.0103 0.8886 0.9978
7.0280 0.8833 0.9869
7.0457 0.8782 0.9763
7.0633 0.8734 0.9662
7.0810 0.8688 0.9566
7.0986 0.8645 0.9473
7.1163 0.8604 0.9385
7.1340 0.8566 0.9301
7.1516 0.8530 0.9220
7.1693 0.8495 0.9144
7.1869 0.8463 0.9071
7.2046 0.8431 0.9001
7.2222 0.8401 0.8935
7.2399 0.8372 0.8873
7.2576 0.8344 0.8813
7.2752 0.8317 0.8755
7.2929 0.8291 0.8700
7.3105 0.8266 0.8648
7.3282 0.8241 0.8597
7.3459 0.8217 0.8548
7.3635 0.8194 0.8500
7.3812 0.8171 0.8454
7.3988 0.8149 0.8409
7.4165 0.8128 0.8365
7.4341 0.8107 0.8322
7.4518 0.8087 0.8280
7.4695 0.8067 0.8239
7.4871 0.8048 0.8200
7.5048 0.8029 0.8162
7.5224 0.8010 0.8125
7.5401 0.7991 0.8089
7.5577 0.7971 0.8055
7.5754 0.7951 0.8022
7.5931 0.7931 0.7991
7.6107 0.7910 0.7961
7.6284 0.7889 0.7932
7.6460 0.7866 0.7905
7.6637 0.7843 0.7878
7.6814 0.7819 0.7852
7.6990 0.7795 0.7828
7.7167 0.7769 0.7803
7.7343 0.7743 0.7779
7.7520 0.7717 0.7756
7.7696 0.7691 0.7733
7.7873 0.7665 0.7710
7.8050 0.7639 0.7687
7.8226 0.7613 0.7665
7.8403 0.7589 0.7643
7.8579 0.7565 0.7621
7.8756 0.7543 0.7601
7.8933 0.7522 0.7580
7.9109 0.7502 0.7560
7.9286 0.7484 0.7541
7.9462 0.7468 0.7523
7.9639 0.7453 0.7505
7.9815 0.7440 0.7488
7.9992 0.7428 0.7472
8.0169 0.7417 0.7456
8.0345 0.7407 0.7441
8.0522 0.7398 0.7426
8.0698 0.7390 0.7411
8.0875 0.7382 0.7398
8.1052 0.7375 0.7384
8.1228 0.7367 0.7372
8.1405 0.7360 0.7359
8.1581 0.7352 0.7348
8.1758 0.7344 0.7337
8.1934 0.7336 0.7328
8.2111 0.7326 0.7319
8.2288 0.7316 0.7311
8.2464 0.7305 0.7304
8.2641 0.7294 0.7299
8.2817 0.7281 0.7294
8.2994 0.7267 0.7290
8.3171 0.7252 0.7286
8.3347 0.7236 0.7283
8.3524 0.7219 0.7281
8.3700 0.7201 0.7279
8.3877 0.7181 0.7276
8.4053 0.7161 0.7274
8.4230 0.7141 0.7271
8.4407 0.7119 0.7267
8.4583 0.7097 0.7263
8.4760 0.7074 0.7258
8.4936 0.7050 0.7253
8.5113 0.7026 0.7246
8.5290 0.7002 0.7238
8.5466 0.6977 0.7230
8.5643 0.6953 0.7221
8.5819 0.6927 0.7211
8.5996 0.6902 0.7200
8.6172 0.6877 0.7189
8.6349 0.6851 0.7177
8.6526 0.6825 0.7164
8.6702 0.6799 0.7151
8.6879 0.6773 0.7137
8.7055 0.6746 0.7123
8.7232 0.6720 0.7109
8.7409 0.6693 0.7093
8.7585 0.6666 0.7077
8.7762 0.6638 0.7060
8.7938 0.6610 0.7043
8.8115 0.6582 0.7024
8.8291 0.6553 0.7005
8.8468 0.6523 0.6984
8.8645 0.6492 0.6962
8.8821 0.6461 0.6939
8.8998 0.6428 0.6915
8.9174 0.6395 0.6890
8.9351 0.6362 0.6864
8.9528 0.6328 0.6838
8.9704 0.6293 0.6811
8.9881 0.6259 0.6784
9.0057 0.6225 0.6758
9.0234 0.6191 0.6732
9.0410 0.6158 0.6708
9.0587 0.6127 0.6685
9.0764 0.6096 0.6664
9.0940 0.6068 0.6645
9.1117 0.6042 0.6629
9.1293 0.6019 0.6616
9.1470 0.5998 0.6605
9.1647 0.5980 0.6598
9.1823 0.5965 0.6595
9.2000 0.5952 0.6595
9.2176 0.5943 0.6598
9.2353 0.5936 0.6605
9.2529 0.5931 0.6615
9.2706 0.5929 0.6627
9.2883 0.5929 0.6643
9.3059 0.5930 0.6660
9.3236 0.5932 0.6680
9.3412 0.5935 0.6701
9.3589 0.5939 0.6723
9.3766 0.5942 0.6746
9.3942 0.5946 0.6768
9.4119 0.5950 0.6791
9.4295 0.5952 0.6813
9.4472 0.5955 0.6834
9.4648 0.5956 0.6854
9.4825 0.5957 0.6873
9.5002 0.5957 0.6890
9.5178 0.5955 0.6905
9.5355 0.5954 0.6919
9.5531 0.5951 0.6932
9.5708 0.5948 0.6944
9.5885 0.5945 0.6954
9.6061 0.5941 0.6963
9.6238 0.5937 0.6972
9.6414 0.5933 0.6980
9.6591 0.5930 0.6988
9.6767 0.5927 0.6995
9.6944 0.5924 0.7003
9.7121 0.5922 0.7010
9.7297 0.5920 0.7017
9.7474 0.5919 0.7024
9.7650 0.5918 0.7030
9.7827 0.5918 0.7036
9.8004 0.5919 0.7042
9.8180 0.5920 0.7046
9.8357 0.5921 0.7050
9.8533 0.5922 0.7052
9.8710 0.5924 0.7052
9.8886 0.5925 0.7050
9.9063 0.5926 0.7046
9.9240 0.5927 0.7040
9.9416 0.5927 0.7031
9.9593 0.5926 0.7018
9.9769 0.5925 0.7003
9.9946 0.5923 0.6984
10.0123 0.5920 0.6963
10.0299 0.5916 0.6938
10.0476 0.5911 0.6911
10.0652 0.5905 0.6880
10.0829 0.5898 0.6848
10.1005 0.5889 0.6813
10.1182 0.5880 0.6777
10.1359 0.5869 0.6740
10.1535 0.5858 0.6703
10.1712 0.5845 0.6665
10.1888 0.5830 0.6627
10.2065 0.5815 0.6590
10.2242 0.5799 0.6554
10.2418 0.5781 0.6519
10.2595 0.5763 0.6487
10.2771 0.5744 0.6456
10.2948 0.5724 0.6428
10.3124 0.5704 0.6401
10.3301 0.5684 0.6378
10.3478 0.5664 0.6357
10.3654 0.5644 0.6339
10.3831 0.5626 0.6324
10.4007 0.5608 0.6311
10.4184 0.5591 0.6302
10.4361 0.5576 0.6295
10.4537 0.5563 0.6291
10.4714 0.5552 0.6290
10.4890 0.5543 0.6292
10.5067 0.5537 0.6296
10.5243 0.5533 0.6303
10.5420 0.5532 0.6313
10.5597 0.5533 0.6324
10.5773 0.5537 0.6339
10.5950 0.5544 0.6355
10.6126 0.5552 0.6373
10.6303 0.5563 0.6393
10.6480 0.5576 0.6414
10.6656 0.5591 0.6436
10.6833 0.5607 0.6459
10.7009 0.5625 0.6481
10.7186 0.5644 0.6504
10.7362 0.5663 0.6526
10.7539 0.5682 0.6546
10.7716 0.5702 0.6565
10.7892 0.5722 0.6581
10.8069 0.5741 0.6594
10.8245 0.5759 0.6604
10.8422 0.5775 0.6610
10.8599 0.5791 0.6612
10.8775 0.5804 0.6609
10.8952 0.5815 0.6601
10.9128 0.5824 0.6589
10.9305 0.5831 0.6571
10.9481 0.5834 0.6549
10.9658 0.5835 0.6522
10.9835 0.5833 0.6491
11.0011 0.5829 0.6455
11.0188 0.5821 0.6416
11.0364 0.5811 0.6373
11.0541 0.5798 0.6328
11.0718 0.5783 0.6280
11.0894 0.5765 0.6231
11.1071 0.5746 0.6180
11.1247 0.5725 0.6128
11.1424 0.5702 0.6077
11.1600 0.5679 0.6025
11.1777 0.5655 0.5973
11.1954 0.5630 0.5923
11.2130 0.5605 0.5873
11.2307 0.5580 0.5824
11.2483 0.5555 0.5777
11.2660 0.5531 0.5731
11.2837 0.5507 0.5687
11.3013 0.5484 0.5644
11.3190 0.5461 0.5603
11.3366 0.5440 0.5563
11.3543 0.5420 0.5525
11.3719 0.5400 0.5488
11.3896 0.5382 0.5453
11.4073 0.5365 0.5419
11.4249 0.5349 0.5386
11.4426 0.5334 0.5354
11.4602 0.5319 0.5323
11.4779 0.5306 0.5293
11.4955 0.5293 0.5263
11.5132 0.5280 0.5233
11.5309 0.5268 0.5204
11.5485 0.5257 0.5175
11.5662 0.5245 0.5145
11.5838 0.5234 0.5116
11.6015 0.5222 0.5086
11.6192 0.5210 0.5057
11.6368 0.5198 0.5027
11.6545 0.5186 0.4997
11.6721 0.5173 0.4967
11.6898 0.5160 0.4937
11.7074 0.5146 0.4906
11.7251 0.5132 0.4876
11.7428 0.5117 0.4846
11.7604 0.5101 0.4816
11.7781 0.5085 0.4785
11.7957 0.5068 0.4755
11.8134 0.5050 0.4724
11.8311 0.5031 0.4694
11.8487 0.5012 0.4663
11.8664 0.4992 0.4632
11.8840 0.4971 0.4601
11.9017 0.4950 0.4570
11.9193 0.4927 0.4538
11.9370 0.4904 0.4506
11.9547 0.4880 0.4474
11.9723 0.4856 0.4442
11.9900 0.4830 0.4409
12.0076 0.4804 0.4376
12.0253 0.4777 0.4343
12.0430 0.4750 0.4310
12.0606 0.4722 0.4276
12.0783 0.4693 0.4244
12.0959 0.4664 0.4211
12.1136 0.4634 0.4178
12.1312 0.4603 0.4146
12.1489 0.4572 0.4115
12.1666 0.4540 0.4084
12.1842 0.4507 0.4053
12.2019 0.4474 0.4024
12.2195 0.4441 0.3995
12.2372 0.4407 0.3967
12.2549 0.4373 0.3939
12.2725 0.4338 0.3912
12.2902 0.4304 0.3886
12.3078 0.4269 0.3861
12.3255 0.4235 0.3836
12.3431 0.4200 0.3813
12.3608 0.4166 0.3790
12.3785 0.4132 0.3767
12.3961 0.4099 0.3745
12.4138 0.4066 0.3724
12.4314 0.4034 0.3703
12.4491 0.4003 0.3683
12.4668 0.3972 0.3663
12.4844 0.3943 0.3643
12.5021 0.3914 0.3624
12.5197 0.3886 0.3605
12.5374 0.3859 0.3586
12.5550 0.3833 0.3567
12.5727 0.3808 0.3548
12.5904 0.3784 0.3529
12.6080 0.3761 0.3510
12.6257 0.3739 0.3491
12.6433 0.3718 0.3473
12.6610 0.3697 0.3454
12.6787 0.3678 0.3435
12.6963 0.3659 0.3416
12.7140 0.3640 0.3398
12.7316 0.3623 0.3379
12.7493 0.3606 0.3361
12.7669 0.3589 0.3342
12.7846 0.3572 0.3324
12.8023 0.3556 0.3306
12.8199 0.3540 0.3288
12.8376 0.3523 0.3270
12.8552 0.3506 0.3252
12.8729 0.3489 0.3233
12.8906 0.3471 0.3215
12.9082 0.3452 0.3196
12.9259 0.3433 0.3177
12.9435 0.3412 0.3157
12.9612 0.3390 0.3137
12.9788 0.3368 0.3116
12.9965 0.3344 0.3094
13.0142 0.3319 0.3072
13.0318 0.3293 0.3049
13.0495 0.3265 0.3026
13.0671 0.3237 0.3002
13.0848 0.3208 0.2977
13.1025 0.3178 0.2951
13.1201 0.3148 0.2925
13.1378 0.3117 0.2899
13.1554 0.3085 0.2872
13.1731 0.3053 0.2845
13.1907 0.3022 0.2818
13.2084 0.2990 0.2791
13.2261 0.2958 0.2763
13.2437 0.2927 0.2736
13.2614 0.2896 0.2709
13.2790 0.2866 0.2682
13.2967 0.2837 0.2655
13.3144 0.2808 0.2628
13.3320 0.2780 0.2601
13.3497 0.2753 0.2575
13.3673 0.2727 0.2549
13.3850 0.2702 0.2523
13.4026 0.2678 0.2498
13.4203 0.2654 0.2473
13.4380 0.2632 0.2449
13.4556 0.2610 0.2425
13.4733 0.2589 0.2401
13.4909 0.2569 0.2378
13.5086 0.2549 0.2355
13.5263 0.2529 0.2333
13.5439 0.2510 0.2311
13.5616 0.2492 0.2290
13.5792 0.2473 0.2269
13.5969 0.2455 0.2249
13.6145 0.2436 0.2229
13.6322 0.2418 0.2210
13.6499 0.2399 0.2191
13.6675 0.2380 0.2172
13.6852 0.2361 0.2154
13.7028 0.2342 0.2136
13.7205 0.2323 0.2119
13.7382 0.2303 0.2102
13.7558 0.2282 0.2085
13.7735 0.2262 0.2069
13.7911 0.2241 0.2053
13.8088 0.2220 0.2037
13.8264 0.2198 0.2021
13.8441 0.2176 0.2006
13.8618 0.2154 0.1990
13.8794 0.2132 0.1975
13.8971 0.2109 0.1960
13.9147 0.2086 0.1944
13.9324 0.2063 0.1929
13.9501 0.2040 0.1914
13.9677 0.2017 0.1898
13.9854 0.1993 0.1883
14.0030 0.1970 0.1867
14.0207 0.1947 0.1851
14.0383 0.1923 0.1834
14.0560 0.1900 0.1818
14.0737 0.1878 0.1801
14.0913 0.1855 0.1784
14.1090 0.1833 0.1767
14.1266 0.1811 0.1749
14.1443 0.1789 0.1731
14.1620 0.1768 0.1713
14.1796 0.1747 0.1695
14.1973 0.1726 0.1677
14.2149 0.1706 0.1658
14.2326 0.1687 0.1640
14.2502 0.1667 0.1622
14.2679 0.1649 0.1603
14.2856 0.1630 0.1585
14.3032 0.1612 0.1567
14.3209 0.1595 0.1549
14.3385 0.1578 0.1531
14.3562 0.1561 0.1513
14.3739 0.1544 0.1495
14.3915 0.1528 0.1478
14.4092 0.1512 0.1461
14.4268 0.1497 0.1444
14.4445 0.1481 0.1428
14.4621 0.1466 0.1411
14.4798 0.1451 0.1395
14.4975 0.1437 0.1379
14.5151 0.1422 0.1363
14.5328 0.1408 0.1348
14.5504 0.1394 0.1333
14.5681 0.1380 0.1318
14.5858 0.1366 0.1303
14.6034 0.1352 0.1289
14.6211 0.1338 0.1274
14.6387 0.1325 0.1261
14.6564 0.1311 0.1247
14.6740 0.1298 0.1234
14.6917 0.1284 0.1221
14.7094 0.1271 0.1209
14.7270 0.1257 0.1197
14.7447 0.1244 0.1185
14.7623 0.1231 0.1173
14.7800 0.1218 0.1162
14.7977 0.1205 0.1151
14.8153 0.1192 0.1141
14.8330 0.1179 0.1130
14.8506 0.1166 0.1120
14.8683 0.1154 0.1110
14.8859 0.1141 0.1101
14.9036 0.1129 0.1091
14.9213 0.1117 0.1082
14.9389 0.1105 0.1072
14.9566 0.1093 0.1063
14.9742 0.1082 0.1054
14.9919 0.1071 0.1045
15.0096 0.1061 0.1036
15.0272 0.1050 0.1027
15.0449 0.1041 0.1018
15.0625 0.1031 0.1009
15.0802 0.1022 0.1000
15.0978 0.1013 0.0991
15.1155 0.1004 0.0983
15.1332 0.0996 0.0974
15.1508 0.0988 0.0966
15.1685 0.0980 0.0957
15.1861 0.0972 0.0949
15.2038 0.0964 0.0940
15.2214 0.0957 0.0932
15.2391 0.0949 0.0923
15.2568 0.0942 0.0915
15.2744 0.0935 0.0907
15.2921 0.0928 0.0898
15.3097 0.0920 0.0890
15.3274 0.0913 0.0881
15.3451 0.0906 0.0873
15.3627 0.0898 0.0865
15.3804 0.0891 0.0856
15.3980 0.0883 0.0848
15.4157 0.0876 0.0839
15.4333 0.0868 0.0831
15.4510 0.0861 0.0822
15.4687 0.0853 0.0814
15.4863 0.0845 0.0805
15.5040 0.0838 0.0797
15.5216 0.0830 0.0788
15.5393 0.0823 0.0780
15.5570 0.0815 0.0772
15.5746 0.0808 0.0764
15.5923 0.0801 0.0756
15.6099 0.0793 0.0748
15.6276 0.0786 0.0740
15.6452 0.0779 0.0733
15.6629 0.0772 0.0725
15.6806 0.0765 0.0718
15.6982 0.0758 0.0711
15.7159 0.0751 0.0704
15.7335 0.0744 0.0697
15.7512 0.0737 0.0691
15.7689 0.0731 0.0684
15.7865 0.0724 0.0678
15.8042 0.0717 0.0672
15.8218 0.0711 0.0666
15.8395 0.0704 0.0660
15.8571 0.0698 0.0654
15.8748 0.0691 0.0648
15.8925 0.0685 0.0642
15.9101 0.0678 0.0636
15.9278 0.0671 0.0631
15.9454 0.0665 0.0625
15.9631 0.0658 0.0620
15.9808 0.0652 0.0614
15.9984 0.0645 0.0609
16.0161 0.0638 0.0603
16.0337 0.0632 0.0598
16.0514 0.0625 0.0593
16.0690 0.0619 0.0587
16.0867 0.0612 0.0582
16.1044 0.0605 0.0577
16.1220 0.0599 0.0572
16.1397 0.0593 0.0567
16.1573 0.0586 0.0563
16.1750 0.0580 0.0558
16.1927 0.0574 0.0553
16.2103 0.0568 0.0549
16.2280 0.0562 0.0544
16.2456 0.0556 0.0539
16.2633 0.0551 0.0535
16.2809 0.0545 0.0531
16.2986 0.0540 0.0526
16.3163 0.0534 0.0522
16.3339 0.0529 0.0518
16.3516 0.0524 0.0514
16.3692 0.0518 0.0510
16.3869 0.0513 0.0506
16.4046 0.0508 0.0502
16.4222 0.0503 0.0498
16.4399 0.0498 0.0494
16.4575 0.0493 0.0490
16.4752 0.0488 0.0487
16.4928 0.0483 0.0483
16.5105 0.0479 0.0479
16.5282 0.0474 0.0476
16.5458 0.0469 0.0472
16.5635 0.0464 0.0469
16.5811 0.0460 0.0465
16.5988 0.0455 0.0462
16.6165 0.0450 0.0458
16.6341 0.0446 0.0455
16.6518 0.0441 0.0451
16.6694 0.0436 0.0448
16.6871 0.0432 0.0445
16.7047 0.0427 0.0441
16.7224 0.0423 0.0438
16.7401 0.0418 0.0434
16.7577 0.0414 0.0431
16.7754 0.0409 0.0428
16.7930 0.0405 0.0424
16.8107 0.0401 0.0421
16.8284 0.0396 0.0418
16.8460 0.0392 0.0414
16.8637 0.0388 0.0411
16.8813 0.0384 0.0408
16.8990 0.0380 0.0404
16.9166 0.0376 0.0401
16.9343 0.0372 0.0398
16.9520 0.0369 0.0394
16.9696 0.0365 0.0391
16.9873 0.0362 0.0388
17.0049 0.0359 0.0385
17.0226 0.0355 0.0381
17.0403 0.0352 0.0378
17.0579 0.0349 0.0375
17.0756 0.0346 0.0372
17.0932 0.0343 0.0368
17.1109 0.0341 0.0365
17.1285 0.0338 0.0362
17.1462 0.0336 0.0358
17.1639 0.0333 0.0355
17.1815 0.0331 0.0352
17.1992 0.0328 0.0348
17.2168 0.0326 0.0345
17.2345 0.0324 0.0342
17.2522 0.0321 0.0339
17.2698 0.0319 0.0335
17.2875 0.0317 0.0332
17.3051 0.0315 0.0329
17.3228 0.0313 0.0326
17.3404 0.0311 0.0323
17.3581 0.0309 0.0320
17.3758 0.0307 0.0317
17.3934 0.0305 0.0314
17.4111 0.0303 0.0311
17.4287 0.0301 0.0308
17.4464 0.0299 0.0305
17.4641 0.0297 0.0303
17.4817 0.0295 0.0300
17.4994 0.0293 0.0298
17.5170 0.0291 0.0295
17.5347 0.0289 0.0293
17.5523 0.0287 0.0290
17.5700 0.0285 0.0288
17.5877 0.0283 0.0286
17.6053 0.0281 0.0284
17.6230 0.0279 0.0282
17.6406 0.0277 0.0280
17.6583 0.0275 0.0278
17.6760 0.0273 0.0276
17.6936 0.0271 0.0274
17.7113 0.0269 0.0272
17.7289 0.0267 0.0270
17.7466 0.0265 0.0268
17.7642 0.0263 0.0267
17.7819 0.0261 0.0265
17.7996 0.0259 0.0263
17.8172 0.0257 0.0261
17.8349 0.0255 0.0259
17.8525 0.0253 0.0257
17.8702 0.0252 0.0256
17.8879 0.0250 0.0254
17.9055 0.0248 0.0252
17.9232 0.0246 0.0250
17.9408 0.0245 0.0248
17.9585 0.0243 0.0247
17.9761 0.0241 0.0245
17.9938 0.0240 0.0243
18.0115 0.0238 0.0241
18.0291 0.0236 0.0240
18.0468 0.0235 0.0238
18.0644 0.0233 0.0236
18.0821 0.0231 0.0234
18.0998 0.0230 0.0233
18.1174 0.0228 0.0231
18.1351 0.0226 0.0229
18.1527 0.0225 0.0227
18.1704 0.0223 0.0226
18.1880 0.0222 0.0224
18.2057 0.0220 0.0222
18.2234 0.0219 0.0221
18.2410 0.0217 0.0219
18.2587 0.0215 0.0217
18.2763 0.0214 0.0216
18.2940 0.0212 0.0214
18.3117 0.0211 0.0212
18.3293 0.0209 0.0210
18.3470 0.0208 0.0209
18.3646 0.0206 0.0207
18.3823 0.0204 0.0205
18.3999 0.0203 0.0204
18.4176 0.0201 0.0202
18.4353 0.0199 0.0200
18.4529 0.0198 0.0199
18.4706 0.0196 0.0197
18.4882 0.0194 0.0195
18.5059 0.0193 0.0194
18.5236 0.0191 0.0192
18.5412 0.0189 0.0191
18.5589 0.0188 0.0189
18.5765 0.0186 0.0187
18.5942 0.0184 0.0186
18.6118 0.0182 0.0184
18.6295 0.0181 0.0183
18.6472 0.0179 0.0181
18.6648 0.0178 0.0180
18.6825 0.0176 0.0178
18.7001 0.0175 0.0177
18.7178 0.0173 0.0175
18.7355 0.0171 0.0174
18.7531 0.0170 0.0172
18.7708 0.0169 0.0171
18.7884 0.0167 0.0169
18.8061 0.0166 0.0168
18.8237 0.0164 0.0167
18.8414 0.0163 0.0165
18.8591 0.0162 0.0164
18.8767 0.0161 0.0162
18.8944 0.0159 0.0161
18.9120 0.0158 0.0160
18.9297 0.0157 0.0158
18.9473 0.0156 0.0157
18.9650 0.0155 0.0156
18.9827 0.0153 0.0154
19.0003 0.0152 0.0153
19.0180 0.0151 0.0152
19.0356 0.0150 0.0151
19.0533 0.0149 0.0149
19.0710 0.0148 0.0148
19.0886 0.0147 0.0147
19.1063 0.0146 0.0146
19.1239 0.0145 0.0144
19.1416 0.0144 0.0143
19.1592 0.0143 0.0142
19.1769 0.0142 0.0141
19.1946 0.0141 0.0140
19.2122 0.0140 0.0139
19.2299 0.0139 0.0138
19.2475 0.0138 0.0137
19.2652 0.0137 0.0136
19.2829 0.0137 0.0134
19.3005 0.0136 0.0133
19.3182 0.0135 0.0132
19.3358 0.0134 0.0131
19.3535 0.0133 0.0130
19.3711 0.0132 0.0129
19.3888 0.0132 0.0128
19.4065 0.0131 0.0127
19.4241 0.0130 0.0126
19.4418 0.0129 0.0125
19.4594 0.0128 0.0124
19.4771 0.0128 0.0123
19.4948 0.0127 0.0122
19.5124 0.0126 0.0121
19.5301 0.0125 0.0120
19.5477 0.0124 0.0119
19.5654 0.0124 0.0118
19.5830 0.0123 0.0118
19.6007 0.0122 0.0117
19.6184 0.0121 0.0116
19.6360 0.0121 0.0115
19.6537 0.0120 0.0114
19.6713 0.0119 0.0113
19.6890 0.0118 0.0112
19.7067 0.0118 0.0111
19.7243 0.0117 0.0110
19.7420 0.0116 0.0110
19.7596 0.0116 0.0109
19.7773 0.0115 0.0108
19.7949 0.0115 0.0107
19.8126 0.0114 0.0106
19.8303 0.0113 0.0106
19.8479 0.0113 0.0105
19.8656 0.0112 0.0104
19.8832 0.0112 0.0103
19.9009 0.0111 0.0103
19.9186 0.0111 0.0102
19.9362 0.0110 0.0101
19.9539 0.0110 0.0100
19.9715 0.0109 0.0100
19.9892 0.0108 0.0099
20.0068 0.0108 0.0098
20.0245 0.0107 0.0097
20.0422 0.0107 0.0097
20.0598 0.0106 0.0096
20.0775 0.0106 0.0095
20.0951 0.0105 0.0094
20.1128 0.0104 0.0094
20.1305 0.0104 0.0093
20.1481 0.0103 0.0092
20.1658 0.0103 0.0091
20.1834 0.0102 0.0091
20.2011 0.0101 0.0090
20.2187 0.0101 0.0089
20.2364 0.0100 0.0089
20.2541 0.0099 0.0088
20.2717 0.0099 0.0087
20.2894 0.0098 0.0087
20.3070 0.0097 0.0086
20.3247 0.0096 0.0086
20.3424 0.0096 0.0085
20.3600 0.0095 0.0084
20.3777 0.0094 0.0084
20.3953 0.0094 0.0083
20.4130 0.0093 0.0083
20.4306 0.0092 0.0082
20.4483 0.0091 0.0082
20.4660 0.0091 0.0081
20.4836 0.0090 0.0080
20.5013 0.0089 0.0080
20.5189 0.0089 0.0079
20.5366 0.0088 0.0079
20.5543 0.0088 0.0078
20.5719 0.0087 0.0078
20.5896 0.0087 0.0078
20.6072 0.0086 0.0077
20.6249 0.0086 0.0077
20.6425 0.0085 0.0076
20.6602 0.0085 0.0076
20.6779 0.0084 0.0075
20.6955 0.0084 0.0075
20.7132 0.0083 0.0074
20.7308 0.0083 0.0074
20.7485 0.0083 0.0074
20.7662 0.0082 0.0073
20.7838 0.0082 0.0073
20.8015 0.0081 0.0072
20.8191 0.0081 0.0072
20.8368 0.0081 0.0072
20.8544 0.0080 0.0071
20.8721 0.0080 0.0071
20.8898 0.0079 0.0070
20.9074 0.0079 0.0070
20.9251 0.0078 0.0070
20.9427 0.0078 0.0069
20.9604 0.0077 0.0069
20.9781 0.0077 0.0068
20.9957 0.0076 0.0068
21.0134 0.0076 0.0068
21.0310 0.0075 0.0067
21.0487 0.0075 0.0067
21.0663 0.0074 0.0066
21.0840 0.0074 0.0066
21.1017 0.0073 0.0066
21.1193 0.0072 0.0065
21.1370 0.0072 0.0065
21.1546 0.0071 0.0064
21.1723 0.0071 0.0064
21.1900 0.0070 0.0064
21.2076 0.0070 0.0063
21.2253 0.0070 0.0063
21.2429 0.0069 0.0063
21.2606 0.0069 0.0062
21.2782 0.0068 0.0062
21.2959 0.0068 0.0061
21.3136 0.0067 0.0061
21.3312 0.0067 0.0061
21.3489 0.0067 0.0061
21.3665 0.0066 0.0060
21.3842 0.0066 0.0060
21.4019 0.0066 0.0060
21.4195 0.0065 0.0059
21.4372 0.0065 0.0059
21.4548 0.0064 0.0059
21.4725 0.0064 0.0059
21.4901 0.0064 0.0058
21.5078 0.0063 0.0058
21.5255 0.0063 0.0058
21.5431 0.0063 0.0058
21.5608 0.0062 0.0057
21.5784 0.0062 0.0057
21.5961 0.0062 0.0057
21.6138 0.0061 0.0057
21.6314 0.0061 0.0057
21.6491 0.0061 0.0056
21.6667 0.0060 0.0056
21.6844 0.0060 0.0056
21.7020 0.0060 0.0056
21.7197 0.0059 0.0055
21.7374 0.0059 0.0055
21.7550 0.0059 0.0055
21.7727 0.0058 0.0055
21.7903 0.0058 0.0054
21.8080 0.0057 0.0054
21.8257 0.0057 0.0054
21.8433 0.0057 0.0054
21.8610 0.0056 0.0053
21.8786 0.0056 0.0053
21.8963 0.0056 0.0053
21.9139 0.0055 0.0052
21.9316 0.0055 0.0052
21.9493 0.0055 0.0052
21.9669 0.0054 0.0052
21.9846 0.0054 0.0051
22.0022 0.0054 0.0051
22.0199 0.0053 0.0051
22.0376 0.0053 0.0050
22.0552 0.0053 0.0050
22.0729 0.0053 0.0050
22.0905 0.0052 0.0050
22.1082 0.0052 0.0049
22.1258 0.0052 0.0049
22.1435 0.0051 0.0049
22.1612 0.0051 0.0048
22.1788 0.0051 0.0048
22.1965 0.0051 0.0048
22.2141 0.0050 0.0048
22.2318 0.0050 0.0048
22.2495 0.0050 0.0047
22.2671 0.0050 0.0047
22.2848 0.0050 0.0047
22.3024 0.0049 0.0047
22.3201 0.0049 0.0047
22.3377 0.0049 0.0047
22.3554 0.0049 0.0046
22.3731 0.0049 0.0046
22.3907 0.0049 0.0046
22.4084 0.0048 0.0046
22.4260 0.0048 0.0046
22.4437 0.0048 0.0046
22.4614 0.0048 0.0046
22.4790 0.0048 0.0046
22.4967 0.0048 0.0045
22.5143 0.0048 0.0045
22.5320 0.0048 0.0045
22.5496 0.0047 0.0045
22.5673 0.0047 0.0045
22.5850 0.0047 0.0045
22.6026 0.0047 0.0045
22.6203 0.0047 0.0045
22.6379 0.0047 0.0044
22.6556 0.0047 0.0044
22.6732 0.0047 0.0044
22.6909 0.0047 0.0044
22.7086 0.0047 0.0044
22.7262 0.0047 0.0044
22.7439 0.0047 0.0044
22.7615 0.0047 0.0044
22.7792 0.0047 0.0044
22.7969 0.0047 0.0044
22.8145 0.0047 0.0044
22.8322 0.0047 0.0044
22.8498 0.0047 0.0044
22.8675 0.0047 0.0044
22.8851 0.0047 0.0044
22.9028 0.0047 0.0044
22.9205 0.0047 0.0044
22.9381 0.0047 0.0044
22.9558 0.0047 0.0044
22.9734 0.0047 0.0044
22.9911 0.0047 0.0044
23.0088 0.0047 0.0044
23.0264 0.0047 0.0044
23.0441 0.0047 0.0044
23.0617 0.0047 0.0044
23.0794 0.0047 0.0045
23.0970 0.0047 0.0045
23.1147 0.0047 0.0045
23.1324 0.0047 0.0045
23.1500 0.0047 0.0045
23.1677 0.0047 0.0045
23.1853 0.0047 0.0045
23.2030 0.0048 0.0045
23.2207 0.0048 0.0045
23.2383 0.0048 0.0045
23.2560 0.0048 0.0045
23.2736 0.0048 0.0045
23.2913 0.0048 0.0045
23.3089 0.0048 0.0045
23.3266 0.0048 0.0045
23.3443 0.0048 0.0045
23.3619 0.0048 0.0045
23.3796 0.0049 0.0045
23.3972 0.0049 0.0045
23.4149 0.0049 0.0045
23.4326 0.0049 0.0045
23.4502 0.0049 0.0045
23.4679 0.0049 0.0045
23.4855 0.0049 0.0045
23.5032 0.0049 0.0044
23.5208 0.0049 0.0044
23.5385 0.0049 0.0044
23.5562 0.0049 0.0044
23.5738 0.0049 0.0044
23.5915 0.0049 0.0044
23.6091 0.0049 0.0044
23.6268 0.0049 0.0044
23.6445 0.0049 0.0044
23.6621 0.0049 0.0044
23.6798 0.0049 0.0044
23.6974 0.0049 0.0044
23.7151 0.0049 0.0044
23.7327 0.0049 0.0044
23.7504 0.0049 0.0044
23.7681 0.0049 0.0044
23.7857 0.0049 0.0044
23.8034 0.0049 0.0043
23.8210 0.0048 0.0043
23.8387 0.0048 0.0043
23.8564 0.0048 0.0043
23.8740 0.0048 0.0043
23.8917 0.0048 0.0043
23.9093 0.0048 0.0043
23.9270 0.0047 0.0043
23.9446 0.0047 0.0043
23.9623 0.0047 0.0043
23.9800 0.0047 0.0043
23.9976 0.0046 0.0042
24.0153 0.0046 0.0042
24.0329 0.0046 0.0042
24.0506 0.0046 0.0042
24.0683 0.0045 0.0042
24.0859 0.0045 0.0042
24.1036 0.0045 0.0041
24.1212 0.0044 0.0041
24.1389 0.0044 0.0041
24.1565 0.0044 0.0041
24.1742 0.0043 0.0041
24.1919 0.0043 0.0040
24.2095 0.0043 0.0040
24.2272 0.0042 0.0040
24.2448 0.0042 0.0040
24.2625 0.0042 0.0039
24.2802 0.0041 0.0039
24.2978 0.0041 0.0039
24.3155 0.0041 0.0038
24.3331 0.0040 0.0038
24.3508 0.0040 0.0038
24.3684 0.0040 0.0038
24.3861 0.0039 0.0037
24.4038 0.0039 0.0037
24.4214 0.0038 0.0037
24.4391 0.0038 0.0036
24.4567 0.0038 0.0036
24.4744 0.0037 0.0036
24.4921 0.0037 0.0035
24.5097 0.0037 0.0035
24.5274 0.0036 0.0035
24.5450 0.0036 0.0034
24.5627 0.0036 0.0034
24.5803 0.0035 0.0034
24.5980 0.0035 0.0033
24.6157 0.0035 0.0033
24.6333 0.0034 0.0033
24.6510 0.0034 0.0032
24.6686 0.0033 0.0032
24.6863 0.0033 0.0032
24.7040 0.0033 0.0031
24.7216 0.0032 0.0031
24.7393 0.0032 0.0031
24.7569 0.0032 0.0030
24.7746 0.0031 0.0030
24.7922 0.0031 0.0030
24.8099 0.0031 0.0029
24.8276 0.0030 0.0029
24.8452 0.0030 0.0029
24.8629 0.0030 0.0029
24.8805 0.0029 0.0028
24.8982 0.0029 0.0028
24.9159 0.0029 0.0028
24.9335 0.0028 0.0027
24.9512 0.0028 0.0027
24.9688 0.0028 0.0027
24.9865 0.0028 0.0026
25.0041 0.0027 0.0026
25.0218 0.0027 0.0026
25.0395 0.0027 0.0025
25.0571 0.0027 0.0025
25.0748 0.0026 0.0025
25.0924 0.0026 0.0025
25.1101 0.0026 0.0024
25.1278 0.0026 0.0024
25.1454 0.0025 0.0024
25.1631 0.0025 0.0024
25.1807 0.0025 0.0023
25.1984 0.0025 0.0023
25.2160 0.0024 0.0023
25.2337 0.0024 0.0023
25.2514 0.0024 0.0023
25.2690 0.0024 0.0022
25.2867 0.0024 0.0022
25.3043 0.0023 0.0022
25.3220 0.0023 0.0022
25.3397 0.0023 0.0022
25.3573 0.0023 0.0021
25.3750 0.0023 0.0021
25.3926 0.0023 0.0021
25.4103 0.0022 0.0021
25.4279 0.0022 0.0021
25.4456 0.0022 0.0021
25.4633 0.0022 0.0020
25.4809 0.0022 0.0020
25.4986 0.0022 0.0020
25.5162 0.0022 0.0020
25.5339 0.0021 0.0020
25.5516 0.0021 0.0020
25.5692 0.0021 0.0020
25.5869 0.0021 0.0020
25.6045 0.0021 0.0020
25.6222 0.0021 0.0019
25.6398 0.0021 0.0019
25.6575 0.0021 0.0019
25.6752 0.0021 0.0019
25.6928 0.0021 0.0019
25.7105 0.0021 0.0019
25.7281 0.0020 0.0019
25.7458 0.0020 0.0019
25.7635 0.0020 0.0019
25.7811 0.0020 0.0019
25.7988 0.0020 0.0019
25.8164 0.0020 0.0019
25.8341 0.0020 0.0019
25.8517 0.0020 0.0019
25.8694 0.0020 0.0019
25.8871 0.0020 0.0019
25.9047 0.0020 0.0019
25.9224 0.0020 0.0019
25.9400 0.0020 0.0019
25.9577 0.0020 0.0019
25.9754 0.0020 0.0019
25.9930 0.0020 0.0019
26.0107 0.0020 0.0019
26.0283 0.0020 0.0019
26.0460 0.0020 0.0018
26.0636 0.0020 0.0018
26.0813 0.0020 0.0018
26.0990 0.0020 0.0018
26.1166 0.0020 0.0018
26.1343 0.0020 0.0018
26.1519 0.0020 0.0018
26.1696 0.0019 0.0018
26.1873 0.0019 0.0018
26.2049 0.0019 0.0018
26.2226 0.0019 0.0018
26.2402 0.0019 0.0018
26.2579 0.0019 0.0018
26.2755 0.0019 0.0018
26.2932 0.0019 0.0018
26.3109 0.0019 0.0018
26.3285 0.0019 0.0018
26.3462 0.0019 0.0018
26.3638 0.0019 0.0018
26.3815 0.0019 0.0018
26.3991 0.0019 0.0018
26.4168 0.0019 0.0018
26.4345 0.0018 0.0018
26.4521 0.0018 0.0017
26.4698 0.0018 0.0017
26.4874 0.0018 0.0017
26.5051 0.0018 0.0017
26.5228 0.0018 0.0017
26.5404 0.0018 0.0017
26.5581 0.0018 0.0017
26.5757 0.0017 0.0017
26.5934 0.0017 0.0016
26.6110 0.0017 0.0016
26.6287 0.0017 0.0016
26.6464 0.0017 0.0016
26.6640 0.0017 0.0016
26.6817 0.0016 0.0016
26.6993 0.0016 0.0016
26.7170 0.0016 0.0015
26.7347 0.0016 0.0015
26.7523 0.0016 0.0015
26.7700 0.0016 0.0015
26.7876 0.0015 0.0015
26.8053 0.0015 0.0015
26.8229 0.0015 0.0015
26.8406 0.0015 0.0014
26.8583 0.0015 0.0014
26.8759 0.0015 0.0014
26.8936 0.0014 0.0014
26.9112 0.0014 0.0014
26.9289 0.0014 0.0014
26.9466 0.0014 0.0014
26.9642 0.0014 0.0013
26.9819 0.0014 0.0013
26.9995 0.0013 0.0013
27.0172 0.0013 0.0013
27.0348 0.0013 0.0013
27.0525 0.0013 0.0013
27.0702 0.0013 0.0013
27.0878 0.0013 0.0013
27.1055 0.0013 0.0012
27.1231 0.0012 0.0012
27.1408 0.0012 0.0012
27.1585 0.0012 0.0012
27.1761 0.0012 0.0012
27.1938 0.0012 0.0012
27.2114 0.0012 0.0012
27.2291 0.0012 0.0012
27.2467 0.0012 0.0012
27.2644 0.0011 0.0011
27.2821 0.0011 0.0011
27.2997 0.0011 0.0011
27.3174 0.0011 0.0011
27.3350 0.0011 0.0011
27.3527 0.0011 0.0011
27.3704 0.0011 0.0011
27.3880 0.0011 0.0011
27.4057 0.0011 0.0011
27.4233 0.0011 0.0011
27.4410 0.0010 0.0011
27.4586 0.0010 0.0011
27.4763 0.0010 0.0010
27.4940 0.0010 0.0010
27.5116 0.0010 0.0010
27.5293 0.0010 0.0010
27.5469 0.0010 0.0010
27.5646 0.0010 0.0010
27.5823 0.0010 0.0010
27.5999 0.0010 0.0010
27.6176 0.0010 0.0010
27.6352 0.0010 0.0010
27.6529 0.0010 0.0010
27.6705 0.0010 0.0010
27.6882 0.0010 0.0010
27.7059 0.0010 0.0010
27.7235 0.0009 0.0010
27.7412 0.0009 0.0010
27.7588 0.0009 0.0009
27.7765 0.0009 0.0009
27.7942 0.0009 0.0009
27.8118 0.0009 0.0009
27.8295 0.0009 0.0009
27.8471 0.0009 0.0009
27.8648 0.0009 0.0009
27.8824 0.0009 0.0009
27.9001 0.0009 0.0009
27.9178 0.0009 0.0009
27.9354 0.0009 0.0009
27.9531 0.0009 0.0009
27.9707 0.0009 0.0009
27.9884 0.0009 0.0009
28.0061 0.0009 0.0009
28.0237 0.0009 0.0009
28.0414 0.0009 0.0009
28.0590 0.0009 0.0009
28.0767 0.0009 0.0009
28.0943 0.0009 0.0009
28.1120 0.0008 0.0009
28.1297 0.0008 0.0009
28.1473 0.0008 0.0009
28.1650 0.0008 0.0008
28.1826 0.0008 0.0008
28.2003 0.0008 0.0008
28.2180 0.0008 0.0008
28.2356 0.0008 0.0008
28.2533 0.0008 0.0008
28.2709 0.0008 0.0008
28.2886 0.0008 0.0008
28.3062 0.0008 0.0008
28.3239 0.0008 0.0008
28.3416 0.0008 0.0008
28.3592 0.0008 0.0008
28.3769 0.0008 0.0008
28.3945 0.0008 0.0008
28.4122 0.0008 0.0008
28.4299 0.0008 0.0008
28.4475 0.0008 0.0008
28.4652 0.0008 0.0008
28.4828 0.0008 0.0008
28.5005 0.0008 0.0008
28.5181 0.0008 0.0008
28.5358 0.0008 0.0008
28.5535 0.0008 0.0008
28.5711 0.0008 0.0008
28.5888 0.0008 0.0008
28.6064 0.0008 0.0008
28.6241 0.0008 0.0008
28.6418 0.0008 0.0008
28.6594 0.0008 0.0008
28.6771 0.0007 0.0008
28.6947 0.0007 0.0008
28.7124 0.0007 0.0008
28.7300 0.0007 0.0008
28.7477 0.0007 0.0007
28.7654 0.0007 0.0007
28.7830 0.0007 0.0007
28.8007 0.0007 0.0007
28.8183 0.0007 0.0007
28.8360 0.0007 0.0007
28.8537 0.0007 0.0007
28.8713 0.0007 0.0007
28.8890 0.0007 0.0007
28.9066 0.0007 0.0007
28.9243 0.0007 0.0007
28.9419 0.0007 0.0007
28.9596 0.0007 0.0007
28.9773 0.0007 0.0007
28.9949 0.0007 0.0007
29.0126 0.0007 0.0007
29.0302 0.0007 0.0007
29.0479 0.0007 0.0007
29.0656 0.0007 0.0007
29.0832 0.0007 0.0007
29.1009 0.0007 0.0007
29.1185 0.0007 0.0007
29.1362 0.0007 0.0007
29.1538 0.0007 0.0007
29.1715 0.0007 0.0007
29.1892 0.0007 0.0007
29.2068 0.0007 0.0007
29.2245 0.0007 0.0007
29.2421 0.0007 0.0007
29.2598 0.0007 0.0007
29.2775 0.0007 0.0007
29.2951 0.0007 0.0007
29.3128 0.0007 0.0007
29.3304 0.0007 0.0007
29.3481 0.0007 0.0007
29.3657 0.0007 0.0007
29.3834 0.0007 0.0007
29.4011 0.0007 0.0007
29.4187 0.0007 0.0007
29.4364 0.0007 0.0007
29.4540 0.0007 0.0007
29.4717 0.0007 0.0007
29.4894 0.0007 0.0007
29.5070 0.0007 0.0007
29.5247 0.0007 0.0007
29.5423 0.0007 0.0007
29.5600 0.0007 0.0007
29.5776 0.0007 0.0007
29.5953 0.0007 0.0007
29.6130 0.0006 0.0007
29.6306 0.0006 0.0007
29.6483 0.0006 0.0007
29.6659 0.0006 0.0007
29.6836 0.0006 0.0007
29.7013 0.0006 0.0007
29.7189 0.0006 0.0007
29.7366 0.0006 0.0007
29.7542 0.0006 0.0006
29.7719 0.0006 0.0006
29.7895 0.0006 0.0006
29.8072 0.0006 0.0006
29.8249 0.0006 0.0006
29.8425 0.0006 0.0006
29.8602 0.0006 0.0006
29.8778 0.0006 0.0006
29.8955 0.0006 0.0006
29.9132 0.0006 0.0006
29.9308 0.0006 0.0006
29.9485 0.0006 0.0006
29.9661 0.0006 0.0006
29.9838 0.0006 0.0006
30.0014 0.0006 0.0006
30.0191 0.0006 0.0006
30.0368 0.0006 0.0006
30.0544 0.0006 0.0006
30.0721 0.0006 0.0006
30.0897 0.0006 0.0006
30.1074 0.0006 0.0006
30.1251 0.0006 0.0006
30.1427 0.0006 0.0006
30.1604 0.0006 0.0006
30.1780 0.0006 0.0006
30.1957 0.0006 0.0006
30.2133 0.0006 0.0006
30.2310 0.0006 0.0006
30.2487 0.0006 0.0006
30.2663 0.0006 0.0006
30.2840 0.0006 0.0006
30.3016 0.0006 0.0006
30.3193 0.0006 0.0006
30.3369 0.0006 0.0006
30.3546 0.0006 0.0006
30.3723 0.0006 0.0006
30.3899 0.0006 0.0006
30.4076 0.0006 0.0006
30.4252 0.0006 0.0006
30.4429 0.0006 0.0006
30.4606 0.0006 0.0006
30.4782 0.0006 0.0006
30.4959 0.0006 0.0006
30.5135 0.0006 0.0006
30.5312 0.0006 0.0006
30.5488 0.0006 0.0006
30.5665 0.0006 0.0006
30.5842 0.0006 0.0006
30.6018 0.0006 0.0006
30.6195 0.0006 0.0006
30.6371 0.0006 0.0006
30.6548 0.0006 0.0006
30.6725 0.0006 0.0006
30.6901 0.0006 0.0006
30.7078 0.0006 0.0006
30.7254 0.0006 0.0006
30.7431 0.0006 0.0006
30.7607 0.0006 0.0006
30.7784 0.0006 0.0006
30.7961 0.0006 0.0006
30.8137 0.0006 0.0006
30.8314 0.0006 0.0006
30.8490 0.0006 0.0006
30.8667 0.0006 0.0006
30.8844 0.0006 0.0006
30.9020 0.0006 0.0006
30.9197 0.0006 0.0006
30.9373 0.0006 0.0006
30.9550 0.0006 0.0006
30.9726 0.0006 0.0006
30.9903 0.0006 0.0006
31.0080 0.0006 0.0006
31.0256 0.0005 0.0006
31.0433 0.0005 0.0006
31.0609 0.0005 0.0006
31.0786 0.0005 0.0006
31.0963 0.0005 0.0006
31.1139 0.0005 0.0006
31.1316 0.0005 0.0006
31.1492 0.0005 0.0006
31.1669 0.0005 0.0006
31.1845 0.0005 0.0006
31.2022 0.0005 0.0005
31.2199 0.0005 0.0005
31.2375 0.0005 0.0005
31.2552 0.0005 0.0005
31.2728 0.0005 0.0005
31.2905 0.0005 0.0005
31.3082 0.0005 0.0005
31.3258 0.0005 0.0005
31.3435 0.0005 0.0005
31.3611 0.0005 0.0005
31.3788 0.0005 0.0005
31.3964 0.0005 0.0005
31.4141 0.0005 0.0005
31.4318 0.0005 0.0005
31.4494 0.0005 0.0005
31.4671 0.0005 0.0005
31.4847 0.0005 0.0005
31.5024 0.0005 0.0005
31.5201 0.0005 0.0005
31.5377 0.0005 0.0005
31.5554 0.0005 0.0005
31.5730 0.0005 0.0005
31.5907 0.0005 0.0005
31.6083 0.0005 0.0005
31.6260 0.0005 0.0005
31.6437 0.0005 0.0005
31.6613 0.0005 0.0005
31.6790 0.0005 0.0005
31.6966 0.0005 0.0005
31.7143 0.0005 0.0005
31.7320 0.0005 0.0005
31.7496 0.0005 0.0005
31.7673 0.0005 0.0005
31.7849 0.0005 0.0005
31.8026 0.0005 0.0005
31.8202 0.0005 0.0005
31.8379 0.0005 0.0005
31.8556 0.0005 0.0005
31.8732 0.0005 0.0005
31.8909 0.0005 0.0005
31.9085 0.0005 0.0005
31.9262 0.0005 0.0005
31.9439 0.0005 0.0005
31.9615 0.0005 0.0005
31.9792 0.0005 0.0005
31.9968 0.0005 0.0005
32.0145 0.0005 0.0005
32.0321 0.0005 0.0005
32.0498 0.0005 0.0005
32.0675 0.0005 0.0005
32.0851 0.0005 0.0005
32.1028 0.0005 0.0005
32.1204 0.0005 0.0005
32.1381 0.0005 0.0005
32.1558 0.0005 0.0005
32.1734 0.0005 0.0005
32.1911 0.0005 0.0005
32.2087 0.0005 0.0005
32.2264 0.0005 0.0005
32.2440 0.0005 0.0005
32.2617 0.0005 0.0005
32.2794 0.0005 0.0005
32.2970 0.0005 0.0005
32.3147 0.0005 0.0005
32.3323 0.0005 0.0005
32.3500 0.0005 0.0005
32.3677 0.0005 0.0005
32.3853 0.0005 0.0005
32.4030 0.0005 0.0005
32.4206 0.0005 0.0005
32.4383 0.0005 0.0005
32.4559 0.0005 0.0005
32.4736 0.0005 0.0005
32.4913 0.0005 0.0005
32.5089 0.0005 0.0005
32.5266 0.0005 0.0005
32.5442 0.0005 0.0005
32.5619 0.0005 0.0005
32.5796 0.0005 0.0005
32.5972 0.0005 0.0005
32.6149 0.0005 0.0005
32.6325 0.0005 0.0005
32.6502 0.0005 0.0005
32.6678 0.0005 0.0005
32.6855 0.0005 0.0005
32.7032 0.0005 0.0005
32.7208 0.0005 0.0005
32.7385 0.0005 0.0005
32.7561 0.0005 0.0005
32.7738 0.0005 0.0005
32.7915 0.0005 0.0005
32.8091 0.0005 0.0005
32.8268 0.0005 0.0005
32.8444 0.0005 0.0005
32.8621 0.0005 0.0005
32.8797 0.0005 0.0005
32.8974 0.0005 0.0005
32.9151 0.0004 0.0005
32.9327 0.0004 0.0005
32.9504 0.0004 0.0005
32.9680 0.0004 0.0005
32.9857 0.0004 0.0005
33.0034 0.0004 0.0005
33.0210 0.0004 0.0005
33.0387 0.0004 0.0005
33.0563 0.0004 0.0005
33.0740 0.0004 0.0005
33.0916 0.0004 0.0005
33.1093 0.0004 0.0004
33.1270 0.0004 0.0004
33.1446 0.0004 0.0004
33.1623 0.0004 0.0004
33.1799 0.0004 0.0004
33.1976 0.0004 0.0004
33.2153 0.0004 0.0004
33.2329 0.0004 0.0004
33.2506 0.0004 0.0004
33.2682 0.0004 0.0004
33.2859 0.0004 0.0004
33.3035 0.0004 0.0004
33.3212 0.0004 0.0004
33.3389 0.0004 0.0004
33.3565 0.0004 0.0004
33.3742 0.0004 0.0004
33.3918 0.0004 0.0004
33.4095 0.0004 0.0004
33.4272 0.0004 0.0004
33.4448 0.0004 0.0004
33.4625 0.0004 0.0004
33.4801 0.0004 0.0004
33.4978 0.0004 0.0004
33.5154 0.0004 0.0004
33.5331 0.0004 0.0004
33.5508 0.0004 0.0004
33.5684 0.0004 0.0004
33.5861 0.0004 0.0004
33.6037 0.0004 0.0004
33.6214 0.0004 0.0004
33.6391 0.0004 0.0004
33.6567 0.0004 0.0004
33.6744 0.0004 0.0004
33.6920 0.0004 0.0004
33.7097 0.0004 0.0004
33.7273 0.0004 0.0004
33.7450 0.0004 0.0004
33.7627 0.0004 0.0004
33.7803 0.0004 0.0004
33.7980 0.0004 0.0004
33.8156 0.0004 0.0004
33.8333 0.0004 0.0004
33.8510 0.0004 0.0004
33.8686 0.0004 0.0004
33.8863 0.0004 0.0004
33.9039 0.0004 0.0004
33.9216 0.0004 0.0004
33.9392 0.0004 0.0004
33.9569 0.0004 0.0004
33.9746 0.0004 0.0004
33.9922 0.0004 0.0004
34.0099 0.0004 0.0004
34.0275 0.0004 0.0004
34.0452 0.0004 0.0004
34.0628 0.0004 0.0004
34.0805 0.0004 0.0004
34.0982 0.0004 0.0004
34.1158 0.0004 0.0004
34.1335 0.0004 0.0004
34.1511 0.0004 0.0004
34.1688 0.0004 0.0004
34.1865 0.0004 0.0004
34.2041 0.0004 0.0004
34.2218 0.0004 0.0004
34.2394 0.0004 0.0004
34.2571 0.0004 0.0004
34.2747 0.0004 0.0004
34.2924 0.0004 0.0004
34.3101 0.0004 0.0004
34.3277 0.0004 0.0004
34.3454 0.0004 0.0004
34.3630 0.0004 0.0004
34.3807 0.0004 0.0004
34.3984 0.0004 0.0004
34.4160 0.0004 0.0004
34.4337 0.0004 0.0004
34.4513 0.0004 0.0004
34.4690 0.0004 0.0004
34.4866 0.0004 0.0004
34.5043 0.0004 0.0004
34.5220 0.0004 0.0004
34.5396 0.0004 0.0004
34.5573 0.0004 0.0004
34.5749 0.0004 0.0004
34.5926 0.0004 0.0004
34.6103 0.0004 0.0004
34.6279 0.0004 0.0004
34.6456 0.0004 0.0004
34.6632 0.0004 0.0004
34.6809 0.0004 0.0004
34.6985 0.0004 0.0004
34.7162 0.0004 0.0004
34.7339 0.0004 0.0004
34.7515 0.0004 0.0004
34.7692 0.0004 0.0004
34.7868 0.0004 0.0004
34.8045 0.0004 0.0004
34.8222 0.0004 0.0004
34.8398 0.0004 0.0004
34.8575 0.0004 0.0004
34.8751 0.0004 0.0004
34.8928 0.0004 0.0004
34.9104 0.0004 0.0004
34.9281 0.0004 0.0004
34.9458 0.0004 0.0004
34.9634 0.0004 0.0004
34.9811 0.0004 0.0004
34.9987 0.0004 0.0004
35.0164 0.0004 0.0004
35.0341 0.0004 0.0004
35.0517 0.0004 0.0004
35.0694 0.0004 0.0004
35.0870 0.0004 0.0004
35.1047 0.0004 0.0004
35.1223 0.0004 0.0004
35.1400 0.0004 0.0004
35.1577 0.0004 0.0004
35.1753 0.0004 0.0004
35.1930 0.0004 0.0004
35.2106 0.0004 0.0004
35.2283 0.0004 0.0004
35.2460 0.0004 0.0004
35.2636 0.0004 0.0004
35.2813 0.0004 0.0004
35.2989 0.0004 0.0004
  
  
  
  
  
dim="1">gridpoints</dimension>  
  
  
  
  
  
  
  
  
0.0000 665.3297 656.3344
0.0177 665.3297 656.3344
0.0353 332.6307 328.4211
0.0530 221.7156 219.2289
0.0706 166.2461 164.7161
0.0883 132.9541 132.0744
0.1059 110.7503 110.3674
0.1236 94.8816 94.9080
0.1413 82.9713 83.3527
0.1589 73.6986 74.3992
0.1766 66.2708 67.2664
0.1942 60.1833 61.4570
0.2119 55.0994 56.6393
0.2296 50.7861 52.5836
0.2472 47.0767 49.1258
0.2649 43.8493 46.1451
0.2825 41.0124 43.5509
0.3002 38.4966 41.2736
0.3178 36.2479 39.2586
0.3355 34.2243 37.4628
0.3532 32.3924 35.8513
0.3708 30.7259 34.3955
0.3885 29.2035 33.0717
0.4061 27.8079 31.8603
0.4238 26.5252 30.7447
0.4415 25.3439 29.7107
0.4591 24.2545 28.7465
0.4768 23.2490 27.8418
0.4944 22.3205 26.9882
0.5121 21.4630 26.1783
0.5297 20.6713 25.4062
0.5474 19.9405 24.6671
0.5651 19.2660 23.9570
0.5827 18.6437 23.2729
0.6004 18.0696 22.6127
0.6180 17.5398 21.9748
0.6357 17.0507 21.3583
0.6534 16.5988 20.7628
0.6710 16.1807 20.1882
0.6887 15.7933 19.6345
0.7063 15.4337 19.1022
0.7240 15.0992 18.5915
0.7416 14.7874 18.1027
0.7593 14.4960 17.6359
0.7770 14.2231 17.1910
0.7946 13.9670 16.7676
0.8123 13.7262 16.3651
0.8299 13.4994 15.9826
0.8476 13.2856 15.6190
0.8653 13.0838 15.2729
0.8829 12.8932 14.9430
0.9006 12.7132 14.6275
0.9182 12.5429 14.3250
0.9359 12.3820 14.0339
0.9535 12.2298 13.7528
0.9712 12.0856 13.4805
0.9889 11.9490 13.2157
1.0065 11.8193 12.9577
1.0242 11.6958 12.7057
1.0418 11.5778 12.4592
1.0595 11.4647 12.2179
1.0772 11.3556 11.9816
1.0948 11.2498 11.7503
1.1125 11.1465 11.5240
1.1301 11.0450 11.3030
1.1478 10.9444 11.0873
1.1654 10.8441 10.8770
1.1831 10.7433 10.6724
1.2008 10.6415 10.4735
1.2184 10.5380 10.2803
1.2361 10.4325 10.0927
1.2537 10.3244 9.9107
1.2714 10.2136 9.7341
1.2891 10.0997 9.5625
1.3067 9.9828 9.3957
1.3244 9.8629 9.2334
1.3420 9.7401 9.0751
1.3597 9.6146 8.9205
1.3773 9.4868 8.7694
1.3950 9.3572 8.6214
1.4127 9.2261 8.4763
1.4303 9.0943 8.3340
1.4480 8.9623 8.1945
1.4656 8.8307 8.0577
1.4833 8.7000 7.9239
1.5010 8.5709 7.7931
1.5186 8.4438 7.6655
1.5363 8.3191 7.5415
1.5539 8.1971 7.4213
1.5716 8.0781 7.3052
1.5892 7.9621 7.1933
1.6069 7.8491 7.0858
1.6246 7.7389 6.9828
1.6422 7.6313 6.8843
1.6599 7.5259 6.7903
1.6775 7.4224 6.7005
1.6952 7.3202 6.6148
1.7129 7.2189 6.5328
1.7305 7.1179 6.4541
1.7482 7.0169 6.3784
1.7658 6.9154 6.3051
1.7835 6.8131 6.2339
1.8011 6.7096 6.1643
1.8188 6.6049 6.0959
1.8365 6.4989 6.0283
1.8541 6.3915 5.9613
1.8718 6.2830 5.8946
1.8894 6.1734 5.8281
1.9071 6.0631 5.7617
1.9248 5.9524 5.6954
1.9424 5.8417 5.6292
1.9601 5.7313 5.5634
1.9777 5.6216 5.4981
1.9954 5.5130 5.4333
2.0130 5.4058 5.3695
2.0307 5.3005 5.3066
2.0484 5.1972 5.2450
2.0660 5.0964 5.1847
2.0837 4.9981 5.1257
2.1013 4.9027 5.0683
2.1190 4.8103 5.0122
2.1367 4.7212 4.9576
2.1543 4.6355 4.9041
2.1720 4.5533 4.8517
2.1896 4.4749 4.8003
2.2073 4.4003 4.7495
2.2249 4.3297 4.6992
2.2426 4.2632 4.6492
2.2603 4.2009 4.5993
2.2779 4.1428 4.5492
2.2956 4.0889 4.4988
2.3132 4.0394 4.4479
2.3309 3.9940 4.3966
2.3486 3.9528 4.3446
2.3662 3.9155 4.2920
2.3839 3.8821 4.2387
2.4015 3.8523 4.1848
2.4192 3.8258 4.1304
2.4368 3.8024 4.0756
2.4545 3.7819 4.0204
2.4722 3.7637 3.9651
2.4898 3.7477 3.9099
2.5075 3.7336 3.8549
2.5251 3.7210 3.8005
2.5428 3.7095 3.7469
2.5605 3.6990 3.6943
2.5781 3.6891 3.6432
2.5958 3.6796 3.5936
2.6134 3.6701 3.5460
2.6311 3.6606 3.5007
2.6487 3.6507 3.4578
2.6664 3.6402 3.4176
2.6841 3.6290 3.3804
2.7017 3.6169 3.3462
2.7194 3.6038 3.3153
2.7370 3.5895 3.2876
2.7547 3.5739 3.2632
2.7724 3.5570 3.2422
2.7900 3.5387 3.2243
2.8077 3.5189 3.2095
2.8253 3.4978 3.1975
2.8430 3.4752 3.1882
2.8606 3.4513 3.1812
2.8783 3.4261 3.1761
2.8960 3.3998 3.1726
2.9136 3.3725 3.1704
2.9313 3.3443 3.1691
2.9489 3.3154 3.1683
2.9666 3.2860 3.1676
2.9843 3.2561 3.1668
3.0019 3.2260 3.1656
3.0196 3.1959 3.1638
3.0372 3.1658 3.1611
3.0549 3.1360 3.1575
3.0725 3.1066 3.1529
3.0902 3.0777 3.1473
3.1079 3.0493 3.1407
3.1255 3.0216 3.1331
3.1432 2.9946 3.1245
3.1608 2.9683 3.1151
3.1785 2.9426 3.1047
3.1962 2.9176 3.0936
3.2138 2.8933 3.0817
3.2315 2.8695 3.0689
3.2491 2.8461 3.0554
3.2668 2.8232 3.0408
3.2844 2.8006 3.0253
3.3021 2.7783 3.0087
3.3198 2.7562 2.9908
3.3374 2.7343 2.9716
3.3551 2.7126 2.9509
3.3727 2.6911 2.9286
3.3904 2.6699 2.9046
3.4081 2.6489 2.8788
3.4257 2.6283 2.8511
3.4434 2.6082 2.8215
3.4610 2.5886 2.7901
3.4787 2.5696 2.7568
3.4963 2.5513 2.7219
3.5140 2.5337 2.6855
3.5317 2.5169 2.6477
3.5493 2.5008 2.6089
3.5670 2.4854 2.5692
3.5846 2.4707 2.5291
3.6023 2.4565 2.4886
3.6200 2.4428 2.4483
3.6376 2.4295 2.4083
3.6553 2.4163 2.3690
3.6729 2.4032 2.3306
3.6906 2.3899 2.2934
3.7082 2.3765 2.2574
3.7259 2.3627 2.2230
3.7436 2.3485 2.1902
3.7612 2.3337 2.1591
3.7789 2.3184 2.1298
3.7965 2.3025 2.1023
3.8142 2.2859 2.0766
3.8318 2.2686 2.0528
3.8495 2.2508 2.0307
3.8672 2.2323 2.0104
3.8848 2.2132 1.9918
3.9025 2.1936 1.9749
3.9201 2.1735 1.9595
3.9378 2.1529 1.9458
3.9555 2.1321 1.9335
3.9731 2.1109 1.9226
3.9908 2.0896 1.9130
4.0084 2.0683 1.9047
4.0261 2.0470 1.8976
4.0437 2.0259 1.8915
4.0614 2.0052 1.8865
4.0791 1.9850 1.8825
4.0967 1.9655 1.8793
4.1144 1.9467 1.8770
4.1320 1.9290 1.8755
4.1497 1.9123 1.8748
4.1674 1.8969 1.8747
4.1850 1.8829 1.8754
4.2027 1.8703 1.8768
4.2203 1.8592 1.8788
4.2380 1.8497 1.8815
4.2556 1.8418 1.8848
4.2733 1.8354 1.8889
4.2910 1.8304 1.8936
4.3086 1.8268 1.8988
4.3263 1.8244 1.9046
4.3439 1.8231 1.9109
4.3616 1.8226 1.9175
4.3793 1.8228 1.9243
4.3969 1.8235 1.9311
4.4146 1.8243 1.9376
4.4322 1.8252 1.9438
4.4499 1.8258 1.9492
4.4675 1.8260 1.9537
4.4852 1.8256 1.9570
4.5029 1.8246 1.9589
4.5205 1.8227 1.9592
4.5382 1.8200 1.9577
4.5558 1.8165 1.9543
4.5735 1.8120 1.9491
4.5912 1.8068 1.9419
4.6088 1.8008 1.9329
4.6265 1.7942 1.9222
4.6441 1.7870 1.9099
4.6618 1.7794 1.8961
4.6794 1.7714 1.8811
4.6971 1.7631 1.8651
4.7148 1.7546 1.8483
4.7324 1.7459 1.8308
4.7501 1.7370 1.8129
4.7677 1.7279 1.7946
4.7854 1.7186 1.7761
4.8031 1.7091 1.7575
4.8207 1.6993 1.7389
4.8384 1.6892 1.7203
4.8560 1.6787 1.7019
4.8737 1.6679 1.6836
4.8913 1.6567 1.6655
4.9090 1.6452 1.6476
4.9267 1.6333 1.6300
4.9443 1.6211 1.6129
4.9620 1.6087 1.5961
4.9796 1.5962 1.5799
4.9973 1.5836 1.5643
5.0150 1.5711 1.5493
5.0326 1.5587 1.5351
5.0503 1.5465 1.5217
5.0679 1.5347 1.5092
5.0856 1.5232 1.4975
5.1032 1.5121 1.4867
5.1209 1.5016 1.4769
5.1386 1.4917 1.4680
5.1562 1.4823 1.4599
5.1739 1.4736 1.4526
5.1915 1.4655 1.4461
5.2092 1.4580 1.4403
5.2269 1.4512 1.4351
5.2445 1.4451 1.4305
5.2622 1.4396 1.4263
5.2798 1.4347 1.4225
5.2975 1.4303 1.4189
5.3151 1.4266 1.4156
5.3328 1.4233 1.4123
5.3505 1.4205 1.4092
5.3681 1.4181 1.4060
5.3858 1.4160 1.4028
5.4034 1.4141 1.3995
5.4211 1.4125 1.3960
5.4388 1.4110 1.3924
5.4564 1.4095 1.3886
5.4741 1.4080 1.3845
5.4917 1.4064 1.3803
5.5094 1.4046 1.3759
5.5270 1.4026 1.3712
5.5447 1.4004 1.3664
5.5624 1.3979 1.3615
5.5800 1.3950 1.3565
5.5977 1.3919 1.3514
5.6153 1.3884 1.3463
5.6330 1.3847 1.3413
5.6507 1.3807 1.3364
5.6683 1.3765 1.3317
5.6860 1.3721 1.3272
5.7036 1.3677 1.3231
5.7213 1.3632 1.3193
5.7389 1.3589 1.3159
5.7566 1.3547 1.3129
5.7743 1.3507 1.3104
5.7919 1.3470 1.3084
5.8096 1.3438 1.3068
5.8272 1.3409 1.3058
5.8449 1.3386 1.3051
5.8626 1.3368 1.3049
5.8802 1.3355 1.3051
5.8979 1.3347 1.3056
5.9155 1.3343 1.3063
5.9332 1.3344 1.3072
5.9508 1.3348 1.3083
5.9685 1.3354 1.3094
5.9862 1.3362 1.3105
6.0038 1.3370 1.3115
6.0215 1.3377 1.3123
6.0391 1.3381 1.3129
6.0568 1.3382 1.3133
6.0745 1.3377 1.3133
6.0921 1.3366 1.3130
6.1098 1.3347 1.3123
6.1274 1.3320 1.3112
6.1451 1.3284 1.3097
6.1627 1.3238 1.3078
6.1804 1.3182 1.3056
6.1981 1.3116 1.3031
6.2157 1.3041 1.3004
6.2334 1.2957 1.2975
6.2510 1.2864 1.2944
6.2687 1.2764 1.2913
6.2864 1.2657 1.2881
6.3040 1.2545 1.2851
6.3217 1.2428 1.2822
6.3393 1.2308 1.2794
6.3570 1.2186 1.2769
6.3746 1.2062 1.2746
6.3923 1.1937 1.2725
6.4100 1.1813 1.2706
6.4276 1.1688 1.2690
6.4453 1.1565 1.2674
6.4629 1.1443 1.2659
6.4806 1.1322 1.2643
6.4983 1.1202 1.2626
6.5159 1.1084 1.2606
6.5336 1.0967 1.2581
6.5512 1.0851 1.2552
6.5689 1.0737 1.2515
6.5865 1.0624 1.2471
6.6042 1.0513 1.2418
6.6219 1.0404 1.2355
6.6395 1.0297 1.2283
6.6572 1.0192 1.2200
6.6748 1.0089 1.2108
6.6925 0.9989 1.2007
6.7102 0.9891 1.1896
6.7278 0.9797 1.1778
6.7455 0.9705 1.1653
6.7631 0.9615 1.1522
6.7808 0.9529 1.1387
6.7984 0.9446 1.1249
6.8161 0.9365 1.1109
6.8338 0.9286 1.0969
6.8514 0.9211 1.0829
6.8691 0.9137 1.0690
6.8867 0.9067 1.0553
6.9044 0.8998 1.0419
6.9221 0.8932 1.0288
6.9397 0.8869 1.0161
6.9574 0.8808 1.0037
6.9750 0.8749 0.9918
6.9927 0.8693 0.9803
7.0103 0.8640 0.9693
7.0280 0.8590 0.9587
7.0457 0.8542 0.9485
7.0633 0.8497 0.9388
7.0810 0.8454 0.9294
7.0986 0.8414 0.9205
7.1163 0.8376 0.9121
7.1340 0.8341 0.9040
7.1516 0.8307 0.8963
7.1693 0.8275 0.8890
7.1869 0.8245 0.8820
7.2046 0.8216 0.8754
7.2222 0.8188 0.8692
7.2399 0.8161 0.8632
7.2576 0.8135 0.8575
7.2752 0.8110 0.8520
7.2929 0.8086 0.8468
7.3105 0.8062 0.8418
7.3282 0.8039 0.8370
7.3459 0.8017 0.8323
7.3635 0.7995 0.8278
7.3812 0.7974 0.8234
7.3988 0.7954 0.8191
7.4165 0.7934 0.8149
7.4341 0.7915 0.8108
7.4518 0.7896 0.8069
7.4695 0.7878 0.8030
7.4871 0.7860 0.7993
7.5048 0.7842 0.7957
7.5224 0.7824 0.7922
7.5401 0.7806 0.7888
7.5577 0.7787 0.7856
7.5754 0.7768 0.7826
7.5931 0.7749 0.7796
7.6107 0.7729 0.7769
7.6284 0.7708 0.7742
7.6460 0.7686 0.7716
7.6637 0.7664 0.7691
7.6814 0.7641 0.7667
7.6990 0.7617 0.7644
7.7167 0.7592 0.7621
7.7343 0.7567 0.7599
7.7520 0.7542 0.7577
7.7696 0.7516 0.7555
7.7873 0.7491 0.7534
7.8050 0.7466 0.7512
7.8226 0.7442 0.7492
7.8403 0.7419 0.7471
7.8579 0.7397 0.7451
7.8756 0.7376 0.7431
7.8933 0.7356 0.7413
7.9109 0.7338 0.7394
7.9286 0.7322 0.7377
7.9462 0.7307 0.7360
7.9639 0.7293 0.7343
7.9815 0.7281 0.7328
7.9992 0.7271 0.7312
8.0169 0.7261 0.7298
8.0345 0.7252 0.7284
8.0522 0.7245 0.7270
8.0698 0.7237 0.7257
8.0875 0.7230 0.7244
8.1052 0.7224 0.7232
8.1228 0.7217 0.7221
8.1405 0.7210 0.7210
8.1581 0.7203 0.7200
8.1758 0.7196 0.7190
8.1934 0.7187 0.7182
8.2111 0.7178 0.7174
8.2288 0.7169 0.7168
8.2464 0.7158 0.7162
8.2641 0.7146 0.7158
8.2817 0.7133 0.7154
8.2994 0.7120 0.7151
8.3171 0.7105 0.7148
8.3347 0.7089 0.7146
8.3524 0.7072 0.7145
8.3700 0.7053 0.7143
8.3877 0.7034 0.7141
8.4053 0.7014 0.7139
8.4230 0.6994 0.7137
8.4407 0.6972 0.7134
8.4583 0.6950 0.7130
8.4760 0.6927 0.7125
8.4936 0.6904 0.7120
8.5113 0.6881 0.7114
8.5290 0.6857 0.7106
8.5466 0.6832 0.7098
8.5643 0.6808 0.7089
8.5819 0.6783 0.7079
8.5996 0.6758 0.7069
8.6172 0.6733 0.7057
8.6349 0.6708 0.7046
8.6526 0.6682 0.7033
8.6702 0.6656 0.7021
8.6879 0.6631 0.7007
8.7055 0.6605 0.6993
8.7232 0.6578 0.6979
8.7409 0.6552 0.6964
8.7585 0.6525 0.6948
8.7762 0.6498 0.6931
8.7938 0.6470 0.6914
8.8115 0.6442 0.6895
8.8291 0.6413 0.6876
8.8468 0.6384 0.6855
8.8645 0.6353 0.6833
8.8821 0.6322 0.6810
8.8998 0.6290 0.6786
8.9174 0.6258 0.6762
8.9351 0.6225 0.6736
8.9528 0.6191 0.6710
8.9704 0.6157 0.6684
8.9881 0.6123 0.6658
9.0057 0.6090 0.6633
9.0234 0.6057 0.6608
9.0410 0.6025 0.6585
9.0587 0.5995 0.6563
9.0764 0.5966 0.6544
9.0940 0.5940 0.6527
9.1117 0.5915 0.6512
9.1293 0.5893 0.6500
9.1470 0.5874 0.6492
9.1647 0.5858 0.6487
9.1823 0.5844 0.6485
9.2000 0.5834 0.6487
9.2176 0.5826 0.6492
9.2353 0.5820 0.6500
9.2529 0.5817 0.6512
9.2706 0.5816 0.6526
9.2883 0.5817 0.6543
9.3059 0.5819 0.6562
9.3236 0.5823 0.6582
9.3412 0.5826 0.6604
9.3589 0.5831 0.6627
9.3766 0.5835 0.6650
9.3942 0.5839 0.6673
9.4119 0.5843 0.6696
9.4295 0.5846 0.6718
9.4472 0.5849 0.6739
9.4648 0.5851 0.6759
9.4825 0.5851 0.6777
9.5002 0.5851 0.6794
9.5178 0.5850 0.6809
9.5355 0.5849 0.6823
9.5531 0.5847 0.6835
9.5708 0.5844 0.6846
9.5885 0.5841 0.6856
9.6061 0.5837 0.6866
9.6238 0.5834 0.6874
9.6414 0.5830 0.6882
9.6591 0.5827 0.6890
9.6767 0.5825 0.6897
9.6944 0.5822 0.6904
9.7121 0.5820 0.6911
9.7297 0.5819 0.6918
9.7474 0.5819 0.6925
9.7650 0.5819 0.6931
9.7827 0.5819 0.6937
9.8004 0.5820 0.6942
9.8180 0.5821 0.6946
9.8357 0.5823 0.6948
9.8533 0.5824 0.6950
9.8710 0.5826 0.6949
9.8886 0.5827 0.6947
9.9063 0.5829 0.6942
9.9240 0.5829 0.6934
9.9416 0.5829 0.6924
9.9593 0.5829 0.6910
9.9769 0.5827 0.6894
9.9946 0.5825 0.6874
10.0123 0.5822 0.6851
10.0299 0.5818 0.6825
10.0476 0.5812 0.6797
10.0652 0.5806 0.6766
10.0829 0.5799 0.6733
10.1005 0.5790 0.6698
10.1182 0.5781 0.6661
10.1359 0.5770 0.6624
10.1535 0.5758 0.6586
10.1712 0.5745 0.6548
10.1888 0.5730 0.6511
10.2065 0.5715 0.6474
10.2242 0.5698 0.6439
10.2418 0.5681 0.6405
10.2595 0.5662 0.6373
10.2771 0.5643 0.6343
10.2948 0.5624 0.6315
10.3124 0.5604 0.6290
10.3301 0.5584 0.6268
10.3478 0.5564 0.6248
10.3654 0.5545 0.6231
10.3831 0.5527 0.6217
10.4007 0.5510 0.6206
10.4184 0.5494 0.6197
10.4361 0.5480 0.6192
10.4537 0.5468 0.6189
10.4714 0.5458 0.6189
10.4890 0.5450 0.6192
10.5067 0.5445 0.6197
10.5243 0.5442 0.6205
10.5420 0.5442 0.6215
10.5597 0.5444 0.6228
10.5773 0.5449 0.6243
10.5950 0.5457 0.6260
10.6126 0.5466 0.6279
10.6303 0.5478 0.6299
10.6480 0.5492 0.6320
10.6656 0.5507 0.6342
10.6833 0.5524 0.6365
10.7009 0.5542 0.6388
10.7186 0.5561 0.6410
10.7362 0.5580 0.6431
10.7539 0.5600 0.6451
10.7716 0.5620 0.6468
10.7892 0.5639 0.6483
10.8069 0.5658 0.6495
10.8245 0.5675 0.6504
10.8422 0.5692 0.6508
10.8599 0.5706 0.6508
10.8775 0.5719 0.6504
10.8952 0.5730 0.6494
10.9128 0.5738 0.6480
10.9305 0.5743 0.6461
10.9481 0.5746 0.6436
10.9658 0.5746 0.6408
10.9835 0.5743 0.6375
11.0011 0.5737 0.6337
11.0188 0.5728 0.6297
11.0364 0.5717 0.6253
11.0541 0.5703 0.6206
11.0718 0.5687 0.6158
11.0894 0.5669 0.6108
11.1071 0.5649 0.6057
11.1247 0.5628 0.6005
11.1424 0.5605 0.5953
11.1600 0.5581 0.5901
11.1777 0.5556 0.5849
11.1954 0.5531 0.5799
11.2130 0.5506 0.5749
11.2307 0.5481 0.5701
11.2483 0.5456 0.5654
11.2660 0.5432 0.5608
11.2837 0.5408 0.5564
11.3013 0.5385 0.5522
11.3190 0.5363 0.5481
11.3366 0.5342 0.5442
11.3543 0.5322 0.5405
11.3719 0.5303 0.5369
11.3896 0.5285 0.5334
11.4073 0.5268 0.5300
11.4249 0.5252 0.5268
11.4426 0.5237 0.5236
11.4602 0.5223 0.5206
11.4779 0.5209 0.5176
11.4955 0.5197 0.5146
11.5132 0.5184 0.5116
11.5309 0.5173 0.5087
11.5485 0.5161 0.5058
11.5662 0.5149 0.5029
11.5838 0.5138 0.5000
11.6015 0.5126 0.4970
11.6192 0.5114 0.4941
11.6368 0.5102 0.4911
11.6545 0.5090 0.4881
11.6721 0.5077 0.4851
11.6898 0.5063 0.4821
11.7074 0.5049 0.4791
11.7251 0.5034 0.4761
11.7428 0.5019 0.4731
11.7604 0.5003 0.4700
11.7781 0.4987 0.4670
11.7957 0.4970 0.4640
11.8134 0.4952 0.4610
11.8311 0.4933 0.4579
11.8487 0.4913 0.4549
11.8664 0.4893 0.4518
11.8840 0.4872 0.4487
11.9017 0.4850 0.4456
11.9193 0.4827 0.4424
11.9370 0.4804 0.4392
11.9547 0.4780 0.4360
11.9723 0.4755 0.4328
11.9900 0.4729 0.4295
12.0076 0.4703 0.4263
12.0253 0.4676 0.4230
12.0430 0.4648 0.4197
12.0606 0.4620 0.4164
12.0783 0.4591 0.4131
12.0959 0.4561 0.4099
12.1136 0.4531 0.4067
12.1312 0.4500 0.4035
12.1489 0.4469 0.4004
12.1666 0.4437 0.3973
12.1842 0.4404 0.3944
12.2019 0.4371 0.3914
12.2195 0.4338 0.3886
12.2372 0.4304 0.3858
12.2549 0.4270 0.3831
12.2725 0.4235 0.3805
12.2902 0.4201 0.3779
12.3078 0.4166 0.3754
12.3255 0.4131 0.3730
12.3431 0.4097 0.3707
12.3608 0.4063 0.3684
12.3785 0.4030 0.3662
12.3961 0.3997 0.3641
12.4138 0.3964 0.3620
12.4314 0.3932 0.3599
12.4491 0.3901 0.3579
12.4668 0.3871 0.3560
12.4844 0.3842 0.3541
12.5021 0.3814 0.3522
12.5197 0.3786 0.3503
12.5374 0.3760 0.3484
12.5550 0.3735 0.3465
12.5727 0.3710 0.3447
12.5904 0.3686 0.3428
12.6080 0.3664 0.3410
12.6257 0.3642 0.3391
12.6433 0.3621 0.3373
12.6610 0.3601 0.3354
12.6787 0.3582 0.3335
12.6963 0.3563 0.3317
12.7140 0.3545 0.3299
12.7316 0.3528 0.3280
12.7493 0.3511 0.3262
12.7669 0.3495 0.3244
12.7846 0.3478 0.3226
12.8023 0.3462 0.3208
12.8199 0.3446 0.3190
12.8376 0.3429 0.3172
12.8552 0.3413 0.3154
12.8729 0.3395 0.3136
12.8906 0.3377 0.3118
12.9082 0.3358 0.3099
12.9259 0.3339 0.3080
12.9435 0.3318 0.3060
12.9612 0.3296 0.3040
12.9788 0.3273 0.3019
12.9965 0.3249 0.2998
13.0142 0.3224 0.2976
13.0318 0.3198 0.2953
13.0495 0.3171 0.2929
13.0671 0.3142 0.2905
13.0848 0.3113 0.2880
13.1025 0.3083 0.2855
13.1201 0.3053 0.2829
13.1378 0.3022 0.2803
13.1554 0.2990 0.2776
13.1731 0.2959 0.2749
13.1907 0.2927 0.2722
13.2084 0.2896 0.2695
13.2261 0.2864 0.2668
13.2437 0.2833 0.2641
13.2614 0.2803 0.2614
13.2790 0.2773 0.2587
13.2967 0.2744 0.2560
13.3144 0.2716 0.2534
13.3320 0.2688 0.2508
13.3497 0.2662 0.2482
13.3673 0.2636 0.2456
13.3850 0.2612 0.2431
13.4026 0.2588 0.2406
13.4203 0.2565 0.2381
13.4380 0.2543 0.2357
13.4556 0.2521 0.2334
13.4733 0.2501 0.2310
13.4909 0.2481 0.2288
13.5086 0.2461 0.2265
13.5263 0.2442 0.2244
13.5439 0.2424 0.2222
13.5616 0.2405 0.2201
13.5792 0.2387 0.2181
13.5969 0.2369 0.2161
13.6145 0.2350 0.2142
13.6322 0.2332 0.2123
13.6499 0.2314 0.2104
13.6675 0.2295 0.2086
13.6852 0.2276 0.2068
13.7028 0.2257 0.2051
13.7205 0.2238 0.2034
13.7382 0.2218 0.2017
13.7558 0.2198 0.2001
13.7735 0.2178 0.1985
13.7911 0.2157 0.1969
13.8088 0.2136 0.1954
13.8264 0.2115 0.1938
13.8441 0.2093 0.1923
13.8618 0.2071 0.1908
13.8794 0.2049 0.1893
13.8971 0.2026 0.1878
13.9147 0.2003 0.1863
13.9324 0.1981 0.1848
13.9501 0.1958 0.1833
13.9677 0.1934 0.1817
13.9854 0.1911 0.1802
14.0030 0.1888 0.1786
14.0207 0.1865 0.1770
14.0383 0.1842 0.1754
14.0560 0.1820 0.1738
14.0737 0.1797 0.1721
14.0913 0.1775 0.1704
14.1090 0.1753 0.1687
14.1266 0.1731 0.1670
14.1443 0.1710 0.1652
14.1620 0.1689 0.1635
14.1796 0.1668 0.1617
14.1973 0.1648 0.1599
14.2149 0.1629 0.1581
14.2326 0.1609 0.1562
14.2502 0.1591 0.1544
14.2679 0.1572 0.1526
14.2856 0.1554 0.1508
14.3032 0.1537 0.1490
14.3209 0.1519 0.1472
14.3385 0.1503 0.1455
14.3562 0.1486 0.1437
14.3739 0.1470 0.1420
14.3915 0.1454 0.1403
14.4092 0.1439 0.1386
14.4268 0.1423 0.1370
14.4445 0.1409 0.1354
14.4621 0.1394 0.1338
14.4798 0.1379 0.1322
14.4975 0.1365 0.1306
14.5151 0.1351 0.1291
14.5328 0.1337 0.1276
14.5504 0.1323 0.1261
14.5681 0.1309 0.1246
14.5858 0.1295 0.1232
14.6034 0.1282 0.1218
14.6211 0.1269 0.1204
14.6387 0.1255 0.1190
14.6564 0.1242 0.1177
14.6740 0.1229 0.1165
14.6917 0.1216 0.1152
14.7094 0.1203 0.1140
14.7270 0.1190 0.1128
14.7447 0.1177 0.1117
14.7623 0.1164 0.1106
14.7800 0.1151 0.1095
14.7977 0.1138 0.1084
14.8153 0.1125 0.1074
14.8330 0.1113 0.1064
14.8506 0.1100 0.1054
14.8683 0.1088 0.1045
14.8859 0.1076 0.1035
14.9036 0.1064 0.1026
14.9213 0.1052 0.1017
14.9389 0.1041 0.1008
14.9566 0.1029 0.0999
14.9742 0.1019 0.0990
14.9919 0.1008 0.0981
15.0096 0.0998 0.0972
15.0272 0.0988 0.0963
15.0449 0.0978 0.0955
15.0625 0.0969 0.0946
15.0802 0.0960 0.0938
15.0978 0.0951 0.0929
15.1155 0.0943 0.0921
15.1332 0.0935 0.0913
15.1508 0.0927 0.0904
15.1685 0.0919 0.0896
15.1861 0.0912 0.0888
15.2038 0.0905 0.0880
15.2214 0.0897 0.0871
15.2391 0.0890 0.0863
15.2568 0.0883 0.0855
15.2744 0.0876 0.0847
15.2921 0.0869 0.0839
15.3097 0.0862 0.0831
15.3274 0.0855 0.0823
15.3451 0.0848 0.0814
15.3627 0.0841 0.0806
15.3804 0.0833 0.0798
15.3980 0.0826 0.0790
15.4157 0.0819 0.0781
15.4333 0.0812 0.0773
15.4510 0.0804 0.0765
15.4687 0.0797 0.0757
15.4863 0.0789 0.0748
15.5040 0.0782 0.0740
15.5216 0.0775 0.0732
15.5393 0.0768 0.0724
15.5570 0.0760 0.0716
15.5746 0.0753 0.0708
15.5923 0.0746 0.0700
15.6099 0.0739 0.0693
15.6276 0.0732 0.0685
15.6452 0.0725 0.0678
15.6629 0.0718 0.0671
15.6806 0.0711 0.0664
15.6982 0.0705 0.0657
15.7159 0.0698 0.0650
15.7335 0.0691 0.0644
15.7512 0.0685 0.0638
15.7689 0.0678 0.0631
15.7865 0.0672 0.0625
15.8042 0.0665 0.0619
15.8218 0.0659 0.0613
15.8395 0.0653 0.0608
15.8571 0.0646 0.0602
15.8748 0.0640 0.0596
15.8925 0.0633 0.0591
15.9101 0.0627 0.0585
15.9278 0.0621 0.0580
15.9454 0.0614 0.0574
15.9631 0.0608 0.0569
15.9808 0.0601 0.0564
15.9984 0.0595 0.0558
16.0161 0.0589 0.0553
16.0337 0.0582 0.0548
16.0514 0.0576 0.0543
16.0690 0.0569 0.0538
16.0867 0.0563 0.0533
16.1044 0.0557 0.0529
16.1220 0.0551 0.0524
16.1397 0.0544 0.0519
16.1573 0.0538 0.0514
16.1750 0.0532 0.0510
16.1927 0.0526 0.0505
16.2103 0.0521 0.0501
16.2280 0.0515 0.0497
16.2456 0.0509 0.0492
16.2633 0.0504 0.0488
16.2809 0.0498 0.0484
16.2986 0.0493 0.0480
16.3163 0.0488 0.0476
16.3339 0.0483 0.0472
16.3516 0.0478 0.0468
16.3692 0.0473 0.0464
16.3869 0.0468 0.0460
16.4046 0.0463 0.0456
16.4222 0.0458 0.0453
16.4399 0.0453 0.0449
16.4575 0.0448 0.0445
16.4752 0.0444 0.0442
16.4928 0.0439 0.0438
16.5105 0.0434 0.0435
16.5282 0.0430 0.0432
16.5458 0.0425 0.0428
16.5635 0.0421 0.0425
16.5811 0.0416 0.0422
16.5988 0.0412 0.0418
16.6165 0.0407 0.0415
16.6341 0.0403 0.0412
16.6518 0.0398 0.0408
16.6694 0.0394 0.0405
16.6871 0.0389 0.0402
16.7047 0.0385 0.0399
16.7224 0.0381 0.0395
16.7401 0.0376 0.0392
16.7577 0.0372 0.0389
16.7754 0.0368 0.0386
16.7930 0.0363 0.0382
16.8107 0.0359 0.0379
16.8284 0.0355 0.0376
16.8460 0.0351 0.0373
16.8637 0.0347 0.0370
16.8813 0.0343 0.0367
16.8990 0.0340 0.0363
16.9166 0.0336 0.0360
16.9343 0.0332 0.0357
16.9520 0.0329 0.0354
16.9696 0.0326 0.0351
16.9873 0.0322 0.0348
17.0049 0.0319 0.0345
17.0226 0.0316 0.0342
17.0403 0.0313 0.0338
17.0579 0.0310 0.0335
17.0756 0.0308 0.0332
17.0932 0.0305 0.0329
17.1109 0.0302 0.0326
17.1285 0.0300 0.0323
17.1462 0.0298 0.0320
17.1639 0.0295 0.0316
17.1815 0.0293 0.0313
17.1992 0.0291 0.0310
17.2168 0.0289 0.0307
17.2345 0.0286 0.0304
17.2522 0.0284 0.0301
17.2698 0.0282 0.0298
17.2875 0.0280 0.0295
17.3051 0.0279 0.0292
17.3228 0.0277 0.0289
17.3404 0.0275 0.0286
17.3581 0.0273 0.0283
17.3758 0.0271 0.0280
17.3934 0.0269 0.0277
17.4111 0.0267 0.0274
17.4287 0.0265 0.0272
17.4464 0.0264 0.0269
17.4641 0.0262 0.0267
17.4817 0.0260 0.0264
17.4994 0.0258 0.0262
17.5170 0.0256 0.0259
17.5347 0.0254 0.0257
17.5523 0.0252 0.0255
17.5700 0.0250 0.0253
17.5877 0.0248 0.0251
17.6053 0.0246 0.0249
17.6230 0.0245 0.0247
17.6406 0.0243 0.0245
17.6583 0.0241 0.0243
17.6760 0.0239 0.0241
17.6936 0.0237 0.0240
17.7113 0.0235 0.0238
17.7289 0.0233 0.0236
17.7466 0.0231 0.0234
17.7642 0.0229 0.0233
17.7819 0.0228 0.0231
17.7996 0.0226 0.0229
17.8172 0.0224 0.0227
17.8349 0.0222 0.0226
17.8525 0.0221 0.0224
17.8702 0.0219 0.0222
17.8879 0.0217 0.0221
17.9055 0.0216 0.0219
17.9232 0.0214 0.0217
17.9408 0.0213 0.0216
17.9585 0.0211 0.0214
17.9761 0.0209 0.0212
17.9938 0.0208 0.0211
18.0115 0.0206 0.0209
18.0291 0.0205 0.0207
18.0468 0.0203 0.0206
18.0644 0.0202 0.0204
18.0821 0.0200 0.0203
18.0998 0.0199 0.0201
18.1174 0.0197 0.0199
18.1351 0.0196 0.0198
18.1527 0.0194 0.0196
18.1704 0.0193 0.0195
18.1880 0.0191 0.0193
18.2057 0.0190 0.0191
18.2234 0.0188 0.0190
18.2410 0.0187 0.0188
18.2587 0.0185 0.0187
18.2763 0.0184 0.0185
18.2940 0.0182 0.0183
18.3117 0.0181 0.0182
18.3293 0.0180 0.0180
18.3470 0.0178 0.0179
18.3646 0.0177 0.0177
18.3823 0.0175 0.0175
18.3999 0.0173 0.0174
18.4176 0.0172 0.0172
18.4353 0.0170 0.0171
18.4529 0.0169 0.0169
18.4706 0.0167 0.0168
18.4882 0.0166 0.0166
18.5059 0.0164 0.0165
18.5236 0.0162 0.0163
18.5412 0.0161 0.0162
18.5589 0.0159 0.0160
18.5765 0.0158 0.0159
18.5942 0.0156 0.0157
18.6118 0.0154 0.0156
18.6295 0.0153 0.0154
18.6472 0.0151 0.0153
18.6648 0.0150 0.0151
18.6825 0.0148 0.0150
18.7001 0.0147 0.0148
18.7178 0.0145 0.0147
18.7355 0.0144 0.0146
18.7531 0.0143 0.0144
18.7708 0.0141 0.0143
18.7884 0.0140 0.0142
18.8061 0.0139 0.0140
18.8237 0.0138 0.0139
18.8414 0.0136 0.0138
18.8591 0.0135 0.0136
18.8767 0.0134 0.0135
18.8944 0.0133 0.0134
18.9120 0.0132 0.0133
18.9297 0.0131 0.0131
18.9473 0.0129 0.0130
18.9650 0.0128 0.0129
18.9827 0.0127 0.0128
19.0003 0.0126 0.0126
19.0180 0.0125 0.0125
19.0356 0.0124 0.0124
19.0533 0.0123 0.0123
19.0710 0.0122 0.0122
19.0886 0.0121 0.0121
19.1063 0.0120 0.0120
19.1239 0.0119 0.0118
19.1416 0.0119 0.0117
19.1592 0.0118 0.0116
19.1769 0.0117 0.0115
19.1946 0.0116 0.0114
19.2122 0.0115 0.0113
19.2299 0.0114 0.0112
19.2475 0.0113 0.0111
19.2652 0.0113 0.0110
19.2829 0.0112 0.0109
19.3005 0.0111 0.0108
19.3182 0.0110 0.0107
19.3358 0.0110 0.0106
19.3535 0.0109 0.0105
19.3711 0.0108 0.0104
19.3888 0.0107 0.0104
19.4065 0.0107 0.0103
19.4241 0.0106 0.0102
19.4418 0.0105 0.0101
19.4594 0.0104 0.0100
19.4771 0.0104 0.0099
19.4948 0.0103 0.0098
19.5124 0.0102 0.0097
19.5301 0.0102 0.0096
19.5477 0.0101 0.0095
19.5654 0.0100 0.0095
19.5830 0.0099 0.0094
19.6007 0.0099 0.0093
19.6184 0.0098 0.0092
19.6360 0.0097 0.0091
19.6537 0.0097 0.0090
19.6713 0.0096 0.0090
19.6890 0.0096 0.0089
19.7067 0.0095 0.0088
19.7243 0.0094 0.0087
19.7420 0.0094 0.0086
19.7596 0.0093 0.0086
19.7773 0.0093 0.0085
19.7949 0.0092 0.0084
19.8126 0.0092 0.0084
19.8303 0.0091 0.0083
19.8479 0.0091 0.0082
19.8656 0.0090 0.0081
19.8832 0.0090 0.0081
19.9009 0.0089 0.0080
19.9186 0.0089 0.0079
19.9362 0.0088 0.0079
19.9539 0.0088 0.0078
19.9715 0.0087 0.0077
19.9892 0.0087 0.0077
20.0068 0.0086 0.0076
20.0245 0.0086 0.0075
20.0422 0.0085 0.0075
20.0598 0.0085 0.0074
20.0775 0.0084 0.0073
20.0951 0.0084 0.0073
20.1128 0.0083 0.0072
20.1305 0.0083 0.0071
20.1481 0.0082 0.0071
20.1658 0.0082 0.0070
20.1834 0.0081 0.0069
20.2011 0.0080 0.0069
20.2187 0.0080 0.0068
20.2364 0.0079 0.0067
20.2541 0.0079 0.0067
20.2717 0.0078 0.0066
20.2894 0.0077 0.0066
20.3070 0.0077 0.0065
20.3247 0.0076 0.0065
20.3424 0.0075 0.0064
20.3600 0.0075 0.0064
20.3777 0.0074 0.0063
20.3953 0.0073 0.0063
20.4130 0.0073 0.0062
20.4306 0.0072 0.0062
20.4483 0.0071 0.0061
20.4660 0.0071 0.0061
20.4836 0.0070 0.0060
20.5013 0.0070 0.0060
20.5189 0.0069 0.0059
20.5366 0.0068 0.0059
20.5543 0.0068 0.0058
20.5719 0.0067 0.0058
20.5896 0.0067 0.0058
20.6072 0.0067 0.0057
20.6249 0.0066 0.0057
20.6425 0.0066 0.0056
20.6602 0.0065 0.0056
20.6779 0.0065 0.0056
20.6955 0.0065 0.0055
20.7132 0.0064 0.0055
20.7308 0.0064 0.0055
20.7485 0.0064 0.0054
20.7662 0.0063 0.0054
20.7838 0.0063 0.0054
20.8015 0.0063 0.0053
20.8191 0.0062 0.0053
20.8368 0.0062 0.0053
20.8544 0.0061 0.0052
20.8721 0.0061 0.0052
20.8898 0.0061 0.0052
20.9074 0.0060 0.0051
20.9251 0.0060 0.0051
20.9427 0.0059 0.0050
20.9604 0.0059 0.0050
20.9781 0.0058 0.0050
20.9957 0.0058 0.0049
21.0134 0.0057 0.0049
21.0310 0.0057 0.0049
21.0487 0.0056 0.0048
21.0663 0.0056 0.0048
21.0840 0.0056 0.0048
21.1017 0.0055 0.0047
21.1193 0.0055 0.0047
21.1370 0.0054 0.0047
21.1546 0.0054 0.0046
21.1723 0.0053 0.0046
21.1900 0.0053 0.0046
21.2076 0.0052 0.0045
21.2253 0.0052 0.0045
21.2429 0.0052 0.0045
21.2606 0.0051 0.0044
21.2782 0.0051 0.0044
21.2959 0.0050 0.0044
21.3136 0.0050 0.0044
21.3312 0.0050 0.0043
21.3489 0.0049 0.0043
21.3665 0.0049 0.0043
21.3842 0.0049 0.0043
21.4019 0.0048 0.0042
21.4195 0.0048 0.0042
21.4372 0.0048 0.0042
21.4548 0.0048 0.0042
21.4725 0.0047 0.0041
21.4901 0.0047 0.0041
21.5078 0.0047 0.0041
21.5255 0.0046 0.0041
21.5431 0.0046 0.0041
21.5608 0.0046 0.0040
21.5784 0.0045 0.0040
21.5961 0.0045 0.0040
21.6138 0.0045 0.0040
21.6314 0.0045 0.0040
21.6491 0.0044 0.0040
21.6667 0.0044 0.0039
21.6844 0.0044 0.0039
21.7020 0.0043 0.0039
21.7197 0.0043 0.0039
21.7374 0.0043 0.0039
21.7550 0.0042 0.0038
21.7727 0.0042 0.0038
21.7903 0.0042 0.0038
21.8080 0.0041 0.0038
21.8257 0.0041 0.0038
21.8433 0.0041 0.0037
21.8610 0.0041 0.0037
21.8786 0.0040 0.0037
21.8963 0.0040 0.0037
21.9139 0.0040 0.0036
21.9316 0.0039 0.0036
21.9493 0.0039 0.0036
21.9669 0.0039 0.0036
21.9846 0.0039 0.0035
22.0022 0.0038 0.0035
22.0199 0.0038 0.0035
22.0376 0.0038 0.0035
22.0552 0.0037 0.0034
22.0729 0.0037 0.0034
22.0905 0.0037 0.0034
22.1082 0.0037 0.0034
22.1258 0.0036 0.0033
22.1435 0.0036 0.0033
22.1612 0.0036 0.0033
22.1788 0.0036 0.0033
22.1965 0.0036 0.0033
22.2141 0.0035 0.0033
22.2318 0.0035 0.0032
22.2495 0.0035 0.0032
22.2671 0.0035 0.0032
22.2848 0.0035 0.0032
22.3024 0.0035 0.0032
22.3201 0.0034 0.0032
22.3377 0.0034 0.0032
22.3554 0.0034 0.0032
22.3731 0.0034 0.0031
22.3907 0.0034 0.0031
22.4084 0.0034 0.0031
22.4260 0.0034 0.0031
22.4437 0.0034 0.0031
22.4614 0.0034 0.0031
22.4790 0.0034 0.0031
22.4967 0.0033 0.0031
22.5143 0.0033 0.0031
22.5320 0.0033 0.0031
22.5496 0.0033 0.0031
22.5673 0.0033 0.0030
22.5850 0.0033 0.0030
22.6026 0.0033 0.0030
22.6203 0.0033 0.0030
22.6379 0.0033 0.0030
22.6556 0.0033 0.0030
22.6732 0.0033 0.0030
22.6909 0.0033 0.0030
22.7086 0.0033 0.0030
22.7262 0.0033 0.0030
22.7439 0.0033 0.0030
22.7615 0.0033 0.0030
22.7792 0.0033 0.0030
22.7969 0.0033 0.0030
22.8145 0.0033 0.0030
22.8322 0.0033 0.0030
22.8498 0.0033 0.0030
22.8675 0.0033 0.0030
22.8851 0.0033 0.0030
22.9028 0.0033 0.0030
22.9205 0.0033 0.0030
22.9381 0.0033 0.0030
22.9558 0.0033 0.0030
22.9734 0.0033 0.0030
22.9911 0.0033 0.0031
23.0088 0.0034 0.0031
23.0264 0.0034 0.0031
23.0441 0.0034 0.0031
23.0617 0.0034 0.0031
23.0794 0.0034 0.0031
23.0970 0.0034 0.0031
23.1147 0.0034 0.0031
23.1324 0.0034 0.0032
23.1500 0.0034 0.0032
23.1677 0.0034 0.0032
23.1853 0.0035 0.0032
23.2030 0.0035 0.0032
23.2207 0.0035 0.0032
23.2383 0.0035 0.0032
23.2560 0.0035 0.0032
23.2736 0.0035 0.0032
23.2913 0.0035 0.0032
23.3089 0.0036 0.0032
23.3266 0.0036 0.0032
23.3443 0.0036 0.0032
23.3619 0.0036 0.0032
23.3796 0.0036 0.0032
23.3972 0.0036 0.0032
23.4149 0.0036 0.0032
23.4326 0.0036 0.0032
23.4502 0.0037 0.0032
23.4679 0.0037 0.0032
23.4855 0.0037 0.0032
23.5032 0.0037 0.0032
23.5208 0.0037 0.0032
23.5385 0.0037 0.0032
23.5562 0.0037 0.0032
23.5738 0.0037 0.0032
23.5915 0.0037 0.0032
23.6091 0.0037 0.0032
23.6268 0.0037 0.0032
23.6445 0.0037 0.0032
23.6621 0.0037 0.0032
23.6798 0.0037 0.0032
23.6974 0.0037 0.0032
23.7151 0.0037 0.0031
23.7327 0.0037 0.0031
23.7504 0.0037 0.0031
23.7681 0.0037 0.0031
23.7857 0.0037 0.0031
23.8034 0.0037 0.0031
23.8210 0.0037 0.0031
23.8387 0.0036 0.0031
23.8564 0.0036 0.0031
23.8740 0.0036 0.0031
23.8917 0.0036 0.0031
23.9093 0.0036 0.0031
23.9270 0.0036 0.0031
23.9446 0.0035 0.0031
23.9623 0.0035 0.0031
23.9800 0.0035 0.0031
23.9976 0.0035 0.0031
24.0153 0.0034 0.0030
24.0329 0.0034 0.0030
24.0506 0.0034 0.0030
24.0683 0.0034 0.0030
24.0859 0.0033 0.0030
24.1036 0.0033 0.0030
24.1212 0.0033 0.0030
24.1389 0.0033 0.0029
24.1565 0.0032 0.0029
24.1742 0.0032 0.0029
24.1919 0.0032 0.0029
24.2095 0.0031 0.0029
24.2272 0.0031 0.0028
24.2448 0.0031 0.0028
24.2625 0.0030 0.0028
24.2802 0.0030 0.0028
24.2978 0.0030 0.0027
24.3155 0.0029 0.0027
24.3331 0.0029 0.0027
24.3508 0.0029 0.0027
24.3684 0.0028 0.0026
24.3861 0.0028 0.0026
24.4038 0.0028 0.0026
24.4214 0.0027 0.0025
24.4391 0.0027 0.0025
24.4567 0.0027 0.0025
24.4744 0.0026 0.0025
24.4921 0.0026 0.0024
24.5097 0.0026 0.0024
24.5274 0.0025 0.0024
24.5450 0.0025 0.0023
24.5627 0.0025 0.0023
24.5803 0.0024 0.0023
24.5980 0.0024 0.0022
24.6157 0.0024 0.0022
24.6333 0.0023 0.0022
24.6510 0.0023 0.0022
24.6686 0.0023 0.0021
24.6863 0.0022 0.0021
24.7040 0.0022 0.0021
24.7216 0.0022 0.0020
24.7393 0.0021 0.0020
24.7569 0.0021 0.0020
24.7746 0.0021 0.0019
24.7922 0.0020 0.0019
24.8099 0.0020 0.0019
24.8276 0.0020 0.0018
24.8452 0.0019 0.0018
24.8629 0.0019 0.0018
24.8805 0.0019 0.0018
24.8982 0.0019 0.0017
24.9159 0.0018 0.0017
24.9335 0.0018 0.0017
24.9512 0.0018 0.0016
24.9688 0.0018 0.0016
24.9865 0.0017 0.0016
25.0041 0.0017 0.0016
25.0218 0.0017 0.0015
25.0395 0.0017 0.0015
25.0571 0.0016 0.0015
25.0748 0.0016 0.0015
25.0924 0.0016 0.0014
25.1101 0.0016 0.0014
25.1278 0.0016 0.0014
25.1454 0.0015 0.0014
25.1631 0.0015 0.0013
25.1807 0.0015 0.0013
25.1984 0.0015 0.0013
25.2160 0.0015 0.0013
25.2337 0.0014 0.0013
25.2514 0.0014 0.0012
25.2690 0.0014 0.0012
25.2867 0.0014 0.0012
25.3043 0.0014 0.0012
25.3220 0.0013 0.0012
25.3397 0.0013 0.0012
25.3573 0.0013 0.0011
25.3750 0.0013 0.0011
25.3926 0.0013 0.0011
25.4103 0.0013 0.0011
25.4279 0.0013 0.0011
25.4456 0.0012 0.0011
25.4633 0.0012 0.0011
25.4809 0.0012 0.0011
25.4986 0.0012 0.0010
25.5162 0.0012 0.0010
25.5339 0.0012 0.0010
25.5516 0.0012 0.0010
25.5692 0.0012 0.0010
25.5869 0.0012 0.0010
25.6045 0.0012 0.0010
25.6222 0.0011 0.0010
25.6398 0.0011 0.0010
25.6575 0.0011 0.0010
25.6752 0.0011 0.0010
25.6928 0.0011 0.0010
25.7105 0.0011 0.0010
25.7281 0.0011 0.0010
25.7458 0.0011 0.0010
25.7635 0.0011 0.0010
25.7811 0.0011 0.0010
25.7988 0.0011 0.0009
25.8164 0.0011 0.0009
25.8341 0.0011 0.0009
25.8517 0.0011 0.0009
25.8694 0.0011 0.0009
25.8871 0.0011 0.0009
25.9047 0.0011 0.0009
25.9224 0.0011 0.0009
25.9400 0.0011 0.0009
25.9577 0.0011 0.0009
25.9754 0.0011 0.0009
25.9930 0.0011 0.0009
26.0107 0.0011 0.0009
26.0283 0.0011 0.0009
26.0460 0.0011 0.0009
26.0636 0.0011 0.0009
26.0813 0.0011 0.0009
26.0990 0.0011 0.0009
26.1166 0.0011 0.0009
26.1343 0.0011 0.0009
26.1519 0.0011 0.0009
26.1696 0.0011 0.0009
26.1873 0.0011 0.0009
26.2049 0.0011 0.0009
26.2226 0.0011 0.0009
26.2402 0.0011 0.0009
26.2579 0.0011 0.0009
26.2755 0.0010 0.0009
26.2932 0.0010 0.0009
26.3109 0.0010 0.0009
26.3285 0.0010 0.0009
26.3462 0.0010 0.0009
26.3638 0.0010 0.0009
26.3815 0.0010 0.0009
26.3991 0.0010 0.0009
26.4168 0.0010 0.0009
26.4345 0.0010 0.0009
26.4521 0.0010 0.0009
26.4698 0.0010 0.0009
26.4874 0.0010 0.0009
26.5051 0.0010 0.0009
26.5228 0.0009 0.0008
26.5404 0.0009 0.0008
26.5581 0.0009 0.0008
26.5757 0.0009 0.0008
26.5934 0.0009 0.0008
26.6110 0.0009 0.0008
26.6287 0.0009 0.0008
26.6464 0.0009 0.0008
26.6640 0.0008 0.0007
26.6817 0.0008 0.0007
26.6993 0.0008 0.0007
26.7170 0.0008 0.0007
26.7347 0.0008 0.0007
26.7523 0.0008 0.0007
26.7700 0.0007 0.0007
26.7876 0.0007 0.0007
26.8053 0.0007 0.0006
26.8229 0.0007 0.0006
26.8406 0.0007 0.0006
26.8583 0.0007 0.0006
26.8759 0.0006 0.0006
26.8936 0.0006 0.0006
26.9112 0.0006 0.0006
26.9289 0.0006 0.0006
26.9466 0.0006 0.0005
26.9642 0.0006 0.0005
26.9819 0.0006 0.0005
26.9995 0.0005 0.0005
27.0172 0.0005 0.0005
27.0348 0.0005 0.0005
27.0525 0.0005 0.0005
27.0702 0.0005 0.0005
27.0878 0.0005 0.0005
27.1055 0.0005 0.0004
27.1231 0.0005 0.0004
27.1408 0.0004 0.0004
27.1585 0.0004 0.0004
27.1761 0.0004 0.0004
27.1938 0.0004 0.0004
27.2114 0.0004 0.0004
27.2291 0.0004 0.0004
27.2467 0.0004 0.0004
27.2644 0.0004 0.0004
27.2821 0.0004 0.0004
27.2997 0.0004 0.0003
27.3174 0.0003 0.0003
27.3350 0.0003 0.0003
27.3527 0.0003 0.0003
27.3704 0.0003 0.0003
27.3880 0.0003 0.0003
27.4057 0.0003 0.0003
27.4233 0.0003 0.0003
27.4410 0.0003 0.0003
27.4586 0.0003 0.0003
27.4763 0.0003 0.0003
27.4940 0.0003 0.0003
27.5116 0.0003 0.0003
27.5293 0.0003 0.0003
27.5469 0.0003 0.0003
27.5646 0.0003 0.0003
27.5823 0.0003 0.0003
27.5999 0.0003 0.0002
27.6176 0.0002 0.0002
27.6352 0.0002 0.0002
27.6529 0.0002 0.0002
27.6705 0.0002 0.0002
27.6882 0.0002 0.0002
27.7059 0.0002 0.0002
27.7235 0.0002 0.0002
27.7412 0.0002 0.0002
27.7588 0.0002 0.0002
27.7765 0.0002 0.0002
27.7942 0.0002 0.0002
27.8118 0.0002 0.0002
27.8295 0.0002 0.0002
27.8471 0.0002 0.0002
27.8648 0.0002 0.0002
27.8824 0.0002 0.0002
27.9001 0.0002 0.0002
27.9178 0.0002 0.0002
27.9354 0.0002 0.0002
27.9531 0.0002 0.0002
27.9707 0.0002 0.0002
27.9884 0.0002 0.0002
28.0061 0.0002 0.0002
28.0237 0.0002 0.0002
28.0414 0.0002 0.0002
28.0590 0.0002 0.0002
28.0767 0.0002 0.0002
28.0943 0.0002 0.0002
28.1120 0.0002 0.0002
28.1297 0.0002 0.0001
28.1473 0.0002 0.0001
28.1650 0.0001 0.0001
28.1826 0.0001 0.0001
28.2003 0.0001 0.0001
28.2180 0.0001 0.0001
28.2356 0.0001 0.0001
28.2533 0.0001 0.0001
28.2709 0.0001 0.0001
28.2886 0.0001 0.0001
28.3062 0.0001 0.0001
28.3239 0.0001 0.0001
28.3416 0.0001 0.0001
28.3592 0.0001 0.0001
28.3769 0.0001 0.0001
28.3945 0.0001 0.0001
28.4122 0.0001 0.0001
28.4299 0.0001 0.0001
28.4475 0.0001 0.0001
28.4652 0.0001 0.0001
28.4828 0.0001 0.0001
28.5005 0.0001 0.0001
28.5181 0.0001 0.0001
28.5358 0.0001 0.0001
28.5535 0.0001 0.0001
28.5711 0.0001 0.0001
28.5888 0.0001 0.0001
28.6064 0.0001 0.0001
28.6241 0.0001 0.0001
28.6418 0.0001 0.0001
28.6594 0.0001 0.0001
28.6771 0.0001 0.0001
28.6947 0.0001 0.0001
28.7124 0.0001 0.0001
28.7300 0.0001 0.0001
28.7477 0.0001 0.0001
28.7654 0.0001 0.0001
28.7830 0.0001 0.0001
28.8007 0.0001 0.0001
28.8183 0.0001 0.0001
28.8360 0.0001 0.0001
28.8537 0.0001 0.0001
28.8713 0.0001 0.0001
28.8890 0.0001 0.0001
28.9066 0.0001 0.0001
28.9243 0.0001 0.0001
28.9419 0.0001 0.0001
28.9596 0.0001 0.0001
28.9773 0.0001 0.0001
28.9949 0.0001 0.0001
29.0126 0.0001 0.0001
29.0302 0.0001 0.0001
29.0479 0.0001 0.0001
29.0656 0.0001 0.0001
29.0832 0.0001 0.0001
29.1009 0.0001 0.0001
29.1185 0.0001 0.0001
29.1362 0.0001 0.0001
29.1538 0.0001 0.0001
29.1715 0.0001 0.0001
29.1892 0.0001 0.0001
29.2068 0.0001 0.0001
29.2245 0.0001 0.0001
29.2421 0.0001 0.0001
29.2598 0.0001 0.0001
29.2775 0.0001 0.0001
29.2951 0.0001 0.0001
29.3128 0.0001 0.0001
29.3304 0.0001 0.0001
29.3481 0.0001 0.0001
29.3657 0.0001 0.0001
29.3834 0.0001 0.0001
29.4011 0.0001 0.0001
29.4187 0.0001 0.0001
29.4364 0.0001 0.0001
29.4540 0.0001 0.0001
29.4717 0.0001 0.0001
29.4894 0.0001 0.0001
29.5070 0.0001 0.0001
29.5247 0.0001 0.0001
29.5423 0.0001 0.0001
29.5600 0.0001 0.0001
29.5776 0.0001 0.0001
29.5953 0.0001 0.0001
29.6130 0.0001 0.0001
29.6306 0.0001 0.0001
29.6483 0.0001 0.0001
29.6659 0.0001 0.0001
29.6836 0.0001 0.0001
29.7013 0.0001 0.0001
29.7189 0.0001 0.0001
29.7366 0.0001 0.0001
29.7542 0.0001 0.0001
29.7719 0.0001 0.0001
29.7895 0.0001 0.0001
29.8072 0.0001 0.0001
29.8249 0.0001 0.0001
29.8425 0.0001 0.0001
29.8602 0.0001 0.0001
29.8778 0.0001 0.0001
29.8955 0.0001 0.0001
29.9132 0.0001 0.0001
29.9308 0.0001 0.0001
29.9485 0.0001 0.0001
29.9661 0.0001 0.0001
29.9838 0.0001 0.0001
30.0014 0.0001 0.0001
30.0191 0.0001 0.0001
30.0368 0.0001 0.0001
30.0544 0.0001 0.0001
30.0721 0.0001 0.0001
30.0897 0.0001 0.0001
30.1074 0.0001 0.0001
30.1251 0.0001 0.0001
30.1427 0.0001 0.0001
30.1604 0.0001 0.0001
30.1780 0.0001 0.0001
30.1957 0.0001 0.0001
30.2133 0.0001 0.0001
30.2310 0.0001 0.0001
30.2487 0.0001 0.0001
30.2663 0.0001 0.0001
30.2840 0.0001 0.0001
30.3016 0.0001 0.0001
30.3193 0.0001 0.0001
30.3369 0.0001 0.0001
30.3546 0.0001 0.0001
30.3723 0.0001 0.0001
30.3899 0.0001 0.0001
30.4076 0.0001 0.0001
30.4252 0.0001 0.0001
30.4429 0.0001 0.0001
30.4606 0.0001 0.0001
30.4782 0.0001 0.0001
30.4959 0.0001 0.0001
30.5135 0.0001 0.0001
30.5312 0.0001 0.0000
30.5488 0.0001 0.0000
30.5665 0.0001 0.0000
30.5842 0.0000 0.0000
30.6018 0.0000 0.0000
30.6195 0.0000 0.0000
30.6371 0.0000 0.0000
30.6548 0.0000 0.0000
30.6725 0.0000 0.0000
30.6901 0.0000 0.0000
30.7078 0.0000 0.0000
30.7254 0.0000 0.0000
30.7431 0.0000 0.0000
30.7607 0.0000 0.0000
30.7784 0.0000 0.0000
30.7961 0.0000 0.0000
30.8137 0.0000 0.0000
30.8314 0.0000 0.0000
30.8490 0.0000 0.0000
30.8667 0.0000 0.0000
30.8844 0.0000 0.0000
30.9020 0.0000 0.0000
30.9197 0.0000 0.0000
30.9373 0.0000 0.0000
30.9550 0.0000 0.0000
30.9726 0.0000 0.0000
30.9903 0.0000 0.0000
31.0080 0.0000 0.0000
31.0256 0.0000 0.0000
31.0433 0.0000 0.0000
31.0609 0.0000 0.0000
31.0786 0.0000 0.0000
31.0963 0.0000 0.0000
31.1139 0.0000 0.0000
31.1316 0.0000 0.0000
31.1492 0.0000 0.0000
31.1669 0.0000 0.0000
31.1845 0.0000 0.0000
31.2022 0.0000 0.0000
31.2199 0.0000 0.0000
31.2375 0.0000 0.0000
31.2552 0.0000 0.0000
31.2728 0.0000 0.0000
31.2905 0.0000 0.0000
31.3082 0.0000 0.0000
31.3258 0.0000 0.0000
31.3435 0.0000 0.0000
31.3611 0.0000 0.0000
31.3788 0.0000 0.0000
31.3964 0.0000 0.0000
31.4141 0.0000 0.0000
31.4318 0.0000 0.0000
31.4494 0.0000 0.0000
31.4671 0.0000 0.0000
31.4847 0.0000 0.0000
31.5024 0.0000 0.0000
31.5201 0.0000 0.0000
31.5377 0.0000 0.0000
31.5554 0.0000 0.0000
31.5730 0.0000 0.0000
31.5907 0.0000 0.0000
31.6083 0.0000 0.0000
31.6260 0.0000 0.0000
31.6437 0.0000 0.0000
31.6613 0.0000 0.0000
31.6790 0.0000 0.0000
31.6966 0.0000 0.0000
31.7143 0.0000 0.0000
31.7320 0.0000 0.0000
31.7496 0.0000 0.0000
31.7673 0.0000 0.0000
31.7849 0.0000 0.0000
31.8026 0.0000 0.0000
31.8202 0.0000 0.0000
31.8379 0.0000 0.0000
31.8556 0.0000 0.0000
31.8732 0.0000 0.0000
31.8909 0.0000 0.0000
31.9085 0.0000 0.0000
31.9262 0.0000 0.0000
31.9439 0.0000 0.0000
31.9615 0.0000 0.0000
31.9792 0.0000 0.0000
31.9968 0.0000 0.0000
32.0145 0.0000 0.0000
32.0321 0.0000 0.0000
32.0498 0.0000 0.0000
32.0675 0.0000 0.0000
32.0851 0.0000 0.0000
32.1028 0.0000 0.0000
32.1204 0.0000 0.0000
32.1381 0.0000 0.0000
32.1558 0.0000 0.0000
32.1734 0.0000 0.0000
32.1911 0.0000 0.0000
32.2087 0.0000 0.0000
32.2264 0.0000 0.0000
32.2440 0.0000 0.0000
32.2617 0.0000 0.0000
32.2794 0.0000 0.0000
32.2970 0.0000 0.0000
32.3147 0.0000 0.0000
32.3323 0.0000 0.0000
32.3500 0.0000 0.0000
32.3677 0.0000 0.0000
32.3853 0.0000 0.0000
32.4030 0.0000 0.0000
32.4206 0.0000 0.0000
32.4383 0.0000 0.0000
32.4559 0.0000 0.0000
32.4736 0.0000 0.0000
32.4913 0.0000 0.0000
32.5089 0.0000 0.0000
32.5266 0.0000 0.0000
32.5442 0.0000 0.0000
32.5619 0.0000 0.0000
32.5796 0.0000 0.0000
32.5972 0.0000 0.0000
32.6149 0.0000 0.0000
32.6325 0.0000 0.0000
32.6502 0.0000 0.0000
32.6678 0.0000 0.0000
32.6855 0.0000 0.0000
32.7032 0.0000 0.0000
32.7208 0.0000 0.0000
32.7385 0.0000 0.0000
32.7561 0.0000 0.0000
32.7738 0.0000 0.0000
32.7915 0.0000 0.0000
32.8091 0.0000 0.0000
32.8268 0.0000 0.0000
32.8444 0.0000 0.0000
32.8621 0.0000 0.0000
32.8797 0.0000 0.0000
32.8974 0.0000 0.0000
32.9151 0.0000 0.0000
32.9327 0.0000 0.0000
32.9504 0.0000 0.0000
32.9680 0.0000 0.0000
32.9857 0.0000 0.0000
33.0034 0.0000 0.0000
33.0210 0.0000 0.0000
33.0387 0.0000 0.0000
33.0563 0.0000 0.0000
33.0740 0.0000 0.0000
33.0916 0.0000 0.0000
33.1093 0.0000 0.0000
33.1270 0.0000 0.0000
33.1446 0.0000 0.0000
33.1623 0.0000 0.0000
33.1799 0.0000 0.0000
33.1976 0.0000 0.0000
33.2153 0.0000 0.0000
33.2329 0.0000 0.0000
33.2506 0.0000 0.0000
33.2682 0.0000 0.0000
33.2859 0.0000 0.0000
33.3035 0.0000 0.0000
33.3212 0.0000 0.0000
33.3389 0.0000 0.0000
33.3565 0.0000 0.0000
33.3742 0.0000 0.0000
33.3918 0.0000 0.0000
33.4095 0.0000 0.0000
33.4272 0.0000 0.0000
33.4448 0.0000 0.0000
33.4625 0.0000 0.0000
33.4801 0.0000 0.0000
33.4978 0.0000 0.0000
33.5154 0.0000 0.0000
33.5331 0.0000 0.0000
33.5508 0.0000 0.0000
33.5684 0.0000 0.0000
33.5861 0.0000 0.0000
33.6037 0.0000 0.0000
33.6214 0.0000 0.0000
33.6391 0.0000 0.0000
33.6567 0.0000 0.0000
33.6744 0.0000 0.0000
33.6920 0.0000 0.0000
33.7097 0.0000 0.0000
33.7273 0.0000 0.0000
33.7450 0.0000 0.0000
33.7627 0.0000 0.0000
33.7803 0.0000 0.0000
33.7980 0.0000 0.0000
33.8156 0.0000 0.0000
33.8333 0.0000 0.0000
33.8510 0.0000 0.0000
33.8686 0.0000 0.0000
33.8863 0.0000 0.0000
33.9039 0.0000 0.0000
33.9216 0.0000 0.0000
33.9392 0.0000 0.0000
33.9569 0.0000 0.0000
33.9746 0.0000 0.0000
33.9922 0.0000 0.0000
34.0099 0.0000 0.0000
34.0275 0.0000 0.0000
34.0452 0.0000 0.0000
34.0628 0.0000 0.0000
34.0805 0.0000 0.0000
34.0982 0.0000 0.0000
34.1158 0.0000 0.0000
34.1335 0.0000 0.0000
34.1511 0.0000 0.0000
34.1688 0.0000 0.0000
34.1865 0.0000 0.0000
34.2041 0.0000 0.0000
34.2218 0.0000 0.0000
34.2394 0.0000 0.0000
34.2571 0.0000 0.0000
34.2747 0.0000 0.0000
34.2924 0.0000 0.0000
34.3101 0.0000 0.0000
34.3277 0.0000 0.0000
34.3454 0.0000 0.0000
34.3630 0.0000 0.0000
34.3807 0.0000 0.0000
34.3984 0.0000 0.0000
34.4160 0.0000 0.0000
34.4337 0.0000 0.0000
34.4513 0.0000 0.0000
34.4690 0.0000 0.0000
34.4866 0.0000 0.0000
34.5043 0.0000 0.0000
34.5220 0.0000 0.0000
34.5396 0.0000 0.0000
34.5573 0.0000 0.0000
34.5749 0.0000 0.0000
34.5926 0.0000 0.0000
34.6103 0.0000 0.0000
34.6279 0.0000 0.0000
34.6456 0.0000 0.0000
34.6632 0.0000 0.0000
34.6809 0.0000 0.0000
34.6985 0.0000 0.0000
34.7162 0.0000 0.0000
34.7339 0.0000 0.0000
34.7515 0.0000 0.0000
34.7692 0.0000 0.0000
34.7868 0.0000 0.0000
34.8045 0.0000 0.0000
34.8222 0.0000 0.0000
34.8398 0.0000 0.0000
34.8575 0.0000 0.0000
34.8751 0.0000 0.0000
34.8928 0.0000 0.0000
34.9104 0.0000 0.0000
34.9281 0.0000 0.0000
34.9458 0.0000 0.0000
34.9634 0.0000 0.0000
34.9811 0.0000 0.0000
34.9987 0.0000 0.0000
35.0164 0.0000 0.0000
35.0341 0.0000 0.0000
35.0517 0.0000 0.0000
35.0694 0.0000 0.0000
35.0870 0.0000 0.0000
35.1047 0.0000 0.0000
35.1223 0.0000 0.0000
35.1400 0.0000 0.0000
35.1577 0.0000 0.0000
35.1753 0.0000 0.0000
35.1930 0.0000 0.0000
35.2106 0.0000 0.0000
35.2283 0.0000 0.0000
35.2460 0.0000 0.0000
35.2636 0.0000 0.0000
35.2813 0.0000 0.0000
35.2989 0.0000 0.0000
