0.0000 0.0000 0.0000
0.0190 1.6963 1.5388
0.0380 3.3628 3.0543
0.0570 4.9712 4.5243
0.0760 6.4961 5.9284
0.0950 7.9163 7.2488
0.1140 9.2154 8.4706
0.1330 10.3827 9.5829
0.1520 11.4127 10.5779
0.1710 12.3052 11.4517
0.1901 13.0647 12.2035
0.2091 13.6993 12.8353
0.2281 14.2197 13.3515
0.2471 14.6385 13.7582
0.2661 14.9688 14.0627
0.2851 15.2236 14.2732
0.3041 15.4148 14.3980
0.3231 15.5530 14.4457
0.3421 15.6473 14.4246
0.3611 15.7050 14.3427
0.3801 15.7316 14.2077
0.3991 15.7315 14.0272
0.4181 15.7079 13.8084
0.4371 15.6632 13.5582
0.4561 15.5994 13.2836
0.4751 15.5182 12.9911
0.4941 15.4213 12.6874
0.5131 15.3104 12.3785
0.5322 15.1870 12.0704
0.5512 15.0529 11.7685
0.5702 14.9097 11.4776
0.5892 14.7589 11.2016
0.6082 14.6017 10.9440
0.6272 14.4389 10.7071
0.6462 14.2711 10.4923
0.6652 14.0986 10.3003
0.6842 13.9214 10.1307
0.7032 13.7393 9.9823
0.7222 13.5517 9.8534
0.7412 13.3583 9.7416
0.7602 13.1584 9.6439
0.7792 12.9515 9.5574
0.7982 12.7373 9.4786
0.8172 12.5153 9.4045
0.8362 12.2853 9.3319
0.8552 12.0473 9.2581
0.8742 11.8014 9.1806
0.8933 11.5478 9.0976
0.9123 11.2869 9.0078
0.9313 11.0195 8.9104
0.9503 10.7464 8.8052
0.9693 10.4686 8.6925
0.9883 10.1876 8.5732
1.0073 9.9048 8.4485
1.0263 9.6219 8.3199
1.0453 9.3408 8.1891
1.0643 9.0635 8.0578
1.0833 8.7919 7.9279
1.1023 8.5280 7.8009
1.1213 8.2736 7.6785
1.1403 8.0305 7.5617
1.1593 7.8000 7.4516
1.1783 7.5833 7.3490
1.1973 7.3812 7.2542
1.2163 7.1944 7.1675
1.2354 7.0230 7.0889
1.2544 6.8669 7.0181
1.2734 6.7258 6.9550
1.2924 6.5988 6.8990
1.3114 6.4853 6.8497
1.3304 6.3841 6.8065
1.3494 6.2940 6.7688
1.3684 6.2138 6.7360
1.3874 6.1421 6.7076
1.4064 6.0777 6.6828
1.4254 6.0193 6.6608
1.4444 5.9658 6.6411
1.4634 5.9162 6.6227
1.4824 5.8696 6.6047
1.5014 5.8253 6.5864
1.5204 5.7829 6.5667
1.5394 5.7420 6.5447
1.5584 5.7024 6.5194
1.5774 5.6642 6.4900
1.5965 5.6273 6.4556
1.6155 5.5920 6.4154
1.6345 5.5584 6.3688
1.6535 5.5266 6.3155
1.6725 5.4968 6.2551
1.6915 5.4688 6.1876
1.7105 5.4426 6.1132
1.7295 5.4178 6.0323
1.7485 5.3942 5.9454
1.7675 5.3713 5.8535
1.7865 5.3485 5.7576
1.8055 5.3253 5.6586
1.8245 5.3011 5.5578
1.8435 5.2756 5.4566
1.8625 5.2484 5.3561
1.8815 5.2192 5.2577
1.9005 5.1880 5.1625
1.9195 5.1547 5.0715
1.9386 5.1198 4.9859
1.9576 5.0835 4.9062
1.9766 5.0461 4.8333
1.9956 5.0084 4.7676
2.0146 4.9706 4.7094
2.0336 4.9333 4.6590
2.0526 4.8971 4.6165
2.0716 4.8621 4.5818
2.0906 4.8287 4.5549
2.1096 4.7970 4.5353
2.1286 4.7672 4.5230
2.1476 4.7391 4.5173
2.1666 4.7126 4.5180
2.1856 4.6877 4.5244
2.2046 4.6641 4.5359
2.2236 4.6416 4.5520
2.2426 4.6200 4.5720
2.2616 4.5993 4.5950
2.2806 4.5792 4.6206
2.2997 4.5599 4.6478
2.3187 4.5413 4.6759
2.3377 4.5236 4.7043
2.3567 4.5069 4.7321
2.3757 4.4915 4.7586
2.3947 4.4775 4.7831
2.4137 4.4652 4.8049
2.4327 4.4548 4.8233
2.4517 4.4463 4.8377
2.4707 4.4398 4.8474
2.4897 4.4353 4.8519
2.5087 4.4325 4.8506
2.5277 4.4311 4.8433
2.5467 4.4307 4.8297
2.5657 4.4307 4.8096
2.5847 4.4305 4.7830
2.6037 4.4295 4.7501
2.6227 4.4267 4.7113
2.6418 4.4217 4.6669
2.6608 4.4136 4.6176
2.6798 4.4020 4.5639
2.6988 4.3865 4.5067
2.7178 4.3668 4.4467
2.7368 4.3427 4.3847
2.7558 4.3145 4.3215
2.7748 4.2824 4.2577
2.7938 4.2468 4.1940
2.8128 4.2084 4.1309
2.8318 4.1678 4.0691
2.8508 4.1258 4.0090
2.8698 4.0832 3.9509
2.8888 4.0406 3.8951
2.9078 3.9988 3.8419
2.9268 3.9581 3.7916
2.9458 3.9191 3.7444
2.9648 3.8820 3.7005
2.9838 3.8467 3.6601
3.0029 3.8133 3.6232
3.0219 3.7813 3.5900
3.0409 3.7505 3.5608
3.0599 3.7204 3.5354
3.0789 3.6903 3.5139
3.0979 3.6599 3.4964
3.1169 3.6284 3.4826
3.1359 3.5954 3.4725
3.1549 3.5607 3.4657
3.1739 3.5238 3.4620
3.1929 3.4848 3.4608
3.2119 3.4436 3.4617
3.2309 3.4004 3.4640
3.2499 3.3555 3.4670
3.2689 3.3093 3.4701
3.2879 3.2622 3.4724
3.3069 3.2148 3.4731
3.3259 3.1675 3.4715
3.3450 3.1209 3.4670
3.3640 3.0754 3.4590
3.3830 3.0313 3.4469
3.4020 2.9889 3.4307
3.4210 2.9484 3.4101
3.4400 2.9100 3.3851
3.4590 2.8735 3.3562
3.4780 2.8389 3.3236
3.4970 2.8061 3.2879
3.5160 2.7749 3.2496
3.5350 2.7450 3.2095
3.5540 2.7163 3.1680
3.5730 2.6885 3.1258
3.5920 2.6614 3.0834
3.6110 2.6348 3.0412
3.6300 2.6086 2.9995
3.6490 2.5828 2.9584
3.6680 2.5571 2.9180
3.6870 2.5318 2.8783
3.7061 2.5067 2.8392
3.7251 2.4820 2.8008
3.7441 2.4578 2.7629
3.7631 2.4341 2.7255
3.7821 2.4111 2.6886
3.8011 2.3889 2.6521
3.8201 2.3675 2.6162
3.8391 2.3470 2.5809
3.8581 2.3275 2.5462
3.8771 2.3089 2.5123
3.8961 2.2911 2.4791
3.9151 2.2742 2.4468
3.9341 2.2578 2.4152
3.9531 2.2419 2.3842
3.9721 2.2262 2.3538
3.9911 2.2107 2.3238
4.0101 2.1950 2.2941
4.0291 2.1790 2.2643
4.0482 2.1625 2.2345
4.0672 2.1455 2.2044
4.0862 2.1277 2.1738
4.1052 2.1092 2.1428
4.1242 2.0900 2.1113
4.1432 2.0700 2.0793
4.1622 2.0496 2.0469
4.1812 2.0287 2.0142
4.2002 2.0077 1.9814
4.2192 1.9868 1.9488
4.2382 1.9662 1.9166
4.2572 1.9463 1.8849
4.2762 1.9273 1.8542
4.2952 1.9095 1.8246
4.3142 1.8931 1.7964
4.3332 1.8785 1.7699
4.3522 1.8658 1.7452
4.3712 1.8550 1.7226
4.3902 1.8464 1.7022
4.4093 1.8399 1.6842
4.4283 1.8355 1.6685
4.4473 1.8332 1.6551
4.4663 1.8327 1.6442
4.4853 1.8339 1.6356
4.5043 1.8365 1.6293
4.5233 1.8402 1.6250
4.5423 1.8447 1.6227
4.5613 1.8494 1.6222
4.5803 1.8541 1.6233
4.5993 1.8582 1.6259
4.6183 1.8614 1.6296
4.6373 1.8631 1.6344
4.6563 1.8630 1.6402
4.6753 1.8608 1.6466
4.6943 1.8561 1.6538
4.7133 1.8489 1.6614
4.7323 1.8390 1.6695
4.7514 1.8264 1.6780
4.7704 1.8112 1.6870
4.7894 1.7935 1.6962
4.8084 1.7735 1.7057
4.8274 1.7517 1.7155
4.8464 1.7282 1.7254
4.8654 1.7035 1.7354
4.8844 1.6779 1.7452
4.9034 1.6518 1.7546
4.9224 1.6255 1.7634
4.9414 1.5993 1.7713
4.9604 1.5735 1.7778
4.9794 1.5482 1.7828
4.9984 1.5237 1.7857
5.0174 1.5000 1.7863
5.0364 1.4773 1.7843
5.0554 1.4555 1.7794
5.0744 1.4347 1.7715
5.0934 1.4148 1.7605
5.1125 1.3958 1.7466
5.1315 1.3776 1.7298
5.1505 1.3601 1.7103
5.1695 1.3434 1.6885
5.1885 1.3273 1.6648
5.2075 1.3118 1.6395
5.2265 1.2969 1.6130
5.2455 1.2825 1.5860
5.2645 1.2686 1.5586
5.2835 1.2552 1.5314
5.3025 1.2423 1.5046
5.3215 1.2299 1.4787
5.3405 1.2180 1.4538
5.3595 1.2066 1.4301
5.3785 1.1955 1.4078
5.3975 1.1848 1.3869
5.4165 1.1744 1.3676
5.4355 1.1642 1.3496
5.4546 1.1542 1.3331
5.4736 1.1442 1.3179
5.4926 1.1341 1.3037
5.5116 1.1238 1.2905
5.5306 1.1132 1.2781
5.5496 1.1023 1.2662
5.5686 1.0909 1.2545
5.5876 1.0790 1.2430
5.6066 1.0666 1.2313
5.6256 1.0536 1.2192
5.6446 1.0400 1.2068
5.6636 1.0259 1.1937
5.6826 1.0113 1.1801
5.7016 0.9964 1.1658
5.7206 0.9813 1.1509
5.7396 0.9660 1.1355
5.7586 0.9507 1.1197
5.7776 0.9357 1.1037
5.7966 0.9209 1.0875
5.8157 0.9067 1.0714
5.8347 0.8930 1.0556
5.8537 0.8801 1.0402
5.8727 0.8680 1.0253
5.8917 0.8568 1.0111
5.9107 0.8466 0.9978
5.9297 0.8373 0.9853
5.9487 0.8291 0.9738
5.9677 0.8218 0.9633
5.9867 0.8155 0.9537
6.0057 0.8100 0.9452
6.0247 0.8054 0.9375
6.0437 0.8015 0.9308
6.0627 0.7982 0.9248
6.0817 0.7955 0.9196
6.1007 0.7933 0.9150
6.1197 0.7915 0.9110
6.1387 0.7900 0.9073
6.1578 0.7888 0.9040
6.1768 0.7878 0.9009
6.1958 0.7870 0.8980
6.2148 0.7865 0.8950
6.2338 0.7860 0.8921
6.2528 0.7858 0.8890
6.2718 0.7857 0.8858
6.2908 0.7858 0.8824
6.3098 0.7860 0.8788
6.3288 0.7864 0.8749
6.3478 0.7870 0.8708
6.3668 0.7876 0.8664
6.3858 0.7884 0.8618
6.4048 0.7893 0.8570
6.4238 0.7902 0.8519
6.4428 0.7910 0.8466
6.4618 0.7918 0.8411
6.4808 0.7925 0.8355
6.4998 0.7930 0.8297
6.5189 0.7932 0.8238
6.5379 0.7931 0.8177
6.5569 0.7927 0.8115
6.5759 0.7920 0.8052
6.5949 0.7909 0.7989
6.6139 0.7894 0.7924
6.6329 0.7876 0.7858
6.6519 0.7854 0.7792
6.6709 0.7829 0.7726
6.6899 0.7802 0.7659
6.7089 0.7772 0.7592
6.7279 0.7740 0.7526
6.7469 0.7707 0.7460
6.7659 0.7671 0.7394
6.7849 0.7635 0.7330
6.8039 0.7597 0.7268
6.8229 0.7557 0.7207
6.8419 0.7516 0.7148
6.8610 0.7474 0.7092
6.8800 0.7431 0.7038
6.8990 0.7386 0.6987
6.9180 0.7339 0.6938
6.9370 0.7291 0.6893
6.9560 0.7242 0.6851
6.9750 0.7192 0.6811
6.9940 0.7141 0.6775
7.0130 0.7089 0.6741
7.0320 0.7037 0.6709
7.0510 0.6985 0.6680
7.0700 0.6932 0.6653
7.0890 0.6879 0.6628
7.1080 0.6827 0.6604
7.1270 0.6775 0.6582
7.1460 0.6723 0.6561
7.1650 0.6672 0.6541
7.1840 0.6620 0.6523
7.2030 0.6569 0.6506
7.2221 0.6518 0.6489
7.2411 0.6467 0.6474
7.2601 0.6417 0.6460
7.2791 0.6367 0.6446
7.2981 0.6317 0.6434
7.3171 0.6268 0.6422
7.3361 0.6220 0.6411
7.3551 0.6172 0.6401
7.3741 0.6126 0.6392
7.3931 0.6080 0.6382
7.4121 0.6035 0.6374
7.4311 0.5990 0.6365
7.4501 0.5946 0.6356
7.4691 0.5902 0.6348
7.4881 0.5858 0.6339
7.5071 0.5814 0.6330
7.5261 0.5770 0.6321
7.5451 0.5726 0.6311
7.5642 0.5681 0.6302
7.5832 0.5636 0.6292
7.6022 0.5590 0.6283
7.6212 0.5545 0.6274
7.6402 0.5501 0.6265
7.6592 0.5457 0.6257
7.6782 0.5415 0.6250
7.6972 0.5374 0.6244
7.7162 0.5336 0.6239
7.7352 0.5300 0.6235
7.7542 0.5268 0.6233
7.7732 0.5239 0.6233
7.7922 0.5213 0.6234
7.8112 0.5191 0.6235
7.8302 0.5173 0.6238
7.8492 0.5158 0.6242
7.8682 0.5146 0.6246
7.8872 0.5138 0.6250
7.9062 0.5133 0.6253
7.9253 0.5131 0.6256
7.9443 0.5131 0.6258
7.9633 0.5133 0.6257
7.9823 0.5138 0.6255
8.0013 0.5144 0.6251
8.0203 0.5152 0.6244
8.0393 0.5161 0.6234
8.0583 0.5172 0.6221
8.0773 0.5183 0.6206
8.0963 0.5194 0.6188
8.1153 0.5205 0.6168
8.1343 0.5216 0.6145
8.1533 0.5227 0.6120
8.1723 0.5237 0.6093
8.1913 0.5245 0.6064
8.2103 0.5252 0.6034
8.2293 0.5257 0.6004
8.2483 0.5259 0.5972
8.2674 0.5259 0.5941
8.2864 0.5257 0.5909
8.3054 0.5252 0.5878
8.3244 0.5244 0.5847
8.3434 0.5234 0.5816
8.3624 0.5221 0.5787
8.3814 0.5206 0.5759
8.4004 0.5189 0.5731
8.4194 0.5170 0.5705
8.4384 0.5150 0.5681
8.4574 0.5128 0.5657
8.4764 0.5105 0.5635
8.4954 0.5082 0.5615
8.5144 0.5059 0.5596
8.5334 0.5036 0.5579
8.5524 0.5013 0.5564
8.5714 0.4990 0.5551
8.5904 0.4968 0.5540
8.6094 0.4947 0.5532
8.6285 0.4927 0.5526
8.6475 0.4908 0.5523
8.6665 0.4889 0.5522
8.6855 0.4873 0.5524
8.7045 0.4857 0.5528
8.7235 0.4843 0.5535
8.7425 0.4831 0.5544
8.7615 0.4820 0.5555
8.7805 0.4812 0.5568
8.7995 0.4805 0.5582
8.8185 0.4801 0.5597
8.8375 0.4800 0.5614
8.8565 0.4801 0.5631
8.8755 0.4806 0.5648
8.8945 0.4814 0.5666
8.9135 0.4826 0.5684
8.9325 0.4841 0.5702
8.9515 0.4861 0.5720
8.9706 0.4884 0.5739
8.9896 0.4912 0.5759
9.0086 0.4944 0.5779
9.0276 0.4979 0.5799
9.0466 0.5019 0.5822
9.0656 0.5061 0.5846
9.0846 0.5107 0.5871
9.1036 0.5154 0.5899
9.1226 0.5203 0.5929
9.1416 0.5253 0.5962
9.1606 0.5303 0.5998
9.1796 0.5352 0.6036
9.1986 0.5400 0.6077
9.2176 0.5446 0.6120
9.2366 0.5489 0.6164
9.2556 0.5528 0.6210
9.2746 0.5564 0.6256
9.2936 0.5595 0.6302
9.3126 0.5622 0.6347
9.3317 0.5644 0.6389
9.3507 0.5662 0.6429
9.3697 0.5677 0.6464
9.3887 0.5688 0.6496
9.4077 0.5696 0.6522
9.4267 0.5702 0.6542
9.4457 0.5706 0.6557
9.4647 0.5711 0.6566
9.4837 0.5715 0.6570
9.5027 0.5721 0.6569
9.5217 0.5728 0.6563
9.5407 0.5738 0.6554
9.5597 0.5751 0.6541
9.5787 0.5767 0.6527
9.5977 0.5786 0.6511
9.6167 0.5809 0.6495
9.6357 0.5835 0.6478
9.6547 0.5864 0.6463
9.6737 0.5895 0.6449
9.6928 0.5928 0.6436
9.7118 0.5962 0.6426
9.7308 0.5996 0.6417
9.7498 0.6031 0.6410
9.7688 0.6065 0.6406
9.7878 0.6097 0.6403
9.8068 0.6128 0.6402
9.8258 0.6156 0.6402
9.8448 0.6182 0.6404
9.8638 0.6205 0.6406
9.8828 0.6225 0.6410
9.9018 0.6243 0.6414
9.9208 0.6258 0.6419
9.9398 0.6271 0.6424
9.9588 0.6282 0.6429
9.9778 0.6292 0.6434
9.9968 0.6301 0.6439
10.0158 0.6310 0.6444
10.0349 0.6319 0.6448
10.0539 0.6328 0.6451
10.0729 0.6337 0.6453
10.0919 0.6348 0.6455
10.1109 0.6359 0.6455
10.1299 0.6371 0.6455
10.1489 0.6383 0.6453
10.1679 0.6396 0.6450
10.1869 0.6409 0.6446
10.2059 0.6421 0.6441
10.2249 0.6432 0.6435
10.2439 0.6442 0.6429
10.2629 0.6450 0.6422
10.2819 0.6456 0.6415
10.3009 0.6459 0.6408
10.3199 0.6460 0.6401
10.3389 0.6459 0.6396
10.3579 0.6456 0.6391
10.3769 0.6451 0.6389
10.3960 0.6445 0.6388
10.4150 0.6437 0.6390
10.4340 0.6430 0.6396
10.4530 0.6423 0.6405
10.4720 0.6417 0.6418
10.4910 0.6412 0.6436
10.5100 0.6409 0.6459
10.5290 0.6408 0.6487
10.5480 0.6410 0.6521
10.5670 0.6415 0.6560
10.5860 0.6423 0.6606
10.6050 0.6433 0.6656
10.6240 0.6446 0.6713
10.6430 0.6462 0.6774
10.6620 0.6480 0.6840
10.6810 0.6500 0.6911
10.7000 0.6521 0.6985
10.7190 0.6544 0.7062
10.7381 0.6568 0.7141
10.7571 0.6593 0.7222
10.7761 0.6619 0.7304
10.7951 0.6646 0.7386
10.8141 0.6673 0.7467
10.8331 0.6700 0.7546
10.8521 0.6729 0.7622
10.8711 0.6757 0.7696
10.8901 0.6787 0.7767
10.9091 0.6816 0.7833
10.9281 0.6847 0.7895
10.9471 0.6877 0.7952
10.9661 0.6909 0.8005
10.9851 0.6941 0.8053
11.0041 0.6973 0.8097
11.0231 0.7006 0.8136
11.0421 0.7040 0.8170
11.0611 0.7075 0.8201
11.0801 0.7110 0.8227
11.0992 0.7146 0.8249
11.1182 0.7182 0.8268
11.1372 0.7220 0.8282
11.1562 0.7258 0.8293
11.1752 0.7298 0.8301
11.1942 0.7338 0.8304
11.2132 0.7379 0.8305
11.2322 0.7422 0.8301
11.2512 0.7465 0.8295
11.2702 0.7510 0.8284
11.2892 0.7556 0.8271
11.3082 0.7602 0.8255
11.3272 0.7650 0.8236
11.3462 0.7699 0.8214
11.3652 0.7749 0.8191
11.3842 0.7799 0.8166
11.4032 0.7851 0.8139
11.4222 0.7903 0.8113
11.4413 0.7955 0.8087
11.4603 0.8008 0.8061
11.4793 0.8061 0.8038
11.4983 0.8114 0.8017
11.5173 0.8167 0.7999
11.5363 0.8220 0.7986
11.5553 0.8273 0.7977
11.5743 0.8325 0.7974
11.5933 0.8377 0.7977
11.6123 0.8428 0.7985
11.6313 0.8478 0.8000
11.6503 0.8527 0.8021
11.6693 0.8574 0.8048
11.6883 0.8620 0.8080
11.7073 0.8665 0.8118
11.7263 0.8707 0.8159
11.7453 0.8748 0.8205
11.7643 0.8787 0.8253
11.7833 0.8823 0.8303
11.8024 0.8857 0.8354
11.8214 0.8889 0.8406
11.8404 0.8918 0.8457
11.8594 0.8945 0.8508
11.8784 0.8969 0.8558
11.8974 0.8990 0.8606
11.9164 0.9008 0.8653
11.9354 0.9023 0.8697
11.9544 0.9036 0.8740
11.9734 0.9046 0.8781
11.9924 0.9052 0.8820
12.0114 0.9057 0.8857
12.0304 0.9059 0.8892
12.0494 0.9058 0.8926
12.0684 0.9055 0.8957
12.0874 0.9051 0.8987
12.1064 0.9045 0.9014
12.1254 0.9038 0.9040
12.1445 0.9031 0.9063
12.1635 0.9023 0.9083
12.1825 0.9015 0.9101
12.2015 0.9007 0.9115
12.2205 0.9001 0.9127
12.2395 0.8995 0.9135
12.2585 0.8991 0.9139
12.2775 0.8988 0.9139
12.2965 0.8988 0.9136
12.3155 0.8990 0.9130
12.3345 0.8995 0.9120
12.3535 0.9003 0.9106
12.3725 0.9014 0.9090
12.3915 0.9028 0.9072
12.4105 0.9045 0.9051
12.4295 0.9066 0.9029
12.4485 0.9091 0.9006
12.4675 0.9119 0.8982
12.4865 0.9150 0.8957
12.5056 0.9184 0.8933
12.5246 0.9222 0.8909
12.5436 0.9262 0.8886
12.5626 0.9305 0.8863
12.5816 0.9350 0.8842
12.6006 0.9397 0.8821
12.6196 0.9444 0.8802
12.6386 0.9493 0.8784
12.6576 0.9542 0.8768
12.6766 0.9590 0.8753
12.6956 0.9637 0.8740
12.7146 0.9682 0.8729
12.7336 0.9724 0.8720
12.7526 0.9763 0.8714
12.7716 0.9798 0.8710
12.7906 0.9828 0.8710
12.8096 0.9853 0.8713
12.8286 0.9872 0.8719
12.8477 0.9884 0.8729
12.8667 0.9890 0.8744
12.8857 0.9889 0.8762
12.9047 0.9881 0.8784
12.9237 0.9866 0.8811
12.9427 0.9845 0.8841
12.9617 0.9818 0.8875
12.9807 0.9786 0.8912
12.9997 0.9749 0.8951
13.0187 0.9708 0.8993
13.0377 0.9664 0.9035
13.0567 0.9618 0.9079
13.0757 0.9571 0.9122
13.0947 0.9523 0.9164
13.1137 0.9475 0.9204
13.1327 0.9428 0.9242
13.1517 0.9383 0.9277
13.1707 0.9340 0.9308
13.1897 0.9299 0.9334
13.2088 0.9261 0.9356
13.2278 0.9226 0.9373
13.2468 0.9194 0.9385
13.2658 0.9165 0.9391
13.2848 0.9139 0.9391
13.3038 0.9116 0.9386
13.3228 0.9096 0.9375
13.3418 0.9078 0.9359
13.3608 0.9062 0.9338
13.3798 0.9048 0.9313
13.3988 0.9036 0.9284
13.4178 0.9026 0.9251
13.4368 0.9017 0.9215
13.4558 0.9009 0.9176
13.4748 0.9001 0.9136
13.4938 0.8995 0.9094
13.5128 0.8989 0.9052
13.5318 0.8984 0.9009
13.5509 0.8978 0.8966
13.5699 0.8973 0.8924
13.5889 0.8968 0.8882
13.6079 0.8962 0.8842
13.6269 0.8957 0.8804
13.6459 0.8950 0.8767
13.6649 0.8944 0.8732
13.6839 0.8936 0.8698
13.7029 0.8928 0.8667
13.7219 0.8919 0.8636
13.7409 0.8908 0.8608
13.7599 0.8896 0.8580
13.7789 0.8882 0.8554
13.7979 0.8867 0.8529
13.8169 0.8850 0.8504
13.8359 0.8831 0.8480
13.8549 0.8809 0.8455
13.8739 0.8784 0.8430
13.8929 0.8757 0.8405
13.9120 0.8727 0.8379
13.9310 0.8694 0.8351
13.9500 0.8657 0.8322
13.9690 0.8617 0.8290
13.9880 0.8574 0.8257
14.0070 0.8527 0.8221
14.0260 0.8477 0.8183
14.0450 0.8425 0.8141
14.0640 0.8369 0.8097
14.0830 0.8312 0.8049
14.1020 0.8253 0.7999
14.1210 0.8193 0.7945
14.1400 0.8132 0.7889
14.1590 0.8072 0.7830
14.1780 0.8012 0.7769
14.1970 0.7954 0.7705
14.2160 0.7898 0.7640
14.2350 0.7845 0.7573
14.2541 0.7794 0.7505
14.2731 0.7745 0.7435
14.2921 0.7700 0.7365
14.3111 0.7657 0.7294
14.3301 0.7617 0.7222
14.3491 0.7579 0.7150
14.3681 0.7543 0.7077
14.3871 0.7508 0.7003
14.4061 0.7474 0.6929
14.4251 0.7441 0.6855
14.4441 0.7408 0.6780
14.4631 0.7375 0.6706
14.4821 0.7341 0.6631
14.5011 0.7306 0.6556
14.5201 0.7270 0.6482
14.5391 0.7233 0.6409
14.5581 0.7195 0.6336
14.5771 0.7155 0.6265
14.5961 0.7115 0.6195
14.6152 0.7073 0.6126
14.6342 0.7031 0.6060
14.6532 0.6988 0.5995
14.6722 0.6944 0.5932
14.6912 0.6900 0.5871
14.7102 0.6857 0.5812
14.7292 0.6813 0.5755
14.7482 0.6769 0.5700
14.7672 0.6726 0.5646
14.7862 0.6683 0.5593
14.8052 0.6641 0.5541
14.8242 0.6599 0.5491
14.8432 0.6558 0.5442
14.8622 0.6518 0.5394
14.8812 0.6479 0.5347
14.9002 0.6440 0.5301
14.9192 0.6402 0.5256
14.9382 0.6366 0.5213
14.9573 0.6329 0.5170
14.9763 0.6294 0.5130
14.9953 0.6260 0.5090
15.0143 0.6227 0.5052
15.0333 0.6195 0.5016
15.0523 0.6163 0.4981
15.0713 0.6133 0.4948
15.0903 0.6103 0.4917
15.1093 0.6074 0.4887
15.1283 0.6045 0.4858
15.1473 0.6017 0.4831
15.1663 0.5989 0.4805
15.1853 0.5961 0.4781
15.2043 0.5933 0.4757
15.2233 0.5904 0.4734
15.2423 0.5874 0.4713
15.2613 0.5843 0.4692
15.2803 0.5810 0.4672
15.2993 0.5776 0.4652
15.3184 0.5739 0.4633
15.3374 0.5701 0.4615
15.3564 0.5660 0.4597
15.3754 0.5618 0.4580
15.3944 0.5573 0.4562
15.4134 0.5526 0.4545
15.4324 0.5478 0.4527
15.4514 0.5428 0.4510
15.4704 0.5376 0.4492
15.4894 0.5324 0.4473
15.5084 0.5270 0.4454
15.5274 0.5216 0.4434
15.5464 0.5162 0.4414
15.5654 0.5107 0.4392
15.5844 0.5052 0.4370
15.6034 0.4997 0.4347
15.6224 0.4943 0.4322
15.6414 0.4888 0.4297
15.6605 0.4834 0.4270
15.6795 0.4780 0.4243
15.6985 0.4727 0.4214
15.7175 0.4674 0.4183
15.7365 0.4622 0.4152
15.7555 0.4570 0.4120
15.7745 0.4519 0.4086
15.7935 0.4468 0.4052
15.8125 0.4419 0.4017
15.8315 0.4370 0.3981
15.8505 0.4322 0.3945
15.8695 0.4274 0.3908
15.8885 0.4228 0.3871
15.9075 0.4183 0.3835
15.9265 0.4138 0.3798
15.9455 0.4094 0.3761
15.9645 0.4051 0.3725
15.9835 0.4009 0.3689
16.0025 0.3967 0.3654
16.0216 0.3926 0.3619
16.0406 0.3886 0.3584
16.0596 0.3845 0.3550
16.0786 0.3805 0.3517
16.0976 0.3766 0.3484
16.1166 0.3726 0.3451
16.1356 0.3687 0.3419
16.1546 0.3648 0.3387
16.1736 0.3610 0.3356
16.1926 0.3571 0.3324
16.2116 0.3532 0.3294
16.2306 0.3494 0.3263
16.2496 0.3456 0.3233
16.2686 0.3418 0.3203
16.2876 0.3381 0.3173
16.3066 0.3344 0.3143
16.3256 0.3307 0.3114
16.3446 0.3270 0.3084
16.3637 0.3233 0.3054
16.3827 0.3197 0.3024
16.4017 0.3161 0.2994
16.4207 0.3125 0.2964
16.4397 0.3089 0.2934
16.4587 0.3054 0.2904
16.4777 0.3019 0.2873
16.4967 0.2984 0.2842
16.5157 0.2949 0.2811
16.5347 0.2915 0.2779
16.5537 0.2880 0.2748
16.5727 0.2846 0.2717
16.5917 0.2813 0.2685
16.6107 0.2779 0.2653
16.6297 0.2746 0.2622
16.6487 0.2713 0.2591
16.6677 0.2680 0.2560
16.6867 0.2648 0.2529
16.7057 0.2615 0.2498
16.7248 0.2583 0.2469
16.7438 0.2552 0.2439
16.7628 0.2521 0.2411
16.7818 0.2490 0.2383
16.8008 0.2459 0.2356
16.8198 0.2429 0.2330
16.8388 0.2399 0.2304
16.8578 0.2369 0.2280
16.8768 0.2340 0.2256
16.8958 0.2311 0.2233
16.9148 0.2283 0.2211
16.9338 0.2255 0.2190
16.9528 0.2227 0.2169
16.9718 0.2200 0.2149
16.9908 0.2173 0.2129
17.0098 0.2146 0.2109
17.0288 0.2120 0.2090
17.0478 0.2094 0.2071
17.0669 0.2068 0.2052
17.0859 0.2043 0.2034
17.1049 0.2018 0.2015
17.1239 0.1993 0.1996
17.1429 0.1968 0.1977
17.1619 0.1944 0.1958
17.1809 0.1920 0.1939
17.1999 0.1896 0.1920
17.2189 0.1873 0.1901
17.2379 0.1850 0.1883
17.2569 0.1827 0.1864
17.2759 0.1804 0.1845
17.2949 0.1782 0.1826
17.3139 0.1760 0.1808
17.3329 0.1738 0.1789
17.3519 0.1716 0.1771
17.3709 0.1695 0.1753
17.3899 0.1674 0.1735
17.4089 0.1653 0.1717
17.4280 0.1632 0.1700
17.4470 0.1612 0.1682
17.4660 0.1592 0.1665
17.4850 0.1572 0.1647
17.5040 0.1552 0.1630
17.5230 0.1533 0.1613
17.5420 0.1515 0.1596
17.5610 0.1496 0.1579
17.5800 0.1478 0.1562
17.5990 0.1460 0.1545
17.6180 0.1443 0.1528
17.6370 0.1427 0.1511
17.6560 0.1410 0.1494
17.6750 0.1394 0.1478
17.6940 0.1379 0.1461
17.7130 0.1364 0.1445
17.7320 0.1350 0.1429
17.7510 0.1336 0.1413
17.7701 0.1322 0.1398
17.7891 0.1309 0.1382
17.8081 0.1296 0.1367
17.8271 0.1283 0.1352
17.8461 0.1271 0.1338
17.8651 0.1258 0.1323
17.8841 0.1246 0.1309
17.9031 0.1234 0.1295
17.9221 0.1223 0.1281
17.9411 0.1211 0.1268
17.9601 0.1199 0.1254
17.9791 0.1187 0.1241
17.9981 0.1176 0.1227
18.0171 0.1164 0.1214
18.0361 0.1152 0.1200
18.0551 0.1141 0.1187
18.0741 0.1129 0.1173
18.0931 0.1117 0.1159
18.1121 0.1105 0.1145
18.1312 0.1093 0.1132
18.1502 0.1081 0.1118
18.1692 0.1070 0.1104
18.1882 0.1058 0.1090
18.2072 0.1046 0.1075
18.2262 0.1035 0.1061
18.2452 0.1023 0.1047
18.2642 0.1012 0.1034
18.2832 0.1001 0.1020
18.3022 0.0990 0.1006
18.3212 0.0979 0.0993
18.3402 0.0968 0.0980
18.3592 0.0957 0.0968
18.3782 0.0946 0.0955
18.3972 0.0936 0.0943
18.4162 0.0925 0.0932
18.4352 0.0914 0.0920
18.4542 0.0904 0.0909
18.4733 0.0893 0.0899
18.4923 0.0883 0.0888
18.5113 0.0872 0.0878
18.5303 0.0862 0.0869
18.5493 0.0852 0.0859
18.5683 0.0842 0.0850
18.5873 0.0832 0.0841
18.6063 0.0822 0.0833
18.6253 0.0812 0.0824
18.6443 0.0802 0.0816
18.6633 0.0792 0.0807
18.6823 0.0782 0.0799
18.7013 0.0773 0.0791
18.7203 0.0764 0.0782
18.7393 0.0754 0.0774
18.7583 0.0745 0.0766
18.7773 0.0736 0.0757
18.7963 0.0726 0.0749
18.8153 0.0717 0.0740
18.8344 0.0708 0.0731
18.8534 0.0699 0.0722
18.8724 0.0690 0.0713
18.8914 0.0681 0.0704
18.9104 0.0672 0.0695
18.9294 0.0663 0.0686
18.9484 0.0655 0.0677
18.9674 0.0646 0.0668
18.9864 0.0638 0.0659
19.0054 0.0630 0.0650
19.0244 0.0622 0.0641
19.0434 0.0614 0.0632
19.0624 0.0606 0.0624
19.0814 0.0599 0.0616
19.1004 0.0592 0.0608
19.1194 0.0585 0.0600
19.1384 0.0578 0.0592
19.1574 0.0572 0.0585
19.1765 0.0566 0.0577
19.1955 0.0560 0.0570
19.2145 0.0554 0.0563
19.2335 0.0549 0.0557
19.2525 0.0543 0.0550
19.2715 0.0538 0.0543
19.2905 0.0533 0.0537
19.3095 0.0529 0.0531
19.3285 0.0524 0.0525
19.3475 0.0519 0.0518
19.3665 0.0515 0.0512
19.3855 0.0510 0.0507
19.4045 0.0506 0.0501
19.4235 0.0501 0.0495
19.4425 0.0497 0.0489
19.4615 0.0492 0.0484
19.4805 0.0488 0.0478
19.4995 0.0483 0.0473
19.5185 0.0478 0.0468
19.5376 0.0474 0.0463
19.5566 0.0469 0.0458
19.5756 0.0464 0.0453
19.5946 0.0460 0.0448
19.6136 0.0455 0.0444
19.6326 0.0450 0.0440
19.6516 0.0445 0.0435
19.6706 0.0441 0.0431
19.6896 0.0436 0.0427
19.7086 0.0431 0.0423
19.7276 0.0427 0.0419
19.7466 0.0422 0.0416
19.7656 0.0417 0.0412
19.7846 0.0413 0.0408
19.8036 0.0408 0.0404
19.8226 0.0404 0.0401
19.8416 0.0400 0.0397
19.8606 0.0395 0.0393
19.8797 0.0391 0.0390
19.8987 0.0387 0.0386
19.9177 0.0383 0.0382
19.9367 0.0378 0.0378
19.9557 0.0374 0.0375
19.9747 0.0370 0.0371
19.9937 0.0367 0.0367
20.0127 0.0363 0.0363
20.0317 0.0359 0.0360
20.0507 0.0355 0.0356
20.0697 0.0352 0.0352
20.0887 0.0348 0.0348
20.1077 0.0345 0.0345
20.1267 0.0342 0.0341
20.1457 0.0338 0.0338
20.1647 0.0335 0.0334
20.1837 0.0332 0.0331
20.2027 0.0329 0.0327
20.2217 0.0325 0.0324
20.2408 0.0322 0.0320
20.2598 0.0319 0.0317
20.2788 0.0316 0.0314
20.2978 0.0312 0.0310
20.3168 0.0309 0.0307
20.3358 0.0306 0.0304
20.3548 0.0302 0.0301
20.3738 0.0299 0.0298
20.3928 0.0296 0.0295
20.4118 0.0293 0.0292
20.4308 0.0289 0.0289
20.4498 0.0286 0.0286
20.4688 0.0283 0.0283
20.4878 0.0280 0.0280
20.5068 0.0277 0.0277
20.5258 0.0274 0.0274
20.5448 0.0271 0.0271
20.5638 0.0269 0.0268
20.5829 0.0266 0.0265
20.6019 0.0264 0.0263
20.6209 0.0262 0.0260
20.6399 0.0260 0.0257
20.6589 0.0258 0.0254
20.6779 0.0255 0.0251
20.6969 0.0253 0.0249
20.7159 0.0252 0.0246
20.7349 0.0250 0.0243
20.7539 0.0248 0.0240
20.7729 0.0246 0.0238
20.7919 0.0244 0.0235
20.8109 0.0242 0.0232
20.8299 0.0240 0.0230
20.8489 0.0238 0.0227
20.8679 0.0236 0.0225
20.8869 0.0234 0.0223
20.9059 0.0232 0.0220
20.9249 0.0231 0.0218
20.9440 0.0229 0.0216
20.9630 0.0227 0.0213
20.9820 0.0225 0.0211
21.0010 0.0223 0.0209
21.0200 0.0221 0.0207
21.0390 0.0219 0.0205
21.0580 0.0217 0.0203
21.0770 0.0215 0.0201
21.0960 0.0213 0.0199
21.1150 0.0211 0.0197
21.1340 0.0209 0.0196
21.1530 0.0207 0.0194
21.1720 0.0205 0.0192
21.1910 0.0203 0.0190
21.2100 0.0201 0.0188
21.2290 0.0200 0.0187
21.2480 0.0198 0.0185
21.2670 0.0196 0.0183
21.2861 0.0194 0.0182
21.3051 0.0192 0.0180
21.3241 0.0190 0.0179
21.3431 0.0189 0.0177
21.3621 0.0187 0.0176
21.3811 0.0185 0.0175
21.4001 0.0184 0.0173
21.4191 0.0182 0.0172
21.4381 0.0181 0.0171
21.4571 0.0179 0.0170
21.4761 0.0178 0.0169
21.4951 0.0176 0.0168
21.5141 0.0175 0.0167
21.5331 0.0174 0.0166
21.5521 0.0173 0.0165
21.5711 0.0172 0.0165
21.5901 0.0170 0.0164
21.6091 0.0169 0.0163
21.6281 0.0168 0.0162
21.6472 0.0167 0.0161
21.6662 0.0166 0.0161
21.6852 0.0165 0.0160
21.7042 0.0164 0.0159
21.7232 0.0163 0.0158
21.7422 0.0162 0.0157
21.7612 0.0161 0.0157
21.7802 0.0160 0.0156
21.7992 0.0159 0.0155
21.8182 0.0158 0.0154
21.8372 0.0157 0.0153
21.8562 0.0156 0.0152
21.8752 0.0155 0.0150
21.8942 0.0154 0.0149
21.9132 0.0152 0.0148
21.9322 0.0151 0.0147
21.9512 0.0150 0.0146
21.9702 0.0149 0.0144
21.9893 0.0148 0.0143
22.0083 0.0147 0.0142
22.0273 0.0146 0.0140
22.0463 0.0145 0.0139
22.0653 0.0144 0.0138
22.0843 0.0143 0.0137
22.1033 0.0142 0.0136
22.1223 0.0141 0.0135
22.1413 0.0140 0.0133
22.1603 0.0139 0.0132
22.1793 0.0138 0.0131
22.1983 0.0137 0.0131
22.2173 0.0137 0.0130
22.2363 0.0136 0.0129
22.2553 0.0135 0.0128
22.2743 0.0134 0.0127
22.2933 0.0134 0.0126
22.3123 0.0133 0.0126
22.3313 0.0132 0.0125
22.3504 0.0132 0.0124
22.3694 0.0131 0.0124
22.3884 0.0131 0.0123
22.4074 0.0130 0.0123
22.4264 0.0130 0.0122
22.4454 0.0129 0.0122
22.4644 0.0129 0.0121
22.4834 0.0128 0.0121
22.5024 0.0128 0.0121
22.5214 0.0127 0.0120
22.5404 0.0127 0.0120
22.5594 0.0126 0.0120
22.5784 0.0126 0.0120
22.5974 0.0125 0.0119
22.6164 0.0125 0.0119
22.6354 0.0124 0.0119
22.6544 0.0124 0.0119
22.6734 0.0123 0.0119
22.6925 0.0123 0.0119
22.7115 0.0122 0.0120
22.7305 0.0122 0.0120
22.7495 0.0121 0.0120
22.7685 0.0121 0.0120
22.7875 0.0120 0.0120
22.8065 0.0120 0.0120
22.8255 0.0119 0.0120
22.8445 0.0119 0.0120
22.8635 0.0119 0.0120
22.8825 0.0118 0.0120
22.9015 0.0118 0.0120
22.9205 0.0118 0.0120
22.9395 0.0117 0.0119
22.9585 0.0117 0.0119
22.9775 0.0117 0.0119
22.9965 0.0117 0.0118
23.0155 0.0116 0.0118
23.0345 0.0116 0.0117
23.0536 0.0116 0.0117
23.0726 0.0116 0.0116
23.0916 0.0116 0.0116
23.1106 0.0115 0.0115
23.1296 0.0115 0.0115
23.1486 0.0115 0.0114
23.1676 0.0115 0.0114
23.1866 0.0115 0.0113
23.2056 0.0115 0.0113
23.2246 0.0114 0.0112
23.2436 0.0114 0.0112
23.2626 0.0114 0.0111
23.2816 0.0114 0.0111
23.3006 0.0114 0.0110
23.3196 0.0113 0.0110
23.3386 0.0113 0.0109
23.3576 0.0113 0.0109
23.3766 0.0113 0.0109
23.3957 0.0113 0.0108
23.4147 0.0112 0.0108
23.4337 0.0112 0.0107
23.4527 0.0112 0.0107
23.4717 0.0112 0.0106
23.4907 0.0111 0.0106
23.5097 0.0111 0.0105
23.5287 0.0111 0.0105
23.5477 0.0110 0.0104
23.5667 0.0110 0.0104
23.5857 0.0110 0.0103
23.6047 0.0110 0.0103
23.6237 0.0109 0.0103
23.6427 0.0109 0.0102
23.6617 0.0109 0.0102
23.6807 0.0108 0.0102
23.6997 0.0108 0.0101
23.7187 0.0108 0.0101
23.7377 0.0107 0.0101
23.7568 0.0107 0.0101
23.7758 0.0106 0.0100
23.7948 0.0106 0.0100
23.8138 0.0106 0.0100
23.8328 0.0105 0.0100
23.8518 0.0105 0.0100
23.8708 0.0105 0.0100
23.8898 0.0105 0.0099
23.9088 0.0104 0.0099
23.9278 0.0104 0.0099
23.9468 0.0104 0.0099
23.9658 0.0103 0.0099
23.9848 0.0103 0.0099
24.0038 0.0103 0.0099
24.0228 0.0103 0.0098
24.0418 0.0102 0.0098
24.0608 0.0102 0.0098
24.0798 0.0102 0.0098
24.0989 0.0102 0.0098
24.1179 0.0101 0.0097
24.1369 0.0101 0.0097
24.1559 0.0101 0.0097
24.1749 0.0101 0.0097
24.1939 0.0101 0.0096
24.2129 0.0100 0.0096
24.2319 0.0100 0.0096
24.2509 0.0100 0.0096
24.2699 0.0100 0.0095
24.2889 0.0099 0.0095
24.3079 0.0099 0.0095
24.3269 0.0099 0.0094
24.3459 0.0099 0.0094
24.3649 0.0099 0.0094
24.3839 0.0099 0.0094
24.4029 0.0098 0.0093
24.4219 0.0098 0.0093
24.4409 0.0098 0.0093
24.4600 0.0098 0.0093
24.4790 0.0098 0.0093
24.4980 0.0098 0.0092
24.5170 0.0097 0.0092
24.5360 0.0097 0.0092
24.5550 0.0097 0.0092
24.5740 0.0097 0.0092
24.5930 0.0097 0.0092
24.6120 0.0096 0.0091
24.6310 0.0096 0.0091
24.6500 0.0096 0.0091
24.6690 0.0095 0.0091
24.6880 0.0095 0.0090
24.7070 0.0095 0.0090
24.7260 0.0094 0.0090
24.7450 0.0094 0.0089
24.7640 0.0093 0.0089
24.7830 0.0093 0.0088
24.8021 0.0092 0.0088
24.8211 0.0092 0.0087
24.8401 0.0091 0.0087
24.8591 0.0090 0.0086
24.8781 0.0090 0.0085
24.8971 0.0089 0.0085
24.9161 0.0088 0.0084
24.9351 0.0087 0.0083
24.9541 0.0087 0.0083
24.9731 0.0086 0.0082
24.9921 0.0085 0.0081
25.0111 0.0084 0.0080
25.0301 0.0083 0.0080
25.0491 0.0083 0.0079
25.0681 0.0082 0.0078
25.0871 0.0081 0.0077
25.1061 0.0080 0.0076
25.1251 0.0079 0.0075
25.1441 0.0079 0.0074
25.1632 0.0078 0.0074
25.1822 0.0077 0.0073
25.2012 0.0076 0.0072
25.2202 0.0075 0.0071
25.2392 0.0075 0.0070
25.2582 0.0074 0.0069
25.2772 0.0073 0.0069
25.2962 0.0072 0.0068
25.3152 0.0072 0.0067
25.3342 0.0071 0.0066
25.3532 0.0070 0.0066
25.3722 0.0069 0.0065
25.3912 0.0069 0.0064
25.4102 0.0068 0.0064
25.4292 0.0067 0.0063
25.4482 0.0067 0.0062
25.4672 0.0066 0.0062
25.4862 0.0065 0.0061
25.5053 0.0065 0.0061
25.5243 0.0064 0.0060
25.5433 0.0063 0.0060
25.5623 0.0063 0.0059
25.5813 0.0062 0.0059
25.6003 0.0062 0.0058
25.6193 0.0061 0.0058
25.6383 0.0061 0.0058
25.6573 0.0060 0.0057
25.6763 0.0060 0.0057
25.6953 0.0059 0.0056
25.7143 0.0059 0.0056
25.7333 0.0059 0.0056
25.7523 0.0058 0.0055
25.7713 0.0058 0.0055
25.7903 0.0058 0.0055
25.8093 0.0057 0.0054
25.8283 0.0057 0.0054
25.8473 0.0057 0.0054
25.8664 0.0056 0.0053
25.8854 0.0056 0.0053
25.9044 0.0056 0.0053
25.9234 0.0056 0.0052
25.9424 0.0056 0.0052
25.9614 0.0055 0.0052
25.9804 0.0055 0.0052
25.9994 0.0055 0.0052
26.0184 0.0055 0.0051
26.0374 0.0055 0.0051
26.0564 0.0055 0.0051
26.0754 0.0054 0.0051
26.0944 0.0054 0.0051
26.1134 0.0054 0.0051
26.1324 0.0054 0.0051
26.1514 0.0054 0.0051
26.1704 0.0054 0.0051
26.1894 0.0053 0.0050
26.2085 0.0053 0.0050
26.2275 0.0053 0.0050
26.2465 0.0053 0.0050
26.2655 0.0053 0.0050
26.2845 0.0052 0.0050
26.3035 0.0052 0.0050
26.3225 0.0052 0.0050
26.3415 0.0052 0.0050
26.3605 0.0052 0.0050
26.3795 0.0051 0.0049
26.3985 0.0051 0.0049
26.4175 0.0051 0.0049
26.4365 0.0051 0.0049
26.4555 0.0051 0.0049
26.4745 0.0050 0.0049
26.4935 0.0050 0.0049
26.5125 0.0050 0.0048
26.5315 0.0049 0.0048
26.5505 0.0049 0.0048
26.5696 0.0049 0.0048
26.5886 0.0049 0.0048
26.6076 0.0048 0.0048
26.6266 0.0048 0.0047
26.6456 0.0048 0.0047
26.6646 0.0047 0.0047
26.6836 0.0047 0.0047
26.7026 0.0047 0.0047
26.7216 0.0046 0.0046
26.7406 0.0046 0.0046
26.7596 0.0046 0.0046
26.7786 0.0045 0.0046
26.7976 0.0045 0.0045
26.8166 0.0045 0.0045
26.8356 0.0044 0.0045
26.8546 0.0044 0.0044
26.8736 0.0043 0.0044
26.8926 0.0043 0.0043
26.9117 0.0043 0.0043
26.9307 0.0042 0.0042
26.9497 0.0042 0.0042
26.9687 0.0041 0.0042
26.9877 0.0041 0.0041
27.0067 0.0040 0.0041
27.0257 0.0040 0.0040
27.0447 0.0039 0.0040
27.0637 0.0039 0.0039
27.0827 0.0039 0.0039
27.1017 0.0038 0.0038
27.1207 0.0038 0.0038
27.1397 0.0037 0.0037
27.1587 0.0037 0.0037
27.1777 0.0036 0.0036
27.1967 0.0036 0.0036
27.2157 0.0035 0.0035
27.2347 0.0035 0.0035
27.2537 0.0035 0.0034
27.2728 0.0034 0.0034
27.2918 0.0034 0.0033
27.3108 0.0033 0.0033
27.3298 0.0033 0.0033
27.3488 0.0033 0.0032
27.3678 0.0032 0.0032
27.3868 0.0032 0.0032
27.4058 0.0031 0.0031
27.4248 0.0031 0.0031
27.4438 0.0031 0.0031
27.4628 0.0030 0.0030
27.4818 0.0030 0.0030
27.5008 0.0030 0.0030
27.5198 0.0029 0.0029
27.5388 0.0029 0.0029
27.5578 0.0029 0.0029
27.5768 0.0028 0.0028
27.5958 0.0028 0.0028
27.6149 0.0028 0.0028
27.6339 0.0027 0.0027
27.6529 0.0027 0.0027
27.6719 0.0027 0.0027
27.6909 0.0027 0.0027
27.7099 0.0026 0.0026
27.7289 0.0026 0.0026
27.7479 0.0026 0.0026
27.7669 0.0026 0.0025
27.7859 0.0025 0.0025
27.8049 0.0025 0.0025
27.8239 0.0025 0.0025
27.8429 0.0025 0.0024
27.8619 0.0024 0.0024
27.8809 0.0024 0.0024
27.8999 0.0024 0.0024
27.9189 0.0024 0.0024
27.9379 0.0024 0.0023
27.9569 0.0023 0.0023
27.9760 0.0023 0.0023
27.9950 0.0023 0.0023
28.0140 0.0023 0.0022
28.0330 0.0023 0.0022
28.0520 0.0022 0.0022
28.0710 0.0022 0.0022
28.0900 0.0022 0.0022
28.1090 0.0022 0.0022
28.1280 0.0022 0.0021
28.1470 0.0021 0.0021
28.1660 0.0021 0.0021
28.1850 0.0021 0.0021
28.2040 0.0021 0.0021
28.2230 0.0021 0.0021
28.2420 0.0021 0.0020
28.2610 0.0020 0.0020
28.2800 0.0020 0.0020
28.2990 0.0020 0.0020
28.3180 0.0020 0.0020
28.3371 0.0020 0.0020
28.3561 0.0020 0.0020
28.3751 0.0020 0.0020
28.3941 0.0020 0.0019
28.4131 0.0019 0.0019
28.4321 0.0019 0.0019
28.4511 0.0019 0.0019
28.4701 0.0019 0.0019
28.4891 0.0019 0.0019
28.5081 0.0019 0.0019
28.5271 0.0019 0.0019
28.5461 0.0019 0.0018
28.5651 0.0019 0.0018
28.5841 0.0019 0.0018
28.6031 0.0018 0.0018
28.6221 0.0018 0.0018
28.6411 0.0018 0.0018
28.6601 0.0018 0.0018
28.6792 0.0018 0.0018
28.6982 0.0018 0.0017
28.7172 0.0018 0.0017
28.7362 0.0018 0.0017
28.7552 0.0018 0.0017
28.7742 0.0018 0.0017
28.7932 0.0017 0.0017
28.8122 0.0017 0.0017
28.8312 0.0017 0.0017
28.8502 0.0017 0.0016
28.8692 0.0017 0.0016
28.8882 0.0017 0.0016
28.9072 0.0017 0.0016
28.9262 0.0017 0.0016
28.9452 0.0017 0.0016
28.9642 0.0017 0.0016
28.9832 0.0016 0.0016
29.0022 0.0016 0.0016
29.0212 0.0016 0.0015
29.0403 0.0016 0.0015
29.0593 0.0016 0.0015
29.0783 0.0016 0.0015
29.0973 0.0016 0.0015
29.1163 0.0016 0.0015
29.1353 0.0016 0.0015
29.1543 0.0015 0.0015
29.1733 0.0015 0.0015
29.1923 0.0015 0.0015
29.2113 0.0015 0.0014
29.2303 0.0015 0.0014
29.2493 0.0015 0.0014
29.2683 0.0015 0.0014
29.2873 0.0015 0.0014
29.3063 0.0015 0.0014
29.3253 0.0015 0.0014
29.3443 0.0014 0.0014
29.3633 0.0014 0.0014
29.3824 0.0014 0.0014
29.4014 0.0014 0.0014
29.4204 0.0014 0.0013
29.4394 0.0014 0.0013
29.4584 0.0014 0.0013
29.4774 0.0014 0.0013
29.4964 0.0014 0.0013
29.5154 0.0014 0.0013
29.5344 0.0014 0.0013
29.5534 0.0014 0.0013
29.5724 0.0013 0.0013
29.5914 0.0013 0.0013
29.6104 0.0013 0.0013
29.6294 0.0013 0.0012
29.6484 0.0013 0.0012
29.6674 0.0013 0.0012
29.6864 0.0013 0.0012
29.7054 0.0013 0.0012
29.7244 0.0013 0.0012
29.7435 0.0013 0.0012
29.7625 0.0013 0.0012
29.7815 0.0013 0.0012
29.8005 0.0012 0.0012
29.8195 0.0012 0.0012
29.8385 0.0012 0.0012
29.8575 0.0012 0.0011
29.8765 0.0012 0.0011
29.8955 0.0012 0.0011
29.9145 0.0012 0.0011
29.9335 0.0012 0.0011
29.9525 0.0012 0.0011
29.9715 0.0012 0.0011
29.9905 0.0012 0.0011
30.0095 0.0012 0.0011
30.0285 0.0012 0.0011
30.0475 0.0012 0.0011
30.0665 0.0011 0.0011
30.0856 0.0011 0.0011
30.1046 0.0011 0.0011
30.1236 0.0011 0.0011
30.1426 0.0011 0.0011
30.1616 0.0011 0.0011
30.1806 0.0011 0.0010
30.1996 0.0011 0.0010
30.2186 0.0011 0.0010
30.2376 0.0011 0.0010
30.2566 0.0011 0.0010
30.2756 0.0011 0.0010
30.2946 0.0011 0.0010
30.3136 0.0011 0.0010
30.3326 0.0011 0.0010
30.3516 0.0011 0.0010
30.3706 0.0010 0.0010
30.3896 0.0010 0.0010
30.4086 0.0010 0.0010
30.4276 0.0010 0.0010
30.4467 0.0010 0.0010
30.4657 0.0010 0.0010
30.4847 0.0010 0.0010
30.5037 0.0010 0.0010
30.5227 0.0010 0.0010
30.5417 0.0010 0.0010
30.5607 0.0010 0.0010
30.5797 0.0010 0.0010
30.5987 0.0010 0.0010
30.6177 0.0010 0.0010
30.6367 0.0010 0.0009
30.6557 0.0010 0.0009
30.6747 0.0010 0.0009
30.6937 0.0010 0.0009
30.7127 0.0010 0.0009
30.7317 0.0010 0.0009
30.7507 0.0009 0.0009
30.7697 0.0009 0.0009
30.7888 0.0009 0.0009
30.8078 0.0009 0.0009
30.8268 0.0009 0.0009
30.8458 0.0009 0.0009
30.8648 0.0009 0.0009
30.8838 0.0009 0.0009
30.9028 0.0009 0.0009
30.9218 0.0009 0.0009
30.9408 0.0009 0.0009
30.9598 0.0009 0.0009
30.9788 0.0009 0.0009
30.9978 0.0009 0.0009
31.0168 0.0009 0.0009
31.0358 0.0009 0.0009
31.0548 0.0009 0.0009
31.0738 0.0009 0.0009
31.0928 0.0009 0.0009
31.1118 0.0009 0.0009
31.1308 0.0009 0.0009
31.1499 0.0009 0.0009
31.1689 0.0009 0.0009
31.1879 0.0009 0.0008
31.2069 0.0009 0.0008
31.2259 0.0009 0.0008
31.2449 0.0009 0.0008
31.2639 0.0008 0.0008
31.2829 0.0008 0.0008
31.3019 0.0008 0.0008
31.3209 0.0008 0.0008
31.3399 0.0008 0.0008
31.3589 0.0008 0.0008
31.3779 0.0008 0.0008
31.3969 0.0008 0.0008
31.4159 0.0008 0.0008
31.4349 0.0008 0.0008
31.4539 0.0008 0.0008
31.4729 0.0008 0.0008
31.4920 0.0008 0.0008
31.5110 0.0008 0.0008
31.5300 0.0008 0.0008
31.5490 0.0008 0.0008
31.5680 0.0008 0.0008
31.5870 0.0008 0.0008
31.6060 0.0008 0.0008
31.6250 0.0008 0.0008
31.6440 0.0008 0.0008
31.6630 0.0008 0.0008
31.6820 0.0008 0.0008
31.7010 0.0008 0.0008
31.7200 0.0008 0.0008
31.7390 0.0008 0.0008
31.7580 0.0008 0.0008
31.7770 0.0008 0.0008
31.7960 0.0008 0.0008
31.8150 0.0008 0.0008
31.8340 0.0008 0.0008
31.8531 0.0008 0.0008
31.8721 0.0008 0.0007
31.8911 0.0008 0.0007
31.9101 0.0008 0.0007
31.9291 0.0008 0.0007
31.9481 0.0008 0.0007
31.9671 0.0007 0.0007
31.9861 0.0007 0.0007
32.0051 0.0007 0.0007
32.0241 0.0007 0.0007
32.0431 0.0007 0.0007
32.0621 0.0007 0.0007
32.0811 0.0007 0.0007
32.1001 0.0007 0.0007
32.1191 0.0007 0.0007
32.1381 0.0007 0.0007
32.1571 0.0007 0.0007
32.1761 0.0007 0.0007
32.1952 0.0007 0.0007
32.2142 0.0007 0.0007
32.2332 0.0007 0.0007
32.2522 0.0007 0.0007
32.2712 0.0007 0.0007
32.2902 0.0007 0.0007
32.3092 0.0007 0.0007
32.3282 0.0007 0.0007
32.3472 0.0007 0.0007
32.3662 0.0007 0.0007
32.3852 0.0007 0.0007
32.4042 0.0007 0.0007
32.4232 0.0007 0.0007
32.4422 0.0007 0.0007
32.4612 0.0007 0.0007
32.4802 0.0007 0.0007
32.4992 0.0007 0.0007
32.5182 0.0007 0.0007
32.5372 0.0007 0.0007
32.5563 0.0007 0.0007
32.5753 0.0007 0.0007
32.5943 0.0007 0.0007
32.6133 0.0007 0.0007
32.6323 0.0007 0.0007
32.6513 0.0007 0.0007
32.6703 0.0007 0.0007
32.6893 0.0007 0.0007
32.7083 0.0007 0.0007
32.7273 0.0007 0.0007
32.7463 0.0007 0.0007
32.7653 0.0007 0.0007
32.7843 0.0007 0.0007
32.8033 0.0007 0.0007
32.8223 0.0007 0.0007
32.8413 0.0007 0.0007
32.8603 0.0007 0.0007
32.8793 0.0007 0.0007
32.8984 0.0007 0.0007
32.9174 0.0007 0.0007
32.9364 0.0007 0.0007
32.9554 0.0007 0.0007
32.9744 0.0007 0.0007
32.9934 0.0007 0.0007
33.0124 0.0007 0.0007
33.0314 0.0007 0.0007
33.0504 0.0007 0.0006
33.0694 0.0007 0.0006
33.0884 0.0007 0.0006
33.1074 0.0007 0.0006
33.1264 0.0006 0.0006
33.1454 0.0006 0.0006
33.1644 0.0006 0.0006
33.1834 0.0006 0.0006
33.2024 0.0006 0.0006
33.2214 0.0006 0.0006
33.2404 0.0006 0.0006
33.2595 0.0006 0.0006
33.2785 0.0006 0.0006
33.2975 0.0006 0.0006
33.3165 0.0006 0.0006
33.3355 0.0006 0.0006
33.3545 0.0006 0.0006
33.3735 0.0006 0.0006
33.3925 0.0006 0.0006
33.4115 0.0006 0.0006
33.4305 0.0006 0.0006
33.4495 0.0006 0.0006
33.4685 0.0006 0.0006
33.4875 0.0006 0.0006
33.5065 0.0006 0.0006
33.5255 0.0006 0.0006
33.5445 0.0006 0.0006
33.5635 0.0006 0.0006
33.5825 0.0006 0.0006
33.6016 0.0006 0.0006
33.6206 0.0006 0.0006
33.6396 0.0006 0.0006
33.6586 0.0006 0.0006
33.6776 0.0006 0.0006
33.6966 0.0006 0.0006
33.7156 0.0006 0.0006
33.7346 0.0006 0.0006
33.7536 0.0006 0.0006
33.7726 0.0006 0.0006
33.7916 0.0006 0.0006
33.8106 0.0006 0.0006
33.8296 0.0006 0.0006
33.8486 0.0006 0.0006
33.8676 0.0006 0.0006
33.8866 0.0006 0.0006
33.9056 0.0006 0.0006
33.9246 0.0006 0.0006
33.9436 0.0006 0.0006
33.9627 0.0006 0.0006
33.9817 0.0006 0.0006
34.0007 0.0006 0.0006
34.0197 0.0006 0.0006
34.0387 0.0006 0.0006
34.0577 0.0006 0.0006
34.0767 0.0006 0.0006
34.0957 0.0006 0.0006
34.1147 0.0006 0.0006
34.1337 0.0006 0.0006
34.1527 0.0006 0.0006
34.1717 0.0006 0.0006
34.1907 0.0006 0.0006
34.2097 0.0006 0.0006
34.2287 0.0006 0.0006
34.2477 0.0006 0.0006
34.2667 0.0006 0.0006
34.2857 0.0006 0.0006
34.3048 0.0006 0.0006
34.3238 0.0006 0.0006
34.3428 0.0006 0.0006
34.3618 0.0006 0.0006
34.3808 0.0006 0.0006
34.3998 0.0006 0.0006
34.4188 0.0006 0.0006
34.4378 0.0006 0.0006
34.4568 0.0006 0.0006
34.4758 0.0006 0.0006
34.4948 0.0006 0.0006
34.5138 0.0006 0.0006
34.5328 0.0006 0.0006
34.5518 0.0006 0.0006
34.5708 0.0006 0.0006
34.5898 0.0006 0.0005
34.6088 0.0006 0.0005
34.6278 0.0006 0.0005
34.6468 0.0006 0.0005
34.6659 0.0005 0.0005
34.6849 0.0005 0.0005
34.7039 0.0005 0.0005
34.7229 0.0005 0.0005
34.7419 0.0005 0.0005
34.7609 0.0005 0.0005
34.7799 0.0005 0.0005
34.7989 0.0005 0.0005
34.8179 0.0005 0.0005
34.8369 0.0005 0.0005
34.8559 0.0005 0.0005
34.8749 0.0005 0.0005
34.8939 0.0005 0.0005
34.9129 0.0005 0.0005
34.9319 0.0005 0.0005
34.9509 0.0005 0.0005
34.9699 0.0005 0.0005
34.9889 0.0005 0.0005
35.0080 0.0005 0.0005
35.0270 0.0005 0.0005
35.0460 0.0005 0.0005
35.0650 0.0005 0.0005
35.0840 0.0005 0.0005
35.1030 0.0005 0.0005
35.1220 0.0005 0.0005
35.1410 0.0005 0.0005
35.1600 0.0005 0.0005
35.1790 0.0005 0.0005
35.1980 0.0005 0.0005
35.2170 0.0005 0.0005
35.2360 0.0005 0.0005
35.2550 0.0005 0.0005
35.2740 0.0005 0.0005
35.2930 0.0005 0.0005
35.3120 0.0005 0.0005
35.3310 0.0005 0.0005
35.3500 0.0005 0.0005
35.3691 0.0005 0.0005
35.3881 0.0005 0.0005
35.4071 0.0005 0.0005
35.4261 0.0005 0.0005
35.4451 0.0005 0.0005
35.4641 0.0005 0.0005
35.4831 0.0005 0.0005
35.5021 0.0005 0.0005
35.5211 0.0005 0.0005
35.5401 0.0005 0.0005
35.5591 0.0005 0.0005
35.5781 0.0005 0.0005
35.5971 0.0005 0.0005
35.6161 0.0005 0.0005
35.6351 0.0005 0.0005
35.6541 0.0005 0.0005
35.6731 0.0005 0.0005
35.6921 0.0005 0.0005
35.7112 0.0005 0.0005
35.7302 0.0005 0.0005
35.7492 0.0005 0.0005
35.7682 0.0005 0.0005
35.7872 0.0005 0.0005
35.8062 0.0005 0.0005
35.8252 0.0005 0.0005
35.8442 0.0005 0.0005
35.8632 0.0005 0.0005
35.8822 0.0005 0.0005
35.9012 0.0005 0.0005
35.9202 0.0005 0.0005
35.9392 0.0005 0.0005
35.9582 0.0005 0.0005
35.9772 0.0005 0.0005
35.9962 0.0005 0.0005
36.0152 0.0005 0.0005
36.0342 0.0005 0.0005
36.0532 0.0005 0.0005
36.0723 0.0005 0.0005
36.0913 0.0005 0.0005
36.1103 0.0005 0.0005
36.1293 0.0005 0.0005
36.1483 0.0005 0.0005
36.1673 0.0005 0.0005
36.1863 0.0005 0.0005
36.2053 0.0005 0.0005
36.2243 0.0005 0.0005
36.2433 0.0005 0.0005
36.2623 0.0005 0.0005
36.2813 0.0005 0.0005
36.3003 0.0005 0.0005
36.3193 0.0005 0.0005
36.3383 0.0005 0.0005
36.3573 0.0005 0.0005
36.3763 0.0005 0.0005
36.3953 0.0005 0.0005
36.4144 0.0005 0.0005
36.4334 0.0005 0.0005
36.4524 0.0005 0.0005
36.4714 0.0005 0.0005
36.4904 0.0005 0.0005
36.5094 0.0005 0.0005
36.5284 0.0005 0.0005
36.5474 0.0005 0.0005
36.5664 0.0005 0.0005
36.5854 0.0005 0.0005
36.6044 0.0005 0.0004
36.6234 0.0005 0.0004
36.6424 0.0005 0.0004
36.6614 0.0005 0.0004
36.6804 0.0004 0.0004
36.6994 0.0004 0.0004
36.7184 0.0004 0.0004
36.7374 0.0004 0.0004
36.7564 0.0004 0.0004
36.7755 0.0004 0.0004
36.7945 0.0004 0.0004
36.8135 0.0004 0.0004
36.8325 0.0004 0.0004
36.8515 0.0004 0.0004
36.8705 0.0004 0.0004
36.8895 0.0004 0.0004
36.9085 0.0004 0.0004
36.9275 0.0004 0.0004
36.9465 0.0004 0.0004
36.9655 0.0004 0.0004
36.9845 0.0004 0.0004
37.0035 0.0004 0.0004
37.0225 0.0004 0.0004
37.0415 0.0004 0.0004
37.0605 0.0004 0.0004
37.0795 0.0004 0.0004
37.0985 0.0004 0.0004
37.1176 0.0004 0.0004
37.1366 0.0004 0.0004
37.1556 0.0004 0.0004
37.1746 0.0004 0.0004
37.1936 0.0004 0.0004
37.2126 0.0004 0.0004
37.2316 0.0004 0.0004
37.2506 0.0004 0.0004
37.2696 0.0004 0.0004
37.2886 0.0004 0.0004
37.3076 0.0004 0.0004
37.3266 0.0004 0.0004
37.3456 0.0004 0.0004
37.3646 0.0004 0.0004
37.3836 0.0004 0.0004
37.4026 0.0004 0.0004
37.4216 0.0004 0.0004
37.4406 0.0004 0.0004
37.4596 0.0004 0.0004
37.4787 0.0004 0.0004
37.4977 0.0004 0.0004
37.5167 0.0004 0.0004
37.5357 0.0004 0.0004
37.5547 0.0004 0.0004
37.5737 0.0004 0.0004
37.5927 0.0004 0.0004
37.6117 0.0004 0.0004
37.6307 0.0004 0.0004
37.6497 0.0004 0.0004
37.6687 0.0004 0.0004
37.6877 0.0004 0.0004
37.7067 0.0004 0.0004
37.7257 0.0004 0.0004
37.7447 0.0004 0.0004
37.7637 0.0004 0.0004
37.7827 0.0004 0.0004
37.8017 0.0004 0.0004
37.8208 0.0004 0.0004
37.8398 0.0004 0.0004
37.8588 0.0004 0.0004
37.8778 0.0004 0.0004
37.8968 0.0004 0.0004
37.9158 0.0004 0.0004
37.9348 0.0004 0.0004
37.9538 0.0004 0.0004
37.9728 0.0004 0.0004
37.9918 0.0004 0.0004
  
  
  
  
  
dim="1">gridpoints</dimension>  
  
  
  
  
  
  
  
  
0.0000 356.6191 338.9848
0.0190 356.6191 338.9848
0.0380 178.8159 169.8119
0.0570 119.7721 113.5576
0.0760 90.4165 85.5270
0.0950 72.9344 68.7793
0.1140 61.3863 57.6661
0.1330 53.2260 49.7657
0.1520 47.1793 43.8663
0.1710 42.5373 39.2941
0.1901 38.8738 35.6444
0.2091 35.9166 32.6598
0.2281 33.4835 30.1683
0.2471 31.4480 28.0516
0.2661 29.7193 26.2251
0.2851 28.2307 24.6278
0.3041 26.9323 23.2143
0.3231 25.7861 21.9510
0.3421 24.7633 20.8123
0.3611 23.8413 19.7792
0.3801 23.0030 18.8371
0.3991 22.2350 17.9751
0.4181 21.5268 17.1849
0.4371 20.8703 16.4603
0.4561 20.2592 15.7963
0.4751 19.6882 15.1893
0.4941 19.1532 14.6358
0.5131 18.6502 14.1332
0.5322 18.1760 13.6786
0.5512 17.7276 13.2694
0.5702 17.3018 12.9027
0.5892 16.8959 12.5755
0.6082 16.5070 12.2843
0.6272 16.1326 12.0258
0.6462 15.7702 11.7962
0.6652 15.4175 11.5915
0.6842 15.0724 11.4080
0.7032 14.7332 11.2416
0.7222 14.3983 11.0885
0.7412 14.0663 10.9450
0.7602 13.7363 10.8076
0.7792 13.4074 10.6734
0.7982 13.0790 10.5396
0.8172 12.7506 10.4040
0.8362 12.4220 10.2649
0.8552 12.0932 10.1211
0.8742 11.7645 9.9720
0.8933 11.4360 9.8175
0.9123 11.1086 9.6580
0.9313 10.7830 9.4943
0.9503 10.4603 9.3276
0.9693 10.1416 9.1592
0.9883 9.8285 8.9909
1.0073 9.5223 8.8243
1.0263 9.2247 8.6609
1.0453 8.9372 8.5024
1.0643 8.6614 8.3501
1.0833 8.3985 8.2051
1.1023 8.1499 8.0683
1.1213 7.9166 7.9404
1.1403 7.6991 7.8217
1.1593 7.4979 7.7123
1.1783 7.3132 7.6122
1.1973 7.1448 7.5210
1.2163 6.9923 7.4383
1.2354 6.8549 7.3637
1.2544 6.7319 7.2966
1.2734 6.6221 7.2364
1.2924 6.5244 7.1824
1.3114 6.4375 7.1339
1.3304 6.3600 7.0903
1.3494 6.2905 7.0511
1.3684 6.2279 7.0153
1.3874 6.1708 6.9825
1.4064 6.1181 6.9518
1.4254 6.0689 6.9225
1.4444 6.0222 6.8938
1.4634 5.9775 6.8648
1.4824 5.9342 6.8347
1.5014 5.8920 6.8024
1.5204 5.8508 6.7673
1.5394 5.8106 6.7283
1.5584 5.7715 6.6848
1.5774 5.7336 6.6359
1.5965 5.6972 6.5812
1.6155 5.6624 6.5201
1.6345 5.6294 6.4525
1.6535 5.5981 6.3782
1.6725 5.5686 6.2975
1.6915 5.5407 6.2106
1.7105 5.5140 6.1181
1.7295 5.4881 6.0208
1.7485 5.4626 5.9197
1.7675 5.4369 5.8156
1.7865 5.4104 5.7100
1.8055 5.3828 5.6039
1.8245 5.3536 5.4985
1.8435 5.3225 5.3953
1.8625 5.2894 5.2952
1.8815 5.2543 5.1994
1.9005 5.2173 5.1089
1.9195 5.1788 5.0245
1.9386 5.1391 4.9467
1.9576 5.0987 4.8763
1.9766 5.0582 4.8134
1.9956 5.0180 4.7584
2.0146 4.9786 4.7113
2.0336 4.9404 4.6722
2.0526 4.9037 4.6408
2.0716 4.8689 4.6170
2.0906 4.8359 4.6004
2.1096 4.8048 4.5907
2.1286 4.7755 4.5873
2.1476 4.7479 4.5899
2.1666 4.7219 4.5977
2.1856 4.6971 4.6103
2.2046 4.6734 4.6269
2.2236 4.6507 4.6468
2.2426 4.6287 4.6694
2.2616 4.6074 4.6939
2.2806 4.5868 4.7196
2.2997 4.5670 4.7458
2.3187 4.5480 4.7718
2.3377 4.5300 4.7967
2.3567 4.5133 4.8200
2.3757 4.4980 4.8409
2.3947 4.4844 4.8589
2.4137 4.4726 4.8731
2.4327 4.4627 4.8831
2.4517 4.4547 4.8882
2.4707 4.4486 4.8880
2.4897 4.4441 4.8820
2.5087 4.4409 4.8699
2.5277 4.4386 4.8515
2.5467 4.4366 4.8267
2.5657 4.4343 4.7955
2.5847 4.4310 4.7582
2.6037 4.4260 4.7152
2.6227 4.4186 4.6668
2.6418 4.4081 4.6137
2.6608 4.3940 4.5566
2.6798 4.3760 4.4962
2.6988 4.3538 4.4333
2.7178 4.3273 4.3687
2.7368 4.2966 4.3030
2.7558 4.2622 4.2372
2.7748 4.2243 4.1717
2.7938 4.1837 4.1071
2.8128 4.1411 4.0440
2.8318 4.0971 3.9828
2.8508 4.0525 3.9238
2.8698 4.0081 3.8673
2.8888 3.9645 3.8137
2.9078 3.9223 3.7630
2.9268 3.8818 3.7155
2.9458 3.8432 3.6714
2.9648 3.8066 3.6308
2.9838 3.7719 3.5938
3.0029 3.7388 3.5606
3.0219 3.7070 3.5313
3.0409 3.6760 3.5058
3.0599 3.6451 3.4842
3.0789 3.6139 3.4665
3.0979 3.5818 3.4525
3.1169 3.5484 3.4421
3.1359 3.5132 3.4350
3.1549 3.4759 3.4309
3.1739 3.4365 3.4293
3.1929 3.3950 3.4297
3.2119 3.3516 3.4315
3.2309 3.3064 3.4340
3.2499 3.2599 3.4365
3.2689 3.2125 3.4383
3.2879 3.1649 3.4386
3.3069 3.1173 3.4366
3.3259 3.0704 3.4317
3.3450 3.0246 3.4233
3.3640 2.9803 3.4109
3.3830 2.9378 3.3943
3.4020 2.8971 3.3734
3.4210 2.8586 3.3481
3.4400 2.8220 3.3187
3.4590 2.7875 3.2857
3.4780 2.7548 3.2494
3.4970 2.7237 3.2106
3.5160 2.6941 3.1697
3.5350 2.6657 3.1275
3.5540 2.6382 3.0846
3.5730 2.6115 3.0415
3.5920 2.5854 2.9985
3.6110 2.5597 2.9561
3.6300 2.5343 2.9144
3.6490 2.5091 2.8734
3.6680 2.4842 2.8333
3.6870 2.4596 2.7940
3.7061 2.4353 2.7553
3.7251 2.4114 2.7172
3.7441 2.3881 2.6797
3.7631 2.3654 2.6427
3.7821 2.3434 2.6062
3.8011 2.3223 2.5703
3.8201 2.3021 2.5350
3.8391 2.2828 2.5003
3.8581 2.2644 2.4664
3.8771 2.2468 2.4333
3.8961 2.2301 2.4010
3.9151 2.2140 2.3695
3.9341 2.1984 2.3387
3.9531 2.1831 2.3085
3.9721 2.1680 2.2788
3.9911 2.1528 2.2494
4.0101 2.1373 2.2201
4.0291 2.1214 2.1908
4.0482 2.1049 2.1612
4.0672 2.0878 2.1313
4.0862 2.0699 2.1010
4.1052 2.0512 2.0701
4.1242 2.0319 2.0389
4.1432 2.0120 2.0072
4.1622 1.9917 1.9752
4.1812 1.9711 1.9431
4.2002 1.9506 1.9111
4.2192 1.9303 1.8795
4.2382 1.9105 1.8483
4.2572 1.8917 1.8181
4.2762 1.8739 1.7889
4.2952 1.8575 1.7610
4.3142 1.8427 1.7348
4.3332 1.8298 1.7104
4.3522 1.8188 1.6879
4.3712 1.8099 1.6677
4.3902 1.8031 1.6497
4.4093 1.7984 1.6341
4.4283 1.7957 1.6209
4.4473 1.7949 1.6100
4.4663 1.7959 1.6015
4.4853 1.7983 1.5953
4.5043 1.8018 1.5911
4.5233 1.8062 1.5890
4.5423 1.8111 1.5887
4.5613 1.8159 1.5900
4.5803 1.8204 1.5927
4.5993 1.8239 1.5967
4.6183 1.8262 1.6018
4.6373 1.8268 1.6078
4.6563 1.8253 1.6146
4.6753 1.8215 1.6219
4.6943 1.8152 1.6298
4.7133 1.8062 1.6381
4.7323 1.7944 1.6468
4.7514 1.7800 1.6558
4.7704 1.7631 1.6651
4.7894 1.7439 1.6747
4.8084 1.7226 1.6845
4.8274 1.6996 1.6944
4.8464 1.6752 1.7043
4.8654 1.6498 1.7141
4.8844 1.6238 1.7236
4.9034 1.5975 1.7325
4.9224 1.5713 1.7406
4.9414 1.5453 1.7475
4.9604 1.5199 1.7529
4.9794 1.4951 1.7565
4.9984 1.4713 1.7578
5.0174 1.4483 1.7566
5.0364 1.4264 1.7526
5.0554 1.4054 1.7457
5.0744 1.3853 1.7358
5.0934 1.3662 1.7228
5.1125 1.3480 1.7069
5.1315 1.3306 1.6882
5.1505 1.3139 1.6671
5.1695 1.2978 1.6439
5.1885 1.2824 1.6190
5.2075 1.2676 1.5928
5.2265 1.2533 1.5658
5.2455 1.2396 1.5384
5.2645 1.2263 1.5110
5.2835 1.2136 1.4839
5.3025 1.2013 1.4576
5.3215 1.1895 1.4322
5.3405 1.1782 1.4080
5.3595 1.1673 1.3851
5.3785 1.1567 1.3637
5.3975 1.1465 1.3438
5.4165 1.1366 1.3254
5.4355 1.1268 1.3085
5.4546 1.1171 1.2928
5.4736 1.1073 1.2784
5.4926 1.0974 1.2651
5.5116 1.0873 1.2525
5.5306 1.0769 1.2406
5.5496 1.0660 1.2292
5.5686 1.0547 1.2178
5.5876 1.0428 1.2065
5.6066 1.0303 1.1949
5.6256 1.0173 1.1829
5.6446 1.0038 1.1705
5.6636 0.9898 1.1574
5.6826 0.9753 1.1437
5.7016 0.9606 1.1294
5.7206 0.9457 1.1145
5.7396 0.9308 1.0992
5.7586 0.9160 1.0835
5.7776 0.9014 1.0676
5.7966 0.8872 1.0518
5.8157 0.8736 1.0361
5.8347 0.8607 1.0207
5.8537 0.8486 1.0059
5.8727 0.8373 0.9916
5.8917 0.8270 0.9782
5.9107 0.8177 0.9656
5.9297 0.8093 0.9539
5.9487 0.8020 0.9433
5.9677 0.7956 0.9336
5.9867 0.7901 0.9249
6.0057 0.7855 0.9171
6.0247 0.7816 0.9103
6.0437 0.7784 0.9042
6.0627 0.7758 0.8990
6.0817 0.7738 0.8944
6.1007 0.7721 0.8904
6.1197 0.7708 0.8869
6.1387 0.7698 0.8837
6.1578 0.7691 0.8808
6.1768 0.7685 0.8781
6.1958 0.7682 0.8754
6.2148 0.7680 0.8728
6.2338 0.7679 0.8700
6.2528 0.7680 0.8672
6.2718 0.7683 0.8641
6.2908 0.7687 0.8608
6.3098 0.7692 0.8573
6.3288 0.7699 0.8535
6.3478 0.7707 0.8495
6.3668 0.7717 0.8452
6.3858 0.7727 0.8407
6.4048 0.7737 0.8359
6.4238 0.7748 0.8309
6.4428 0.7758 0.8257
6.4618 0.7767 0.8204
6.4808 0.7774 0.8148
6.4998 0.7779 0.8091
6.5189 0.7782 0.8033
6.5379 0.7781 0.7974
6.5569 0.7776 0.7913
6.5759 0.7768 0.7852
6.5949 0.7757 0.7789
6.6139 0.7741 0.7726
6.6329 0.7723 0.7662
6.6519 0.7701 0.7597
6.6709 0.7676 0.7533
6.6899 0.7648 0.7468
6.7089 0.7618 0.7403
6.7279 0.7586 0.7338
6.7469 0.7552 0.7275
6.7659 0.7517 0.7212
6.7849 0.7481 0.7150
6.8039 0.7443 0.7091
6.8229 0.7404 0.7033
6.8419 0.7363 0.6977
6.8610 0.7321 0.6923
6.8800 0.7278 0.6873
6.8990 0.7233 0.6825
6.9180 0.7187 0.6780
6.9370 0.7139 0.6738
6.9560 0.7091 0.6699
6.9750 0.7041 0.6663
6.9940 0.6991 0.6629
7.0130 0.6940 0.6598
7.0320 0.6888 0.6570
7.0510 0.6837 0.6544
7.0700 0.6785 0.6519
7.0890 0.6734 0.6497
7.1080 0.6682 0.6476
7.1270 0.6632 0.6456
7.1460 0.6581 0.6437
7.1650 0.6531 0.6420
7.1840 0.6480 0.6404
7.2030 0.6430 0.6389
7.2221 0.6381 0.6374
7.2411 0.6331 0.6361
7.2601 0.6282 0.6349
7.2791 0.6234 0.6337
7.2981 0.6186 0.6327
7.3171 0.6138 0.6317
7.3361 0.6091 0.6308
7.3551 0.6045 0.6300
7.3741 0.6000 0.6292
7.3931 0.5956 0.6284
7.4121 0.5912 0.6277
7.4311 0.5869 0.6270
7.4501 0.5827 0.6263
7.4691 0.5784 0.6255
7.4881 0.5742 0.6248
7.5071 0.5699 0.6240
7.5261 0.5656 0.6232
7.5451 0.5613 0.6223
7.5642 0.5570 0.6215
7.5832 0.5526 0.6207
7.6022 0.5482 0.6199
7.6212 0.5439 0.6191
7.6402 0.5396 0.6183
7.6592 0.5354 0.6177
7.6782 0.5314 0.6171
7.6972 0.5276 0.6167
7.7162 0.5240 0.6163
7.7352 0.5207 0.6161
7.7542 0.5178 0.6161
7.7732 0.5151 0.6162
7.7922 0.5129 0.6164
7.8112 0.5109 0.6167
7.8302 0.5094 0.6171
7.8492 0.5082 0.6176
7.8682 0.5073 0.6180
7.8872 0.5068 0.6185
7.9062 0.5065 0.6189
7.9253 0.5065 0.6192
7.9443 0.5068 0.6193
7.9633 0.5072 0.6193
7.9823 0.5079 0.6191
8.0013 0.5087 0.6186
8.0203 0.5097 0.6179
8.0393 0.5108 0.6168
8.0583 0.5119 0.6156
8.0773 0.5131 0.6140
8.0963 0.5144 0.6122
8.1153 0.5156 0.6101
8.1343 0.5168 0.6078
8.1533 0.5179 0.6053
8.1723 0.5190 0.6026
8.1913 0.5198 0.5997
8.2103 0.5205 0.5968
8.2293 0.5210 0.5937
8.2483 0.5212 0.5907
8.2674 0.5213 0.5876
8.2864 0.5210 0.5845
8.3054 0.5205 0.5814
8.3244 0.5197 0.5785
8.3434 0.5186 0.5755
8.3624 0.5173 0.5727
8.3814 0.5158 0.5700
8.4004 0.5141 0.5674
8.4194 0.5123 0.5650
8.4384 0.5102 0.5626
8.4574 0.5081 0.5604
8.4764 0.5059 0.5584
8.4954 0.5037 0.5565
8.5144 0.5015 0.5548
8.5334 0.4992 0.5533
8.5524 0.4970 0.5519
8.5714 0.4949 0.5508
8.5904 0.4928 0.5499
8.6094 0.4908 0.5493
8.6285 0.4889 0.5489
8.6475 0.4871 0.5488
8.6665 0.4854 0.5489
8.6855 0.4839 0.5493
8.7045 0.4825 0.5499
8.7235 0.4813 0.5507
8.7425 0.4802 0.5518
8.7615 0.4793 0.5530
8.7805 0.4787 0.5545
8.7995 0.4782 0.5560
8.8185 0.4780 0.5577
8.8375 0.4781 0.5594
8.8565 0.4784 0.5612
8.8755 0.4791 0.5631
8.8945 0.4801 0.5649
8.9135 0.4815 0.5668
8.9325 0.4833 0.5687
8.9515 0.4855 0.5707
8.9706 0.4881 0.5726
8.9896 0.4911 0.5747
9.0086 0.4945 0.5767
9.0276 0.4983 0.5789
9.0466 0.5024 0.5813
9.0656 0.5068 0.5838
9.0846 0.5115 0.5865
9.1036 0.5164 0.5894
9.1226 0.5214 0.5925
9.1416 0.5265 0.5960
9.1606 0.5315 0.5996
9.1796 0.5364 0.6036
9.1986 0.5412 0.6077
9.2176 0.5457 0.6121
9.2366 0.5500 0.6166
9.2556 0.5538 0.6213
9.2746 0.5573 0.6259
9.2936 0.5603 0.6305
9.3126 0.5628 0.6349
9.3317 0.5650 0.6390
9.3507 0.5667 0.6429
9.3697 0.5680 0.6463
9.3887 0.5691 0.6493
9.4077 0.5698 0.6517
9.4267 0.5704 0.6536
9.4457 0.5709 0.6549
9.4647 0.5713 0.6556
9.4837 0.5718 0.6558
9.5027 0.5725 0.6556
9.5217 0.5733 0.6549
9.5407 0.5744 0.6538
9.5597 0.5758 0.6525
9.5787 0.5775 0.6510
9.5977 0.5796 0.6494
9.6167 0.5820 0.6477
9.6357 0.5846 0.6461
9.6547 0.5876 0.6446
9.6737 0.5908 0.6433
9.6928 0.5942 0.6421
9.7118 0.5976 0.6411
9.7308 0.6011 0.6403
9.7498 0.6046 0.6397
9.7688 0.6079 0.6393
9.7878 0.6111 0.6391
9.8068 0.6141 0.6390
9.8258 0.6169 0.6391
9.8448 0.6194 0.6393
9.8638 0.6216 0.6397
9.8828 0.6235 0.6401
9.9018 0.6252 0.6405
9.9208 0.6267 0.6411
9.9398 0.6279 0.6416
9.9588 0.6290 0.6421
9.9778 0.6300 0.6427
9.9968 0.6309 0.6432
10.0158 0.6317 0.6436
10.0349 0.6326 0.6440
10.0539 0.6335 0.6443
10.0729 0.6345 0.6446
10.0919 0.6355 0.6447
10.1109 0.6366 0.6448
10.1299 0.6379 0.6447
10.1489 0.6391 0.6445
10.1679 0.6404 0.6442
10.1869 0.6416 0.6438
10.2059 0.6428 0.6433
10.2249 0.6439 0.6428
10.2439 0.6448 0.6421
10.2629 0.6456 0.6415
10.2819 0.6461 0.6408
10.3009 0.6464 0.6402
10.3199 0.6465 0.6396
10.3389 0.6463 0.6391
10.3579 0.6459 0.6387
10.3769 0.6454 0.6386
10.3960 0.6447 0.6387
10.4150 0.6440 0.6390
10.4340 0.6433 0.6397
10.4530 0.6426 0.6408
10.4720 0.6420 0.6423
10.4910 0.6416 0.6443
10.5100 0.6414 0.6468
10.5290 0.6415 0.6498
10.5480 0.6418 0.6534
10.5670 0.6423 0.6575
10.5860 0.6432 0.6623
10.6050 0.6444 0.6675
10.6240 0.6458 0.6734
10.6430 0.6474 0.6797
10.6620 0.6493 0.6864
10.6810 0.6513 0.6936
10.7000 0.6536 0.7011
10.7190 0.6559 0.7089
10.7381 0.6584 0.7169
10.7571 0.6609 0.7251
10.7761 0.6636 0.7332
10.7951 0.6663 0.7414
10.8141 0.6690 0.7494
10.8331 0.6718 0.7572
10.8521 0.6747 0.7648
10.8711 0.6776 0.7720
10.8901 0.6805 0.7789
10.9091 0.6835 0.7854
10.9281 0.6866 0.7914
10.9471 0.6897 0.7970
10.9661 0.6929 0.8021
10.9851 0.6961 0.8067
11.0041 0.6994 0.8109
11.0231 0.7027 0.8146
11.0421 0.7061 0.8179
11.0611 0.7096 0.8207
11.0801 0.7131 0.8231
11.0992 0.7167 0.8252
11.1182 0.7204 0.8268
11.1372 0.7242 0.8281
11.1562 0.7281 0.8291
11.1752 0.7320 0.8296
11.1942 0.7361 0.8298
11.2132 0.7402 0.8297
11.2322 0.7445 0.8292
11.2512 0.7489 0.8284
11.2702 0.7534 0.8273
11.2892 0.7580 0.8258
11.3082 0.7627 0.8240
11.3272 0.7675 0.8220
11.3462 0.7724 0.8198
11.3652 0.7773 0.8173
11.3842 0.7824 0.8148
11.4032 0.7875 0.8121
11.4222 0.7927 0.8094
11.4413 0.7979 0.8068
11.4603 0.8031 0.8043
11.4793 0.8084 0.8020
11.4983 0.8137 0.7999
11.5173 0.8189 0.7983
11.5363 0.8242 0.7971
11.5553 0.8294 0.7963
11.5743 0.8346 0.7961
11.5933 0.8397 0.7966
11.6123 0.8447 0.7976
11.6313 0.8496 0.7992
11.6503 0.8544 0.8015
11.6693 0.8591 0.8043
11.6883 0.8636 0.8077
11.7073 0.8679 0.8115
11.7263 0.8721 0.8158
11.7453 0.8760 0.8203
11.7643 0.8798 0.8252
11.7833 0.8833 0.8302
11.8024 0.8866 0.8353
11.8214 0.8896 0.8405
11.8404 0.8924 0.8456
11.8594 0.8949 0.8506
11.8784 0.8971 0.8556
11.8974 0.8991 0.8603
11.9164 0.9008 0.8649
11.9354 0.9022 0.8693
11.9544 0.9033 0.8734
11.9734 0.9041 0.8774
11.9924 0.9047 0.8812
12.0114 0.9050 0.8848
12.0304 0.9050 0.8882
12.0494 0.9048 0.8914
12.0684 0.9045 0.8945
12.0874 0.9039 0.8973
12.1064 0.9033 0.8999
12.1254 0.9025 0.9024
12.1445 0.9017 0.9045
12.1635 0.9008 0.9064
12.1825 0.9000 0.9080
12.2015 0.8992 0.9094
12.2205 0.8985 0.9103
12.2395 0.8979 0.9110
12.2585 0.8975 0.9112
12.2775 0.8973 0.9111
12.2965 0.8972 0.9106
12.3155 0.8975 0.9098
12.3345 0.8980 0.9087
12.3535 0.8988 0.9072
12.3725 0.8999 0.9055
12.3915 0.9014 0.9035
12.4105 0.9032 0.9013
12.4295 0.9053 0.8990
12.4485 0.9078 0.8966
12.4675 0.9107 0.8942
12.4865 0.9138 0.8917
12.5056 0.9173 0.8892
12.5246 0.9211 0.8868
12.5436 0.9251 0.8844
12.5626 0.9294 0.8821
12.5816 0.9339 0.8800
12.6006 0.9385 0.8779
12.6196 0.9432 0.8760
12.6386 0.9480 0.8742
12.6576 0.9528 0.8726
12.6766 0.9575 0.8712
12.6956 0.9621 0.8699
12.7146 0.9665 0.8688
12.7336 0.9706 0.8680
12.7526 0.9743 0.8674
12.7716 0.9776 0.8670
12.7906 0.9804 0.8670
12.8096 0.9826 0.8674
12.8286 0.9843 0.8681
12.8477 0.9852 0.8692
12.8667 0.9856 0.8707
12.8857 0.9852 0.8726
12.9047 0.9841 0.8749
12.9237 0.9824 0.8776
12.9427 0.9801 0.8806
12.9617 0.9772 0.8841
12.9807 0.9737 0.8878
12.9997 0.9698 0.8917
13.0187 0.9656 0.8958
13.0377 0.9611 0.9001
13.0567 0.9563 0.9043
13.0757 0.9515 0.9086
13.0947 0.9466 0.9127
13.1137 0.9418 0.9166
13.1327 0.9371 0.9203
13.1517 0.9325 0.9236
13.1707 0.9282 0.9265
13.1897 0.9242 0.9290
13.2088 0.9204 0.9310
13.2278 0.9169 0.9325
13.2468 0.9137 0.9334
13.2658 0.9108 0.9338
13.2848 0.9082 0.9336
13.3038 0.9059 0.9329
13.3228 0.9039 0.9316
13.3418 0.9021 0.9298
13.3608 0.9005 0.9276
13.3798 0.8992 0.9248
13.3988 0.8980 0.9217
13.4178 0.8969 0.9183
13.4368 0.8960 0.9146
13.4558 0.8952 0.9106
13.4748 0.8944 0.9064
13.4938 0.8938 0.9021
13.5128 0.8931 0.8978
13.5318 0.8925 0.8934
13.5509 0.8920 0.8891
13.5699 0.8914 0.8848
13.5889 0.8908 0.8807
13.6079 0.8902 0.8766
13.6269 0.8896 0.8728
13.6459 0.8889 0.8690
13.6649 0.8882 0.8655
13.6839 0.8873 0.8621
13.7029 0.8864 0.8589
13.7219 0.8854 0.8559
13.7409 0.8843 0.8530
13.7599 0.8830 0.8502
13.7789 0.8815 0.8476
13.7979 0.8799 0.8450
13.8169 0.8781 0.8425
13.8359 0.8760 0.8400
13.8549 0.8737 0.8375
13.8739 0.8712 0.8350
13.8929 0.8683 0.8323
13.9120 0.8652 0.8296
13.9310 0.8617 0.8268
13.9500 0.8579 0.8237
13.9690 0.8538 0.8205
13.9880 0.8493 0.8171
14.0070 0.8446 0.8134
14.0260 0.8395 0.8094
14.0450 0.8341 0.8051
14.0640 0.8284 0.8006
14.0830 0.8226 0.7957
14.1020 0.8166 0.7905
14.1210 0.8106 0.7851
14.1400 0.8045 0.7793
14.1590 0.7984 0.7733
14.1780 0.7925 0.7671
14.1970 0.7867 0.7607
14.2160 0.7811 0.7541
14.2350 0.7758 0.7473
14.2541 0.7707 0.7404
14.2731 0.7659 0.7334
14.2921 0.7614 0.7263
14.3111 0.7571 0.7192
14.3301 0.7531 0.7120
14.3491 0.7494 0.7047
14.3681 0.7458 0.6974
14.3871 0.7423 0.6900
14.4061 0.7389 0.6826
14.4251 0.7356 0.6751
14.4441 0.7322 0.6676
14.4631 0.7289 0.6602
14.4821 0.7255 0.6527
14.5011 0.7219 0.6452
14.5201 0.7183 0.6378
14.5391 0.7146 0.6305
14.5581 0.7107 0.6232
14.5771 0.7067 0.6161
14.5961 0.7026 0.6092
14.6152 0.6984 0.6024
14.6342 0.6942 0.5958
14.6532 0.6898 0.5894
14.6722 0.6855 0.5831
14.6912 0.6811 0.5771
14.7102 0.6767 0.5713
14.7292 0.6723 0.5656
14.7482 0.6679 0.5601
14.7672 0.6636 0.5547
14.7862 0.6593 0.5495
14.8052 0.6551 0.5444
14.8242 0.6509 0.5394
14.8432 0.6468 0.5346
14.8622 0.6428 0.5298
14.8812 0.6389 0.5252
14.9002 0.6351 0.5206
14.9192 0.6313 0.5162
14.9382 0.6276 0.5119
14.9573 0.6240 0.5077
14.9763 0.6205 0.5037
14.9953 0.6171 0.4998
15.0143 0.6138 0.4961
15.0333 0.6106 0.4925
15.0523 0.6074 0.4891
15.0713 0.6044 0.4859
15.0903 0.6014 0.4828
15.1093 0.5985 0.4798
15.1283 0.5957 0.4770
15.1473 0.5929 0.4743
15.1663 0.5901 0.4718
15.1853 0.5873 0.4694
15.2043 0.5844 0.4671
15.2233 0.5815 0.4648
15.2423 0.5785 0.4627
15.2613 0.5753 0.4607
15.2803 0.5720 0.4587
15.2993 0.5685 0.4568
15.3184 0.5648 0.4549
15.3374 0.5609 0.4531
15.3564 0.5568 0.4513
15.3754 0.5525 0.4496
15.3944 0.5480 0.4479
15.4134 0.5432 0.4462
15.4324 0.5384 0.4444
15.4514 0.5333 0.4427
15.4704 0.5281 0.4409
15.4894 0.5229 0.4390
15.5084 0.5175 0.4371
15.5274 0.5121 0.4351
15.5464 0.5066 0.4331
15.5654 0.5011 0.4309
15.5844 0.4956 0.4287
15.6034 0.4902 0.4263
15.6224 0.4847 0.4239
15.6414 0.4793 0.4213
15.6605 0.4739 0.4186
15.6795 0.4685 0.4158
15.6985 0.4632 0.4129
15.7175 0.4579 0.4099
15.7365 0.4527 0.4068
15.7555 0.4475 0.4035
15.7745 0.4425 0.4002
15.7935 0.4374 0.3967
15.8125 0.4325 0.3932
15.8315 0.4276 0.3896
15.8505 0.4229 0.3860
15.8695 0.4182 0.3823
15.8885 0.4136 0.3787
15.9075 0.4091 0.3750
15.9265 0.4046 0.3713
15.9455 0.4003 0.3677
15.9645 0.3960 0.3641
15.9835 0.3918 0.3605
16.0025 0.3877 0.3570
16.0216 0.3836 0.3535
16.0406 0.3796 0.3501
16.0596 0.3756 0.3467
16.0786 0.3716 0.3434
16.0976 0.3677 0.3401
16.1166 0.3638 0.3369
16.1356 0.3599 0.3337
16.1546 0.3560 0.3305
16.1736 0.3521 0.3274
16.1926 0.3483 0.3243
16.2116 0.3445 0.3213
16.2306 0.3407 0.3182
16.2496 0.3369 0.3152
16.2686 0.3332 0.3122
16.2876 0.3294 0.3093
16.3066 0.3257 0.3063
16.3256 0.3220 0.3034
16.3446 0.3184 0.3004
16.3637 0.3148 0.2975
16.3827 0.3112 0.2945
16.4017 0.3076 0.2915
16.4207 0.3040 0.2885
16.4397 0.3005 0.2855
16.4587 0.2970 0.2825
16.4777 0.2935 0.2794
16.4967 0.2900 0.2764
16.5157 0.2866 0.2733
16.5347 0.2832 0.2701
16.5537 0.2798 0.2670
16.5727 0.2764 0.2639
16.5917 0.2731 0.2608
16.6107 0.2697 0.2576
16.6297 0.2664 0.2545
16.6487 0.2632 0.2514
16.6677 0.2599 0.2483
16.6867 0.2567 0.2453
16.7057 0.2535 0.2423
16.7248 0.2504 0.2393
16.7438 0.2472 0.2364
16.7628 0.2441 0.2336
16.7818 0.2411 0.2309
16.8008 0.2381 0.2282
16.8198 0.2351 0.2256
16.8388 0.2321 0.2231
16.8578 0.2292 0.2207
16.8768 0.2263 0.2184
16.8958 0.2235 0.2162
16.9148 0.2207 0.2140
16.9338 0.2179 0.2119
16.9528 0.2151 0.2098
16.9718 0.2124 0.2078
16.9908 0.2098 0.2059
17.0098 0.2071 0.2040
17.0288 0.2045 0.2021
17.0478 0.2020 0.2002
17.0669 0.1994 0.1984
17.0859 0.1969 0.1965
17.1049 0.1945 0.1946
17.1239 0.1920 0.1928
17.1429 0.1896 0.1909
17.1619 0.1872 0.1891
17.1809 0.1848 0.1872
17.1999 0.1825 0.1853
17.2189 0.1802 0.1835
17.2379 0.1779 0.1816
17.2569 0.1756 0.1797
17.2759 0.1734 0.1779
17.2949 0.1712 0.1761
17.3139 0.1690 0.1742
17.3329 0.1669 0.1724
17.3519 0.1648 0.1706
17.3709 0.1626 0.1688
17.3899 0.1606 0.1671
17.4089 0.1585 0.1653
17.4280 0.1565 0.1636
17.4470 0.1545 0.1618
17.4660 0.1525 0.1601
17.4850 0.1506 0.1584
17.5040 0.1487 0.1567
17.5230 0.1468 0.1550
17.5420 0.1449 0.1533
17.5610 0.1431 0.1516
17.5800 0.1414 0.1500
17.5990 0.1396 0.1483
17.6180 0.1380 0.1466
17.6370 0.1363 0.1450
17.6560 0.1347 0.1433
17.6750 0.1332 0.1417
17.6940 0.1317 0.1401
17.7130 0.1302 0.1385
17.7320 0.1288 0.1369
17.7510 0.1274 0.1353
17.7701 0.1261 0.1338
17.7891 0.1248 0.1323
17.8081 0.1235 0.1308
17.8271 0.1223 0.1293
17.8461 0.1211 0.1279
17.8651 0.1199 0.1265
17.8841 0.1187 0.1251
17.9031 0.1176 0.1237
17.9221 0.1164 0.1224
17.9411 0.1153 0.1210
17.9601 0.1141 0.1197
17.9791 0.1130 0.1184
17.9981 0.1118 0.1170
18.0171 0.1107 0.1157
18.0361 0.1095 0.1144
18.0551 0.1084 0.1131
18.0741 0.1072 0.1117
18.0931 0.1060 0.1104
18.1121 0.1049 0.1090
18.1312 0.1037 0.1076
18.1502 0.1026 0.1063
18.1692 0.1014 0.1049
18.1882 0.1003 0.1035
18.2072 0.0991 0.1021
18.2262 0.0980 0.1007
18.2452 0.0969 0.0993
18.2642 0.0958 0.0980
18.2832 0.0947 0.0966
18.3022 0.0936 0.0953
18.3212 0.0925 0.0940
18.3402 0.0915 0.0927
18.3592 0.0904 0.0915
18.3782 0.0894 0.0903
18.3972 0.0883 0.0891
18.4162 0.0873 0.0880
18.4352 0.0862 0.0869
18.4542 0.0852 0.0858
18.4733 0.0842 0.0848
18.4923 0.0831 0.0838
18.5113 0.0821 0.0828
18.5303 0.0811 0.0819
18.5493 0.0801 0.0810
18.5683 0.0791 0.0801
18.5873 0.0781 0.0792
18.6063 0.0771 0.0784
18.6253 0.0762 0.0775
18.6443 0.0752 0.0767
18.6633 0.0743 0.0759
18.6823 0.0733 0.0751
18.7013 0.0724 0.0743
18.7203 0.0715 0.0735
18.7393 0.0706 0.0726
18.7583 0.0696 0.0718
18.7773 0.0687 0.0710
18.7963 0.0678 0.0701
18.8153 0.0669 0.0693
18.8344 0.0661 0.0684
18.8534 0.0652 0.0675
18.8724 0.0643 0.0667
18.8914 0.0634 0.0658
18.9104 0.0626 0.0649
18.9294 0.0617 0.0640
18.9484 0.0609 0.0631
18.9674 0.0600 0.0622
18.9864 0.0592 0.0613
19.0054 0.0584 0.0605
19.0244 0.0576 0.0596
19.0434 0.0569 0.0588
19.0624 0.0561 0.0579
19.0814 0.0554 0.0571
19.1004 0.0547 0.0564
19.1194 0.0541 0.0556
19.1384 0.0534 0.0548
19.1574 0.0528 0.0541
19.1765 0.0522 0.0534
19.1955 0.0517 0.0527
19.2145 0.0511 0.0521
19.2335 0.0506 0.0514
19.2525 0.0501 0.0508
19.2715 0.0496 0.0501
19.2905 0.0491 0.0495
19.3095 0.0487 0.0489
19.3285 0.0482 0.0483
19.3475 0.0478 0.0477
19.3665 0.0473 0.0471
19.3855 0.0469 0.0466
19.4045 0.0465 0.0460
19.4235 0.0460 0.0454
19.4425 0.0456 0.0449
19.4615 0.0452 0.0443
19.4805 0.0447 0.0438
19.4995 0.0443 0.0433
19.5185 0.0438 0.0428
19.5376 0.0434 0.0423
19.5566 0.0429 0.0418
19.5756 0.0425 0.0414
19.5946 0.0420 0.0409
19.6136 0.0415 0.0405
19.6326 0.0411 0.0401
19.6516 0.0406 0.0397
19.6706 0.0402 0.0393
19.6896 0.0397 0.0389
19.7086 0.0393 0.0385
19.7276 0.0388 0.0382
19.7466 0.0384 0.0378
19.7656 0.0379 0.0374
19.7846 0.0375 0.0371
19.8036 0.0371 0.0367
19.8226 0.0366 0.0364
19.8416 0.0362 0.0360
19.8606 0.0358 0.0357
19.8797 0.0354 0.0353
19.8987 0.0350 0.0349
19.9177 0.0346 0.0346
19.9367 0.0342 0.0342
19.9557 0.0338 0.0339
19.9747 0.0334 0.0335
19.9937 0.0330 0.0331
20.0127 0.0327 0.0328
20.0317 0.0323 0.0324
20.0507 0.0320 0.0321
20.0697 0.0316 0.0317
20.0887 0.0313 0.0314
20.1077 0.0310 0.0310
20.1267 0.0306 0.0307
20.1457 0.0303 0.0303
20.1647 0.0300 0.0300
20.1837 0.0297 0.0296
20.2027 0.0294 0.0293
20.2217 0.0291 0.0290
20.2408 0.0288 0.0286
20.2598 0.0285 0.0283
20.2788 0.0282 0.0280
20.2978 0.0279 0.0277
20.3168 0.0275 0.0274
20.3358 0.0272 0.0271
20.3548 0.0269 0.0268
20.3738 0.0266 0.0265
20.3928 0.0263 0.0262
20.4118 0.0260 0.0259
20.4308 0.0256 0.0256
20.4498 0.0253 0.0253
20.4688 0.0250 0.0250
20.4878 0.0247 0.0248
20.5068 0.0245 0.0245
20.5258 0.0242 0.0242
20.5448 0.0239 0.0239
20.5638 0.0237 0.0237
20.5829 0.0235 0.0234
20.6019 0.0232 0.0231
20.6209 0.0230 0.0228
20.6399 0.0228 0.0226
20.6589 0.0226 0.0223
20.6779 0.0224 0.0220
20.6969 0.0223 0.0218
20.7159 0.0221 0.0215
20.7349 0.0219 0.0212
20.7539 0.0217 0.0210
20.7729 0.0215 0.0207
20.7919 0.0214 0.0205
20.8109 0.0212 0.0202
20.8299 0.0210 0.0200
20.8489 0.0208 0.0198
20.8679 0.0206 0.0195
20.8869 0.0205 0.0193
20.9059 0.0203 0.0191
20.9249 0.0201 0.0189
20.9440 0.0199 0.0186
20.9630 0.0197 0.0184
20.9820 0.0195 0.0182
21.0010 0.0194 0.0180
21.0200 0.0192 0.0178
21.0390 0.0190 0.0176
21.0580 0.0188 0.0175
21.0770 0.0186 0.0173
21.0960 0.0184 0.0171
21.1150 0.0183 0.0169
21.1340 0.0181 0.0168
21.1530 0.0179 0.0166
21.1720 0.0177 0.0164
21.1910 0.0175 0.0162
21.2100 0.0174 0.0161
21.2290 0.0172 0.0159
21.2480 0.0170 0.0158
21.2670 0.0168 0.0156
21.2861 0.0166 0.0155
21.3051 0.0165 0.0153
21.3241 0.0163 0.0152
21.3431 0.0161 0.0150
21.3621 0.0160 0.0149
21.3811 0.0158 0.0148
21.4001 0.0157 0.0147
21.4191 0.0155 0.0146
21.4381 0.0154 0.0145
21.4571 0.0153 0.0144
21.4761 0.0151 0.0143
21.4951 0.0150 0.0142
21.5141 0.0149 0.0141
21.5331 0.0148 0.0140
21.5521 0.0147 0.0140
21.5711 0.0146 0.0139
21.5901 0.0145 0.0138
21.6091 0.0143 0.0137
21.6281 0.0142 0.0137
21.6472 0.0141 0.0136
21.6662 0.0140 0.0135
21.6852 0.0140 0.0135
21.7042 0.0139 0.0134
21.7232 0.0138 0.0133
21.7422 0.0137 0.0133
21.7612 0.0136 0.0132
21.7802 0.0135 0.0131
21.7992 0.0134 0.0130
21.8182 0.0133 0.0129
21.8372 0.0132 0.0128
21.8562 0.0131 0.0127
21.8752 0.0130 0.0126
21.8942 0.0129 0.0125
21.9132 0.0128 0.0124
21.9322 0.0127 0.0123
21.9512 0.0126 0.0122
21.9702 0.0125 0.0120
21.9893 0.0124 0.0119
22.0083 0.0123 0.0118
22.0273 0.0122 0.0117
22.0463 0.0121 0.0116
22.0653 0.0120 0.0115
22.0843 0.0120 0.0113
22.1033 0.0119 0.0112
22.1223 0.0118 0.0111
22.1413 0.0117 0.0110
22.1603 0.0116 0.0109
22.1793 0.0115 0.0109
22.1983 0.0114 0.0108
22.2173 0.0114 0.0107
22.2363 0.0113 0.0106
22.2553 0.0112 0.0105
22.2743 0.0112 0.0105
22.2933 0.0111 0.0104
22.3123 0.0110 0.0103
22.3313 0.0110 0.0103
22.3504 0.0109 0.0102
22.3694 0.0109 0.0102
22.3884 0.0108 0.0101
22.4074 0.0108 0.0101
22.4264 0.0108 0.0100
22.4454 0.0107 0.0100
22.4644 0.0107 0.0100
22.4834 0.0106 0.0099
22.5024 0.0106 0.0099
22.5214 0.0105 0.0099
22.5404 0.0105 0.0099
22.5594 0.0105 0.0098
22.5784 0.0104 0.0098
22.5974 0.0104 0.0098
22.6164 0.0103 0.0098
22.6354 0.0103 0.0098
22.6544 0.0102 0.0098
22.6734 0.0102 0.0099
22.6925 0.0101 0.0099
22.7115 0.0101 0.0099
22.7305 0.0101 0.0099
22.7495 0.0100 0.0099
22.7685 0.0100 0.0099
22.7875 0.0099 0.0100
22.8065 0.0099 0.0100
22.8255 0.0099 0.0100
22.8445 0.0098 0.0100
22.8635 0.0098 0.0100
22.8825 0.0098 0.0100
22.9015 0.0098 0.0100
22.9205 0.0097 0.0100
22.9395 0.0097 0.0099
22.9585 0.0097 0.0099
22.9775 0.0097 0.0099
22.9965 0.0097 0.0098
23.0155 0.0096 0.0098
23.0345 0.0096 0.0098
23.0536 0.0096 0.0097
23.0726 0.0096 0.0097
23.0916 0.0096 0.0096
23.1106 0.0096 0.0096
23.1296 0.0096 0.0095
23.1486 0.0096 0.0095
23.1676 0.0095 0.0094
23.1866 0.0095 0.0094
23.2056 0.0095 0.0094
23.2246 0.0095 0.0093
23.2436 0.0095 0.0093
23.2626 0.0095 0.0092
23.2816 0.0095 0.0092
23.3006 0.0095 0.0091
23.3196 0.0094 0.0091
23.3386 0.0094 0.0091
23.3576 0.0094 0.0090
23.3766 0.0094 0.0090
23.3957 0.0094 0.0089
23.4147 0.0094 0.0089
23.4337 0.0093 0.0089
23.4527 0.0093 0.0088
23.4717 0.0093 0.0088
23.4907 0.0093 0.0087
23.5097 0.0093 0.0087
23.5287 0.0092 0.0087
23.5477 0.0092 0.0086
23.5667 0.0092 0.0086
23.5857 0.0092 0.0085
23.6047 0.0091 0.0085
23.6237 0.0091 0.0085
23.6427 0.0091 0.0084
23.6617 0.0091 0.0084
23.6807 0.0090 0.0084
23.6997 0.0090 0.0084
23.7187 0.0090 0.0083
23.7377 0.0089 0.0083
23.7568 0.0089 0.0083
23.7758 0.0089 0.0083
23.7948 0.0088 0.0083
23.8138 0.0088 0.0083
23.8328 0.0088 0.0083
23.8518 0.0088 0.0082
23.8708 0.0087 0.0082
23.8898 0.0087 0.0082
23.9088 0.0087 0.0082
23.9278 0.0087 0.0082
23.9468 0.0086 0.0082
23.9658 0.0086 0.0082
23.9848 0.0086 0.0082
24.0038 0.0086 0.0082
24.0228 0.0086 0.0082
24.0418 0.0085 0.0081
24.0608 0.0085 0.0081
24.0798 0.0085 0.0081
24.0989 0.0085 0.0081
24.1179 0.0085 0.0081
24.1369 0.0084 0.0081
24.1559 0.0084 0.0080
24.1749 0.0084 0.0080
24.1939 0.0084 0.0080
24.2129 0.0084 0.0080
24.2319 0.0084 0.0079
24.2509 0.0083 0.0079
24.2699 0.0083 0.0079
24.2889 0.0083 0.0079
24.3079 0.0083 0.0078
24.3269 0.0083 0.0078
24.3459 0.0083 0.0078
24.3649 0.0082 0.0078
24.3839 0.0082 0.0078
24.4029 0.0082 0.0077
24.4219 0.0082 0.0077
24.4409 0.0082 0.0077
24.4600 0.0082 0.0077
24.4790 0.0082 0.0077
24.4980 0.0082 0.0077
24.5170 0.0081 0.0077
24.5360 0.0081 0.0076
24.5550 0.0081 0.0076
24.5740 0.0081 0.0076
24.5930 0.0081 0.0076
24.6120 0.0081 0.0076
24.6310 0.0080 0.0076
24.6500 0.0080 0.0075
24.6690 0.0080 0.0075
24.6880 0.0079 0.0075
24.7070 0.0079 0.0075
24.7260 0.0079 0.0074
24.7450 0.0078 0.0074
24.7640 0.0078 0.0073
24.7830 0.0077 0.0073
24.8021 0.0077 0.0072
24.8211 0.0076 0.0072
24.8401 0.0076 0.0071
24.8591 0.0075 0.0071
24.8781 0.0074 0.0070
24.8971 0.0074 0.0070
24.9161 0.0073 0.0069
24.9351 0.0072 0.0068
24.9541 0.0071 0.0068
24.9731 0.0071 0.0067
24.9921 0.0070 0.0066
25.0111 0.0069 0.0066
25.0301 0.0068 0.0065
25.0491 0.0068 0.0064
25.0681 0.0067 0.0063
25.0871 0.0066 0.0062
25.1061 0.0065 0.0061
25.1251 0.0065 0.0061
25.1441 0.0064 0.0060
25.1632 0.0063 0.0059
25.1822 0.0062 0.0058
25.2012 0.0062 0.0057
25.2202 0.0061 0.0057
25.2392 0.0060 0.0056
25.2582 0.0059 0.0055
25.2772 0.0059 0.0054
25.2962 0.0058 0.0053
25.3152 0.0057 0.0053
25.3342 0.0057 0.0052
25.3532 0.0056 0.0051
25.3722 0.0055 0.0051
25.3912 0.0054 0.0050
25.4102 0.0054 0.0050
25.4292 0.0053 0.0049
25.4482 0.0053 0.0049
25.4672 0.0052 0.0048
25.4862 0.0051 0.0048
25.5053 0.0051 0.0047
25.5243 0.0050 0.0047
25.5433 0.0050 0.0046
25.5623 0.0049 0.0046
25.5813 0.0048 0.0045
25.6003 0.0048 0.0045
25.6193 0.0047 0.0044
25.6383 0.0047 0.0044
25.6573 0.0047 0.0044
25.6763 0.0046 0.0043
25.6953 0.0046 0.0043
25.7143 0.0045 0.0043
25.7333 0.0045 0.0042
25.7523 0.0045 0.0042
25.7713 0.0044 0.0042
25.7903 0.0044 0.0041
25.8093 0.0044 0.0041
25.8283 0.0044 0.0041
25.8473 0.0043 0.0040
25.8664 0.0043 0.0040
25.8854 0.0043 0.0040
25.9044 0.0043 0.0040
25.9234 0.0043 0.0039
25.9424 0.0043 0.0039
25.9614 0.0042 0.0039
25.9804 0.0042 0.0039
25.9994 0.0042 0.0039
26.0184 0.0042 0.0039
26.0374 0.0042 0.0038
26.0564 0.0042 0.0038
26.0754 0.0042 0.0038
26.0944 0.0041 0.0038
26.1134 0.0041 0.0038
26.1324 0.0041 0.0038
26.1514 0.0041 0.0038
26.1704 0.0041 0.0038
26.1894 0.0041 0.0038
26.2085 0.0041 0.0038
26.2275 0.0040 0.0038
26.2465 0.0040 0.0038
26.2655 0.0040 0.0038
26.2845 0.0040 0.0038
26.3035 0.0040 0.0038
26.3225 0.0040 0.0037
26.3415 0.0039 0.0037
26.3605 0.0039 0.0037
26.3795 0.0039 0.0037
26.3985 0.0039 0.0037
26.4175 0.0039 0.0037
26.4365 0.0039 0.0037
26.4555 0.0038 0.0037
26.4745 0.0038 0.0037
26.4935 0.0038 0.0037
26.5125 0.0038 0.0036
26.5315 0.0037 0.0036
26.5505 0.0037 0.0036
26.5696 0.0037 0.0036
26.5886 0.0037 0.0036
26.6076 0.0036 0.0036
26.6266 0.0036 0.0036
26.6456 0.0036 0.0035
26.6646 0.0036 0.0035
26.6836 0.0035 0.0035
26.7026 0.0035 0.0035
26.7216 0.0035 0.0035
26.7406 0.0034 0.0034
26.7596 0.0034 0.0034
26.7786 0.0034 0.0034
26.7976 0.0033 0.0034
26.8166 0.0033 0.0033
26.8356 0.0033 0.0033
26.8546 0.0032 0.0033
26.8736 0.0032 0.0032
26.8926 0.0031 0.0032
26.9117 0.0031 0.0031
26.9307 0.0031 0.0031
26.9497 0.0030 0.0031
26.9687 0.0030 0.0030
26.9877 0.0029 0.0030
27.0067 0.0029 0.0029
27.0257 0.0029 0.0029
27.0447 0.0028 0.0028
27.0637 0.0028 0.0028
27.0827 0.0027 0.0027
27.1017 0.0027 0.0027
27.1207 0.0026 0.0026
27.1397 0.0026 0.0026
27.1587 0.0026 0.0025
27.1777 0.0025 0.0025
27.1967 0.0025 0.0025
27.2157 0.0024 0.0024
27.2347 0.0024 0.0024
27.2537 0.0024 0.0023
27.2728 0.0023 0.0023
27.2918 0.0023 0.0023
27.3108 0.0022 0.0022
27.3298 0.0022 0.0022
27.3488 0.0022 0.0021
27.3678 0.0021 0.0021
27.3868 0.0021 0.0021
27.4058 0.0021 0.0020
27.4248 0.0020 0.0020
27.4438 0.0020 0.0020
27.4628 0.0020 0.0020
27.4818 0.0019 0.0019
27.5008 0.0019 0.0019
27.5198 0.0019 0.0019
27.5388 0.0018 0.0018
27.5578 0.0018 0.0018
27.5768 0.0018 0.0018
27.5958 0.0017 0.0018
27.6149 0.0017 0.0017
27.6339 0.0017 0.0017
27.6529 0.0017 0.0017
27.6719 0.0016 0.0016
27.6909 0.0016 0.0016
27.7099 0.0016 0.0016
27.7289 0.0016 0.0016
27.7479 0.0015 0.0015
27.7669 0.0015 0.0015
27.7859 0.0015 0.0015
27.8049 0.0015 0.0015
27.8239 0.0015 0.0014
27.8429 0.0014 0.0014
27.8619 0.0014 0.0014
27.8809 0.0014 0.0014
27.8999 0.0014 0.0014
27.9189 0.0014 0.0013
27.9379 0.0013 0.0013
27.9569 0.0013 0.0013
27.9760 0.0013 0.0013
27.9950 0.0013 0.0013
28.0140 0.0013 0.0013
28.0330 0.0013 0.0012
28.0520 0.0012 0.0012
28.0710 0.0012 0.0012
28.0900 0.0012 0.0012
28.1090 0.0012 0.0012
28.1280 0.0012 0.0012
28.1470 0.0012 0.0011
28.1660 0.0011 0.0011
28.1850 0.0011 0.0011
28.2040 0.0011 0.0011
28.2230 0.0011 0.0011
28.2420 0.0011 0.0011
28.2610 0.0011 0.0011
28.2800 0.0011 0.0011
28.2990 0.0011 0.0010
28.3180 0.0010 0.0010
28.3371 0.0010 0.0010
28.3561 0.0010 0.0010
28.3751 0.0010 0.0010
28.3941 0.0010 0.0010
28.4131 0.0010 0.0010
28.4321 0.0010 0.0010
28.4511 0.0010 0.0010
28.4701 0.0010 0.0010
28.4891 0.0010 0.0009
28.5081 0.0009 0.0009
28.5271 0.0009 0.0009
28.5461 0.0009 0.0009
28.5651 0.0009 0.0009
28.5841 0.0009 0.0009
28.6031 0.0009 0.0009
28.6221 0.0009 0.0009
28.6411 0.0009 0.0009
28.6601 0.0009 0.0008
28.6792 0.0009 0.0008
28.6982 0.0009 0.0008
28.7172 0.0009 0.0008
28.7362 0.0009 0.0008
28.7552 0.0009 0.0008
28.7742 0.0008 0.0008
28.7932 0.0008 0.0008
28.8122 0.0008 0.0008
28.8312 0.0008 0.0008
28.8502 0.0008 0.0007
28.8692 0.0008 0.0007
28.8882 0.0008 0.0007
28.9072 0.0008 0.0007
28.9262 0.0008 0.0007
28.9452 0.0008 0.0007
28.9642 0.0008 0.0007
28.9832 0.0008 0.0007
29.0022 0.0007 0.0007
29.0212 0.0007 0.0007
29.0403 0.0007 0.0007
29.0593 0.0007 0.0007
29.0783 0.0007 0.0006
29.0973 0.0007 0.0006
29.1163 0.0007 0.0006
29.1353 0.0007 0.0006
29.1543 0.0007 0.0006
29.1733 0.0007 0.0006
29.1923 0.0007 0.0006
29.2113 0.0007 0.0006
29.2303 0.0006 0.0006
29.2493 0.0006 0.0006
29.2683 0.0006 0.0006
29.2873 0.0006 0.0006
29.3063 0.0006 0.0006
29.3253 0.0006 0.0005
29.3443 0.0006 0.0005
29.3633 0.0006 0.0005
29.3824 0.0006 0.0005
29.4014 0.0006 0.0005
29.4204 0.0006 0.0005
29.4394 0.0006 0.0005
29.4584 0.0006 0.0005
29.4774 0.0005 0.0005
29.4964 0.0005 0.0005
29.5154 0.0005 0.0005
29.5344 0.0005 0.0005
29.5534 0.0005 0.0005
29.5724 0.0005 0.0004
29.5914 0.0005 0.0004
29.6104 0.0005 0.0004
29.6294 0.0005 0.0004
29.6484 0.0005 0.0004
29.6674 0.0005 0.0004
29.6864 0.0005 0.0004
29.7054 0.0005 0.0004
29.7244 0.0005 0.0004
29.7435 0.0005 0.0004
29.7625 0.0005 0.0004
29.7815 0.0004 0.0004
29.8005 0.0004 0.0004
29.8195 0.0004 0.0004
29.8385 0.0004 0.0004
29.8575 0.0004 0.0004
29.8765 0.0004 0.0003
29.8955 0.0004 0.0003
29.9145 0.0004 0.0003
29.9335 0.0004 0.0003
29.9525 0.0004 0.0003
29.9715 0.0004 0.0003
29.9905 0.0004 0.0003
30.0095 0.0004 0.0003
30.0285 0.0004 0.0003
30.0475 0.0004 0.0003
30.0665 0.0004 0.0003
30.0856 0.0004 0.0003
30.1046 0.0004 0.0003
30.1236 0.0003 0.0003
30.1426 0.0003 0.0003
30.1616 0.0003 0.0003
30.1806 0.0003 0.0003
30.1996 0.0003 0.0003
30.2186 0.0003 0.0003
30.2376 0.0003 0.0003
30.2566 0.0003 0.0003
30.2756 0.0003 0.0003
30.2946 0.0003 0.0003
30.3136 0.0003 0.0003
30.3326 0.0003 0.0003
30.3516 0.0003 0.0003
30.3706 0.0003 0.0003
30.3896 0.0003 0.0003
30.4086 0.0003 0.0002
30.4276 0.0003 0.0002
30.4467 0.0003 0.0002
30.4657 0.0003 0.0002
30.4847 0.0003 0.0002
30.5037 0.0003 0.0002
30.5227 0.0003 0.0002
30.5417 0.0003 0.0002
30.5607 0.0003 0.0002
30.5797 0.0003 0.0002
30.5987 0.0002 0.0002
30.6177 0.0002 0.0002
30.6367 0.0002 0.0002
30.6557 0.0002 0.0002
30.6747 0.0002 0.0002
30.6937 0.0002 0.0002
30.7127 0.0002 0.0002
30.7317 0.0002 0.0002
30.7507 0.0002 0.0002
30.7697 0.0002 0.0002
30.7888 0.0002 0.0002
30.8078 0.0002 0.0002
30.8268 0.0002 0.0002
30.8458 0.0002 0.0002
30.8648 0.0002 0.0002
30.8838 0.0002 0.0002
30.9028 0.0002 0.0002
30.9218 0.0002 0.0002
30.9408 0.0002 0.0002
30.9598 0.0002 0.0002
30.9788 0.0002 0.0002
30.9978 0.0002 0.0002
31.0168 0.0002 0.0002
31.0358 0.0002 0.0002
31.0548 0.0002 0.0002
31.0738 0.0002 0.0002
31.0928 0.0002 0.0002
31.1118 0.0002 0.0002
31.1308 0.0002 0.0002
31.1499 0.0002 0.0002
31.1689 0.0002 0.0002
31.1879 0.0002 0.0002
31.2069 0.0002 0.0002
31.2259 0.0002 0.0002
31.2449 0.0002 0.0002
31.2639 0.0002 0.0002
31.2829 0.0002 0.0002
31.3019 0.0002 0.0002
31.3209 0.0002 0.0002
31.3399 0.0002 0.0001
31.3589 0.0002 0.0001
31.3779 0.0002 0.0001
31.3969 0.0002 0.0001
31.4159 0.0002 0.0001
31.4349 0.0001 0.0001
31.4539 0.0001 0.0001
31.4729 0.0001 0.0001
31.4920 0.0001 0.0001
31.5110 0.0001 0.0001
31.5300 0.0001 0.0001
31.5490 0.0001 0.0001
31.5680 0.0001 0.0001
31.5870 0.0001 0.0001
31.6060 0.0001 0.0001
31.6250 0.0001 0.0001
31.6440 0.0001 0.0001
31.6630 0.0001 0.0001
31.6820 0.0001 0.0001
31.7010 0.0001 0.0001
31.7200 0.0001 0.0001
31.7390 0.0001 0.0001
31.7580 0.0001 0.0001
31.7770 0.0001 0.0001
31.7960 0.0001 0.0001
31.8150 0.0001 0.0001
31.8340 0.0001 0.0001
31.8531 0.0001 0.0001
31.8721 0.0001 0.0001
31.8911 0.0001 0.0001
31.9101 0.0001 0.0001
31.9291 0.0001 0.0001
31.9481 0.0001 0.0001
31.9671 0.0001 0.0001
31.9861 0.0001 0.0001
32.0051 0.0001 0.0001
32.0241 0.0001 0.0001
32.0431 0.0001 0.0001
32.0621 0.0001 0.0001
32.0811 0.0001 0.0001
32.1001 0.0001 0.0001
32.1191 0.0001 0.0001
32.1381 0.0001 0.0001
32.1571 0.0001 0.0001
32.1761 0.0001 0.0001
32.1952 0.0001 0.0001
32.2142 0.0001 0.0001
32.2332 0.0001 0.0001
32.2522 0.0001 0.0001
32.2712 0.0001 0.0001
32.2902 0.0001 0.0001
32.3092 0.0001 0.0001
32.3282 0.0001 0.0001
32.3472 0.0001 0.0001
32.3662 0.0001 0.0001
32.3852 0.0001 0.0001
32.4042 0.0001 0.0001
32.4232 0.0001 0.0001
32.4422 0.0001 0.0001
32.4612 0.0001 0.0001
32.4802 0.0001 0.0001
32.4992 0.0001 0.0001
32.5182 0.0001 0.0001
32.5372 0.0001 0.0001
32.5563 0.0001 0.0001
32.5753 0.0001 0.0001
32.5943 0.0001 0.0001
32.6133 0.0001 0.0001
32.6323 0.0001 0.0001
32.6513 0.0001 0.0001
32.6703 0.0001 0.0001
32.6893 0.0001 0.0001
32.7083 0.0001 0.0001
32.7273 0.0001 0.0001
32.7463 0.0001 0.0001
32.7653 0.0001 0.0001
32.7843 0.0001 0.0001
32.8033 0.0001 0.0001
32.8223 0.0001 0.0001
32.8413 0.0001 0.0001
32.8603 0.0001 0.0001
32.8793 0.0001 0.0001
32.8984 0.0001 0.0001
32.9174 0.0001 0.0001
32.9364 0.0001 0.0001
32.9554 0.0001 0.0001
32.9744 0.0001 0.0001
32.9934 0.0001 0.0001
33.0124 0.0001 0.0001
33.0314 0.0001 0.0001
33.0504 0.0001 0.0001
33.0694 0.0001 0.0001
33.0884 0.0001 0.0001
33.1074 0.0001 0.0001
33.1264 0.0001 0.0001
33.1454 0.0001 0.0001
33.1644 0.0001 0.0001
33.1834 0.0001 0.0001
33.2024 0.0001 0.0001
33.2214 0.0001 0.0001
33.2404 0.0001 0.0001
33.2595 0.0001 0.0001
33.2785 0.0001 0.0001
33.2975 0.0001 0.0001
33.3165 0.0001 0.0001
33.3355 0.0001 0.0001
33.3545 0.0001 0.0001
33.3735 0.0001 0.0001
33.3925 0.0001 0.0001
33.4115 0.0001 0.0001
33.4305 0.0001 0.0001
33.4495 0.0001 0.0001
33.4685 0.0001 0.0001
33.4875 0.0001 0.0001
33.5065 0.0001 0.0001
33.5255 0.0001 0.0001
33.5445 0.0001 0.0001
33.5635 0.0001 0.0001
33.5825 0.0001 0.0001
33.6016 0.0001 0.0001
33.6206 0.0001 0.0001
33.6396 0.0001 0.0001
33.6586 0.0001 0.0001
33.6776 0.0001 0.0001
33.6966 0.0001 0.0001
33.7156 0.0001 0.0001
33.7346 0.0001 0.0001
33.7536 0.0001 0.0001
33.7726 0.0001 0.0001
33.7916 0.0001 0.0001
33.8106 0.0001 0.0001
33.8296 0.0001 0.0001
33.8486 0.0001 0.0001
33.8676 0.0001 0.0001
33.8866 0.0001 0.0001
33.9056 0.0001 0.0001
33.9246 0.0001 0.0001
33.9436 0.0001 0.0001
33.9627 0.0001 0.0001
33.9817 0.0001 0.0001
34.0007 0.0001 0.0001
34.0197 0.0001 0.0001
34.0387 0.0001 0.0001
34.0577 0.0001 0.0001
34.0767 0.0001 0.0001
34.0957 0.0001 0.0001
34.1147 0.0001 0.0001
34.1337 0.0001 0.0001
34.1527 0.0001 0.0001
34.1717 0.0001 0.0001
34.1907 0.0001 0.0001
34.2097 0.0001 0.0001
34.2287 0.0001 0.0001
34.2477 0.0001 0.0001
34.2667 0.0001 0.0001
34.2857 0.0001 0.0001
34.3048 0.0001 0.0001
34.3238 0.0001 0.0001
34.3428 0.0001 0.0001
34.3618 0.0001 0.0001
34.3808 0.0001 0.0001
34.3998 0.0001 0.0001
34.4188 0.0001 0.0001
34.4378 0.0001 0.0001
34.4568 0.0001 0.0001
34.4758 0.0001 0.0001
34.4948 0.0001 0.0001
34.5138 0.0001 0.0001
34.5328 0.0001 0.0001
34.5518 0.0001 0.0001
34.5708 0.0001 0.0001
34.5898 0.0001 0.0001
34.6088 0.0001 0.0001
34.6278 0.0001 0.0001
34.6468 0.0001 0.0001
34.6659 0.0001 0.0001
34.6849 0.0001 0.0001
34.7039 0.0001 0.0001
34.7229 0.0001 0.0001
34.7419 0.0001 0.0001
34.7609 0.0001 0.0001
34.7799 0.0001 0.0001
34.7989 0.0001 0.0001
34.8179 0.0001 0.0001
34.8369 0.0001 0.0001
34.8559 0.0001 0.0001
34.8749 0.0001 0.0001
34.8939 0.0001 0.0001
34.9129 0.0001 0.0001
34.9319 0.0001 0.0001
34.9509 0.0001 0.0001
34.9699 0.0001 0.0001
34.9889 0.0001 0.0001
35.0080 0.0001 0.0001
35.0270 0.0001 0.0001
35.0460 0.0001 0.0001
35.0650 0.0001 0.0001
35.0840 0.0001 0.0001
35.1030 0.0001 0.0001
35.1220 0.0001 0.0001
35.1410 0.0001 0.0001
35.1600 0.0001 0.0001
35.1790 0.0001 0.0001
35.1980 0.0001 0.0001
35.2170 0.0001 0.0001
35.2360 0.0001 0.0001
35.2550 0.0001 0.0001
35.2740 0.0001 0.0001
35.2930 0.0001 0.0001
35.3120 0.0001 0.0001
35.3310 0.0001 0.0001
35.3500 0.0001 0.0001
35.3691 0.0001 0.0001
35.3881 0.0001 0.0001
35.4071 0.0001 0.0001
35.4261 0.0001 0.0001
35.4451 0.0001 0.0001
35.4641 0.0001 0.0001
35.4831 0.0001 0.0001
35.5021 0.0001 0.0001
35.5211 0.0001 0.0001
35.5401 0.0001 0.0001
35.5591 0.0001 0.0001
35.5781 0.0001 0.0001
35.5971 0.0001 0.0001
35.6161 0.0001 0.0001
35.6351 0.0001 0.0001
35.6541 0.0001 0.0001
35.6731 0.0001 0.0001
35.6921 0.0001 0.0001
35.7112 0.0001 0.0001
35.7302 0.0001 0.0001
35.7492 0.0001 0.0001
35.7682 0.0001 0.0001
35.7872 0.0001 0.0001
35.8062 0.0001 0.0001
35.8252 0.0001 0.0001
35.8442 0.0001 0.0000
35.8632 0.0001 0.0000
35.8822 0.0001 0.0000
35.9012 0.0001 0.0000
35.9202 0.0001 0.0000
35.9392 0.0001 0.0000
35.9582 0.0001 0.0000
35.9772 0.0001 0.0000
35.9962 0.0001 0.0000
36.0152 0.0001 0.0000
36.0342 0.0001 0.0000
36.0532 0.0000 0.0000
36.0723 0.0000 0.0000
36.0913 0.0000 0.0000
36.1103 0.0000 0.0000
36.1293 0.0000 0.0000
36.1483 0.0000 0.0000
36.1673 0.0000 0.0000
36.1863 0.0000 0.0000
36.2053 0.0000 0.0000
36.2243 0.0000 0.0000
36.2433 0.0000 0.0000
36.2623 0.0000 0.0000
36.2813 0.0000 0.0000
36.3003 0.0000 0.0000
36.3193 0.0000 0.0000
36.3383 0.0000 0.0000
36.3573 0.0000 0.0000
36.3763 0.0000 0.0000
36.3953 0.0000 0.0000
36.4144 0.0000 0.0000
36.4334 0.0000 0.0000
36.4524 0.0000 0.0000
36.4714 0.0000 0.0000
36.4904 0.0000 0.0000
36.5094 0.0000 0.0000
36.5284 0.0000 0.0000
36.5474 0.0000 0.0000
36.5664 0.0000 0.0000
36.5854 0.0000 0.0000
36.6044 0.0000 0.0000
36.6234 0.0000 0.0000
36.6424 0.0000 0.0000
36.6614 0.0000 0.0000
36.6804 0.0000 0.0000
36.6994 0.0000 0.0000
36.7184 0.0000 0.0000
36.7374 0.0000 0.0000
36.7564 0.0000 0.0000
36.7755 0.0000 0.0000
36.7945 0.0000 0.0000
36.8135 0.0000 0.0000
36.8325 0.0000 0.0000
36.8515 0.0000 0.0000
36.8705 0.0000 0.0000
36.8895 0.0000 0.0000
36.9085 0.0000 0.0000
36.9275 0.0000 0.0000
36.9465 0.0000 0.0000
36.9655 0.0000 0.0000
36.9845 0.0000 0.0000
37.0035 0.0000 0.0000
37.0225 0.0000 0.0000
37.0415 0.0000 0.0000
37.0605 0.0000 0.0000
37.0795 0.0000 0.0000
37.0985 0.0000 0.0000
37.1176 0.0000 0.0000
37.1366 0.0000 0.0000
37.1556 0.0000 0.0000
37.1746 0.0000 0.0000
37.1936 0.0000 0.0000
37.2126 0.0000 0.0000
37.2316 0.0000 0.0000
37.2506 0.0000 0.0000
37.2696 0.0000 0.0000
37.2886 0.0000 0.0000
37.3076 0.0000 0.0000
37.3266 0.0000 0.0000
37.3456 0.0000 0.0000
37.3646 0.0000 0.0000
37.3836 0.0000 0.0000
37.4026 0.0000 0.0000
37.4216 0.0000 0.0000
37.4406 0.0000 0.0000
37.4596 0.0000 0.0000
37.4787 0.0000 0.0000
37.4977 0.0000 0.0000
37.5167 0.0000 0.0000
37.5357 0.0000 0.0000
37.5547 0.0000 0.0000
37.5737 0.0000 0.0000
37.5927 0.0000 0.0000
37.6117 0.0000 0.0000
37.6307 0.0000 0.0000
37.6497 0.0000 0.0000
37.6687 0.0000 0.0000
37.6877 0.0000 0.0000
37.7067 0.0000 0.0000
37.7257 0.0000 0.0000
37.7447 0.0000 0.0000
37.7637 0.0000 0.0000
37.7827 0.0000 0.0000
37.8017 0.0000 0.0000
37.8208 0.0000 0.0000
37.8398 0.0000 0.0000
37.8588 0.0000 0.0000
37.8778 0.0000 0.0000
37.8968 0.0000 0.0000
37.9158 0.0000 0.0000
37.9348 0.0000 0.0000
37.9538 0.0000 0.0000
37.9728 0.0000 0.0000
37.9918 0.0000 0.0000
