0.0000 0.0000 0.0000
0.0163 1.5325 1.4254
0.0326 3.0395 2.8288
0.0489 4.4964 4.1887
0.0652 5.8804 5.4856
0.0816 7.1714 6.7019
0.0979 8.3524 7.8230
0.1142 9.4101 8.8372
0.1305 10.3350 9.7364
0.1468 11.1218 10.5159
0.1631 11.7690 11.1745
0.1794 12.2787 11.7137
0.1957 12.6562 12.1383
0.2120 12.9094 12.4550
0.2283 13.0485 12.6723
0.2447 13.0848 12.8002
0.2610 13.0311 12.8492
0.2773 12.9001 12.8302
0.2936 12.7047 12.7540
0.3099 12.4571 12.6308
0.3262 12.1691 12.4699
0.3425 11.8510 12.2799
0.3588 11.5123 12.0682
0.3751 11.1610 11.8409
0.3914 10.8042 11.6032
0.4078 10.4475 11.3591
0.4241 10.0956 11.1119
0.4404 9.7519 10.8637
0.4567 9.4191 10.6161
0.4730 9.0992 10.3702
0.4893 8.7933 10.1267
0.5056 8.5020 9.8857
0.5219 8.2256 9.6474
0.5382 7.9640 9.4119
0.5546 7.7166 9.1791
0.5709 7.4830 8.9491
0.5872 7.2624 8.7218
0.6035 7.0541 8.4975
0.6198 6.8572 8.2765
0.6361 6.6709 8.0589
0.6524 6.4946 7.8452
0.6687 6.3274 7.6357
0.6850 6.1687 7.4311
0.7013 6.0180 7.2316
0.7177 5.8747 7.0378
0.7340 5.7382 6.8499
0.7503 5.6083 6.6683
0.7666 5.4845 6.4933
0.7829 5.3663 6.3249
0.7992 5.2534 6.1633
0.8155 5.1454 6.0082
0.8318 5.0420 5.8597
0.8481 4.9429 5.7175
0.8644 4.8475 5.5812
0.8808 4.7556 5.4506
0.8971 4.6669 5.3252
0.9134 4.5810 5.2047
0.9297 4.4976 5.0887
0.9460 4.4166 4.9767
0.9623 4.3377 4.8686
0.9786 4.2609 4.7639
0.9949 4.1859 4.6625
1.0112 4.1128 4.5643
1.0276 4.0416 4.4691
1.0439 3.9724 4.3770
1.0602 3.9051 4.2880
1.0765 3.8400 4.2022
1.0928 3.7771 4.1197
1.1091 3.7164 4.0406
1.1254 3.6582 3.9650
1.1417 3.6024 3.8931
1.1580 3.5491 3.8248
1.1743 3.4983 3.7602
1.1907 3.4501 3.6992
1.2070 3.4044 3.6417
1.2233 3.3612 3.5875
1.2396 3.3205 3.5364
1.2559 3.2821 3.4882
1.2722 3.2459 3.4423
1.2885 3.2120 3.3986
1.3048 3.1801 3.3567
1.3211 3.1503 3.3161
1.3374 3.1223 3.2766
1.3538 3.0962 3.2379
1.3701 3.0717 3.1997
1.3864 3.0488 3.1618
1.4027 3.0273 3.1241
1.4190 3.0071 3.0864
1.4353 2.9880 3.0489
1.4516 2.9700 3.0115
1.4679 2.9529 2.9743
1.4842 2.9364 2.9375
1.5006 2.9206 2.9012
1.5169 2.9053 2.8655
1.5332 2.8903 2.8306
1.5495 2.8755 2.7967
1.5658 2.8609 2.7638
1.5821 2.8463 2.7322
1.5984 2.8317 2.7019
1.6147 2.8171 2.6729
1.6310 2.8024 2.6452
1.6473 2.7875 2.6189
1.6637 2.7726 2.5938
1.6800 2.7575 2.5700
1.6963 2.7422 2.5473
1.7126 2.7267 2.5256
1.7289 2.7112 2.5048
1.7452 2.6954 2.4848
1.7615 2.6794 2.4655
1.7778 2.6633 2.4468
1.7941 2.6470 2.4285
1.8104 2.6304 2.4107
1.8268 2.6137 2.3932
1.8431 2.5967 2.3759
1.8594 2.5794 2.3587
1.8757 2.5619 2.3416
1.8920 2.5442 2.3244
1.9083 2.5262 2.3072
1.9246 2.5078 2.2898
1.9409 2.4892 2.2722
1.9572 2.4702 2.2542
1.9736 2.4509 2.2359
1.9899 2.4312 2.2172
2.0062 2.4112 2.1981
2.0225 2.3906 2.1785
2.0388 2.3697 2.1585
2.0551 2.3482 2.1381
2.0714 2.3262 2.1172
2.0877 2.3037 2.0961
2.1040 2.2807 2.0747
2.1203 2.2571 2.0531
2.1367 2.2330 2.0315
2.1530 2.2084 2.0099
2.1693 2.1834 1.9885
2.1856 2.1580 1.9674
2.2019 2.1323 1.9465
2.2182 2.1064 1.9262
2.2345 2.0803 1.9063
2.2508 2.0541 1.8871
2.2671 2.0280 1.8684
2.2834 2.0019 1.8503
2.2998 1.9761 1.8329
2.3161 1.9504 1.8161
2.3324 1.9252 1.7998
2.3487 1.9003 1.7840
2.3650 1.8758 1.7687
2.3813 1.8518 1.7538
2.3976 1.8283 1.7391
2.4139 1.8053 1.7248
2.4302 1.7829 1.7105
2.4466 1.7611 1.6964
2.4629 1.7399 1.6823
2.4792 1.7193 1.6682
2.4955 1.6994 1.6541
2.5118 1.6801 1.6399
2.5281 1.6615 1.6256
2.5444 1.6435 1.6112
2.5607 1.6262 1.5967
2.5770 1.6096 1.5821
2.5933 1.5937 1.5674
2.6097 1.5784 1.5528
2.6260 1.5637 1.5381
2.6423 1.5496 1.5235
2.6586 1.5360 1.5090
2.6749 1.5230 1.4947
2.6912 1.5104 1.4806
2.7075 1.4982 1.4668
2.7238 1.4863 1.4534
2.7401 1.4747 1.4404
2.7564 1.4633 1.4278
2.7728 1.4521 1.4158
2.7891 1.4410 1.4042
2.8054 1.4299 1.3932
2.8217 1.4189 1.3828
2.8380 1.4078 1.3729
2.8543 1.3967 1.3635
2.8706 1.3855 1.3547
2.8869 1.3743 1.3463
2.9032 1.3631 1.3383
2.9196 1.3518 1.3306
2.9359 1.3405 1.3233
2.9522 1.3292 1.3162
2.9685 1.3179 1.3092
2.9848 1.3067 1.3024
3.0011 1.2956 1.2956
3.0174 1.2846 1.2888
3.0337 1.2737 1.2819
3.0500 1.2630 1.2749
3.0663 1.2525 1.2676
3.0827 1.2421 1.2602
3.0990 1.2320 1.2525
3.1153 1.2221 1.2446
3.1316 1.2124 1.2363
3.1479 1.2029 1.2278
3.1642 1.1936 1.2189
3.1805 1.1844 1.2098
3.1968 1.1753 1.2004
3.2131 1.1664 1.1907
3.2294 1.1576 1.1808
3.2458 1.1488 1.1707
3.2621 1.1401 1.1605
3.2784 1.1314 1.1503
3.2947 1.1228 1.1400
3.3110 1.1142 1.1297
3.3273 1.1056 1.1196
3.3436 1.0970 1.1096
3.3599 1.0885 1.0997
3.3762 1.0801 1.0901
3.3925 1.0717 1.0807
3.4089 1.0634 1.0716
3.4252 1.0553 1.0627
3.4415 1.0473 1.0541
3.4578 1.0395 1.0457
3.4741 1.0319 1.0376
3.4904 1.0245 1.0296
3.5067 1.0173 1.0219
3.5230 1.0104 1.0142
3.5393 1.0037 1.0067
3.5557 0.9972 0.9992
3.5720 0.9909 0.9918
3.5883 0.9849 0.9844
3.6046 0.9790 0.9770
3.6209 0.9733 0.9696
3.6372 0.9677 0.9622
3.6535 0.9623 0.9548
3.6698 0.9569 0.9474
3.6861 0.9516 0.9400
3.7024 0.9464 0.9326
3.7188 0.9412 0.9254
3.7351 0.9360 0.9182
3.7514 0.9308 0.9112
3.7677 0.9257 0.9043
3.7840 0.9206 0.8977
3.8003 0.9156 0.8912
3.8166 0.9108 0.8850
3.8329 0.9060 0.8790
3.8492 0.9014 0.8733
3.8655 0.8971 0.8678
3.8819 0.8930 0.8626
3.8982 0.8892 0.8577
3.9145 0.8856 0.8529
3.9308 0.8824 0.8484
3.9471 0.8796 0.8440
3.9634 0.8770 0.8398
3.9797 0.8748 0.8356
3.9960 0.8728 0.8316
4.0123 0.8710 0.8275
4.0287 0.8695 0.8235
4.0450 0.8681 0.8194
4.0613 0.8668 0.8152
4.0776 0.8655 0.8110
4.0939 0.8642 0.8067
4.1102 0.8628 0.8023
4.1265 0.8613 0.7977
4.1428 0.8596 0.7931
4.1591 0.8577 0.7884
4.1754 0.8555 0.7837
4.1918 0.8531 0.7789
4.2081 0.8504 0.7741
4.2244 0.8475 0.7693
4.2407 0.8443 0.7646
4.2570 0.8408 0.7600
4.2733 0.8370 0.7555
4.2896 0.8330 0.7511
4.3059 0.8288 0.7468
4.3222 0.8244 0.7428
4.3385 0.8199 0.7389
4.3549 0.8151 0.7352
4.3712 0.8102 0.7316
4.3875 0.8052 0.7282
4.4038 0.8000 0.7250
4.4201 0.7947 0.7218
4.4364 0.7893 0.7187
4.4527 0.7838 0.7157
4.4690 0.7782 0.7126
4.4853 0.7726 0.7095
4.5017 0.7668 0.7063
4.5180 0.7610 0.7030
4.5343 0.7552 0.6996
4.5506 0.7493 0.6960
4.5669 0.7435 0.6923
4.5832 0.7376 0.6884
4.5995 0.7318 0.6843
4.6158 0.7260 0.6801
4.6321 0.7203 0.6758
4.6484 0.7147 0.6715
4.6648 0.7091 0.6670
4.6811 0.7037 0.6626
4.6974 0.6983 0.6581
4.7137 0.6931 0.6537
4.7300 0.6879 0.6494
4.7463 0.6829 0.6452
4.7626 0.6779 0.6411
4.7789 0.6730 0.6371
4.7952 0.6683 0.6333
4.8115 0.6636 0.6295
4.8279 0.6590 0.6259
4.8442 0.6544 0.6224
4.8605 0.6500 0.6191
4.8768 0.6455 0.6157
4.8931 0.6412 0.6125
4.9094 0.6369 0.6092
4.9257 0.6326 0.6060
4.9420 0.6283 0.6028
4.9583 0.6241 0.5995
4.9747 0.6199 0.5961
4.9910 0.6158 0.5927
5.0073 0.6116 0.5892
5.0236 0.6075 0.5856
5.0399 0.6034 0.5819
5.0562 0.5993 0.5781
5.0725 0.5952 0.5741
5.0888 0.5911 0.5701
5.1051 0.5870 0.5659
5.1214 0.5829 0.5616
5.1378 0.5788 0.5573
5.1541 0.5748 0.5529
5.1704 0.5707 0.5485
5.1867 0.5667 0.5440
5.2030 0.5628 0.5396
5.2193 0.5589 0.5351
5.2356 0.5550 0.5308
5.2519 0.5513 0.5266
5.2682 0.5476 0.5224
5.2845 0.5440 0.5185
5.3009 0.5405 0.5146
5.3172 0.5372 0.5110
5.3335 0.5340 0.5076
5.3498 0.5309 0.5044
5.3661 0.5280 0.5014
5.3824 0.5252 0.4987
5.3987 0.5226 0.4962
5.4150 0.5202 0.4939
5.4313 0.5179 0.4919
5.4477 0.5157 0.4901
5.4640 0.5138 0.4885
5.4803 0.5120 0.4871
5.4966 0.5103 0.4859
5.5129 0.5088 0.4849
5.5292 0.5073 0.4841
5.5455 0.5060 0.4834
5.5618 0.5048 0.4829
5.5781 0.5037 0.4825
5.5944 0.5027 0.4823
5.6108 0.5017 0.4821
5.6271 0.5007 0.4821
5.6434 0.4998 0.4821
5.6597 0.4990 0.4822
5.6760 0.4981 0.4823
5.6923 0.4973 0.4825
5.7086 0.4966 0.4827
5.7249 0.4958 0.4830
5.7412 0.4950 0.4833
5.7575 0.4943 0.4835
5.7739 0.4936 0.4838
5.7902 0.4929 0.4841
5.8065 0.4922 0.4844
5.8228 0.4916 0.4846
5.8391 0.4909 0.4849
5.8554 0.4902 0.4851
5.8717 0.4894 0.4852
5.8880 0.4887 0.4853
5.9043 0.4879 0.4854
5.9207 0.4870 0.4853
5.9370 0.4861 0.4852
5.9533 0.4851 0.4850
5.9696 0.4840 0.4847
5.9859 0.4828 0.4843
6.0022 0.4815 0.4837
6.0185 0.4802 0.4830
6.0348 0.4787 0.4822
6.0511 0.4771 0.4811
6.0674 0.4754 0.4799
6.0838 0.4736 0.4785
6.1001 0.4717 0.4770
6.1164 0.4698 0.4752
6.1327 0.4679 0.4733
6.1490 0.4659 0.4712
6.1653 0.4638 0.4690
6.1816 0.4618 0.4666
6.1979 0.4598 0.4641
6.2142 0.4578 0.4616
6.2305 0.4558 0.4589
6.2469 0.4539 0.4562
6.2632 0.4520 0.4535
6.2795 0.4502 0.4508
6.2958 0.4484 0.4482
6.3121 0.4467 0.4456
6.3284 0.4451 0.4431
6.3447 0.4435 0.4408
6.3610 0.4420 0.4385
6.3773 0.4406 0.4365
6.3937 0.4393 0.4345
6.4100 0.4381 0.4328
6.4263 0.4369 0.4312
6.4426 0.4359 0.4297
6.4589 0.4349 0.4285
6.4752 0.4340 0.4274
6.4915 0.4332 0.4264
6.5078 0.4324 0.4256
6.5241 0.4318 0.4250
6.5404 0.4312 0.4244
6.5568 0.4307 0.4240
6.5731 0.4302 0.4237
6.5894 0.4298 0.4235
6.6057 0.4294 0.4234
6.6220 0.4291 0.4233
6.6383 0.4288 0.4233
6.6546 0.4285 0.4234
6.6709 0.4283 0.4235
6.6872 0.4281 0.4236
6.7035 0.4279 0.4238
6.7199 0.4277 0.4239
6.7362 0.4276 0.4240
6.7525 0.4274 0.4241
6.7688 0.4273 0.4242
6.7851 0.4272 0.4242
6.8014 0.4270 0.4242
6.8177 0.4269 0.4241
6.8340 0.4267 0.4240
6.8503 0.4265 0.4237
6.8667 0.4263 0.4234
6.8830 0.4261 0.4230
6.8993 0.4258 0.4226
6.9156 0.4255 0.4221
6.9319 0.4252 0.4214
6.9482 0.4248 0.4208
6.9645 0.4244 0.4200
6.9808 0.4239 0.4192
6.9971 0.4234 0.4183
7.0134 0.4229 0.4174
7.0298 0.4223 0.4164
7.0461 0.4217 0.4154
7.0624 0.4211 0.4144
7.0787 0.4205 0.4133
7.0950 0.4198 0.4123
7.1113 0.4191 0.4112
7.1276 0.4184 0.4102
7.1439 0.4177 0.4092
7.1602 0.4170 0.4082
7.1765 0.4163 0.4072
7.1929 0.4156 0.4064
7.2092 0.4149 0.4055
7.2255 0.4141 0.4048
7.2418 0.4134 0.4041
7.2581 0.4126 0.4035
7.2744 0.4118 0.4030
7.2907 0.4110 0.4025
7.3070 0.4102 0.4022
7.3233 0.4094 0.4019
7.3397 0.4085 0.4017
7.3560 0.4076 0.4016
7.3723 0.4067 0.4015
7.3886 0.4058 0.4015
7.4049 0.4048 0.4015
7.4212 0.4039 0.4016
7.4375 0.4029 0.4016
7.4538 0.4020 0.4017
7.4701 0.4010 0.4017
7.4864 0.4000 0.4017
7.5028 0.3991 0.4017
7.5191 0.3982 0.4016
7.5354 0.3972 0.4014
7.5517 0.3963 0.4012
7.5680 0.3955 0.4009
7.5843 0.3946 0.4005
7.6006 0.3938 0.4000
7.6169 0.3930 0.3994
7.6332 0.3923 0.3987
7.6495 0.3915 0.3979
7.6659 0.3908 0.3970
7.6822 0.3901 0.3960
7.6985 0.3894 0.3950
7.7148 0.3887 0.3938
7.7311 0.3880 0.3926
7.7474 0.3873 0.3913
7.7637 0.3866 0.3899
7.7800 0.3859 0.3885
7.7963 0.3851 0.3870
7.8127 0.3843 0.3855
7.8290 0.3835 0.3840
7.8453 0.3826 0.3825
7.8616 0.3817 0.3809
7.8779 0.3807 0.3795
7.8942 0.3797 0.3780
7.9105 0.3787 0.3766
7.9268 0.3776 0.3752
7.9431 0.3765 0.3739
7.9594 0.3754 0.3727
7.9758 0.3743 0.3715
7.9921 0.3731 0.3704
8.0084 0.3719 0.3694
8.0247 0.3708 0.3684
8.0410 0.3696 0.3675
8.0573 0.3685 0.3666
8.0736 0.3673 0.3659
8.0899 0.3662 0.3651
8.1062 0.3652 0.3644
8.1225 0.3641 0.3636
8.1389 0.3631 0.3629
8.1552 0.3622 0.3622
8.1715 0.3613 0.3615
8.1878 0.3604 0.3607
8.2041 0.3596 0.3600
8.2204 0.3588 0.3592
8.2367 0.3580 0.3584
8.2530 0.3574 0.3575
8.2693 0.3567 0.3566
8.2857 0.3561 0.3558
8.3020 0.3555 0.3548
8.3183 0.3549 0.3539
8.3346 0.3543 0.3530
8.3509 0.3538 0.3520
8.3672 0.3532 0.3511
8.3835 0.3527 0.3502
8.3998 0.3522 0.3492
8.4161 0.3517 0.3483
8.4324 0.3511 0.3473
8.4488 0.3506 0.3464
8.4651 0.3501 0.3455
8.4814 0.3496 0.3445
8.4977 0.3490 0.3436
8.5140 0.3485 0.3427
8.5303 0.3480 0.3418
8.5466 0.3475 0.3409
8.5629 0.3471 0.3400
8.5792 0.3466 0.3391
8.5955 0.3462 0.3382
8.6119 0.3458 0.3373
8.6282 0.3454 0.3364
8.6445 0.3451 0.3356
8.6608 0.3447 0.3348
8.6771 0.3445 0.3339
8.6934 0.3442 0.3331
8.7097 0.3440 0.3323
8.7260 0.3438 0.3316
8.7423 0.3436 0.3308
8.7587 0.3435 0.3301
8.7750 0.3434 0.3295
8.7913 0.3433 0.3288
8.8076 0.3432 0.3282
8.8239 0.3432 0.3276
8.8402 0.3431 0.3270
8.8565 0.3431 0.3265
8.8728 0.3431 0.3260
8.8891 0.3432 0.3255
8.9054 0.3432 0.3250
8.9218 0.3432 0.3246
8.9381 0.3432 0.3242
8.9544 0.3432 0.3238
8.9707 0.3432 0.3234
8.9870 0.3432 0.3231
9.0033 0.3432 0.3228
9.0196 0.3431 0.3225
9.0359 0.3430 0.3223
9.0522 0.3428 0.3220
9.0685 0.3427 0.3218
9.0849 0.3424 0.3217
9.1012 0.3421 0.3215
9.1175 0.3418 0.3213
9.1338 0.3414 0.3212
9.1501 0.3409 0.3211
9.1664 0.3404 0.3209
9.1827 0.3399 0.3208
9.1990 0.3393 0.3206
9.2153 0.3387 0.3204
9.2317 0.3380 0.3202
9.2480 0.3373 0.3199
9.2643 0.3367 0.3196
9.2806 0.3360 0.3193
9.2969 0.3353 0.3189
9.3132 0.3346 0.3185
9.3295 0.3339 0.3180
9.3458 0.3333 0.3174
9.3621 0.3327 0.3169
9.3784 0.3321 0.3162
9.3948 0.3315 0.3155
9.4111 0.3310 0.3148
9.4274 0.3305 0.3141
9.4437 0.3300 0.3133
9.4600 0.3296 0.3125
9.4763 0.3291 0.3116
9.4926 0.3287 0.3108
9.5089 0.3283 0.3099
9.5252 0.3278 0.3090
9.5415 0.3274 0.3081
9.5579 0.3269 0.3072
9.5742 0.3264 0.3063
9.5905 0.3258 0.3053
9.6068 0.3252 0.3044
9.6231 0.3246 0.3035
9.6394 0.3239 0.3027
9.6557 0.3232 0.3018
9.6720 0.3224 0.3010
9.6883 0.3216 0.3002
9.7046 0.3208 0.2995
9.7210 0.3199 0.2988
9.7373 0.3191 0.2982
9.7536 0.3182 0.2976
9.7699 0.3173 0.2971
9.7862 0.3164 0.2967
9.8025 0.3156 0.2963
9.8188 0.3147 0.2960
9.8351 0.3139 0.2958
9.8514 0.3131 0.2957
9.8678 0.3123 0.2956
9.8841 0.3116 0.2956
9.9004 0.3109 0.2957
9.9167 0.3102 0.2958
9.9330 0.3096 0.2960
9.9493 0.3091 0.2963
9.9656 0.3085 0.2966
9.9819 0.3081 0.2970
9.9982 0.3076 0.2975
10.0145 0.3073 0.2980
10.0309 0.3070 0.2985
10.0472 0.3067 0.2991
10.0635 0.3065 0.2997
10.0798 0.3064 0.3003
10.0961 0.3063 0.3009
10.1124 0.3063 0.3015
10.1287 0.3063 0.3022
10.1450 0.3064 0.3028
10.1613 0.3066 0.3034
10.1776 0.3068 0.3040
10.1940 0.3070 0.3046
10.2103 0.3073 0.3052
10.2266 0.3075 0.3057
10.2429 0.3078 0.3062
10.2592 0.3081 0.3066
10.2755 0.3084 0.3071
10.2918 0.3086 0.3075
10.3081 0.3089 0.3079
10.3244 0.3091 0.3082
10.3408 0.3093 0.3086
10.3571 0.3094 0.3089
10.3734 0.3095 0.3092
10.3897 0.3096 0.3094
10.4060 0.3097 0.3097
10.4223 0.3097 0.3100
10.4386 0.3097 0.3102
10.4549 0.3098 0.3105
10.4712 0.3098 0.3107
10.4875 0.3098 0.3110
10.5039 0.3098 0.3112
10.5202 0.3098 0.3115
10.5365 0.3099 0.3117
10.5528 0.3100 0.3119
10.5691 0.3101 0.3121
10.5854 0.3102 0.3123
10.6017 0.3104 0.3125
10.6180 0.3106 0.3127
10.6343 0.3109 0.3129
10.6506 0.3112 0.3130
10.6670 0.3115 0.3131
10.6833 0.3119 0.3132
10.6996 0.3123 0.3132
10.7159 0.3127 0.3132
10.7322 0.3132 0.3131
10.7485 0.3137 0.3129
10.7648 0.3142 0.3127
10.7811 0.3148 0.3124
10.7974 0.3154 0.3121
10.8138 0.3160 0.3117
10.8301 0.3167 0.3112
10.8464 0.3173 0.3107
10.8627 0.3181 0.3101
10.8790 0.3188 0.3095
10.8953 0.3195 0.3088
10.9116 0.3203 0.3081
10.9279 0.3211 0.3074
10.9442 0.3218 0.3067
10.9605 0.3226 0.3060
10.9769 0.3234 0.3054
10.9932 0.3241 0.3047
11.0095 0.3247 0.3041
11.0258 0.3253 0.3036
11.0421 0.3259 0.3030
11.0584 0.3264 0.3025
11.0747 0.3267 0.3021
11.0910 0.3270 0.3017
11.1073 0.3272 0.3013
11.1236 0.3272 0.3009
11.1400 0.3271 0.3006
11.1563 0.3269 0.3002
11.1726 0.3266 0.2999
11.1889 0.3261 0.2995
11.2052 0.3255 0.2991
11.2215 0.3247 0.2987
11.2378 0.3238 0.2983
11.2541 0.3229 0.2978
11.2704 0.3218 0.2973
11.2868 0.3206 0.2968
11.3031 0.3194 0.2962
11.3194 0.3180 0.2956
11.3357 0.3166 0.2950
11.3520 0.3152 0.2943
11.3683 0.3137 0.2937
11.3846 0.3122 0.2930
11.4009 0.3106 0.2923
11.4172 0.3090 0.2917
11.4335 0.3075 0.2910
11.4499 0.3059 0.2904
11.4662 0.3043 0.2897
11.4825 0.3028 0.2891
11.4988 0.3012 0.2885
11.5151 0.2997 0.2879
11.5314 0.2982 0.2873
11.5477 0.2968 0.2868
11.5640 0.2953 0.2862
11.5803 0.2939 0.2857
11.5966 0.2925 0.2852
11.6130 0.2911 0.2846
11.6293 0.2898 0.2841
11.6456 0.2885 0.2836
11.6619 0.2872 0.2830
11.6782 0.2859 0.2824
11.6945 0.2847 0.2818
11.7108 0.2835 0.2812
11.7271 0.2823 0.2806
11.7434 0.2811 0.2799
11.7598 0.2800 0.2792
11.7761 0.2788 0.2785
11.7924 0.2777 0.2777
11.8087 0.2766 0.2769
11.8250 0.2755 0.2761
11.8413 0.2745 0.2752
11.8576 0.2735 0.2743
11.8739 0.2724 0.2733
11.8902 0.2714 0.2724
11.9065 0.2705 0.2714
11.9229 0.2695 0.2704
11.9392 0.2686 0.2694
11.9555 0.2676 0.2684
11.9718 0.2667 0.2674
11.9881 0.2658 0.2663
12.0044 0.2649 0.2653
12.0207 0.2640 0.2642
12.0370 0.2631 0.2631
12.0533 0.2622 0.2621
12.0696 0.2612 0.2610
12.0860 0.2603 0.2599
12.1023 0.2593 0.2588
12.1186 0.2583 0.2576
12.1349 0.2573 0.2565
12.1512 0.2562 0.2554
12.1675 0.2551 0.2542
12.1838 0.2540 0.2530
12.2001 0.2529 0.2519
12.2164 0.2517 0.2507
12.2328 0.2505 0.2495
12.2491 0.2493 0.2484
12.2654 0.2481 0.2472
12.2817 0.2469 0.2461
12.2980 0.2457 0.2449
12.3143 0.2444 0.2438
12.3306 0.2432 0.2427
12.3469 0.2420 0.2416
12.3632 0.2408 0.2406
12.3795 0.2397 0.2395
12.3959 0.2385 0.2385
12.4122 0.2374 0.2376
12.4285 0.2363 0.2366
12.4448 0.2352 0.2357
12.4611 0.2342 0.2348
12.4774 0.2331 0.2339
12.4937 0.2321 0.2330
12.5100 0.2310 0.2322
12.5263 0.2300 0.2314
12.5426 0.2290 0.2305
12.5590 0.2280 0.2297
12.5753 0.2270 0.2289
12.5916 0.2260 0.2282
12.6079 0.2250 0.2274
12.6242 0.2239 0.2266
12.6405 0.2229 0.2258
12.6568 0.2219 0.2250
12.6731 0.2208 0.2242
12.6894 0.2198 0.2234
12.7058 0.2187 0.2225
12.7221 0.2177 0.2216
12.7384 0.2166 0.2207
12.7547 0.2156 0.2197
12.7710 0.2145 0.2187
12.7873 0.2134 0.2176
12.8036 0.2123 0.2165
12.8199 0.2112 0.2153
12.8362 0.2101 0.2141
12.8525 0.2090 0.2128
12.8689 0.2080 0.2114
12.8852 0.2069 0.2100
12.9015 0.2058 0.2085
12.9178 0.2047 0.2070
12.9341 0.2036 0.2054
12.9504 0.2025 0.2038
12.9667 0.2014 0.2021
12.9830 0.2003 0.2005
12.9993 0.1993 0.1988
13.0156 0.1982 0.1971
13.0320 0.1971 0.1953
13.0483 0.1961 0.1936
13.0646 0.1950 0.1919
13.0809 0.1939 0.1901
13.0972 0.1929 0.1884
13.1135 0.1918 0.1867
13.1298 0.1907 0.1850
13.1461 0.1896 0.1833
13.1624 0.1884 0.1815
13.1788 0.1873 0.1799
13.1951 0.1861 0.1782
13.2114 0.1849 0.1765
13.2277 0.1837 0.1748
13.2440 0.1824 0.1732
13.2603 0.1811 0.1715
13.2766 0.1798 0.1699
13.2929 0.1784 0.1683
13.3092 0.1770 0.1666
13.3255 0.1756 0.1650
13.3419 0.1741 0.1634
13.3582 0.1726 0.1618
13.3745 0.1711 0.1602
13.3908 0.1696 0.1586
13.4071 0.1680 0.1569
13.4234 0.1664 0.1553
13.4397 0.1649 0.1537
13.4560 0.1633 0.1521
13.4723 0.1617 0.1505
13.4886 0.1601 0.1489
13.5050 0.1585 0.1473
13.5213 0.1569 0.1457
13.5376 0.1553 0.1441
13.5539 0.1538 0.1425
13.5702 0.1522 0.1409
13.5865 0.1507 0.1394
13.6028 0.1492 0.1379
13.6191 0.1477 0.1364
13.6354 0.1463 0.1349
13.6518 0.1448 0.1334
13.6681 0.1434 0.1320
13.6844 0.1420 0.1306
13.7007 0.1406 0.1293
13.7170 0.1392 0.1279
13.7333 0.1378 0.1267
13.7496 0.1364 0.1254
13.7659 0.1351 0.1242
13.7822 0.1338 0.1229
13.7985 0.1324 0.1218
13.8149 0.1311 0.1206
13.8312 0.1298 0.1195
13.8475 0.1285 0.1183
13.8638 0.1272 0.1172
13.8801 0.1260 0.1161
13.8964 0.1247 0.1150
13.9127 0.1235 0.1139
13.9290 0.1222 0.1129
13.9453 0.1210 0.1118
13.9616 0.1198 0.1107
13.9780 0.1186 0.1096
13.9943 0.1175 0.1085
14.0106 0.1163 0.1074
14.0269 0.1151 0.1063
14.0432 0.1140 0.1052
14.0595 0.1129 0.1041
14.0758 0.1117 0.1030
14.0921 0.1106 0.1018
14.1084 0.1095 0.1007
14.1248 0.1084 0.0996
14.1411 0.1073 0.0984
14.1574 0.1061 0.0973
14.1737 0.1050 0.0961
14.1900 0.1039 0.0950
14.2063 0.1027 0.0938
14.2226 0.1016 0.0927
14.2389 0.1004 0.0915
14.2552 0.0992 0.0904
14.2715 0.0980 0.0892
14.2879 0.0968 0.0881
14.3042 0.0956 0.0869
14.3205 0.0944 0.0858
14.3368 0.0931 0.0846
14.3531 0.0919 0.0835
14.3694 0.0907 0.0824
14.3857 0.0894 0.0812
14.4020 0.0882 0.0801
14.4183 0.0869 0.0790
14.4346 0.0857 0.0779
14.4510 0.0845 0.0768
14.4673 0.0833 0.0757
14.4836 0.0820 0.0746
14.4999 0.0809 0.0735
14.5162 0.0797 0.0724
14.5325 0.0785 0.0714
14.5488 0.0774 0.0704
14.5651 0.0762 0.0693
14.5814 0.0751 0.0683
14.5978 0.0741 0.0673
14.6141 0.0730 0.0663
14.6304 0.0720 0.0654
14.6467 0.0710 0.0645
14.6630 0.0700 0.0635
14.6793 0.0690 0.0627
14.6956 0.0681 0.0618
14.7119 0.0671 0.0610
14.7282 0.0662 0.0601
14.7445 0.0654 0.0594
14.7609 0.0645 0.0586
14.7772 0.0637 0.0579
14.7935 0.0629 0.0571
14.8098 0.0621 0.0564
14.8261 0.0613 0.0558
14.8424 0.0606 0.0551
14.8587 0.0598 0.0545
14.8750 0.0591 0.0539
14.8913 0.0584 0.0532
14.9076 0.0577 0.0527
14.9240 0.0570 0.0521
14.9403 0.0564 0.0515
14.9566 0.0557 0.0510
14.9729 0.0551 0.0504
14.9892 0.0544 0.0499
15.0055 0.0538 0.0494
15.0218 0.0532 0.0488
15.0381 0.0526 0.0483
15.0544 0.0520 0.0478
15.0708 0.0514 0.0473
15.0871 0.0508 0.0468
15.1034 0.0502 0.0463
15.1197 0.0496 0.0458
15.1360 0.0490 0.0453
15.1523 0.0484 0.0448
15.1686 0.0478 0.0443
15.1849 0.0472 0.0438
15.2012 0.0466 0.0433
15.2175 0.0460 0.0428
15.2339 0.0454 0.0423
15.2502 0.0448 0.0418
15.2665 0.0442 0.0413
15.2828 0.0437 0.0408
15.2991 0.0431 0.0403
15.3154 0.0426 0.0399
15.3317 0.0420 0.0394
15.3480 0.0415 0.0389
15.3643 0.0410 0.0384
15.3806 0.0405 0.0379
15.3970 0.0400 0.0375
15.4133 0.0395 0.0370
15.4296 0.0391 0.0366
15.4459 0.0386 0.0361
15.4622 0.0382 0.0357
15.4785 0.0378 0.0353
15.4948 0.0374 0.0349
15.5111 0.0370 0.0345
15.5274 0.0366 0.0341
15.5438 0.0363 0.0337
15.5601 0.0359 0.0333
15.5764 0.0356 0.0330
15.5927 0.0352 0.0326
15.6090 0.0349 0.0323
15.6253 0.0346 0.0319
15.6416 0.0342 0.0316
15.6579 0.0339 0.0313
15.6742 0.0336 0.0309
15.6905 0.0333 0.0306
15.7069 0.0330 0.0303
15.7232 0.0327 0.0300
15.7395 0.0323 0.0297
15.7558 0.0320 0.0294
15.7721 0.0317 0.0291
15.7884 0.0314 0.0288
15.8047 0.0311 0.0285
15.8210 0.0308 0.0282
15.8373 0.0305 0.0279
15.8536 0.0302 0.0276
15.8700 0.0299 0.0274
15.8863 0.0297 0.0271
15.9026 0.0294 0.0268
15.9189 0.0291 0.0265
15.9352 0.0288 0.0262
15.9515 0.0285 0.0260
15.9678 0.0283 0.0257
15.9841 0.0280 0.0254
16.0004 0.0277 0.0251
16.0167 0.0275 0.0248
16.0331 0.0272 0.0246
16.0494 0.0269 0.0243
16.0657 0.0267 0.0240
16.0820 0.0264 0.0237
16.0983 0.0262 0.0235
16.1146 0.0259 0.0232
16.1309 0.0256 0.0229
16.1472 0.0254 0.0227
16.1635 0.0251 0.0224
16.1799 0.0248 0.0221
16.1962 0.0246 0.0219
16.2125 0.0243 0.0216
16.2288 0.0241 0.0214
16.2451 0.0238 0.0211
16.2614 0.0236 0.0209
16.2777 0.0233 0.0207
16.2940 0.0231 0.0204
16.3103 0.0228 0.0202
16.3266 0.0226 0.0200
16.3430 0.0223 0.0198
16.3593 0.0221 0.0196
16.3756 0.0219 0.0194
16.3919 0.0216 0.0192
16.4082 0.0214 0.0190
16.4245 0.0212 0.0188
16.4408 0.0209 0.0186
16.4571 0.0207 0.0184
16.4734 0.0205 0.0183
16.4897 0.0203 0.0181
16.5061 0.0200 0.0179
16.5224 0.0198 0.0177
16.5387 0.0196 0.0176
16.5550 0.0194 0.0174
16.5713 0.0192 0.0172
16.5876 0.0189 0.0171
16.6039 0.0187 0.0169
16.6202 0.0185 0.0168
16.6365 0.0183 0.0166
16.6529 0.0181 0.0164
16.6692 0.0179 0.0162
16.6855 0.0177 0.0161
16.7018 0.0175 0.0159
16.7181 0.0173 0.0157
16.7344 0.0171 0.0156
16.7507 0.0169 0.0154
16.7670 0.0167 0.0152
16.7833 0.0165 0.0151
16.7996 0.0163 0.0149
16.8160 0.0161 0.0147
16.8323 0.0159 0.0146
16.8486 0.0157 0.0144
16.8649 0.0156 0.0143
16.8812 0.0154 0.0141
16.8975 0.0152 0.0140
16.9138 0.0150 0.0138
16.9301 0.0149 0.0137
16.9464 0.0147 0.0135
16.9627 0.0145 0.0134
16.9791 0.0144 0.0133
16.9954 0.0142 0.0132
17.0117 0.0141 0.0131
17.0280 0.0139 0.0130
17.0443 0.0138 0.0129
17.0606 0.0136 0.0128
17.0769 0.0135 0.0127
17.0932 0.0133 0.0126
17.1095 0.0132 0.0125
17.1259 0.0131 0.0124
17.1422 0.0130 0.0123
17.1585 0.0128 0.0122
17.1748 0.0127 0.0121
17.1911 0.0126 0.0121
17.2074 0.0125 0.0120
17.2237 0.0124 0.0119
17.2400 0.0123 0.0118
17.2563 0.0122 0.0117
17.2726 0.0121 0.0117
17.2890 0.0120 0.0116
17.3053 0.0119 0.0115
17.3216 0.0118 0.0114
17.3379 0.0117 0.0113
17.3542 0.0116 0.0112
17.3705 0.0115 0.0111
17.3868 0.0114 0.0110
17.4031 0.0113 0.0109
17.4194 0.0112 0.0108
17.4357 0.0111 0.0108
17.4521 0.0110 0.0107
17.4684 0.0109 0.0106
17.4847 0.0108 0.0105
17.5010 0.0107 0.0104
17.5173 0.0106 0.0103
17.5336 0.0105 0.0102
17.5499 0.0104 0.0101
17.5662 0.0104 0.0100
17.5825 0.0103 0.0099
17.5989 0.0102 0.0098
17.6152 0.0101 0.0097
17.6315 0.0101 0.0096
17.6478 0.0100 0.0095
17.6641 0.0099 0.0094
17.6804 0.0099 0.0093
17.6967 0.0098 0.0093
17.7130 0.0098 0.0092
17.7293 0.0097 0.0091
17.7456 0.0097 0.0090
17.7620 0.0096 0.0090
17.7783 0.0095 0.0089
17.7946 0.0095 0.0088
17.8109 0.0094 0.0088
17.8272 0.0094 0.0087
17.8435 0.0093 0.0086
17.8598 0.0093 0.0086
17.8761 0.0092 0.0085
17.8924 0.0091 0.0084
17.9087 0.0091 0.0084
17.9251 0.0090 0.0083
17.9414 0.0090 0.0083
17.9577 0.0089 0.0082
17.9740 0.0088 0.0082
17.9903 0.0088 0.0081
18.0066 0.0087 0.0080
18.0229 0.0086 0.0080
18.0392 0.0085 0.0079
18.0555 0.0085 0.0079
18.0719 0.0084 0.0078
18.0882 0.0083 0.0077
18.1045 0.0083 0.0077
18.1208 0.0082 0.0076
18.1371 0.0081 0.0075
18.1534 0.0081 0.0075
18.1697 0.0080 0.0074
18.1860 0.0079 0.0074
18.2023 0.0079 0.0073
18.2186 0.0078 0.0072
18.2350 0.0077 0.0072
18.2513 0.0077 0.0071
18.2676 0.0076 0.0071
18.2839 0.0075 0.0070
18.3002 0.0075 0.0069
18.3165 0.0074 0.0069
18.3328 0.0073 0.0068
18.3491 0.0073 0.0068
18.3654 0.0072 0.0067
18.3817 0.0072 0.0067
18.3981 0.0071 0.0066
18.4144 0.0070 0.0065
18.4307 0.0070 0.0065
18.4470 0.0069 0.0064
18.4633 0.0069 0.0064
18.4796 0.0068 0.0063
18.4959 0.0067 0.0063
18.5122 0.0067 0.0062
18.5285 0.0066 0.0062
18.5449 0.0066 0.0061
18.5612 0.0065 0.0061
18.5775 0.0064 0.0060
18.5938 0.0064 0.0060
18.6101 0.0063 0.0059
18.6264 0.0063 0.0059
18.6427 0.0062 0.0058
18.6590 0.0062 0.0058
18.6753 0.0061 0.0057
18.6916 0.0060 0.0057
18.7080 0.0060 0.0057
18.7243 0.0059 0.0056
18.7406 0.0059 0.0056
18.7569 0.0058 0.0055
18.7732 0.0058 0.0055
18.7895 0.0057 0.0054
18.8058 0.0057 0.0054
18.8221 0.0056 0.0053
18.8384 0.0056 0.0053
18.8547 0.0055 0.0053
18.8711 0.0055 0.0052
18.8874 0.0054 0.0052
18.9037 0.0054 0.0051
18.9200 0.0054 0.0051
18.9363 0.0053 0.0051
18.9526 0.0053 0.0050
18.9689 0.0052 0.0050
18.9852 0.0052 0.0049
19.0015 0.0052 0.0049
19.0179 0.0051 0.0049
19.0342 0.0051 0.0048
19.0505 0.0050 0.0048
19.0668 0.0050 0.0048
19.0831 0.0050 0.0047
19.0994 0.0049 0.0047
19.1157 0.0049 0.0047
19.1320 0.0048 0.0047
19.1483 0.0048 0.0046
19.1646 0.0048 0.0046
19.1810 0.0047 0.0046
19.1973 0.0047 0.0045
19.2136 0.0047 0.0045
19.2299 0.0046 0.0045
19.2462 0.0046 0.0045
19.2625 0.0046 0.0044
19.2788 0.0045 0.0044
19.2951 0.0045 0.0044
19.3114 0.0044 0.0044
19.3277 0.0044 0.0043
19.3441 0.0044 0.0043
19.3604 0.0043 0.0043
19.3767 0.0043 0.0043
19.3930 0.0043 0.0042
19.4093 0.0042 0.0042
19.4256 0.0042 0.0042
19.4419 0.0042 0.0041
19.4582 0.0041 0.0041
19.4745 0.0041 0.0041
19.4909 0.0041 0.0041
19.5072 0.0040 0.0040
19.5235 0.0040 0.0040
19.5398 0.0040 0.0040
19.5561 0.0040 0.0040
19.5724 0.0039 0.0039
19.5887 0.0039 0.0039
19.6050 0.0039 0.0039
19.6213 0.0038 0.0038
19.6376 0.0038 0.0038
19.6540 0.0038 0.0038
19.6703 0.0038 0.0037
19.6866 0.0037 0.0037
19.7029 0.0037 0.0037
19.7192 0.0037 0.0037
19.7355 0.0036 0.0036
19.7518 0.0036 0.0036
19.7681 0.0036 0.0036
19.7844 0.0036 0.0036
19.8007 0.0035 0.0035
19.8171 0.0035 0.0035
19.8334 0.0035 0.0035
19.8497 0.0035 0.0035
19.8660 0.0035 0.0034
19.8823 0.0034 0.0034
19.8986 0.0034 0.0034
19.9149 0.0034 0.0034
19.9312 0.0034 0.0034
19.9475 0.0034 0.0034
19.9639 0.0033 0.0033
19.9802 0.0033 0.0033
19.9965 0.0033 0.0033
20.0128 0.0033 0.0033
20.0291 0.0033 0.0033
20.0454 0.0033 0.0033
20.0617 0.0032 0.0032
20.0780 0.0032 0.0032
20.0943 0.0032 0.0032
20.1106 0.0032 0.0032
20.1270 0.0032 0.0032
20.1433 0.0032 0.0032
20.1596 0.0032 0.0031
20.1759 0.0031 0.0031
20.1922 0.0031 0.0031
20.2085 0.0031 0.0031
20.2248 0.0031 0.0031
20.2411 0.0031 0.0031
20.2574 0.0031 0.0030
20.2737 0.0030 0.0030
20.2901 0.0030 0.0030
20.3064 0.0030 0.0030
20.3227 0.0030 0.0030
20.3390 0.0030 0.0030
20.3553 0.0029 0.0030
20.3716 0.0029 0.0030
20.3879 0.0029 0.0029
20.4042 0.0029 0.0029
20.4205 0.0029 0.0029
20.4369 0.0029 0.0029
20.4532 0.0028 0.0029
20.4695 0.0028 0.0029
20.4858 0.0028 0.0029
20.5021 0.0028 0.0028
20.5184 0.0028 0.0028
20.5347 0.0027 0.0028
20.5510 0.0027 0.0028
20.5673 0.0027 0.0028
20.5836 0.0027 0.0028
20.6000 0.0027 0.0028
20.6163 0.0027 0.0027
20.6326 0.0027 0.0027
20.6489 0.0026 0.0027
20.6652 0.0026 0.0027
20.6815 0.0026 0.0027
20.6978 0.0026 0.0027
20.7141 0.0026 0.0026
20.7304 0.0026 0.0026
20.7467 0.0026 0.0026
20.7631 0.0025 0.0026
20.7794 0.0025 0.0026
20.7957 0.0025 0.0026
20.8120 0.0025 0.0025
20.8283 0.0025 0.0025
20.8446 0.0025 0.0025
20.8609 0.0025 0.0025
20.8772 0.0025 0.0025
20.8935 0.0024 0.0025
20.9099 0.0024 0.0024
20.9262 0.0024 0.0024
20.9425 0.0024 0.0024
20.9588 0.0024 0.0024
20.9751 0.0024 0.0024
20.9914 0.0024 0.0024
21.0077 0.0024 0.0024
21.0240 0.0023 0.0023
21.0403 0.0023 0.0023
21.0566 0.0023 0.0023
21.0730 0.0023 0.0023
21.0893 0.0023 0.0023
21.1056 0.0023 0.0023
21.1219 0.0023 0.0023
21.1382 0.0022 0.0023
21.1545 0.0022 0.0023
21.1708 0.0022 0.0022
21.1871 0.0022 0.0022
21.2034 0.0022 0.0022
21.2197 0.0022 0.0022
21.2361 0.0022 0.0022
21.2524 0.0022 0.0022
21.2687 0.0021 0.0022
21.2850 0.0021 0.0022
21.3013 0.0021 0.0022
21.3176 0.0021 0.0021
21.3339 0.0021 0.0021
21.3502 0.0021 0.0021
21.3665 0.0021 0.0021
21.3829 0.0021 0.0021
21.3992 0.0020 0.0021
21.4155 0.0020 0.0021
21.4318 0.0020 0.0020
21.4481 0.0020 0.0020
21.4644 0.0020 0.0020
21.4807 0.0020 0.0020
21.4970 0.0020 0.0020
21.5133 0.0020 0.0020
21.5296 0.0020 0.0020
21.5460 0.0019 0.0019
21.5623 0.0019 0.0019
21.5786 0.0019 0.0019
21.5949 0.0019 0.0019
21.6112 0.0019 0.0019
21.6275 0.0019 0.0019
21.6438 0.0019 0.0019
21.6601 0.0019 0.0019
21.6764 0.0019 0.0018
21.6927 0.0019 0.0018
21.7091 0.0019 0.0018
21.7254 0.0018 0.0018
21.7417 0.0018 0.0018
21.7580 0.0018 0.0018
21.7743 0.0018 0.0018
21.7906 0.0018 0.0018
21.8069 0.0018 0.0018
21.8232 0.0018 0.0018
21.8395 0.0018 0.0018
21.8559 0.0018 0.0018
21.8722 0.0018 0.0017
21.8885 0.0018 0.0017
21.9048 0.0018 0.0017
21.9211 0.0018 0.0017
21.9374 0.0017 0.0017
21.9537 0.0017 0.0017
21.9700 0.0017 0.0017
21.9863 0.0017 0.0017
22.0026 0.0017 0.0017
22.0190 0.0017 0.0017
22.0353 0.0017 0.0017
22.0516 0.0017 0.0017
22.0679 0.0017 0.0016
22.0842 0.0017 0.0016
22.1005 0.0017 0.0016
22.1168 0.0017 0.0016
22.1331 0.0017 0.0016
22.1494 0.0017 0.0016
22.1657 0.0017 0.0016
22.1821 0.0017 0.0016
22.1984 0.0016 0.0016
22.2147 0.0016 0.0016
22.2310 0.0016 0.0016
22.2473 0.0016 0.0016
22.2636 0.0016 0.0016
22.2799 0.0016 0.0016
22.2962 0.0016 0.0016
22.3125 0.0016 0.0015
22.3288 0.0016 0.0015
22.3452 0.0016 0.0015
22.3615 0.0016 0.0015
22.3778 0.0016 0.0015
22.3941 0.0016 0.0015
22.4104 0.0016 0.0015
22.4267 0.0016 0.0015
22.4430 0.0016 0.0015
22.4593 0.0016 0.0015
22.4756 0.0016 0.0015
22.4920 0.0016 0.0015
22.5083 0.0015 0.0015
22.5246 0.0015 0.0015
22.5409 0.0015 0.0015
22.5572 0.0015 0.0015
22.5735 0.0015 0.0015
22.5898 0.0015 0.0015
22.6061 0.0015 0.0015
22.6224 0.0015 0.0015
22.6387 0.0015 0.0015
22.6551 0.0015 0.0014
22.6714 0.0015 0.0014
22.6877 0.0015 0.0014
22.7040 0.0015 0.0014
22.7203 0.0015 0.0014
22.7366 0.0015 0.0014
22.7529 0.0015 0.0014
22.7692 0.0015 0.0014
22.7855 0.0015 0.0014
22.8018 0.0015 0.0014
22.8182 0.0015 0.0014
22.8345 0.0014 0.0014
22.8508 0.0014 0.0014
22.8671 0.0014 0.0014
22.8834 0.0014 0.0014
22.8997 0.0014 0.0014
22.9160 0.0014 0.0014
22.9323 0.0014 0.0014
22.9486 0.0014 0.0014
22.9650 0.0014 0.0014
22.9813 0.0014 0.0013
22.9976 0.0014 0.0013
23.0139 0.0014 0.0013
23.0302 0.0014 0.0013
23.0465 0.0014 0.0013
23.0628 0.0014 0.0013
23.0791 0.0014 0.0013
23.0954 0.0014 0.0013
23.1117 0.0014 0.0013
23.1281 0.0014 0.0013
23.1444 0.0014 0.0013
23.1607 0.0014 0.0013
23.1770 0.0014 0.0013
23.1933 0.0014 0.0013
23.2096 0.0014 0.0013
23.2259 0.0014 0.0013
23.2422 0.0014 0.0013
23.2585 0.0014 0.0013
23.2748 0.0014 0.0013
23.2912 0.0014 0.0013
23.3075 0.0014 0.0013
23.3238 0.0014 0.0013
23.3401 0.0013 0.0013
23.3564 0.0013 0.0013
23.3727 0.0013 0.0013
23.3890 0.0013 0.0013
23.4053 0.0013 0.0013
23.4216 0.0013 0.0013
23.4380 0.0013 0.0013
23.4543 0.0013 0.0013
23.4706 0.0013 0.0012
23.4869 0.0013 0.0012
23.5032 0.0013 0.0012
23.5195 0.0013 0.0012
23.5358 0.0013 0.0012
23.5521 0.0013 0.0012
23.5684 0.0013 0.0012
23.5847 0.0013 0.0012
23.6011 0.0013 0.0012
23.6174 0.0013 0.0012
23.6337 0.0013 0.0012
23.6500 0.0012 0.0012
23.6663 0.0012 0.0012
23.6826 0.0012 0.0012
23.6989 0.0012 0.0012
23.7152 0.0012 0.0012
23.7315 0.0012 0.0012
23.7478 0.0012 0.0012
23.7642 0.0012 0.0012
23.7805 0.0012 0.0012
23.7968 0.0012 0.0012
23.8131 0.0012 0.0011
23.8294 0.0012 0.0011
23.8457 0.0012 0.0011
23.8620 0.0011 0.0011
23.8783 0.0011 0.0011
23.8946 0.0011 0.0011
23.9110 0.0011 0.0011
23.9273 0.0011 0.0011
23.9436 0.0011 0.0011
23.9599 0.0011 0.0011
23.9762 0.0011 0.0011
23.9925 0.0011 0.0011
24.0088 0.0011 0.0011
24.0251 0.0011 0.0011
24.0414 0.0011 0.0011
24.0577 0.0011 0.0010
24.0741 0.0010 0.0010
24.0904 0.0010 0.0010
24.1067 0.0010 0.0010
24.1230 0.0010 0.0010
24.1393 0.0010 0.0010
24.1556 0.0010 0.0010
24.1719 0.0010 0.0010
24.1882 0.0010 0.0010
24.2045 0.0010 0.0010
24.2208 0.0010 0.0010
24.2372 0.0010 0.0010
24.2535 0.0010 0.0010
24.2698 0.0010 0.0010
24.2861 0.0009 0.0010
24.3024 0.0009 0.0009
24.3187 0.0009 0.0009
24.3350 0.0009 0.0009
24.3513 0.0009 0.0009
24.3676 0.0009 0.0009
24.3840 0.0009 0.0009
24.4003 0.0009 0.0009
24.4166 0.0009 0.0009
24.4329 0.0009 0.0009
24.4492 0.0009 0.0009
24.4655 0.0009 0.0009
24.4818 0.0009 0.0009
24.4981 0.0009 0.0009
24.5144 0.0009 0.0009
24.5307 0.0009 0.0009
24.5471 0.0009 0.0009
24.5634 0.0009 0.0009
24.5797 0.0008 0.0009
24.5960 0.0008 0.0008
24.6123 0.0008 0.0008
24.6286 0.0008 0.0008
24.6449 0.0008 0.0008
24.6612 0.0008 0.0008
24.6775 0.0008 0.0008
24.6938 0.0008 0.0008
24.7102 0.0008 0.0008
24.7265 0.0008 0.0008
24.7428 0.0008 0.0008
24.7591 0.0008 0.0008
24.7754 0.0008 0.0008
24.7917 0.0008 0.0008
24.8080 0.0008 0.0008
24.8243 0.0008 0.0008
24.8406 0.0008 0.0008
24.8570 0.0008 0.0008
24.8733 0.0008 0.0008
24.8896 0.0008 0.0008
24.9059 0.0008 0.0008
24.9222 0.0008 0.0007
24.9385 0.0008 0.0007
24.9548 0.0008 0.0007
24.9711 0.0008 0.0007
24.9874 0.0007 0.0007
25.0037 0.0007 0.0007
25.0201 0.0007 0.0007
25.0364 0.0007 0.0007
25.0527 0.0007 0.0007
25.0690 0.0007 0.0007
25.0853 0.0007 0.0007
25.1016 0.0007 0.0007
25.1179 0.0007 0.0007
25.1342 0.0007 0.0007
25.1505 0.0007 0.0007
25.1668 0.0007 0.0007
25.1832 0.0007 0.0007
25.1995 0.0007 0.0007
25.2158 0.0007 0.0007
25.2321 0.0007 0.0007
25.2484 0.0007 0.0007
25.2647 0.0007 0.0007
25.2810 0.0007 0.0007
25.2973 0.0007 0.0007
25.3136 0.0007 0.0006
25.3300 0.0007 0.0006
25.3463 0.0007 0.0006
25.3626 0.0007 0.0006
25.3789 0.0007 0.0006
25.3952 0.0007 0.0006
25.4115 0.0007 0.0006
25.4278 0.0006 0.0006
25.4441 0.0006 0.0006
25.4604 0.0006 0.0006
25.4767 0.0006 0.0006
25.4931 0.0006 0.0006
25.5094 0.0006 0.0006
25.5257 0.0006 0.0006
25.5420 0.0006 0.0006
25.5583 0.0006 0.0006
25.5746 0.0006 0.0006
25.5909 0.0006 0.0006
25.6072 0.0006 0.0006
25.6235 0.0006 0.0006
25.6398 0.0006 0.0006
25.6562 0.0006 0.0006
25.6725 0.0006 0.0006
25.6888 0.0006 0.0006
25.7051 0.0006 0.0006
25.7214 0.0006 0.0006
25.7377 0.0006 0.0006
25.7540 0.0006 0.0006
25.7703 0.0006 0.0006
25.7866 0.0006 0.0006
25.8030 0.0006 0.0005
25.8193 0.0006 0.0005
25.8356 0.0006 0.0005
25.8519 0.0006 0.0005
25.8682 0.0005 0.0005
25.8845 0.0005 0.0005
25.9008 0.0005 0.0005
25.9171 0.0005 0.0005
25.9334 0.0005 0.0005
25.9497 0.0005 0.0005
25.9661 0.0005 0.0005
25.9824 0.0005 0.0005
25.9987 0.0005 0.0005
26.0150 0.0005 0.0005
26.0313 0.0005 0.0005
26.0476 0.0005 0.0005
26.0639 0.0005 0.0005
26.0802 0.0005 0.0005
26.0965 0.0005 0.0005
26.1128 0.0005 0.0005
26.1292 0.0005 0.0005
26.1455 0.0005 0.0005
26.1618 0.0005 0.0005
26.1781 0.0005 0.0005
26.1944 0.0005 0.0005
26.2107 0.0005 0.0005
26.2270 0.0005 0.0005
26.2433 0.0005 0.0005
26.2596 0.0005 0.0005
26.2760 0.0005 0.0005
26.2923 0.0005 0.0005
26.3086 0.0005 0.0005
26.3249 0.0005 0.0005
26.3412 0.0005 0.0005
26.3575 0.0005 0.0005
26.3738 0.0005 0.0005
26.3901 0.0005 0.0005
26.4064 0.0005 0.0005
26.4227 0.0005 0.0005
26.4391 0.0005 0.0005
26.4554 0.0005 0.0005
26.4717 0.0005 0.0005
26.4880 0.0005 0.0005
26.5043 0.0005 0.0004
26.5206 0.0005 0.0004
26.5369 0.0005 0.0004
26.5532 0.0005 0.0004
26.5695 0.0005 0.0004
26.5858 0.0005 0.0004
26.6022 0.0005 0.0004
26.6185 0.0004 0.0004
26.6348 0.0004 0.0004
26.6511 0.0004 0.0004
26.6674 0.0004 0.0004
26.6837 0.0004 0.0004
26.7000 0.0004 0.0004
26.7163 0.0004 0.0004
26.7326 0.0004 0.0004
26.7490 0.0004 0.0004
26.7653 0.0004 0.0004
26.7816 0.0004 0.0004
26.7979 0.0004 0.0004
26.8142 0.0004 0.0004
26.8305 0.0004 0.0004
26.8468 0.0004 0.0004
26.8631 0.0004 0.0004
26.8794 0.0004 0.0004
26.8957 0.0004 0.0004
26.9121 0.0004 0.0004
26.9284 0.0004 0.0004
26.9447 0.0004 0.0004
26.9610 0.0004 0.0004
26.9773 0.0004 0.0004
26.9936 0.0004 0.0004
27.0099 0.0004 0.0004
27.0262 0.0004 0.0004
27.0425 0.0004 0.0004
27.0588 0.0004 0.0004
27.0752 0.0004 0.0004
27.0915 0.0004 0.0004
27.1078 0.0004 0.0004
27.1241 0.0004 0.0004
27.1404 0.0004 0.0004
27.1567 0.0004 0.0004
27.1730 0.0004 0.0004
27.1893 0.0004 0.0004
27.2056 0.0004 0.0004
27.2220 0.0004 0.0004
27.2383 0.0004 0.0004
27.2546 0.0004 0.0004
27.2709 0.0004 0.0004
27.2872 0.0004 0.0004
27.3035 0.0004 0.0004
27.3198 0.0004 0.0004
27.3361 0.0004 0.0004
27.3524 0.0004 0.0004
27.3687 0.0004 0.0004
27.3851 0.0004 0.0004
27.4014 0.0004 0.0004
27.4177 0.0004 0.0004
27.4340 0.0004 0.0004
27.4503 0.0004 0.0004
27.4666 0.0004 0.0004
27.4829 0.0004 0.0004
27.4992 0.0004 0.0004
27.5155 0.0004 0.0004
27.5318 0.0004 0.0004
27.5482 0.0004 0.0004
27.5645 0.0004 0.0004
27.5808 0.0004 0.0004
27.5971 0.0004 0.0004
27.6134 0.0004 0.0004
27.6297 0.0004 0.0004
27.6460 0.0004 0.0004
27.6623 0.0004 0.0004
27.6786 0.0004 0.0004
27.6950 0.0004 0.0004
27.7113 0.0004 0.0004
27.7276 0.0004 0.0004
27.7439 0.0004 0.0004
27.7602 0.0004 0.0004
27.7765 0.0004 0.0004
27.7928 0.0004 0.0004
27.8091 0.0004 0.0004
27.8254 0.0004 0.0004
27.8417 0.0004 0.0004
27.8581 0.0004 0.0004
27.8744 0.0004 0.0004
27.8907 0.0004 0.0004
27.9070 0.0004 0.0003
27.9233 0.0004 0.0003
27.9396 0.0004 0.0003
27.9559 0.0004 0.0003
27.9722 0.0004 0.0003
27.9885 0.0004 0.0003
28.0048 0.0004 0.0003
28.0212 0.0004 0.0003
28.0375 0.0004 0.0003
28.0538 0.0004 0.0003
28.0701 0.0003 0.0003
28.0864 0.0003 0.0003
28.1027 0.0003 0.0003
28.1190 0.0003 0.0003
28.1353 0.0003 0.0003
28.1516 0.0003 0.0003
28.1680 0.0003 0.0003
28.1843 0.0003 0.0003
28.2006 0.0003 0.0003
28.2169 0.0003 0.0003
28.2332 0.0003 0.0003
28.2495 0.0003 0.0003
28.2658 0.0003 0.0003
28.2821 0.0003 0.0003
28.2984 0.0003 0.0003
28.3147 0.0003 0.0003
28.3311 0.0003 0.0003
28.3474 0.0003 0.0003
28.3637 0.0003 0.0003
28.3800 0.0003 0.0003
28.3963 0.0003 0.0003
28.4126 0.0003 0.0003
28.4289 0.0003 0.0003
28.4452 0.0003 0.0003
28.4615 0.0003 0.0003
28.4778 0.0003 0.0003
28.4942 0.0003 0.0003
28.5105 0.0003 0.0003
28.5268 0.0003 0.0003
28.5431 0.0003 0.0003
28.5594 0.0003 0.0003
28.5757 0.0003 0.0003
28.5920 0.0003 0.0003
28.6083 0.0003 0.0003
28.6246 0.0003 0.0003
28.6409 0.0003 0.0003
28.6573 0.0003 0.0003
28.6736 0.0003 0.0003
28.6899 0.0003 0.0003
28.7062 0.0003 0.0003
28.7225 0.0003 0.0003
28.7388 0.0003 0.0003
28.7551 0.0003 0.0003
28.7714 0.0003 0.0003
28.7877 0.0003 0.0003
28.8041 0.0003 0.0003
28.8204 0.0003 0.0003
28.8367 0.0003 0.0003
28.8530 0.0003 0.0003
28.8693 0.0003 0.0003
28.8856 0.0003 0.0003
28.9019 0.0003 0.0003
28.9182 0.0003 0.0003
28.9345 0.0003 0.0003
28.9508 0.0003 0.0003
28.9672 0.0003 0.0003
28.9835 0.0003 0.0003
28.9998 0.0003 0.0003
29.0161 0.0003 0.0003
29.0324 0.0003 0.0003
29.0487 0.0003 0.0003
29.0650 0.0003 0.0003
29.0813 0.0003 0.0003
29.0976 0.0003 0.0003
29.1139 0.0003 0.0003
29.1303 0.0003 0.0003
29.1466 0.0003 0.0003
29.1629 0.0003 0.0003
29.1792 0.0003 0.0003
29.1955 0.0003 0.0003
29.2118 0.0003 0.0003
29.2281 0.0003 0.0003
29.2444 0.0003 0.0003
29.2607 0.0003 0.0003
29.2771 0.0003 0.0003
29.2934 0.0003 0.0003
29.3097 0.0003 0.0003
29.3260 0.0003 0.0003
29.3423 0.0003 0.0003
29.3586 0.0003 0.0003
29.3749 0.0003 0.0003
29.3912 0.0003 0.0003
29.4075 0.0003 0.0003
29.4238 0.0003 0.0003
29.4402 0.0003 0.0003
29.4565 0.0003 0.0003
29.4728 0.0003 0.0003
29.4891 0.0003 0.0003
29.5054 0.0003 0.0003
29.5217 0.0003 0.0003
29.5380 0.0003 0.0003
29.5543 0.0003 0.0003
29.5706 0.0003 0.0003
29.5869 0.0003 0.0003
29.6033 0.0003 0.0003
29.6196 0.0003 0.0003
29.6359 0.0003 0.0003
29.6522 0.0003 0.0003
29.6685 0.0003 0.0003
29.6848 0.0003 0.0003
29.7011 0.0003 0.0003
29.7174 0.0003 0.0003
29.7337 0.0003 0.0003
29.7501 0.0003 0.0003
29.7664 0.0003 0.0003
29.7827 0.0003 0.0003
29.7990 0.0003 0.0003
29.8153 0.0003 0.0003
29.8316 0.0003 0.0003
29.8479 0.0003 0.0003
29.8642 0.0003 0.0003
29.8805 0.0003 0.0003
29.8968 0.0003 0.0003
29.9132 0.0003 0.0003
29.9295 0.0003 0.0003
29.9458 0.0003 0.0003
29.9621 0.0003 0.0003
29.9784 0.0003 0.0003
29.9947 0.0003 0.0003
30.0110 0.0003 0.0003
30.0273 0.0003 0.0003
30.0436 0.0003 0.0003
30.0599 0.0003 0.0003
30.0763 0.0003 0.0003
30.0926 0.0003 0.0003
30.1089 0.0003 0.0003
30.1252 0.0003 0.0003
30.1415 0.0003 0.0003
30.1578 0.0003 0.0003
30.1741 0.0003 0.0003
30.1904 0.0003 0.0003
30.2067 0.0003 0.0003
30.2231 0.0003 0.0003
30.2394 0.0003 0.0003
30.2557 0.0003 0.0003
30.2720 0.0003 0.0003
30.2883 0.0003 0.0003
30.3046 0.0003 0.0003
30.3209 0.0003 0.0003
30.3372 0.0003 0.0003
30.3535 0.0003 0.0003
30.3698 0.0003 0.0003
30.3862 0.0003 0.0003
30.4025 0.0003 0.0003
30.4188 0.0003 0.0003
30.4351 0.0003 0.0003
30.4514 0.0003 0.0003
30.4677 0.0003 0.0003
30.4840 0.0003 0.0003
30.5003 0.0003 0.0003
30.5166 0.0003 0.0003
30.5329 0.0003 0.0003
30.5493 0.0003 0.0003
30.5656 0.0003 0.0003
30.5819 0.0003 0.0003
30.5982 0.0003 0.0003
30.6145 0.0003 0.0003
30.6308 0.0003 0.0003
30.6471 0.0003 0.0003
30.6634 0.0003 0.0003
30.6797 0.0003 0.0002
30.6961 0.0003 0.0002
30.7124 0.0003 0.0002
30.7287 0.0003 0.0002
30.7450 0.0003 0.0002
30.7613 0.0003 0.0002
30.7776 0.0003 0.0002
30.7939 0.0003 0.0002
30.8102 0.0003 0.0002
30.8265 0.0003 0.0002
30.8428 0.0003 0.0002
30.8592 0.0003 0.0002
30.8755 0.0003 0.0002
30.8918 0.0002 0.0002
30.9081 0.0002 0.0002
30.9244 0.0002 0.0002
30.9407 0.0002 0.0002
30.9570 0.0002 0.0002
30.9733 0.0002 0.0002
30.9896 0.0002 0.0002
31.0059 0.0002 0.0002
31.0223 0.0002 0.0002
31.0386 0.0002 0.0002
31.0549 0.0002 0.0002
31.0712 0.0002 0.0002
31.0875 0.0002 0.0002
31.1038 0.0002 0.0002
31.1201 0.0002 0.0002
31.1364 0.0002 0.0002
31.1527 0.0002 0.0002
31.1691 0.0002 0.0002
31.1854 0.0002 0.0002
31.2017 0.0002 0.0002
31.2180 0.0002 0.0002
31.2343 0.0002 0.0002
31.2506 0.0002 0.0002
31.2669 0.0002 0.0002
31.2832 0.0002 0.0002
31.2995 0.0002 0.0002
31.3158 0.0002 0.0002
31.3322 0.0002 0.0002
31.3485 0.0002 0.0002
31.3648 0.0002 0.0002
31.3811 0.0002 0.0002
31.3974 0.0002 0.0002
31.4137 0.0002 0.0002
31.4300 0.0002 0.0002
31.4463 0.0002 0.0002
31.4626 0.0002 0.0002
31.4789 0.0002 0.0002
31.4953 0.0002 0.0002
31.5116 0.0002 0.0002
31.5279 0.0002 0.0002
31.5442 0.0002 0.0002
31.5605 0.0002 0.0002
31.5768 0.0002 0.0002
31.5931 0.0002 0.0002
31.6094 0.0002 0.0002
31.6257 0.0002 0.0002
31.6421 0.0002 0.0002
31.6584 0.0002 0.0002
31.6747 0.0002 0.0002
31.6910 0.0002 0.0002
31.7073 0.0002 0.0002
31.7236 0.0002 0.0002
31.7399 0.0002 0.0002
31.7562 0.0002 0.0002
31.7725 0.0002 0.0002
31.7888 0.0002 0.0002
31.8052 0.0002 0.0002
31.8215 0.0002 0.0002
31.8378 0.0002 0.0002
31.8541 0.0002 0.0002
31.8704 0.0002 0.0002
31.8867 0.0002 0.0002
31.9030 0.0002 0.0002
31.9193 0.0002 0.0002
31.9356 0.0002 0.0002
31.9519 0.0002 0.0002
31.9683 0.0002 0.0002
31.9846 0.0002 0.0002
32.0009 0.0002 0.0002
32.0172 0.0002 0.0002
32.0335 0.0002 0.0002
32.0498 0.0002 0.0002
32.0661 0.0002 0.0002
32.0824 0.0002 0.0002
32.0987 0.0002 0.0002
32.1151 0.0002 0.0002
32.1314 0.0002 0.0002
32.1477 0.0002 0.0002
32.1640 0.0002 0.0002
32.1803 0.0002 0.0002
32.1966 0.0002 0.0002
32.2129 0.0002 0.0002
32.2292 0.0002 0.0002
32.2455 0.0002 0.0002
32.2618 0.0002 0.0002
32.2782 0.0002 0.0002
32.2945 0.0002 0.0002
32.3108 0.0002 0.0002
32.3271 0.0002 0.0002
32.3434 0.0002 0.0002
32.3597 0.0002 0.0002
32.3760 0.0002 0.0002
32.3923 0.0002 0.0002
32.4086 0.0002 0.0002
32.4249 0.0002 0.0002
32.4413 0.0002 0.0002
32.4576 0.0002 0.0002
32.4739 0.0002 0.0002
32.4902 0.0002 0.0002
32.5065 0.0002 0.0002
32.5228 0.0002 0.0002
32.5391 0.0002 0.0002
32.5554 0.0002 0.0002
32.5717 0.0002 0.0002
32.5881 0.0002 0.0002
32.6044 0.0002 0.0002
  
  
  
  
  
dim="1">gridpoints</dimension>  
  
  
  
  
  
  
  
  
0.0000 259.3200 277.4049
0.0163 259.3200 277.4049
0.0326 129.6288 138.7880
0.0489 86.3846 92.6205
0.0652 64.7524 69.5655
0.0816 51.7650 55.7555
0.0979 43.1002 46.5681
0.1142 36.9057 40.0222
0.1305 32.2554 35.1271
0.1468 28.6346 31.3323
0.1631 25.7348 28.3074
0.1794 23.3596 25.8420
0.1957 21.3782 23.7957
0.2120 19.6999 22.0711
0.2283 18.2601 20.5985
0.2447 17.0115 19.3266
0.2610 15.9185 18.2167
0.2773 14.9541 17.2392
0.2936 14.0970 16.3709
0.3099 13.3308 15.5933
0.3262 12.6421 14.8916
0.3425 12.0200 14.2538
0.3588 11.4558 13.6701
0.3751 10.9420 13.1322
0.3914 10.4725 12.6335
0.4078 10.0422 12.1683
0.4241 9.6464 11.7321
0.4404 9.2814 11.3210
0.4567 8.9438 10.9318
0.4730 8.6307 10.5619
0.4893 8.3395 10.2094
0.5056 8.0679 9.8724
0.5219 7.8140 9.5497
0.5382 7.5759 9.2403
0.5546 7.3522 8.9434
0.5709 7.1415 8.6584
0.5872 6.9427 8.3848
0.6035 6.7547 8.1224
0.6198 6.5766 7.8709
0.6361 6.4078 7.6301
0.6524 6.2474 7.3998
0.6687 6.0951 7.1800
0.6850 5.9501 6.9703
0.7013 5.8121 6.7705
0.7177 5.6807 6.5803
0.7340 5.5553 6.3995
0.7503 5.4356 6.2276
0.7666 5.3212 6.0642
0.7829 5.2116 5.9088
0.7992 5.1066 5.7609
0.8155 5.0056 5.6200
0.8318 4.9083 5.4854
0.8481 4.8143 5.3568
0.8644 4.7234 5.2334
0.8808 4.6353 5.1149
0.8971 4.5496 5.0008
0.9134 4.4663 4.8908
0.9297 4.3852 4.7844
0.9460 4.3063 4.6816
0.9623 4.2294 4.5820
0.9786 4.1546 4.4857
0.9949 4.0819 4.3925
1.0112 4.0115 4.3026
1.0276 3.9434 4.2159
1.0439 3.8776 4.1326
1.0602 3.8143 4.0528
1.0765 3.7536 3.9766
1.0928 3.6954 3.9041
1.1091 3.6400 3.8353
1.1254 3.5871 3.7702
1.1417 3.5369 3.7088
1.1580 3.4893 3.6509
1.1743 3.4443 3.5965
1.1907 3.4017 3.5452
1.2070 3.3616 3.4967
1.2233 3.3237 3.4509
1.2396 3.2880 3.4072
1.2559 3.2544 3.3654
1.2722 3.2229 3.3251
1.2885 3.1932 3.2859
1.3048 3.1652 3.2475
1.3211 3.1390 3.2096
1.3374 3.1143 3.1721
1.3538 3.0910 3.1347
1.3701 3.0690 3.0973
1.3864 3.0482 3.0600
1.4027 3.0285 3.0226
1.4190 3.0096 2.9854
1.4353 2.9915 2.9484
1.4516 2.9741 2.9117
1.4679 2.9572 2.8755
1.4842 2.9406 2.8399
1.5006 2.9243 2.8052
1.5169 2.9082 2.7715
1.5332 2.8921 2.7389
1.5495 2.8761 2.7076
1.5658 2.8600 2.6775
1.5821 2.8438 2.6488
1.5984 2.8275 2.6214
1.6147 2.8110 2.5954
1.6310 2.7944 2.5706
1.6473 2.7777 2.5470
1.6637 2.7608 2.5245
1.6800 2.7437 2.5030
1.6963 2.7265 2.4824
1.7126 2.7091 2.4626
1.7289 2.6916 2.4434
1.7452 2.6739 2.4248
1.7615 2.6561 2.4066
1.7778 2.6380 2.3888
1.7941 2.6198 2.3713
1.8104 2.6013 2.3540
1.8268 2.5827 2.3367
1.8431 2.5638 2.3196
1.8594 2.5447 2.3023
1.8757 2.5254 2.2850
1.8920 2.5058 2.2676
1.9083 2.4859 2.2498
1.9246 2.4658 2.2319
1.9409 2.4453 2.2135
1.9572 2.4246 2.1948
1.9736 2.4035 2.1757
1.9899 2.3820 2.1561
2.0062 2.3601 2.1361
2.0225 2.3378 2.1157
2.0388 2.3151 2.0949
2.0551 2.2918 2.0737
2.0714 2.2681 2.0523
2.0877 2.2440 2.0307
2.1040 2.2193 2.0090
2.1203 2.1942 1.9873
2.1367 2.1687 1.9658
2.1530 2.1429 1.9445
2.1693 2.1167 1.9235
2.1856 2.0904 1.9030
2.2019 2.0639 1.8829
2.2182 2.0374 1.8635
2.2345 2.0108 1.8446
2.2508 1.9844 1.8264
2.2671 1.9582 1.8088
2.2834 1.9323 1.7918
2.2998 1.9067 1.7754
2.3161 1.8815 1.7596
2.3324 1.8567 1.7442
2.3487 1.8325 1.7293
2.3650 1.8087 1.7148
2.3813 1.7856 1.7005
2.3976 1.7630 1.6864
2.4139 1.7410 1.6725
2.4302 1.7196 1.6586
2.4466 1.6989 1.6448
2.4629 1.6788 1.6309
2.4792 1.6594 1.6170
2.4955 1.6406 1.6030
2.5118 1.6225 1.5889
2.5281 1.6051 1.5747
2.5444 1.5884 1.5605
2.5607 1.5723 1.5461
2.5770 1.5569 1.5317
2.5933 1.5421 1.5172
2.6097 1.5279 1.5028
2.6260 1.5143 1.4885
2.6423 1.5013 1.4743
2.6586 1.4887 1.4603
2.6749 1.4766 1.4465
2.6912 1.4648 1.4331
2.7075 1.4533 1.4200
2.7238 1.4421 1.4074
2.7401 1.4311 1.3952
2.7564 1.4202 1.3835
2.7728 1.4094 1.3724
2.7891 1.3986 1.3618
2.8054 1.3879 1.3518
2.8217 1.3771 1.3422
2.8380 1.3662 1.3333
2.8543 1.3554 1.3247
2.8706 1.3444 1.3167
2.8869 1.3334 1.3090
2.9032 1.3224 1.3017
2.9196 1.3113 1.2946
2.9359 1.3002 1.2878
2.9522 1.2892 1.2811
2.9685 1.2782 1.2745
2.9848 1.2673 1.2679
3.0011 1.2566 1.2612
3.0174 1.2459 1.2545
3.0337 1.2355 1.2476
3.0500 1.2252 1.2405
3.0663 1.2151 1.2332
3.0827 1.2053 1.2257
3.0990 1.1956 1.2178
3.1153 1.1862 1.2097
3.1316 1.1769 1.2012
3.1479 1.1678 1.1925
3.1642 1.1589 1.1834
3.1805 1.1501 1.1741
3.1968 1.1414 1.1645
3.2131 1.1328 1.1547
3.2294 1.1243 1.1448
3.2458 1.1159 1.1347
3.2621 1.1074 1.1246
3.2784 1.0990 1.1144
3.2947 1.0907 1.1043
3.3110 1.0823 1.0943
3.3273 1.0740 1.0845
3.3436 1.0657 1.0748
3.3599 1.0575 1.0653
3.3762 1.0494 1.0561
3.3925 1.0414 1.0471
3.4089 1.0335 1.0384
3.4252 1.0257 1.0300
3.4415 1.0181 1.0218
3.4578 1.0107 1.0138
3.4741 1.0035 1.0061
3.4904 0.9966 0.9985
3.5067 0.9899 0.9911
3.5230 0.9834 0.9837
3.5393 0.9771 0.9764
3.5557 0.9711 0.9692
3.5720 0.9652 0.9620
3.5883 0.9596 0.9549
3.6046 0.9541 0.9477
3.6209 0.9487 0.9405
3.6372 0.9435 0.9333
3.6535 0.9383 0.9261
3.6698 0.9333 0.9189
3.6861 0.9282 0.9118
3.7024 0.9232 0.9047
3.7188 0.9182 0.8977
3.7351 0.9133 0.8909
3.7514 0.9084 0.8842
3.7677 0.9035 0.8777
3.7840 0.8986 0.8714
3.8003 0.8939 0.8653
3.8166 0.8893 0.8595
3.8329 0.8849 0.8540
3.8492 0.8807 0.8487
3.8655 0.8767 0.8436
3.8819 0.8730 0.8388
3.8982 0.8696 0.8342
3.9145 0.8665 0.8299
3.9308 0.8637 0.8257
3.9471 0.8613 0.8216
3.9634 0.8591 0.8176
3.9797 0.8572 0.8137
3.9960 0.8555 0.8098
4.0123 0.8541 0.8059
4.0287 0.8528 0.8020
4.0450 0.8516 0.7980
4.0613 0.8504 0.7940
4.0776 0.8491 0.7898
4.0939 0.8479 0.7856
4.1102 0.8464 0.7812
4.1265 0.8448 0.7767
4.1428 0.8430 0.7722
4.1591 0.8409 0.7676
4.1754 0.8386 0.7630
4.1918 0.8360 0.7583
4.2081 0.8331 0.7536
4.2244 0.8300 0.7490
4.2407 0.8265 0.7445
4.2570 0.8229 0.7401
4.2733 0.8189 0.7358
4.2896 0.8148 0.7316
4.3059 0.8104 0.7276
4.3222 0.8059 0.7238
4.3385 0.8012 0.7202
4.3549 0.7964 0.7167
4.3712 0.7914 0.7134
4.3875 0.7862 0.7102
4.4038 0.7810 0.7072
4.4201 0.7756 0.7042
4.4364 0.7702 0.7012
4.4527 0.7647 0.6983
4.4690 0.7590 0.6953
4.4853 0.7534 0.6922
4.5017 0.7476 0.6891
4.5180 0.7418 0.6858
4.5343 0.7360 0.6823
4.5506 0.7302 0.6787
4.5669 0.7244 0.6750
4.5832 0.7186 0.6710
4.5995 0.7129 0.6670
4.6158 0.7073 0.6628
4.6321 0.7017 0.6585
4.6484 0.6962 0.6542
4.6648 0.6908 0.6498
4.6811 0.6855 0.6455
4.6974 0.6803 0.6412
4.7137 0.6752 0.6369
4.7300 0.6702 0.6327
4.7463 0.6653 0.6287
4.7626 0.6605 0.6248
4.7789 0.6558 0.6210
4.7952 0.6512 0.6173
4.8115 0.6466 0.6137
4.8279 0.6422 0.6103
4.8442 0.6378 0.6070
4.8605 0.6334 0.6037
4.8768 0.6292 0.6006
4.8931 0.6249 0.5974
4.9094 0.6207 0.5943
4.9257 0.6166 0.5911
4.9420 0.6125 0.5880
4.9583 0.6084 0.5847
4.9747 0.6043 0.5814
4.9910 0.6003 0.5781
5.0073 0.5962 0.5746
5.0236 0.5922 0.5710
5.0399 0.5882 0.5673
5.0562 0.5842 0.5635
5.0725 0.5802 0.5596
5.0888 0.5762 0.5555
5.1051 0.5723 0.5514
5.1214 0.5683 0.5472
5.1378 0.5643 0.5429
5.1541 0.5604 0.5386
5.1704 0.5565 0.5342
5.1867 0.5527 0.5299
5.2030 0.5488 0.5256
5.2193 0.5451 0.5213
5.2356 0.5414 0.5172
5.2519 0.5378 0.5131
5.2682 0.5343 0.5092
5.2845 0.5309 0.5054
5.3009 0.5276 0.5019
5.3172 0.5245 0.4985
5.3335 0.5215 0.4953
5.3498 0.5186 0.4924
5.3661 0.5159 0.4897
5.3824 0.5134 0.4872
5.3987 0.5110 0.4850
5.4150 0.5087 0.4830
5.4313 0.5067 0.4813
5.4477 0.5048 0.4797
5.4640 0.5030 0.4784
5.4803 0.5014 0.4772
5.4966 0.4999 0.4763
5.5129 0.4985 0.4755
5.5292 0.4973 0.4749
5.5455 0.4962 0.4745
5.5618 0.4951 0.4742
5.5781 0.4941 0.4740
5.5944 0.4932 0.4739
5.6108 0.4923 0.4739
5.6271 0.4915 0.4740
5.6434 0.4907 0.4741
5.6597 0.4900 0.4743
5.6760 0.4892 0.4746
5.6923 0.4885 0.4749
5.7086 0.4878 0.4752
5.7249 0.4872 0.4755
5.7412 0.4865 0.4759
5.7575 0.4858 0.4762
5.7739 0.4852 0.4766
5.7902 0.4846 0.4769
5.8065 0.4840 0.4772
5.8228 0.4833 0.4775
5.8391 0.4827 0.4777
5.8554 0.4820 0.4780
5.8717 0.4813 0.4781
5.8880 0.4806 0.4782
5.9043 0.4798 0.4783
5.9207 0.4790 0.4782
5.9370 0.4781 0.4781
5.9533 0.4771 0.4778
5.9696 0.4759 0.4775
5.9859 0.4747 0.4770
6.0022 0.4734 0.4764
6.0185 0.4720 0.4756
6.0348 0.4705 0.4747
6.0511 0.4689 0.4736
6.0674 0.4672 0.4723
6.0838 0.4654 0.4708
6.1001 0.4636 0.4692
6.1164 0.4617 0.4673
6.1327 0.4597 0.4653
6.1490 0.4578 0.4632
6.1653 0.4558 0.4609
6.1816 0.4538 0.4585
6.1979 0.4518 0.4560
6.2142 0.4499 0.4534
6.2305 0.4480 0.4507
6.2469 0.4461 0.4481
6.2632 0.4443 0.4454
6.2795 0.4426 0.4428
6.2958 0.4409 0.4402
6.3121 0.4393 0.4377
6.3284 0.4377 0.4354
6.3447 0.4362 0.4331
6.3610 0.4349 0.4310
6.3773 0.4336 0.4291
6.3937 0.4323 0.4273
6.4100 0.4312 0.4256
6.4263 0.4301 0.4242
6.4426 0.4292 0.4229
6.4589 0.4283 0.4218
6.4752 0.4275 0.4208
6.4915 0.4268 0.4200
6.5078 0.4261 0.4193
6.5241 0.4256 0.4188
6.5404 0.4250 0.4183
6.5568 0.4246 0.4180
6.5731 0.4242 0.4178
6.5894 0.4239 0.4177
6.6057 0.4235 0.4177
6.6220 0.4233 0.4177
6.6383 0.4230 0.4178
6.6546 0.4228 0.4179
6.6709 0.4227 0.4181
6.6872 0.4225 0.4182
6.7035 0.4224 0.4184
6.7199 0.4222 0.4186
6.7362 0.4221 0.4187
6.7525 0.4220 0.4188
6.7688 0.4219 0.4189
6.7851 0.4218 0.4189
6.8014 0.4216 0.4189
6.8177 0.4215 0.4188
6.8340 0.4214 0.4186
6.8503 0.4212 0.4184
6.8667 0.4210 0.4180
6.8830 0.4208 0.4176
6.8993 0.4205 0.4172
6.9156 0.4202 0.4166
6.9319 0.4199 0.4160
6.9482 0.4195 0.4153
6.9645 0.4191 0.4145
6.9808 0.4186 0.4137
6.9971 0.4181 0.4128
7.0134 0.4176 0.4119
7.0298 0.4170 0.4109
7.0461 0.4164 0.4099
7.0624 0.4158 0.4089
7.0787 0.4151 0.4078
7.0950 0.4145 0.4068
7.1113 0.4138 0.4057
7.1276 0.4131 0.4047
7.1439 0.4124 0.4037
7.1602 0.4118 0.4028
7.1765 0.4111 0.4019
7.1929 0.4103 0.4010
7.2092 0.4096 0.4003
7.2255 0.4089 0.3996
7.2418 0.4081 0.3989
7.2581 0.4074 0.3984
7.2744 0.4066 0.3979
7.2907 0.4058 0.3975
7.3070 0.4050 0.3972
7.3233 0.4041 0.3970
7.3397 0.4032 0.3969
7.3560 0.4024 0.3968
7.3723 0.4015 0.3968
7.3886 0.4005 0.3968
7.4049 0.3996 0.3968
7.4212 0.3986 0.3969
7.4375 0.3977 0.3969
7.4538 0.3967 0.3970
7.4701 0.3958 0.3970
7.4864 0.3949 0.3970
7.5028 0.3939 0.3970
7.5191 0.3930 0.3969
7.5354 0.3921 0.3967
7.5517 0.3913 0.3964
7.5680 0.3904 0.3961
7.5843 0.3896 0.3956
7.6006 0.3888 0.3951
7.6169 0.3880 0.3944
7.6332 0.3873 0.3937
7.6495 0.3866 0.3929
7.6659 0.3859 0.3919
7.6822 0.3852 0.3909
7.6985 0.3845 0.3898
7.7148 0.3838 0.3886
7.7311 0.3832 0.3873
7.7474 0.3825 0.3860
7.7637 0.3817 0.3846
7.7800 0.3810 0.3831
7.7963 0.3802 0.3817
7.8127 0.3794 0.3802
7.8290 0.3786 0.3787
7.8453 0.3777 0.3771
7.8616 0.3768 0.3756
7.8779 0.3758 0.3742
7.8942 0.3748 0.3727
7.9105 0.3738 0.3713
7.9268 0.3727 0.3700
7.9431 0.3716 0.3687
7.9594 0.3705 0.3675
7.9758 0.3693 0.3664
7.9921 0.3682 0.3653
8.0084 0.3670 0.3644
8.0247 0.3659 0.3634
8.0410 0.3647 0.3626
8.0573 0.3636 0.3618
8.0736 0.3625 0.3610
8.0899 0.3614 0.3603
8.1062 0.3604 0.3595
8.1225 0.3594 0.3588
8.1389 0.3584 0.3581
8.1552 0.3575 0.3574
8.1715 0.3566 0.3567
8.1878 0.3558 0.3560
8.2041 0.3550 0.3552
8.2204 0.3543 0.3544
8.2367 0.3536 0.3536
8.2530 0.3529 0.3528
8.2693 0.3523 0.3519
8.2857 0.3517 0.3510
8.3020 0.3511 0.3501
8.3183 0.3505 0.3492
8.3346 0.3500 0.3483
8.3509 0.3495 0.3473
8.3672 0.3490 0.3464
8.3835 0.3484 0.3455
8.3998 0.3479 0.3445
8.4161 0.3474 0.3436
8.4324 0.3469 0.3427
8.4488 0.3464 0.3418
8.4651 0.3459 0.3408
8.4814 0.3454 0.3399
8.4977 0.3449 0.3390
8.5140 0.3444 0.3381
8.5303 0.3439 0.3372
8.5466 0.3435 0.3363
8.5629 0.3430 0.3354
8.5792 0.3426 0.3346
8.5955 0.3422 0.3337
8.6119 0.3418 0.3328
8.6282 0.3414 0.3320
8.6445 0.3411 0.3311
8.6608 0.3408 0.3303
8.6771 0.3406 0.3295
8.6934 0.3403 0.3287
8.7097 0.3401 0.3280
8.7260 0.3399 0.3272
8.7423 0.3398 0.3265
8.7587 0.3397 0.3259
8.7750 0.3396 0.3252
8.7913 0.3395 0.3246
8.8076 0.3395 0.3240
8.8239 0.3395 0.3234
8.8402 0.3394 0.3229
8.8565 0.3395 0.3223
8.8728 0.3395 0.3218
8.8891 0.3395 0.3214
8.9054 0.3395 0.3209
8.9218 0.3396 0.3205
8.9381 0.3396 0.3201
8.9544 0.3396 0.3198
8.9707 0.3396 0.3195
8.9870 0.3396 0.3191
9.0033 0.3395 0.3189
9.0196 0.3394 0.3186
9.0359 0.3393 0.3184
9.0522 0.3391 0.3182
9.0685 0.3389 0.3180
9.0849 0.3387 0.3178
9.1012 0.3384 0.3177
9.1175 0.3380 0.3175
9.1338 0.3376 0.3174
9.1501 0.3371 0.3173
9.1664 0.3366 0.3171
9.1827 0.3360 0.3170
9.1990 0.3354 0.3168
9.2153 0.3348 0.3166
9.2317 0.3341 0.3164
9.2480 0.3335 0.3161
9.2643 0.3328 0.3158
9.2806 0.3321 0.3155
9.2969 0.3314 0.3151
9.3132 0.3307 0.3146
9.3295 0.3301 0.3141
9.3458 0.3294 0.3136
9.3621 0.3288 0.3130
9.3784 0.3283 0.3123
9.3948 0.3277 0.3116
9.4111 0.3272 0.3109
9.4274 0.3267 0.3102
9.4437 0.3263 0.3094
9.4600 0.3258 0.3086
9.4763 0.3254 0.3077
9.4926 0.3249 0.3068
9.5089 0.3245 0.3060
9.5252 0.3241 0.3051
9.5415 0.3236 0.3042
9.5579 0.3231 0.3033
9.5742 0.3226 0.3024
9.5905 0.3220 0.3015
9.6068 0.3214 0.3006
9.6231 0.3208 0.2997
9.6394 0.3201 0.2988
9.6557 0.3193 0.2980
9.6720 0.3186 0.2972
9.6883 0.3178 0.2965
9.7046 0.3169 0.2958
9.7210 0.3161 0.2951
9.7373 0.3152 0.2945
9.7536 0.3144 0.2940
9.7699 0.3135 0.2935
9.7862 0.3126 0.2932
9.8025 0.3118 0.2928
9.8188 0.3109 0.2926
9.8351 0.3101 0.2924
9.8514 0.3093 0.2923
9.8678 0.3086 0.2923
9.8841 0.3079 0.2923
9.9004 0.3072 0.2924
9.9167 0.3066 0.2926
9.9330 0.3060 0.2928
9.9493 0.3054 0.2932
9.9656 0.3049 0.2935
9.9819 0.3045 0.2939
9.9982 0.3041 0.2944
10.0145 0.3038 0.2949
10.0309 0.3035 0.2955
10.0472 0.3033 0.2961
10.0635 0.3031 0.2967
10.0798 0.3030 0.2973
10.0961 0.3030 0.2980
10.1124 0.3030 0.2986
10.1287 0.3030 0.2992
10.1450 0.3032 0.2999
10.1613 0.3033 0.3005
10.1776 0.3035 0.3011
10.1940 0.3038 0.3017
10.2103 0.3041 0.3022
10.2266 0.3043 0.3027
10.2429 0.3046 0.3032
10.2592 0.3049 0.3036
10.2755 0.3052 0.3041
10.2918 0.3054 0.3045
10.3081 0.3057 0.3048
10.3244 0.3059 0.3052
10.3408 0.3061 0.3055
10.3571 0.3062 0.3058
10.3734 0.3063 0.3061
10.3897 0.3064 0.3064
10.4060 0.3065 0.3066
10.4223 0.3065 0.3069
10.4386 0.3065 0.3071
10.4549 0.3065 0.3074
10.4712 0.3065 0.3076
10.4875 0.3066 0.3078
10.5039 0.3066 0.3081
10.5202 0.3066 0.3083
10.5365 0.3067 0.3085
10.5528 0.3068 0.3087
10.5691 0.3069 0.3090
10.5854 0.3071 0.3092
10.6017 0.3073 0.3093
10.6180 0.3075 0.3095
10.6343 0.3078 0.3096
10.6506 0.3081 0.3098
10.6670 0.3084 0.3098
10.6833 0.3088 0.3099
10.6996 0.3092 0.3099
10.7159 0.3096 0.3098
10.7322 0.3101 0.3097
10.7485 0.3106 0.3095
10.7648 0.3112 0.3093
10.7811 0.3117 0.3090
10.7974 0.3123 0.3086
10.8138 0.3129 0.3081
10.8301 0.3136 0.3076
10.8464 0.3143 0.3071
10.8627 0.3150 0.3065
10.8790 0.3157 0.3058
10.8953 0.3165 0.3051
10.9116 0.3172 0.3044
10.9279 0.3180 0.3037
10.9442 0.3187 0.3030
10.9605 0.3195 0.3023
10.9769 0.3202 0.3017
10.9932 0.3209 0.3010
11.0095 0.3215 0.3004
11.0258 0.3221 0.2999
11.0421 0.3226 0.2993
11.0584 0.3230 0.2989
11.0747 0.3233 0.2984
11.0910 0.3236 0.2980
11.1073 0.3237 0.2976
11.1236 0.3236 0.2972
11.1400 0.3235 0.2969
11.1563 0.3232 0.2965
11.1726 0.3228 0.2962
11.1889 0.3223 0.2958
11.2052 0.3216 0.2954
11.2215 0.3208 0.2950
11.2378 0.3199 0.2945
11.2541 0.3188 0.2940
11.2704 0.3177 0.2935
11.2868 0.3165 0.2929
11.3031 0.3152 0.2924
11.3194 0.3138 0.2917
11.3357 0.3124 0.2911
11.3520 0.3109 0.2904
11.3683 0.3094 0.2898
11.3846 0.3078 0.2891
11.4009 0.3062 0.2884
11.4172 0.3047 0.2878
11.4335 0.3031 0.2871
11.4499 0.3015 0.2864
11.4662 0.2999 0.2858
11.4825 0.2984 0.2852
11.4988 0.2968 0.2846
11.5151 0.2953 0.2840
11.5314 0.2938 0.2834
11.5477 0.2923 0.2828
11.5640 0.2909 0.2823
11.5803 0.2895 0.2817
11.5966 0.2881 0.2812
11.6130 0.2867 0.2807
11.6293 0.2854 0.2801
11.6456 0.2841 0.2796
11.6619 0.2828 0.2790
11.6782 0.2815 0.2784
11.6945 0.2803 0.2778
11.7108 0.2791 0.2772
11.7271 0.2779 0.2765
11.7434 0.2767 0.2759
11.7598 0.2756 0.2751
11.7761 0.2744 0.2744
11.7924 0.2733 0.2736
11.8087 0.2722 0.2728
11.8250 0.2712 0.2719
11.8413 0.2701 0.2710
11.8576 0.2691 0.2701
11.8739 0.2681 0.2691
11.8902 0.2671 0.2682
11.9065 0.2661 0.2672
11.9229 0.2651 0.2662
11.9392 0.2642 0.2652
11.9555 0.2633 0.2641
11.9718 0.2624 0.2631
11.9881 0.2615 0.2620
12.0044 0.2606 0.2610
12.0207 0.2596 0.2599
12.0370 0.2587 0.2588
12.0533 0.2578 0.2577
12.0696 0.2569 0.2566
12.0860 0.2559 0.2555
12.1023 0.2549 0.2544
12.1186 0.2539 0.2533
12.1349 0.2529 0.2522
12.1512 0.2518 0.2510
12.1675 0.2507 0.2498
12.1838 0.2496 0.2487
12.2001 0.2484 0.2475
12.2164 0.2473 0.2463
12.2328 0.2461 0.2452
12.2491 0.2448 0.2440
12.2654 0.2436 0.2428
12.2817 0.2424 0.2417
12.2980 0.2412 0.2405
12.3143 0.2400 0.2394
12.3306 0.2387 0.2383
12.3469 0.2376 0.2373
12.3632 0.2364 0.2362
12.3795 0.2352 0.2352
12.3959 0.2341 0.2342
12.4122 0.2330 0.2332
12.4285 0.2319 0.2323
12.4448 0.2308 0.2313
12.4611 0.2297 0.2304
12.4774 0.2287 0.2296
12.4937 0.2276 0.2287
12.5100 0.2266 0.2279
12.5263 0.2256 0.2270
12.5426 0.2246 0.2262
12.5590 0.2236 0.2254
12.5753 0.2226 0.2246
12.5916 0.2215 0.2239
12.6079 0.2205 0.2231
12.6242 0.2195 0.2223
12.6405 0.2185 0.2215
12.6568 0.2175 0.2207
12.6731 0.2164 0.2199
12.6894 0.2154 0.2190
12.7058 0.2143 0.2182
12.7221 0.2133 0.2173
12.7384 0.2122 0.2163
12.7547 0.2111 0.2153
12.7710 0.2101 0.2143
12.7873 0.2090 0.2132
12.8036 0.2079 0.2120
12.8199 0.2068 0.2108
12.8362 0.2057 0.2096
12.8525 0.2046 0.2082
12.8689 0.2035 0.2068
12.8852 0.2024 0.2054
12.9015 0.2013 0.2039
12.9178 0.2003 0.2024
12.9341 0.1992 0.2008
12.9504 0.1981 0.1992
12.9667 0.1970 0.1975
12.9830 0.1959 0.1958
12.9993 0.1949 0.1941
13.0156 0.1938 0.1924
13.0320 0.1927 0.1907
13.0483 0.1917 0.1890
13.0646 0.1906 0.1872
13.0809 0.1895 0.1855
13.0972 0.1885 0.1838
13.1135 0.1874 0.1820
13.1298 0.1863 0.1803
13.1461 0.1852 0.1786
13.1624 0.1840 0.1769
13.1788 0.1829 0.1752
13.1951 0.1817 0.1735
13.2114 0.1805 0.1719
13.2277 0.1792 0.1702
13.2440 0.1780 0.1686
13.2603 0.1767 0.1669
13.2766 0.1753 0.1653
13.2929 0.1739 0.1637
13.3092 0.1725 0.1621
13.3255 0.1711 0.1604
13.3419 0.1696 0.1588
13.3582 0.1681 0.1572
13.3745 0.1666 0.1556
13.3908 0.1651 0.1540
13.4071 0.1635 0.1524
13.4234 0.1620 0.1508
13.4397 0.1604 0.1492
13.4560 0.1588 0.1476
13.4723 0.1572 0.1460
13.4886 0.1556 0.1444
13.5050 0.1540 0.1428
13.5213 0.1525 0.1412
13.5376 0.1509 0.1396
13.5539 0.1493 0.1381
13.5702 0.1478 0.1365
13.5865 0.1463 0.1350
13.6028 0.1448 0.1335
13.6191 0.1433 0.1320
13.6354 0.1419 0.1305
13.6518 0.1404 0.1291
13.6681 0.1390 0.1277
13.6844 0.1376 0.1263
13.7007 0.1362 0.1250
13.7170 0.1348 0.1237
13.7333 0.1335 0.1224
13.7496 0.1321 0.1211
13.7659 0.1308 0.1199
13.7822 0.1295 0.1187
13.7985 0.1282 0.1176
13.8149 0.1269 0.1164
13.8312 0.1256 0.1153
13.8475 0.1243 0.1142
13.8638 0.1230 0.1131
13.8801 0.1218 0.1120
13.8964 0.1205 0.1109
13.9127 0.1193 0.1099
13.9290 0.1181 0.1088
13.9453 0.1169 0.1077
13.9616 0.1157 0.1066
13.9780 0.1145 0.1056
13.9943 0.1133 0.1045
14.0106 0.1122 0.1034
14.0269 0.1111 0.1023
14.0432 0.1099 0.1012
14.0595 0.1088 0.1001
14.0758 0.1077 0.0990
14.0921 0.1066 0.0978
14.1084 0.1055 0.0967
14.1248 0.1044 0.0956
14.1411 0.1033 0.0945
14.1574 0.1021 0.0933
14.1737 0.1010 0.0922
14.1900 0.0999 0.0910
14.2063 0.0988 0.0899
14.2226 0.0976 0.0888
14.2389 0.0964 0.0876
14.2552 0.0953 0.0865
14.2715 0.0941 0.0854
14.2879 0.0929 0.0842
14.3042 0.0917 0.0831
14.3205 0.0905 0.0820
14.3368 0.0892 0.0808
14.3531 0.0880 0.0797
14.3694 0.0868 0.0786
14.3857 0.0855 0.0775
14.4020 0.0843 0.0764
14.4183 0.0831 0.0753
14.4346 0.0819 0.0742
14.4510 0.0807 0.0731
14.4673 0.0795 0.0720
14.4836 0.0783 0.0709
14.4999 0.0771 0.0699
14.5162 0.0759 0.0688
14.5325 0.0748 0.0678
14.5488 0.0737 0.0667
14.5651 0.0725 0.0657
14.5814 0.0715 0.0647
14.5978 0.0704 0.0638
14.6141 0.0694 0.0628
14.6304 0.0683 0.0619
14.6467 0.0674 0.0610
14.6630 0.0664 0.0601
14.6793 0.0654 0.0592
14.6956 0.0645 0.0584
14.7119 0.0636 0.0575
14.7282 0.0627 0.0568
14.7445 0.0619 0.0560
14.7609 0.0611 0.0552
14.7772 0.0602 0.0545
14.7935 0.0595 0.0538
14.8098 0.0587 0.0531
14.8261 0.0579 0.0525
14.8424 0.0572 0.0519
14.8587 0.0565 0.0512
14.8750 0.0558 0.0506
14.8913 0.0551 0.0500
14.9076 0.0544 0.0495
14.9240 0.0538 0.0489
14.9403 0.0531 0.0484
14.9566 0.0525 0.0478
14.9729 0.0518 0.0473
14.9892 0.0512 0.0468
15.0055 0.0506 0.0463
15.0218 0.0500 0.0458
15.0381 0.0494 0.0453
15.0544 0.0488 0.0448
15.0708 0.0482 0.0443
15.0871 0.0476 0.0438
15.1034 0.0470 0.0433
15.1197 0.0465 0.0428
15.1360 0.0459 0.0423
15.1523 0.0453 0.0418
15.1686 0.0447 0.0414
15.1849 0.0441 0.0409
15.2012 0.0435 0.0404
15.2175 0.0430 0.0399
15.2339 0.0424 0.0394
15.2502 0.0418 0.0389
15.2665 0.0413 0.0384
15.2828 0.0407 0.0380
15.2991 0.0402 0.0375
15.3154 0.0396 0.0370
15.3317 0.0391 0.0365
15.3480 0.0386 0.0361
15.3643 0.0381 0.0356
15.3806 0.0376 0.0351
15.3970 0.0371 0.0347
15.4133 0.0367 0.0343
15.4296 0.0362 0.0338
15.4459 0.0358 0.0334
15.4622 0.0354 0.0330
15.4785 0.0350 0.0326
15.4948 0.0346 0.0322
15.5111 0.0343 0.0318
15.5274 0.0339 0.0314
15.5438 0.0335 0.0311
15.5601 0.0332 0.0307
15.5764 0.0329 0.0303
15.5927 0.0325 0.0300
15.6090 0.0322 0.0297
15.6253 0.0319 0.0293
15.6416 0.0316 0.0290
15.6579 0.0313 0.0287
15.6742 0.0310 0.0284
15.6905 0.0307 0.0281
15.7069 0.0304 0.0278
15.7232 0.0301 0.0275
15.7395 0.0298 0.0272
15.7558 0.0295 0.0269
15.7721 0.0292 0.0266
15.7884 0.0289 0.0263
15.8047 0.0286 0.0260
15.8210 0.0283 0.0257
15.8373 0.0280 0.0255
15.8536 0.0277 0.0252
15.8700 0.0274 0.0249
15.8863 0.0272 0.0247
15.9026 0.0269 0.0244
15.9189 0.0266 0.0241
15.9352 0.0264 0.0238
15.9515 0.0261 0.0236
15.9678 0.0258 0.0233
15.9841 0.0256 0.0230
16.0004 0.0253 0.0228
16.0167 0.0251 0.0225
16.0331 0.0248 0.0222
16.0494 0.0246 0.0220
16.0657 0.0243 0.0217
16.0820 0.0241 0.0214
16.0983 0.0238 0.0212
16.1146 0.0235 0.0209
16.1309 0.0233 0.0207
16.1472 0.0230 0.0204
16.1635 0.0228 0.0201
16.1799 0.0225 0.0199
16.1962 0.0223 0.0196
16.2125 0.0220 0.0194
16.2288 0.0218 0.0192
16.2451 0.0215 0.0189
16.2614 0.0213 0.0187
16.2777 0.0211 0.0185
16.2940 0.0208 0.0183
16.3103 0.0206 0.0181
16.3266 0.0203 0.0178
16.3430 0.0201 0.0176
16.3593 0.0199 0.0174
16.3756 0.0197 0.0173
16.3919 0.0194 0.0171
16.4082 0.0192 0.0169
16.4245 0.0190 0.0167
16.4408 0.0188 0.0165
16.4571 0.0186 0.0164
16.4734 0.0183 0.0162
16.4897 0.0181 0.0160
16.5061 0.0179 0.0159
16.5224 0.0177 0.0157
16.5387 0.0175 0.0155
16.5550 0.0173 0.0154
16.5713 0.0171 0.0152
16.5876 0.0169 0.0151
16.6039 0.0167 0.0149
16.6202 0.0165 0.0148
16.6365 0.0163 0.0146
16.6529 0.0161 0.0144
16.6692 0.0159 0.0143
16.6855 0.0157 0.0141
16.7018 0.0155 0.0140
16.7181 0.0153 0.0138
16.7344 0.0151 0.0136
16.7507 0.0149 0.0135
16.7670 0.0147 0.0133
16.7833 0.0145 0.0131
16.7996 0.0143 0.0130
16.8160 0.0141 0.0128
16.8323 0.0140 0.0127
16.8486 0.0138 0.0125
16.8649 0.0136 0.0124
16.8812 0.0134 0.0122
16.8975 0.0133 0.0121
16.9138 0.0131 0.0120
16.9301 0.0130 0.0118
16.9464 0.0128 0.0117
16.9627 0.0126 0.0116
16.9791 0.0125 0.0115
16.9954 0.0123 0.0114
17.0117 0.0122 0.0113
17.0280 0.0121 0.0112
17.0443 0.0119 0.0111
17.0606 0.0118 0.0110
17.0769 0.0116 0.0109
17.0932 0.0115 0.0108
17.1095 0.0114 0.0107
17.1259 0.0113 0.0106
17.1422 0.0112 0.0106
17.1585 0.0110 0.0105
17.1748 0.0109 0.0104
17.1911 0.0108 0.0103
17.2074 0.0107 0.0103
17.2237 0.0106 0.0102
17.2400 0.0105 0.0101
17.2563 0.0104 0.0100
17.2726 0.0103 0.0100
17.2890 0.0102 0.0099
17.3053 0.0101 0.0098
17.3216 0.0100 0.0097
17.3379 0.0099 0.0096
17.3542 0.0098 0.0096
17.3705 0.0097 0.0095
17.3868 0.0097 0.0094
17.4031 0.0096 0.0093
17.4194 0.0095 0.0092
17.4357 0.0094 0.0091
17.4521 0.0093 0.0090
17.4684 0.0092 0.0089
17.4847 0.0091 0.0088
17.5010 0.0090 0.0088
17.5173 0.0090 0.0087
17.5336 0.0089 0.0086
17.5499 0.0088 0.0085
17.5662 0.0087 0.0084
17.5825 0.0087 0.0083
17.5989 0.0086 0.0082
17.6152 0.0085 0.0081
17.6315 0.0085 0.0080
17.6478 0.0084 0.0080
17.6641 0.0084 0.0079
17.6804 0.0083 0.0078
17.6967 0.0082 0.0077
17.7130 0.0082 0.0077
17.7293 0.0081 0.0076
17.7456 0.0081 0.0075
17.7620 0.0080 0.0074
17.7783 0.0080 0.0074
17.7946 0.0079 0.0073
17.8109 0.0079 0.0073
17.8272 0.0078 0.0072
17.8435 0.0078 0.0071
17.8598 0.0077 0.0071
17.8761 0.0077 0.0070
17.8924 0.0076 0.0070
17.9087 0.0076 0.0069
17.9251 0.0075 0.0069
17.9414 0.0075 0.0068
17.9577 0.0074 0.0068
17.9740 0.0073 0.0067
17.9903 0.0073 0.0067
18.0066 0.0072 0.0066
18.0229 0.0071 0.0065
18.0392 0.0071 0.0065
18.0555 0.0070 0.0064
18.0719 0.0070 0.0064
18.0882 0.0069 0.0063
18.1045 0.0068 0.0063
18.1208 0.0068 0.0062
18.1371 0.0067 0.0062
18.1534 0.0066 0.0061
18.1697 0.0066 0.0060
18.1860 0.0065 0.0060
18.2023 0.0064 0.0059
18.2186 0.0064 0.0059
18.2350 0.0063 0.0058
18.2513 0.0063 0.0058
18.2676 0.0062 0.0057
18.2839 0.0061 0.0056
18.3002 0.0061 0.0056
18.3165 0.0060 0.0055
18.3328 0.0060 0.0055
18.3491 0.0059 0.0054
18.3654 0.0059 0.0054
18.3817 0.0058 0.0053
18.3981 0.0057 0.0053
18.4144 0.0057 0.0052
18.4307 0.0056 0.0052
18.4470 0.0056 0.0051
18.4633 0.0055 0.0051
18.4796 0.0055 0.0050
18.4959 0.0054 0.0050
18.5122 0.0053 0.0049
18.5285 0.0053 0.0049
18.5449 0.0052 0.0049
18.5612 0.0052 0.0048
18.5775 0.0051 0.0048
18.5938 0.0051 0.0047
18.6101 0.0050 0.0047
18.6264 0.0050 0.0046
18.6427 0.0049 0.0046
18.6590 0.0049 0.0045
18.6753 0.0048 0.0045
18.6916 0.0048 0.0045
18.7080 0.0047 0.0044
18.7243 0.0047 0.0044
18.7406 0.0046 0.0043
18.7569 0.0046 0.0043
18.7732 0.0045 0.0043
18.7895 0.0045 0.0042
18.8058 0.0044 0.0042
18.8221 0.0044 0.0041
18.8384 0.0043 0.0041
18.8547 0.0043 0.0041
18.8711 0.0043 0.0040
18.8874 0.0042 0.0040
18.9037 0.0042 0.0039
18.9200 0.0041 0.0039
18.9363 0.0041 0.0039
18.9526 0.0041 0.0038
18.9689 0.0040 0.0038
18.9852 0.0040 0.0038
19.0015 0.0040 0.0037
19.0179 0.0039 0.0037
19.0342 0.0039 0.0037
19.0505 0.0038 0.0037
19.0668 0.0038 0.0036
19.0831 0.0038 0.0036
19.0994 0.0037 0.0036
19.1157 0.0037 0.0035
19.1320 0.0037 0.0035
19.1483 0.0036 0.0035
19.1646 0.0036 0.0035
19.1810 0.0036 0.0034
19.1973 0.0035 0.0034
19.2136 0.0035 0.0034
19.2299 0.0035 0.0034
19.2462 0.0034 0.0033
19.2625 0.0034 0.0033
19.2788 0.0034 0.0033
19.2951 0.0033 0.0033
19.3114 0.0033 0.0033
19.3277 0.0033 0.0032
19.3441 0.0033 0.0032
19.3604 0.0032 0.0032
19.3767 0.0032 0.0032
19.3930 0.0032 0.0031
19.4093 0.0031 0.0031
19.4256 0.0031 0.0031
19.4419 0.0031 0.0031
19.4582 0.0030 0.0031
19.4745 0.0030 0.0030
19.4909 0.0030 0.0030
19.5072 0.0030 0.0030
19.5235 0.0029 0.0030
19.5398 0.0029 0.0029
19.5561 0.0029 0.0029
19.5724 0.0029 0.0029
19.5887 0.0028 0.0029
19.6050 0.0028 0.0028
19.6213 0.0028 0.0028
19.6376 0.0028 0.0028
19.6540 0.0027 0.0027
19.6703 0.0027 0.0027
19.6866 0.0027 0.0027
19.7029 0.0027 0.0027
19.7192 0.0026 0.0026
19.7355 0.0026 0.0026
19.7518 0.0026 0.0026
19.7681 0.0026 0.0026
19.7844 0.0025 0.0026
19.8007 0.0025 0.0025
19.8171 0.0025 0.0025
19.8334 0.0025 0.0025
19.8497 0.0025 0.0025
19.8660 0.0024 0.0025
19.8823 0.0024 0.0024
19.8986 0.0024 0.0024
19.9149 0.0024 0.0024
19.9312 0.0024 0.0024
19.9475 0.0024 0.0024
19.9639 0.0023 0.0024
19.9802 0.0023 0.0024
19.9965 0.0023 0.0023
20.0128 0.0023 0.0023
20.0291 0.0023 0.0023
20.0454 0.0023 0.0023
20.0617 0.0023 0.0023
20.0780 0.0023 0.0023
20.0943 0.0022 0.0023
20.1106 0.0022 0.0022
20.1270 0.0022 0.0022
20.1433 0.0022 0.0022
20.1596 0.0022 0.0022
20.1759 0.0022 0.0022
20.1922 0.0022 0.0022
20.2085 0.0022 0.0022
20.2248 0.0021 0.0022
20.2411 0.0021 0.0021
20.2574 0.0021 0.0021
20.2737 0.0021 0.0021
20.2901 0.0021 0.0021
20.3064 0.0021 0.0021
20.3227 0.0021 0.0021
20.3390 0.0020 0.0021
20.3553 0.0020 0.0021
20.3716 0.0020 0.0020
20.3879 0.0020 0.0020
20.4042 0.0020 0.0020
20.4205 0.0020 0.0020
20.4369 0.0019 0.0020
20.4532 0.0019 0.0020
20.4695 0.0019 0.0020
20.4858 0.0019 0.0020
20.5021 0.0019 0.0020
20.5184 0.0019 0.0019
20.5347 0.0019 0.0019
20.5510 0.0018 0.0019
20.5673 0.0018 0.0019
20.5836 0.0018 0.0019
20.6000 0.0018 0.0019
20.6163 0.0018 0.0019
20.6326 0.0018 0.0019
20.6489 0.0018 0.0018
20.6652 0.0017 0.0018
20.6815 0.0017 0.0018
20.6978 0.0017 0.0018
20.7141 0.0017 0.0018
20.7304 0.0017 0.0018
20.7467 0.0017 0.0018
20.7631 0.0017 0.0017
20.7794 0.0017 0.0017
20.7957 0.0017 0.0017
20.8120 0.0017 0.0017
20.8283 0.0016 0.0017
20.8446 0.0016 0.0017
20.8609 0.0016 0.0017
20.8772 0.0016 0.0016
20.8935 0.0016 0.0016
20.9099 0.0016 0.0016
20.9262 0.0016 0.0016
20.9425 0.0016 0.0016
20.9588 0.0016 0.0016
20.9751 0.0015 0.0016
20.9914 0.0015 0.0016
21.0077 0.0015 0.0016
21.0240 0.0015 0.0015
21.0403 0.0015 0.0015
21.0566 0.0015 0.0015
21.0730 0.0015 0.0015
21.0893 0.0015 0.0015
21.1056 0.0015 0.0015
21.1219 0.0014 0.0015
21.1382 0.0014 0.0015
21.1545 0.0014 0.0015
21.1708 0.0014 0.0015
21.1871 0.0014 0.0014
21.2034 0.0014 0.0014
21.2197 0.0014 0.0014
21.2361 0.0014 0.0014
21.2524 0.0014 0.0014
21.2687 0.0014 0.0014
21.2850 0.0013 0.0014
21.3013 0.0013 0.0014
21.3176 0.0013 0.0014
21.3339 0.0013 0.0014
21.3502 0.0013 0.0013
21.3665 0.0013 0.0013
21.3829 0.0013 0.0013
21.3992 0.0013 0.0013
21.4155 0.0013 0.0013
21.4318 0.0013 0.0013
21.4481 0.0012 0.0013
21.4644 0.0012 0.0013
21.4807 0.0012 0.0013
21.4970 0.0012 0.0012
21.5133 0.0012 0.0012
21.5296 0.0012 0.0012
21.5460 0.0012 0.0012
21.5623 0.0012 0.0012
21.5786 0.0012 0.0012
21.5949 0.0012 0.0012
21.6112 0.0012 0.0012
21.6275 0.0012 0.0012
21.6438 0.0011 0.0011
21.6601 0.0011 0.0011
21.6764 0.0011 0.0011
21.6927 0.0011 0.0011
21.7091 0.0011 0.0011
21.7254 0.0011 0.0011
21.7417 0.0011 0.0011
21.7580 0.0011 0.0011
21.7743 0.0011 0.0011
21.7906 0.0011 0.0011
21.8069 0.0011 0.0011
21.8232 0.0011 0.0011
21.8395 0.0011 0.0011
21.8559 0.0011 0.0010
21.8722 0.0011 0.0010
21.8885 0.0011 0.0010
21.9048 0.0010 0.0010
21.9211 0.0010 0.0010
21.9374 0.0010 0.0010
21.9537 0.0010 0.0010
21.9700 0.0010 0.0010
21.9863 0.0010 0.0010
22.0026 0.0010 0.0010
22.0190 0.0010 0.0010
22.0353 0.0010 0.0010
22.0516 0.0010 0.0010
22.0679 0.0010 0.0010
22.0842 0.0010 0.0010
22.1005 0.0010 0.0010
22.1168 0.0010 0.0010
22.1331 0.0010 0.0009
22.1494 0.0010 0.0009
22.1657 0.0010 0.0009
22.1821 0.0010 0.0009
22.1984 0.0010 0.0009
22.2147 0.0010 0.0009
22.2310 0.0010 0.0009
22.2473 0.0010 0.0009
22.2636 0.0009 0.0009
22.2799 0.0009 0.0009
22.2962 0.0009 0.0009
22.3125 0.0009 0.0009
22.3288 0.0009 0.0009
22.3452 0.0009 0.0009
22.3615 0.0009 0.0009
22.3778 0.0009 0.0009
22.3941 0.0009 0.0009
22.4104 0.0009 0.0009
22.4267 0.0009 0.0009
22.4430 0.0009 0.0009
22.4593 0.0009 0.0009
22.4756 0.0009 0.0009
22.4920 0.0009 0.0009
22.5083 0.0009 0.0009
22.5246 0.0009 0.0009
22.5409 0.0009 0.0008
22.5572 0.0009 0.0008
22.5735 0.0009 0.0008
22.5898 0.0009 0.0008
22.6061 0.0009 0.0008
22.6224 0.0009 0.0008
22.6387 0.0009 0.0008
22.6551 0.0009 0.0008
22.6714 0.0009 0.0008
22.6877 0.0009 0.0008
22.7040 0.0009 0.0008
22.7203 0.0009 0.0008
22.7366 0.0008 0.0008
22.7529 0.0008 0.0008
22.7692 0.0008 0.0008
22.7855 0.0008 0.0008
22.8018 0.0008 0.0008
22.8182 0.0008 0.0008
22.8345 0.0008 0.0008
22.8508 0.0008 0.0008
22.8671 0.0008 0.0008
22.8834 0.0008 0.0008
22.8997 0.0008 0.0008
22.9160 0.0008 0.0008
22.9323 0.0008 0.0008
22.9486 0.0008 0.0008
22.9650 0.0008 0.0008
22.9813 0.0008 0.0008
22.9976 0.0008 0.0008
23.0139 0.0008 0.0008
23.0302 0.0008 0.0007
23.0465 0.0008 0.0007
23.0628 0.0008 0.0007
23.0791 0.0008 0.0007
23.0954 0.0008 0.0007
23.1117 0.0008 0.0007
23.1281 0.0008 0.0007
23.1444 0.0008 0.0007
23.1607 0.0008 0.0007
23.1770 0.0008 0.0007
23.1933 0.0008 0.0007
23.2096 0.0008 0.0007
23.2259 0.0008 0.0007
23.2422 0.0008 0.0007
23.2585 0.0008 0.0007
23.2748 0.0008 0.0007
23.2912 0.0008 0.0007
23.3075 0.0008 0.0007
23.3238 0.0008 0.0007
23.3401 0.0008 0.0007
23.3564 0.0008 0.0007
23.3727 0.0008 0.0007
23.3890 0.0008 0.0007
23.4053 0.0008 0.0007
23.4216 0.0008 0.0007
23.4380 0.0008 0.0007
23.4543 0.0008 0.0007
23.4706 0.0007 0.0007
23.4869 0.0007 0.0007
23.5032 0.0007 0.0007
23.5195 0.0007 0.0007
23.5358 0.0007 0.0007
23.5521 0.0007 0.0007
23.5684 0.0007 0.0007
23.5847 0.0007 0.0007
23.6011 0.0007 0.0007
23.6174 0.0007 0.0007
23.6337 0.0007 0.0007
23.6500 0.0007 0.0007
23.6663 0.0007 0.0007
23.6826 0.0007 0.0007
23.6989 0.0007 0.0007
23.7152 0.0007 0.0006
23.7315 0.0007 0.0006
23.7478 0.0007 0.0006
23.7642 0.0007 0.0006
23.7805 0.0006 0.0006
23.7968 0.0006 0.0006
23.8131 0.0006 0.0006
23.8294 0.0006 0.0006
23.8457 0.0006 0.0006
23.8620 0.0006 0.0006
23.8783 0.0006 0.0006
23.8946 0.0006 0.0006
23.9110 0.0006 0.0006
23.9273 0.0006 0.0006
23.9436 0.0006 0.0006
23.9599 0.0006 0.0006
23.9762 0.0006 0.0006
23.9925 0.0006 0.0006
24.0088 0.0006 0.0006
24.0251 0.0005 0.0005
24.0414 0.0005 0.0005
24.0577 0.0005 0.0005
24.0741 0.0005 0.0005
24.0904 0.0005 0.0005
24.1067 0.0005 0.0005
24.1230 0.0005 0.0005
24.1393 0.0005 0.0005
24.1556 0.0005 0.0005
24.1719 0.0005 0.0005
24.1882 0.0005 0.0005
24.2045 0.0005 0.0005
24.2208 0.0005 0.0005
24.2372 0.0005 0.0005
24.2535 0.0005 0.0005
24.2698 0.0005 0.0005
24.2861 0.0004 0.0005
24.3024 0.0004 0.0005
24.3187 0.0004 0.0004
24.3350 0.0004 0.0004
24.3513 0.0004 0.0004
24.3676 0.0004 0.0004
24.3840 0.0004 0.0004
24.4003 0.0004 0.0004
24.4166 0.0004 0.0004
24.4329 0.0004 0.0004
24.4492 0.0004 0.0004
24.4655 0.0004 0.0004
24.4818 0.0004 0.0004
24.4981 0.0004 0.0004
24.5144 0.0004 0.0004
24.5307 0.0004 0.0004
24.5471 0.0004 0.0004
24.5634 0.0004 0.0004
24.5797 0.0004 0.0004
24.5960 0.0004 0.0004
24.6123 0.0004 0.0004
24.6286 0.0004 0.0004
24.6449 0.0004 0.0004
24.6612 0.0003 0.0004
24.6775 0.0003 0.0004
24.6938 0.0003 0.0004
24.7102 0.0003 0.0003
24.7265 0.0003 0.0003
24.7428 0.0003 0.0003
24.7591 0.0003 0.0003
24.7754 0.0003 0.0003
24.7917 0.0003 0.0003
24.8080 0.0003 0.0003
24.8243 0.0003 0.0003
24.8406 0.0003 0.0003
24.8570 0.0003 0.0003
24.8733 0.0003 0.0003
24.8896 0.0003 0.0003
24.9059 0.0003 0.0003
24.9222 0.0003 0.0003
24.9385 0.0003 0.0003
24.9548 0.0003 0.0003
24.9711 0.0003 0.0003
24.9874 0.0003 0.0003
25.0037 0.0003 0.0003
25.0201 0.0003 0.0003
25.0364 0.0003 0.0003
25.0527 0.0003 0.0003
25.0690 0.0003 0.0003
25.0853 0.0003 0.0003
25.1016 0.0003 0.0003
25.1179 0.0003 0.0003
25.1342 0.0003 0.0003
25.1505 0.0003 0.0002
25.1668 0.0003 0.0002
25.1832 0.0003 0.0002
25.1995 0.0003 0.0002
25.2158 0.0003 0.0002
25.2321 0.0003 0.0002
25.2484 0.0002 0.0002
25.2647 0.0002 0.0002
25.2810 0.0002 0.0002
25.2973 0.0002 0.0002
25.3136 0.0002 0.0002
25.3300 0.0002 0.0002
25.3463 0.0002 0.0002
25.3626 0.0002 0.0002
25.3789 0.0002 0.0002
25.3952 0.0002 0.0002
25.4115 0.0002 0.0002
25.4278 0.0002 0.0002
25.4441 0.0002 0.0002
25.4604 0.0002 0.0002
25.4767 0.0002 0.0002
25.4931 0.0002 0.0002
25.5094 0.0002 0.0002
25.5257 0.0002 0.0002
25.5420 0.0002 0.0002
25.5583 0.0002 0.0002
25.5746 0.0002 0.0002
25.5909 0.0002 0.0002
25.6072 0.0002 0.0002
25.6235 0.0002 0.0002
25.6398 0.0002 0.0002
25.6562 0.0002 0.0002
25.6725 0.0002 0.0002
25.6888 0.0002 0.0002
25.7051 0.0002 0.0002
25.7214 0.0002 0.0002
25.7377 0.0002 0.0002
25.7540 0.0002 0.0002
25.7703 0.0002 0.0002
25.7866 0.0002 0.0002
25.8030 0.0002 0.0001
25.8193 0.0001 0.0001
25.8356 0.0001 0.0001
25.8519 0.0001 0.0001
25.8682 0.0001 0.0001
25.8845 0.0001 0.0001
25.9008 0.0001 0.0001
25.9171 0.0001 0.0001
25.9334 0.0001 0.0001
25.9497 0.0001 0.0001
25.9661 0.0001 0.0001
25.9824 0.0001 0.0001
25.9987 0.0001 0.0001
26.0150 0.0001 0.0001
26.0313 0.0001 0.0001
26.0476 0.0001 0.0001
26.0639 0.0001 0.0001
26.0802 0.0001 0.0001
26.0965 0.0001 0.0001
26.1128 0.0001 0.0001
26.1292 0.0001 0.0001
26.1455 0.0001 0.0001
26.1618 0.0001 0.0001
26.1781 0.0001 0.0001
26.1944 0.0001 0.0001
26.2107 0.0001 0.0001
26.2270 0.0001 0.0001
26.2433 0.0001 0.0001
26.2596 0.0001 0.0001
26.2760 0.0001 0.0001
26.2923 0.0001 0.0001
26.3086 0.0001 0.0001
26.3249 0.0001 0.0001
26.3412 0.0001 0.0001
26.3575 0.0001 0.0001
26.3738 0.0001 0.0001
26.3901 0.0001 0.0001
26.4064 0.0001 0.0001
26.4227 0.0001 0.0001
26.4391 0.0001 0.0001
26.4554 0.0001 0.0001
26.4717 0.0001 0.0001
26.4880 0.0001 0.0001
26.5043 0.0001 0.0001
26.5206 0.0001 0.0001
26.5369 0.0001 0.0001
26.5532 0.0001 0.0001
26.5695 0.0001 0.0001
26.5858 0.0001 0.0001
26.6022 0.0001 0.0001
26.6185 0.0001 0.0001
26.6348 0.0001 0.0001
26.6511 0.0001 0.0001
26.6674 0.0001 0.0001
26.6837 0.0001 0.0001
26.7000 0.0001 0.0001
26.7163 0.0001 0.0001
26.7326 0.0001 0.0001
26.7490 0.0001 0.0001
26.7653 0.0001 0.0001
26.7816 0.0001 0.0001
26.7979 0.0001 0.0001
26.8142 0.0001 0.0001
26.8305 0.0001 0.0001
26.8468 0.0001 0.0001
26.8631 0.0001 0.0001
26.8794 0.0001 0.0001
26.8957 0.0001 0.0001
26.9121 0.0001 0.0001
26.9284 0.0001 0.0001
26.9447 0.0001 0.0001
26.9610 0.0001 0.0001
26.9773 0.0001 0.0001
26.9936 0.0001 0.0001
27.0099 0.0001 0.0001
27.0262 0.0001 0.0001
27.0425 0.0001 0.0001
27.0588 0.0001 0.0001
27.0752 0.0001 0.0001
27.0915 0.0001 0.0001
27.1078 0.0001 0.0001
27.1241 0.0001 0.0001
27.1404 0.0001 0.0001
27.1567 0.0001 0.0001
27.1730 0.0001 0.0001
27.1893 0.0001 0.0000
27.2056 0.0001 0.0000
27.2220 0.0001 0.0000
27.2383 0.0001 0.0000
27.2546 0.0001 0.0000
27.2709 0.0001 0.0000
27.2872 0.0001 0.0000
27.3035 0.0000 0.0000
27.3198 0.0000 0.0000
27.3361 0.0000 0.0000
27.3524 0.0000 0.0000
27.3687 0.0000 0.0000
27.3851 0.0000 0.0000
27.4014 0.0000 0.0000
27.4177 0.0000 0.0000
27.4340 0.0000 0.0000
27.4503 0.0000 0.0000
27.4666 0.0000 0.0000
27.4829 0.0000 0.0000
27.4992 0.0000 0.0000
27.5155 0.0000 0.0000
27.5318 0.0000 0.0000
27.5482 0.0000 0.0000
27.5645 0.0000 0.0000
27.5808 0.0000 0.0000
27.5971 0.0000 0.0000
27.6134 0.0000 0.0000
27.6297 0.0000 0.0000
27.6460 0.0000 0.0000
27.6623 0.0000 0.0000
27.6786 0.0000 0.0000
27.6950 0.0000 0.0000
27.7113 0.0000 0.0000
27.7276 0.0000 0.0000
27.7439 0.0000 0.0000
27.7602 0.0000 0.0000
27.7765 0.0000 0.0000
27.7928 0.0000 0.0000
27.8091 0.0000 0.0000
27.8254 0.0000 0.0000
27.8417 0.0000 0.0000
27.8581 0.0000 0.0000
27.8744 0.0000 0.0000
27.8907 0.0000 0.0000
27.9070 0.0000 0.0000
27.9233 0.0000 0.0000
27.9396 0.0000 0.0000
27.9559 0.0000 0.0000
27.9722 0.0000 0.0000
27.9885 0.0000 0.0000
28.0048 0.0000 0.0000
28.0212 0.0000 0.0000
28.0375 0.0000 0.0000
28.0538 0.0000 0.0000
28.0701 0.0000 0.0000
28.0864 0.0000 0.0000
28.1027 0.0000 0.0000
28.1190 0.0000 0.0000
28.1353 0.0000 0.0000
28.1516 0.0000 0.0000
28.1680 0.0000 0.0000
28.1843 0.0000 0.0000
28.2006 0.0000 0.0000
28.2169 0.0000 0.0000
28.2332 0.0000 0.0000
28.2495 0.0000 0.0000
28.2658 0.0000 0.0000
28.2821 0.0000 0.0000
28.2984 0.0000 0.0000
28.3147 0.0000 0.0000
28.3311 0.0000 0.0000
28.3474 0.0000 0.0000
28.3637 0.0000 0.0000
28.3800 0.0000 0.0000
28.3963 0.0000 0.0000
28.4126 0.0000 0.0000
28.4289 0.0000 0.0000
28.4452 0.0000 0.0000
28.4615 0.0000 0.0000
28.4778 0.0000 0.0000
28.4942 0.0000 0.0000
28.5105 0.0000 0.0000
28.5268 0.0000 0.0000
28.5431 0.0000 0.0000
28.5594 0.0000 0.0000
28.5757 0.0000 0.0000
28.5920 0.0000 0.0000
28.6083 0.0000 0.0000
28.6246 0.0000 0.0000
28.6409 0.0000 0.0000
28.6573 0.0000 0.0000
28.6736 0.0000 0.0000
28.6899 0.0000 0.0000
28.7062 0.0000 0.0000
28.7225 0.0000 0.0000
28.7388 0.0000 0.0000
28.7551 0.0000 0.0000
28.7714 0.0000 0.0000
28.7877 0.0000 0.0000
28.8041 0.0000 0.0000
28.8204 0.0000 0.0000
28.8367 0.0000 0.0000
28.8530 0.0000 0.0000
28.8693 0.0000 0.0000
28.8856 0.0000 0.0000
28.9019 0.0000 0.0000
28.9182 0.0000 0.0000
28.9345 0.0000 0.0000
28.9508 0.0000 0.0000
28.9672 0.0000 0.0000
28.9835 0.0000 0.0000
28.9998 0.0000 0.0000
29.0161 0.0000 0.0000
29.0324 0.0000 0.0000
29.0487 0.0000 0.0000
29.0650 0.0000 0.0000
29.0813 0.0000 0.0000
29.0976 0.0000 0.0000
29.1139 0.0000 0.0000
29.1303 0.0000 0.0000
29.1466 0.0000 0.0000
29.1629 0.0000 0.0000
29.1792 0.0000 0.0000
29.1955 0.0000 0.0000
29.2118 0.0000 0.0000
29.2281 0.0000 0.0000
29.2444 0.0000 0.0000
29.2607 0.0000 0.0000
29.2771 0.0000 0.0000
29.2934 0.0000 0.0000
29.3097 0.0000 0.0000
29.3260 0.0000 0.0000
29.3423 0.0000 0.0000
29.3586 0.0000 0.0000
29.3749 0.0000 0.0000
29.3912 0.0000 0.0000
29.4075 0.0000 0.0000
29.4238 0.0000 0.0000
29.4402 0.0000 0.0000
29.4565 0.0000 0.0000
29.4728 0.0000 0.0000
29.4891 0.0000 0.0000
29.5054 0.0000 0.0000
29.5217 0.0000 0.0000
29.5380 0.0000 0.0000
29.5543 0.0000 0.0000
29.5706 0.0000 0.0000
29.5869 0.0000 0.0000
29.6033 0.0000 0.0000
29.6196 0.0000 0.0000
29.6359 0.0000 0.0000
29.6522 0.0000 0.0000
29.6685 0.0000 0.0000
29.6848 0.0000 0.0000
29.7011 0.0000 0.0000
29.7174 0.0000 0.0000
29.7337 0.0000 0.0000
29.7501 0.0000 0.0000
29.7664 0.0000 0.0000
29.7827 0.0000 0.0000
29.7990 0.0000 0.0000
29.8153 0.0000 0.0000
29.8316 0.0000 0.0000
29.8479 0.0000 0.0000
29.8642 0.0000 0.0000
29.8805 0.0000 0.0000
29.8968 0.0000 0.0000
29.9132 0.0000 0.0000
29.9295 0.0000 0.0000
29.9458 0.0000 0.0000
29.9621 0.0000 0.0000
29.9784 0.0000 0.0000
29.9947 0.0000 0.0000
30.0110 0.0000 0.0000
30.0273 0.0000 0.0000
30.0436 0.0000 0.0000
30.0599 0.0000 0.0000
30.0763 0.0000 0.0000
30.0926 0.0000 0.0000
30.1089 0.0000 0.0000
30.1252 0.0000 0.0000
30.1415 0.0000 0.0000
30.1578 0.0000 0.0000
30.1741 0.0000 0.0000
30.1904 0.0000 0.0000
30.2067 0.0000 0.0000
30.2231 0.0000 0.0000
30.2394 0.0000 0.0000
30.2557 0.0000 0.0000
30.2720 0.0000 0.0000
30.2883 0.0000 0.0000
30.3046 0.0000 0.0000
30.3209 0.0000 0.0000
30.3372 0.0000 0.0000
30.3535 0.0000 0.0000
30.3698 0.0000 0.0000
30.3862 0.0000 0.0000
30.4025 0.0000 0.0000
30.4188 0.0000 0.0000
30.4351 0.0000 0.0000
30.4514 0.0000 0.0000
30.4677 0.0000 0.0000
30.4840 0.0000 0.0000
30.5003 0.0000 0.0000
30.5166 0.0000 0.0000
30.5329 0.0000 0.0000
30.5493 0.0000 0.0000
30.5656 0.0000 0.0000
30.5819 0.0000 0.0000
30.5982 0.0000 0.0000
30.6145 0.0000 0.0000
30.6308 0.0000 0.0000
30.6471 0.0000 0.0000
30.6634 0.0000 0.0000
30.6797 0.0000 0.0000
30.6961 0.0000 0.0000
30.7124 0.0000 0.0000
30.7287 0.0000 0.0000
30.7450 0.0000 0.0000
30.7613 0.0000 0.0000
30.7776 0.0000 0.0000
30.7939 0.0000 0.0000
30.8102 0.0000 0.0000
30.8265 0.0000 0.0000
30.8428 0.0000 0.0000
30.8592 0.0000 0.0000
30.8755 0.0000 0.0000
30.8918 0.0000 0.0000
30.9081 0.0000 0.0000
30.9244 0.0000 0.0000
30.9407 0.0000 0.0000
30.9570 0.0000 0.0000
30.9733 0.0000 0.0000
30.9896 0.0000 0.0000
31.0059 0.0000 0.0000
31.0223 0.0000 0.0000
31.0386 0.0000 0.0000
31.0549 0.0000 0.0000
31.0712 0.0000 0.0000
31.0875 0.0000 0.0000
31.1038 0.0000 0.0000
31.1201 0.0000 0.0000
31.1364 0.0000 0.0000
31.1527 0.0000 0.0000
31.1691 0.0000 0.0000
31.1854 0.0000 0.0000
31.2017 0.0000 0.0000
31.2180 0.0000 0.0000
31.2343 0.0000 0.0000
31.2506 0.0000 0.0000
31.2669 0.0000 0.0000
31.2832 0.0000 0.0000
31.2995 0.0000 0.0000
31.3158 0.0000 0.0000
31.3322 0.0000 0.0000
31.3485 0.0000 0.0000
31.3648 0.0000 0.0000
31.3811 0.0000 0.0000
31.3974 0.0000 0.0000
31.4137 0.0000 0.0000
31.4300 0.0000 0.0000
31.4463 0.0000 0.0000
31.4626 0.0000 0.0000
31.4789 0.0000 0.0000
31.4953 0.0000 0.0000
31.5116 0.0000 0.0000
31.5279 0.0000 0.0000
31.5442 0.0000 0.0000
31.5605 0.0000 0.0000
31.5768 0.0000 0.0000
31.5931 0.0000 0.0000
31.6094 0.0000 0.0000
31.6257 0.0000 0.0000
31.6421 0.0000 0.0000
31.6584 0.0000 0.0000
31.6747 0.0000 0.0000
31.6910 0.0000 0.0000
31.7073 0.0000 0.0000
31.7236 0.0000 0.0000
31.7399 0.0000 0.0000
31.7562 0.0000 0.0000
31.7725 0.0000 0.0000
31.7888 0.0000 0.0000
31.8052 0.0000 0.0000
31.8215 0.0000 0.0000
31.8378 0.0000 0.0000
31.8541 0.0000 0.0000
31.8704 0.0000 0.0000
31.8867 0.0000 0.0000
31.9030 0.0000 0.0000
31.9193 0.0000 0.0000
31.9356 0.0000 0.0000
31.9519 0.0000 0.0000
31.9683 0.0000 0.0000
31.9846 0.0000 0.0000
32.0009 0.0000 0.0000
32.0172 0.0000 0.0000
32.0335 0.0000 0.0000
32.0498 0.0000 0.0000
32.0661 0.0000 0.0000
32.0824 0.0000 0.0000
32.0987 0.0000 0.0000
32.1151 0.0000 0.0000
32.1314 0.0000 0.0000
32.1477 0.0000 0.0000
32.1640 0.0000 0.0000
32.1803 0.0000 0.0000
32.1966 0.0000 0.0000
32.2129 0.0000 0.0000
32.2292 0.0000 0.0000
32.2455 0.0000 0.0000
32.2618 0.0000 0.0000
32.2782 0.0000 0.0000
32.2945 0.0000 0.0000
32.3108 0.0000 0.0000
32.3271 0.0000 0.0000
32.3434 0.0000 0.0000
32.3597 0.0000 0.0000
32.3760 0.0000 0.0000
32.3923 0.0000 0.0000
32.4086 0.0000 0.0000
32.4249 0.0000 0.0000
32.4413 0.0000 0.0000
32.4576 0.0000 0.0000
32.4739 0.0000 0.0000
32.4902 0.0000 0.0000
32.5065 0.0000 0.0000
32.5228 0.0000 0.0000
32.5391 0.0000 0.0000
32.5554 0.0000 0.0000
32.5717 0.0000 0.0000
32.5881 0.0000 0.0000
32.6044 0.0000 0.0000
