0.0000 0.0000 0.0000
0.0169 1.4777 1.5738
0.0337 2.9302 3.1210
0.0506 4.3332 4.6160
0.0675 5.6644 6.0351
0.0843 6.9043 7.3575
0.1012 8.0366 8.5657
0.1181 9.0489 9.6462
0.1349 9.9327 10.5895
0.1518 10.6837 11.3906
0.1686 11.3014 12.0483
0.1855 11.7887 12.5651
0.2024 12.1516 12.9468
0.2192 12.3984 13.2020
0.2361 12.5393 13.3411
0.2530 12.5856 13.3759
0.2698 12.5493 13.3192
0.2867 12.4422 13.1839
0.3036 12.2761 12.9826
0.3204 12.0617 12.7273
0.3373 11.8092 12.4293
0.3542 11.5274 12.0986
0.3710 11.2242 11.7441
0.3879 10.9061 11.3735
0.4048 10.5790 10.9932
0.4216 10.2473 10.6089
0.4385 9.9150 10.2249
0.4553 9.5852 9.8448
0.4722 9.2602 9.4716
0.4891 8.9421 9.1076
0.5059 8.6325 8.7545
0.5228 8.3324 8.4138
0.5397 8.0428 8.0865
0.5565 7.7643 7.7735
0.5734 7.4974 7.4753
0.5903 7.2423 7.1923
0.6071 6.9991 6.9249
0.6240 6.7677 6.6730
0.6409 6.5481 6.4367
0.6577 6.3398 6.2157
0.6746 6.1425 6.0099
0.6915 5.9559 5.8187
0.7083 5.7793 5.6417
0.7252 5.6123 5.4783
0.7420 5.4544 5.3278
0.7589 5.3050 5.1895
0.7758 5.1636 5.0625
0.7926 5.0297 4.9459
0.8095 4.9029 4.8390
0.8264 4.7829 4.7408
0.8432 4.6692 4.6505
0.8601 4.5618 4.5672
0.8770 4.4603 4.4901
0.8938 4.3647 4.4185
0.9107 4.2748 4.3516
0.9276 4.1907 4.2888
0.9444 4.1123 4.2295
0.9613 4.0396 4.1732
0.9782 3.9726 4.1194
0.9950 3.9113 4.0677
1.0119 3.8557 4.0178
1.0287 3.8057 3.9694
1.0456 3.7611 3.9224
1.0625 3.7218 3.8765
1.0793 3.6876 3.8316
1.0962 3.6582 3.7877
1.1131 3.6331 3.7446
1.1299 3.6120 3.7022
1.1468 3.5945 3.6607
1.1637 3.5799 3.6198
1.1805 3.5679 3.5796
1.1974 3.5577 3.5400
1.2143 3.5490 3.5010
1.2311 3.5411 3.4625
1.2480 3.5336 3.4244
1.2648 3.5260 3.3866
1.2817 3.5179 3.3490
1.2986 3.5090 3.3115
1.3154 3.4988 3.2740
1.3323 3.4873 3.2363
1.3492 3.4743 3.1983
1.3660 3.4596 3.1601
1.3829 3.4433 3.1214
1.3998 3.4253 3.0823
1.4166 3.4056 3.0428
1.4335 3.3844 3.0028
1.4504 3.3618 2.9624
1.4672 3.3379 2.9217
1.4841 3.3127 2.8806
1.5010 3.2865 2.8393
1.5178 3.2594 2.7979
1.5347 3.2314 2.7565
1.5515 3.2027 2.7151
1.5684 3.1734 2.6740
1.5853 3.1435 2.6331
1.6021 3.1131 2.5926
1.6190 3.0823 2.5526
1.6359 3.0512 2.5130
1.6527 3.0198 2.4741
1.6696 2.9881 2.4357
1.6865 2.9563 2.3981
1.7033 2.9244 2.3612
1.7202 2.8925 2.3251
1.7371 2.8607 2.2899
1.7539 2.8289 2.2555
1.7708 2.7974 2.2222
1.7877 2.7661 2.1898
1.8045 2.7351 2.1585
1.8214 2.7045 2.1285
1.8382 2.6744 2.0997
1.8551 2.6448 2.0722
1.8720 2.6157 2.0461
1.8888 2.5873 2.0214
1.9057 2.5596 1.9983
1.9226 2.5326 1.9767
1.9394 2.5063 1.9567
1.9563 2.4809 1.9382
1.9732 2.4564 1.9211
1.9900 2.4327 1.9055
2.0069 2.4100 1.8912
2.0238 2.3882 1.8781
2.0406 2.3674 1.8661
2.0575 2.3475 1.8549
2.0744 2.3286 1.8445
2.0912 2.3106 1.8347
2.1081 2.2935 1.8253
2.1249 2.2773 1.8162
2.1418 2.2619 1.8072
2.1587 2.2472 1.7982
2.1755 2.2332 1.7891
2.1924 2.2197 1.7799
2.2093 2.2067 1.7705
2.2261 2.1940 1.7609
2.2430 2.1816 1.7511
2.2599 2.1693 1.7411
2.2767 2.1570 1.7311
2.2936 2.1447 1.7210
2.3105 2.1321 1.7111
2.3273 2.1193 1.7013
2.3442 2.1062 1.6917
2.3611 2.0927 1.6825
2.3779 2.0787 1.6737
2.3948 2.0643 1.6654
2.4116 2.0495 1.6576
2.4285 2.0342 1.6503
2.4454 2.0185 1.6436
2.4622 2.0024 1.6375
2.4791 1.9861 1.6320
2.4960 1.9694 1.6269
2.5128 1.9525 1.6222
2.5297 1.9355 1.6179
2.5466 1.9184 1.6139
2.5634 1.9013 1.6101
2.5803 1.8841 1.6063
2.5972 1.8671 1.6024
2.6140 1.8501 1.5984
2.6309 1.8334 1.5941
2.6478 1.8168 1.5894
2.6646 1.8004 1.5842
2.6815 1.7842 1.5785
2.6983 1.7684 1.5721
2.7152 1.7528 1.5651
2.7321 1.7374 1.5574
2.7489 1.7224 1.5489
2.7658 1.7076 1.5397
2.7827 1.6931 1.5299
2.7995 1.6789 1.5195
2.8164 1.6649 1.5085
2.8333 1.6511 1.4971
2.8501 1.6375 1.4853
2.8670 1.6241 1.4732
2.8839 1.6107 1.4610
2.9007 1.5975 1.4487
2.9176 1.5843 1.4364
2.9345 1.5712 1.4243
2.9513 1.5580 1.4123
2.9682 1.5448 1.4006
2.9850 1.5316 1.3892
3.0019 1.5184 1.3781
3.0188 1.5051 1.3673
3.0356 1.4918 1.3569
3.0525 1.4784 1.3469
3.0694 1.4651 1.3371
3.0862 1.4517 1.3276
3.1031 1.4384 1.3184
3.1200 1.4251 1.3093
3.1368 1.4119 1.3004
3.1537 1.3988 1.2916
3.1706 1.3858 1.2828
3.1874 1.3729 1.2741
3.2043 1.3602 1.2653
3.2211 1.3476 1.2565
3.2380 1.3352 1.2475
3.2549 1.3230 1.2385
3.2717 1.3109 1.2294
3.2886 1.2990 1.2201
3.3055 1.2874 1.2107
3.3223 1.2759 1.2012
3.3392 1.2645 1.1915
3.3561 1.2534 1.1818
3.3729 1.2425 1.1721
3.3898 1.2318 1.1623
3.4067 1.2214 1.1525
3.4235 1.2112 1.1428
3.4404 1.2013 1.1331
3.4573 1.1916 1.1236
3.4741 1.1823 1.1143
3.4910 1.1732 1.1052
3.5078 1.1645 1.0964
3.5247 1.1561 1.0880
3.5416 1.1481 1.0798
3.5584 1.1404 1.0721
3.5753 1.1330 1.0647
3.5922 1.1259 1.0578
3.6090 1.1190 1.0513
3.6259 1.1124 1.0452
3.6428 1.1059 1.0394
3.6596 1.0996 1.0341
3.6765 1.0933 1.0290
3.6934 1.0871 1.0243
3.7102 1.0809 1.0198
3.7271 1.0746 1.0155
3.7440 1.0681 1.0114
3.7608 1.0616 1.0074
3.7777 1.0548 1.0034
3.7945 1.0478 0.9995
3.8114 1.0406 0.9955
3.8283 1.0331 0.9915
3.8451 1.0253 0.9873
3.8620 1.0173 0.9830
3.8789 1.0090 0.9786
3.8957 1.0005 0.9740
3.9126 0.9917 0.9692
3.9295 0.9827 0.9642
3.9463 0.9735 0.9591
3.9632 0.9642 0.9537
3.9801 0.9547 0.9483
3.9969 0.9451 0.9427
4.0138 0.9354 0.9370
4.0307 0.9256 0.9312
4.0475 0.9159 0.9254
4.0644 0.9061 0.9196
4.0812 0.8965 0.9139
4.0981 0.8869 0.9082
4.1150 0.8774 0.9027
4.1318 0.8680 0.8973
4.1487 0.8588 0.8920
4.1656 0.8498 0.8868
4.1824 0.8410 0.8817
4.1993 0.8324 0.8768
4.2162 0.8241 0.8719
4.2330 0.8159 0.8671
4.2499 0.8080 0.8622
4.2668 0.8004 0.8574
4.2836 0.7930 0.8525
4.3005 0.7858 0.8475
4.3174 0.7789 0.8425
4.3342 0.7722 0.8373
4.3511 0.7658 0.8319
4.3679 0.7595 0.8265
4.3848 0.7535 0.8209
4.4017 0.7477 0.8152
4.4185 0.7420 0.8093
4.4354 0.7365 0.8035
4.4523 0.7312 0.7975
4.4691 0.7259 0.7916
4.4860 0.7208 0.7857
4.5029 0.7157 0.7798
4.5197 0.7107 0.7739
4.5366 0.7058 0.7682
4.5535 0.7008 0.7625
4.5703 0.6959 0.7570
4.5872 0.6910 0.7516
4.6041 0.6861 0.7463
4.6209 0.6812 0.7412
4.6378 0.6764 0.7362
4.6546 0.6716 0.7314
4.6715 0.6670 0.7266
4.6884 0.6624 0.7221
4.7052 0.6579 0.7176
4.7221 0.6536 0.7133
4.7390 0.6495 0.7090
4.7558 0.6456 0.7050
4.7727 0.6419 0.7010
4.7896 0.6384 0.6972
4.8064 0.6352 0.6935
4.8233 0.6322 0.6900
4.8402 0.6294 0.6866
4.8570 0.6269 0.6833
4.8739 0.6246 0.6801
4.8908 0.6225 0.6770
4.9076 0.6205 0.6740
4.9245 0.6187 0.6710
4.9413 0.6170 0.6681
4.9582 0.6154 0.6652
4.9751 0.6138 0.6623
4.9919 0.6122 0.6593
5.0088 0.6106 0.6562
5.0257 0.6089 0.6531
5.0425 0.6072 0.6498
5.0594 0.6054 0.6464
5.0763 0.6034 0.6428
5.0931 0.6013 0.6391
5.1100 0.5990 0.6352
5.1269 0.5965 0.6312
5.1437 0.5939 0.6270
5.1606 0.5911 0.6227
5.1774 0.5881 0.6182
5.1943 0.5849 0.6137
5.2112 0.5816 0.6090
5.2280 0.5782 0.6043
5.2449 0.5746 0.5995
5.2618 0.5709 0.5947
5.2786 0.5672 0.5899
5.2955 0.5634 0.5851
5.3124 0.5595 0.5804
5.3292 0.5557 0.5757
5.3461 0.5518 0.5710
5.3630 0.5480 0.5665
5.3798 0.5443 0.5620
5.3967 0.5406 0.5577
5.4136 0.5370 0.5535
5.4304 0.5335 0.5493
5.4473 0.5301 0.5454
5.4641 0.5268 0.5415
5.4810 0.5237 0.5378
5.4979 0.5207 0.5342
5.5147 0.5178 0.5308
5.5316 0.5151 0.5275
5.5485 0.5125 0.5243
5.5653 0.5100 0.5212
5.5822 0.5076 0.5183
5.5991 0.5053 0.5155
5.6159 0.5030 0.5128
5.6328 0.5008 0.5102
5.6497 0.4987 0.5077
5.6665 0.4966 0.5053
5.6834 0.4944 0.5031
5.7003 0.4923 0.5009
5.7171 0.4901 0.4988
5.7340 0.4879 0.4969
5.7508 0.4856 0.4950
5.7677 0.4833 0.4932
5.7846 0.4809 0.4914
5.8014 0.4784 0.4898
5.8183 0.4759 0.4882
5.8352 0.4733 0.4866
5.8520 0.4707 0.4851
5.8689 0.4681 0.4836
5.8858 0.4654 0.4821
5.9026 0.4626 0.4806
5.9195 0.4599 0.4791
5.9364 0.4572 0.4775
5.9532 0.4545 0.4759
5.9701 0.4518 0.4742
5.9870 0.4492 0.4724
6.0038 0.4466 0.4706
6.0207 0.4440 0.4686
6.0375 0.4415 0.4665
6.0544 0.4391 0.4644
6.0713 0.4367 0.4621
6.0881 0.4344 0.4597
6.1050 0.4322 0.4573
6.1219 0.4300 0.4548
6.1387 0.4279 0.4522
6.1556 0.4259 0.4496
6.1725 0.4240 0.4469
6.1893 0.4221 0.4442
6.2062 0.4203 0.4416
6.2231 0.4186 0.4390
6.2399 0.4170 0.4364
6.2568 0.4154 0.4339
6.2737 0.4140 0.4315
6.2905 0.4125 0.4291
6.3074 0.4112 0.4269
6.3242 0.4098 0.4248
6.3411 0.4085 0.4227
6.3580 0.4073 0.4208
6.3748 0.4061 0.4190
6.3917 0.4049 0.4172
6.4086 0.4037 0.4155
6.4254 0.4025 0.4139
6.4423 0.4013 0.4123
6.4592 0.4001 0.4108
6.4760 0.3989 0.4093
6.4929 0.3977 0.4078
6.5098 0.3965 0.4063
6.5266 0.3952 0.4047
6.5435 0.3940 0.4031
6.5604 0.3927 0.4015
6.5772 0.3915 0.3999
6.5941 0.3902 0.3982
6.6109 0.3889 0.3965
6.6278 0.3876 0.3948
6.6447 0.3863 0.3930
6.6615 0.3851 0.3912
6.6784 0.3838 0.3893
6.6953 0.3825 0.3875
6.7121 0.3812 0.3857
6.7290 0.3799 0.3839
6.7459 0.3787 0.3821
6.7627 0.3774 0.3803
6.7796 0.3762 0.3786
6.7965 0.3749 0.3769
6.8133 0.3737 0.3753
6.8302 0.3725 0.3738
6.8471 0.3713 0.3723
6.8639 0.3701 0.3709
6.8808 0.3689 0.3696
6.8976 0.3677 0.3683
6.9145 0.3666 0.3671
6.9314 0.3655 0.3660
6.9482 0.3643 0.3649
6.9651 0.3632 0.3638
6.9820 0.3622 0.3628
6.9988 0.3611 0.3618
7.0157 0.3601 0.3608
7.0326 0.3591 0.3599
7.0494 0.3581 0.3590
7.0663 0.3572 0.3580
7.0832 0.3563 0.3571
7.1000 0.3555 0.3562
7.1169 0.3547 0.3553
7.1338 0.3540 0.3544
7.1506 0.3534 0.3535
7.1675 0.3528 0.3526
7.1843 0.3523 0.3517
7.2012 0.3518 0.3508
7.2181 0.3514 0.3499
7.2349 0.3510 0.3490
7.2518 0.3506 0.3481
7.2687 0.3503 0.3471
7.2855 0.3499 0.3462
7.3024 0.3496 0.3453
7.3193 0.3493 0.3444
7.3361 0.3489 0.3434
7.3530 0.3485 0.3424
7.3699 0.3481 0.3413
7.3867 0.3476 0.3403
7.4036 0.3471 0.3391
7.4204 0.3465 0.3380
7.4373 0.3459 0.3368
7.4542 0.3452 0.3355
7.4710 0.3444 0.3342
7.4879 0.3436 0.3329
7.5048 0.3427 0.3315
7.5216 0.3417 0.3301
7.5385 0.3407 0.3287
7.5554 0.3396 0.3273
7.5722 0.3385 0.3258
7.5891 0.3374 0.3244
7.6060 0.3362 0.3230
7.6228 0.3350 0.3216
7.6397 0.3337 0.3203
7.6566 0.3325 0.3189
7.6734 0.3312 0.3177
7.6903 0.3299 0.3164
7.7071 0.3287 0.3152
7.7240 0.3275 0.3141
7.7409 0.3262 0.3130
7.7577 0.3251 0.3119
7.7746 0.3239 0.3109
7.7915 0.3228 0.3099
7.8083 0.3218 0.3089
7.8252 0.3207 0.3080
7.8421 0.3198 0.3072
7.8589 0.3189 0.3063
7.8758 0.3180 0.3056
7.8927 0.3172 0.3048
7.9095 0.3165 0.3041
7.9264 0.3158 0.3035
7.9433 0.3151 0.3029
7.9601 0.3144 0.3024
7.9770 0.3138 0.3019
7.9938 0.3132 0.3015
8.0107 0.3126 0.3011
8.0276 0.3121 0.3009
8.0444 0.3115 0.3006
8.0613 0.3109 0.3005
8.0782 0.3103 0.3004
8.0950 0.3096 0.3003
8.1119 0.3089 0.3003
8.1288 0.3082 0.3003
8.1456 0.3075 0.3004
8.1625 0.3067 0.3005
8.1794 0.3059 0.3006
8.1962 0.3050 0.3006
8.2131 0.3041 0.3007
8.2300 0.3031 0.3008
8.2468 0.3021 0.3008
8.2637 0.3011 0.3008
8.2805 0.3000 0.3007
8.2974 0.2990 0.3007
8.3143 0.2978 0.3005
8.3311 0.2967 0.3003
8.3480 0.2955 0.3001
8.3649 0.2944 0.2998
8.3817 0.2932 0.2995
8.3986 0.2920 0.2991
8.4155 0.2908 0.2987
8.4323 0.2897 0.2982
8.4492 0.2885 0.2977
8.4661 0.2873 0.2971
8.4829 0.2861 0.2964
8.4998 0.2849 0.2958
8.5167 0.2837 0.2950
8.5335 0.2825 0.2942
8.5504 0.2813 0.2933
8.5672 0.2801 0.2924
8.5841 0.2788 0.2915
8.6010 0.2776 0.2905
8.6178 0.2763 0.2894
8.6347 0.2750 0.2883
8.6516 0.2737 0.2872
8.6684 0.2724 0.2860
8.6853 0.2711 0.2848
8.7022 0.2698 0.2836
8.7190 0.2684 0.2823
8.7359 0.2671 0.2810
8.7528 0.2658 0.2797
8.7696 0.2645 0.2784
8.7865 0.2633 0.2770
8.8034 0.2621 0.2756
8.8202 0.2609 0.2742
8.8371 0.2597 0.2728
8.8539 0.2586 0.2714
8.8708 0.2575 0.2699
8.8877 0.2565 0.2684
8.9045 0.2554 0.2670
8.9214 0.2544 0.2655
8.9383 0.2535 0.2640
8.9551 0.2525 0.2625
8.9720 0.2516 0.2611
8.9889 0.2506 0.2596
9.0057 0.2497 0.2581
9.0226 0.2488 0.2567
9.0395 0.2478 0.2553
9.0563 0.2469 0.2539
9.0732 0.2459 0.2525
9.0901 0.2449 0.2511
9.1069 0.2439 0.2498
9.1238 0.2429 0.2485
9.1406 0.2419 0.2472
9.1575 0.2409 0.2459
9.1744 0.2399 0.2447
9.1912 0.2389 0.2434
9.2081 0.2379 0.2422
9.2250 0.2369 0.2409
9.2418 0.2359 0.2397
9.2587 0.2350 0.2385
9.2756 0.2340 0.2372
9.2924 0.2331 0.2360
9.3093 0.2322 0.2348
9.3262 0.2314 0.2335
9.3430 0.2305 0.2323
9.3599 0.2297 0.2311
9.3767 0.2289 0.2298
9.3936 0.2281 0.2286
9.4105 0.2273 0.2274
9.4273 0.2265 0.2262
9.4442 0.2257 0.2251
9.4611 0.2250 0.2240
9.4779 0.2242 0.2229
9.4948 0.2234 0.2218
9.5117 0.2227 0.2207
9.5285 0.2219 0.2197
9.5454 0.2211 0.2187
9.5623 0.2203 0.2178
9.5791 0.2195 0.2169
9.5960 0.2187 0.2160
9.6129 0.2179 0.2151
9.6297 0.2172 0.2142
9.6466 0.2164 0.2134
9.6634 0.2157 0.2125
9.6803 0.2150 0.2117
9.6972 0.2142 0.2108
9.7140 0.2136 0.2100
9.7309 0.2129 0.2091
9.7478 0.2122 0.2082
9.7646 0.2116 0.2074
9.7815 0.2109 0.2065
9.7984 0.2103 0.2056
9.8152 0.2096 0.2048
9.8321 0.2089 0.2039
9.8490 0.2082 0.2030
9.8658 0.2075 0.2022
9.8827 0.2067 0.2013
9.8996 0.2059 0.2005
9.9164 0.2051 0.1997
9.9333 0.2042 0.1989
9.9501 0.2033 0.1982
9.9670 0.2023 0.1974
9.9839 0.2012 0.1967
10.0007 0.2002 0.1960
10.0176 0.1991 0.1953
10.0345 0.1980 0.1946
10.0513 0.1968 0.1940
10.0682 0.1957 0.1933
10.0851 0.1945 0.1927
10.1019 0.1933 0.1921
10.1188 0.1921 0.1915
10.1357 0.1910 0.1910
10.1525 0.1898 0.1904
10.1694 0.1887 0.1898
10.1863 0.1875 0.1893
10.2031 0.1865 0.1887
10.2200 0.1854 0.1882
10.2368 0.1844 0.1877
10.2537 0.1834 0.1872
10.2706 0.1824 0.1866
10.2874 0.1814 0.1861
10.3043 0.1805 0.1856
10.3212 0.1797 0.1851
10.3380 0.1788 0.1845
10.3549 0.1780 0.1840
10.3718 0.1772 0.1834
10.3886 0.1764 0.1828
10.4055 0.1757 0.1822
10.4224 0.1749 0.1816
10.4392 0.1742 0.1810
10.4561 0.1735 0.1803
10.4730 0.1728 0.1797
10.4898 0.1721 0.1790
10.5067 0.1714 0.1783
10.5235 0.1707 0.1777
10.5404 0.1700 0.1770
10.5573 0.1694 0.1763
10.5741 0.1687 0.1757
10.5910 0.1680 0.1750
10.6079 0.1673 0.1744
10.6247 0.1666 0.1737
10.6416 0.1659 0.1731
10.6585 0.1652 0.1725
10.6753 0.1645 0.1719
10.6922 0.1638 0.1713
10.7091 0.1631 0.1707
10.7259 0.1623 0.1701
10.7428 0.1616 0.1695
10.7597 0.1609 0.1689
10.7765 0.1601 0.1683
10.7934 0.1594 0.1677
10.8102 0.1586 0.1671
10.8271 0.1578 0.1664
10.8440 0.1570 0.1657
10.8608 0.1562 0.1650
10.8777 0.1554 0.1643
10.8946 0.1546 0.1636
10.9114 0.1538 0.1629
10.9283 0.1530 0.1621
10.9452 0.1521 0.1613
10.9620 0.1513 0.1605
10.9789 0.1504 0.1597
10.9958 0.1495 0.1589
11.0126 0.1486 0.1581
11.0295 0.1477 0.1573
11.0464 0.1468 0.1565
11.0632 0.1459 0.1557
11.0801 0.1450 0.1550
11.0969 0.1440 0.1542
11.1138 0.1431 0.1534
11.1307 0.1421 0.1526
11.1475 0.1411 0.1519
11.1644 0.1402 0.1511
11.1813 0.1392 0.1504
11.1981 0.1382 0.1496
11.2150 0.1372 0.1489
11.2319 0.1363 0.1481
11.2487 0.1353 0.1474
11.2656 0.1343 0.1466
11.2825 0.1334 0.1459
11.2993 0.1325 0.1451
11.3162 0.1315 0.1444
11.3330 0.1306 0.1436
11.3499 0.1297 0.1428
11.3668 0.1288 0.1420
11.3836 0.1280 0.1412
11.4005 0.1271 0.1403
11.4174 0.1263 0.1395
11.4342 0.1254 0.1386
11.4511 0.1246 0.1377
11.4680 0.1238 0.1368
11.4848 0.1230 0.1359
11.5017 0.1222 0.1350
11.5186 0.1214 0.1341
11.5354 0.1206 0.1331
11.5523 0.1199 0.1322
11.5692 0.1191 0.1313
11.5860 0.1184 0.1303
11.6029 0.1177 0.1294
11.6197 0.1170 0.1285
11.6366 0.1163 0.1275
11.6535 0.1156 0.1266
11.6703 0.1149 0.1257
11.6872 0.1142 0.1249
11.7041 0.1136 0.1240
11.7209 0.1129 0.1232
11.7378 0.1123 0.1223
11.7547 0.1116 0.1215
11.7715 0.1110 0.1208
11.7884 0.1104 0.1200
11.8053 0.1098 0.1192
11.8221 0.1092 0.1185
11.8390 0.1086 0.1178
11.8559 0.1080 0.1171
11.8727 0.1074 0.1164
11.8896 0.1068 0.1157
11.9064 0.1062 0.1151
11.9233 0.1056 0.1144
11.9402 0.1050 0.1138
11.9570 0.1044 0.1131
11.9739 0.1038 0.1124
11.9908 0.1031 0.1118
12.0076 0.1025 0.1111
12.0245 0.1019 0.1105
12.0414 0.1013 0.1098
12.0582 0.1006 0.1091
12.0751 0.1000 0.1085
12.0920 0.0993 0.1078
12.1088 0.0986 0.1071
12.1257 0.0980 0.1064
12.1426 0.0973 0.1058
12.1594 0.0966 0.1051
12.1763 0.0959 0.1044
12.1931 0.0951 0.1037
12.2100 0.0944 0.1031
12.2269 0.0937 0.1024
12.2437 0.0930 0.1018
12.2606 0.0922 0.1011
12.2775 0.0915 0.1005
12.2943 0.0908 0.0998
12.3112 0.0901 0.0992
12.3281 0.0893 0.0986
12.3449 0.0886 0.0980
12.3618 0.0879 0.0974
12.3787 0.0873 0.0968
12.3955 0.0866 0.0962
12.4124 0.0859 0.0956
12.4293 0.0853 0.0950
12.4461 0.0847 0.0945
12.4630 0.0841 0.0939
12.4798 0.0835 0.0934
12.4967 0.0829 0.0928
12.5136 0.0823 0.0923
12.5304 0.0818 0.0918
12.5473 0.0813 0.0913
12.5642 0.0808 0.0908
12.5810 0.0803 0.0903
12.5979 0.0798 0.0898
12.6148 0.0793 0.0893
12.6316 0.0789 0.0888
12.6485 0.0785 0.0883
12.6654 0.0780 0.0878
12.6822 0.0776 0.0873
12.6991 0.0772 0.0868
12.7160 0.0767 0.0862
12.7328 0.0763 0.0857
12.7497 0.0758 0.0852
12.7665 0.0754 0.0846
12.7834 0.0749 0.0841
12.8003 0.0744 0.0835
12.8171 0.0739 0.0829
12.8340 0.0734 0.0823
12.8509 0.0728 0.0817
12.8677 0.0723 0.0810
12.8846 0.0717 0.0804
12.9015 0.0711 0.0797
12.9183 0.0705 0.0791
12.9352 0.0699 0.0784
12.9521 0.0693 0.0777
12.9689 0.0687 0.0770
12.9858 0.0681 0.0764
13.0027 0.0675 0.0757
13.0195 0.0669 0.0750
13.0364 0.0663 0.0744
13.0532 0.0658 0.0737
13.0701 0.0652 0.0731
13.0870 0.0647 0.0724
13.1038 0.0641 0.0718
13.1207 0.0636 0.0712
13.1376 0.0631 0.0706
13.1544 0.0626 0.0700
13.1713 0.0622 0.0694
13.1882 0.0617 0.0688
13.2050 0.0613 0.0683
13.2219 0.0608 0.0677
13.2388 0.0604 0.0671
13.2556 0.0600 0.0666
13.2725 0.0596 0.0660
13.2894 0.0592 0.0655
13.3062 0.0588 0.0650
13.3231 0.0584 0.0644
13.3399 0.0580 0.0639
13.3568 0.0577 0.0634
13.3737 0.0573 0.0629
13.3905 0.0569 0.0624
13.4074 0.0565 0.0619
13.4243 0.0562 0.0614
13.4411 0.0558 0.0610
13.4580 0.0554 0.0605
13.4749 0.0550 0.0600
13.4917 0.0547 0.0596
13.5086 0.0543 0.0592
13.5255 0.0539 0.0587
13.5423 0.0535 0.0583
13.5592 0.0532 0.0579
13.5760 0.0528 0.0575
13.5929 0.0524 0.0570
13.6098 0.0521 0.0566
13.6266 0.0517 0.0562
13.6435 0.0513 0.0558
13.6604 0.0510 0.0554
13.6772 0.0506 0.0549
13.6941 0.0503 0.0545
13.7110 0.0499 0.0541
13.7278 0.0496 0.0536
13.7447 0.0492 0.0532
13.7616 0.0489 0.0528
13.7784 0.0485 0.0523
13.7953 0.0481 0.0519
13.8122 0.0478 0.0515
13.8290 0.0474 0.0510
13.8459 0.0471 0.0506
13.8627 0.0467 0.0502
13.8796 0.0463 0.0498
13.8965 0.0460 0.0494
13.9133 0.0456 0.0490
13.9302 0.0453 0.0485
13.9471 0.0450 0.0481
13.9639 0.0446 0.0477
13.9808 0.0443 0.0473
13.9977 0.0440 0.0469
14.0145 0.0437 0.0465
14.0314 0.0434 0.0460
14.0483 0.0432 0.0456
14.0651 0.0429 0.0452
14.0820 0.0427 0.0447
14.0989 0.0424 0.0443
14.1157 0.0422 0.0439
14.1326 0.0419 0.0434
14.1494 0.0417 0.0430
14.1663 0.0415 0.0426
14.1832 0.0412 0.0422
14.2000 0.0410 0.0417
14.2169 0.0407 0.0413
14.2338 0.0405 0.0409
14.2506 0.0402 0.0405
14.2675 0.0399 0.0401
14.2844 0.0397 0.0398
14.3012 0.0394 0.0394
14.3181 0.0391 0.0391
14.3350 0.0388 0.0387
14.3518 0.0385 0.0384
14.3687 0.0381 0.0381
14.3856 0.0378 0.0378
14.4024 0.0375 0.0375
14.4193 0.0372 0.0372
14.4361 0.0368 0.0370
14.4530 0.0365 0.0367
14.4699 0.0361 0.0364
14.4867 0.0358 0.0362
14.5036 0.0355 0.0359
14.5205 0.0351 0.0357
14.5373 0.0348 0.0354
14.5542 0.0345 0.0352
14.5711 0.0342 0.0349
14.5879 0.0339 0.0347
14.6048 0.0336 0.0345
14.6217 0.0333 0.0342
14.6385 0.0330 0.0340
14.6554 0.0327 0.0337
14.6723 0.0324 0.0335
14.6891 0.0321 0.0333
14.7060 0.0318 0.0330
14.7228 0.0316 0.0328
14.7397 0.0313 0.0326
14.7566 0.0311 0.0324
14.7734 0.0308 0.0321
14.7903 0.0306 0.0319
14.8072 0.0304 0.0317
14.8240 0.0302 0.0315
14.8409 0.0299 0.0313
14.8578 0.0297 0.0311
14.8746 0.0295 0.0309
14.8915 0.0293 0.0307
14.9084 0.0291 0.0305
14.9252 0.0289 0.0304
14.9421 0.0287 0.0302
14.9590 0.0286 0.0300
14.9758 0.0284 0.0298
14.9927 0.0282 0.0296
15.0095 0.0280 0.0294
15.0264 0.0278 0.0292
15.0433 0.0276 0.0290
15.0601 0.0274 0.0288
15.0770 0.0273 0.0286
15.0939 0.0271 0.0284
15.1107 0.0269 0.0282
15.1276 0.0267 0.0280
15.1445 0.0265 0.0278
15.1613 0.0263 0.0276
15.1782 0.0261 0.0273
15.1951 0.0259 0.0271
15.2119 0.0257 0.0269
15.2288 0.0255 0.0267
15.2457 0.0253 0.0264
15.2625 0.0250 0.0262
15.2794 0.0248 0.0260
15.2962 0.0246 0.0258
15.3131 0.0244 0.0256
15.3300 0.0242 0.0253
15.3468 0.0240 0.0251
15.3637 0.0238 0.0249
15.3806 0.0236 0.0247
15.3974 0.0234 0.0245
15.4143 0.0232 0.0243
15.4312 0.0230 0.0241
15.4480 0.0228 0.0238
15.4649 0.0226 0.0236
15.4818 0.0224 0.0234
15.4986 0.0222 0.0232
15.5155 0.0219 0.0230
15.5323 0.0217 0.0228
15.5492 0.0215 0.0226
15.5661 0.0213 0.0224
15.5829 0.0211 0.0221
15.5998 0.0209 0.0219
15.6167 0.0206 0.0217
15.6335 0.0204 0.0215
15.6504 0.0202 0.0213
15.6673 0.0200 0.0211
15.6841 0.0198 0.0208
15.7010 0.0195 0.0206
15.7179 0.0193 0.0204
15.7347 0.0191 0.0202
15.7516 0.0189 0.0200
15.7685 0.0187 0.0198
15.7853 0.0185 0.0195
15.8022 0.0183 0.0193
15.8190 0.0181 0.0191
15.8359 0.0179 0.0189
15.8528 0.0177 0.0187
15.8696 0.0175 0.0185
15.8865 0.0174 0.0183
15.9034 0.0172 0.0180
15.9202 0.0170 0.0178
15.9371 0.0168 0.0176
15.9540 0.0167 0.0174
15.9708 0.0165 0.0173
15.9877 0.0164 0.0171
16.0046 0.0162 0.0169
16.0214 0.0160 0.0167
16.0383 0.0159 0.0165
16.0552 0.0157 0.0164
16.0720 0.0155 0.0162
16.0889 0.0154 0.0160
16.1057 0.0152 0.0159
16.1226 0.0151 0.0157
16.1395 0.0149 0.0156
16.1563 0.0148 0.0155
16.1732 0.0146 0.0153
16.1901 0.0145 0.0152
16.2069 0.0143 0.0151
16.2238 0.0142 0.0150
16.2407 0.0140 0.0149
16.2575 0.0139 0.0148
16.2744 0.0138 0.0147
16.2913 0.0136 0.0146
16.3081 0.0135 0.0145
16.3250 0.0134 0.0144
16.3419 0.0133 0.0143
16.3587 0.0132 0.0143
16.3756 0.0131 0.0142
16.3924 0.0130 0.0141
16.4093 0.0129 0.0140
16.4262 0.0128 0.0139
16.4430 0.0127 0.0139
16.4599 0.0126 0.0138
16.4768 0.0125 0.0137
16.4936 0.0124 0.0136
16.5105 0.0123 0.0135
16.5274 0.0122 0.0134
16.5442 0.0121 0.0133
16.5611 0.0121 0.0132
16.5780 0.0120 0.0131
16.5948 0.0119 0.0130
16.6117 0.0118 0.0129
16.6286 0.0117 0.0128
16.6454 0.0117 0.0127
16.6623 0.0116 0.0126
16.6791 0.0115 0.0125
16.6960 0.0114 0.0124
16.7129 0.0113 0.0122
16.7297 0.0113 0.0121
16.7466 0.0112 0.0120
16.7635 0.0111 0.0119
16.7803 0.0110 0.0118
16.7972 0.0109 0.0117
16.8141 0.0109 0.0116
16.8309 0.0108 0.0115
16.8478 0.0107 0.0114
16.8647 0.0106 0.0113
16.8815 0.0105 0.0112
16.8984 0.0104 0.0111
16.9153 0.0104 0.0110
16.9321 0.0103 0.0110
16.9490 0.0102 0.0109
16.9658 0.0101 0.0108
16.9827 0.0100 0.0107
16.9996 0.0099 0.0106
17.0164 0.0098 0.0106
17.0333 0.0097 0.0105
17.0502 0.0096 0.0104
17.0670 0.0095 0.0103
17.0839 0.0095 0.0102
17.1008 0.0094 0.0101
17.1176 0.0093 0.0100
17.1345 0.0092 0.0099
17.1514 0.0091 0.0098
17.1682 0.0090 0.0097
17.1851 0.0089 0.0096
17.2020 0.0089 0.0095
17.2188 0.0088 0.0094
17.2357 0.0087 0.0093
17.2525 0.0086 0.0092
17.2694 0.0085 0.0091
17.2863 0.0085 0.0090
17.3031 0.0084 0.0089
17.3200 0.0083 0.0088
17.3369 0.0083 0.0087
17.3537 0.0082 0.0086
17.3706 0.0081 0.0085
17.3875 0.0081 0.0084
17.4043 0.0080 0.0083
17.4212 0.0080 0.0082
17.4381 0.0079 0.0081
17.4549 0.0078 0.0080
17.4718 0.0078 0.0080
17.4886 0.0077 0.0079
17.5055 0.0077 0.0078
17.5224 0.0077 0.0077
17.5392 0.0076 0.0076
17.5561 0.0076 0.0076
17.5730 0.0075 0.0075
17.5898 0.0075 0.0074
17.6067 0.0074 0.0073
17.6236 0.0074 0.0073
17.6404 0.0074 0.0072
17.6573 0.0073 0.0071
17.6742 0.0073 0.0071
17.6910 0.0073 0.0070
17.7079 0.0072 0.0070
17.7248 0.0072 0.0069
17.7416 0.0071 0.0068
17.7585 0.0071 0.0068
17.7753 0.0071 0.0067
17.7922 0.0070 0.0066
17.8091 0.0070 0.0066
17.8259 0.0069 0.0065
17.8428 0.0069 0.0065
17.8597 0.0068 0.0064
17.8765 0.0068 0.0064
17.8934 0.0067 0.0063
17.9103 0.0066 0.0063
17.9271 0.0066 0.0062
17.9440 0.0065 0.0062
17.9609 0.0065 0.0062
17.9777 0.0064 0.0061
17.9946 0.0063 0.0061
18.0115 0.0063 0.0060
18.0283 0.0062 0.0060
18.0452 0.0061 0.0060
18.0620 0.0061 0.0059
18.0789 0.0060 0.0059
18.0958 0.0059 0.0059
18.1126 0.0059 0.0058
18.1295 0.0058 0.0058
18.1464 0.0058 0.0058
18.1632 0.0057 0.0057
18.1801 0.0057 0.0057
18.1970 0.0056 0.0057
18.2138 0.0055 0.0056
18.2307 0.0055 0.0056
18.2476 0.0054 0.0055
18.2644 0.0054 0.0055
18.2813 0.0054 0.0055
18.2982 0.0053 0.0054
18.3150 0.0053 0.0054
18.3319 0.0052 0.0053
18.3487 0.0052 0.0053
18.3656 0.0051 0.0052
18.3825 0.0051 0.0052
18.3993 0.0050 0.0051
18.4162 0.0050 0.0051
18.4331 0.0050 0.0050
18.4499 0.0049 0.0050
18.4668 0.0049 0.0050
18.4837 0.0048 0.0049
18.5005 0.0048 0.0049
18.5174 0.0048 0.0048
18.5343 0.0047 0.0048
18.5511 0.0047 0.0047
18.5680 0.0046 0.0047
18.5849 0.0046 0.0047
18.6017 0.0046 0.0046
18.6186 0.0045 0.0046
18.6354 0.0045 0.0045
18.6523 0.0044 0.0045
18.6692 0.0044 0.0045
18.6860 0.0043 0.0044
18.7029 0.0043 0.0044
18.7198 0.0043 0.0043
18.7366 0.0042 0.0043
18.7535 0.0042 0.0042
18.7704 0.0041 0.0042
18.7872 0.0041 0.0042
18.8041 0.0041 0.0041
18.8210 0.0040 0.0041
18.8378 0.0040 0.0040
18.8547 0.0040 0.0040
18.8716 0.0039 0.0039
18.8884 0.0039 0.0039
18.9053 0.0038 0.0038
18.9221 0.0038 0.0038
18.9390 0.0038 0.0037
18.9559 0.0038 0.0037
18.9727 0.0037 0.0037
18.9896 0.0037 0.0036
19.0065 0.0037 0.0036
19.0233 0.0036 0.0035
19.0402 0.0036 0.0035
19.0571 0.0036 0.0035
19.0739 0.0035 0.0034
19.0908 0.0035 0.0034
19.1077 0.0035 0.0034
19.1245 0.0035 0.0033
19.1414 0.0034 0.0033
19.1583 0.0034 0.0033
19.1751 0.0034 0.0033
19.1920 0.0034 0.0032
19.2088 0.0033 0.0032
19.2257 0.0033 0.0032
19.2426 0.0033 0.0032
19.2594 0.0032 0.0031
19.2763 0.0032 0.0031
19.2932 0.0032 0.0031
19.3100 0.0032 0.0031
19.3269 0.0031 0.0031
19.3438 0.0031 0.0030
19.3606 0.0031 0.0030
19.3775 0.0030 0.0030
19.3944 0.0030 0.0030
19.4112 0.0030 0.0029
19.4281 0.0030 0.0029
19.4449 0.0029 0.0029
19.4618 0.0029 0.0029
19.4787 0.0029 0.0028
19.4955 0.0029 0.0028
19.5124 0.0029 0.0028
19.5293 0.0028 0.0028
19.5461 0.0028 0.0027
19.5630 0.0028 0.0027
19.5799 0.0028 0.0027
19.5967 0.0028 0.0027
19.6136 0.0027 0.0026
19.6305 0.0027 0.0026
19.6473 0.0027 0.0026
19.6642 0.0027 0.0026
19.6811 0.0027 0.0026
19.6979 0.0027 0.0025
19.7148 0.0026 0.0025
19.7316 0.0026 0.0025
19.7485 0.0026 0.0025
19.7654 0.0026 0.0025
19.7822 0.0025 0.0024
19.7991 0.0025 0.0024
19.8160 0.0025 0.0024
19.8328 0.0025 0.0024
19.8497 0.0025 0.0024
19.8666 0.0024 0.0023
19.8834 0.0024 0.0023
19.9003 0.0024 0.0023
19.9172 0.0024 0.0023
19.9340 0.0023 0.0023
19.9509 0.0023 0.0022
19.9678 0.0023 0.0022
19.9846 0.0023 0.0022
20.0015 0.0023 0.0022
20.0183 0.0022 0.0022
20.0352 0.0022 0.0021
20.0521 0.0022 0.0021
20.0689 0.0022 0.0021
20.0858 0.0022 0.0021
20.1027 0.0022 0.0021
20.1195 0.0021 0.0021
20.1364 0.0021 0.0020
20.1533 0.0021 0.0020
20.1701 0.0021 0.0020
20.1870 0.0021 0.0020
20.2039 0.0021 0.0020
20.2207 0.0020 0.0020
20.2376 0.0020 0.0019
20.2545 0.0020 0.0019
20.2713 0.0020 0.0019
20.2882 0.0020 0.0019
20.3050 0.0020 0.0019
20.3219 0.0020 0.0019
20.3388 0.0019 0.0019
20.3556 0.0019 0.0018
20.3725 0.0019 0.0018
20.3894 0.0019 0.0018
20.4062 0.0019 0.0018
20.4231 0.0019 0.0018
20.4400 0.0018 0.0018
20.4568 0.0018 0.0018
20.4737 0.0018 0.0018
20.4906 0.0018 0.0017
20.5074 0.0018 0.0017
20.5243 0.0018 0.0017
20.5412 0.0018 0.0017
20.5580 0.0017 0.0017
20.5749 0.0017 0.0017
20.5917 0.0017 0.0017
20.6086 0.0017 0.0017
20.6255 0.0017 0.0017
20.6423 0.0017 0.0016
20.6592 0.0017 0.0016
20.6761 0.0017 0.0016
20.6929 0.0017 0.0016
20.7098 0.0016 0.0016
20.7267 0.0016 0.0016
20.7435 0.0016 0.0016
20.7604 0.0016 0.0016
20.7773 0.0016 0.0016
20.7941 0.0016 0.0016
20.8110 0.0016 0.0016
20.8279 0.0016 0.0015
20.8447 0.0016 0.0015
20.8616 0.0016 0.0015
20.8784 0.0015 0.0015
20.8953 0.0015 0.0015
20.9122 0.0015 0.0015
20.9290 0.0015 0.0015
20.9459 0.0015 0.0015
20.9628 0.0015 0.0015
20.9796 0.0015 0.0015
20.9965 0.0015 0.0015
21.0134 0.0015 0.0015
21.0302 0.0015 0.0015
21.0471 0.0015 0.0014
21.0640 0.0015 0.0014
21.0808 0.0015 0.0014
21.0977 0.0015 0.0014
21.1146 0.0014 0.0014
21.1314 0.0014 0.0014
21.1483 0.0014 0.0014
21.1651 0.0014 0.0014
21.1820 0.0014 0.0014
21.1989 0.0014 0.0014
21.2157 0.0014 0.0014
21.2326 0.0014 0.0014
21.2495 0.0014 0.0013
21.2663 0.0014 0.0013
21.2832 0.0014 0.0013
21.3001 0.0014 0.0013
21.3169 0.0014 0.0013
21.3338 0.0013 0.0013
21.3507 0.0013 0.0013
21.3675 0.0013 0.0013
21.3844 0.0013 0.0013
21.4013 0.0013 0.0013
21.4181 0.0013 0.0013
21.4350 0.0013 0.0013
21.4518 0.0013 0.0013
21.4687 0.0013 0.0012
21.4856 0.0013 0.0012
21.5024 0.0013 0.0012
21.5193 0.0013 0.0012
21.5362 0.0013 0.0012
21.5530 0.0013 0.0012
21.5699 0.0013 0.0012
21.5868 0.0013 0.0012
21.6036 0.0012 0.0012
21.6205 0.0012 0.0012
21.6374 0.0012 0.0012
21.6542 0.0012 0.0012
21.6711 0.0012 0.0012
21.6879 0.0012 0.0012
21.7048 0.0012 0.0012
21.7217 0.0012 0.0012
21.7385 0.0012 0.0012
21.7554 0.0012 0.0011
21.7723 0.0012 0.0011
21.7891 0.0012 0.0011
21.8060 0.0012 0.0011
21.8229 0.0012 0.0011
21.8397 0.0012 0.0011
21.8566 0.0012 0.0011
21.8735 0.0012 0.0011
21.8903 0.0012 0.0011
21.9072 0.0012 0.0011
21.9241 0.0012 0.0011
21.9409 0.0011 0.0011
21.9578 0.0011 0.0011
21.9746 0.0011 0.0011
21.9915 0.0011 0.0011
22.0084 0.0011 0.0011
22.0252 0.0011 0.0011
22.0421 0.0011 0.0011
22.0590 0.0011 0.0011
22.0758 0.0011 0.0011
22.0927 0.0011 0.0011
22.1096 0.0011 0.0011
22.1264 0.0011 0.0011
22.1433 0.0011 0.0010
22.1602 0.0011 0.0010
22.1770 0.0011 0.0010
22.1939 0.0011 0.0010
22.2108 0.0011 0.0010
22.2276 0.0011 0.0010
22.2445 0.0011 0.0010
22.2613 0.0011 0.0010
22.2782 0.0010 0.0010
22.2951 0.0010 0.0010
22.3119 0.0010 0.0010
22.3288 0.0010 0.0010
22.3457 0.0010 0.0010
22.3625 0.0010 0.0010
22.3794 0.0010 0.0010
22.3963 0.0010 0.0010
22.4131 0.0010 0.0010
22.4300 0.0010 0.0010
22.4469 0.0010 0.0010
22.4637 0.0010 0.0010
22.4806 0.0010 0.0010
22.4975 0.0010 0.0010
22.5143 0.0010 0.0010
22.5312 0.0010 0.0010
22.5480 0.0010 0.0010
22.5649 0.0010 0.0010
22.5818 0.0010 0.0010
22.5986 0.0010 0.0010
22.6155 0.0010 0.0010
22.6324 0.0010 0.0009
22.6492 0.0010 0.0009
22.6661 0.0010 0.0009
22.6830 0.0010 0.0009
22.6998 0.0010 0.0009
22.7167 0.0010 0.0009
22.7336 0.0009 0.0009
22.7504 0.0009 0.0009
22.7673 0.0009 0.0009
22.7842 0.0009 0.0009
22.8010 0.0009 0.0009
22.8179 0.0009 0.0009
22.8347 0.0009 0.0009
22.8516 0.0009 0.0009
22.8685 0.0009 0.0009
22.8853 0.0009 0.0009
22.9022 0.0009 0.0009
22.9191 0.0009 0.0009
22.9359 0.0009 0.0009
22.9528 0.0009 0.0009
22.9697 0.0009 0.0009
22.9865 0.0009 0.0009
23.0034 0.0009 0.0009
23.0203 0.0009 0.0009
23.0371 0.0009 0.0009
23.0540 0.0009 0.0009
23.0709 0.0009 0.0009
23.0877 0.0009 0.0009
23.1046 0.0009 0.0009
23.1214 0.0009 0.0009
23.1383 0.0009 0.0009
23.1552 0.0009 0.0009
23.1720 0.0009 0.0009
23.1889 0.0009 0.0009
23.2058 0.0009 0.0009
23.2226 0.0009 0.0009
23.2395 0.0009 0.0009
23.2564 0.0009 0.0009
23.2732 0.0009 0.0009
23.2901 0.0009 0.0008
23.3070 0.0009 0.0008
23.3238 0.0009 0.0008
23.3407 0.0009 0.0008
23.3576 0.0008 0.0008
23.3744 0.0008 0.0008
23.3913 0.0008 0.0008
23.4081 0.0008 0.0008
23.4250 0.0008 0.0008
23.4419 0.0008 0.0008
23.4587 0.0008 0.0008
23.4756 0.0008 0.0008
23.4925 0.0008 0.0008
23.5093 0.0008 0.0008
23.5262 0.0008 0.0008
23.5431 0.0008 0.0008
23.5599 0.0008 0.0008
23.5768 0.0008 0.0008
23.5937 0.0008 0.0008
23.6105 0.0008 0.0008
23.6274 0.0008 0.0008
23.6442 0.0008 0.0008
23.6611 0.0008 0.0008
23.6780 0.0008 0.0008
23.6948 0.0008 0.0008
23.7117 0.0008 0.0008
23.7286 0.0008 0.0008
23.7454 0.0008 0.0008
23.7623 0.0008 0.0008
23.7792 0.0008 0.0008
23.7960 0.0008 0.0008
23.8129 0.0008 0.0008
23.8298 0.0008 0.0008
23.8466 0.0008 0.0008
23.8635 0.0008 0.0007
23.8804 0.0008 0.0007
23.8972 0.0008 0.0007
23.9141 0.0007 0.0007
23.9309 0.0007 0.0007
23.9478 0.0007 0.0007
23.9647 0.0007 0.0007
23.9815 0.0007 0.0007
23.9984 0.0007 0.0007
24.0153 0.0007 0.0007
24.0321 0.0007 0.0007
24.0490 0.0007 0.0007
24.0659 0.0007 0.0007
24.0827 0.0007 0.0007
24.0996 0.0007 0.0007
24.1165 0.0007 0.0007
24.1333 0.0007 0.0007
24.1502 0.0007 0.0007
24.1671 0.0007 0.0007
24.1839 0.0007 0.0007
24.2008 0.0007 0.0007
24.2176 0.0007 0.0007
24.2345 0.0007 0.0007
24.2514 0.0007 0.0007
24.2682 0.0007 0.0007
24.2851 0.0007 0.0007
24.3020 0.0007 0.0007
24.3188 0.0007 0.0007
24.3357 0.0007 0.0007
24.3526 0.0007 0.0007
24.3694 0.0007 0.0007
24.3863 0.0007 0.0007
24.4032 0.0007 0.0007
24.4200 0.0006 0.0007
24.4369 0.0006 0.0006
24.4538 0.0006 0.0006
24.4706 0.0006 0.0006
24.4875 0.0006 0.0006
24.5043 0.0006 0.0006
24.5212 0.0006 0.0006
24.5381 0.0006 0.0006
24.5549 0.0006 0.0006
24.5718 0.0006 0.0006
24.5887 0.0006 0.0006
24.6055 0.0006 0.0006
24.6224 0.0006 0.0006
24.6393 0.0006 0.0006
24.6561 0.0006 0.0006
24.6730 0.0006 0.0006
24.6899 0.0006 0.0006
24.7067 0.0006 0.0006
24.7236 0.0006 0.0006
24.7405 0.0006 0.0006
24.7573 0.0006 0.0006
24.7742 0.0006 0.0006
24.7910 0.0006 0.0006
24.8079 0.0006 0.0006
24.8248 0.0006 0.0006
24.8416 0.0006 0.0006
24.8585 0.0006 0.0006
24.8754 0.0006 0.0006
24.8922 0.0006 0.0006
24.9091 0.0006 0.0006
24.9260 0.0006 0.0006
24.9428 0.0006 0.0006
24.9597 0.0006 0.0006
24.9766 0.0006 0.0006
24.9934 0.0006 0.0006
25.0103 0.0006 0.0006
25.0272 0.0005 0.0005
25.0440 0.0005 0.0005
25.0609 0.0005 0.0005
25.0777 0.0005 0.0005
25.0946 0.0005 0.0005
25.1115 0.0005 0.0005
25.1283 0.0005 0.0005
25.1452 0.0005 0.0005
25.1621 0.0005 0.0005
25.1789 0.0005 0.0005
25.1958 0.0005 0.0005
25.2127 0.0005 0.0005
25.2295 0.0005 0.0005
25.2464 0.0005 0.0005
25.2633 0.0005 0.0005
25.2801 0.0005 0.0005
25.2970 0.0005 0.0005
25.3139 0.0005 0.0005
25.3307 0.0005 0.0005
25.3476 0.0005 0.0005
25.3644 0.0005 0.0005
25.3813 0.0005 0.0005
25.3982 0.0005 0.0005
25.4150 0.0005 0.0005
25.4319 0.0005 0.0005
25.4488 0.0005 0.0005
25.4656 0.0005 0.0005
25.4825 0.0005 0.0005
25.4994 0.0005 0.0005
25.5162 0.0005 0.0005
25.5331 0.0005 0.0005
25.5500 0.0005 0.0005
25.5668 0.0005 0.0005
25.5837 0.0005 0.0005
25.6005 0.0005 0.0005
25.6174 0.0005 0.0005
25.6343 0.0005 0.0005
25.6511 0.0005 0.0005
25.6680 0.0005 0.0005
25.6849 0.0005 0.0004
25.7017 0.0005 0.0004
25.7186 0.0004 0.0004
25.7355 0.0004 0.0004
25.7523 0.0004 0.0004
25.7692 0.0004 0.0004
25.7861 0.0004 0.0004
25.8029 0.0004 0.0004
25.8198 0.0004 0.0004
25.8367 0.0004 0.0004
25.8535 0.0004 0.0004
25.8704 0.0004 0.0004
25.8872 0.0004 0.0004
25.9041 0.0004 0.0004
25.9210 0.0004 0.0004
25.9378 0.0004 0.0004
25.9547 0.0004 0.0004
25.9716 0.0004 0.0004
25.9884 0.0004 0.0004
26.0053 0.0004 0.0004
26.0222 0.0004 0.0004
26.0390 0.0004 0.0004
26.0559 0.0004 0.0004
26.0728 0.0004 0.0004
26.0896 0.0004 0.0004
26.1065 0.0004 0.0004
26.1234 0.0004 0.0004
26.1402 0.0004 0.0004
26.1571 0.0004 0.0004
26.1739 0.0004 0.0004
26.1908 0.0004 0.0004
26.2077 0.0004 0.0004
26.2245 0.0004 0.0004
26.2414 0.0004 0.0004
26.2583 0.0004 0.0004
26.2751 0.0004 0.0004
26.2920 0.0004 0.0004
26.3089 0.0004 0.0004
26.3257 0.0004 0.0004
26.3426 0.0004 0.0004
26.3595 0.0004 0.0004
26.3763 0.0004 0.0004
26.3932 0.0004 0.0004
26.4101 0.0004 0.0004
26.4269 0.0004 0.0004
26.4438 0.0004 0.0004
26.4606 0.0004 0.0004
26.4775 0.0004 0.0004
26.4944 0.0004 0.0004
26.5112 0.0004 0.0004
26.5281 0.0004 0.0004
26.5450 0.0004 0.0004
26.5618 0.0004 0.0004
26.5787 0.0004 0.0004
26.5956 0.0004 0.0004
26.6124 0.0004 0.0004
26.6293 0.0004 0.0004
26.6462 0.0004 0.0003
26.6630 0.0003 0.0003
26.6799 0.0003 0.0003
26.6968 0.0003 0.0003
26.7136 0.0003 0.0003
26.7305 0.0003 0.0003
26.7473 0.0003 0.0003
26.7642 0.0003 0.0003
26.7811 0.0003 0.0003
26.7979 0.0003 0.0003
26.8148 0.0003 0.0003
26.8317 0.0003 0.0003
26.8485 0.0003 0.0003
26.8654 0.0003 0.0003
26.8823 0.0003 0.0003
26.8991 0.0003 0.0003
26.9160 0.0003 0.0003
26.9329 0.0003 0.0003
26.9497 0.0003 0.0003
26.9666 0.0003 0.0003
26.9835 0.0003 0.0003
27.0003 0.0003 0.0003
27.0172 0.0003 0.0003
27.0340 0.0003 0.0003
27.0509 0.0003 0.0003
27.0678 0.0003 0.0003
27.0846 0.0003 0.0003
27.1015 0.0003 0.0003
27.1184 0.0003 0.0003
27.1352 0.0003 0.0003
27.1521 0.0003 0.0003
27.1690 0.0003 0.0003
27.1858 0.0003 0.0003
27.2027 0.0003 0.0003
27.2196 0.0003 0.0003
27.2364 0.0003 0.0003
27.2533 0.0003 0.0003
27.2702 0.0003 0.0003
27.2870 0.0003 0.0003
27.3039 0.0003 0.0003
27.3207 0.0003 0.0003
27.3376 0.0003 0.0003
27.3545 0.0003 0.0003
27.3713 0.0003 0.0003
27.3882 0.0003 0.0003
27.4051 0.0003 0.0003
27.4219 0.0003 0.0003
27.4388 0.0003 0.0003
27.4557 0.0003 0.0003
27.4725 0.0003 0.0003
27.4894 0.0003 0.0003
27.5063 0.0003 0.0003
27.5231 0.0003 0.0003
27.5400 0.0003 0.0003
27.5569 0.0003 0.0003
27.5737 0.0003 0.0003
27.5906 0.0003 0.0003
27.6074 0.0003 0.0003
27.6243 0.0003 0.0003
27.6412 0.0003 0.0003
27.6580 0.0003 0.0003
27.6749 0.0003 0.0003
27.6918 0.0003 0.0003
27.7086 0.0003 0.0003
27.7255 0.0003 0.0003
27.7424 0.0003 0.0003
27.7592 0.0003 0.0003
27.7761 0.0003 0.0003
27.7930 0.0003 0.0003
27.8098 0.0003 0.0003
27.8267 0.0003 0.0003
27.8435 0.0003 0.0003
27.8604 0.0003 0.0003
27.8773 0.0003 0.0003
27.8941 0.0003 0.0003
27.9110 0.0003 0.0003
27.9279 0.0003 0.0003
27.9447 0.0003 0.0003
27.9616 0.0003 0.0003
27.9785 0.0003 0.0003
27.9953 0.0003 0.0003
28.0122 0.0003 0.0003
28.0291 0.0003 0.0003
28.0459 0.0003 0.0003
28.0628 0.0003 0.0003
28.0797 0.0003 0.0003
28.0965 0.0003 0.0003
28.1134 0.0003 0.0003
28.1302 0.0003 0.0003
28.1471 0.0003 0.0003
28.1640 0.0003 0.0003
28.1808 0.0003 0.0003
28.1977 0.0003 0.0003
28.2146 0.0003 0.0003
28.2314 0.0003 0.0003
28.2483 0.0003 0.0003
28.2652 0.0003 0.0003
28.2820 0.0003 0.0003
28.2989 0.0003 0.0003
28.3158 0.0003 0.0003
28.3326 0.0003 0.0003
28.3495 0.0003 0.0003
28.3664 0.0003 0.0003
28.3832 0.0003 0.0003
28.4001 0.0003 0.0003
28.4169 0.0003 0.0003
28.4338 0.0003 0.0003
28.4507 0.0003 0.0003
28.4675 0.0003 0.0003
28.4844 0.0003 0.0003
28.5013 0.0003 0.0002
28.5181 0.0003 0.0002
28.5350 0.0003 0.0002
28.5519 0.0003 0.0002
28.5687 0.0003 0.0002
28.5856 0.0002 0.0002
28.6025 0.0002 0.0002
28.6193 0.0002 0.0002
28.6362 0.0002 0.0002
28.6531 0.0002 0.0002
28.6699 0.0002 0.0002
28.6868 0.0002 0.0002
28.7036 0.0002 0.0002
28.7205 0.0002 0.0002
28.7374 0.0002 0.0002
28.7542 0.0002 0.0002
28.7711 0.0002 0.0002
28.7880 0.0002 0.0002
28.8048 0.0002 0.0002
28.8217 0.0002 0.0002
28.8386 0.0002 0.0002
28.8554 0.0002 0.0002
28.8723 0.0002 0.0002
28.8892 0.0002 0.0002
28.9060 0.0002 0.0002
28.9229 0.0002 0.0002
28.9398 0.0002 0.0002
28.9566 0.0002 0.0002
28.9735 0.0002 0.0002
28.9903 0.0002 0.0002
29.0072 0.0002 0.0002
29.0241 0.0002 0.0002
29.0409 0.0002 0.0002
29.0578 0.0002 0.0002
29.0747 0.0002 0.0002
29.0915 0.0002 0.0002
29.1084 0.0002 0.0002
29.1253 0.0002 0.0002
29.1421 0.0002 0.0002
29.1590 0.0002 0.0002
29.1759 0.0002 0.0002
29.1927 0.0002 0.0002
29.2096 0.0002 0.0002
29.2265 0.0002 0.0002
29.2433 0.0002 0.0002
29.2602 0.0002 0.0002
29.2770 0.0002 0.0002
29.2939 0.0002 0.0002
29.3108 0.0002 0.0002
29.3276 0.0002 0.0002
29.3445 0.0002 0.0002
29.3614 0.0002 0.0002
29.3782 0.0002 0.0002
29.3951 0.0002 0.0002
29.4120 0.0002 0.0002
29.4288 0.0002 0.0002
29.4457 0.0002 0.0002
29.4626 0.0002 0.0002
29.4794 0.0002 0.0002
29.4963 0.0002 0.0002
29.5132 0.0002 0.0002
29.5300 0.0002 0.0002
29.5469 0.0002 0.0002
29.5637 0.0002 0.0002
29.5806 0.0002 0.0002
29.5975 0.0002 0.0002
29.6143 0.0002 0.0002
29.6312 0.0002 0.0002
29.6481 0.0002 0.0002
29.6649 0.0002 0.0002
29.6818 0.0002 0.0002
29.6987 0.0002 0.0002
29.7155 0.0002 0.0002
29.7324 0.0002 0.0002
29.7493 0.0002 0.0002
29.7661 0.0002 0.0002
29.7830 0.0002 0.0002
29.7998 0.0002 0.0002
29.8167 0.0002 0.0002
29.8336 0.0002 0.0002
29.8504 0.0002 0.0002
29.8673 0.0002 0.0002
29.8842 0.0002 0.0002
29.9010 0.0002 0.0002
29.9179 0.0002 0.0002
29.9348 0.0002 0.0002
29.9516 0.0002 0.0002
29.9685 0.0002 0.0002
29.9854 0.0002 0.0002
30.0022 0.0002 0.0002
30.0191 0.0002 0.0002
30.0360 0.0002 0.0002
30.0528 0.0002 0.0002
30.0697 0.0002 0.0002
30.0865 0.0002 0.0002
30.1034 0.0002 0.0002
30.1203 0.0002 0.0002
30.1371 0.0002 0.0002
30.1540 0.0002 0.0002
30.1709 0.0002 0.0002
30.1877 0.0002 0.0002
30.2046 0.0002 0.0002
30.2215 0.0002 0.0002
30.2383 0.0002 0.0002
30.2552 0.0002 0.0002
30.2721 0.0002 0.0002
30.2889 0.0002 0.0002
30.3058 0.0002 0.0002
30.3227 0.0002 0.0002
30.3395 0.0002 0.0002
30.3564 0.0002 0.0002
30.3732 0.0002 0.0002
30.3901 0.0002 0.0002
30.4070 0.0002 0.0002
30.4238 0.0002 0.0002
30.4407 0.0002 0.0002
30.4576 0.0002 0.0002
30.4744 0.0002 0.0002
30.4913 0.0002 0.0002
30.5082 0.0002 0.0002
30.5250 0.0002 0.0002
30.5419 0.0002 0.0002
30.5588 0.0002 0.0002
30.5756 0.0002 0.0002
30.5925 0.0002 0.0002
30.6094 0.0002 0.0002
30.6262 0.0002 0.0002
30.6431 0.0002 0.0002
30.6599 0.0002 0.0002
30.6768 0.0002 0.0002
30.6937 0.0002 0.0002
30.7105 0.0002 0.0002
30.7274 0.0002 0.0002
30.7443 0.0002 0.0002
30.7611 0.0002 0.0002
30.7780 0.0002 0.0002
30.7949 0.0002 0.0002
30.8117 0.0002 0.0002
30.8286 0.0002 0.0002
30.8455 0.0002 0.0002
30.8623 0.0002 0.0002
30.8792 0.0002 0.0002
30.8961 0.0002 0.0002
30.9129 0.0002 0.0002
30.9298 0.0002 0.0002
30.9466 0.0002 0.0002
30.9635 0.0002 0.0002
30.9804 0.0002 0.0002
30.9972 0.0002 0.0002
31.0141 0.0002 0.0002
31.0310 0.0002 0.0002
31.0478 0.0002 0.0002
31.0647 0.0002 0.0002
31.0816 0.0002 0.0002
31.0984 0.0002 0.0002
31.1153 0.0002 0.0002
31.1322 0.0002 0.0002
31.1490 0.0002 0.0002
31.1659 0.0002 0.0002
31.1828 0.0002 0.0002
31.1996 0.0002 0.0002
31.2165 0.0002 0.0002
31.2333 0.0002 0.0002
31.2502 0.0002 0.0002
31.2671 0.0002 0.0002
31.2839 0.0002 0.0002
31.3008 0.0002 0.0002
31.3177 0.0002 0.0002
31.3345 0.0002 0.0002
31.3514 0.0002 0.0002
31.3683 0.0002 0.0002
31.3851 0.0002 0.0002
31.4020 0.0002 0.0002
31.4189 0.0002 0.0002
31.4357 0.0002 0.0002
31.4526 0.0002 0.0002
31.4695 0.0002 0.0002
31.4863 0.0002 0.0002
31.5032 0.0002 0.0002
31.5200 0.0002 0.0002
31.5369 0.0002 0.0002
31.5538 0.0002 0.0002
31.5706 0.0002 0.0002
31.5875 0.0002 0.0002
31.6044 0.0002 0.0002
31.6212 0.0002 0.0002
31.6381 0.0002 0.0002
31.6550 0.0002 0.0002
31.6718 0.0002 0.0002
31.6887 0.0002 0.0002
31.7056 0.0002 0.0002
31.7224 0.0002 0.0002
31.7393 0.0002 0.0002
31.7561 0.0002 0.0002
31.7730 0.0002 0.0002
31.7899 0.0002 0.0002
31.8067 0.0002 0.0002
31.8236 0.0002 0.0002
31.8405 0.0002 0.0002
31.8573 0.0002 0.0002
31.8742 0.0002 0.0002
31.8911 0.0002 0.0002
31.9079 0.0002 0.0002
31.9248 0.0002 0.0002
31.9417 0.0002 0.0002
31.9585 0.0002 0.0002
31.9754 0.0002 0.0002
31.9923 0.0002 0.0002
32.0091 0.0002 0.0002
32.0260 0.0002 0.0002
32.0428 0.0002 0.0002
32.0597 0.0002 0.0002
32.0766 0.0002 0.0002
32.0934 0.0002 0.0002
32.1103 0.0002 0.0002
32.1272 0.0002 0.0002
32.1440 0.0002 0.0002
32.1609 0.0002 0.0002
32.1778 0.0002 0.0002
32.1946 0.0002 0.0002
32.2115 0.0002 0.0002
32.2284 0.0002 0.0002
32.2452 0.0002 0.0002
32.2621 0.0002 0.0002
32.2790 0.0002 0.0002
32.2958 0.0002 0.0002
32.3127 0.0002 0.0002
32.3295 0.0002 0.0002
32.3464 0.0002 0.0002
32.3633 0.0002 0.0002
32.3801 0.0002 0.0002
32.3970 0.0002 0.0002
32.4139 0.0002 0.0002
32.4307 0.0002 0.0002
32.4476 0.0002 0.0002
32.4645 0.0002 0.0002
32.4813 0.0002 0.0002
32.4982 0.0002 0.0002
32.5151 0.0002 0.0002
32.5319 0.0002 0.0002
32.5488 0.0002 0.0002
32.5657 0.0002 0.0002
32.5825 0.0002 0.0002
32.5994 0.0002 0.0002
32.6162 0.0002 0.0002
32.6331 0.0002 0.0002
32.6500 0.0002 0.0002
32.6668 0.0002 0.0002
32.6837 0.0002 0.0002
32.7006 0.0002 0.0002
32.7174 0.0002 0.0002
32.7343 0.0002 0.0002
32.7512 0.0002 0.0002
32.7680 0.0002 0.0002
32.7849 0.0002 0.0002
32.8018 0.0002 0.0002
32.8186 0.0002 0.0002
32.8355 0.0002 0.0002
32.8524 0.0002 0.0002
32.8692 0.0002 0.0002
32.8861 0.0002 0.0002
32.9029 0.0002 0.0002
32.9198 0.0002 0.0002
32.9367 0.0002 0.0002
32.9535 0.0002 0.0002
32.9704 0.0002 0.0002
32.9873 0.0002 0.0002
33.0041 0.0002 0.0002
33.0210 0.0002 0.0002
33.0379 0.0002 0.0002
33.0547 0.0002 0.0002
33.0716 0.0002 0.0002
33.0885 0.0002 0.0002
33.1053 0.0002 0.0002
33.1222 0.0002 0.0002
33.1391 0.0002 0.0002
33.1559 0.0002 0.0002
33.1728 0.0002 0.0002
33.1896 0.0002 0.0002
33.2065 0.0002 0.0001
33.2234 0.0002 0.0001
33.2402 0.0002 0.0001
33.2571 0.0002 0.0001
33.2740 0.0002 0.0001
33.2908 0.0002 0.0001
33.3077 0.0002 0.0001
33.3246 0.0002 0.0001
33.3414 0.0001 0.0001
33.3583 0.0001 0.0001
33.3752 0.0001 0.0001
33.3920 0.0001 0.0001
33.4089 0.0001 0.0001
33.4258 0.0001 0.0001
33.4426 0.0001 0.0001
33.4595 0.0001 0.0001
33.4763 0.0001 0.0001
33.4932 0.0001 0.0001
33.5101 0.0001 0.0001
33.5269 0.0001 0.0001
33.5438 0.0001 0.0001
33.5607 0.0001 0.0001
33.5775 0.0001 0.0001
33.5944 0.0001 0.0001
33.6113 0.0001 0.0001
33.6281 0.0001 0.0001
33.6450 0.0001 0.0001
33.6619 0.0001 0.0001
33.6787 0.0001 0.0001
33.6956 0.0001 0.0001
33.7125 0.0001 0.0001
  
  
  
  
  
dim="1">gridpoints</dimension>  
  
  
  
  
  
  
  
  
0.0000 251.9464 261.9227
0.0169 251.9464 261.9227
0.0337 126.0172 130.9451
0.0506 84.0594 87.2782
0.0675 63.0933 65.4384
0.0843 50.5227 52.3289
0.1012 42.1486 43.5837
0.1181 36.1709 37.3318
0.1349 31.6898 32.6375
0.1518 28.2049 28.9806
0.1686 25.4159 26.0494
0.1855 23.1317 23.6450
0.2024 21.2248 21.6350
0.2192 19.6068 19.9277
0.2361 18.2149 18.4575
0.2530 17.0027 17.1766
0.2698 15.9358 16.0488
0.2867 14.9878 15.0469
0.3036 14.1385 14.1495
0.3204 13.3719 13.3400
0.3373 12.6756 12.6053
0.3542 12.0395 11.9348
0.3710 11.4557 11.3200
0.3879 10.9177 10.7542
0.4048 10.4202 10.2317
0.4216 9.9588 9.7479
0.4385 9.5302 9.2992
0.4553 9.1311 8.8825
0.4722 8.7591 8.4951
0.4891 8.4120 8.1349
0.5059 8.0879 7.8000
0.5228 7.7851 7.4888
0.5397 7.5020 7.1998
0.5565 7.2371 6.9318
0.5734 6.9892 6.6836
0.5903 6.7571 6.4540
0.6071 6.5395 6.2419
0.6240 6.3353 6.0463
0.6409 6.1436 5.8661
0.6577 5.9634 5.7003
0.6746 5.7938 5.5479
0.6915 5.6340 5.4078
0.7083 5.4832 5.2791
0.7252 5.3407 5.1607
0.7420 5.2061 5.0517
0.7589 5.0787 4.9512
0.7758 4.9582 4.8583
0.7926 4.8442 4.7720
0.8095 4.7364 4.6917
0.8264 4.6346 4.6165
0.8432 4.5387 4.5459
0.8601 4.4485 4.4791
0.8770 4.3640 4.4156
0.8938 4.2852 4.3549
0.9107 4.2120 4.2967
0.9276 4.1443 4.2405
0.9444 4.0823 4.1860
0.9613 4.0257 4.1330
0.9782 3.9746 4.0813
0.9950 3.9287 4.0307
1.0119 3.8878 3.9811
1.0287 3.8518 3.9324
1.0456 3.8203 3.8846
1.0625 3.7930 3.8376
1.0793 3.7694 3.7913
1.0962 3.7491 3.7459
1.1131 3.7317 3.7011
1.1299 3.7166 3.6572
1.1468 3.7034 3.6139
1.1637 3.6914 3.5713
1.1805 3.6802 3.5293
1.1974 3.6694 3.4878
1.2143 3.6584 3.4468
1.2311 3.6469 3.4062
1.2480 3.6344 3.3658
1.2648 3.6209 3.3256
1.2817 3.6059 3.2854
1.2986 3.5894 3.2451
1.3154 3.5713 3.2046
1.3323 3.5515 3.1640
1.3492 3.5300 3.1230
1.3660 3.5069 3.0817
1.3829 3.4822 3.0400
1.3998 3.4562 2.9981
1.4166 3.4288 2.9558
1.4335 3.4003 2.9134
1.4504 3.3707 2.8707
1.4672 3.3403 2.8280
1.4841 3.3091 2.7854
1.5010 3.2773 2.7428
1.5178 3.2450 2.7005
1.5347 3.2122 2.6585
1.5515 3.1790 2.6169
1.5684 3.1455 2.5758
1.5853 3.1118 2.5353
1.6021 3.0779 2.4955
1.6190 3.0440 2.4563
1.6359 3.0099 2.4178
1.6527 2.9758 2.3802
1.6696 2.9418 2.3434
1.6865 2.9079 2.3074
1.7033 2.8742 2.2724
1.7202 2.8407 2.2383
1.7371 2.8075 2.2052
1.7539 2.7747 2.1732
1.7708 2.7423 2.1423
1.7877 2.7103 2.1125
1.8045 2.6789 2.0841
1.8214 2.6481 2.0569
1.8382 2.6180 2.0312
1.8551 2.5885 2.0069
1.8720 2.5598 1.9840
1.8888 2.5318 1.9627
1.9057 2.5047 1.9429
1.9226 2.4784 1.9246
1.9394 2.4530 1.9078
1.9563 2.4286 1.8924
1.9732 2.4051 1.8783
1.9900 2.3825 1.8655
2.0069 2.3609 1.8537
2.0238 2.3403 1.8428
2.0406 2.3207 1.8328
2.0575 2.3020 1.8233
2.0744 2.2842 1.8143
2.0912 2.2673 1.8055
2.1081 2.2513 1.7969
2.1249 2.2360 1.7884
2.1418 2.2213 1.7797
2.1587 2.2073 1.7709
2.1755 2.1938 1.7619
2.1924 2.1807 1.7526
2.2093 2.1678 1.7431
2.2261 2.1552 1.7334
2.2430 2.1426 1.7235
2.2599 2.1300 1.7136
2.2767 2.1172 1.7037
2.2936 2.1042 1.6938
2.3105 2.0910 1.6842
2.3273 2.0773 1.6748
2.3442 2.0633 1.6657
2.3611 2.0488 1.6571
2.3779 2.0338 1.6489
2.3948 2.0185 1.6413
2.4116 2.0027 1.6343
2.4285 1.9865 1.6277
2.4454 1.9700 1.6218
2.4622 1.9532 1.6163
2.4791 1.9361 1.6113
2.4960 1.9189 1.6067
2.5128 1.9016 1.6024
2.5297 1.8842 1.5983
2.5466 1.8668 1.5944
2.5634 1.8494 1.5904
2.5803 1.8322 1.5864
2.5972 1.8151 1.5822
2.6140 1.7982 1.5776
2.6309 1.7815 1.5726
2.6478 1.7651 1.5671
2.6646 1.7489 1.5610
2.6815 1.7330 1.5543
2.6983 1.7174 1.5469
2.7152 1.7020 1.5387
2.7321 1.6870 1.5299
2.7489 1.6723 1.5203
2.7658 1.6578 1.5102
2.7827 1.6436 1.4994
2.7995 1.6297 1.4881
2.8164 1.6160 1.4763
2.8333 1.6024 1.4643
2.8501 1.5890 1.4520
2.8670 1.5757 1.4395
2.8839 1.5625 1.4271
2.9007 1.5494 1.4146
2.9176 1.5363 1.4024
2.9345 1.5232 1.3903
2.9513 1.5101 1.3785
2.9682 1.4970 1.3670
2.9850 1.4838 1.3559
3.0019 1.4706 1.3451
3.0188 1.4574 1.3347
3.0356 1.4442 1.3246
3.0525 1.4309 1.3149
3.0694 1.4176 1.3054
3.0862 1.4044 1.2962
3.1031 1.3913 1.2871
3.1200 1.3782 1.2783
3.1368 1.3652 1.2695
3.1537 1.3523 1.2608
3.1706 1.3396 1.2520
3.1874 1.3271 1.2433
3.2043 1.3146 1.2345
3.2211 1.3024 1.2256
3.2380 1.2904 1.2167
3.2549 1.2785 1.2076
3.2717 1.2668 1.1983
3.2886 1.2553 1.1890
3.3055 1.2440 1.1796
3.3223 1.2329 1.1700
3.3392 1.2220 1.1604
3.3561 1.2113 1.1507
3.3729 1.2008 1.1410
3.3898 1.1906 1.1313
3.4067 1.1806 1.1216
3.4235 1.1708 1.1121
3.4404 1.1614 1.1027
3.4573 1.1522 1.0935
3.4741 1.1434 1.0845
3.4910 1.1349 1.0758
3.5078 1.1267 1.0675
3.5247 1.1188 1.0594
3.5416 1.1113 1.0518
3.5584 1.1040 1.0446
3.5753 1.0971 1.0377
3.5922 1.0904 1.0313
3.6090 1.0839 1.0253
3.6259 1.0776 1.0197
3.6428 1.0714 1.0144
3.6596 1.0653 1.0095
3.6765 1.0592 1.0048
3.6934 1.0532 1.0004
3.7102 1.0470 0.9963
3.7271 1.0407 0.9922
3.7440 1.0343 0.9883
3.7608 1.0277 0.9845
3.7777 1.0208 0.9806
3.7945 1.0137 0.9767
3.8114 1.0064 0.9728
3.8283 0.9988 0.9688
3.8451 0.9909 0.9646
3.8620 0.9828 0.9603
3.8789 0.9744 0.9558
3.8957 0.9658 0.9511
3.9126 0.9569 0.9462
3.9295 0.9479 0.9411
3.9463 0.9387 0.9358
3.9632 0.9293 0.9304
3.9801 0.9199 0.9249
3.9969 0.9103 0.9193
4.0138 0.9007 0.9135
4.0307 0.8911 0.9078
4.0475 0.8815 0.9021
4.0644 0.8720 0.8964
4.0812 0.8625 0.8908
4.0981 0.8532 0.8852
4.1150 0.8440 0.8798
4.1318 0.8350 0.8745
4.1487 0.8261 0.8694
4.1656 0.8175 0.8643
4.1824 0.8090 0.8594
4.1993 0.8008 0.8546
4.2162 0.7928 0.8498
4.2330 0.7851 0.8450
4.2499 0.7776 0.8403
4.2668 0.7704 0.8354
4.2836 0.7634 0.8306
4.3005 0.7566 0.8256
4.3174 0.7501 0.8205
4.3342 0.7438 0.8152
4.3511 0.7377 0.8099
4.3679 0.7319 0.8044
4.3848 0.7262 0.7988
4.4017 0.7208 0.7930
4.4185 0.7155 0.7872
4.4354 0.7103 0.7814
4.4523 0.7052 0.7755
4.4691 0.7003 0.7696
4.4860 0.6954 0.7638
4.5029 0.6906 0.7580
4.5197 0.6858 0.7523
4.5366 0.6811 0.7468
4.5535 0.6764 0.7413
4.5703 0.6717 0.7359
4.5872 0.6670 0.7307
4.6041 0.6623 0.7256
4.6209 0.6577 0.7207
4.6378 0.6531 0.7159
4.6546 0.6486 0.7112
4.6715 0.6441 0.7067
4.6884 0.6398 0.7023
4.7052 0.6357 0.6980
4.7221 0.6317 0.6939
4.7390 0.6279 0.6899
4.7558 0.6243 0.6860
4.7727 0.6209 0.6822
4.7896 0.6178 0.6786
4.8064 0.6149 0.6751
4.8233 0.6122 0.6717
4.8402 0.6098 0.6685
4.8570 0.6076 0.6653
4.8739 0.6055 0.6623
4.8908 0.6037 0.6593
4.9076 0.6020 0.6564
4.9245 0.6004 0.6536
4.9413 0.5988 0.6507
4.9582 0.5974 0.6479
4.9751 0.5959 0.6450
4.9919 0.5944 0.6420
5.0088 0.5929 0.6390
5.0257 0.5913 0.6358
5.0425 0.5896 0.6325
5.0594 0.5878 0.6291
5.0763 0.5858 0.6254
5.0931 0.5837 0.6217
5.1100 0.5814 0.6178
5.1269 0.5789 0.6137
5.1437 0.5763 0.6095
5.1606 0.5734 0.6051
5.1774 0.5704 0.6007
5.1943 0.5672 0.5961
5.2112 0.5639 0.5915
5.2280 0.5605 0.5868
5.2449 0.5569 0.5821
5.2618 0.5533 0.5773
5.2786 0.5496 0.5726
5.2955 0.5458 0.5679
5.3124 0.5421 0.5633
5.3292 0.5383 0.5587
5.3461 0.5346 0.5542
5.3630 0.5309 0.5498
5.3798 0.5273 0.5455
5.3967 0.5237 0.5413
5.4136 0.5203 0.5372
5.4304 0.5169 0.5333
5.4473 0.5137 0.5295
5.4641 0.5106 0.5258
5.4810 0.5077 0.5223
5.4979 0.5048 0.5188
5.5147 0.5021 0.5156
5.5316 0.4996 0.5124
5.5485 0.4971 0.5094
5.5653 0.4948 0.5065
5.5822 0.4925 0.5038
5.5991 0.4903 0.5011
5.6159 0.4882 0.4986
5.6328 0.4861 0.4962
5.6497 0.4841 0.4938
5.6665 0.4820 0.4916
5.6834 0.4800 0.4895
5.7003 0.4779 0.4875
5.7171 0.4758 0.4856
5.7340 0.4736 0.4837
5.7508 0.4714 0.4820
5.7677 0.4691 0.4803
5.7846 0.4668 0.4787
5.8014 0.4644 0.4771
5.8183 0.4619 0.4756
5.8352 0.4594 0.4741
5.8520 0.4568 0.4727
5.8689 0.4542 0.4713
5.8858 0.4516 0.4698
5.9026 0.4489 0.4684
5.9195 0.4463 0.4669
5.9364 0.4436 0.4654
5.9532 0.4410 0.4638
5.9701 0.4384 0.4621
5.9870 0.4359 0.4603
6.0038 0.4334 0.4585
6.0207 0.4310 0.4565
6.0375 0.4286 0.4545
6.0544 0.4262 0.4523
6.0713 0.4240 0.4500
6.0881 0.4218 0.4477
6.1050 0.4197 0.4452
6.1219 0.4176 0.4427
6.1387 0.4157 0.4402
6.1556 0.4138 0.4376
6.1725 0.4119 0.4349
6.1893 0.4102 0.4323
6.2062 0.4085 0.4298
6.2231 0.4070 0.4272
6.2399 0.4054 0.4247
6.2568 0.4040 0.4223
6.2737 0.4026 0.4200
6.2905 0.4013 0.4178
6.3074 0.4000 0.4157
6.3242 0.3988 0.4136
6.3411 0.3976 0.4117
6.3580 0.3964 0.4099
6.3748 0.3953 0.4082
6.3917 0.3941 0.4065
6.4086 0.3930 0.4049
6.4254 0.3919 0.4034
6.4423 0.3908 0.4019
6.4592 0.3896 0.4004
6.4760 0.3885 0.3989
6.4929 0.3873 0.3975
6.5098 0.3861 0.3960
6.5266 0.3850 0.3945
6.5435 0.3838 0.3930
6.5604 0.3826 0.3914
6.5772 0.3813 0.3898
6.5941 0.3801 0.3881
6.6109 0.3789 0.3865
6.6278 0.3777 0.3847
6.6447 0.3764 0.3830
6.6615 0.3752 0.3812
6.6784 0.3740 0.3794
6.6953 0.3727 0.3777
6.7121 0.3715 0.3759
6.7290 0.3703 0.3741
6.7459 0.3691 0.3724
6.7627 0.3679 0.3707
6.7796 0.3667 0.3691
6.7965 0.3655 0.3675
6.8133 0.3643 0.3660
6.8302 0.3631 0.3645
6.8471 0.3620 0.3631
6.8639 0.3608 0.3618
6.8808 0.3597 0.3605
6.8976 0.3586 0.3594
6.9145 0.3575 0.3582
6.9314 0.3564 0.3571
6.9482 0.3554 0.3561
6.9651 0.3543 0.3551
6.9820 0.3533 0.3541
6.9988 0.3523 0.3532
7.0157 0.3513 0.3523
7.0326 0.3504 0.3514
7.0494 0.3495 0.3505
7.0663 0.3486 0.3496
7.0832 0.3478 0.3488
7.1000 0.3471 0.3479
7.1169 0.3464 0.3470
7.1338 0.3457 0.3462
7.1506 0.3451 0.3453
7.1675 0.3446 0.3444
7.1843 0.3441 0.3435
7.2012 0.3437 0.3427
7.2181 0.3433 0.3418
7.2349 0.3430 0.3409
7.2518 0.3427 0.3401
7.2687 0.3424 0.3392
7.2855 0.3421 0.3383
7.3024 0.3418 0.3374
7.3193 0.3415 0.3364
7.3361 0.3411 0.3355
7.3530 0.3407 0.3345
7.3699 0.3403 0.3335
7.3867 0.3399 0.3324
7.4036 0.3393 0.3313
7.4204 0.3387 0.3301
7.4373 0.3381 0.3289
7.4542 0.3374 0.3277
7.4710 0.3366 0.3264
7.4879 0.3358 0.3251
7.5048 0.3349 0.3237
7.5216 0.3339 0.3223
7.5385 0.3329 0.3210
7.5554 0.3318 0.3196
7.5722 0.3307 0.3182
7.5891 0.3295 0.3168
7.6060 0.3284 0.3154
7.6228 0.3271 0.3141
7.6397 0.3259 0.3127
7.6566 0.3247 0.3115
7.6734 0.3234 0.3102
7.6903 0.3222 0.3090
7.7071 0.3210 0.3079
7.7240 0.3198 0.3068
7.7409 0.3186 0.3057
7.7577 0.3174 0.3047
7.7746 0.3163 0.3037
7.7915 0.3153 0.3028
7.8083 0.3143 0.3019
7.8252 0.3133 0.3011
7.8421 0.3124 0.3002
7.8589 0.3115 0.2995
7.8758 0.3107 0.2987
7.8927 0.3100 0.2980
7.9095 0.3092 0.2974
7.9264 0.3086 0.2968
7.9433 0.3079 0.2963
7.9601 0.3073 0.2958
7.9770 0.3067 0.2954
7.9938 0.3061 0.2950
8.0107 0.3056 0.2947
8.0276 0.3050 0.2945
8.0444 0.3044 0.2943
8.0613 0.3038 0.2942
8.0782 0.3032 0.2942
8.0950 0.3026 0.2942
8.1119 0.3019 0.2942
8.1288 0.3012 0.2943
8.1456 0.3005 0.2943
8.1625 0.2997 0.2944
8.1794 0.2988 0.2945
8.1962 0.2980 0.2946
8.2131 0.2971 0.2947
8.2300 0.2961 0.2948
8.2468 0.2951 0.2948
8.2637 0.2941 0.2948
8.2805 0.2930 0.2947
8.2974 0.2919 0.2946
8.3143 0.2908 0.2945
8.3311 0.2897 0.2943
8.3480 0.2885 0.2941
8.3649 0.2874 0.2938
8.3817 0.2862 0.2934
8.3986 0.2850 0.2930
8.4155 0.2839 0.2926
8.4323 0.2827 0.2921
8.4492 0.2815 0.2915
8.4661 0.2803 0.2909
8.4829 0.2792 0.2903
8.4998 0.2780 0.2895
8.5167 0.2768 0.2888
8.5335 0.2756 0.2879
8.5504 0.2744 0.2871
8.5672 0.2732 0.2861
8.5841 0.2720 0.2852
8.6010 0.2707 0.2841
8.6178 0.2695 0.2831
8.6347 0.2682 0.2820
8.6516 0.2669 0.2808
8.6684 0.2656 0.2796
8.6853 0.2643 0.2784
8.7022 0.2630 0.2772
8.7190 0.2617 0.2759
8.7359 0.2604 0.2746
8.7528 0.2591 0.2733
8.7696 0.2578 0.2719
8.7865 0.2566 0.2706
8.8034 0.2554 0.2692
8.8202 0.2543 0.2678
8.8371 0.2531 0.2664
8.8539 0.2520 0.2649
8.8708 0.2510 0.2635
8.8877 0.2500 0.2620
8.9045 0.2490 0.2606
8.9214 0.2480 0.2591
8.9383 0.2471 0.2576
8.9551 0.2461 0.2562
8.9720 0.2452 0.2547
8.9889 0.2443 0.2533
9.0057 0.2434 0.2518
9.0226 0.2425 0.2504
9.0395 0.2415 0.2490
9.0563 0.2406 0.2476
9.0732 0.2396 0.2463
9.0901 0.2387 0.2449
9.1069 0.2377 0.2436
9.1238 0.2367 0.2423
9.1406 0.2357 0.2411
9.1575 0.2347 0.2398
9.1744 0.2337 0.2386
9.1912 0.2327 0.2373
9.2081 0.2317 0.2361
9.2250 0.2308 0.2349
9.2418 0.2298 0.2337
9.2587 0.2289 0.2325
9.2756 0.2280 0.2312
9.2924 0.2271 0.2300
9.3093 0.2262 0.2288
9.3262 0.2254 0.2276
9.3430 0.2246 0.2264
9.3599 0.2238 0.2252
9.3767 0.2230 0.2239
9.3936 0.2222 0.2228
9.4105 0.2214 0.2216
9.4273 0.2207 0.2204
9.4442 0.2199 0.2193
9.4611 0.2192 0.2182
9.4779 0.2184 0.2171
9.4948 0.2177 0.2161
9.5117 0.2169 0.2150
9.5285 0.2161 0.2141
9.5454 0.2154 0.2131
9.5623 0.2146 0.2122
9.5791 0.2138 0.2113
9.5960 0.2130 0.2104
9.6129 0.2123 0.2096
9.6297 0.2115 0.2087
9.6466 0.2108 0.2079
9.6634 0.2101 0.2070
9.6803 0.2094 0.2062
9.6972 0.2087 0.2054
9.7140 0.2080 0.2045
9.7309 0.2073 0.2037
9.7478 0.2067 0.2028
9.7646 0.2060 0.2020
9.7815 0.2054 0.2011
9.7984 0.2048 0.2003
9.8152 0.2041 0.1994
9.8321 0.2034 0.1986
9.8490 0.2027 0.1977
9.8658 0.2020 0.1969
9.8827 0.2012 0.1961
9.8996 0.2004 0.1953
9.9164 0.1996 0.1945
9.9333 0.1987 0.1938
9.9501 0.1977 0.1930
9.9670 0.1968 0.1923
9.9839 0.1957 0.1916
10.0007 0.1947 0.1909
10.0176 0.1936 0.1902
10.0345 0.1925 0.1896
10.0513 0.1913 0.1890
10.0682 0.1902 0.1883
10.0851 0.1890 0.1877
10.1019 0.1878 0.1872
10.1188 0.1867 0.1866
10.1357 0.1855 0.1860
10.1525 0.1844 0.1855
10.1694 0.1832 0.1849
10.1863 0.1822 0.1844
10.2031 0.1811 0.1839
10.2200 0.1800 0.1834
10.2368 0.1790 0.1829
10.2537 0.1781 0.1824
10.2706 0.1771 0.1818
10.2874 0.1762 0.1813
10.3043 0.1753 0.1808
10.3212 0.1745 0.1803
10.3380 0.1736 0.1798
10.3549 0.1728 0.1792
10.3718 0.1721 0.1786
10.3886 0.1713 0.1781
10.4055 0.1706 0.1775
10.4224 0.1699 0.1769
10.4392 0.1692 0.1762
10.4561 0.1685 0.1756
10.4730 0.1678 0.1750
10.4898 0.1671 0.1743
10.5067 0.1664 0.1736
10.5235 0.1658 0.1730
10.5404 0.1651 0.1723
10.5573 0.1644 0.1717
10.5741 0.1637 0.1710
10.5910 0.1631 0.1704
10.6079 0.1624 0.1698
10.6247 0.1617 0.1691
10.6416 0.1610 0.1685
10.6585 0.1603 0.1679
10.6753 0.1596 0.1673
10.6922 0.1589 0.1668
10.7091 0.1582 0.1662
10.7259 0.1575 0.1656
10.7428 0.1568 0.1650
10.7597 0.1560 0.1644
10.7765 0.1553 0.1638
10.7934 0.1546 0.1632
10.8102 0.1538 0.1625
10.8271 0.1530 0.1619
10.8440 0.1523 0.1612
10.8608 0.1515 0.1605
10.8777 0.1507 0.1598
10.8946 0.1499 0.1591
10.9114 0.1491 0.1584
10.9283 0.1482 0.1576
10.9452 0.1474 0.1568
10.9620 0.1465 0.1561
10.9789 0.1457 0.1553
10.9958 0.1448 0.1545
11.0126 0.1439 0.1537
11.0295 0.1430 0.1529
11.0464 0.1421 0.1521
11.0632 0.1412 0.1513
11.0801 0.1403 0.1505
11.0969 0.1393 0.1498
11.1138 0.1384 0.1490
11.1307 0.1374 0.1482
11.1475 0.1365 0.1475
11.1644 0.1355 0.1467
11.1813 0.1346 0.1460
11.1981 0.1336 0.1453
11.2150 0.1326 0.1445
11.2319 0.1317 0.1438
11.2487 0.1307 0.1431
11.2656 0.1298 0.1423
11.2825 0.1289 0.1416
11.2993 0.1279 0.1408
11.3162 0.1270 0.1401
11.3330 0.1261 0.1393
11.3499 0.1253 0.1385
11.3668 0.1244 0.1377
11.3836 0.1235 0.1369
11.4005 0.1227 0.1361
11.4174 0.1219 0.1352
11.4342 0.1210 0.1343
11.4511 0.1202 0.1335
11.4680 0.1194 0.1326
11.4848 0.1187 0.1317
11.5017 0.1179 0.1307
11.5186 0.1171 0.1298
11.5354 0.1164 0.1289
11.5523 0.1156 0.1280
11.5692 0.1149 0.1271
11.5860 0.1142 0.1261
11.6029 0.1134 0.1252
11.6197 0.1128 0.1243
11.6366 0.1121 0.1234
11.6535 0.1114 0.1225
11.6703 0.1107 0.1216
11.6872 0.1101 0.1208
11.7041 0.1094 0.1199
11.7209 0.1088 0.1191
11.7378 0.1082 0.1183
11.7547 0.1076 0.1175
11.7715 0.1070 0.1167
11.7884 0.1064 0.1160
11.8053 0.1058 0.1152
11.8221 0.1052 0.1145
11.8390 0.1046 0.1138
11.8559 0.1040 0.1132
11.8727 0.1034 0.1125
11.8896 0.1028 0.1118
11.9064 0.1022 0.1112
11.9233 0.1016 0.1105
11.9402 0.1010 0.1099
11.9570 0.1004 0.1092
11.9739 0.0998 0.1086
11.9908 0.0992 0.1079
12.0076 0.0986 0.1073
12.0245 0.0980 0.1066
12.0414 0.0974 0.1060
12.0582 0.0968 0.1053
12.0751 0.0961 0.1047
12.0920 0.0955 0.1040
12.1088 0.0948 0.1034
12.1257 0.0941 0.1027
12.1426 0.0934 0.1020
12.1594 0.0927 0.1014
12.1763 0.0920 0.1007
12.1931 0.0913 0.1000
12.2100 0.0906 0.0994
12.2269 0.0899 0.0987
12.2437 0.0892 0.0981
12.2606 0.0885 0.0974
12.2775 0.0878 0.0968
12.2943 0.0871 0.0962
12.3112 0.0863 0.0956
12.3281 0.0856 0.0950
12.3449 0.0850 0.0944
12.3618 0.0843 0.0938
12.3787 0.0836 0.0932
12.3955 0.0830 0.0926
12.4124 0.0823 0.0921
12.4293 0.0817 0.0915
12.4461 0.0811 0.0910
12.4630 0.0805 0.0904
12.4798 0.0799 0.0899
12.4967 0.0794 0.0894
12.5136 0.0788 0.0888
12.5304 0.0783 0.0883
12.5473 0.0778 0.0878
12.5642 0.0773 0.0873
12.5810 0.0768 0.0868
12.5979 0.0764 0.0864
12.6148 0.0759 0.0859
12.6316 0.0755 0.0854
12.6485 0.0751 0.0849
12.6654 0.0746 0.0844
12.6822 0.0742 0.0839
12.6991 0.0738 0.0834
12.7160 0.0734 0.0829
12.7328 0.0729 0.0824
12.7497 0.0725 0.0818
12.7665 0.0720 0.0813
12.7834 0.0716 0.0807
12.8003 0.0711 0.0802
12.8171 0.0706 0.0796
12.8340 0.0701 0.0790
12.8509 0.0695 0.0784
12.8677 0.0690 0.0777
12.8846 0.0684 0.0771
12.9015 0.0678 0.0764
12.9183 0.0673 0.0758
12.9352 0.0667 0.0751
12.9521 0.0661 0.0745
12.9689 0.0655 0.0738
12.9858 0.0649 0.0731
13.0027 0.0643 0.0725
13.0195 0.0637 0.0718
13.0364 0.0631 0.0712
13.0532 0.0626 0.0705
13.0701 0.0621 0.0699
13.0870 0.0615 0.0693
13.1038 0.0610 0.0686
13.1207 0.0605 0.0680
13.1376 0.0600 0.0675
13.1544 0.0596 0.0669
13.1713 0.0591 0.0663
13.1882 0.0587 0.0657
13.2050 0.0582 0.0652
13.2219 0.0578 0.0646
13.2388 0.0574 0.0641
13.2556 0.0570 0.0635
13.2725 0.0566 0.0630
13.2894 0.0562 0.0625
13.3062 0.0559 0.0620
13.3231 0.0555 0.0614
13.3399 0.0551 0.0609
13.3568 0.0547 0.0604
13.3737 0.0544 0.0599
13.3905 0.0540 0.0594
13.4074 0.0536 0.0590
13.4243 0.0533 0.0585
13.4411 0.0529 0.0580
13.4580 0.0525 0.0576
13.4749 0.0522 0.0571
13.4917 0.0518 0.0567
13.5086 0.0515 0.0563
13.5255 0.0511 0.0559
13.5423 0.0507 0.0555
13.5592 0.0504 0.0550
13.5760 0.0500 0.0546
13.5929 0.0497 0.0542
13.6098 0.0493 0.0538
13.6266 0.0490 0.0534
13.6435 0.0486 0.0530
13.6604 0.0483 0.0526
13.6772 0.0479 0.0522
13.6941 0.0476 0.0517
13.7110 0.0472 0.0513
13.7278 0.0469 0.0509
13.7447 0.0465 0.0505
13.7616 0.0462 0.0500
13.7784 0.0458 0.0496
13.7953 0.0455 0.0492
13.8122 0.0451 0.0488
13.8290 0.0448 0.0484
13.8459 0.0444 0.0479
13.8627 0.0441 0.0475
13.8796 0.0437 0.0471
13.8965 0.0434 0.0467
13.9133 0.0431 0.0463
13.9302 0.0427 0.0459
13.9471 0.0424 0.0455
13.9639 0.0421 0.0451
13.9808 0.0418 0.0447
13.9977 0.0415 0.0443
14.0145 0.0412 0.0439
14.0314 0.0409 0.0434
14.0483 0.0407 0.0430
14.0651 0.0404 0.0426
14.0820 0.0402 0.0422
14.0989 0.0399 0.0418
14.1157 0.0397 0.0413
14.1326 0.0395 0.0409
14.1494 0.0392 0.0405
14.1663 0.0390 0.0401
14.1832 0.0388 0.0397
14.2000 0.0386 0.0392
14.2169 0.0383 0.0388
14.2338 0.0381 0.0385
14.2506 0.0378 0.0381
14.2675 0.0375 0.0377
14.2844 0.0373 0.0373
14.3012 0.0370 0.0370
14.3181 0.0367 0.0367
14.3350 0.0364 0.0363
14.3518 0.0361 0.0360
14.3687 0.0358 0.0357
14.3856 0.0355 0.0354
14.4024 0.0351 0.0352
14.4193 0.0348 0.0349
14.4361 0.0345 0.0346
14.4530 0.0342 0.0344
14.4699 0.0338 0.0341
14.4867 0.0335 0.0339
14.5036 0.0332 0.0336
14.5205 0.0329 0.0334
14.5373 0.0325 0.0332
14.5542 0.0322 0.0329
14.5711 0.0319 0.0327
14.5879 0.0316 0.0325
14.6048 0.0313 0.0322
14.6217 0.0310 0.0320
14.6385 0.0307 0.0318
14.6554 0.0305 0.0315
14.6723 0.0302 0.0313
14.6891 0.0299 0.0311
14.7060 0.0297 0.0309
14.7228 0.0294 0.0306
14.7397 0.0292 0.0304
14.7566 0.0289 0.0302
14.7734 0.0287 0.0300
14.7903 0.0285 0.0298
14.8072 0.0282 0.0296
14.8240 0.0280 0.0294
14.8409 0.0278 0.0292
14.8578 0.0276 0.0290
14.8746 0.0274 0.0288
14.8915 0.0272 0.0287
14.9084 0.0271 0.0285
14.9252 0.0269 0.0283
14.9421 0.0267 0.0281
14.9590 0.0265 0.0279
14.9758 0.0263 0.0278
14.9927 0.0261 0.0276
15.0095 0.0260 0.0274
15.0264 0.0258 0.0272
15.0433 0.0256 0.0270
15.0601 0.0254 0.0268
15.0770 0.0252 0.0266
15.0939 0.0251 0.0264
15.1107 0.0249 0.0262
15.1276 0.0247 0.0260
15.1445 0.0245 0.0258
15.1613 0.0243 0.0256
15.1782 0.0241 0.0254
15.1951 0.0239 0.0251
15.2119 0.0237 0.0249
15.2288 0.0235 0.0247
15.2457 0.0233 0.0245
15.2625 0.0231 0.0243
15.2794 0.0229 0.0241
15.2962 0.0227 0.0239
15.3131 0.0225 0.0236
15.3300 0.0223 0.0234
15.3468 0.0221 0.0232
15.3637 0.0219 0.0230
15.3806 0.0217 0.0228
15.3974 0.0215 0.0226
15.4143 0.0213 0.0224
15.4312 0.0211 0.0222
15.4480 0.0209 0.0220
15.4649 0.0207 0.0218
15.4818 0.0205 0.0216
15.4986 0.0203 0.0214
15.5155 0.0201 0.0212
15.5323 0.0199 0.0209
15.5492 0.0197 0.0207
15.5661 0.0195 0.0205
15.5829 0.0193 0.0203
15.5998 0.0190 0.0201
15.6167 0.0188 0.0199
15.6335 0.0186 0.0197
15.6504 0.0184 0.0195
15.6673 0.0182 0.0193
15.6841 0.0180 0.0191
15.7010 0.0178 0.0189
15.7179 0.0176 0.0186
15.7347 0.0174 0.0184
15.7516 0.0171 0.0182
15.7685 0.0170 0.0180
15.7853 0.0168 0.0178
15.8022 0.0166 0.0176
15.8190 0.0164 0.0174
15.8359 0.0162 0.0172
15.8528 0.0160 0.0170
15.8696 0.0158 0.0167
15.8865 0.0157 0.0165
15.9034 0.0155 0.0163
15.9202 0.0153 0.0162
15.9371 0.0152 0.0160
15.9540 0.0150 0.0158
15.9708 0.0148 0.0156
15.9877 0.0147 0.0154
16.0046 0.0145 0.0152
16.0214 0.0144 0.0151
16.0383 0.0142 0.0149
16.0552 0.0141 0.0147
16.0720 0.0139 0.0146
16.0889 0.0138 0.0144
16.1057 0.0136 0.0143
16.1226 0.0135 0.0141
16.1395 0.0133 0.0140
16.1563 0.0132 0.0139
16.1732 0.0130 0.0138
16.1901 0.0129 0.0136
16.2069 0.0127 0.0135
16.2238 0.0126 0.0134
16.2407 0.0125 0.0133
16.2575 0.0123 0.0132
16.2744 0.0122 0.0131
16.2913 0.0121 0.0131
16.3081 0.0120 0.0130
16.3250 0.0119 0.0129
16.3419 0.0117 0.0128
16.3587 0.0116 0.0127
16.3756 0.0115 0.0127
16.3924 0.0114 0.0126
16.4093 0.0114 0.0125
16.4262 0.0113 0.0125
16.4430 0.0112 0.0124
16.4599 0.0111 0.0123
16.4768 0.0110 0.0122
16.4936 0.0109 0.0122
16.5105 0.0108 0.0121
16.5274 0.0108 0.0120
16.5442 0.0107 0.0119
16.5611 0.0106 0.0118
16.5780 0.0105 0.0117
16.5948 0.0105 0.0116
16.6117 0.0104 0.0115
16.6286 0.0103 0.0114
16.6454 0.0102 0.0113
16.6623 0.0102 0.0112
16.6791 0.0101 0.0110
16.6960 0.0100 0.0109
16.7129 0.0099 0.0108
16.7297 0.0099 0.0107
16.7466 0.0098 0.0106
16.7635 0.0097 0.0105
16.7803 0.0096 0.0104
16.7972 0.0096 0.0103
16.8141 0.0095 0.0102
16.8309 0.0094 0.0101
16.8478 0.0093 0.0100
16.8647 0.0093 0.0099
16.8815 0.0092 0.0098
16.8984 0.0091 0.0098
16.9153 0.0090 0.0097
16.9321 0.0089 0.0096
16.9490 0.0088 0.0095
16.9658 0.0088 0.0095
16.9827 0.0087 0.0094
16.9996 0.0086 0.0093
17.0164 0.0085 0.0092
17.0333 0.0084 0.0092
17.0502 0.0083 0.0091
17.0670 0.0082 0.0090
17.0839 0.0082 0.0089
17.1008 0.0081 0.0088
17.1176 0.0080 0.0087
17.1345 0.0079 0.0086
17.1514 0.0078 0.0086
17.1682 0.0077 0.0085
17.1851 0.0077 0.0084
17.2020 0.0076 0.0083
17.2188 0.0075 0.0082
17.2357 0.0074 0.0081
17.2525 0.0074 0.0080
17.2694 0.0073 0.0079
17.2863 0.0072 0.0078
17.3031 0.0072 0.0077
17.3200 0.0071 0.0076
17.3369 0.0070 0.0075
17.3537 0.0070 0.0074
17.3706 0.0069 0.0073
17.3875 0.0068 0.0072
17.4043 0.0068 0.0071
17.4212 0.0067 0.0070
17.4381 0.0067 0.0069
17.4549 0.0066 0.0068
17.4718 0.0066 0.0067
17.4886 0.0066 0.0067
17.5055 0.0065 0.0066
17.5224 0.0065 0.0065
17.5392 0.0064 0.0064
17.5561 0.0064 0.0064
17.5730 0.0064 0.0063
17.5898 0.0063 0.0062
17.6067 0.0063 0.0062
17.6236 0.0063 0.0061
17.6404 0.0062 0.0061
17.6573 0.0062 0.0060
17.6742 0.0062 0.0059
17.6910 0.0061 0.0059
17.7079 0.0061 0.0058
17.7248 0.0060 0.0058
17.7416 0.0060 0.0057
17.7585 0.0060 0.0056
17.7753 0.0059 0.0056
17.7922 0.0059 0.0055
17.8091 0.0058 0.0055
17.8259 0.0058 0.0054
17.8428 0.0058 0.0054
17.8597 0.0057 0.0053
17.8765 0.0056 0.0053
17.8934 0.0056 0.0052
17.9103 0.0055 0.0052
17.9271 0.0055 0.0051
17.9440 0.0054 0.0051
17.9609 0.0054 0.0051
17.9777 0.0053 0.0050
17.9946 0.0052 0.0050
18.0115 0.0052 0.0050
18.0283 0.0051 0.0049
18.0452 0.0051 0.0049
18.0620 0.0050 0.0049
18.0789 0.0049 0.0049
18.0958 0.0049 0.0048
18.1126 0.0048 0.0048
18.1295 0.0048 0.0048
18.1464 0.0047 0.0047
18.1632 0.0047 0.0047
18.1801 0.0046 0.0047
18.1970 0.0046 0.0046
18.2138 0.0045 0.0046
18.2307 0.0045 0.0046
18.2476 0.0044 0.0045
18.2644 0.0044 0.0045
18.2813 0.0043 0.0044
18.2982 0.0043 0.0044
18.3150 0.0042 0.0044
18.3319 0.0042 0.0043
18.3487 0.0042 0.0043
18.3656 0.0041 0.0042
18.3825 0.0041 0.0042
18.3993 0.0040 0.0041
18.4162 0.0040 0.0041
18.4331 0.0040 0.0041
18.4499 0.0039 0.0040
18.4668 0.0039 0.0040
18.4837 0.0039 0.0039
18.5005 0.0038 0.0039
18.5174 0.0038 0.0038
18.5343 0.0037 0.0038
18.5511 0.0037 0.0038
18.5680 0.0037 0.0037
18.5849 0.0036 0.0037
18.6017 0.0036 0.0037
18.6186 0.0035 0.0036
18.6354 0.0035 0.0036
18.6523 0.0035 0.0035
18.6692 0.0034 0.0035
18.6860 0.0034 0.0035
18.7029 0.0034 0.0034
18.7198 0.0033 0.0034
18.7366 0.0033 0.0033
18.7535 0.0032 0.0033
18.7704 0.0032 0.0033
18.7872 0.0032 0.0032
18.8041 0.0031 0.0032
18.8210 0.0031 0.0031
18.8378 0.0031 0.0031
18.8547 0.0030 0.0031
18.8716 0.0030 0.0030
18.8884 0.0030 0.0030
18.9053 0.0029 0.0029
18.9221 0.0029 0.0029
18.9390 0.0029 0.0028
18.9559 0.0028 0.0028
18.9727 0.0028 0.0028
18.9896 0.0028 0.0027
19.0065 0.0028 0.0027
19.0233 0.0027 0.0027
19.0402 0.0027 0.0026
19.0571 0.0027 0.0026
19.0739 0.0027 0.0026
19.0908 0.0026 0.0025
19.1077 0.0026 0.0025
19.1245 0.0026 0.0025
19.1414 0.0026 0.0025
19.1583 0.0025 0.0024
19.1751 0.0025 0.0024
19.1920 0.0025 0.0024
19.2088 0.0025 0.0024
19.2257 0.0024 0.0023
19.2426 0.0024 0.0023
19.2594 0.0024 0.0023
19.2763 0.0024 0.0023
19.2932 0.0023 0.0023
19.3100 0.0023 0.0022
19.3269 0.0023 0.0022
19.3438 0.0023 0.0022
19.3606 0.0022 0.0022
19.3775 0.0022 0.0022
19.3944 0.0022 0.0021
19.4112 0.0022 0.0021
19.4281 0.0021 0.0021
19.4449 0.0021 0.0021
19.4618 0.0021 0.0020
19.4787 0.0021 0.0020
19.4955 0.0021 0.0020
19.5124 0.0020 0.0020
19.5293 0.0020 0.0020
19.5461 0.0020 0.0019
19.5630 0.0020 0.0019
19.5799 0.0020 0.0019
19.5967 0.0020 0.0019
19.6136 0.0019 0.0019
19.6305 0.0019 0.0018
19.6473 0.0019 0.0018
19.6642 0.0019 0.0018
19.6811 0.0019 0.0018
19.6979 0.0019 0.0018
19.7148 0.0018 0.0017
19.7316 0.0018 0.0017
19.7485 0.0018 0.0017
19.7654 0.0018 0.0017
19.7822 0.0018 0.0017
19.7991 0.0018 0.0016
19.8160 0.0017 0.0016
19.8328 0.0017 0.0016
19.8497 0.0017 0.0016
19.8666 0.0017 0.0016
19.8834 0.0017 0.0016
19.9003 0.0016 0.0015
19.9172 0.0016 0.0015
19.9340 0.0016 0.0015
19.9509 0.0016 0.0015
19.9678 0.0016 0.0015
19.9846 0.0015 0.0015
20.0015 0.0015 0.0014
20.0183 0.0015 0.0014
20.0352 0.0015 0.0014
20.0521 0.0015 0.0014
20.0689 0.0015 0.0014
20.0858 0.0014 0.0014
20.1027 0.0014 0.0013
20.1195 0.0014 0.0013
20.1364 0.0014 0.0013
20.1533 0.0014 0.0013
20.1701 0.0014 0.0013
20.1870 0.0014 0.0013
20.2039 0.0013 0.0013
20.2207 0.0013 0.0013
20.2376 0.0013 0.0012
20.2545 0.0013 0.0012
20.2713 0.0013 0.0012
20.2882 0.0013 0.0012
20.3050 0.0013 0.0012
20.3219 0.0012 0.0012
20.3388 0.0012 0.0012
20.3556 0.0012 0.0012
20.3725 0.0012 0.0011
20.3894 0.0012 0.0011
20.4062 0.0012 0.0011
20.4231 0.0012 0.0011
20.4400 0.0012 0.0011
20.4568 0.0011 0.0011
20.4737 0.0011 0.0011
20.4906 0.0011 0.0011
20.5074 0.0011 0.0011
20.5243 0.0011 0.0010
20.5412 0.0011 0.0010
20.5580 0.0011 0.0010
20.5749 0.0011 0.0010
20.5917 0.0010 0.0010
20.6086 0.0010 0.0010
20.6255 0.0010 0.0010
20.6423 0.0010 0.0010
20.6592 0.0010 0.0010
20.6761 0.0010 0.0010
20.6929 0.0010 0.0010
20.7098 0.0010 0.0009
20.7267 0.0010 0.0009
20.7435 0.0010 0.0009
20.7604 0.0010 0.0009
20.7773 0.0009 0.0009
20.7941 0.0009 0.0009
20.8110 0.0009 0.0009
20.8279 0.0009 0.0009
20.8447 0.0009 0.0009
20.8616 0.0009 0.0009
20.8784 0.0009 0.0009
20.8953 0.0009 0.0009
20.9122 0.0009 0.0009
20.9290 0.0009 0.0009
20.9459 0.0009 0.0009
20.9628 0.0009 0.0009
20.9796 0.0009 0.0009
20.9965 0.0009 0.0008
21.0134 0.0009 0.0008
21.0302 0.0009 0.0008
21.0471 0.0008 0.0008
21.0640 0.0008 0.0008
21.0808 0.0008 0.0008
21.0977 0.0008 0.0008
21.1146 0.0008 0.0008
21.1314 0.0008 0.0008
21.1483 0.0008 0.0008
21.1651 0.0008 0.0008
21.1820 0.0008 0.0008
21.1989 0.0008 0.0008
21.2157 0.0008 0.0008
21.2326 0.0008 0.0008
21.2495 0.0008 0.0007
21.2663 0.0008 0.0007
21.2832 0.0008 0.0007
21.3001 0.0008 0.0007
21.3169 0.0008 0.0007
21.3338 0.0008 0.0007
21.3507 0.0007 0.0007
21.3675 0.0007 0.0007
21.3844 0.0007 0.0007
21.4013 0.0007 0.0007
21.4181 0.0007 0.0007
21.4350 0.0007 0.0007
21.4518 0.0007 0.0007
21.4687 0.0007 0.0007
21.4856 0.0007 0.0007
21.5024 0.0007 0.0007
21.5193 0.0007 0.0007
21.5362 0.0007 0.0006
21.5530 0.0007 0.0006
21.5699 0.0007 0.0006
21.5868 0.0007 0.0006
21.6036 0.0007 0.0006
21.6205 0.0007 0.0006
21.6374 0.0007 0.0006
21.6542 0.0007 0.0006
21.6711 0.0007 0.0006
21.6879 0.0007 0.0006
21.7048 0.0007 0.0006
21.7217 0.0006 0.0006
21.7385 0.0006 0.0006
21.7554 0.0006 0.0006
21.7723 0.0006 0.0006
21.7891 0.0006 0.0006
21.8060 0.0006 0.0006
21.8229 0.0006 0.0006
21.8397 0.0006 0.0006
21.8566 0.0006 0.0006
21.8735 0.0006 0.0006
21.8903 0.0006 0.0006
21.9072 0.0006 0.0006
21.9241 0.0006 0.0006
21.9409 0.0006 0.0006
21.9578 0.0006 0.0006
21.9746 0.0006 0.0006
21.9915 0.0006 0.0005
22.0084 0.0006 0.0005
22.0252 0.0006 0.0005
22.0421 0.0006 0.0005
22.0590 0.0006 0.0005
22.0758 0.0006 0.0005
22.0927 0.0006 0.0005
22.1096 0.0006 0.0005
22.1264 0.0006 0.0005
22.1433 0.0006 0.0005
22.1602 0.0006 0.0005
22.1770 0.0006 0.0005
22.1939 0.0005 0.0005
22.2108 0.0005 0.0005
22.2276 0.0005 0.0005
22.2445 0.0005 0.0005
22.2613 0.0005 0.0005
22.2782 0.0005 0.0005
22.2951 0.0005 0.0005
22.3119 0.0005 0.0005
22.3288 0.0005 0.0005
22.3457 0.0005 0.0005
22.3625 0.0005 0.0005
22.3794 0.0005 0.0005
22.3963 0.0005 0.0005
22.4131 0.0005 0.0005
22.4300 0.0005 0.0005
22.4469 0.0005 0.0005
22.4637 0.0005 0.0005
22.4806 0.0005 0.0005
22.4975 0.0005 0.0005
22.5143 0.0005 0.0005
22.5312 0.0005 0.0005
22.5480 0.0005 0.0005
22.5649 0.0005 0.0005
22.5818 0.0005 0.0005
22.5986 0.0005 0.0005
22.6155 0.0005 0.0005
22.6324 0.0005 0.0005
22.6492 0.0005 0.0005
22.6661 0.0005 0.0005
22.6830 0.0005 0.0005
22.6998 0.0005 0.0005
22.7167 0.0005 0.0005
22.7336 0.0005 0.0005
22.7504 0.0005 0.0005
22.7673 0.0005 0.0004
22.7842 0.0005 0.0004
22.8010 0.0005 0.0004
22.8179 0.0005 0.0004
22.8347 0.0005 0.0004
22.8516 0.0005 0.0004
22.8685 0.0005 0.0004
22.8853 0.0005 0.0004
22.9022 0.0005 0.0004
22.9191 0.0005 0.0004
22.9359 0.0004 0.0004
22.9528 0.0004 0.0004
22.9697 0.0004 0.0004
22.9865 0.0004 0.0004
23.0034 0.0004 0.0004
23.0203 0.0004 0.0004
23.0371 0.0004 0.0004
23.0540 0.0004 0.0004
23.0709 0.0004 0.0004
23.0877 0.0004 0.0004
23.1046 0.0004 0.0004
23.1214 0.0004 0.0004
23.1383 0.0004 0.0004
23.1552 0.0004 0.0004
23.1720 0.0004 0.0004
23.1889 0.0004 0.0004
23.2058 0.0004 0.0004
23.2226 0.0004 0.0004
23.2395 0.0004 0.0004
23.2564 0.0004 0.0004
23.2732 0.0004 0.0004
23.2901 0.0004 0.0004
23.3070 0.0004 0.0004
23.3238 0.0004 0.0004
23.3407 0.0004 0.0004
23.3576 0.0004 0.0004
23.3744 0.0004 0.0004
23.3913 0.0004 0.0004
23.4081 0.0004 0.0004
23.4250 0.0004 0.0004
23.4419 0.0004 0.0004
23.4587 0.0004 0.0004
23.4756 0.0004 0.0004
23.4925 0.0004 0.0004
23.5093 0.0004 0.0004
23.5262 0.0004 0.0004
23.5431 0.0004 0.0004
23.5599 0.0004 0.0004
23.5768 0.0004 0.0004
23.5937 0.0004 0.0004
23.6105 0.0004 0.0004
23.6274 0.0004 0.0004
23.6442 0.0004 0.0004
23.6611 0.0004 0.0004
23.6780 0.0004 0.0004
23.6948 0.0004 0.0004
23.7117 0.0004 0.0004
23.7286 0.0004 0.0004
23.7454 0.0004 0.0004
23.7623 0.0004 0.0004
23.7792 0.0004 0.0004
23.7960 0.0004 0.0003
23.8129 0.0004 0.0003
23.8298 0.0003 0.0003
23.8466 0.0003 0.0003
23.8635 0.0003 0.0003
23.8804 0.0003 0.0003
23.8972 0.0003 0.0003
23.9141 0.0003 0.0003
23.9309 0.0003 0.0003
23.9478 0.0003 0.0003
23.9647 0.0003 0.0003
23.9815 0.0003 0.0003
23.9984 0.0003 0.0003
24.0153 0.0003 0.0003
24.0321 0.0003 0.0003
24.0490 0.0003 0.0003
24.0659 0.0003 0.0003
24.0827 0.0003 0.0003
24.0996 0.0003 0.0003
24.1165 0.0003 0.0003
24.1333 0.0003 0.0003
24.1502 0.0003 0.0003
24.1671 0.0003 0.0003
24.1839 0.0003 0.0003
24.2008 0.0003 0.0003
24.2176 0.0003 0.0003
24.2345 0.0003 0.0003
24.2514 0.0003 0.0003
24.2682 0.0003 0.0003
24.2851 0.0003 0.0003
24.3020 0.0003 0.0003
24.3188 0.0003 0.0003
24.3357 0.0003 0.0003
24.3526 0.0003 0.0003
24.3694 0.0003 0.0003
24.3863 0.0003 0.0003
24.4032 0.0003 0.0003
24.4200 0.0003 0.0003
24.4369 0.0003 0.0003
24.4538 0.0003 0.0003
24.4706 0.0003 0.0003
24.4875 0.0003 0.0003
24.5043 0.0003 0.0003
24.5212 0.0003 0.0003
24.5381 0.0003 0.0003
24.5549 0.0002 0.0003
24.5718 0.0002 0.0003
24.5887 0.0002 0.0002
24.6055 0.0002 0.0002
24.6224 0.0002 0.0002
24.6393 0.0002 0.0002
24.6561 0.0002 0.0002
24.6730 0.0002 0.0002
24.6899 0.0002 0.0002
24.7067 0.0002 0.0002
24.7236 0.0002 0.0002
24.7405 0.0002 0.0002
24.7573 0.0002 0.0002
24.7742 0.0002 0.0002
24.7910 0.0002 0.0002
24.8079 0.0002 0.0002
24.8248 0.0002 0.0002
24.8416 0.0002 0.0002
24.8585 0.0002 0.0002
24.8754 0.0002 0.0002
24.8922 0.0002 0.0002
24.9091 0.0002 0.0002
24.9260 0.0002 0.0002
24.9428 0.0002 0.0002
24.9597 0.0002 0.0002
24.9766 0.0002 0.0002
24.9934 0.0002 0.0002
25.0103 0.0002 0.0002
25.0272 0.0002 0.0002
25.0440 0.0002 0.0002
25.0609 0.0002 0.0002
25.0777 0.0002 0.0002
25.0946 0.0002 0.0002
25.1115 0.0002 0.0002
25.1283 0.0002 0.0002
25.1452 0.0002 0.0002
25.1621 0.0002 0.0002
25.1789 0.0002 0.0002
25.1958 0.0002 0.0002
25.2127 0.0002 0.0002
25.2295 0.0002 0.0002
25.2464 0.0002 0.0002
25.2633 0.0002 0.0002
25.2801 0.0002 0.0002
25.2970 0.0002 0.0002
25.3139 0.0002 0.0002
25.3307 0.0002 0.0002
25.3476 0.0002 0.0002
25.3644 0.0002 0.0002
25.3813 0.0002 0.0002
25.3982 0.0002 0.0002
25.4150 0.0002 0.0002
25.4319 0.0002 0.0002
25.4488 0.0002 0.0001
25.4656 0.0001 0.0001
25.4825 0.0001 0.0001
25.4994 0.0001 0.0001
25.5162 0.0001 0.0001
25.5331 0.0001 0.0001
25.5500 0.0001 0.0001
25.5668 0.0001 0.0001
25.5837 0.0001 0.0001
25.6005 0.0001 0.0001
25.6174 0.0001 0.0001
25.6343 0.0001 0.0001
25.6511 0.0001 0.0001
25.6680 0.0001 0.0001
25.6849 0.0001 0.0001
25.7017 0.0001 0.0001
25.7186 0.0001 0.0001
25.7355 0.0001 0.0001
25.7523 0.0001 0.0001
25.7692 0.0001 0.0001
25.7861 0.0001 0.0001
25.8029 0.0001 0.0001
25.8198 0.0001 0.0001
25.8367 0.0001 0.0001
25.8535 0.0001 0.0001
25.8704 0.0001 0.0001
25.8872 0.0001 0.0001
25.9041 0.0001 0.0001
25.9210 0.0001 0.0001
25.9378 0.0001 0.0001
25.9547 0.0001 0.0001
25.9716 0.0001 0.0001
25.9884 0.0001 0.0001
26.0053 0.0001 0.0001
26.0222 0.0001 0.0001
26.0390 0.0001 0.0001
26.0559 0.0001 0.0001
26.0728 0.0001 0.0001
26.0896 0.0001 0.0001
26.1065 0.0001 0.0001
26.1234 0.0001 0.0001
26.1402 0.0001 0.0001
26.1571 0.0001 0.0001
26.1739 0.0001 0.0001
26.1908 0.0001 0.0001
26.2077 0.0001 0.0001
26.2245 0.0001 0.0001
26.2414 0.0001 0.0001
26.2583 0.0001 0.0001
26.2751 0.0001 0.0001
26.2920 0.0001 0.0001
26.3089 0.0001 0.0001
26.3257 0.0001 0.0001
26.3426 0.0001 0.0001
26.3595 0.0001 0.0001
26.3763 0.0001 0.0001
26.3932 0.0001 0.0001
26.4101 0.0001 0.0001
26.4269 0.0001 0.0001
26.4438 0.0001 0.0001
26.4606 0.0001 0.0001
26.4775 0.0001 0.0001
26.4944 0.0001 0.0001
26.5112 0.0001 0.0001
26.5281 0.0001 0.0001
26.5450 0.0001 0.0001
26.5618 0.0001 0.0001
26.5787 0.0001 0.0001
26.5956 0.0001 0.0001
26.6124 0.0001 0.0001
26.6293 0.0001 0.0001
26.6462 0.0001 0.0001
26.6630 0.0001 0.0001
26.6799 0.0001 0.0001
26.6968 0.0001 0.0001
26.7136 0.0001 0.0001
26.7305 0.0001 0.0001
26.7473 0.0001 0.0001
26.7642 0.0001 0.0001
26.7811 0.0001 0.0001
26.7979 0.0001 0.0001
26.8148 0.0001 0.0001
26.8317 0.0001 0.0001
26.8485 0.0001 0.0001
26.8654 0.0001 0.0001
26.8823 0.0001 0.0001
26.8991 0.0001 0.0001
26.9160 0.0001 0.0001
26.9329 0.0001 0.0001
26.9497 0.0001 0.0001
26.9666 0.0000 0.0001
26.9835 0.0000 0.0001
27.0003 0.0000 0.0000
27.0172 0.0000 0.0000
27.0340 0.0000 0.0000
27.0509 0.0000 0.0000
27.0678 0.0000 0.0000
27.0846 0.0000 0.0000
27.1015 0.0000 0.0000
27.1184 0.0000 0.0000
27.1352 0.0000 0.0000
27.1521 0.0000 0.0000
27.1690 0.0000 0.0000
27.1858 0.0000 0.0000
27.2027 0.0000 0.0000
27.2196 0.0000 0.0000
27.2364 0.0000 0.0000
27.2533 0.0000 0.0000
27.2702 0.0000 0.0000
27.2870 0.0000 0.0000
27.3039 0.0000 0.0000
27.3207 0.0000 0.0000
27.3376 0.0000 0.0000
27.3545 0.0000 0.0000
27.3713 0.0000 0.0000
27.3882 0.0000 0.0000
27.4051 0.0000 0.0000
27.4219 0.0000 0.0000
27.4388 0.0000 0.0000
27.4557 0.0000 0.0000
27.4725 0.0000 0.0000
27.4894 0.0000 0.0000
27.5063 0.0000 0.0000
27.5231 0.0000 0.0000
27.5400 0.0000 0.0000
27.5569 0.0000 0.0000
27.5737 0.0000 0.0000
27.5906 0.0000 0.0000
27.6074 0.0000 0.0000
27.6243 0.0000 0.0000
27.6412 0.0000 0.0000
27.6580 0.0000 0.0000
27.6749 0.0000 0.0000
27.6918 0.0000 0.0000
27.7086 0.0000 0.0000
27.7255 0.0000 0.0000
27.7424 0.0000 0.0000
27.7592 0.0000 0.0000
27.7761 0.0000 0.0000
27.7930 0.0000 0.0000
27.8098 0.0000 0.0000
27.8267 0.0000 0.0000
27.8435 0.0000 0.0000
27.8604 0.0000 0.0000
27.8773 0.0000 0.0000
27.8941 0.0000 0.0000
27.9110 0.0000 0.0000
27.9279 0.0000 0.0000
27.9447 0.0000 0.0000
27.9616 0.0000 0.0000
27.9785 0.0000 0.0000
27.9953 0.0000 0.0000
28.0122 0.0000 0.0000
28.0291 0.0000 0.0000
28.0459 0.0000 0.0000
28.0628 0.0000 0.0000
28.0797 0.0000 0.0000
28.0965 0.0000 0.0000
28.1134 0.0000 0.0000
28.1302 0.0000 0.0000
28.1471 0.0000 0.0000
28.1640 0.0000 0.0000
28.1808 0.0000 0.0000
28.1977 0.0000 0.0000
28.2146 0.0000 0.0000
28.2314 0.0000 0.0000
28.2483 0.0000 0.0000
28.2652 0.0000 0.0000
28.2820 0.0000 0.0000
28.2989 0.0000 0.0000
28.3158 0.0000 0.0000
28.3326 0.0000 0.0000
28.3495 0.0000 0.0000
28.3664 0.0000 0.0000
28.3832 0.0000 0.0000
28.4001 0.0000 0.0000
28.4169 0.0000 0.0000
28.4338 0.0000 0.0000
28.4507 0.0000 0.0000
28.4675 0.0000 0.0000
28.4844 0.0000 0.0000
28.5013 0.0000 0.0000
28.5181 0.0000 0.0000
28.5350 0.0000 0.0000
28.5519 0.0000 0.0000
28.5687 0.0000 0.0000
28.5856 0.0000 0.0000
28.6025 0.0000 0.0000
28.6193 0.0000 0.0000
28.6362 0.0000 0.0000
28.6531 0.0000 0.0000
28.6699 0.0000 0.0000
28.6868 0.0000 0.0000
28.7036 0.0000 0.0000
28.7205 0.0000 0.0000
28.7374 0.0000 0.0000
28.7542 0.0000 0.0000
28.7711 0.0000 0.0000
28.7880 0.0000 0.0000
28.8048 0.0000 0.0000
28.8217 0.0000 0.0000
28.8386 0.0000 0.0000
28.8554 0.0000 0.0000
28.8723 0.0000 0.0000
28.8892 0.0000 0.0000
28.9060 0.0000 0.0000
28.9229 0.0000 0.0000
28.9398 0.0000 0.0000
28.9566 0.0000 0.0000
28.9735 0.0000 0.0000
28.9903 0.0000 0.0000
29.0072 0.0000 0.0000
29.0241 0.0000 0.0000
29.0409 0.0000 0.0000
29.0578 0.0000 0.0000
29.0747 0.0000 0.0000
29.0915 0.0000 0.0000
29.1084 0.0000 0.0000
29.1253 0.0000 0.0000
29.1421 0.0000 0.0000
29.1590 0.0000 0.0000
29.1759 0.0000 0.0000
29.1927 0.0000 0.0000
29.2096 0.0000 0.0000
29.2265 0.0000 0.0000
29.2433 0.0000 0.0000
29.2602 0.0000 0.0000
29.2770 0.0000 0.0000
29.2939 0.0000 0.0000
29.3108 0.0000 0.0000
29.3276 0.0000 0.0000
29.3445 0.0000 0.0000
29.3614 0.0000 0.0000
29.3782 0.0000 0.0000
29.3951 0.0000 0.0000
29.4120 0.0000 0.0000
29.4288 0.0000 0.0000
29.4457 0.0000 0.0000
29.4626 0.0000 0.0000
29.4794 0.0000 0.0000
29.4963 0.0000 0.0000
29.5132 0.0000 0.0000
29.5300 0.0000 0.0000
29.5469 0.0000 0.0000
29.5637 0.0000 0.0000
29.5806 0.0000 0.0000
29.5975 0.0000 0.0000
29.6143 0.0000 0.0000
29.6312 0.0000 0.0000
29.6481 0.0000 0.0000
29.6649 0.0000 0.0000
29.6818 0.0000 0.0000
29.6987 0.0000 0.0000
29.7155 0.0000 0.0000
29.7324 0.0000 0.0000
29.7493 0.0000 0.0000
29.7661 0.0000 0.0000
29.7830 0.0000 0.0000
29.7998 0.0000 0.0000
29.8167 0.0000 0.0000
29.8336 0.0000 0.0000
29.8504 0.0000 0.0000
29.8673 0.0000 0.0000
29.8842 0.0000 0.0000
29.9010 0.0000 0.0000
29.9179 0.0000 0.0000
29.9348 0.0000 0.0000
29.9516 0.0000 0.0000
29.9685 0.0000 0.0000
29.9854 0.0000 0.0000
30.0022 0.0000 0.0000
30.0191 0.0000 0.0000
30.0360 0.0000 0.0000
30.0528 0.0000 0.0000
30.0697 0.0000 0.0000
30.0865 0.0000 0.0000
30.1034 0.0000 0.0000
30.1203 0.0000 0.0000
30.1371 0.0000 0.0000
30.1540 0.0000 0.0000
30.1709 0.0000 0.0000
30.1877 0.0000 0.0000
30.2046 0.0000 0.0000
30.2215 0.0000 0.0000
30.2383 0.0000 0.0000
30.2552 0.0000 0.0000
30.2721 0.0000 0.0000
30.2889 0.0000 0.0000
30.3058 0.0000 0.0000
30.3227 0.0000 0.0000
30.3395 0.0000 0.0000
30.3564 0.0000 0.0000
30.3732 0.0000 0.0000
30.3901 0.0000 0.0000
30.4070 0.0000 0.0000
30.4238 0.0000 0.0000
30.4407 0.0000 0.0000
30.4576 0.0000 0.0000
30.4744 0.0000 0.0000
30.4913 0.0000 0.0000
30.5082 0.0000 0.0000
30.5250 0.0000 0.0000
30.5419 0.0000 0.0000
30.5588 0.0000 0.0000
30.5756 0.0000 0.0000
30.5925 0.0000 0.0000
30.6094 0.0000 0.0000
30.6262 0.0000 0.0000
30.6431 0.0000 0.0000
30.6599 0.0000 0.0000
30.6768 0.0000 0.0000
30.6937 0.0000 0.0000
30.7105 0.0000 0.0000
30.7274 0.0000 0.0000
30.7443 0.0000 0.0000
30.7611 0.0000 0.0000
30.7780 0.0000 0.0000
30.7949 0.0000 0.0000
30.8117 0.0000 0.0000
30.8286 0.0000 0.0000
30.8455 0.0000 0.0000
30.8623 0.0000 0.0000
30.8792 0.0000 0.0000
30.8961 0.0000 0.0000
30.9129 0.0000 0.0000
30.9298 0.0000 0.0000
30.9466 0.0000 0.0000
30.9635 0.0000 0.0000
30.9804 0.0000 0.0000
30.9972 0.0000 0.0000
31.0141 0.0000 0.0000
31.0310 0.0000 0.0000
31.0478 0.0000 0.0000
31.0647 0.0000 0.0000
31.0816 0.0000 0.0000
31.0984 0.0000 0.0000
31.1153 0.0000 0.0000
31.1322 0.0000 0.0000
31.1490 0.0000 0.0000
31.1659 0.0000 0.0000
31.1828 0.0000 0.0000
31.1996 0.0000 0.0000
31.2165 0.0000 0.0000
31.2333 0.0000 0.0000
31.2502 0.0000 0.0000
31.2671 0.0000 0.0000
31.2839 0.0000 0.0000
31.3008 0.0000 0.0000
31.3177 0.0000 0.0000
31.3345 0.0000 0.0000
31.3514 0.0000 0.0000
31.3683 0.0000 0.0000
31.3851 0.0000 0.0000
31.4020 0.0000 0.0000
31.4189 0.0000 0.0000
31.4357 0.0000 0.0000
31.4526 0.0000 0.0000
31.4695 0.0000 0.0000
31.4863 0.0000 0.0000
31.5032 0.0000 0.0000
31.5200 0.0000 0.0000
31.5369 0.0000 0.0000
31.5538 0.0000 0.0000
31.5706 0.0000 0.0000
31.5875 0.0000 0.0000
31.6044 0.0000 0.0000
31.6212 0.0000 0.0000
31.6381 0.0000 0.0000
31.6550 0.0000 0.0000
31.6718 0.0000 0.0000
31.6887 0.0000 0.0000
31.7056 0.0000 0.0000
31.7224 0.0000 0.0000
31.7393 0.0000 0.0000
31.7561 0.0000 0.0000
31.7730 0.0000 0.0000
31.7899 0.0000 0.0000
31.8067 0.0000 0.0000
31.8236 0.0000 0.0000
31.8405 0.0000 0.0000
31.8573 0.0000 0.0000
31.8742 0.0000 0.0000
31.8911 0.0000 0.0000
31.9079 0.0000 0.0000
31.9248 0.0000 0.0000
31.9417 0.0000 0.0000
31.9585 0.0000 0.0000
31.9754 0.0000 0.0000
31.9923 0.0000 0.0000
32.0091 0.0000 0.0000
32.0260 0.0000 0.0000
32.0428 0.0000 0.0000
32.0597 0.0000 0.0000
32.0766 0.0000 0.0000
32.0934 0.0000 0.0000
32.1103 0.0000 0.0000
32.1272 0.0000 0.0000
32.1440 0.0000 0.0000
32.1609 0.0000 0.0000
32.1778 0.0000 0.0000
32.1946 0.0000 0.0000
32.2115 0.0000 0.0000
32.2284 0.0000 0.0000
32.2452 0.0000 0.0000
32.2621 0.0000 0.0000
32.2790 0.0000 0.0000
32.2958 0.0000 0.0000
32.3127 0.0000 0.0000
32.3295 0.0000 0.0000
32.3464 0.0000 0.0000
32.3633 0.0000 0.0000
32.3801 0.0000 0.0000
32.3970 0.0000 0.0000
32.4139 0.0000 0.0000
32.4307 0.0000 0.0000
32.4476 0.0000 0.0000
32.4645 0.0000 0.0000
32.4813 0.0000 0.0000
32.4982 0.0000 0.0000
32.5151 0.0000 0.0000
32.5319 0.0000 0.0000
32.5488 0.0000 0.0000
32.5657 0.0000 0.0000
32.5825 0.0000 0.0000
32.5994 0.0000 0.0000
32.6162 0.0000 0.0000
32.6331 0.0000 0.0000
32.6500 0.0000 0.0000
32.6668 0.0000 0.0000
32.6837 0.0000 0.0000
32.7006 0.0000 0.0000
32.7174 0.0000 0.0000
32.7343 0.0000 0.0000
32.7512 0.0000 0.0000
32.7680 0.0000 0.0000
32.7849 0.0000 0.0000
32.8018 0.0000 0.0000
32.8186 0.0000 0.0000
32.8355 0.0000 0.0000
32.8524 0.0000 0.0000
32.8692 0.0000 0.0000
32.8861 0.0000 0.0000
32.9029 0.0000 0.0000
32.9198 0.0000 0.0000
32.9367 0.0000 0.0000
32.9535 0.0000 0.0000
32.9704 0.0000 0.0000
32.9873 0.0000 0.0000
33.0041 0.0000 0.0000
33.0210 0.0000 0.0000
33.0379 0.0000 0.0000
33.0547 0.0000 0.0000
33.0716 0.0000 0.0000
33.0885 0.0000 0.0000
33.1053 0.0000 0.0000
33.1222 0.0000 0.0000
33.1391 0.0000 0.0000
33.1559 0.0000 0.0000
33.1728 0.0000 0.0000
33.1896 0.0000 0.0000
33.2065 0.0000 0.0000
33.2234 0.0000 0.0000
33.2402 0.0000 0.0000
33.2571 0.0000 0.0000
33.2740 0.0000 0.0000
33.2908 0.0000 0.0000
33.3077 0.0000 0.0000
33.3246 0.0000 0.0000
33.3414 0.0000 0.0000
33.3583 0.0000 0.0000
33.3752 0.0000 0.0000
33.3920 0.0000 0.0000
33.4089 0.0000 0.0000
33.4258 0.0000 0.0000
33.4426 0.0000 0.0000
33.4595 0.0000 0.0000
33.4763 0.0000 0.0000
33.4932 0.0000 0.0000
33.5101 0.0000 0.0000
33.5269 0.0000 0.0000
33.5438 0.0000 0.0000
33.5607 0.0000 0.0000
33.5775 0.0000 0.0000
33.5944 0.0000 0.0000
33.6113 0.0000 0.0000
33.6281 0.0000 0.0000
33.6450 0.0000 0.0000
33.6619 0.0000 0.0000
33.6787 0.0000 0.0000
33.6956 0.0000 0.0000
33.7125 0.0000 0.0000
