0.0000 0.0000 0.0000
0.0198 4.6069 4.2201
0.0396 9.1135 8.3566
0.0594 13.4244 12.3297
0.0792 17.4533 16.0665
0.0990 21.1267 19.5040
0.1188 24.3872 22.5916
0.1386 27.1945 25.2923
0.1584 29.5265 27.5836
0.1782 31.3787 29.4573
0.1980 32.7625 30.9189
0.2178 33.7031 31.9856
0.2376 34.2368 32.6847
0.2574 34.4079 33.0513
0.2772 34.2654 33.1258
0.2970 33.8608 32.9515
0.3168 33.2449 32.5724
0.3366 32.4662 32.0311
0.3564 31.5692 31.3677
0.3762 30.5937 30.6179
0.3960 29.5738 29.8126
0.4158 28.5380 28.9777
0.4356 27.5094 28.1333
0.4553 26.5061 27.2945
0.4751 25.5414 26.4719
0.4949 24.6249 25.6715
0.5147 23.7627 24.8962
0.5345 22.9578 24.1461
0.5543 22.2113 23.4195
0.5741 21.5221 22.7134
0.5939 20.8877 22.0242
0.6137 20.3046 21.3483
0.6335 19.7684 20.6825
0.6533 19.2740 20.0242
0.6731 18.8161 19.3717
0.6929 18.3896 18.7243
0.7127 17.9893 18.0819
0.7325 17.6102 17.4457
0.7523 17.2483 16.8173
0.7721 16.8998 16.1988
0.7919 16.5618 15.5927
0.8117 16.2321 15.0015
0.8315 15.9092 14.4280
0.8513 15.5923 13.8744
0.8711 15.2811 13.3427
0.8909 14.9759 12.8346
0.9107 14.6771 12.3511
0.9305 14.3854 11.8928
0.9503 14.1015 11.4597
0.9701 13.8261 11.0514
0.9899 13.5594 10.6669
1.0097 13.3018 10.3052
1.0295 13.0532 9.9647
1.0493 12.8132 9.6438
1.0691 12.5814 9.3410
1.0889 12.3569 9.0547
1.1087 12.1391 8.7834
1.1285 11.9269 8.5259
1.1483 11.7195 8.2811
1.1681 11.5161 8.0483
1.1879 11.3162 7.8268
1.2077 11.1193 7.6163
1.2275 10.9251 7.4166
1.2473 10.7338 7.2277
1.2671 10.5456 7.0498
1.2869 10.3610 6.8829
1.3067 10.1807 6.7273
1.3264 10.0054 6.5832
1.3462 9.8360 6.4509
1.3660 9.6733 6.3304
1.3858 9.5181 6.2217
1.4056 9.3709 6.1247
1.4254 9.2323 6.0391
1.4452 9.1024 5.9646
1.4650 8.9811 5.9006
1.4848 8.8682 5.8462
1.5046 8.7632 5.8006
1.5244 8.6651 5.7627
1.5442 8.5730 5.7314
1.5640 8.4856 5.7056
1.5838 8.4018 5.6839
1.6036 8.3200 5.6651
1.6234 8.2388 5.6481
1.6432 8.1570 5.6318
1.6630 8.0731 5.6153
1.6828 7.9860 5.5976
1.7026 7.8948 5.5781
1.7224 7.7988 5.5563
1.7422 7.6976 5.5319
1.7620 7.5910 5.5047
1.7818 7.4793 5.4745
1.8016 7.3630 5.4415
1.8214 7.2428 5.4058
1.8412 7.1198 5.3676
1.8610 6.9951 5.3273
1.8808 6.8700 5.2853
1.9006 6.7457 5.2418
1.9204 6.6232 5.1974
1.9402 6.5036 5.1524
1.9600 6.3874 5.1072
1.9798 6.2751 5.0622
1.9996 6.1667 5.0178
2.0194 6.0620 4.9743
2.0392 5.9606 4.9320
2.0590 5.8618 4.8911
2.0788 5.7648 4.8517
2.0986 5.6688 4.8140
2.1184 5.5731 4.7780
2.1382 5.4771 4.7436
2.1580 5.3803 4.7108
2.1778 5.2825 4.6793
2.1975 5.1837 4.6492
2.2173 5.0842 4.6200
2.2371 4.9845 4.5918
2.2569 4.8852 4.5642
2.2767 4.7872 4.5372
2.2965 4.6915 4.5106
2.3163 4.5988 4.4844
2.3361 4.5102 4.4586
2.3559 4.4264 4.4331
2.3757 4.3483 4.4079
2.3955 4.2763 4.3832
2.4153 4.2109 4.3589
2.4351 4.1521 4.3350
2.4549 4.1000 4.3114
2.4747 4.0542 4.2882
2.4945 4.0143 4.2651
2.5143 3.9796 4.2421
2.5341 3.9493 4.2188
2.5539 3.9226 4.1951
2.5737 3.8984 4.1707
2.5935 3.8760 4.1453
2.6133 3.8542 4.1188
2.6331 3.8325 4.0909
2.6529 3.8100 4.0615
2.6727 3.7864 4.0305
2.6925 3.7612 3.9980
2.7123 3.7344 3.9641
2.7321 3.7059 3.9289
2.7519 3.6760 3.8926
2.7717 3.6450 3.8557
2.7915 3.6133 3.8186
2.8113 3.5814 3.7817
2.8311 3.5498 3.7455
2.8509 3.5190 3.7106
2.8707 3.4895 3.6776
2.8905 3.4617 3.6470
2.9103 3.4360 3.6193
2.9301 3.4124 3.5949
2.9499 3.3912 3.5742
2.9697 3.3723 3.5575
2.9895 3.3556 3.5447
3.0093 3.3408 3.5360
3.0291 3.3278 3.5311
3.0489 3.3162 3.5296
3.0687 3.3057 3.5310
3.0884 3.2959 3.5346
3.1082 3.2865 3.5398
3.1280 3.2772 3.5456
3.1478 3.2679 3.5512
3.1676 3.2583 3.5557
3.1874 3.2483 3.5584
3.2072 3.2379 3.5586
3.2270 3.2271 3.5557
3.2468 3.2159 3.5493
3.2666 3.2043 3.5391
3.2864 3.1923 3.5252
3.3062 3.1800 3.5075
3.3260 3.1674 3.4862
3.3458 3.1543 3.4616
3.3656 3.1407 3.4341
3.3854 3.1263 3.4041
3.4052 3.1111 3.3718
3.4250 3.0948 3.3378
3.4448 3.0772 3.3021
3.4646 3.0582 3.2652
3.4844 3.0375 3.2272
3.5042 3.0151 3.1882
3.5240 2.9909 3.1485
3.5438 2.9648 3.1081
3.5636 2.9370 3.0670
3.5834 2.9074 3.0255
3.6032 2.8763 2.9836
3.6230 2.8439 2.9414
3.6428 2.8102 2.8991
3.6626 2.7757 2.8568
3.6824 2.7404 2.8148
3.7022 2.7046 2.7731
3.7220 2.6685 2.7320
3.7418 2.6323 2.6915
3.7616 2.5961 2.6519
3.7814 2.5603 2.6132
3.8012 2.5248 2.5756
3.8210 2.4899 2.5392
3.8408 2.4558 2.5041
3.8606 2.4227 2.4704
3.8804 2.3906 2.4382
3.9002 2.3598 2.4077
3.9200 2.3305 2.3790
3.9398 2.3028 2.3522
3.9595 2.2768 2.3273
3.9793 2.2527 2.3046
3.9991 2.2305 2.2841
4.0189 2.2103 2.2657
4.0387 2.1920 2.2496
4.0585 2.1755 2.2357
4.0783 2.1608 2.2238
4.0981 2.1475 2.2139
4.1179 2.1356 2.2057
4.1377 2.1248 2.1989
4.1575 2.1147 2.1934
4.1773 2.1052 2.1888
4.1971 2.0958 2.1848
4.2169 2.0864 2.1810
4.2367 2.0768 2.1772
4.2565 2.0667 2.1732
4.2763 2.0561 2.1685
4.2961 2.0449 2.1632
4.3159 2.0330 2.1570
4.3357 2.0206 2.1499
4.3555 2.0075 2.1417
4.3753 1.9941 2.1326
4.3951 1.9803 2.1226
4.4149 1.9664 2.1117
4.4347 1.9526 2.1001
4.4545 1.9388 2.0879
4.4743 1.9254 2.0752
4.4941 1.9125 2.0621
4.5139 1.9001 2.0487
4.5337 1.8883 2.0352
4.5535 1.8773 2.0215
4.5733 1.8670 2.0079
4.5931 1.8575 1.9942
4.6129 1.8487 1.9806
4.6327 1.8407 1.9671
4.6525 1.8333 1.9537
4.6723 1.8265 1.9406
4.6921 1.8202 1.9277
4.7119 1.8143 1.9151
4.7317 1.8088 1.9030
4.7515 1.8034 1.8912
4.7713 1.7981 1.8800
4.7911 1.7928 1.8693
4.8109 1.7874 1.8592
4.8307 1.7817 1.8496
4.8504 1.7757 1.8406
4.8702 1.7693 1.8321
4.8900 1.7624 1.8242
4.9098 1.7549 1.8168
4.9296 1.7468 1.8099
4.9494 1.7381 1.8035
4.9692 1.7287 1.7977
4.9890 1.7186 1.7926
5.0088 1.7080 1.7881
5.0286 1.6969 1.7843
5.0484 1.6852 1.7814
5.0682 1.6733 1.7794
5.0880 1.6612 1.7783
5.1078 1.6489 1.7781
5.1276 1.6368 1.7789
5.1474 1.6249 1.7806
5.1672 1.6135 1.7830
5.1870 1.6026 1.7862
5.2068 1.5924 1.7899
5.2266 1.5830 1.7940
5.2464 1.5745 1.7984
5.2662 1.5671 1.8030
5.2860 1.5606 1.8077
5.3058 1.5550 1.8124
5.3256 1.5504 1.8171
5.3454 1.5466 1.8217
5.3652 1.5434 1.8265
5.3850 1.5407 1.8313
5.4048 1.5383 1.8362
5.4246 1.5360 1.8415
5.4444 1.5335 1.8470
5.4642 1.5306 1.8528
5.4840 1.5272 1.8589
5.5038 1.5231 1.8652
5.5236 1.5180 1.8716
5.5434 1.5121 1.8780
5.5632 1.5051 1.8840
5.5830 1.4971 1.8895
5.6028 1.4882 1.8940
5.6226 1.4784 1.8972
5.6424 1.4678 1.8988
5.6622 1.4565 1.8985
5.6820 1.4448 1.8960
5.7018 1.4326 1.8911
5.7215 1.4202 1.8836
5.7413 1.4077 1.8735
5.7611 1.3952 1.8608
5.7809 1.3828 1.8456
5.8007 1.3706 1.8281
5.8205 1.3586 1.8085
5.8403 1.3470 1.7872
5.8601 1.3358 1.7643
5.8799 1.3251 1.7402
5.8997 1.3148 1.7152
5.9195 1.3052 1.6895
5.9393 1.2962 1.6634
5.9591 1.2878 1.6370
5.9789 1.2801 1.6105
5.9987 1.2730 1.5840
6.0185 1.2667 1.5578
6.0383 1.2609 1.5318
6.0581 1.2557 1.5063
6.0779 1.2510 1.4812
6.0977 1.2467 1.4568
6.1175 1.2426 1.4331
6.1373 1.2387 1.4102
6.1571 1.2348 1.3883
6.1769 1.2307 1.3676
6.1967 1.2265 1.3480
6.2165 1.2218 1.3298
6.2363 1.2168 1.3129
6.2561 1.2113 1.2975
6.2759 1.2053 1.2837
6.2957 1.1987 1.2713
6.3155 1.1915 1.2605
6.3353 1.1839 1.2512
6.3551 1.1758 1.2432
6.3749 1.1673 1.2366
6.3947 1.1584 1.2310
6.4145 1.1493 1.2265
6.4343 1.1400 1.2226
6.4541 1.1307 1.2193
6.4739 1.1213 1.2163
6.4937 1.1122 1.2132
6.5135 1.1032 1.2100
6.5333 1.0946 1.2063
6.5531 1.0864 1.2019
6.5729 1.0788 1.1966
6.5926 1.0717 1.1904
6.6124 1.0652 1.1832
6.6322 1.0595 1.1748
6.6520 1.0545 1.1655
6.6718 1.0502 1.1551
6.6916 1.0466 1.1438
6.7114 1.0437 1.1319
6.7312 1.0414 1.1193
6.7510 1.0398 1.1065
6.7708 1.0386 1.0935
6.7906 1.0378 1.0806
6.8104 1.0373 1.0680
6.8302 1.0370 1.0559
6.8500 1.0368 1.0444
6.8698 1.0365 1.0336
6.8896 1.0361 1.0238
6.9094 1.0355 1.0150
6.9292 1.0345 1.0071
6.9490 1.0333 1.0003
6.9688 1.0317 0.9945
6.9886 1.0298 0.9897
7.0084 1.0275 0.9858
7.0282 1.0250 0.9828
7.0480 1.0223 0.9806
7.0678 1.0195 0.9791
7.0876 1.0166 0.9781
7.1074 1.0138 0.9776
7.1272 1.0112 0.9775
7.1470 1.0088 0.9775
7.1668 1.0069 0.9777
7.1866 1.0053 0.9779
7.2064 1.0043 0.9781
7.2262 1.0039 0.9780
7.2460 1.0040 0.9778
7.2658 1.0047 0.9772
7.2856 1.0059 0.9763
7.3054 1.0076 0.9750
7.3252 1.0097 0.9733
7.3450 1.0121 0.9712
7.3648 1.0147 0.9687
7.3846 1.0172 0.9658
7.4044 1.0196 0.9624
7.4242 1.0218 0.9587
7.4440 1.0235 0.9547
7.4638 1.0246 0.9504
7.4835 1.0250 0.9459
7.5033 1.0247 0.9412
7.5231 1.0235 0.9364
7.5429 1.0214 0.9316
7.5627 1.0184 0.9267
7.5825 1.0146 0.9219
7.6023 1.0100 0.9173
7.6221 1.0047 0.9128
7.6419 0.9987 0.9085
7.6617 0.9923 0.9045
7.6815 0.9854 0.9007
7.7013 0.9782 0.8972
7.7211 0.9708 0.8940
7.7409 0.9632 0.8910
7.7607 0.9556 0.8882
7.7805 0.9479 0.8856
7.8003 0.9401 0.8832
7.8201 0.9324 0.8808
7.8399 0.9246 0.8784
7.8597 0.9167 0.8760
7.8795 0.9087 0.8734
7.8993 0.9007 0.8706
7.9191 0.8925 0.8676
7.9389 0.8842 0.8643
7.9587 0.8759 0.8606
7.9785 0.8675 0.8566
7.9983 0.8591 0.8522
8.0181 0.8507 0.8474
8.0379 0.8425 0.8422
8.0577 0.8344 0.8367
8.0775 0.8266 0.8309
8.0973 0.8192 0.8249
8.1171 0.8122 0.8187
8.1369 0.8056 0.8124
8.1567 0.7996 0.8061
8.1765 0.7941 0.7998
8.1963 0.7891 0.7936
8.2161 0.7847 0.7875
8.2359 0.7809 0.7817
8.2557 0.7776 0.7760
8.2755 0.7747 0.7706
8.2953 0.7723 0.7655
8.3151 0.7703 0.7607
8.3349 0.7685 0.7561
8.3546 0.7670 0.7518
8.3744 0.7657 0.7477
8.3942 0.7645 0.7439
8.4140 0.7634 0.7403
8.4338 0.7623 0.7369
8.4536 0.7611 0.7336
8.4734 0.7598 0.7305
8.4932 0.7584 0.7275
8.5130 0.7570 0.7246
8.5328 0.7553 0.7217
8.5526 0.7536 0.7189
8.5724 0.7517 0.7161
8.5922 0.7498 0.7133
8.6120 0.7478 0.7105
8.6318 0.7458 0.7078
8.6516 0.7438 0.7050
8.6714 0.7418 0.7022
8.6912 0.7400 0.6994
8.7110 0.7383 0.6967
8.7308 0.7368 0.6940
8.7506 0.7355 0.6914
8.7704 0.7344 0.6889
8.7902 0.7334 0.6865
8.8100 0.7326 0.6841
8.8298 0.7320 0.6819
8.8496 0.7314 0.6797
8.8694 0.7310 0.6777
8.8892 0.7306 0.6757
8.9090 0.7302 0.6738
8.9288 0.7298 0.6720
8.9486 0.7293 0.6703
8.9684 0.7288 0.6686
8.9882 0.7282 0.6670
9.0080 0.7275 0.6654
9.0278 0.7267 0.6639
9.0476 0.7258 0.6624
9.0674 0.7249 0.6610
9.0872 0.7240 0.6595
9.1070 0.7231 0.6581
9.1268 0.7222 0.6568
9.1466 0.7213 0.6554
9.1664 0.7205 0.6540
9.1862 0.7197 0.6527
9.2060 0.7189 0.6513
9.2258 0.7182 0.6498
9.2455 0.7175 0.6484
9.2653 0.7167 0.6468
9.2851 0.7160 0.6451
9.3049 0.7152 0.6434
9.3247 0.7144 0.6415
9.3445 0.7134 0.6395
9.3643 0.7124 0.6373
9.3841 0.7113 0.6351
9.4039 0.7100 0.6328
9.4237 0.7086 0.6303
9.4435 0.7071 0.6278
9.4633 0.7054 0.6253
9.4831 0.7035 0.6229
9.5029 0.7015 0.6204
9.5227 0.6993 0.6181
9.5425 0.6970 0.6158
9.5623 0.6946 0.6137
9.5821 0.6921 0.6117
9.6019 0.6895 0.6099
9.6217 0.6869 0.6083
9.6415 0.6842 0.6067
9.6613 0.6816 0.6054
9.6811 0.6789 0.6041
9.7009 0.6763 0.6029
9.7207 0.6738 0.6018
9.7405 0.6714 0.6007
9.7603 0.6690 0.5997
9.7801 0.6668 0.5986
9.7999 0.6647 0.5975
9.8197 0.6627 0.5964
9.8395 0.6608 0.5952
9.8593 0.6591 0.5939
9.8791 0.6574 0.5926
9.8989 0.6559 0.5913
9.9187 0.6545 0.5898
9.9385 0.6533 0.5884
9.9583 0.6521 0.5869
9.9781 0.6511 0.5854
9.9979 0.6502 0.5839
10.0177 0.6495 0.5824
10.0375 0.6489 0.5809
10.0573 0.6484 0.5795
10.0771 0.6480 0.5782
10.0969 0.6478 0.5769
10.1166 0.6477 0.5758
10.1364 0.6477 0.5747
10.1562 0.6479 0.5737
10.1760 0.6481 0.5728
10.1958 0.6485 0.5720
10.2156 0.6489 0.5712
10.2354 0.6495 0.5706
10.2552 0.6501 0.5700
10.2750 0.6508 0.5695
10.2948 0.6516 0.5691
10.3146 0.6524 0.5688
10.3344 0.6532 0.5686
10.3542 0.6541 0.5685
10.3740 0.6549 0.5686
10.3938 0.6557 0.5688
10.4136 0.6565 0.5691
10.4334 0.6571 0.5696
10.4532 0.6578 0.5703
10.4730 0.6583 0.5712
10.4928 0.6587 0.5722
10.5126 0.6590 0.5734
10.5324 0.6592 0.5747
10.5522 0.6593 0.5762
10.5720 0.6594 0.5778
10.5918 0.6595 0.5795
10.6116 0.6597 0.5813
10.6314 0.6599 0.5832
10.6512 0.6602 0.5852
10.6710 0.6608 0.5872
10.6908 0.6615 0.5893
10.7106 0.6626 0.5914
10.7304 0.6640 0.5935
10.7502 0.6657 0.5957
10.7700 0.6677 0.5979
10.7898 0.6701 0.6001
10.8096 0.6728 0.6022
10.8294 0.6758 0.6044
10.8492 0.6790 0.6065
10.8690 0.6824 0.6085
10.8888 0.6859 0.6105
10.9086 0.6894 0.6124
10.9284 0.6929 0.6141
10.9482 0.6963 0.6158
10.9680 0.6995 0.6173
10.9877 0.7025 0.6186
11.0075 0.7052 0.6198
11.0273 0.7076 0.6210
11.0471 0.7096 0.6219
11.0669 0.7113 0.6229
11.0867 0.7127 0.6237
11.1065 0.7137 0.6245
11.1263 0.7145 0.6254
11.1461 0.7151 0.6262
11.1659 0.7155 0.6272
11.1857 0.7157 0.6282
11.2055 0.7159 0.6294
11.2253 0.7161 0.6307
11.2451 0.7163 0.6322
11.2649 0.7166 0.6339
11.2847 0.7170 0.6358
11.3045 0.7175 0.6379
11.3243 0.7181 0.6402
11.3441 0.7189 0.6426
11.3639 0.7199 0.6452
11.3837 0.7210 0.6480
11.4035 0.7222 0.6508
11.4233 0.7235 0.6537
11.4431 0.7249 0.6567
11.4629 0.7264 0.6597
11.4827 0.7279 0.6626
11.5025 0.7293 0.6655
11.5223 0.7308 0.6682
11.5421 0.7322 0.6709
11.5619 0.7335 0.6734
11.5817 0.7348 0.6757
11.6015 0.7359 0.6778
11.6213 0.7368 0.6797
11.6411 0.7376 0.6814
11.6609 0.7383 0.6829
11.6807 0.7388 0.6841
11.7005 0.7391 0.6851
11.7203 0.7393 0.6860
11.7401 0.7393 0.6866
11.7599 0.7392 0.6871
11.7797 0.7390 0.6875
11.7995 0.7387 0.6879
11.8193 0.7383 0.6882
11.8391 0.7378 0.6885
11.8589 0.7373 0.6888
11.8786 0.7368 0.6892
11.8984 0.7362 0.6896
11.9182 0.7357 0.6901
11.9380 0.7352 0.6907
11.9578 0.7347 0.6913
11.9776 0.7342 0.6919
11.9974 0.7338 0.6925
12.0172 0.7334 0.6931
12.0370 0.7330 0.6936
12.0568 0.7327 0.6941
12.0766 0.7325 0.6943
12.0964 0.7323 0.6945
12.1162 0.7322 0.6944
12.1360 0.7322 0.6941
12.1558 0.7322 0.6936
12.1756 0.7323 0.6928
12.1954 0.7325 0.6918
12.2152 0.7327 0.6905
12.2350 0.7330 0.6891
12.2548 0.7333 0.6874
12.2746 0.7337 0.6855
12.2944 0.7340 0.6835
12.3142 0.7343 0.6813
12.3340 0.7346 0.6791
12.3538 0.7348 0.6767
12.3736 0.7351 0.6744
12.3934 0.7353 0.6720
12.4132 0.7354 0.6696
12.4330 0.7356 0.6672
12.4528 0.7358 0.6649
12.4726 0.7359 0.6627
12.4924 0.7360 0.6606
12.5122 0.7362 0.6585
12.5320 0.7363 0.6566
12.5518 0.7364 0.6547
12.5716 0.7365 0.6530
12.5914 0.7366 0.6513
12.6112 0.7366 0.6498
12.6310 0.7365 0.6483
12.6508 0.7363 0.6469
12.6706 0.7360 0.6457
12.6904 0.7356 0.6446
12.7102 0.7351 0.6435
12.7300 0.7344 0.6427
12.7497 0.7337 0.6419
12.7695 0.7328 0.6413
12.7893 0.7318 0.6408
12.8091 0.7307 0.6404
12.8289 0.7296 0.6402
12.8487 0.7284 0.6401
12.8685 0.7272 0.6401
12.8883 0.7261 0.6402
12.9081 0.7250 0.6404
12.9279 0.7240 0.6406
12.9477 0.7230 0.6410
12.9675 0.7221 0.6414
12.9873 0.7213 0.6418
13.0071 0.7205 0.6423
13.0269 0.7198 0.6427
13.0467 0.7190 0.6432
13.0665 0.7183 0.6437
13.0863 0.7174 0.6442
13.1061 0.7165 0.6447
13.1259 0.7154 0.6451
13.1457 0.7142 0.6454
13.1655 0.7128 0.6456
13.1853 0.7112 0.6457
13.2051 0.7094 0.6457
13.2249 0.7074 0.6455
13.2447 0.7052 0.6450
13.2645 0.7029 0.6444
13.2843 0.7004 0.6435
13.3041 0.6978 0.6423
13.3239 0.6952 0.6408
13.3437 0.6925 0.6391
13.3635 0.6899 0.6372
13.3833 0.6873 0.6349
13.4031 0.6848 0.6325
13.4229 0.6824 0.6298
13.4427 0.6801 0.6270
13.4625 0.6780 0.6240
13.4823 0.6761 0.6209
13.5021 0.6744 0.6177
13.5219 0.6728 0.6144
13.5417 0.6715 0.6111
13.5615 0.6703 0.6079
13.5813 0.6693 0.6046
13.6011 0.6683 0.6013
13.6209 0.6676 0.5981
13.6406 0.6668 0.5950
13.6604 0.6661 0.5919
13.6802 0.6655 0.5888
13.7000 0.6647 0.5858
13.7198 0.6639 0.5829
13.7396 0.6629 0.5800
13.7594 0.6618 0.5772
13.7792 0.6605 0.5745
13.7990 0.6590 0.5718
13.8188 0.6572 0.5692
13.8386 0.6552 0.5667
13.8584 0.6530 0.5642
13.8782 0.6506 0.5618
13.8980 0.6479 0.5595
13.9178 0.6450 0.5573
13.9376 0.6420 0.5551
13.9574 0.6388 0.5530
13.9772 0.6355 0.5510
13.9970 0.6322 0.5491
14.0168 0.6287 0.5472
14.0366 0.6252 0.5453
14.0564 0.6217 0.5435
14.0762 0.6182 0.5417
14.0960 0.6147 0.5399
14.1158 0.6112 0.5381
14.1356 0.6078 0.5362
14.1554 0.6044 0.5342
14.1752 0.6010 0.5321
14.1950 0.5976 0.5299
14.2148 0.5942 0.5276
14.2346 0.5909 0.5251
14.2544 0.5875 0.5225
14.2742 0.5842 0.5197
14.2940 0.5808 0.5167
14.3138 0.5775 0.5136
14.3336 0.5741 0.5102
14.3534 0.5707 0.5067
14.3732 0.5674 0.5031
14.3930 0.5640 0.4993
14.4128 0.5606 0.4953
14.4326 0.5572 0.4913
14.4524 0.5539 0.4872
14.4722 0.5505 0.4830
14.4920 0.5472 0.4789
14.5117 0.5439 0.4747
14.5315 0.5406 0.4705
14.5513 0.5374 0.4664
14.5711 0.5342 0.4623
14.5909 0.5311 0.4583
14.6107 0.5280 0.4544
14.6305 0.5249 0.4505
14.6503 0.5219 0.4468
14.6701 0.5189 0.4431
14.6899 0.5160 0.4394
14.7097 0.5131 0.4359
14.7295 0.5103 0.4324
14.7493 0.5076 0.4289
14.7691 0.5050 0.4254
14.7889 0.5024 0.4220
14.8087 0.5000 0.4186
14.8285 0.4976 0.4153
14.8483 0.4953 0.4119
14.8681 0.4931 0.4085
14.8879 0.4909 0.4052
14.9077 0.4888 0.4018
14.9275 0.4868 0.3985
14.9473 0.4847 0.3952
14.9671 0.4827 0.3919
14.9869 0.4807 0.3887
15.0067 0.4786 0.3854
15.0265 0.4764 0.3823
15.0463 0.4742 0.3791
15.0661 0.4719 0.3761
15.0859 0.4695 0.3731
15.1057 0.4671 0.3702
15.1255 0.4645 0.3673
15.1453 0.4618 0.3645
15.1651 0.4591 0.3618
15.1849 0.4563 0.3592
15.2047 0.4534 0.3566
15.2245 0.4504 0.3541
15.2443 0.4475 0.3517
15.2641 0.4445 0.3493
15.2839 0.4414 0.3469
15.3037 0.4384 0.3445
15.3235 0.4353 0.3421
15.3433 0.4323 0.3397
15.3631 0.4292 0.3373
15.3828 0.4262 0.3349
15.4026 0.4231 0.3324
15.4224 0.4201 0.3299
15.4422 0.4170 0.3273
15.4620 0.4140 0.3247
15.4818 0.4109 0.3221
15.5016 0.4079 0.3194
15.5214 0.4048 0.3167
15.5412 0.4018 0.3139
15.5610 0.3988 0.3112
15.5808 0.3957 0.3084
15.6006 0.3927 0.3056
15.6204 0.3896 0.3028
15.6402 0.3866 0.3000
15.6600 0.3836 0.2972
15.6798 0.3806 0.2943
15.6996 0.3776 0.2916
15.7194 0.3746 0.2888
15.7392 0.3717 0.2860
15.7590 0.3689 0.2832
15.7788 0.3660 0.2804
15.7986 0.3633 0.2777
15.8184 0.3606 0.2750
15.8382 0.3579 0.2722
15.8580 0.3552 0.2695
15.8778 0.3526 0.2668
15.8976 0.3500 0.2642
15.9174 0.3474 0.2615
15.9372 0.3447 0.2589
15.9570 0.3420 0.2564
15.9768 0.3392 0.2539
15.9966 0.3364 0.2514
16.0164 0.3335 0.2490
16.0362 0.3306 0.2467
16.0560 0.3276 0.2444
16.0758 0.3245 0.2422
16.0956 0.3215 0.2401
16.1154 0.3184 0.2381
16.1352 0.3152 0.2361
16.1550 0.3121 0.2342
16.1748 0.3090 0.2323
16.1946 0.3059 0.2305
16.2144 0.3029 0.2287
16.2342 0.2999 0.2270
16.2540 0.2969 0.2253
16.2737 0.2940 0.2236
16.2935 0.2911 0.2220
16.3133 0.2883 0.2204
16.3331 0.2855 0.2188
16.3529 0.2827 0.2171
16.3727 0.2799 0.2155
16.3925 0.2771 0.2139
16.4123 0.2743 0.2123
16.4321 0.2715 0.2107
16.4519 0.2687 0.2090
16.4717 0.2658 0.2074
16.4915 0.2630 0.2057
16.5113 0.2601 0.2041
16.5311 0.2572 0.2024
16.5509 0.2542 0.2007
16.5707 0.2513 0.1990
16.5905 0.2483 0.1973
16.6103 0.2454 0.1956
16.6301 0.2425 0.1939
16.6499 0.2396 0.1922
16.6697 0.2367 0.1904
16.6895 0.2339 0.1888
16.7093 0.2311 0.1871
16.7291 0.2284 0.1854
16.7489 0.2258 0.1838
16.7687 0.2232 0.1822
16.7885 0.2207 0.1806
16.8083 0.2184 0.1791
16.8281 0.2161 0.1776
16.8479 0.2138 0.1761
16.8677 0.2117 0.1747
16.8875 0.2097 0.1732
16.9073 0.2077 0.1719
16.9271 0.2059 0.1705
16.9469 0.2041 0.1691
16.9667 0.2023 0.1677
16.9865 0.2007 0.1664
17.0063 0.1990 0.1650
17.0261 0.1974 0.1636
17.0459 0.1959 0.1623
17.0657 0.1944 0.1609
17.0855 0.1929 0.1595
17.1053 0.1914 0.1581
17.1251 0.1900 0.1567
17.1448 0.1885 0.1553
17.1646 0.1871 0.1539
17.1844 0.1857 0.1525
17.2042 0.1842 0.1511
17.2240 0.1828 0.1497
17.2438 0.1814 0.1484
17.2636 0.1799 0.1470
17.2834 0.1785 0.1457
17.3032 0.1770 0.1443
17.3230 0.1755 0.1430
17.3428 0.1741 0.1417
17.3626 0.1726 0.1404
17.3824 0.1711 0.1392
17.4022 0.1696 0.1380
17.4220 0.1680 0.1367
17.4418 0.1665 0.1355
17.4616 0.1650 0.1343
17.4814 0.1635 0.1332
17.5012 0.1620 0.1320
17.5210 0.1605 0.1309
17.5408 0.1590 0.1298
17.5606 0.1575 0.1287
17.5804 0.1561 0.1276
17.6002 0.1546 0.1266
17.6200 0.1532 0.1255
17.6398 0.1518 0.1245
17.6596 0.1505 0.1235
17.6794 0.1491 0.1225
17.6992 0.1478 0.1215
17.7190 0.1465 0.1205
17.7388 0.1452 0.1195
17.7586 0.1439 0.1186
17.7784 0.1426 0.1176
17.7982 0.1413 0.1166
17.8180 0.1401 0.1157
17.8378 0.1388 0.1147
17.8576 0.1376 0.1137
17.8774 0.1364 0.1128
17.8972 0.1352 0.1118
17.9170 0.1340 0.1108
17.9368 0.1328 0.1098
17.9566 0.1316 0.1088
17.9764 0.1304 0.1077
17.9962 0.1293 0.1067
18.0160 0.1281 0.1057
18.0357 0.1269 0.1046
18.0555 0.1258 0.1035
18.0753 0.1246 0.1025
18.0951 0.1234 0.1014
18.1149 0.1222 0.1003
18.1347 0.1209 0.0993
18.1545 0.1197 0.0982
18.1743 0.1184 0.0971
18.1941 0.1171 0.0961
18.2139 0.1158 0.0951
18.2337 0.1145 0.0940
18.2535 0.1132 0.0930
18.2733 0.1119 0.0921
18.2931 0.1106 0.0911
18.3129 0.1093 0.0902
18.3327 0.1080 0.0892
18.3525 0.1067 0.0883
18.3723 0.1055 0.0874
18.3921 0.1042 0.0866
18.4119 0.1030 0.0857
18.4317 0.1017 0.0849
18.4515 0.1005 0.0840
18.4713 0.0993 0.0832
18.4911 0.0982 0.0824
18.5109 0.0971 0.0816
18.5307 0.0959 0.0808
18.5505 0.0949 0.0800
18.5703 0.0938 0.0792
18.5901 0.0928 0.0784
18.6099 0.0918 0.0776
18.6297 0.0909 0.0769
18.6495 0.0900 0.0761
18.6693 0.0891 0.0754
18.6891 0.0883 0.0746
18.7089 0.0874 0.0739
18.7287 0.0866 0.0732
18.7485 0.0859 0.0725
18.7683 0.0851 0.0718
18.7881 0.0844 0.0711
18.8079 0.0837 0.0704
18.8277 0.0830 0.0698
18.8475 0.0823 0.0692
18.8673 0.0817 0.0685
18.8871 0.0810 0.0679
18.9068 0.0803 0.0673
18.9266 0.0796 0.0667
18.9464 0.0789 0.0661
18.9662 0.0782 0.0655
18.9860 0.0775 0.0649
19.0058 0.0768 0.0643
19.0256 0.0761 0.0637
19.0454 0.0753 0.0631
19.0652 0.0746 0.0626
19.0850 0.0738 0.0620
19.1048 0.0730 0.0614
19.1246 0.0722 0.0608
19.1444 0.0715 0.0602
19.1642 0.0707 0.0596
19.1840 0.0699 0.0591
19.2038 0.0691 0.0585
19.2236 0.0683 0.0580
19.2434 0.0676 0.0574
19.2632 0.0668 0.0569
19.2830 0.0661 0.0563
19.3028 0.0653 0.0558
19.3226 0.0646 0.0553
19.3424 0.0639 0.0547
19.3622 0.0632 0.0542
19.3820 0.0626 0.0537
19.4018 0.0619 0.0532
19.4216 0.0613 0.0526
19.4414 0.0607 0.0521
19.4612 0.0600 0.0516
19.4810 0.0594 0.0511
19.5008 0.0589 0.0505
19.5206 0.0583 0.0500
19.5404 0.0577 0.0495
19.5602 0.0571 0.0490
19.5800 0.0566 0.0484
19.5998 0.0560 0.0479
19.6196 0.0555 0.0474
19.6394 0.0549 0.0468
19.6592 0.0544 0.0463
19.6790 0.0538 0.0458
19.6988 0.0533 0.0453
19.7186 0.0528 0.0448
19.7384 0.0522 0.0443
19.7582 0.0517 0.0439
19.7779 0.0512 0.0434
19.7977 0.0507 0.0430
19.8175 0.0501 0.0425
19.8373 0.0496 0.0421
19.8571 0.0491 0.0417
19.8769 0.0486 0.0413
19.8967 0.0481 0.0409
19.9165 0.0476 0.0405
19.9363 0.0471 0.0401
19.9561 0.0466 0.0397
19.9759 0.0461 0.0393
19.9957 0.0456 0.0389
20.0155 0.0451 0.0385
20.0353 0.0447 0.0381
20.0551 0.0442 0.0377
20.0749 0.0437 0.0373
20.0947 0.0433 0.0369
20.1145 0.0429 0.0366
20.1343 0.0424 0.0362
20.1541 0.0420 0.0358
20.1739 0.0416 0.0354
20.1937 0.0412 0.0351
20.2135 0.0408 0.0347
20.2333 0.0404 0.0344
20.2531 0.0401 0.0340
20.2729 0.0397 0.0337
20.2927 0.0393 0.0334
20.3125 0.0390 0.0331
20.3323 0.0386 0.0327
20.3521 0.0383 0.0324
20.3719 0.0379 0.0321
20.3917 0.0376 0.0318
20.4115 0.0372 0.0315
20.4313 0.0369 0.0312
20.4511 0.0366 0.0309
20.4709 0.0362 0.0306
20.4907 0.0359 0.0303
20.5105 0.0356 0.0301
20.5303 0.0353 0.0298
20.5501 0.0349 0.0295
20.5699 0.0346 0.0293
20.5897 0.0343 0.0290
20.6095 0.0339 0.0288
20.6293 0.0336 0.0286
20.6491 0.0333 0.0283
20.6688 0.0329 0.0281
20.6886 0.0326 0.0279
20.7084 0.0323 0.0277
20.7282 0.0320 0.0275
20.7480 0.0317 0.0274
20.7678 0.0314 0.0272
20.7876 0.0311 0.0270
20.8074 0.0308 0.0268
20.8272 0.0305 0.0267
20.8470 0.0302 0.0265
20.8668 0.0299 0.0264
20.8866 0.0297 0.0262
20.9064 0.0294 0.0261
20.9262 0.0292 0.0260
20.9460 0.0290 0.0258
20.9658 0.0287 0.0257
20.9856 0.0285 0.0255
21.0054 0.0283 0.0254
21.0252 0.0281 0.0253
21.0450 0.0279 0.0251
21.0648 0.0277 0.0250
21.0846 0.0276 0.0249
21.1044 0.0274 0.0248
21.1242 0.0272 0.0247
21.1440 0.0271 0.0245
21.1638 0.0269 0.0244
21.1836 0.0268 0.0243
21.2034 0.0267 0.0242
21.2232 0.0265 0.0241
21.2430 0.0264 0.0240
21.2628 0.0263 0.0238
21.2826 0.0262 0.0237
21.3024 0.0261 0.0236
21.3222 0.0259 0.0235
21.3420 0.0258 0.0234
21.3618 0.0257 0.0232
21.3816 0.0256 0.0231
21.4014 0.0254 0.0229
21.4212 0.0253 0.0228
21.4410 0.0251 0.0226
21.4608 0.0250 0.0225
21.4806 0.0248 0.0223
21.5004 0.0246 0.0222
21.5202 0.0244 0.0220
21.5399 0.0242 0.0218
21.5597 0.0240 0.0216
21.5795 0.0238 0.0214
21.5993 0.0235 0.0212
21.6191 0.0233 0.0210
21.6389 0.0231 0.0208
21.6587 0.0229 0.0206
21.6785 0.0226 0.0204
21.6983 0.0224 0.0202
21.7181 0.0222 0.0200
21.7379 0.0220 0.0198
21.7577 0.0218 0.0196
21.7775 0.0215 0.0194
21.7973 0.0213 0.0192
21.8171 0.0211 0.0190
21.8369 0.0209 0.0188
21.8567 0.0207 0.0186
21.8765 0.0205 0.0185
21.8963 0.0203 0.0183
21.9161 0.0202 0.0182
21.9359 0.0200 0.0180
21.9557 0.0198 0.0179
21.9755 0.0197 0.0177
21.9953 0.0195 0.0176
22.0151 0.0194 0.0175
22.0349 0.0193 0.0173
22.0547 0.0191 0.0172
22.0745 0.0190 0.0171
22.0943 0.0189 0.0170
22.1141 0.0188 0.0169
22.1339 0.0186 0.0168
22.1537 0.0185 0.0166
22.1735 0.0184 0.0165
22.1933 0.0183 0.0164
22.2131 0.0182 0.0163
22.2329 0.0181 0.0162
22.2527 0.0180 0.0161
22.2725 0.0179 0.0161
22.2923 0.0178 0.0160
22.3121 0.0177 0.0159
22.3319 0.0176 0.0158
22.3517 0.0175 0.0157
22.3715 0.0174 0.0156
22.3913 0.0173 0.0155
22.4111 0.0172 0.0154
22.4308 0.0171 0.0154
22.4506 0.0170 0.0153
22.4704 0.0169 0.0152
22.4902 0.0168 0.0151
22.5100 0.0167 0.0150
22.5298 0.0166 0.0149
22.5496 0.0165 0.0149
22.5694 0.0164 0.0148
22.5892 0.0163 0.0147
22.6090 0.0162 0.0146
22.6288 0.0162 0.0145
22.6486 0.0161 0.0144
22.6684 0.0160 0.0144
22.6882 0.0159 0.0143
22.7080 0.0158 0.0142
22.7278 0.0157 0.0141
22.7476 0.0156 0.0140
22.7674 0.0155 0.0139
22.7872 0.0154 0.0139
22.8070 0.0153 0.0138
22.8268 0.0152 0.0137
22.8466 0.0151 0.0136
22.8664 0.0150 0.0136
22.8862 0.0149 0.0135
22.9060 0.0148 0.0134
22.9258 0.0147 0.0134
22.9456 0.0146 0.0133
22.9654 0.0145 0.0132
22.9852 0.0144 0.0132
23.0050 0.0143 0.0131
23.0248 0.0142 0.0130
23.0446 0.0141 0.0130
23.0644 0.0140 0.0129
23.0842 0.0139 0.0129
23.1040 0.0138 0.0128
23.1238 0.0138 0.0128
23.1436 0.0137 0.0127
23.1634 0.0137 0.0127
23.1832 0.0136 0.0127
23.2030 0.0136 0.0126
23.2228 0.0135 0.0126
23.2426 0.0135 0.0126
23.2624 0.0135 0.0125
23.2822 0.0134 0.0125
23.3019 0.0134 0.0125
23.3217 0.0134 0.0125
23.3415 0.0133 0.0124
23.3613 0.0133 0.0124
23.3811 0.0133 0.0124
23.4009 0.0132 0.0123
23.4207 0.0132 0.0123
23.4405 0.0132 0.0123
23.4603 0.0131 0.0122
23.4801 0.0131 0.0122
23.4999 0.0131 0.0122
23.5197 0.0131 0.0121
23.5395 0.0130 0.0121
23.5593 0.0130 0.0120
23.5791 0.0130 0.0120
23.5989 0.0130 0.0120
23.6187 0.0129 0.0119
23.6385 0.0129 0.0119
23.6583 0.0129 0.0119
23.6781 0.0129 0.0119
23.6979 0.0128 0.0119
23.7177 0.0128 0.0118
23.7375 0.0128 0.0118
23.7573 0.0128 0.0118
23.7771 0.0127 0.0118
23.7969 0.0127 0.0118
23.8167 0.0127 0.0117
23.8365 0.0127 0.0117
23.8563 0.0126 0.0117
23.8761 0.0126 0.0117
23.8959 0.0126 0.0117
23.9157 0.0126 0.0117
23.9355 0.0125 0.0116
23.9553 0.0125 0.0116
23.9751 0.0125 0.0116
23.9949 0.0124 0.0116
24.0147 0.0124 0.0116
24.0345 0.0124 0.0115
24.0543 0.0123 0.0115
24.0741 0.0123 0.0115
24.0939 0.0122 0.0115
24.1137 0.0122 0.0115
24.1335 0.0121 0.0115
24.1533 0.0121 0.0115
24.1730 0.0121 0.0115
24.1928 0.0120 0.0114
24.2126 0.0119 0.0114
24.2324 0.0119 0.0114
24.2522 0.0118 0.0115
24.2720 0.0118 0.0115
24.2918 0.0117 0.0115
24.3116 0.0117 0.0115
24.3314 0.0116 0.0115
24.3512 0.0116 0.0115
24.3710 0.0115 0.0115
24.3908 0.0114 0.0115
24.4106 0.0114 0.0116
24.4304 0.0113 0.0116
24.4502 0.0113 0.0116
24.4700 0.0112 0.0116
24.4898 0.0112 0.0116
24.5096 0.0111 0.0116
24.5294 0.0110 0.0116
24.5492 0.0110 0.0116
24.5690 0.0109 0.0116
24.5888 0.0108 0.0116
24.6086 0.0108 0.0116
24.6284 0.0107 0.0116
24.6482 0.0106 0.0115
24.6680 0.0106 0.0115
24.6878 0.0105 0.0114
24.7076 0.0104 0.0114
24.7274 0.0104 0.0113
24.7472 0.0103 0.0113
24.7670 0.0103 0.0112
24.7868 0.0102 0.0111
24.8066 0.0101 0.0111
24.8264 0.0101 0.0110
24.8462 0.0100 0.0109
24.8660 0.0100 0.0108
24.8858 0.0099 0.0107
24.9056 0.0099 0.0106
24.9254 0.0098 0.0105
24.9452 0.0098 0.0104
24.9650 0.0097 0.0103
24.9848 0.0097 0.0102
25.0046 0.0096 0.0102
25.0244 0.0096 0.0101
25.0442 0.0095 0.0100
25.0639 0.0095 0.0099
25.0837 0.0094 0.0098
25.1035 0.0094 0.0097
25.1233 0.0093 0.0096
25.1431 0.0093 0.0095
25.1629 0.0092 0.0095
25.1827 0.0092 0.0094
25.2025 0.0091 0.0093
25.2223 0.0091 0.0092
25.2421 0.0091 0.0091
25.2619 0.0090 0.0091
25.2817 0.0090 0.0090
25.3015 0.0090 0.0089
25.3213 0.0089 0.0088
25.3411 0.0089 0.0088
25.3609 0.0089 0.0087
25.3807 0.0089 0.0086
25.4005 0.0088 0.0086
25.4203 0.0088 0.0085
25.4401 0.0088 0.0085
25.4599 0.0088 0.0084
25.4797 0.0087 0.0083
25.4995 0.0087 0.0083
25.5193 0.0087 0.0082
25.5391 0.0087 0.0082
25.5589 0.0086 0.0081
25.5787 0.0086 0.0081
25.5985 0.0086 0.0080
25.6183 0.0085 0.0080
25.6381 0.0085 0.0079
25.6579 0.0085 0.0079
25.6777 0.0084 0.0079
25.6975 0.0084 0.0078
25.7173 0.0083 0.0078
25.7371 0.0083 0.0077
25.7569 0.0082 0.0077
25.7767 0.0082 0.0076
25.7965 0.0081 0.0076
25.8163 0.0080 0.0076
25.8361 0.0079 0.0075
25.8559 0.0079 0.0075
25.8757 0.0078 0.0074
25.8955 0.0077 0.0074
25.9153 0.0076 0.0073
25.9350 0.0075 0.0073
25.9548 0.0075 0.0073
25.9746 0.0074 0.0072
25.9944 0.0073 0.0072
26.0142 0.0072 0.0071
26.0340 0.0071 0.0071
26.0538 0.0071 0.0071
26.0736 0.0070 0.0070
26.0934 0.0069 0.0070
26.1132 0.0069 0.0070
26.1330 0.0068 0.0069
26.1528 0.0067 0.0069
26.1726 0.0067 0.0069
26.1924 0.0066 0.0068
26.2122 0.0066 0.0068
26.2320 0.0065 0.0068
26.2518 0.0065 0.0067
26.2716 0.0065 0.0067
26.2914 0.0064 0.0067
26.3112 0.0064 0.0066
26.3310 0.0063 0.0066
26.3508 0.0063 0.0065
26.3706 0.0063 0.0065
26.3904 0.0062 0.0064
26.4102 0.0062 0.0064
26.4300 0.0062 0.0064
26.4498 0.0061 0.0063
26.4696 0.0061 0.0063
26.4894 0.0061 0.0062
26.5092 0.0060 0.0062
26.5290 0.0060 0.0061
26.5488 0.0060 0.0061
26.5686 0.0060 0.0061
26.5884 0.0059 0.0060
26.6082 0.0059 0.0060
26.6280 0.0059 0.0059
26.6478 0.0059 0.0059
26.6676 0.0058 0.0059
26.6874 0.0058 0.0058
26.7072 0.0058 0.0058
26.7270 0.0058 0.0058
26.7468 0.0057 0.0057
26.7666 0.0057 0.0057
26.7864 0.0057 0.0057
26.8061 0.0057 0.0056
26.8259 0.0056 0.0056
26.8457 0.0056 0.0056
26.8655 0.0056 0.0056
26.8853 0.0056 0.0055
26.9051 0.0055 0.0055
26.9249 0.0055 0.0055
26.9447 0.0055 0.0055
26.9645 0.0055 0.0054
26.9843 0.0054 0.0054
27.0041 0.0054 0.0054
27.0239 0.0054 0.0054
27.0437 0.0054 0.0054
27.0635 0.0053 0.0053
27.0833 0.0053 0.0053
27.1031 0.0053 0.0053
27.1229 0.0052 0.0053
27.1427 0.0052 0.0052
27.1625 0.0052 0.0052
27.1823 0.0051 0.0052
27.2021 0.0051 0.0052
27.2219 0.0051 0.0051
27.2417 0.0050 0.0051
27.2615 0.0050 0.0051
27.2813 0.0049 0.0051
27.3011 0.0049 0.0050
27.3209 0.0049 0.0050
27.3407 0.0048 0.0050
27.3605 0.0048 0.0049
27.3803 0.0047 0.0049
27.4001 0.0047 0.0049
27.4199 0.0047 0.0048
27.4397 0.0046 0.0048
27.4595 0.0046 0.0048
27.4793 0.0045 0.0047
27.4991 0.0045 0.0047
27.5189 0.0045 0.0046
27.5387 0.0044 0.0046
27.5585 0.0044 0.0046
27.5783 0.0044 0.0045
27.5981 0.0043 0.0045
27.6179 0.0043 0.0044
27.6377 0.0043 0.0044
27.6575 0.0042 0.0043
27.6773 0.0042 0.0043
27.6970 0.0041 0.0042
27.7168 0.0041 0.0042
27.7366 0.0041 0.0041
27.7564 0.0040 0.0041
27.7762 0.0040 0.0041
27.7960 0.0040 0.0040
27.8158 0.0039 0.0040
27.8356 0.0039 0.0039
27.8554 0.0039 0.0039
27.8752 0.0038 0.0039
27.8950 0.0038 0.0038
27.9148 0.0037 0.0038
27.9346 0.0037 0.0037
27.9544 0.0037 0.0037
27.9742 0.0036 0.0037
27.9940 0.0036 0.0036
28.0138 0.0035 0.0036
28.0336 0.0035 0.0035
28.0534 0.0035 0.0035
28.0732 0.0034 0.0035
28.0930 0.0034 0.0034
28.1128 0.0034 0.0034
28.1326 0.0033 0.0034
28.1524 0.0033 0.0033
28.1722 0.0032 0.0033
28.1920 0.0032 0.0033
28.2118 0.0032 0.0032
28.2316 0.0031 0.0032
28.2514 0.0031 0.0032
28.2712 0.0031 0.0031
28.2910 0.0030 0.0031
28.3108 0.0030 0.0031
28.3306 0.0030 0.0031
28.3504 0.0029 0.0030
28.3702 0.0029 0.0030
28.3900 0.0029 0.0030
28.4098 0.0029 0.0030
28.4296 0.0028 0.0029
28.4494 0.0028 0.0029
28.4692 0.0028 0.0029
28.4890 0.0027 0.0029
28.5088 0.0027 0.0029
28.5286 0.0027 0.0028
28.5484 0.0027 0.0028
28.5681 0.0026 0.0028
28.5879 0.0026 0.0028
28.6077 0.0026 0.0028
28.6275 0.0026 0.0028
28.6473 0.0026 0.0027
28.6671 0.0025 0.0027
28.6869 0.0025 0.0027
28.7067 0.0025 0.0027
28.7265 0.0025 0.0027
28.7463 0.0025 0.0026
28.7661 0.0025 0.0026
28.7859 0.0024 0.0026
28.8057 0.0024 0.0026
28.8255 0.0024 0.0026
28.8453 0.0024 0.0025
28.8651 0.0024 0.0025
28.8849 0.0024 0.0025
28.9047 0.0023 0.0025
28.9245 0.0023 0.0024
28.9443 0.0023 0.0024
28.9641 0.0023 0.0024
28.9839 0.0023 0.0024
29.0037 0.0023 0.0023
29.0235 0.0023 0.0023
29.0433 0.0022 0.0023
29.0631 0.0022 0.0023
29.0829 0.0022 0.0022
29.1027 0.0022 0.0022
29.1225 0.0022 0.0022
29.1423 0.0021 0.0022
29.1621 0.0021 0.0021
29.1819 0.0021 0.0021
29.2017 0.0021 0.0021
29.2215 0.0021 0.0021
29.2413 0.0020 0.0020
29.2611 0.0020 0.0020
29.2809 0.0020 0.0020
29.3007 0.0020 0.0020
29.3205 0.0020 0.0020
29.3403 0.0020 0.0019
29.3601 0.0019 0.0019
29.3799 0.0019 0.0019
29.3997 0.0019 0.0019
29.4195 0.0019 0.0019
29.4393 0.0019 0.0019
29.4590 0.0019 0.0018
29.4788 0.0019 0.0018
29.4986 0.0018 0.0018
29.5184 0.0018 0.0018
29.5382 0.0018 0.0018
29.5580 0.0018 0.0018
29.5778 0.0018 0.0017
29.5976 0.0018 0.0017
29.6174 0.0018 0.0017
29.6372 0.0017 0.0017
29.6570 0.0017 0.0017
29.6768 0.0017 0.0017
29.6966 0.0017 0.0016
29.7164 0.0017 0.0016
29.7362 0.0017 0.0016
29.7560 0.0017 0.0016
29.7758 0.0016 0.0016
29.7956 0.0016 0.0016
29.8154 0.0016 0.0016
29.8352 0.0016 0.0015
29.8550 0.0016 0.0015
29.8748 0.0016 0.0015
29.8946 0.0016 0.0015
29.9144 0.0015 0.0015
29.9342 0.0015 0.0015
29.9540 0.0015 0.0015
29.9738 0.0015 0.0015
29.9936 0.0015 0.0015
30.0134 0.0015 0.0014
30.0332 0.0015 0.0014
30.0530 0.0015 0.0014
30.0728 0.0015 0.0014
30.0926 0.0014 0.0014
30.1124 0.0014 0.0014
30.1322 0.0014 0.0014
30.1520 0.0014 0.0014
30.1718 0.0014 0.0014
30.1916 0.0014 0.0014
30.2114 0.0014 0.0013
30.2312 0.0014 0.0013
30.2510 0.0014 0.0013
30.2708 0.0014 0.0013
30.2906 0.0014 0.0013
30.3104 0.0013 0.0013
30.3301 0.0013 0.0013
30.3499 0.0013 0.0013
30.3697 0.0013 0.0013
30.3895 0.0013 0.0013
30.4093 0.0013 0.0013
30.4291 0.0013 0.0012
30.4489 0.0013 0.0012
30.4687 0.0013 0.0012
30.4885 0.0013 0.0012
30.5083 0.0013 0.0012
30.5281 0.0013 0.0012
30.5479 0.0013 0.0012
30.5677 0.0012 0.0012
30.5875 0.0012 0.0012
30.6073 0.0012 0.0012
30.6271 0.0012 0.0012
30.6469 0.0012 0.0012
30.6667 0.0012 0.0012
30.6865 0.0012 0.0011
30.7063 0.0012 0.0011
30.7261 0.0012 0.0011
30.7459 0.0012 0.0011
30.7657 0.0012 0.0011
30.7855 0.0012 0.0011
30.8053 0.0012 0.0011
30.8251 0.0012 0.0011
30.8449 0.0011 0.0011
30.8647 0.0011 0.0011
30.8845 0.0011 0.0011
30.9043 0.0011 0.0011
30.9241 0.0011 0.0011
30.9439 0.0011 0.0011
30.9637 0.0011 0.0011
30.9835 0.0011 0.0010
31.0033 0.0011 0.0010
31.0231 0.0011 0.0010
31.0429 0.0011 0.0010
31.0627 0.0011 0.0010
31.0825 0.0011 0.0010
31.1023 0.0011 0.0010
31.1221 0.0011 0.0010
31.1419 0.0011 0.0010
31.1617 0.0010 0.0010
31.1815 0.0010 0.0010
31.2012 0.0010 0.0010
31.2210 0.0010 0.0010
31.2408 0.0010 0.0010
31.2606 0.0010 0.0010
31.2804 0.0010 0.0009
31.3002 0.0010 0.0009
31.3200 0.0010 0.0009
31.3398 0.0010 0.0009
31.3596 0.0010 0.0009
31.3794 0.0010 0.0009
31.3992 0.0010 0.0009
31.4190 0.0010 0.0009
31.4388 0.0010 0.0009
31.4586 0.0010 0.0009
31.4784 0.0009 0.0009
31.4982 0.0009 0.0009
31.5180 0.0009 0.0009
31.5378 0.0009 0.0009
31.5576 0.0009 0.0009
31.5774 0.0009 0.0008
31.5972 0.0009 0.0008
31.6170 0.0009 0.0008
31.6368 0.0009 0.0008
31.6566 0.0009 0.0008
31.6764 0.0009 0.0008
31.6962 0.0009 0.0008
31.7160 0.0009 0.0008
31.7358 0.0009 0.0008
31.7556 0.0009 0.0008
31.7754 0.0009 0.0008
31.7952 0.0009 0.0008
31.8150 0.0009 0.0008
31.8348 0.0009 0.0008
31.8546 0.0008 0.0008
31.8744 0.0008 0.0008
31.8942 0.0008 0.0008
31.9140 0.0008 0.0008
31.9338 0.0008 0.0008
31.9536 0.0008 0.0008
31.9734 0.0008 0.0008
31.9932 0.0008 0.0008
32.0130 0.0008 0.0008
32.0328 0.0008 0.0008
32.0526 0.0008 0.0007
32.0724 0.0008 0.0007
32.0921 0.0008 0.0007
32.1119 0.0008 0.0007
32.1317 0.0008 0.0007
32.1515 0.0008 0.0007
32.1713 0.0008 0.0007
32.1911 0.0008 0.0007
32.2109 0.0008 0.0007
32.2307 0.0008 0.0007
32.2505 0.0008 0.0007
32.2703 0.0008 0.0007
32.2901 0.0008 0.0007
32.3099 0.0008 0.0007
32.3297 0.0008 0.0007
32.3495 0.0008 0.0007
32.3693 0.0008 0.0007
32.3891 0.0008 0.0007
32.4089 0.0008 0.0007
32.4287 0.0008 0.0007
32.4485 0.0008 0.0007
32.4683 0.0008 0.0007
32.4881 0.0007 0.0007
32.5079 0.0007 0.0007
32.5277 0.0007 0.0007
32.5475 0.0007 0.0007
32.5673 0.0007 0.0007
32.5871 0.0007 0.0007
32.6069 0.0007 0.0007
32.6267 0.0007 0.0007
32.6465 0.0007 0.0007
32.6663 0.0007 0.0007
32.6861 0.0007 0.0007
32.7059 0.0007 0.0007
32.7257 0.0007 0.0007
32.7455 0.0007 0.0007
32.7653 0.0007 0.0007
32.7851 0.0007 0.0007
32.8049 0.0007 0.0007
32.8247 0.0007 0.0007
32.8445 0.0007 0.0007
32.8643 0.0007 0.0007
32.8841 0.0007 0.0006
32.9039 0.0007 0.0006
32.9237 0.0007 0.0006
32.9435 0.0007 0.0006
32.9632 0.0007 0.0006
32.9830 0.0007 0.0006
33.0028 0.0007 0.0006
33.0226 0.0007 0.0006
33.0424 0.0007 0.0006
33.0622 0.0007 0.0006
33.0820 0.0007 0.0006
33.1018 0.0007 0.0006
33.1216 0.0007 0.0006
33.1414 0.0007 0.0006
33.1612 0.0007 0.0006
33.1810 0.0007 0.0006
33.2008 0.0007 0.0006
33.2206 0.0007 0.0006
33.2404 0.0007 0.0006
33.2602 0.0007 0.0006
33.2800 0.0007 0.0006
33.2998 0.0007 0.0006
33.3196 0.0007 0.0006
33.3394 0.0007 0.0006
33.3592 0.0007 0.0006
33.3790 0.0007 0.0006
33.3988 0.0007 0.0006
33.4186 0.0007 0.0006
33.4384 0.0007 0.0006
33.4582 0.0007 0.0006
33.4780 0.0006 0.0006
33.4978 0.0006 0.0006
33.5176 0.0006 0.0006
33.5374 0.0006 0.0006
33.5572 0.0006 0.0006
33.5770 0.0006 0.0006
33.5968 0.0006 0.0006
33.6166 0.0006 0.0006
33.6364 0.0006 0.0006
33.6562 0.0006 0.0006
33.6760 0.0006 0.0006
33.6958 0.0006 0.0006
33.7156 0.0006 0.0006
33.7354 0.0006 0.0006
33.7552 0.0006 0.0006
33.7750 0.0006 0.0006
33.7948 0.0006 0.0006
33.8146 0.0006 0.0006
33.8344 0.0006 0.0006
33.8541 0.0006 0.0006
33.8739 0.0006 0.0006
33.8937 0.0006 0.0006
33.9135 0.0006 0.0006
33.9333 0.0006 0.0006
33.9531 0.0006 0.0006
33.9729 0.0006 0.0006
33.9927 0.0006 0.0006
34.0125 0.0006 0.0006
34.0323 0.0006 0.0006
34.0521 0.0006 0.0006
34.0719 0.0006 0.0006
34.0917 0.0006 0.0006
34.1115 0.0006 0.0006
34.1313 0.0006 0.0006
34.1511 0.0006 0.0006
34.1709 0.0006 0.0006
34.1907 0.0006 0.0006
34.2105 0.0006 0.0006
34.2303 0.0006 0.0006
34.2501 0.0006 0.0005
34.2699 0.0006 0.0005
34.2897 0.0006 0.0005
34.3095 0.0006 0.0005
34.3293 0.0006 0.0005
34.3491 0.0006 0.0005
34.3689 0.0006 0.0005
34.3887 0.0006 0.0005
34.4085 0.0006 0.0005
34.4283 0.0006 0.0005
34.4481 0.0006 0.0005
34.4679 0.0006 0.0005
34.4877 0.0006 0.0005
34.5075 0.0006 0.0005
34.5273 0.0006 0.0005
34.5471 0.0006 0.0005
34.5669 0.0006 0.0005
34.5867 0.0006 0.0005
34.6065 0.0006 0.0005
34.6263 0.0006 0.0005
34.6461 0.0006 0.0005
34.6659 0.0006 0.0005
34.6857 0.0006 0.0005
34.7055 0.0006 0.0005
34.7252 0.0006 0.0005
34.7450 0.0006 0.0005
34.7648 0.0006 0.0005
34.7846 0.0006 0.0005
34.8044 0.0006 0.0005
34.8242 0.0006 0.0005
34.8440 0.0006 0.0005
34.8638 0.0006 0.0005
34.8836 0.0006 0.0005
34.9034 0.0006 0.0005
34.9232 0.0006 0.0005
34.9430 0.0006 0.0005
34.9628 0.0006 0.0005
34.9826 0.0006 0.0005
35.0024 0.0005 0.0005
35.0222 0.0005 0.0005
35.0420 0.0005 0.0005
35.0618 0.0005 0.0005
35.0816 0.0005 0.0005
35.1014 0.0005 0.0005
35.1212 0.0005 0.0005
35.1410 0.0005 0.0005
35.1608 0.0005 0.0005
35.1806 0.0005 0.0005
35.2004 0.0005 0.0005
35.2202 0.0005 0.0005
35.2400 0.0005 0.0005
35.2598 0.0005 0.0005
35.2796 0.0005 0.0005
35.2994 0.0005 0.0005
35.3192 0.0005 0.0005
35.3390 0.0005 0.0005
35.3588 0.0005 0.0005
35.3786 0.0005 0.0005
35.3984 0.0005 0.0005
35.4182 0.0005 0.0005
35.4380 0.0005 0.0005
35.4578 0.0005 0.0005
35.4776 0.0005 0.0005
35.4974 0.0005 0.0005
35.5172 0.0005 0.0005
35.5370 0.0005 0.0005
35.5568 0.0005 0.0005
35.5766 0.0005 0.0005
35.5963 0.0005 0.0005
35.6161 0.0005 0.0005
35.6359 0.0005 0.0005
35.6557 0.0005 0.0005
35.6755 0.0005 0.0005
35.6953 0.0005 0.0005
35.7151 0.0005 0.0005
35.7349 0.0005 0.0005
35.7547 0.0005 0.0005
35.7745 0.0005 0.0005
35.7943 0.0005 0.0005
35.8141 0.0005 0.0005
35.8339 0.0005 0.0005
35.8537 0.0005 0.0005
35.8735 0.0005 0.0005
35.8933 0.0005 0.0005
35.9131 0.0005 0.0005
35.9329 0.0005 0.0005
35.9527 0.0005 0.0005
35.9725 0.0005 0.0005
35.9923 0.0005 0.0005
36.0121 0.0005 0.0005
36.0319 0.0005 0.0005
36.0517 0.0005 0.0005
36.0715 0.0005 0.0005
36.0913 0.0005 0.0005
36.1111 0.0005 0.0005
36.1309 0.0005 0.0005
36.1507 0.0005 0.0005
36.1705 0.0005 0.0005
36.1903 0.0005 0.0005
36.2101 0.0005 0.0005
36.2299 0.0005 0.0004
36.2497 0.0005 0.0004
36.2695 0.0005 0.0004
36.2893 0.0005 0.0004
36.3091 0.0005 0.0004
36.3289 0.0005 0.0004
36.3487 0.0005 0.0004
36.3685 0.0005 0.0004
36.3883 0.0005 0.0004
36.4081 0.0005 0.0004
36.4279 0.0005 0.0004
36.4477 0.0005 0.0004
36.4675 0.0005 0.0004
36.4872 0.0005 0.0004
36.5070 0.0005 0.0004
36.5268 0.0005 0.0004
36.5466 0.0005 0.0004
36.5664 0.0005 0.0004
36.5862 0.0005 0.0004
36.6060 0.0005 0.0004
36.6258 0.0005 0.0004
36.6456 0.0005 0.0004
36.6654 0.0005 0.0004
36.6852 0.0005 0.0004
36.7050 0.0005 0.0004
36.7248 0.0005 0.0004
36.7446 0.0005 0.0004
36.7644 0.0005 0.0004
36.7842 0.0005 0.0004
36.8040 0.0005 0.0004
36.8238 0.0005 0.0004
36.8436 0.0005 0.0004
36.8634 0.0005 0.0004
36.8832 0.0005 0.0004
36.9030 0.0005 0.0004
36.9228 0.0005 0.0004
36.9426 0.0005 0.0004
36.9624 0.0005 0.0004
36.9822 0.0005 0.0004
37.0020 0.0005 0.0004
37.0218 0.0005 0.0004
37.0416 0.0005 0.0004
37.0614 0.0004 0.0004
37.0812 0.0004 0.0004
37.1010 0.0004 0.0004
37.1208 0.0004 0.0004
37.1406 0.0004 0.0004
37.1604 0.0004 0.0004
37.1802 0.0004 0.0004
37.2000 0.0004 0.0004
37.2198 0.0004 0.0004
37.2396 0.0004 0.0004
37.2594 0.0004 0.0004
37.2792 0.0004 0.0004
37.2990 0.0004 0.0004
37.3188 0.0004 0.0004
37.3386 0.0004 0.0004
37.3583 0.0004 0.0004
37.3781 0.0004 0.0004
37.3979 0.0004 0.0004
37.4177 0.0004 0.0004
37.4375 0.0004 0.0004
37.4573 0.0004 0.0004
37.4771 0.0004 0.0004
37.4969 0.0004 0.0004
37.5167 0.0004 0.0004
37.5365 0.0004 0.0004
37.5563 0.0004 0.0004
37.5761 0.0004 0.0004
37.5959 0.0004 0.0004
37.6157 0.0004 0.0004
37.6355 0.0004 0.0004
37.6553 0.0004 0.0004
37.6751 0.0004 0.0004
37.6949 0.0004 0.0004
37.7147 0.0004 0.0004
37.7345 0.0004 0.0004
37.7543 0.0004 0.0004
37.7741 0.0004 0.0004
37.7939 0.0004 0.0004
37.8137 0.0004 0.0004
37.8335 0.0004 0.0004
37.8533 0.0004 0.0004
37.8731 0.0004 0.0004
37.8929 0.0004 0.0004
37.9127 0.0004 0.0004
37.9325 0.0004 0.0004
37.9523 0.0004 0.0004
37.9721 0.0004 0.0004
37.9919 0.0004 0.0004
38.0117 0.0004 0.0004
38.0315 0.0004 0.0004
38.0513 0.0004 0.0004
38.0711 0.0004 0.0004
38.0909 0.0004 0.0004
38.1107 0.0004 0.0004
38.1305 0.0004 0.0004
38.1503 0.0004 0.0004
38.1701 0.0004 0.0004
38.1899 0.0004 0.0004
38.2097 0.0004 0.0004
38.2295 0.0004 0.0004
38.2492 0.0004 0.0004
38.2690 0.0004 0.0004
38.2888 0.0004 0.0004
38.3086 0.0004 0.0004
38.3284 0.0004 0.0004
38.3482 0.0004 0.0004
38.3680 0.0004 0.0004
38.3878 0.0004 0.0004
38.4076 0.0004 0.0004
38.4274 0.0004 0.0004
38.4472 0.0004 0.0004
38.4670 0.0004 0.0004
38.4868 0.0004 0.0004
38.5066 0.0004 0.0004
38.5264 0.0004 0.0004
38.5462 0.0004 0.0004
38.5660 0.0004 0.0004
38.5858 0.0004 0.0004
38.6056 0.0004 0.0004
38.6254 0.0004 0.0004
38.6452 0.0004 0.0004
38.6650 0.0004 0.0004
38.6848 0.0004 0.0004
38.7046 0.0004 0.0004
38.7244 0.0004 0.0004
38.7442 0.0004 0.0004
38.7640 0.0004 0.0004
38.7838 0.0004 0.0004
38.8036 0.0004 0.0004
38.8234 0.0004 0.0004
38.8432 0.0004 0.0004
38.8630 0.0004 0.0004
38.8828 0.0004 0.0004
38.9026 0.0004 0.0004
38.9224 0.0004 0.0004
38.9422 0.0004 0.0004
38.9620 0.0004 0.0004
38.9818 0.0004 0.0003
39.0016 0.0004 0.0003
39.0214 0.0004 0.0003
39.0412 0.0004 0.0003
39.0610 0.0004 0.0003
39.0808 0.0004 0.0003
39.1006 0.0004 0.0003
39.1203 0.0004 0.0003
39.1401 0.0004 0.0003
39.1599 0.0004 0.0003
39.1797 0.0004 0.0003
39.1995 0.0004 0.0003
39.2193 0.0004 0.0003
39.2391 0.0004 0.0003
39.2589 0.0004 0.0003
39.2787 0.0004 0.0003
39.2985 0.0004 0.0003
39.3183 0.0004 0.0003
39.3381 0.0004 0.0003
39.3579 0.0004 0.0003
39.3777 0.0004 0.0003
39.3975 0.0004 0.0003
39.4173 0.0004 0.0003
39.4371 0.0004 0.0003
39.4569 0.0004 0.0003
39.4767 0.0004 0.0003
39.4965 0.0004 0.0003
39.5163 0.0004 0.0003
39.5361 0.0004 0.0003
39.5559 0.0004 0.0003
39.5757 0.0004 0.0003
  
  
  
  
  
dim="1">gridpoints</dimension>  
  
  
  
  
  
  
  
  
0.0000 623.7885 620.7202
0.0198 623.7885 620.7202
0.0396 311.7697 310.3218
0.0594 207.7093 206.8395
0.0792 155.6399 155.0873
0.0990 124.3685 124.0288
0.1188 103.4980 103.3189
0.1386 88.5727 88.5249
0.1584 77.3654 77.4310
0.1782 68.6390 68.8069
0.1980 61.6517 61.9146
0.2178 55.9316 56.2850
0.2376 51.1644 51.6054
0.2574 47.1329 47.6591
0.2772 43.6820 44.2908
0.2970 40.6982 41.3864
0.3168 38.0964 38.8593
0.3366 35.8117 36.6425
0.3564 33.7937 34.6827
0.3762 32.0024 32.9372
0.3960 30.4058 31.3705
0.4158 28.9779 29.9532
0.4356 27.6970 28.6605
0.4553 26.5450 27.4713
0.4751 25.5062 26.3679
0.4949 24.5673 25.3351
0.5147 23.7161 24.3604
0.5345 22.9419 23.4334
0.5543 22.2349 22.5459
0.5741 21.5864 21.6913
0.5939 20.9879 20.8649
0.6137 20.4323 20.0634
0.6335 19.9127 19.2848
0.6533 19.4231 18.5282
0.6731 18.9583 17.7933
0.6929 18.5139 17.0809
0.7127 18.0863 16.3918
0.7325 17.6727 15.7273
0.7523 17.2709 15.0888
0.7721 16.8797 14.4776
0.7919 16.4984 13.8946
0.8117 16.1266 13.3409
0.8315 15.7647 12.8168
0.8513 15.4129 12.3224
0.8711 15.0719 11.8575
0.8909 14.7422 11.4212
0.9107 14.4242 11.0125
0.9305 14.1182 10.6299
0.9503 13.8242 10.2718
0.9701 13.5420 9.9364
0.9899 13.2712 9.6217
1.0097 13.0110 9.3259
1.0295 12.7607 9.0471
1.0493 12.5191 8.7836
1.0691 12.2853 8.5341
1.0889 12.0582 8.2972
1.1087 11.8369 8.0721
1.1285 11.6204 7.8579
1.1483 11.4082 7.6541
1.1681 11.1998 7.4606
1.1879 10.9950 7.2771
1.2077 10.7938 7.1037
1.2275 10.5964 6.9405
1.2473 10.4034 6.7877
1.2671 10.2153 6.6455
1.2869 10.0329 6.5142
1.3067 9.8569 6.3938
1.3264 9.6881 6.2845
1.3462 9.5271 6.1862
1.3660 9.3746 6.0989
1.3858 9.2309 6.0222
1.4056 9.0961 5.9558
1.4254 8.9702 5.8991
1.4452 8.8528 5.8513
1.4650 8.7434 5.8117
1.4848 8.6412 5.7791
1.5046 8.5451 5.7526
1.5244 8.4541 5.7309
1.5442 8.3668 5.7129
1.5640 8.2819 5.6975
1.5838 8.1979 5.6834
1.6036 8.1136 5.6697
1.6234 8.0276 5.6554
1.6432 7.9388 5.6396
1.6630 7.8462 5.6218
1.6828 7.7491 5.6014
1.7026 7.6469 5.5781
1.7224 7.5396 5.5518
1.7422 7.4271 5.5222
1.7620 7.3099 5.4896
1.7818 7.1886 5.4540
1.8016 7.0643 5.4158
1.8214 6.9379 5.3753
1.8412 6.8108 5.3327
1.8610 6.6840 5.2886
1.8808 6.5589 5.2433
1.9006 6.4365 5.1973
1.9204 6.3174 5.1509
1.9402 6.2025 5.1046
1.9600 6.0917 5.0587
1.9798 5.9852 5.0136
1.9996 5.8825 4.9695
2.0194 5.7832 4.9268
2.0392 5.6865 4.8857
2.0590 5.5915 4.8461
2.0788 5.4975 4.8083
2.0986 5.4037 4.7722
2.1184 5.3095 4.7378
2.1382 5.2146 4.7049
2.1580 5.1188 4.6733
2.1778 5.0221 4.6430
2.1975 4.9248 4.6136
2.2173 4.8276 4.5851
2.2371 4.7311 4.5572
2.2569 4.6362 4.5298
2.2767 4.5437 4.5028
2.2965 4.4545 4.4761
2.3163 4.3697 4.4497
2.3361 4.2899 4.4236
2.3559 4.2158 4.3979
2.3757 4.1480 4.3725
2.3955 4.0867 4.3476
2.4153 4.0321 4.3230
2.4351 3.9840 4.2987
2.4549 3.9422 4.2748
2.4747 3.9061 4.2510
2.4945 3.8750 4.2272
2.5143 3.8482 4.2031
2.5341 3.8247 4.1787
2.5539 3.8035 4.1535
2.5737 3.7838 4.1274
2.5935 3.7646 4.1002
2.6133 3.7453 4.0716
2.6331 3.7250 4.0415
2.6529 3.7034 4.0100
2.6727 3.6801 3.9769
2.6925 3.6550 3.9425
2.7123 3.6282 3.9068
2.7321 3.5998 3.8702
2.7519 3.5702 3.8330
2.7717 3.5398 3.7956
2.7915 3.5092 3.7585
2.8113 3.4788 3.7222
2.8311 3.4492 3.6872
2.8509 3.4208 3.6541
2.8707 3.3941 3.6234
2.8905 3.3694 3.5956
2.9103 3.3468 3.5711
2.9301 3.3266 3.5502
2.9499 3.3086 3.5332
2.9697 3.2928 3.5202
2.9895 3.2789 3.5112
3.0093 3.2667 3.5059
3.0291 3.2560 3.5040
3.0489 3.2462 3.5050
3.0687 3.2372 3.5083
3.0884 3.2285 3.5130
3.1082 3.2199 3.5184
3.1280 3.2111 3.5237
3.1478 3.2021 3.5278
3.1676 3.1926 3.5302
3.1874 3.1826 3.5300
3.2072 3.1721 3.5268
3.2270 3.1611 3.5200
3.2468 3.1497 3.5095
3.2666 3.1379 3.4951
3.2864 3.1257 3.4769
3.3062 3.1131 3.4551
3.3260 3.1001 3.4300
3.3458 3.0865 3.4019
3.3656 3.0722 3.3712
3.3854 3.0571 3.3383
3.4052 3.0409 3.3035
3.4250 3.0234 3.2673
3.4448 3.0046 3.2297
3.4646 2.9842 3.1912
3.4844 2.9620 3.1518
3.5042 2.9380 3.1116
3.5240 2.9123 3.0709
3.5438 2.8847 3.0296
3.5636 2.8555 2.9878
3.5834 2.8247 2.9458
3.6032 2.7925 2.9035
3.6230 2.7592 2.8612
3.6428 2.7249 2.8189
3.6626 2.6899 2.7769
3.6824 2.6544 2.7353
3.7022 2.6186 2.6943
3.7220 2.5827 2.6539
3.7418 2.5468 2.6145
3.7616 2.5113 2.5760
3.7814 2.4762 2.5386
3.8012 2.4417 2.5024
3.8210 2.4079 2.4676
3.8408 2.3751 2.4341
3.8606 2.3433 2.4022
3.8804 2.3128 2.3720
3.9002 2.2838 2.3435
3.9200 2.2563 2.3169
3.9398 2.2306 2.2922
3.9595 2.2066 2.2696
3.9793 2.1846 2.2492
3.9991 2.1646 2.2310
4.0189 2.1465 2.2149
4.0387 2.1302 2.2011
4.0585 2.1157 2.1893
4.0783 2.1028 2.1795
4.0981 2.0912 2.1714
4.1179 2.0807 2.1649
4.1377 2.0711 2.1596
4.1575 2.0621 2.1553
4.1773 2.0534 2.1517
4.1971 2.0447 2.1484
4.2169 2.0357 2.1451
4.2367 2.0264 2.1416
4.2565 2.0166 2.1376
4.2763 2.0061 2.1329
4.2961 1.9950 2.1274
4.3159 1.9832 2.1209
4.3357 1.9708 2.1134
4.3555 1.9579 2.1049
4.3753 1.9447 2.0954
4.3951 1.9313 2.0851
4.4149 1.9178 2.0739
4.4347 1.9044 2.0621
4.4545 1.8913 2.0498
4.4743 1.8786 2.0370
4.4941 1.8664 2.0239
4.5139 1.8548 2.0106
4.5337 1.8439 1.9972
4.5535 1.8337 1.9838
4.5733 1.8243 1.9703
4.5931 1.8156 1.9569
4.6129 1.8077 1.9436
4.6327 1.8004 1.9304
4.6525 1.7938 1.9175
4.6723 1.7876 1.9048
4.6921 1.7819 1.8924
4.7119 1.7766 1.8804
4.7317 1.7715 1.8688
4.7515 1.7664 1.8576
4.7713 1.7614 1.8470
4.7911 1.7563 1.8370
4.8109 1.7510 1.8275
4.8307 1.7454 1.8186
4.8504 1.7394 1.8102
4.8702 1.7329 1.8024
4.8900 1.7259 1.7951
4.9098 1.7183 1.7883
4.9296 1.7100 1.7821
4.9494 1.7011 1.7764
4.9692 1.6916 1.7712
4.9890 1.6814 1.7668
5.0088 1.6706 1.7630
5.0286 1.6594 1.7600
5.0484 1.6478 1.7578
5.0682 1.6359 1.7566
5.0880 1.6240 1.7562
5.1078 1.6120 1.7568
5.1276 1.6002 1.7583
5.1474 1.5887 1.7606
5.1672 1.5778 1.7636
5.1870 1.5675 1.7673
5.2068 1.5579 1.7714
5.2266 1.5493 1.7758
5.2464 1.5415 1.7804
5.2662 1.5348 1.7851
5.2860 1.5290 1.7899
5.3058 1.5242 1.7946
5.3256 1.5202 1.7993
5.3454 1.5170 1.8039
5.3652 1.5143 1.8086
5.3850 1.5119 1.8134
5.4048 1.5097 1.8184
5.4246 1.5075 1.8236
5.4444 1.5050 1.8291
5.4642 1.5020 1.8348
5.4840 1.4984 1.8408
5.5038 1.4939 1.8469
5.5236 1.4885 1.8531
5.5434 1.4821 1.8590
5.5632 1.4748 1.8644
5.5830 1.4664 1.8691
5.6028 1.4571 1.8726
5.6226 1.4470 1.8747
5.6424 1.4361 1.8750
5.6622 1.4247 1.8733
5.6820 1.4128 1.8692
5.7018 1.4006 1.8626
5.7215 1.3882 1.8535
5.7413 1.3758 1.8417
5.7611 1.3635 1.8274
5.7809 1.3513 1.8107
5.8007 1.3394 1.7918
5.8205 1.3278 1.7709
5.8403 1.3165 1.7485
5.8601 1.3057 1.7247
5.8799 1.2954 1.6999
5.8997 1.2857 1.6743
5.9195 1.2765 1.6481
5.9393 1.2680 1.6217
5.9591 1.2601 1.5951
5.9789 1.2530 1.5686
5.9987 1.2464 1.5422
6.0185 1.2406 1.5161
6.0383 1.2353 1.4903
6.0581 1.2305 1.4651
6.0779 1.2262 1.4404
6.0977 1.2222 1.4164
6.1175 1.2184 1.3933
6.1373 1.2146 1.3710
6.1571 1.2108 1.3499
6.1769 1.2069 1.3299
6.1967 1.2026 1.3112
6.2165 1.1980 1.2938
6.2363 1.1929 1.2779
6.2561 1.1873 1.2634
6.2759 1.1812 1.2506
6.2957 1.1745 1.2392
6.3155 1.1673 1.2293
6.3353 1.1596 1.2209
6.3551 1.1514 1.2138
6.3749 1.1429 1.2079
6.3947 1.1340 1.2031
6.4145 1.1250 1.1991
6.4343 1.1158 1.1958
6.4541 1.1067 1.1929
6.4739 1.0976 1.1901
6.4937 1.0887 1.1872
6.5135 1.0800 1.1840
6.5333 1.0718 1.1802
6.5531 1.0640 1.1756
6.5729 1.0568 1.1701
6.5926 1.0502 1.1637
6.6124 1.0443 1.1561
6.6322 1.0390 1.1475
6.6520 1.0345 1.1378
6.6718 1.0307 1.1272
6.6916 1.0276 1.1158
6.7114 1.0252 1.1037
6.7312 1.0234 1.0912
6.7510 1.0221 1.0785
6.7708 1.0213 1.0657
6.7906 1.0209 1.0531
6.8104 1.0206 1.0408
6.8302 1.0205 1.0291
6.8500 1.0204 1.0181
6.8698 1.0203 1.0080
6.8896 1.0199 0.9988
6.9094 1.0193 0.9905
6.9292 1.0184 0.9834
6.9490 1.0172 0.9772
6.9688 1.0156 0.9720
6.9886 1.0137 0.9679
7.0084 1.0114 0.9646
7.0282 1.0089 0.9622
7.0480 1.0063 0.9604
7.0678 1.0035 0.9594
7.0876 1.0008 0.9588
7.1074 0.9981 0.9586
7.1272 0.9957 0.9588
7.1470 0.9936 0.9591
7.1668 0.9919 0.9595
7.1866 0.9906 0.9598
7.2064 0.9899 0.9600
7.2262 0.9898 0.9601
7.2460 0.9902 0.9598
7.2658 0.9911 0.9593
7.2856 0.9926 0.9583
7.3054 0.9946 0.9570
7.3252 0.9968 0.9553
7.3450 0.9993 0.9531
7.3648 1.0019 0.9505
7.3846 1.0045 0.9475
7.4044 1.0068 0.9441
7.4242 1.0088 0.9404
7.4440 1.0103 0.9363
7.4638 1.0112 0.9320
7.4835 1.0113 0.9275
7.5033 1.0106 0.9228
7.5231 1.0091 0.9181
7.5429 1.0067 0.9133
7.5627 1.0034 0.9085
7.5825 0.9992 0.9039
7.6023 0.9943 0.8994
7.6221 0.9887 0.8951
7.6419 0.9825 0.8910
7.6617 0.9758 0.8871
7.6815 0.9688 0.8835
7.7013 0.9615 0.8802
7.7211 0.9540 0.8771
7.7409 0.9464 0.8743
7.7607 0.9388 0.8717
7.7805 0.9311 0.8692
7.8003 0.9233 0.8668
7.8201 0.9156 0.8645
7.8399 0.9078 0.8622
7.8597 0.8999 0.8598
7.8795 0.8920 0.8572
7.8993 0.8839 0.8544
7.9191 0.8758 0.8514
7.9389 0.8676 0.8480
7.9587 0.8593 0.8443
7.9785 0.8510 0.8402
7.9983 0.8426 0.8357
8.0181 0.8344 0.8308
8.0379 0.8263 0.8256
8.0577 0.8185 0.8200
8.0775 0.8109 0.8142
8.0973 0.8037 0.8082
8.1171 0.7970 0.8020
8.1369 0.7907 0.7958
8.1567 0.7850 0.7895
8.1765 0.7798 0.7834
8.1963 0.7752 0.7773
8.2161 0.7711 0.7714
8.2359 0.7676 0.7657
8.2557 0.7645 0.7602
8.2755 0.7620 0.7550
8.2953 0.7598 0.7501
8.3151 0.7580 0.7454
8.3349 0.7565 0.7411
8.3546 0.7552 0.7369
8.3744 0.7540 0.7331
8.3942 0.7530 0.7294
8.4140 0.7520 0.7260
8.4338 0.7509 0.7227
8.4536 0.7498 0.7196
8.4734 0.7487 0.7166
8.4932 0.7474 0.7138
8.5130 0.7459 0.7110
8.5328 0.7443 0.7082
8.5526 0.7426 0.7055
8.5724 0.7408 0.7028
8.5922 0.7390 0.7001
8.6120 0.7370 0.6975
8.6318 0.7351 0.6948
8.6516 0.7332 0.6921
8.6714 0.7314 0.6894
8.6912 0.7297 0.6867
8.7110 0.7282 0.6841
8.7308 0.7268 0.6816
8.7506 0.7256 0.6791
8.7704 0.7246 0.6767
8.7902 0.7238 0.6743
8.8100 0.7231 0.6721
8.8298 0.7226 0.6700
8.8496 0.7221 0.6679
8.8694 0.7218 0.6660
8.8892 0.7215 0.6642
8.9090 0.7211 0.6624
8.9288 0.7208 0.6607
8.9486 0.7204 0.6590
8.9684 0.7198 0.6575
8.9882 0.7193 0.6559
9.0080 0.7186 0.6545
9.0278 0.7178 0.6530
9.0476 0.7170 0.6516
9.0674 0.7162 0.6502
9.0872 0.7153 0.6489
9.1070 0.7144 0.6476
9.1268 0.7136 0.6463
9.1466 0.7128 0.6450
9.1664 0.7120 0.6437
9.1862 0.7112 0.6424
9.2060 0.7105 0.6410
9.2258 0.7098 0.6396
9.2455 0.7091 0.6382
9.2653 0.7085 0.6367
9.2851 0.7077 0.6350
9.3049 0.7070 0.6333
9.3247 0.7061 0.6314
9.3445 0.7052 0.6295
9.3643 0.7042 0.6273
9.3841 0.7031 0.6251
9.4039 0.7018 0.6228
9.4237 0.7004 0.6204
9.4435 0.6988 0.6180
9.4633 0.6971 0.6156
9.4831 0.6952 0.6131
9.5029 0.6932 0.6108
9.5227 0.6911 0.6085
9.5425 0.6888 0.6064
9.5623 0.6864 0.6044
9.5821 0.6839 0.6025
9.6019 0.6813 0.6008
9.6217 0.6787 0.5992
9.6415 0.6761 0.5978
9.6613 0.6735 0.5966
9.6811 0.6709 0.5954
9.7009 0.6684 0.5943
9.7207 0.6659 0.5933
9.7405 0.6635 0.5922
9.7603 0.6613 0.5912
9.7801 0.6591 0.5902
9.7999 0.6571 0.5892
9.8197 0.6552 0.5881
9.8395 0.6534 0.5870
9.8593 0.6518 0.5858
9.8791 0.6502 0.5845
9.8989 0.6488 0.5832
9.9187 0.6475 0.5818
9.9385 0.6464 0.5804
9.9583 0.6453 0.5790
9.9781 0.6444 0.5775
9.9979 0.6436 0.5761
10.0177 0.6430 0.5746
10.0375 0.6424 0.5733
10.0573 0.6420 0.5719
10.0771 0.6418 0.5707
10.0969 0.6416 0.5695
10.1166 0.6416 0.5684
10.1364 0.6418 0.5674
10.1562 0.6420 0.5665
10.1760 0.6423 0.5657
10.1958 0.6428 0.5650
10.2156 0.6433 0.5643
10.2354 0.6439 0.5638
10.2552 0.6446 0.5633
10.2750 0.6454 0.5629
10.2948 0.6462 0.5626
10.3146 0.6471 0.5624
10.3344 0.6480 0.5623
10.3542 0.6488 0.5623
10.3740 0.6497 0.5624
10.3938 0.6506 0.5627
10.4136 0.6513 0.5632
10.4334 0.6520 0.5638
10.4532 0.6527 0.5646
10.4730 0.6532 0.5655
10.4928 0.6536 0.5667
10.5126 0.6539 0.5679
10.5324 0.6541 0.5694
10.5522 0.6543 0.5709
10.5720 0.6544 0.5726
10.5918 0.6546 0.5744
10.6116 0.6548 0.5763
10.6314 0.6551 0.5783
10.6512 0.6555 0.5803
10.6710 0.6561 0.5824
10.6908 0.6570 0.5845
10.7106 0.6582 0.5866
10.7304 0.6597 0.5888
10.7502 0.6615 0.5910
10.7700 0.6637 0.5932
10.7898 0.6661 0.5955
10.8096 0.6689 0.5976
10.8294 0.6720 0.5998
10.8492 0.6753 0.6019
10.8690 0.6787 0.6040
10.8888 0.6823 0.6059
10.9086 0.6858 0.6078
10.9284 0.6893 0.6095
10.9482 0.6926 0.6111
10.9680 0.6958 0.6126
10.9877 0.6987 0.6140
11.0075 0.7013 0.6152
11.0273 0.7036 0.6163
11.0471 0.7056 0.6172
11.0669 0.7072 0.6181
11.0867 0.7084 0.6190
11.1065 0.7094 0.6198
11.1263 0.7101 0.6207
11.1461 0.7106 0.6216
11.1659 0.7110 0.6225
11.1857 0.7112 0.6236
11.2055 0.7114 0.6248
11.2253 0.7116 0.6262
11.2451 0.7118 0.6278
11.2649 0.7121 0.6295
11.2847 0.7125 0.6315
11.3045 0.7130 0.6336
11.3243 0.7137 0.6360
11.3441 0.7145 0.6385
11.3639 0.7155 0.6411
11.3837 0.7166 0.6439
11.4035 0.7178 0.6467
11.4233 0.7191 0.6497
11.4431 0.7206 0.6526
11.4629 0.7220 0.6556
11.4827 0.7235 0.6585
11.5025 0.7249 0.6613
11.5223 0.7264 0.6641
11.5421 0.7278 0.6667
11.5619 0.7290 0.6691
11.5817 0.7302 0.6713
11.6015 0.7313 0.6734
11.6213 0.7322 0.6752
11.6411 0.7329 0.6768
11.6609 0.7335 0.6782
11.6807 0.7340 0.6793
11.7005 0.7342 0.6803
11.7203 0.7343 0.6810
11.7401 0.7343 0.6816
11.7599 0.7341 0.6821
11.7797 0.7339 0.6825
11.7995 0.7335 0.6828
11.8193 0.7331 0.6830
11.8391 0.7326 0.6833
11.8589 0.7321 0.6836
11.8786 0.7315 0.6840
11.8984 0.7310 0.6844
11.9182 0.7304 0.6848
11.9380 0.7299 0.6854
11.9578 0.7294 0.6860
11.9776 0.7289 0.6866
11.9974 0.7285 0.6871
12.0172 0.7281 0.6877
12.0370 0.7277 0.6882
12.0568 0.7274 0.6885
12.0766 0.7271 0.6887
12.0964 0.7270 0.6888
12.1162 0.7269 0.6886
12.1360 0.7268 0.6882
12.1558 0.7269 0.6876
12.1756 0.7270 0.6867
12.1954 0.7272 0.6856
12.2152 0.7274 0.6843
12.2350 0.7277 0.6828
12.2548 0.7280 0.6810
12.2746 0.7283 0.6791
12.2944 0.7286 0.6770
12.3142 0.7289 0.6748
12.3340 0.7291 0.6725
12.3538 0.7294 0.6701
12.3736 0.7296 0.6677
12.3934 0.7297 0.6653
12.4132 0.7299 0.6629
12.4330 0.7300 0.6605
12.4528 0.7301 0.6582
12.4726 0.7303 0.6560
12.4924 0.7304 0.6539
12.5122 0.7305 0.6518
12.5320 0.7306 0.6499
12.5518 0.7307 0.6481
12.5716 0.7307 0.6463
12.5914 0.7308 0.6447
12.6112 0.7307 0.6431
12.6310 0.7306 0.6417
12.6508 0.7304 0.6404
12.6706 0.7300 0.6391
12.6904 0.7296 0.6380
12.7102 0.7290 0.6370
12.7300 0.7283 0.6362
12.7497 0.7274 0.6354
12.7695 0.7265 0.6348
12.7893 0.7254 0.6344
12.8091 0.7243 0.6340
12.8289 0.7232 0.6338
12.8487 0.7220 0.6337
12.8685 0.7208 0.6337
12.8883 0.7196 0.6338
12.9081 0.7185 0.6341
12.9279 0.7175 0.6343
12.9477 0.7165 0.6347
12.9675 0.7156 0.6351
12.9873 0.7147 0.6355
13.0071 0.7139 0.6359
13.0269 0.7132 0.6364
13.0467 0.7124 0.6369
13.0665 0.7116 0.6373
13.0863 0.7107 0.6378
13.1061 0.7097 0.6382
13.1259 0.7086 0.6386
13.1457 0.7073 0.6388
13.1655 0.7059 0.6390
13.1853 0.7042 0.6391
13.2051 0.7023 0.6390
13.2249 0.7002 0.6387
13.2447 0.6980 0.6382
13.2645 0.6956 0.6374
13.2843 0.6931 0.6364
13.3041 0.6905 0.6352
13.3239 0.6878 0.6336
13.3437 0.6851 0.6318
13.3635 0.6825 0.6298
13.3833 0.6799 0.6275
13.4031 0.6774 0.6249
13.4229 0.6750 0.6222
13.4427 0.6728 0.6193
13.4625 0.6707 0.6162
13.4823 0.6688 0.6131
13.5021 0.6671 0.6098
13.5219 0.6655 0.6066
13.5417 0.6642 0.6032
13.5615 0.6630 0.5999
13.5813 0.6620 0.5966
13.6011 0.6611 0.5934
13.6209 0.6603 0.5902
13.6406 0.6596 0.5870
13.6604 0.6589 0.5839
13.6802 0.6582 0.5808
13.7000 0.6574 0.5779
13.7198 0.6565 0.5749
13.7396 0.6555 0.5721
13.7594 0.6543 0.5693
13.7792 0.6530 0.5666
13.7990 0.6514 0.5639
13.8188 0.6495 0.5613
13.8386 0.6475 0.5587
13.8584 0.6452 0.5563
13.8782 0.6427 0.5539
13.8980 0.6399 0.5516
13.9178 0.6370 0.5493
13.9376 0.6339 0.5472
13.9574 0.6307 0.5451
13.9772 0.6274 0.5431
13.9970 0.6239 0.5412
14.0168 0.6205 0.5393
14.0366 0.6170 0.5375
14.0564 0.6134 0.5356
14.0762 0.6099 0.5338
14.0960 0.6064 0.5320
14.1158 0.6029 0.5301
14.1356 0.5995 0.5282
14.1554 0.5960 0.5262
14.1752 0.5926 0.5241
14.1950 0.5892 0.5219
14.2148 0.5859 0.5195
14.2346 0.5825 0.5170
14.2544 0.5792 0.5143
14.2742 0.5758 0.5115
14.2940 0.5725 0.5084
14.3138 0.5691 0.5052
14.3336 0.5657 0.5018
14.3534 0.5623 0.4983
14.3732 0.5590 0.4946
14.3930 0.5556 0.4908
14.4128 0.5522 0.4868
14.4326 0.5488 0.4828
14.4524 0.5455 0.4786
14.4722 0.5421 0.4745
14.4920 0.5388 0.4703
14.5117 0.5355 0.4661
14.5315 0.5323 0.4619
14.5513 0.5290 0.4578
14.5711 0.5259 0.4538
14.5909 0.5227 0.4498
14.6107 0.5196 0.4459
14.6305 0.5166 0.4420
14.6503 0.5136 0.4383
14.6701 0.5106 0.4346
14.6899 0.5077 0.4310
14.7097 0.5049 0.4274
14.7295 0.5021 0.4240
14.7493 0.4994 0.4205
14.7691 0.4968 0.4171
14.7889 0.4943 0.4137
14.8087 0.4918 0.4103
14.8285 0.4894 0.4069
14.8483 0.4872 0.4036
14.8681 0.4850 0.4002
14.8879 0.4828 0.3969
14.9077 0.4807 0.3936
14.9275 0.4787 0.3903
14.9473 0.4767 0.3870
14.9671 0.4747 0.3837
14.9869 0.4726 0.3805
15.0067 0.4705 0.3773
15.0265 0.4684 0.3741
15.0463 0.4662 0.3710
15.0661 0.4638 0.3680
15.0859 0.4614 0.3650
15.1057 0.4589 0.3621
15.1255 0.4564 0.3593
15.1453 0.4537 0.3566
15.1651 0.4509 0.3539
15.1849 0.4481 0.3513
15.2047 0.4452 0.3488
15.2245 0.4423 0.3463
15.2443 0.4393 0.3438
15.2641 0.4363 0.3414
15.2839 0.4332 0.3391
15.3037 0.4302 0.3367
15.3235 0.4272 0.3343
15.3433 0.4241 0.3320
15.3631 0.4210 0.3296
15.3828 0.4180 0.3272
15.4026 0.4150 0.3247
15.4224 0.4119 0.3222
15.4422 0.4089 0.3196
15.4620 0.4058 0.3170
15.4818 0.4028 0.3144
15.5016 0.3998 0.3117
15.5214 0.3967 0.3090
15.5412 0.3937 0.3063
15.5610 0.3907 0.3035
15.5808 0.3876 0.3008
15.6006 0.3846 0.2980
15.6204 0.3816 0.2952
15.6402 0.3785 0.2924
15.6600 0.3755 0.2896
15.6798 0.3725 0.2868
15.6996 0.3696 0.2840
15.7194 0.3666 0.2813
15.7392 0.3637 0.2785
15.7590 0.3609 0.2758
15.7788 0.3581 0.2730
15.7986 0.3554 0.2703
15.8184 0.3527 0.2676
15.8382 0.3500 0.2649
15.8580 0.3474 0.2622
15.8778 0.3448 0.2595
15.8976 0.3422 0.2569
15.9174 0.3395 0.2543
15.9372 0.3369 0.2517
15.9570 0.3342 0.2492
15.9768 0.3314 0.2467
15.9966 0.3286 0.2443
16.0164 0.3257 0.2419
16.0362 0.3228 0.2396
16.0560 0.3198 0.2374
16.0758 0.3167 0.2352
16.0956 0.3137 0.2332
16.1154 0.3106 0.2311
16.1352 0.3075 0.2292
16.1550 0.3044 0.2273
16.1748 0.3013 0.2255
16.1946 0.2982 0.2237
16.2144 0.2952 0.2220
16.2342 0.2922 0.2203
16.2540 0.2893 0.2186
16.2737 0.2864 0.2170
16.2935 0.2835 0.2154
16.3133 0.2807 0.2138
16.3331 0.2779 0.2122
16.3529 0.2751 0.2106
16.3727 0.2724 0.2090
16.3925 0.2696 0.2074
16.4123 0.2668 0.2058
16.4321 0.2640 0.2042
16.4519 0.2612 0.2026
16.4717 0.2584 0.2009
16.4915 0.2556 0.1993
16.5113 0.2527 0.1977
16.5311 0.2498 0.1960
16.5509 0.2469 0.1943
16.5707 0.2440 0.1926
16.5905 0.2410 0.1910
16.6103 0.2381 0.1893
16.6301 0.2352 0.1876
16.6499 0.2323 0.1859
16.6697 0.2295 0.1842
16.6895 0.2267 0.1825
16.7093 0.2240 0.1809
16.7291 0.2213 0.1793
16.7489 0.2187 0.1777
16.7687 0.2162 0.1761
16.7885 0.2138 0.1745
16.8083 0.2114 0.1730
16.8281 0.2092 0.1715
16.8479 0.2070 0.1701
16.8677 0.2049 0.1687
16.8875 0.2029 0.1673
16.9073 0.2010 0.1659
16.9271 0.1992 0.1645
16.9469 0.1974 0.1632
16.9667 0.1957 0.1619
16.9865 0.1941 0.1605
17.0063 0.1925 0.1592
17.0261 0.1909 0.1578
17.0459 0.1894 0.1565
17.0657 0.1879 0.1551
17.0855 0.1865 0.1537
17.1053 0.1850 0.1524
17.1251 0.1836 0.1510
17.1448 0.1822 0.1496
17.1646 0.1808 0.1482
17.1844 0.1794 0.1468
17.2042 0.1780 0.1455
17.2240 0.1765 0.1441
17.2438 0.1751 0.1427
17.2636 0.1737 0.1414
17.2834 0.1723 0.1401
17.3032 0.1708 0.1388
17.3230 0.1694 0.1375
17.3428 0.1679 0.1362
17.3626 0.1665 0.1350
17.3824 0.1650 0.1337
17.4022 0.1635 0.1325
17.4220 0.1620 0.1313
17.4418 0.1605 0.1302
17.4616 0.1590 0.1290
17.4814 0.1575 0.1278
17.5012 0.1560 0.1267
17.5210 0.1545 0.1256
17.5408 0.1531 0.1245
17.5606 0.1516 0.1234
17.5804 0.1502 0.1224
17.6002 0.1488 0.1214
17.6200 0.1474 0.1203
17.6398 0.1460 0.1193
17.6596 0.1447 0.1183
17.6794 0.1434 0.1174
17.6992 0.1420 0.1164
17.7190 0.1408 0.1154
17.7388 0.1395 0.1145
17.7586 0.1382 0.1135
17.7784 0.1369 0.1126
17.7982 0.1357 0.1116
17.8180 0.1345 0.1107
17.8378 0.1332 0.1097
17.8576 0.1320 0.1088
17.8774 0.1308 0.1078
17.8972 0.1296 0.1068
17.9170 0.1285 0.1059
17.9368 0.1273 0.1049
17.9566 0.1261 0.1039
17.9764 0.1250 0.1029
17.9962 0.1239 0.1019
18.0160 0.1227 0.1008
18.0357 0.1216 0.0998
18.0555 0.1204 0.0987
18.0753 0.1192 0.0977
18.0951 0.1180 0.0966
18.1149 0.1168 0.0956
18.1347 0.1156 0.0945
18.1545 0.1144 0.0935
18.1743 0.1131 0.0924
18.1941 0.1119 0.0914
18.2139 0.1106 0.0904
18.2337 0.1093 0.0894
18.2535 0.1080 0.0884
18.2733 0.1068 0.0875
18.2931 0.1055 0.0865
18.3129 0.1042 0.0856
18.3327 0.1029 0.0847
18.3525 0.1017 0.0838
18.3723 0.1004 0.0829
18.3921 0.0992 0.0821
18.4119 0.0979 0.0813
18.4317 0.0967 0.0804
18.4515 0.0955 0.0796
18.4713 0.0944 0.0788
18.4911 0.0932 0.0780
18.5109 0.0921 0.0772
18.5307 0.0911 0.0764
18.5505 0.0900 0.0757
18.5703 0.0890 0.0749
18.5901 0.0880 0.0741
18.6099 0.0871 0.0734
18.6297 0.0861 0.0726
18.6495 0.0852 0.0719
18.6693 0.0844 0.0711
18.6891 0.0836 0.0704
18.7089 0.0828 0.0697
18.7287 0.0820 0.0690
18.7485 0.0813 0.0683
18.7683 0.0805 0.0676
18.7881 0.0798 0.0670
18.8079 0.0791 0.0663
18.8277 0.0785 0.0657
18.8475 0.0778 0.0651
18.8673 0.0771 0.0645
18.8871 0.0765 0.0639
18.9068 0.0758 0.0633
18.9266 0.0752 0.0627
18.9464 0.0745 0.0621
18.9662 0.0738 0.0615
18.9860 0.0731 0.0610
19.0058 0.0724 0.0604
19.0256 0.0717 0.0598
19.0454 0.0710 0.0592
19.0652 0.0702 0.0587
19.0850 0.0695 0.0581
19.1048 0.0687 0.0575
19.1246 0.0679 0.0569
19.1444 0.0672 0.0564
19.1642 0.0664 0.0558
19.1840 0.0656 0.0553
19.2038 0.0649 0.0547
19.2236 0.0641 0.0542
19.2434 0.0634 0.0536
19.2632 0.0626 0.0531
19.2830 0.0619 0.0526
19.3028 0.0612 0.0521
19.3226 0.0605 0.0516
19.3424 0.0598 0.0510
19.3622 0.0592 0.0505
19.3820 0.0585 0.0500
19.4018 0.0579 0.0495
19.4216 0.0572 0.0490
19.4414 0.0566 0.0485
19.4612 0.0560 0.0480
19.4810 0.0555 0.0475
19.5008 0.0549 0.0470
19.5206 0.0543 0.0464
19.5404 0.0537 0.0459
19.5602 0.0532 0.0454
19.5800 0.0527 0.0449
19.5998 0.0521 0.0444
19.6196 0.0516 0.0439
19.6394 0.0511 0.0433
19.6592 0.0505 0.0428
19.6790 0.0500 0.0423
19.6988 0.0495 0.0418
19.7186 0.0490 0.0414
19.7384 0.0485 0.0409
19.7582 0.0479 0.0405
19.7779 0.0474 0.0400
19.7977 0.0469 0.0396
19.8175 0.0464 0.0392
19.8373 0.0459 0.0388
19.8571 0.0454 0.0383
19.8769 0.0449 0.0380
19.8967 0.0444 0.0376
19.9165 0.0439 0.0372
19.9363 0.0434 0.0368
19.9561 0.0429 0.0364
19.9759 0.0425 0.0360
19.9957 0.0420 0.0356
20.0155 0.0415 0.0353
20.0353 0.0411 0.0349
20.0551 0.0406 0.0345
20.0749 0.0402 0.0341
20.0947 0.0398 0.0338
20.1145 0.0394 0.0334
20.1343 0.0390 0.0330
20.1541 0.0386 0.0327
20.1739 0.0382 0.0323
20.1937 0.0378 0.0320
20.2135 0.0374 0.0316
20.2333 0.0370 0.0313
20.2531 0.0367 0.0310
20.2729 0.0363 0.0306
20.2927 0.0359 0.0303
20.3125 0.0356 0.0300
20.3323 0.0353 0.0297
20.3521 0.0349 0.0294
20.3719 0.0346 0.0291
20.3917 0.0343 0.0288
20.4115 0.0339 0.0285
20.4313 0.0336 0.0282
20.4511 0.0333 0.0280
20.4709 0.0330 0.0277
20.4907 0.0327 0.0274
20.5105 0.0324 0.0272
20.5303 0.0320 0.0269
20.5501 0.0317 0.0266
20.5699 0.0314 0.0264
20.5897 0.0311 0.0262
20.6095 0.0308 0.0259
20.6293 0.0304 0.0257
20.6491 0.0301 0.0255
20.6688 0.0298 0.0253
20.6886 0.0295 0.0251
20.7084 0.0292 0.0249
20.7282 0.0289 0.0248
20.7480 0.0286 0.0246
20.7678 0.0283 0.0244
20.7876 0.0280 0.0243
20.8074 0.0277 0.0241
20.8272 0.0275 0.0240
20.8470 0.0272 0.0238
20.8668 0.0269 0.0237
20.8866 0.0267 0.0235
20.9064 0.0265 0.0234
20.9262 0.0262 0.0233
20.9460 0.0260 0.0232
20.9658 0.0258 0.0230
20.9856 0.0256 0.0229
21.0054 0.0254 0.0228
21.0252 0.0252 0.0227
21.0450 0.0250 0.0225
21.0648 0.0249 0.0224
21.0846 0.0247 0.0223
21.1044 0.0245 0.0222
21.1242 0.0244 0.0221
21.1440 0.0243 0.0220
21.1638 0.0241 0.0219
21.1836 0.0240 0.0218
21.2034 0.0239 0.0216
21.2232 0.0237 0.0215
21.2430 0.0236 0.0214
21.2628 0.0235 0.0213
21.2826 0.0234 0.0212
21.3024 0.0233 0.0211
21.3222 0.0232 0.0210
21.3420 0.0231 0.0209
21.3618 0.0230 0.0208
21.3816 0.0228 0.0206
21.4014 0.0227 0.0205
21.4212 0.0226 0.0203
21.4410 0.0224 0.0202
21.4608 0.0223 0.0201
21.4806 0.0221 0.0199
21.5004 0.0219 0.0197
21.5202 0.0217 0.0196
21.5399 0.0215 0.0194
21.5597 0.0213 0.0192
21.5795 0.0211 0.0190
21.5993 0.0209 0.0188
21.6191 0.0207 0.0186
21.6389 0.0205 0.0184
21.6587 0.0203 0.0182
21.6785 0.0201 0.0180
21.6983 0.0198 0.0178
21.7181 0.0196 0.0176
21.7379 0.0194 0.0174
21.7577 0.0192 0.0173
21.7775 0.0190 0.0171
21.7973 0.0188 0.0169
21.8171 0.0186 0.0167
21.8369 0.0184 0.0165
21.8567 0.0182 0.0164
21.8765 0.0180 0.0162
21.8963 0.0179 0.0160
21.9161 0.0177 0.0159
21.9359 0.0175 0.0158
21.9557 0.0174 0.0156
21.9755 0.0172 0.0155
21.9953 0.0171 0.0154
22.0151 0.0170 0.0152
22.0349 0.0168 0.0151
22.0547 0.0167 0.0150
22.0745 0.0166 0.0149
22.0943 0.0165 0.0148
22.1141 0.0164 0.0147
22.1339 0.0163 0.0146
22.1537 0.0162 0.0145
22.1735 0.0161 0.0144
22.1933 0.0160 0.0143
22.2131 0.0159 0.0142
22.2329 0.0158 0.0141
22.2527 0.0157 0.0140
22.2725 0.0156 0.0139
22.2923 0.0155 0.0139
22.3121 0.0154 0.0138
22.3319 0.0153 0.0137
22.3517 0.0152 0.0136
22.3715 0.0151 0.0135
22.3913 0.0150 0.0135
22.4111 0.0149 0.0134
22.4308 0.0148 0.0133
22.4506 0.0147 0.0132
22.4704 0.0147 0.0131
22.4902 0.0146 0.0131
22.5100 0.0145 0.0130
22.5298 0.0144 0.0129
22.5496 0.0143 0.0128
22.5694 0.0142 0.0128
22.5892 0.0141 0.0127
22.6090 0.0141 0.0126
22.6288 0.0140 0.0125
22.6486 0.0139 0.0125
22.6684 0.0138 0.0124
22.6882 0.0137 0.0123
22.7080 0.0136 0.0122
22.7278 0.0135 0.0121
22.7476 0.0135 0.0121
22.7674 0.0134 0.0120
22.7872 0.0133 0.0119
22.8070 0.0132 0.0119
22.8268 0.0131 0.0118
22.8466 0.0130 0.0117
22.8664 0.0129 0.0117
22.8862 0.0128 0.0116
22.9060 0.0127 0.0115
22.9258 0.0126 0.0115
22.9456 0.0125 0.0114
22.9654 0.0124 0.0113
22.9852 0.0123 0.0113
23.0050 0.0122 0.0112
23.0248 0.0121 0.0112
23.0446 0.0120 0.0111
23.0644 0.0120 0.0111
23.0842 0.0119 0.0110
23.1040 0.0118 0.0110
23.1238 0.0118 0.0110
23.1436 0.0117 0.0109
23.1634 0.0117 0.0109
23.1832 0.0116 0.0109
23.2030 0.0116 0.0108
23.2228 0.0116 0.0108
23.2426 0.0115 0.0108
23.2624 0.0115 0.0107
23.2822 0.0115 0.0107
23.3019 0.0114 0.0107
23.3217 0.0114 0.0107
23.3415 0.0114 0.0107
23.3613 0.0114 0.0106
23.3811 0.0113 0.0106
23.4009 0.0113 0.0106
23.4207 0.0113 0.0106
23.4405 0.0113 0.0105
23.4603 0.0112 0.0105
23.4801 0.0112 0.0105
23.4999 0.0112 0.0104
23.5197 0.0112 0.0104
23.5395 0.0112 0.0104
23.5593 0.0111 0.0103
23.5791 0.0111 0.0103
23.5989 0.0111 0.0103
23.6187 0.0111 0.0103
23.6385 0.0111 0.0102
23.6583 0.0110 0.0102
23.6781 0.0110 0.0102
23.6979 0.0110 0.0102
23.7177 0.0110 0.0102
23.7375 0.0110 0.0101
23.7573 0.0110 0.0101
23.7771 0.0109 0.0101
23.7969 0.0109 0.0101
23.8167 0.0109 0.0101
23.8365 0.0109 0.0101
23.8563 0.0109 0.0101
23.8761 0.0108 0.0101
23.8959 0.0108 0.0100
23.9157 0.0108 0.0100
23.9355 0.0108 0.0100
23.9553 0.0107 0.0100
23.9751 0.0107 0.0100
23.9949 0.0107 0.0100
24.0147 0.0106 0.0100
24.0345 0.0106 0.0099
24.0543 0.0106 0.0099
24.0741 0.0105 0.0099
24.0939 0.0105 0.0099
24.1137 0.0105 0.0099
24.1335 0.0104 0.0099
24.1533 0.0104 0.0099
24.1730 0.0103 0.0099
24.1928 0.0103 0.0099
24.2126 0.0102 0.0099
24.2324 0.0102 0.0099
24.2522 0.0101 0.0099
24.2720 0.0101 0.0099
24.2918 0.0100 0.0099
24.3116 0.0100 0.0100
24.3314 0.0099 0.0100
24.3512 0.0099 0.0100
24.3710 0.0098 0.0100
24.3908 0.0098 0.0100
24.4106 0.0097 0.0100
24.4304 0.0097 0.0101
24.4502 0.0096 0.0101
24.4700 0.0096 0.0101
24.4898 0.0095 0.0101
24.5096 0.0095 0.0101
24.5294 0.0094 0.0101
24.5492 0.0093 0.0101
24.5690 0.0093 0.0101
24.5888 0.0092 0.0101
24.6086 0.0092 0.0101
24.6284 0.0091 0.0101
24.6482 0.0090 0.0101
24.6680 0.0090 0.0100
24.6878 0.0089 0.0100
24.7076 0.0089 0.0099
24.7274 0.0088 0.0099
24.7472 0.0087 0.0098
24.7670 0.0087 0.0098
24.7868 0.0086 0.0097
24.8066 0.0086 0.0096
24.8264 0.0085 0.0095
24.8462 0.0085 0.0094
24.8660 0.0084 0.0094
24.8858 0.0084 0.0093
24.9056 0.0083 0.0092
24.9254 0.0083 0.0091
24.9452 0.0082 0.0090
24.9650 0.0082 0.0089
24.9848 0.0081 0.0088
25.0046 0.0081 0.0087
25.0244 0.0080 0.0087
25.0442 0.0080 0.0086
25.0639 0.0079 0.0085
25.0837 0.0079 0.0084
25.1035 0.0079 0.0083
25.1233 0.0078 0.0082
25.1431 0.0078 0.0082
25.1629 0.0077 0.0081
25.1827 0.0077 0.0080
25.2025 0.0077 0.0079
25.2223 0.0076 0.0078
25.2421 0.0076 0.0078
25.2619 0.0076 0.0077
25.2817 0.0075 0.0076
25.3015 0.0075 0.0076
25.3213 0.0075 0.0075
25.3411 0.0074 0.0074
25.3609 0.0074 0.0074
25.3807 0.0074 0.0073
25.4005 0.0074 0.0072
25.4203 0.0074 0.0072
25.4401 0.0073 0.0071
25.4599 0.0073 0.0071
25.4797 0.0073 0.0070
25.4995 0.0073 0.0070
25.5193 0.0073 0.0069
25.5391 0.0072 0.0069
25.5589 0.0072 0.0068
25.5787 0.0072 0.0068
25.5985 0.0072 0.0067
25.6183 0.0071 0.0067
25.6381 0.0071 0.0066
25.6579 0.0071 0.0066
25.6777 0.0070 0.0066
25.6975 0.0070 0.0065
25.7173 0.0069 0.0065
25.7371 0.0069 0.0064
25.7569 0.0068 0.0064
25.7767 0.0068 0.0064
25.7965 0.0067 0.0063
25.8163 0.0066 0.0063
25.8361 0.0066 0.0062
25.8559 0.0065 0.0062
25.8757 0.0064 0.0062
25.8955 0.0063 0.0061
25.9153 0.0063 0.0061
25.9350 0.0062 0.0061
25.9548 0.0061 0.0060
25.9746 0.0060 0.0060
25.9944 0.0060 0.0059
26.0142 0.0059 0.0059
26.0340 0.0058 0.0059
26.0538 0.0057 0.0058
26.0736 0.0057 0.0058
26.0934 0.0056 0.0058
26.1132 0.0055 0.0058
26.1330 0.0055 0.0057
26.1528 0.0054 0.0057
26.1726 0.0054 0.0057
26.1924 0.0053 0.0056
26.2122 0.0053 0.0056
26.2320 0.0052 0.0056
26.2518 0.0052 0.0055
26.2716 0.0052 0.0055
26.2914 0.0051 0.0055
26.3112 0.0051 0.0054
26.3310 0.0051 0.0054
26.3508 0.0050 0.0054
26.3706 0.0050 0.0053
26.3904 0.0050 0.0053
26.4102 0.0049 0.0052
26.4300 0.0049 0.0052
26.4498 0.0049 0.0051
26.4696 0.0048 0.0051
26.4894 0.0048 0.0051
26.5092 0.0048 0.0050
26.5290 0.0048 0.0050
26.5488 0.0047 0.0049
26.5686 0.0047 0.0049
26.5884 0.0047 0.0049
26.6082 0.0047 0.0048
26.6280 0.0047 0.0048
26.6478 0.0046 0.0048
26.6676 0.0046 0.0047
26.6874 0.0046 0.0047
26.7072 0.0046 0.0047
26.7270 0.0045 0.0046
26.7468 0.0045 0.0046
26.7666 0.0045 0.0046
26.7864 0.0045 0.0046
26.8061 0.0044 0.0045
26.8259 0.0044 0.0045
26.8457 0.0044 0.0045
26.8655 0.0044 0.0045
26.8853 0.0044 0.0044
26.9051 0.0043 0.0044
26.9249 0.0043 0.0044
26.9447 0.0043 0.0044
26.9645 0.0043 0.0044
26.9843 0.0043 0.0043
27.0041 0.0042 0.0043
27.0239 0.0042 0.0043
27.0437 0.0042 0.0043
27.0635 0.0042 0.0043
27.0833 0.0041 0.0042
27.1031 0.0041 0.0042
27.1229 0.0041 0.0042
27.1427 0.0040 0.0042
27.1625 0.0040 0.0042
27.1823 0.0040 0.0041
27.2021 0.0039 0.0041
27.2219 0.0039 0.0041
27.2417 0.0039 0.0041
27.2615 0.0038 0.0040
27.2813 0.0038 0.0040
27.3011 0.0038 0.0040
27.3209 0.0037 0.0040
27.3407 0.0037 0.0039
27.3605 0.0036 0.0039
27.3803 0.0036 0.0039
27.4001 0.0036 0.0038
27.4199 0.0035 0.0038
27.4397 0.0035 0.0038
27.4595 0.0035 0.0037
27.4793 0.0034 0.0037
27.4991 0.0034 0.0037
27.5189 0.0034 0.0036
27.5387 0.0033 0.0036
27.5585 0.0033 0.0035
27.5783 0.0033 0.0035
27.5981 0.0032 0.0035
27.6179 0.0032 0.0034
27.6377 0.0032 0.0034
27.6575 0.0031 0.0033
27.6773 0.0031 0.0033
27.6970 0.0031 0.0032
27.7168 0.0030 0.0032
27.7366 0.0030 0.0032
27.7564 0.0030 0.0031
27.7762 0.0029 0.0031
27.7960 0.0029 0.0030
27.8158 0.0029 0.0030
27.8356 0.0028 0.0030
27.8554 0.0028 0.0029
27.8752 0.0028 0.0029
27.8950 0.0027 0.0028
27.9148 0.0027 0.0028
27.9346 0.0026 0.0028
27.9544 0.0026 0.0027
27.9742 0.0026 0.0027
27.9940 0.0025 0.0026
28.0138 0.0025 0.0026
28.0336 0.0025 0.0026
28.0534 0.0024 0.0025
28.0732 0.0024 0.0025
28.0930 0.0024 0.0025
28.1128 0.0023 0.0024
28.1326 0.0023 0.0024
28.1524 0.0023 0.0024
28.1722 0.0022 0.0023
28.1920 0.0022 0.0023
28.2118 0.0022 0.0023
28.2316 0.0021 0.0023
28.2514 0.0021 0.0022
28.2712 0.0021 0.0022
28.2910 0.0020 0.0022
28.3108 0.0020 0.0022
28.3306 0.0020 0.0021
28.3504 0.0019 0.0021
28.3702 0.0019 0.0021
28.3900 0.0019 0.0021
28.4098 0.0019 0.0020
28.4296 0.0018 0.0020
28.4494 0.0018 0.0020
28.4692 0.0018 0.0020
28.4890 0.0018 0.0020
28.5088 0.0017 0.0020
28.5286 0.0017 0.0019
28.5484 0.0017 0.0019
28.5681 0.0017 0.0019
28.5879 0.0016 0.0019
28.6077 0.0016 0.0019
28.6275 0.0016 0.0019
28.6473 0.0016 0.0018
28.6671 0.0016 0.0018
28.6869 0.0016 0.0018
28.7067 0.0015 0.0018
28.7265 0.0015 0.0018
28.7463 0.0015 0.0018
28.7661 0.0015 0.0017
28.7859 0.0015 0.0017
28.8057 0.0015 0.0017
28.8255 0.0015 0.0017
28.8453 0.0015 0.0017
28.8651 0.0014 0.0017
28.8849 0.0014 0.0016
28.9047 0.0014 0.0016
28.9245 0.0014 0.0016
28.9443 0.0014 0.0016
28.9641 0.0014 0.0015
28.9839 0.0014 0.0015
29.0037 0.0013 0.0015
29.0235 0.0013 0.0015
29.0433 0.0013 0.0014
29.0631 0.0013 0.0014
29.0829 0.0013 0.0014
29.1027 0.0013 0.0014
29.1225 0.0013 0.0013
29.1423 0.0012 0.0013
29.1621 0.0012 0.0013
29.1819 0.0012 0.0013
29.2017 0.0012 0.0012
29.2215 0.0012 0.0012
29.2413 0.0012 0.0012
29.2611 0.0011 0.0012
29.2809 0.0011 0.0012
29.3007 0.0011 0.0012
29.3205 0.0011 0.0011
29.3403 0.0011 0.0011
29.3601 0.0011 0.0011
29.3799 0.0010 0.0011
29.3997 0.0010 0.0011
29.4195 0.0010 0.0011
29.4393 0.0010 0.0010
29.4590 0.0010 0.0010
29.4788 0.0010 0.0010
29.4986 0.0010 0.0010
29.5184 0.0010 0.0010
29.5382 0.0009 0.0010
29.5580 0.0009 0.0010
29.5778 0.0009 0.0009
29.5976 0.0009 0.0009
29.6174 0.0009 0.0009
29.6372 0.0009 0.0009
29.6570 0.0009 0.0009
29.6768 0.0009 0.0009
29.6966 0.0008 0.0009
29.7164 0.0008 0.0008
29.7362 0.0008 0.0008
29.7560 0.0008 0.0008
29.7758 0.0008 0.0008
29.7956 0.0008 0.0008
29.8154 0.0008 0.0008
29.8352 0.0008 0.0008
29.8550 0.0008 0.0008
29.8748 0.0007 0.0007
29.8946 0.0007 0.0007
29.9144 0.0007 0.0007
29.9342 0.0007 0.0007
29.9540 0.0007 0.0007
29.9738 0.0007 0.0007
29.9936 0.0007 0.0007
30.0134 0.0007 0.0007
30.0332 0.0007 0.0007
30.0530 0.0007 0.0007
30.0728 0.0006 0.0007
30.0926 0.0006 0.0006
30.1124 0.0006 0.0006
30.1322 0.0006 0.0006
30.1520 0.0006 0.0006
30.1718 0.0006 0.0006
30.1916 0.0006 0.0006
30.2114 0.0006 0.0006
30.2312 0.0006 0.0006
30.2510 0.0006 0.0006
30.2708 0.0006 0.0006
30.2906 0.0006 0.0006
30.3104 0.0006 0.0006
30.3301 0.0006 0.0006
30.3499 0.0005 0.0005
30.3697 0.0005 0.0005
30.3895 0.0005 0.0005
30.4093 0.0005 0.0005
30.4291 0.0005 0.0005
30.4489 0.0005 0.0005
30.4687 0.0005 0.0005
30.4885 0.0005 0.0005
30.5083 0.0005 0.0005
30.5281 0.0005 0.0005
30.5479 0.0005 0.0005
30.5677 0.0005 0.0005
30.5875 0.0005 0.0005
30.6073 0.0005 0.0005
30.6271 0.0005 0.0005
30.6469 0.0005 0.0005
30.6667 0.0004 0.0004
30.6865 0.0004 0.0004
30.7063 0.0004 0.0004
30.7261 0.0004 0.0004
30.7459 0.0004 0.0004
30.7657 0.0004 0.0004
30.7855 0.0004 0.0004
30.8053 0.0004 0.0004
30.8251 0.0004 0.0004
30.8449 0.0004 0.0004
30.8647 0.0004 0.0004
30.8845 0.0004 0.0004
30.9043 0.0004 0.0004
30.9241 0.0004 0.0004
30.9439 0.0004 0.0004
30.9637 0.0004 0.0004
30.9835 0.0004 0.0004
31.0033 0.0004 0.0004
31.0231 0.0004 0.0004
31.0429 0.0004 0.0004
31.0627 0.0003 0.0003
31.0825 0.0003 0.0003
31.1023 0.0003 0.0003
31.1221 0.0003 0.0003
31.1419 0.0003 0.0003
31.1617 0.0003 0.0003
31.1815 0.0003 0.0003
31.2012 0.0003 0.0003
31.2210 0.0003 0.0003
31.2408 0.0003 0.0003
31.2606 0.0003 0.0003
31.2804 0.0003 0.0003
31.3002 0.0003 0.0003
31.3200 0.0003 0.0003
31.3398 0.0003 0.0003
31.3596 0.0003 0.0003
31.3794 0.0003 0.0003
31.3992 0.0003 0.0003
31.4190 0.0003 0.0002
31.4388 0.0003 0.0002
31.4586 0.0003 0.0002
31.4784 0.0002 0.0002
31.4982 0.0002 0.0002
31.5180 0.0002 0.0002
31.5378 0.0002 0.0002
31.5576 0.0002 0.0002
31.5774 0.0002 0.0002
31.5972 0.0002 0.0002
31.6170 0.0002 0.0002
31.6368 0.0002 0.0002
31.6566 0.0002 0.0002
31.6764 0.0002 0.0002
31.6962 0.0002 0.0002
31.7160 0.0002 0.0002
31.7358 0.0002 0.0002
31.7556 0.0002 0.0002
31.7754 0.0002 0.0002
31.7952 0.0002 0.0002
31.8150 0.0002 0.0002
31.8348 0.0002 0.0002
31.8546 0.0002 0.0002
31.8744 0.0002 0.0002
31.8942 0.0002 0.0002
31.9140 0.0002 0.0002
31.9338 0.0002 0.0002
31.9536 0.0002 0.0002
31.9734 0.0002 0.0001
31.9932 0.0002 0.0001
32.0130 0.0002 0.0001
32.0328 0.0002 0.0001
32.0526 0.0002 0.0001
32.0724 0.0002 0.0001
32.0921 0.0002 0.0001
32.1119 0.0002 0.0001
32.1317 0.0001 0.0001
32.1515 0.0001 0.0001
32.1713 0.0001 0.0001
32.1911 0.0001 0.0001
32.2109 0.0001 0.0001
32.2307 0.0001 0.0001
32.2505 0.0001 0.0001
32.2703 0.0001 0.0001
32.2901 0.0001 0.0001
32.3099 0.0001 0.0001
32.3297 0.0001 0.0001
32.3495 0.0001 0.0001
32.3693 0.0001 0.0001
32.3891 0.0001 0.0001
32.4089 0.0001 0.0001
32.4287 0.0001 0.0001
32.4485 0.0001 0.0001
32.4683 0.0001 0.0001
32.4881 0.0001 0.0001
32.5079 0.0001 0.0001
32.5277 0.0001 0.0001
32.5475 0.0001 0.0001
32.5673 0.0001 0.0001
32.5871 0.0001 0.0001
32.6069 0.0001 0.0001
32.6267 0.0001 0.0001
32.6465 0.0001 0.0001
32.6663 0.0001 0.0001
32.6861 0.0001 0.0001
32.7059 0.0001 0.0001
32.7257 0.0001 0.0001
32.7455 0.0001 0.0001
32.7653 0.0001 0.0001
32.7851 0.0001 0.0001
32.8049 0.0001 0.0001
32.8247 0.0001 0.0001
32.8445 0.0001 0.0001
32.8643 0.0001 0.0001
32.8841 0.0001 0.0001
32.9039 0.0001 0.0001
32.9237 0.0001 0.0001
32.9435 0.0001 0.0001
32.9632 0.0001 0.0001
32.9830 0.0001 0.0001
33.0028 0.0001 0.0001
33.0226 0.0001 0.0001
33.0424 0.0001 0.0001
33.0622 0.0001 0.0001
33.0820 0.0001 0.0001
33.1018 0.0001 0.0001
33.1216 0.0001 0.0001
33.1414 0.0001 0.0001
33.1612 0.0001 0.0001
33.1810 0.0001 0.0001
33.2008 0.0001 0.0001
33.2206 0.0001 0.0001
33.2404 0.0001 0.0001
33.2602 0.0001 0.0001
33.2800 0.0001 0.0001
33.2998 0.0001 0.0001
33.3196 0.0001 0.0001
33.3394 0.0001 0.0001
33.3592 0.0001 0.0001
33.3790 0.0001 0.0001
33.3988 0.0001 0.0001
33.4186 0.0001 0.0001
33.4384 0.0001 0.0001
33.4582 0.0001 0.0001
33.4780 0.0001 0.0001
33.4978 0.0001 0.0001
33.5176 0.0001 0.0001
33.5374 0.0001 0.0001
33.5572 0.0001 0.0001
33.5770 0.0001 0.0001
33.5968 0.0001 0.0001
33.6166 0.0001 0.0001
33.6364 0.0001 0.0001
33.6562 0.0001 0.0001
33.6760 0.0001 0.0001
33.6958 0.0001 0.0001
33.7156 0.0001 0.0001
33.7354 0.0001 0.0001
33.7552 0.0001 0.0001
33.7750 0.0001 0.0001
33.7948 0.0001 0.0001
33.8146 0.0001 0.0001
33.8344 0.0001 0.0001
33.8541 0.0001 0.0001
33.8739 0.0001 0.0001
33.8937 0.0001 0.0001
33.9135 0.0001 0.0001
33.9333 0.0001 0.0001
33.9531 0.0001 0.0001
33.9729 0.0001 0.0001
33.9927 0.0001 0.0001
34.0125 0.0001 0.0001
34.0323 0.0001 0.0001
34.0521 0.0001 0.0001
34.0719 0.0001 0.0001
34.0917 0.0001 0.0001
34.1115 0.0001 0.0001
34.1313 0.0001 0.0001
34.1511 0.0001 0.0001
34.1709 0.0001 0.0001
34.1907 0.0001 0.0001
34.2105 0.0001 0.0001
34.2303 0.0001 0.0001
34.2501 0.0001 0.0001
34.2699 0.0001 0.0001
34.2897 0.0001 0.0001
34.3095 0.0001 0.0001
34.3293 0.0001 0.0001
34.3491 0.0001 0.0001
34.3689 0.0001 0.0001
34.3887 0.0001 0.0001
34.4085 0.0001 0.0001
34.4283 0.0001 0.0001
34.4481 0.0001 0.0001
34.4679 0.0001 0.0001
34.4877 0.0001 0.0001
34.5075 0.0001 0.0001
34.5273 0.0001 0.0001
34.5471 0.0001 0.0001
34.5669 0.0001 0.0001
34.5867 0.0001 0.0001
34.6065 0.0001 0.0001
34.6263 0.0001 0.0001
34.6461 0.0001 0.0001
34.6659 0.0001 0.0001
34.6857 0.0001 0.0001
34.7055 0.0001 0.0001
34.7252 0.0001 0.0001
34.7450 0.0001 0.0001
34.7648 0.0001 0.0001
34.7846 0.0001 0.0001
34.8044 0.0001 0.0001
34.8242 0.0001 0.0001
34.8440 0.0001 0.0001
34.8638 0.0001 0.0001
34.8836 0.0001 0.0001
34.9034 0.0001 0.0001
34.9232 0.0001 0.0001
34.9430 0.0001 0.0001
34.9628 0.0001 0.0001
34.9826 0.0001 0.0001
35.0024 0.0001 0.0001
35.0222 0.0001 0.0001
35.0420 0.0001 0.0001
35.0618 0.0001 0.0001
35.0816 0.0001 0.0001
35.1014 0.0001 0.0001
35.1212 0.0001 0.0001
35.1410 0.0001 0.0001
35.1608 0.0001 0.0001
35.1806 0.0001 0.0001
35.2004 0.0001 0.0001
35.2202 0.0001 0.0001
35.2400 0.0001 0.0000
35.2598 0.0001 0.0000
35.2796 0.0001 0.0000
35.2994 0.0001 0.0000
35.3192 0.0001 0.0000
35.3390 0.0001 0.0000
35.3588 0.0001 0.0000
35.3786 0.0001 0.0000
35.3984 0.0001 0.0000
35.4182 0.0001 0.0000
35.4380 0.0001 0.0000
35.4578 0.0001 0.0000
35.4776 0.0001 0.0000
35.4974 0.0001 0.0000
35.5172 0.0001 0.0000
35.5370 0.0001 0.0000
35.5568 0.0001 0.0000
35.5766 0.0001 0.0000
35.5963 0.0001 0.0000
35.6161 0.0001 0.0000
35.6359 0.0001 0.0000
35.6557 0.0001 0.0000
35.6755 0.0001 0.0000
35.6953 0.0001 0.0000
35.7151 0.0001 0.0000
35.7349 0.0001 0.0000
35.7547 0.0001 0.0000
35.7745 0.0001 0.0000
35.7943 0.0001 0.0000
35.8141 0.0001 0.0000
35.8339 0.0001 0.0000
35.8537 0.0001 0.0000
35.8735 0.0000 0.0000
35.8933 0.0000 0.0000
35.9131 0.0000 0.0000
35.9329 0.0000 0.0000
35.9527 0.0000 0.0000
35.9725 0.0000 0.0000
35.9923 0.0000 0.0000
36.0121 0.0000 0.0000
36.0319 0.0000 0.0000
36.0517 0.0000 0.0000
36.0715 0.0000 0.0000
36.0913 0.0000 0.0000
36.1111 0.0000 0.0000
36.1309 0.0000 0.0000
36.1507 0.0000 0.0000
36.1705 0.0000 0.0000
36.1903 0.0000 0.0000
36.2101 0.0000 0.0000
36.2299 0.0000 0.0000
36.2497 0.0000 0.0000
36.2695 0.0000 0.0000
36.2893 0.0000 0.0000
36.3091 0.0000 0.0000
36.3289 0.0000 0.0000
36.3487 0.0000 0.0000
36.3685 0.0000 0.0000
36.3883 0.0000 0.0000
36.4081 0.0000 0.0000
36.4279 0.0000 0.0000
36.4477 0.0000 0.0000
36.4675 0.0000 0.0000
36.4872 0.0000 0.0000
36.5070 0.0000 0.0000
36.5268 0.0000 0.0000
36.5466 0.0000 0.0000
36.5664 0.0000 0.0000
36.5862 0.0000 0.0000
36.6060 0.0000 0.0000
36.6258 0.0000 0.0000
36.6456 0.0000 0.0000
36.6654 0.0000 0.0000
36.6852 0.0000 0.0000
36.7050 0.0000 0.0000
36.7248 0.0000 0.0000
36.7446 0.0000 0.0000
36.7644 0.0000 0.0000
36.7842 0.0000 0.0000
36.8040 0.0000 0.0000
36.8238 0.0000 0.0000
36.8436 0.0000 0.0000
36.8634 0.0000 0.0000
36.8832 0.0000 0.0000
36.9030 0.0000 0.0000
36.9228 0.0000 0.0000
36.9426 0.0000 0.0000
36.9624 0.0000 0.0000
36.9822 0.0000 0.0000
37.0020 0.0000 0.0000
37.0218 0.0000 0.0000
37.0416 0.0000 0.0000
37.0614 0.0000 0.0000
37.0812 0.0000 0.0000
37.1010 0.0000 0.0000
37.1208 0.0000 0.0000
37.1406 0.0000 0.0000
37.1604 0.0000 0.0000
37.1802 0.0000 0.0000
37.2000 0.0000 0.0000
37.2198 0.0000 0.0000
37.2396 0.0000 0.0000
37.2594 0.0000 0.0000
37.2792 0.0000 0.0000
37.2990 0.0000 0.0000
37.3188 0.0000 0.0000
37.3386 0.0000 0.0000
37.3583 0.0000 0.0000
37.3781 0.0000 0.0000
37.3979 0.0000 0.0000
37.4177 0.0000 0.0000
37.4375 0.0000 0.0000
37.4573 0.0000 0.0000
37.4771 0.0000 0.0000
37.4969 0.0000 0.0000
37.5167 0.0000 0.0000
37.5365 0.0000 0.0000
37.5563 0.0000 0.0000
37.5761 0.0000 0.0000
37.5959 0.0000 0.0000
37.6157 0.0000 0.0000
37.6355 0.0000 0.0000
37.6553 0.0000 0.0000
37.6751 0.0000 0.0000
37.6949 0.0000 0.0000
37.7147 0.0000 0.0000
37.7345 0.0000 0.0000
37.7543 0.0000 0.0000
37.7741 0.0000 0.0000
37.7939 0.0000 0.0000
37.8137 0.0000 0.0000
37.8335 0.0000 0.0000
37.8533 0.0000 0.0000
37.8731 0.0000 0.0000
37.8929 0.0000 0.0000
37.9127 0.0000 0.0000
37.9325 0.0000 0.0000
37.9523 0.0000 0.0000
37.9721 0.0000 0.0000
37.9919 0.0000 0.0000
38.0117 0.0000 0.0000
38.0315 0.0000 0.0000
38.0513 0.0000 0.0000
38.0711 0.0000 0.0000
38.0909 0.0000 0.0000
38.1107 0.0000 0.0000
38.1305 0.0000 0.0000
38.1503 0.0000 0.0000
38.1701 0.0000 0.0000
38.1899 0.0000 0.0000
38.2097 0.0000 0.0000
38.2295 0.0000 0.0000
38.2492 0.0000 0.0000
38.2690 0.0000 0.0000
38.2888 0.0000 0.0000
38.3086 0.0000 0.0000
38.3284 0.0000 0.0000
38.3482 0.0000 0.0000
38.3680 0.0000 0.0000
38.3878 0.0000 0.0000
38.4076 0.0000 0.0000
38.4274 0.0000 0.0000
38.4472 0.0000 0.0000
38.4670 0.0000 0.0000
38.4868 0.0000 0.0000
38.5066 0.0000 0.0000
38.5264 0.0000 0.0000
38.5462 0.0000 0.0000
38.5660 0.0000 0.0000
38.5858 0.0000 0.0000
38.6056 0.0000 0.0000
38.6254 0.0000 0.0000
38.6452 0.0000 0.0000
38.6650 0.0000 0.0000
38.6848 0.0000 0.0000
38.7046 0.0000 0.0000
38.7244 0.0000 0.0000
38.7442 0.0000 0.0000
38.7640 0.0000 0.0000
38.7838 0.0000 0.0000
38.8036 0.0000 0.0000
38.8234 0.0000 0.0000
38.8432 0.0000 0.0000
38.8630 0.0000 0.0000
38.8828 0.0000 0.0000
38.9026 0.0000 0.0000
38.9224 0.0000 0.0000
38.9422 0.0000 0.0000
38.9620 0.0000 0.0000
38.9818 0.0000 0.0000
39.0016 0.0000 0.0000
39.0214 0.0000 0.0000
39.0412 0.0000 0.0000
39.0610 0.0000 0.0000
39.0808 0.0000 0.0000
39.1006 0.0000 0.0000
39.1203 0.0000 0.0000
39.1401 0.0000 0.0000
39.1599 0.0000 0.0000
39.1797 0.0000 0.0000
39.1995 0.0000 0.0000
39.2193 0.0000 0.0000
39.2391 0.0000 0.0000
39.2589 0.0000 0.0000
39.2787 0.0000 0.0000
39.2985 0.0000 0.0000
39.3183 0.0000 0.0000
39.3381 0.0000 0.0000
39.3579 0.0000 0.0000
39.3777 0.0000 0.0000
39.3975 0.0000 0.0000
39.4173 0.0000 0.0000
39.4371 0.0000 0.0000
39.4569 0.0000 0.0000
39.4767 0.0000 0.0000
39.4965 0.0000 0.0000
39.5163 0.0000 0.0000
39.5361 0.0000 0.0000
39.5559 0.0000 0.0000
39.5757 0.0000 0.0000
