0.0000 0.0000 0.0000
0.0172 1.5650 1.5791
0.0344 3.0971 3.1279
0.0516 4.5650 4.6174
0.0687 5.9401 6.0211
0.0859 7.1978 7.3157
0.1031 8.3185 8.4824
0.1203 9.2882 9.5068
0.1375 10.0985 10.3800
0.1547 10.7471 11.0979
0.1719 11.2367 11.6613
0.1890 11.5750 12.0752
0.2062 11.7736 12.3485
0.2234 11.8471 12.4931
0.2406 11.8121 12.5228
0.2578 11.6861 12.4530
0.2750 11.4869 12.2996
0.2922 11.2317 12.0782
0.3093 10.9363 11.8040
0.3265 10.6148 11.4909
0.3437 10.2793 11.1512
0.3609 9.9399 10.7958
0.3781 9.6042 10.4337
0.3953 9.2780 10.0720
0.4125 8.9654 9.7162
0.4296 8.6685 9.3704
0.4468 8.3883 9.0372
0.4640 8.1249 8.7181
0.4812 7.8774 8.4135
0.4984 7.6445 8.1234
0.5156 7.4245 7.8471
0.5328 7.2157 7.5834
0.5499 7.0163 7.3312
0.5671 6.8249 7.0893
0.5843 6.6400 6.8562
0.6015 6.4604 6.6311
0.6187 6.2853 6.4127
0.6359 6.1141 6.2005
0.6531 5.9465 5.9937
0.6702 5.7822 5.7921
0.6874 5.6214 5.5954
0.7046 5.4643 5.4036
0.7218 5.3109 5.2167
0.7390 5.1618 5.0350
0.7562 5.0172 4.8587
0.7734 4.8775 4.6881
0.7905 4.7428 4.5234
0.8077 4.6134 4.3649
0.8249 4.4895 4.2129
0.8421 4.3710 4.0675
0.8593 4.2581 3.9288
0.8765 4.1506 3.7968
0.8937 4.0483 3.6715
0.9108 3.9512 3.5527
0.9280 3.8590 3.4404
0.9452 3.7715 3.3344
0.9624 3.6883 3.2343
0.9796 3.6093 3.1399
0.9968 3.5342 3.0511
1.0140 3.4625 2.9675
1.0311 3.3941 2.8889
1.0483 3.3287 2.8153
1.0655 3.2658 2.7463
1.0827 3.2054 2.6820
1.0999 3.1470 2.6224
1.1171 3.0904 2.5673
1.1343 3.0356 2.5167
1.1514 2.9823 2.4708
1.1686 2.9304 2.4295
1.1858 2.8799 2.3927
1.2030 2.8308 2.3605
1.2202 2.7832 2.3328
1.2374 2.7371 2.3094
1.2546 2.6928 2.2902
1.2717 2.6503 2.2748
1.2889 2.6097 2.2630
1.3061 2.5712 2.2543
1.3233 2.5349 2.2484
1.3405 2.5009 2.2447
1.3577 2.4691 2.2427
1.3749 2.4395 2.2419
1.3920 2.4121 2.2417
1.4092 2.3866 2.2418
1.4264 2.3630 2.2416
1.4436 2.3411 2.2407
1.4608 2.3205 2.2388
1.4780 2.3010 2.2357
1.4952 2.2826 2.2311
1.5123 2.2648 2.2249
1.5295 2.2476 2.2171
1.5467 2.2307 2.2078
1.5639 2.2141 2.1970
1.5811 2.1977 2.1849
1.5983 2.1815 2.1717
1.6155 2.1655 2.1575
1.6326 2.1498 2.1427
1.6498 2.1344 2.1274
1.6670 2.1195 2.1118
1.6842 2.1052 2.0963
1.7014 2.0916 2.0810
1.7186 2.0789 2.0661
1.7358 2.0673 2.0517
1.7529 2.0568 2.0379
1.7701 2.0475 2.0248
1.7873 2.0395 2.0124
1.8045 2.0327 2.0008
1.8217 2.0273 1.9898
1.8389 2.0231 1.9793
1.8561 2.0199 1.9693
1.8732 2.0178 1.9596
1.8904 2.0165 1.9500
1.9076 2.0159 1.9404
1.9248 2.0157 1.9305
1.9420 2.0157 1.9203
1.9592 2.0158 1.9096
1.9764 2.0157 1.8982
1.9935 2.0152 1.8862
2.0107 2.0142 1.8735
2.0279 2.0126 1.8600
2.0451 2.0101 1.8458
2.0623 2.0068 1.8311
2.0795 2.0024 1.8158
2.0967 1.9971 1.8002
2.1138 1.9908 1.7844
2.1310 1.9835 1.7686
2.1482 1.9751 1.7529
2.1654 1.9656 1.7374
2.1826 1.9551 1.7224
2.1998 1.9434 1.7078
2.2170 1.9306 1.6938
2.2341 1.9166 1.6804
2.2513 1.9013 1.6676
2.2685 1.8845 1.6554
2.2857 1.8662 1.6438
2.3029 1.8464 1.6327
2.3201 1.8248 1.6221
2.3373 1.8015 1.6119
2.3545 1.7764 1.6020
2.3716 1.7495 1.5925
2.3888 1.7210 1.5833
2.4060 1.6910 1.5744
2.4232 1.6595 1.5658
2.4404 1.6270 1.5575
2.4576 1.5936 1.5497
2.4748 1.5597 1.5422
2.4919 1.5257 1.5352
2.5091 1.4918 1.5287
2.5263 1.4585 1.5228
2.5435 1.4261 1.5173
2.5607 1.3949 1.5124
2.5779 1.3652 1.5079
2.5951 1.3372 1.5039
2.6122 1.3112 1.5002
2.6294 1.2872 1.4968
2.6466 1.2653 1.4935
2.6638 1.2456 1.4903
2.6810 1.2279 1.4870
2.6982 1.2123 1.4835
2.7154 1.1986 1.4797
2.7325 1.1867 1.4755
2.7497 1.1765 1.4710
2.7669 1.1677 1.4659
2.7841 1.1602 1.4604
2.8013 1.1539 1.4543
2.8185 1.1487 1.4476
2.8357 1.1442 1.4405
2.8528 1.1405 1.4328
2.8700 1.1374 1.4246
2.8872 1.1347 1.4160
2.9044 1.1323 1.4068
2.9216 1.1302 1.3973
2.9388 1.1281 1.3874
2.9560 1.1260 1.3770
2.9731 1.1238 1.3664
2.9903 1.1212 1.3554
3.0075 1.1183 1.3443
3.0247 1.1150 1.3329
3.0419 1.1110 1.3213
3.0591 1.1064 1.3097
3.0763 1.1011 1.2981
3.0934 1.0951 1.2865
3.1106 1.0884 1.2751
3.1278 1.0810 1.2637
3.1450 1.0729 1.2526
3.1622 1.0642 1.2416
3.1794 1.0550 1.2308
3.1966 1.0454 1.2202
3.2137 1.0354 1.2098
3.2309 1.0252 1.1995
3.2481 1.0148 1.1893
3.2653 1.0044 1.1792
3.2825 0.9941 1.1692
3.2997 0.9839 1.1592
3.3169 0.9740 1.1493
3.3340 0.9643 1.1393
3.3512 0.9551 1.1295
3.3684 0.9462 1.1197
3.3856 0.9379 1.1101
3.4028 0.9300 1.1007
3.4200 0.9227 1.0915
3.4372 0.9159 1.0827
3.4543 0.9097 1.0741
3.4715 0.9039 1.0660
3.4887 0.8985 1.0582
3.5059 0.8936 1.0509
3.5231 0.8890 1.0440
3.5403 0.8847 1.0374
3.5575 0.8805 1.0313
3.5746 0.8764 1.0255
3.5918 0.8723 1.0199
3.6090 0.8681 1.0146
3.6262 0.8638 1.0095
3.6434 0.8592 1.0045
3.6606 0.8543 0.9996
3.6778 0.8492 0.9948
3.6949 0.8437 0.9901
3.7121 0.8380 0.9855
3.7293 0.8320 0.9808
3.7465 0.8258 0.9762
3.7637 0.8194 0.9717
3.7809 0.8130 0.9672
3.7981 0.8065 0.9626
3.8152 0.8002 0.9581
3.8324 0.7941 0.9535
3.8496 0.7883 0.9489
3.8668 0.7828 0.9441
3.8840 0.7778 0.9392
3.9012 0.7733 0.9340
3.9184 0.7694 0.9285
3.9355 0.7660 0.9226
3.9527 0.7631 0.9163
3.9699 0.7609 0.9095
3.9871 0.7592 0.9022
4.0043 0.7581 0.8944
4.0215 0.7574 0.8862
4.0387 0.7573 0.8774
4.0558 0.7575 0.8682
4.0730 0.7581 0.8587
4.0902 0.7590 0.8489
4.1074 0.7602 0.8390
4.1246 0.7615 0.8291
4.1418 0.7630 0.8192
4.1590 0.7646 0.8095
4.1761 0.7662 0.8002
4.1933 0.7678 0.7912
4.2105 0.7692 0.7827
4.2277 0.7704 0.7748
4.2449 0.7713 0.7674
4.2621 0.7719 0.7607
4.2793 0.7720 0.7545
4.2964 0.7715 0.7489
4.3136 0.7706 0.7438
4.3308 0.7689 0.7392
4.3480 0.7666 0.7350
4.3652 0.7636 0.7312
4.3824 0.7599 0.7277
4.3996 0.7556 0.7245
4.4167 0.7506 0.7216
4.4339 0.7450 0.7189
4.4511 0.7389 0.7165
4.4683 0.7324 0.7144
4.4855 0.7256 0.7125
4.5027 0.7186 0.7109
4.5199 0.7114 0.7096
4.5370 0.7041 0.7086
4.5542 0.6968 0.7080
4.5714 0.6896 0.7078
4.5886 0.6825 0.7079
4.6058 0.6755 0.7083
4.6230 0.6685 0.7091
4.6402 0.6617 0.7101
4.6573 0.6549 0.7114
4.6745 0.6482 0.7128
4.6917 0.6415 0.7143
4.7089 0.6347 0.7159
4.7261 0.6278 0.7174
4.7433 0.6209 0.7189
4.7605 0.6139 0.7201
4.7776 0.6068 0.7212
4.7948 0.5997 0.7220
4.8120 0.5926 0.7224
4.8292 0.5856 0.7226
4.8464 0.5787 0.7224
4.8636 0.5720 0.7217
4.8808 0.5655 0.7207
4.8979 0.5593 0.7193
4.9151 0.5536 0.7175
4.9323 0.5482 0.7152
4.9495 0.5432 0.7125
4.9667 0.5387 0.7094
4.9839 0.5346 0.7059
5.0011 0.5309 0.7019
5.0182 0.5275 0.6975
5.0354 0.5244 0.6925
5.0526 0.5216 0.6872
5.0698 0.5190 0.6813
5.0870 0.5164 0.6749
5.1042 0.5139 0.6680
5.1214 0.5114 0.6607
5.1385 0.5089 0.6529
5.1557 0.5062 0.6446
5.1729 0.5034 0.6360
5.1901 0.5006 0.6270
5.2073 0.4975 0.6177
5.2245 0.4944 0.6083
5.2417 0.4912 0.5988
5.2588 0.4879 0.5892
5.2760 0.4846 0.5798
5.2932 0.4813 0.5705
5.3104 0.4781 0.5616
5.3276 0.4750 0.5530
5.3448 0.4721 0.5449
5.3620 0.4693 0.5373
5.3791 0.4667 0.5303
5.3963 0.4643 0.5238
5.4135 0.4622 0.5181
5.4307 0.4603 0.5129
5.4479 0.4586 0.5084
5.4651 0.4571 0.5045
5.4823 0.4558 0.5011
5.4994 0.4547 0.4983
5.5166 0.4537 0.4960
5.5338 0.4528 0.4940
5.5510 0.4520 0.4924
5.5682 0.4512 0.4912
5.5854 0.4505 0.4901
5.6026 0.4498 0.4893
5.6197 0.4491 0.4886
5.6369 0.4484 0.4880
5.6541 0.4477 0.4875
5.6713 0.4470 0.4870
5.6885 0.4464 0.4866
5.7057 0.4457 0.4860
5.7229 0.4451 0.4855
5.7400 0.4446 0.4848
5.7572 0.4441 0.4841
5.7744 0.4436 0.4833
5.7916 0.4431 0.4823
5.8088 0.4426 0.4812
5.8260 0.4421 0.4800
5.8432 0.4417 0.4786
5.8603 0.4412 0.4771
5.8775 0.4406 0.4754
5.8947 0.4399 0.4735
5.9119 0.4392 0.4715
5.9291 0.4384 0.4693
5.9463 0.4374 0.4671
5.9635 0.4363 0.4647
5.9806 0.4352 0.4622
5.9978 0.4339 0.4596
6.0150 0.4325 0.4570
6.0322 0.4310 0.4543
6.0494 0.4294 0.4516
6.0666 0.4277 0.4488
6.0838 0.4261 0.4461
6.1009 0.4244 0.4435
6.1181 0.4226 0.4408
6.1353 0.4209 0.4382
6.1525 0.4192 0.4357
6.1697 0.4175 0.4333
6.1869 0.4159 0.4310
6.2041 0.4142 0.4287
6.2212 0.4126 0.4266
6.2384 0.4110 0.4246
6.2556 0.4094 0.4227
6.2728 0.4077 0.4209
6.2900 0.4061 0.4192
6.3072 0.4044 0.4176
6.3244 0.4027 0.4162
6.3415 0.4008 0.4148
6.3587 0.3990 0.4136
6.3759 0.3970 0.4124
6.3931 0.3949 0.4113
6.4103 0.3928 0.4103
6.4275 0.3905 0.4093
6.4447 0.3882 0.4084
6.4618 0.3858 0.4075
6.4790 0.3835 0.4066
6.4962 0.3811 0.4058
6.5134 0.3787 0.4049
6.5306 0.3764 0.4040
6.5478 0.3741 0.4030
6.5650 0.3720 0.4021
6.5821 0.3700 0.4011
6.5993 0.3681 0.4001
6.6165 0.3664 0.3990
6.6337 0.3649 0.3980
6.6509 0.3635 0.3969
6.6681 0.3623 0.3958
6.6853 0.3613 0.3946
6.7024 0.3603 0.3935
6.7196 0.3595 0.3923
6.7368 0.3588 0.3912
6.7540 0.3582 0.3900
6.7712 0.3576 0.3888
6.7884 0.3571 0.3876
6.8056 0.3565 0.3864
6.8227 0.3560 0.3852
6.8399 0.3554 0.3839
6.8571 0.3549 0.3826
6.8743 0.3543 0.3812
6.8915 0.3536 0.3797
6.9087 0.3530 0.3783
6.9259 0.3523 0.3767
6.9431 0.3517 0.3752
6.9602 0.3510 0.3736
6.9774 0.3503 0.3719
6.9946 0.3497 0.3703
7.0118 0.3490 0.3687
7.0290 0.3484 0.3671
7.0462 0.3478 0.3656
7.0634 0.3471 0.3641
7.0805 0.3465 0.3627
7.0977 0.3459 0.3613
7.1149 0.3453 0.3600
7.1321 0.3447 0.3589
7.1493 0.3440 0.3578
7.1665 0.3433 0.3568
7.1837 0.3425 0.3559
7.2008 0.3417 0.3551
7.2180 0.3409 0.3544
7.2352 0.3400 0.3538
7.2524 0.3390 0.3532
7.2696 0.3380 0.3528
7.2868 0.3370 0.3524
7.3040 0.3360 0.3521
7.3211 0.3349 0.3519
7.3383 0.3340 0.3517
7.3555 0.3330 0.3516
7.3727 0.3321 0.3516
7.3899 0.3313 0.3516
7.4071 0.3306 0.3517
7.4243 0.3300 0.3517
7.4414 0.3296 0.3518
7.4586 0.3293 0.3519
7.4758 0.3291 0.3520
7.4930 0.3291 0.3521
7.5102 0.3292 0.3521
7.5274 0.3294 0.3521
7.5446 0.3298 0.3521
7.5617 0.3302 0.3521
7.5789 0.3308 0.3520
7.5961 0.3314 0.3518
7.6133 0.3321 0.3517
7.6305 0.3329 0.3515
7.6477 0.3336 0.3513
7.6649 0.3344 0.3511
7.6820 0.3352 0.3509
7.6992 0.3361 0.3507
7.7164 0.3369 0.3506
7.7336 0.3377 0.3505
7.7508 0.3385 0.3504
7.7680 0.3393 0.3503
7.7852 0.3401 0.3502
7.8023 0.3408 0.3502
7.8195 0.3415 0.3502
7.8367 0.3422 0.3501
7.8539 0.3428 0.3501
7.8711 0.3434 0.3500
7.8883 0.3440 0.3499
7.9055 0.3445 0.3497
7.9226 0.3450 0.3494
7.9398 0.3454 0.3491
7.9570 0.3457 0.3487
7.9742 0.3460 0.3481
7.9914 0.3462 0.3475
8.0086 0.3463 0.3468
8.0258 0.3463 0.3459
8.0429 0.3462 0.3450
8.0601 0.3460 0.3440
8.0773 0.3458 0.3429
8.0945 0.3455 0.3419
8.1117 0.3451 0.3408
8.1289 0.3447 0.3397
8.1461 0.3442 0.3387
8.1632 0.3438 0.3377
8.1804 0.3433 0.3368
8.1976 0.3429 0.3360
8.2148 0.3425 0.3353
8.2320 0.3422 0.3347
8.2492 0.3420 0.3342
8.2664 0.3419 0.3338
8.2835 0.3418 0.3335
8.3007 0.3419 0.3333
8.3179 0.3422 0.3331
8.3351 0.3425 0.3330
8.3523 0.3429 0.3330
8.3695 0.3434 0.3329
8.3867 0.3440 0.3329
8.4038 0.3446 0.3329
8.4210 0.3453 0.3329
8.4382 0.3460 0.3328
8.4554 0.3466 0.3327
8.4726 0.3473 0.3326
8.4898 0.3478 0.3325
8.5070 0.3484 0.3324
8.5241 0.3488 0.3322
8.5413 0.3492 0.3319
8.5585 0.3495 0.3316
8.5757 0.3497 0.3313
8.5929 0.3498 0.3309
8.6101 0.3499 0.3305
8.6273 0.3499 0.3300
8.6444 0.3498 0.3294
8.6616 0.3497 0.3287
8.6788 0.3495 0.3279
8.6960 0.3493 0.3271
8.7132 0.3490 0.3261
8.7304 0.3487 0.3251
8.7476 0.3483 0.3239
8.7647 0.3479 0.3227
8.7819 0.3475 0.3214
8.7991 0.3470 0.3200
8.8163 0.3465 0.3187
8.8335 0.3459 0.3173
8.8507 0.3452 0.3159
8.8679 0.3445 0.3146
8.8850 0.3438 0.3134
8.9022 0.3431 0.3123
8.9194 0.3423 0.3113
8.9366 0.3416 0.3105
8.9538 0.3408 0.3099
8.9710 0.3402 0.3094
8.9882 0.3396 0.3092
9.0053 0.3391 0.3092
9.0225 0.3387 0.3095
9.0397 0.3384 0.3099
9.0569 0.3383 0.3106
9.0741 0.3384 0.3115
9.0913 0.3386 0.3126
9.1085 0.3389 0.3139
9.1256 0.3394 0.3153
9.1428 0.3400 0.3168
9.1600 0.3408 0.3185
9.1772 0.3416 0.3201
9.1944 0.3425 0.3219
9.2116 0.3435 0.3237
9.2288 0.3445 0.3254
9.2459 0.3454 0.3271
9.2631 0.3464 0.3288
9.2803 0.3473 0.3304
9.2975 0.3481 0.3320
9.3147 0.3489 0.3335
9.3319 0.3495 0.3348
9.3491 0.3501 0.3361
9.3662 0.3506 0.3373
9.3834 0.3510 0.3385
9.4006 0.3513 0.3395
9.4178 0.3515 0.3405
9.4350 0.3517 0.3414
9.4522 0.3519 0.3422
9.4694 0.3520 0.3430
9.4865 0.3521 0.3438
9.5037 0.3523 0.3445
9.5209 0.3524 0.3452
9.5381 0.3526 0.3459
9.5553 0.3529 0.3466
9.5725 0.3532 0.3473
9.5897 0.3536 0.3480
9.6068 0.3540 0.3487
9.6240 0.3545 0.3494
9.6412 0.3551 0.3501
9.6584 0.3557 0.3508
9.6756 0.3564 0.3515
9.6928 0.3572 0.3522
9.7100 0.3580 0.3529
9.7271 0.3588 0.3536
9.7443 0.3597 0.3543
9.7615 0.3605 0.3550
9.7787 0.3614 0.3556
9.7959 0.3623 0.3563
9.8131 0.3631 0.3569
9.8303 0.3640 0.3575
9.8474 0.3648 0.3580
9.8646 0.3657 0.3586
9.8818 0.3665 0.3592
9.8990 0.3673 0.3597
9.9162 0.3681 0.3603
9.9334 0.3690 0.3609
9.9506 0.3698 0.3616
9.9677 0.3707 0.3623
9.9849 0.3715 0.3630
10.0021 0.3724 0.3638
10.0193 0.3734 0.3647
10.0365 0.3743 0.3656
10.0537 0.3753 0.3666
10.0709 0.3763 0.3677
10.0880 0.3773 0.3687
10.1052 0.3784 0.3699
10.1224 0.3795 0.3710
10.1396 0.3805 0.3721
10.1568 0.3816 0.3732
10.1740 0.3827 0.3743
10.1912 0.3837 0.3754
10.2083 0.3848 0.3764
10.2255 0.3858 0.3773
10.2427 0.3869 0.3781
10.2599 0.3879 0.3789
10.2771 0.3889 0.3796
10.2943 0.3899 0.3803
10.3115 0.3908 0.3808
10.3286 0.3918 0.3814
10.3458 0.3927 0.3818
10.3630 0.3936 0.3823
10.3802 0.3945 0.3827
10.3974 0.3953 0.3831
10.4146 0.3961 0.3835
10.4318 0.3969 0.3839
10.4489 0.3976 0.3843
10.4661 0.3982 0.3847
10.4833 0.3988 0.3850
10.5005 0.3994 0.3854
10.5177 0.3998 0.3857
10.5349 0.4003 0.3860
10.5521 0.4006 0.3863
10.5692 0.4010 0.3865
10.5864 0.4013 0.3867
10.6036 0.4016 0.3868
10.6208 0.4019 0.3869
10.6380 0.4022 0.3869
10.6552 0.4025 0.3869
10.6724 0.4029 0.3869
10.6895 0.4033 0.3869
10.7067 0.4037 0.3868
10.7239 0.4042 0.3867
10.7411 0.4047 0.3866
10.7583 0.4052 0.3865
10.7755 0.4058 0.3865
10.7927 0.4065 0.3864
10.8098 0.4071 0.3864
10.8270 0.4078 0.3864
10.8442 0.4085 0.3865
10.8614 0.4091 0.3866
10.8786 0.4098 0.3868
10.8958 0.4105 0.3871
10.9130 0.4111 0.3874
10.9301 0.4117 0.3878
10.9473 0.4124 0.3882
10.9645 0.4129 0.3888
10.9817 0.4135 0.3894
10.9989 0.4140 0.3900
11.0161 0.4145 0.3907
11.0333 0.4150 0.3915
11.0504 0.4154 0.3924
11.0676 0.4158 0.3933
11.0848 0.4162 0.3942
11.1020 0.4165 0.3951
11.1192 0.4168 0.3960
11.1364 0.4171 0.3970
11.1536 0.4173 0.3979
11.1707 0.4175 0.3989
11.1879 0.4176 0.3998
11.2051 0.4177 0.4006
11.2223 0.4178 0.4014
11.2395 0.4177 0.4022
11.2567 0.4177 0.4029
11.2739 0.4175 0.4035
11.2910 0.4173 0.4041
11.3082 0.4170 0.4047
11.3254 0.4166 0.4052
11.3426 0.4162 0.4057
11.3598 0.4156 0.4061
11.3770 0.4150 0.4065
11.3942 0.4142 0.4069
11.4113 0.4133 0.4073
11.4285 0.4123 0.4078
11.4457 0.4112 0.4083
11.4629 0.4100 0.4088
11.4801 0.4088 0.4095
11.4973 0.4074 0.4102
11.5145 0.4059 0.4110
11.5317 0.4045 0.4119
11.5488 0.4029 0.4130
11.5660 0.4014 0.4141
11.5832 0.3998 0.4153
11.6004 0.3983 0.4167
11.6176 0.3968 0.4181
11.6348 0.3953 0.4195
11.6520 0.3939 0.4211
11.6691 0.3926 0.4226
11.6863 0.3913 0.4241
11.7035 0.3902 0.4256
11.7207 0.3891 0.4271
11.7379 0.3882 0.4284
11.7551 0.3873 0.4297
11.7723 0.3864 0.4309
11.7894 0.3857 0.4319
11.8066 0.3850 0.4327
11.8238 0.3843 0.4335
11.8410 0.3837 0.4340
11.8582 0.3831 0.4344
11.8754 0.3826 0.4346
11.8926 0.3821 0.4347
11.9097 0.3817 0.4347
11.9269 0.3813 0.4345
11.9441 0.3810 0.4343
11.9613 0.3808 0.4340
11.9785 0.3806 0.4337
11.9957 0.3806 0.4333
12.0129 0.3806 0.4330
12.0300 0.3807 0.4327
12.0472 0.3810 0.4325
12.0644 0.3813 0.4323
12.0816 0.3818 0.4322
12.0988 0.3823 0.4322
12.1160 0.3829 0.4322
12.1332 0.3836 0.4323
12.1503 0.3843 0.4325
12.1675 0.3850 0.4327
12.1847 0.3858 0.4329
12.2019 0.3865 0.4330
12.2191 0.3873 0.4331
12.2363 0.3880 0.4332
12.2535 0.3887 0.4331
12.2706 0.3893 0.4329
12.2878 0.3900 0.4326
12.3050 0.3906 0.4322
12.3222 0.3912 0.4315
12.3394 0.3918 0.4307
12.3566 0.3924 0.4298
12.3738 0.3930 0.4287
12.3909 0.3937 0.4276
12.4081 0.3944 0.4263
12.4253 0.3951 0.4249
12.4425 0.3959 0.4235
12.4597 0.3967 0.4221
12.4769 0.3975 0.4207
12.4941 0.3984 0.4194
12.5112 0.3993 0.4181
12.5284 0.4002 0.4169
12.5456 0.4011 0.4159
12.5628 0.4020 0.4150
12.5800 0.4029 0.4142
12.5972 0.4037 0.4136
12.6144 0.4045 0.4131
12.6315 0.4052 0.4128
12.6487 0.4059 0.4126
12.6659 0.4065 0.4124
12.6831 0.4071 0.4124
12.7003 0.4076 0.4124
12.7175 0.4081 0.4125
12.7347 0.4085 0.4125
12.7518 0.4089 0.4126
12.7690 0.4094 0.4126
12.7862 0.4098 0.4125
12.8034 0.4102 0.4124
12.8206 0.4107 0.4123
12.8378 0.4113 0.4120
12.8550 0.4119 0.4116
12.8721 0.4125 0.4112
12.8893 0.4132 0.4107
12.9065 0.4140 0.4101
12.9237 0.4148 0.4094
12.9409 0.4157 0.4086
12.9581 0.4166 0.4078
12.9753 0.4175 0.4069
12.9924 0.4184 0.4060
13.0096 0.4193 0.4051
13.0268 0.4202 0.4041
13.0440 0.4210 0.4031
13.0612 0.4218 0.4020
13.0784 0.4225 0.4010
13.0956 0.4230 0.3999
13.1127 0.4235 0.3989
13.1299 0.4239 0.3978
13.1471 0.4241 0.3968
13.1643 0.4242 0.3958
13.1815 0.4242 0.3949
13.1987 0.4240 0.3940
13.2159 0.4237 0.3932
13.2330 0.4231 0.3925
13.2502 0.4225 0.3918
13.2674 0.4216 0.3913
13.2846 0.4205 0.3910
13.3018 0.4193 0.3907
13.3190 0.4179 0.3906
13.3362 0.4163 0.3907
13.3533 0.4145 0.3908
13.3705 0.4126 0.3911
13.3877 0.4105 0.3915
13.4049 0.4083 0.3920
13.4221 0.4060 0.3926
13.4393 0.4036 0.3932
13.4565 0.4011 0.3939
13.4736 0.3986 0.3945
13.4908 0.3961 0.3951
13.5080 0.3935 0.3957
13.5252 0.3911 0.3963
13.5424 0.3886 0.3967
13.5596 0.3862 0.3970
13.5768 0.3839 0.3972
13.5939 0.3817 0.3973
13.6111 0.3795 0.3972
13.6283 0.3774 0.3969
13.6455 0.3753 0.3965
13.6627 0.3733 0.3959
13.6799 0.3713 0.3952
13.6971 0.3693 0.3942
13.7142 0.3674 0.3931
13.7314 0.3654 0.3918
13.7486 0.3633 0.3903
13.7658 0.3612 0.3886
13.7830 0.3591 0.3867
13.8002 0.3569 0.3847
13.8174 0.3546 0.3825
13.8345 0.3522 0.3802
13.8517 0.3497 0.3776
13.8689 0.3472 0.3750
13.8861 0.3446 0.3721
13.9033 0.3420 0.3692
13.9205 0.3393 0.3660
13.9377 0.3367 0.3628
13.9548 0.3340 0.3595
13.9720 0.3313 0.3561
13.9892 0.3287 0.3526
14.0064 0.3261 0.3490
14.0236 0.3235 0.3454
14.0408 0.3210 0.3418
14.0580 0.3185 0.3381
14.0751 0.3161 0.3344
14.0923 0.3137 0.3308
14.1095 0.3113 0.3272
14.1267 0.3089 0.3236
14.1439 0.3066 0.3200
14.1611 0.3042 0.3165
14.1783 0.3019 0.3130
14.1954 0.2995 0.3095
14.2126 0.2970 0.3061
14.2298 0.2945 0.3027
14.2470 0.2920 0.2994
14.2642 0.2894 0.2960
14.2814 0.2867 0.2927
14.2986 0.2839 0.2894
14.3157 0.2811 0.2862
14.3329 0.2782 0.2830
14.3501 0.2752 0.2798
14.3673 0.2721 0.2766
14.3845 0.2690 0.2735
14.4017 0.2659 0.2705
14.4189 0.2627 0.2675
14.4360 0.2595 0.2646
14.4532 0.2563 0.2617
14.4704 0.2530 0.2590
14.4876 0.2498 0.2563
14.5048 0.2466 0.2537
14.5220 0.2434 0.2512
14.5392 0.2402 0.2488
14.5563 0.2371 0.2465
14.5735 0.2341 0.2442
14.5907 0.2311 0.2420
14.6079 0.2281 0.2399
14.6251 0.2252 0.2379
14.6423 0.2224 0.2359
14.6595 0.2197 0.2339
14.6766 0.2170 0.2319
14.6938 0.2144 0.2300
14.7110 0.2118 0.2281
14.7282 0.2093 0.2262
14.7454 0.2069 0.2243
14.7626 0.2044 0.2223
14.7798 0.2020 0.2203
14.7969 0.1997 0.2183
14.8141 0.1973 0.2162
14.8313 0.1950 0.2141
14.8485 0.1927 0.2119
14.8657 0.1904 0.2097
14.8829 0.1882 0.2075
14.9001 0.1859 0.2052
14.9172 0.1837 0.2029
14.9344 0.1814 0.2006
14.9516 0.1792 0.1982
14.9688 0.1770 0.1958
14.9860 0.1749 0.1934
15.0032 0.1727 0.1910
15.0204 0.1705 0.1885
15.0375 0.1684 0.1861
15.0547 0.1663 0.1837
15.0719 0.1642 0.1813
15.0891 0.1621 0.1788
15.1063 0.1600 0.1765
15.1235 0.1580 0.1741
15.1407 0.1559 0.1717
15.1578 0.1539 0.1694
15.1750 0.1519 0.1671
15.1922 0.1499 0.1648
15.2094 0.1479 0.1625
15.2266 0.1460 0.1603
15.2438 0.1441 0.1581
15.2610 0.1422 0.1560
15.2781 0.1403 0.1539
15.2953 0.1385 0.1518
15.3125 0.1366 0.1498
15.3297 0.1349 0.1478
15.3469 0.1331 0.1459
15.3641 0.1314 0.1440
15.3813 0.1297 0.1422
15.3984 0.1281 0.1405
15.4156 0.1264 0.1388
15.4328 0.1248 0.1371
15.4500 0.1232 0.1355
15.4672 0.1216 0.1339
15.4844 0.1200 0.1323
15.5016 0.1185 0.1308
15.5187 0.1169 0.1294
15.5359 0.1154 0.1279
15.5531 0.1138 0.1265
15.5703 0.1123 0.1251
15.5875 0.1108 0.1236
15.6047 0.1092 0.1222
15.6219 0.1077 0.1208
15.6390 0.1063 0.1194
15.6562 0.1048 0.1180
15.6734 0.1033 0.1166
15.6906 0.1019 0.1152
15.7078 0.1005 0.1138
15.7250 0.0991 0.1124
15.7422 0.0977 0.1110
15.7593 0.0964 0.1097
15.7765 0.0951 0.1083
15.7937 0.0938 0.1070
15.8109 0.0926 0.1057
15.8281 0.0913 0.1045
15.8453 0.0901 0.1033
15.8625 0.0890 0.1022
15.8796 0.0878 0.1011
15.8968 0.0867 0.1000
15.9140 0.0856 0.0990
15.9312 0.0846 0.0981
15.9484 0.0836 0.0972
15.9656 0.0826 0.0963
15.9828 0.0816 0.0955
15.9999 0.0806 0.0947
16.0171 0.0797 0.0939
16.0343 0.0788 0.0931
16.0515 0.0779 0.0924
16.0687 0.0770 0.0916
16.0859 0.0762 0.0908
16.1031 0.0754 0.0901
16.1203 0.0745 0.0893
16.1374 0.0737 0.0885
16.1546 0.0730 0.0877
16.1718 0.0722 0.0869
16.1890 0.0714 0.0860
16.2062 0.0707 0.0852
16.2234 0.0699 0.0843
16.2406 0.0692 0.0834
16.2577 0.0685 0.0824
16.2749 0.0679 0.0815
16.2921 0.0672 0.0805
16.3093 0.0665 0.0796
16.3265 0.0659 0.0786
16.3437 0.0653 0.0776
16.3609 0.0647 0.0766
16.3780 0.0641 0.0755
16.3952 0.0635 0.0745
16.4124 0.0629 0.0735
16.4296 0.0624 0.0724
16.4468 0.0618 0.0714
16.4640 0.0613 0.0704
16.4812 0.0608 0.0694
16.4983 0.0603 0.0684
16.5155 0.0597 0.0674
16.5327 0.0592 0.0664
16.5499 0.0587 0.0655
16.5671 0.0581 0.0645
16.5843 0.0576 0.0636
16.6015 0.0570 0.0627
16.6186 0.0565 0.0618
16.6358 0.0559 0.0609
16.6530 0.0553 0.0600
16.6702 0.0547 0.0591
16.6874 0.0541 0.0582
16.7046 0.0535 0.0573
16.7218 0.0528 0.0565
16.7389 0.0522 0.0556
16.7561 0.0515 0.0547
16.7733 0.0508 0.0538
16.7905 0.0501 0.0529
16.8077 0.0494 0.0520
16.8249 0.0487 0.0511
16.8421 0.0480 0.0502
16.8592 0.0474 0.0494
16.8764 0.0467 0.0485
16.8936 0.0460 0.0476
16.9108 0.0454 0.0468
16.9280 0.0447 0.0460
16.9452 0.0441 0.0452
16.9624 0.0435 0.0444
16.9795 0.0429 0.0437
16.9967 0.0423 0.0429
17.0139 0.0417 0.0422
17.0311 0.0412 0.0416
17.0483 0.0407 0.0409
17.0655 0.0402 0.0403
17.0827 0.0397 0.0397
17.0998 0.0392 0.0391
17.1170 0.0387 0.0386
17.1342 0.0382 0.0380
17.1514 0.0378 0.0375
17.1686 0.0373 0.0370
17.1858 0.0368 0.0365
17.2030 0.0364 0.0360
17.2201 0.0359 0.0356
17.2373 0.0354 0.0351
17.2545 0.0349 0.0347
17.2717 0.0345 0.0342
17.2889 0.0340 0.0338
17.3061 0.0335 0.0334
17.3233 0.0330 0.0330
17.3404 0.0325 0.0325
17.3576 0.0319 0.0321
17.3748 0.0314 0.0317
17.3920 0.0309 0.0313
17.4092 0.0304 0.0309
17.4264 0.0299 0.0305
17.4436 0.0294 0.0301
17.4607 0.0288 0.0297
17.4779 0.0283 0.0293
17.4951 0.0278 0.0289
17.5123 0.0273 0.0285
17.5295 0.0269 0.0281
17.5467 0.0264 0.0278
17.5639 0.0259 0.0274
17.5810 0.0255 0.0270
17.5982 0.0250 0.0267
17.6154 0.0246 0.0263
17.6326 0.0242 0.0260
17.6498 0.0238 0.0257
17.6670 0.0234 0.0253
17.6842 0.0230 0.0250
17.7013 0.0226 0.0247
17.7185 0.0222 0.0244
17.7357 0.0219 0.0241
17.7529 0.0216 0.0238
17.7701 0.0212 0.0235
17.7873 0.0209 0.0232
17.8045 0.0206 0.0229
17.8216 0.0203 0.0226
17.8388 0.0200 0.0223
17.8560 0.0198 0.0220
17.8732 0.0195 0.0217
17.8904 0.0192 0.0215
17.9076 0.0190 0.0212
17.9248 0.0188 0.0209
17.9419 0.0185 0.0206
17.9591 0.0183 0.0204
17.9763 0.0181 0.0201
17.9935 0.0179 0.0198
18.0107 0.0177 0.0196
18.0279 0.0175 0.0193
18.0451 0.0172 0.0191
18.0622 0.0170 0.0188
18.0794 0.0168 0.0186
18.0966 0.0166 0.0183
18.1138 0.0164 0.0181
18.1310 0.0162 0.0178
18.1482 0.0160 0.0176
18.1654 0.0158 0.0174
18.1825 0.0156 0.0171
18.1997 0.0154 0.0169
18.2169 0.0152 0.0167
18.2341 0.0150 0.0165
18.2513 0.0148 0.0163
18.2685 0.0146 0.0161
18.2857 0.0144 0.0159
18.3028 0.0143 0.0157
18.3200 0.0141 0.0155
18.3372 0.0139 0.0153
18.3544 0.0138 0.0151
18.3716 0.0137 0.0150
18.3888 0.0135 0.0148
18.4060 0.0134 0.0146
18.4231 0.0133 0.0145
18.4403 0.0132 0.0143
18.4575 0.0131 0.0141
18.4747 0.0130 0.0140
18.4919 0.0129 0.0138
18.5091 0.0128 0.0137
18.5263 0.0127 0.0135
18.5434 0.0126 0.0134
18.5606 0.0126 0.0132
18.5778 0.0125 0.0130
18.5950 0.0124 0.0129
18.6122 0.0123 0.0127
18.6294 0.0123 0.0126
18.6466 0.0122 0.0125
18.6637 0.0121 0.0123
18.6809 0.0120 0.0122
18.6981 0.0119 0.0120
18.7153 0.0118 0.0119
18.7325 0.0117 0.0118
18.7497 0.0116 0.0117
18.7669 0.0115 0.0115
18.7840 0.0114 0.0114
18.8012 0.0113 0.0113
18.8184 0.0111 0.0112
18.8356 0.0110 0.0111
18.8528 0.0109 0.0110
18.8700 0.0108 0.0109
18.8872 0.0106 0.0108
18.9043 0.0105 0.0107
18.9215 0.0104 0.0106
18.9387 0.0102 0.0105
18.9559 0.0101 0.0104
18.9731 0.0100 0.0103
18.9903 0.0099 0.0102
19.0075 0.0097 0.0101
19.0246 0.0096 0.0100
19.0418 0.0095 0.0099
19.0590 0.0094 0.0099
19.0762 0.0093 0.0098
19.0934 0.0092 0.0097
19.1106 0.0091 0.0096
19.1278 0.0090 0.0095
19.1449 0.0089 0.0094
19.1621 0.0088 0.0094
19.1793 0.0087 0.0093
19.1965 0.0086 0.0092
19.2137 0.0085 0.0091
19.2309 0.0084 0.0091
19.2481 0.0083 0.0090
19.2652 0.0083 0.0089
19.2824 0.0082 0.0088
19.2996 0.0081 0.0088
19.3168 0.0080 0.0087
19.3340 0.0080 0.0086
19.3512 0.0079 0.0086
19.3684 0.0078 0.0085
19.3855 0.0078 0.0084
19.4027 0.0077 0.0083
19.4199 0.0076 0.0083
19.4371 0.0076 0.0082
19.4543 0.0075 0.0081
19.4715 0.0075 0.0080
19.4887 0.0074 0.0079
19.5058 0.0074 0.0079
19.5230 0.0073 0.0078
19.5402 0.0073 0.0077
19.5574 0.0072 0.0076
19.5746 0.0072 0.0075
19.5918 0.0071 0.0075
19.6090 0.0071 0.0074
19.6261 0.0071 0.0073
19.6433 0.0070 0.0072
19.6605 0.0070 0.0071
19.6777 0.0069 0.0071
19.6949 0.0069 0.0070
19.7121 0.0069 0.0069
19.7293 0.0068 0.0069
19.7464 0.0068 0.0068
19.7636 0.0068 0.0067
19.7808 0.0067 0.0067
19.7980 0.0067 0.0066
19.8152 0.0067 0.0066
19.8324 0.0067 0.0065
19.8496 0.0066 0.0065
19.8667 0.0066 0.0064
19.8839 0.0066 0.0064
19.9011 0.0065 0.0063
19.9183 0.0065 0.0063
19.9355 0.0065 0.0062
19.9527 0.0064 0.0062
19.9699 0.0064 0.0061
19.9870 0.0064 0.0061
20.0042 0.0063 0.0060
20.0214 0.0063 0.0060
20.0386 0.0063 0.0060
20.0558 0.0062 0.0059
20.0730 0.0062 0.0059
20.0902 0.0062 0.0058
20.1073 0.0061 0.0058
20.1245 0.0061 0.0058
20.1417 0.0061 0.0057
20.1589 0.0060 0.0057
20.1761 0.0060 0.0056
20.1933 0.0059 0.0056
20.2105 0.0059 0.0055
20.2276 0.0059 0.0055
20.2448 0.0058 0.0055
20.2620 0.0058 0.0054
20.2792 0.0057 0.0054
20.2964 0.0057 0.0053
20.3136 0.0057 0.0053
20.3308 0.0056 0.0053
20.3479 0.0056 0.0052
20.3651 0.0055 0.0052
20.3823 0.0055 0.0052
20.3995 0.0054 0.0051
20.4167 0.0054 0.0051
20.4339 0.0053 0.0051
20.4511 0.0053 0.0050
20.4682 0.0052 0.0050
20.4854 0.0052 0.0050
20.5026 0.0051 0.0049
20.5198 0.0051 0.0049
20.5370 0.0050 0.0049
20.5542 0.0050 0.0049
20.5714 0.0049 0.0048
20.5886 0.0049 0.0048
20.6057 0.0048 0.0048
20.6229 0.0048 0.0047
20.6401 0.0047 0.0047
20.6573 0.0047 0.0047
20.6745 0.0047 0.0047
20.6917 0.0046 0.0046
20.7089 0.0046 0.0046
20.7260 0.0046 0.0046
20.7432 0.0045 0.0046
20.7604 0.0045 0.0045
20.7776 0.0045 0.0045
20.7948 0.0044 0.0045
20.8120 0.0044 0.0045
20.8292 0.0044 0.0044
20.8463 0.0043 0.0044
20.8635 0.0043 0.0044
20.8807 0.0043 0.0044
20.8979 0.0043 0.0043
20.9151 0.0042 0.0043
20.9323 0.0042 0.0043
20.9495 0.0042 0.0043
20.9666 0.0042 0.0043
20.9838 0.0041 0.0042
21.0010 0.0041 0.0042
21.0182 0.0041 0.0042
21.0354 0.0041 0.0042
21.0526 0.0041 0.0041
21.0698 0.0040 0.0041
21.0869 0.0040 0.0041
21.1041 0.0040 0.0041
21.1213 0.0040 0.0040
21.1385 0.0039 0.0040
21.1557 0.0039 0.0040
21.1729 0.0039 0.0040
21.1901 0.0039 0.0039
21.2072 0.0038 0.0039
21.2244 0.0038 0.0039
21.2416 0.0038 0.0038
21.2588 0.0038 0.0038
21.2760 0.0037 0.0038
21.2932 0.0037 0.0038
21.3104 0.0037 0.0037
21.3275 0.0037 0.0037
21.3447 0.0036 0.0037
21.3619 0.0036 0.0037
21.3791 0.0036 0.0036
21.3963 0.0036 0.0036
21.4135 0.0036 0.0036
21.4307 0.0035 0.0036
21.4478 0.0035 0.0036
21.4650 0.0035 0.0035
21.4822 0.0035 0.0035
21.4994 0.0035 0.0035
21.5166 0.0034 0.0035
21.5338 0.0034 0.0034
21.5510 0.0034 0.0034
21.5681 0.0034 0.0034
21.5853 0.0034 0.0034
21.6025 0.0034 0.0034
21.6197 0.0033 0.0033
21.6369 0.0033 0.0033
21.6541 0.0033 0.0033
21.6713 0.0033 0.0033
21.6884 0.0033 0.0032
21.7056 0.0032 0.0032
21.7228 0.0032 0.0032
21.7400 0.0032 0.0032
21.7572 0.0032 0.0032
21.7744 0.0032 0.0031
21.7916 0.0032 0.0031
21.8087 0.0031 0.0031
21.8259 0.0031 0.0031
21.8431 0.0031 0.0031
21.8603 0.0031 0.0031
21.8775 0.0031 0.0031
21.8947 0.0030 0.0030
21.9119 0.0030 0.0030
21.9290 0.0030 0.0030
21.9462 0.0030 0.0030
21.9634 0.0030 0.0030
21.9806 0.0030 0.0030
21.9978 0.0029 0.0030
22.0150 0.0029 0.0030
22.0322 0.0029 0.0029
22.0493 0.0029 0.0029
22.0665 0.0029 0.0029
22.0837 0.0029 0.0029
22.1009 0.0029 0.0029
22.1181 0.0029 0.0029
22.1353 0.0028 0.0029
22.1525 0.0028 0.0029
22.1696 0.0028 0.0029
22.1868 0.0028 0.0028
22.2040 0.0028 0.0028
22.2212 0.0028 0.0028
22.2384 0.0028 0.0028
22.2556 0.0028 0.0028
22.2728 0.0028 0.0028
22.2899 0.0028 0.0028
22.3071 0.0028 0.0028
22.3243 0.0028 0.0028
22.3415 0.0028 0.0027
22.3587 0.0028 0.0027
22.3759 0.0028 0.0027
22.3931 0.0028 0.0027
22.4102 0.0027 0.0027
22.4274 0.0027 0.0027
22.4446 0.0027 0.0027
22.4618 0.0027 0.0027
22.4790 0.0027 0.0027
22.4962 0.0027 0.0027
22.5134 0.0027 0.0027
22.5305 0.0027 0.0027
22.5477 0.0027 0.0026
22.5649 0.0027 0.0026
22.5821 0.0027 0.0026
22.5993 0.0027 0.0026
22.6165 0.0027 0.0026
22.6337 0.0027 0.0026
22.6508 0.0027 0.0026
22.6680 0.0026 0.0026
22.6852 0.0026 0.0026
22.7024 0.0026 0.0026
22.7196 0.0026 0.0026
22.7368 0.0026 0.0026
22.7540 0.0026 0.0026
22.7711 0.0026 0.0026
22.7883 0.0026 0.0026
22.8055 0.0026 0.0026
22.8227 0.0026 0.0026
22.8399 0.0026 0.0026
22.8571 0.0026 0.0026
22.8743 0.0026 0.0026
22.8914 0.0026 0.0026
22.9086 0.0026 0.0025
22.9258 0.0026 0.0025
22.9430 0.0026 0.0025
22.9602 0.0025 0.0025
22.9774 0.0025 0.0025
22.9946 0.0025 0.0025
23.0117 0.0025 0.0026
23.0289 0.0025 0.0026
23.0461 0.0025 0.0026
23.0633 0.0025 0.0026
23.0805 0.0025 0.0026
23.0977 0.0025 0.0026
23.1149 0.0025 0.0026
23.1320 0.0025 0.0026
23.1492 0.0025 0.0026
23.1664 0.0025 0.0026
23.1836 0.0025 0.0026
23.2008 0.0025 0.0026
23.2180 0.0025 0.0026
23.2352 0.0025 0.0026
23.2523 0.0025 0.0026
23.2695 0.0025 0.0026
23.2867 0.0025 0.0026
23.3039 0.0025 0.0026
23.3211 0.0025 0.0026
23.3383 0.0025 0.0026
23.3555 0.0025 0.0026
23.3726 0.0025 0.0026
23.3898 0.0025 0.0026
23.4070 0.0025 0.0026
23.4242 0.0025 0.0025
23.4414 0.0025 0.0025
23.4586 0.0025 0.0025
23.4758 0.0024 0.0025
23.4929 0.0024 0.0025
23.5101 0.0024 0.0025
23.5273 0.0024 0.0025
23.5445 0.0024 0.0025
23.5617 0.0024 0.0025
23.5789 0.0024 0.0025
23.5961 0.0024 0.0025
23.6132 0.0024 0.0024
23.6304 0.0024 0.0024
23.6476 0.0023 0.0024
23.6648 0.0023 0.0024
23.6820 0.0023 0.0024
23.6992 0.0023 0.0024
23.7164 0.0023 0.0024
23.7335 0.0023 0.0024
23.7507 0.0023 0.0023
23.7679 0.0023 0.0023
23.7851 0.0023 0.0023
23.8023 0.0023 0.0023
23.8195 0.0023 0.0023
23.8367 0.0022 0.0023
23.8538 0.0022 0.0022
23.8710 0.0022 0.0022
23.8882 0.0022 0.0022
23.9054 0.0022 0.0022
23.9226 0.0022 0.0022
23.9398 0.0022 0.0021
23.9570 0.0022 0.0021
23.9741 0.0022 0.0021
23.9913 0.0022 0.0021
24.0085 0.0022 0.0021
24.0257 0.0021 0.0020
24.0429 0.0021 0.0020
24.0601 0.0021 0.0020
24.0773 0.0021 0.0020
24.0944 0.0021 0.0020
24.1116 0.0021 0.0020
24.1288 0.0021 0.0019
24.1460 0.0021 0.0019
24.1632 0.0021 0.0019
24.1804 0.0021 0.0019
24.1976 0.0020 0.0019
24.2147 0.0020 0.0018
24.2319 0.0020 0.0018
24.2491 0.0020 0.0018
24.2663 0.0020 0.0018
24.2835 0.0020 0.0018
24.3007 0.0020 0.0018
24.3179 0.0020 0.0018
24.3350 0.0020 0.0017
24.3522 0.0019 0.0017
24.3694 0.0019 0.0017
24.3866 0.0019 0.0017
24.4038 0.0019 0.0017
24.4210 0.0019 0.0017
24.4382 0.0019 0.0017
24.4553 0.0019 0.0017
24.4725 0.0019 0.0017
24.4897 0.0019 0.0017
24.5069 0.0018 0.0016
24.5241 0.0018 0.0016
24.5413 0.0018 0.0016
24.5585 0.0018 0.0016
24.5756 0.0018 0.0016
24.5928 0.0018 0.0016
24.6100 0.0018 0.0016
24.6272 0.0018 0.0016
24.6444 0.0017 0.0016
24.6616 0.0017 0.0016
24.6788 0.0017 0.0016
24.6959 0.0017 0.0015
24.7131 0.0017 0.0015
24.7303 0.0017 0.0015
24.7475 0.0017 0.0015
24.7647 0.0017 0.0015
24.7819 0.0017 0.0015
24.7991 0.0016 0.0015
24.8162 0.0016 0.0015
24.8334 0.0016 0.0015
24.8506 0.0016 0.0015
24.8678 0.0016 0.0015
24.8850 0.0016 0.0015
24.9022 0.0016 0.0015
24.9194 0.0015 0.0014
24.9365 0.0015 0.0014
24.9537 0.0015 0.0014
24.9709 0.0015 0.0014
24.9881 0.0015 0.0014
25.0053 0.0015 0.0014
25.0225 0.0015 0.0014
25.0397 0.0014 0.0014
25.0568 0.0014 0.0014
25.0740 0.0014 0.0014
25.0912 0.0014 0.0014
25.1084 0.0014 0.0014
25.1256 0.0014 0.0013
25.1428 0.0014 0.0013
25.1600 0.0013 0.0013
25.1772 0.0013 0.0013
25.1943 0.0013 0.0013
25.2115 0.0013 0.0013
25.2287 0.0013 0.0013
25.2459 0.0013 0.0013
25.2631 0.0013 0.0013
25.2803 0.0013 0.0013
25.2975 0.0012 0.0013
25.3146 0.0012 0.0012
25.3318 0.0012 0.0012
25.3490 0.0012 0.0012
25.3662 0.0012 0.0012
25.3834 0.0012 0.0012
25.4006 0.0012 0.0012
25.4178 0.0012 0.0012
25.4349 0.0012 0.0012
25.4521 0.0012 0.0012
25.4693 0.0012 0.0012
25.4865 0.0012 0.0012
25.5037 0.0012 0.0012
25.5209 0.0012 0.0012
25.5381 0.0011 0.0012
25.5552 0.0011 0.0012
25.5724 0.0011 0.0012
25.5896 0.0011 0.0011
25.6068 0.0011 0.0011
25.6240 0.0011 0.0011
25.6412 0.0011 0.0011
25.6584 0.0011 0.0011
25.6755 0.0011 0.0011
25.6927 0.0011 0.0011
25.7099 0.0011 0.0011
25.7271 0.0011 0.0011
25.7443 0.0011 0.0011
25.7615 0.0011 0.0011
25.7787 0.0011 0.0011
25.7958 0.0011 0.0011
25.8130 0.0011 0.0011
25.8302 0.0011 0.0011
25.8474 0.0011 0.0011
25.8646 0.0011 0.0011
25.8818 0.0011 0.0010
25.8990 0.0010 0.0010
25.9161 0.0010 0.0010
25.9333 0.0010 0.0010
25.9505 0.0010 0.0010
25.9677 0.0010 0.0010
25.9849 0.0010 0.0010
26.0021 0.0010 0.0010
26.0193 0.0010 0.0010
26.0364 0.0010 0.0010
26.0536 0.0010 0.0010
26.0708 0.0010 0.0010
26.0880 0.0010 0.0010
26.1052 0.0010 0.0010
26.1224 0.0010 0.0010
26.1396 0.0009 0.0010
26.1567 0.0009 0.0010
26.1739 0.0009 0.0009
26.1911 0.0009 0.0009
26.2083 0.0009 0.0009
26.2255 0.0009 0.0009
26.2427 0.0009 0.0009
26.2599 0.0009 0.0009
26.2770 0.0009 0.0009
26.2942 0.0009 0.0009
26.3114 0.0009 0.0009
26.3286 0.0009 0.0009
26.3458 0.0009 0.0009
26.3630 0.0009 0.0009
26.3802 0.0009 0.0009
26.3973 0.0008 0.0009
26.4145 0.0008 0.0009
26.4317 0.0008 0.0009
26.4489 0.0008 0.0009
26.4661 0.0008 0.0009
26.4833 0.0008 0.0008
26.5005 0.0008 0.0008
26.5176 0.0008 0.0008
26.5348 0.0008 0.0008
26.5520 0.0008 0.0008
26.5692 0.0008 0.0008
26.5864 0.0008 0.0008
26.6036 0.0008 0.0008
26.6208 0.0008 0.0008
26.6379 0.0008 0.0008
26.6551 0.0008 0.0008
26.6723 0.0008 0.0008
26.6895 0.0008 0.0008
26.7067 0.0008 0.0008
26.7239 0.0008 0.0008
26.7411 0.0008 0.0008
26.7582 0.0008 0.0008
26.7754 0.0008 0.0008
26.7926 0.0007 0.0008
26.8098 0.0007 0.0007
26.8270 0.0007 0.0007
26.8442 0.0007 0.0007
26.8614 0.0007 0.0007
26.8785 0.0007 0.0007
26.8957 0.0007 0.0007
26.9129 0.0007 0.0007
26.9301 0.0007 0.0007
26.9473 0.0007 0.0007
26.9645 0.0007 0.0007
26.9817 0.0007 0.0007
26.9988 0.0007 0.0007
27.0160 0.0007 0.0007
27.0332 0.0007 0.0007
27.0504 0.0007 0.0007
27.0676 0.0007 0.0007
27.0848 0.0007 0.0007
27.1020 0.0007 0.0007
27.1191 0.0007 0.0007
27.1363 0.0007 0.0007
27.1535 0.0007 0.0007
27.1707 0.0007 0.0007
27.1879 0.0007 0.0007
27.2051 0.0007 0.0007
27.2223 0.0007 0.0006
27.2394 0.0007 0.0006
27.2566 0.0007 0.0006
27.2738 0.0006 0.0006
27.2910 0.0006 0.0006
27.3082 0.0006 0.0006
27.3254 0.0006 0.0006
27.3426 0.0006 0.0006
27.3597 0.0006 0.0006
27.3769 0.0006 0.0006
27.3941 0.0006 0.0006
27.4113 0.0006 0.0006
27.4285 0.0006 0.0006
27.4457 0.0006 0.0006
27.4629 0.0006 0.0006
27.4800 0.0006 0.0006
27.4972 0.0006 0.0006
27.5144 0.0006 0.0006
27.5316 0.0006 0.0006
27.5488 0.0006 0.0006
27.5660 0.0006 0.0006
27.5832 0.0006 0.0006
27.6003 0.0006 0.0006
27.6175 0.0006 0.0006
27.6347 0.0006 0.0006
27.6519 0.0006 0.0006
27.6691 0.0006 0.0006
27.6863 0.0006 0.0006
27.7035 0.0006 0.0006
27.7206 0.0006 0.0006
27.7378 0.0006 0.0006
27.7550 0.0006 0.0006
27.7722 0.0006 0.0006
27.7894 0.0006 0.0006
27.8066 0.0005 0.0006
27.8238 0.0005 0.0006
27.8409 0.0005 0.0006
27.8581 0.0005 0.0006
27.8753 0.0005 0.0006
27.8925 0.0005 0.0005
27.9097 0.0005 0.0005
27.9269 0.0005 0.0005
27.9441 0.0005 0.0005
27.9612 0.0005 0.0005
27.9784 0.0005 0.0005
27.9956 0.0005 0.0005
28.0128 0.0005 0.0005
28.0300 0.0005 0.0005
28.0472 0.0005 0.0005
28.0644 0.0005 0.0005
28.0815 0.0005 0.0005
28.0987 0.0005 0.0005
28.1159 0.0005 0.0005
28.1331 0.0005 0.0005
28.1503 0.0005 0.0005
28.1675 0.0005 0.0005
28.1847 0.0005 0.0005
28.2018 0.0005 0.0005
28.2190 0.0005 0.0005
28.2362 0.0005 0.0005
28.2534 0.0005 0.0005
28.2706 0.0005 0.0005
28.2878 0.0005 0.0005
28.3050 0.0005 0.0005
28.3221 0.0005 0.0005
28.3393 0.0005 0.0005
28.3565 0.0005 0.0005
28.3737 0.0005 0.0005
28.3909 0.0005 0.0005
28.4081 0.0005 0.0005
28.4253 0.0005 0.0005
28.4424 0.0005 0.0005
28.4596 0.0005 0.0005
28.4768 0.0005 0.0005
28.4940 0.0005 0.0005
28.5112 0.0004 0.0005
28.5284 0.0004 0.0005
28.5456 0.0004 0.0005
28.5627 0.0004 0.0005
28.5799 0.0004 0.0005
28.5971 0.0004 0.0005
28.6143 0.0004 0.0005
28.6315 0.0004 0.0005
28.6487 0.0004 0.0004
28.6659 0.0004 0.0004
28.6830 0.0004 0.0004
28.7002 0.0004 0.0004
28.7174 0.0004 0.0004
28.7346 0.0004 0.0004
28.7518 0.0004 0.0004
28.7690 0.0004 0.0004
28.7862 0.0004 0.0004
28.8033 0.0004 0.0004
28.8205 0.0004 0.0004
28.8377 0.0004 0.0004
28.8549 0.0004 0.0004
28.8721 0.0004 0.0004
28.8893 0.0004 0.0004
28.9065 0.0004 0.0004
28.9236 0.0004 0.0004
28.9408 0.0004 0.0004
28.9580 0.0004 0.0004
28.9752 0.0004 0.0004
28.9924 0.0004 0.0004
29.0096 0.0004 0.0004
29.0268 0.0004 0.0004
29.0439 0.0004 0.0004
29.0611 0.0004 0.0004
29.0783 0.0004 0.0004
29.0955 0.0004 0.0004
29.1127 0.0004 0.0004
29.1299 0.0004 0.0004
29.1471 0.0004 0.0004
29.1642 0.0004 0.0004
29.1814 0.0004 0.0004
29.1986 0.0004 0.0004
29.2158 0.0004 0.0004
29.2330 0.0004 0.0004
29.2502 0.0004 0.0004
29.2674 0.0004 0.0004
29.2845 0.0004 0.0004
29.3017 0.0004 0.0004
29.3189 0.0004 0.0004
29.3361 0.0004 0.0004
29.3533 0.0004 0.0004
29.3705 0.0004 0.0004
29.3877 0.0004 0.0004
29.4048 0.0004 0.0004
29.4220 0.0004 0.0004
29.4392 0.0004 0.0004
29.4564 0.0004 0.0004
29.4736 0.0004 0.0004
29.4908 0.0004 0.0004
29.5080 0.0004 0.0004
29.5251 0.0004 0.0004
29.5423 0.0004 0.0004
29.5595 0.0004 0.0004
29.5767 0.0004 0.0004
29.5939 0.0004 0.0004
29.6111 0.0004 0.0004
29.6283 0.0004 0.0004
29.6454 0.0004 0.0004
29.6626 0.0004 0.0004
29.6798 0.0004 0.0004
29.6970 0.0004 0.0004
29.7142 0.0004 0.0004
29.7314 0.0004 0.0004
29.7486 0.0004 0.0004
29.7658 0.0004 0.0004
29.7829 0.0004 0.0004
29.8001 0.0004 0.0004
29.8173 0.0004 0.0004
29.8345 0.0004 0.0004
29.8517 0.0004 0.0004
29.8689 0.0004 0.0004
29.8861 0.0004 0.0004
29.9032 0.0004 0.0004
29.9204 0.0004 0.0004
29.9376 0.0004 0.0004
29.9548 0.0004 0.0004
29.9720 0.0004 0.0004
29.9892 0.0004 0.0004
30.0064 0.0004 0.0004
30.0235 0.0004 0.0004
30.0407 0.0004 0.0004
30.0579 0.0004 0.0004
30.0751 0.0004 0.0004
30.0923 0.0004 0.0004
30.1095 0.0004 0.0004
30.1267 0.0004 0.0004
30.1438 0.0004 0.0004
30.1610 0.0004 0.0004
30.1782 0.0003 0.0004
30.1954 0.0003 0.0004
30.2126 0.0003 0.0004
30.2298 0.0003 0.0004
30.2470 0.0003 0.0004
30.2641 0.0003 0.0004
30.2813 0.0003 0.0004
30.2985 0.0003 0.0004
30.3157 0.0003 0.0004
30.3329 0.0003 0.0004
30.3501 0.0003 0.0004
30.3673 0.0003 0.0004
30.3844 0.0003 0.0004
30.4016 0.0003 0.0004
30.4188 0.0003 0.0004
30.4360 0.0003 0.0004
30.4532 0.0003 0.0003
30.4704 0.0003 0.0003
30.4876 0.0003 0.0003
30.5047 0.0003 0.0003
30.5219 0.0003 0.0003
30.5391 0.0003 0.0003
30.5563 0.0003 0.0003
30.5735 0.0003 0.0003
30.5907 0.0003 0.0003
30.6079 0.0003 0.0003
30.6250 0.0003 0.0003
30.6422 0.0003 0.0003
30.6594 0.0003 0.0003
30.6766 0.0003 0.0003
30.6938 0.0003 0.0003
30.7110 0.0003 0.0003
30.7282 0.0003 0.0003
30.7453 0.0003 0.0003
30.7625 0.0003 0.0003
30.7797 0.0003 0.0003
30.7969 0.0003 0.0003
30.8141 0.0003 0.0003
30.8313 0.0003 0.0003
30.8485 0.0003 0.0003
30.8656 0.0003 0.0003
30.8828 0.0003 0.0003
30.9000 0.0003 0.0003
30.9172 0.0003 0.0003
30.9344 0.0003 0.0003
30.9516 0.0003 0.0003
30.9688 0.0003 0.0003
30.9859 0.0003 0.0003
31.0031 0.0003 0.0003
31.0203 0.0003 0.0003
31.0375 0.0003 0.0003
31.0547 0.0003 0.0003
31.0719 0.0003 0.0003
31.0891 0.0003 0.0003
31.1062 0.0003 0.0003
31.1234 0.0003 0.0003
31.1406 0.0003 0.0003
31.1578 0.0003 0.0003
31.1750 0.0003 0.0003
31.1922 0.0003 0.0003
31.2094 0.0003 0.0003
31.2265 0.0003 0.0003
31.2437 0.0003 0.0003
31.2609 0.0003 0.0003
31.2781 0.0003 0.0003
31.2953 0.0003 0.0003
31.3125 0.0003 0.0003
31.3297 0.0003 0.0003
31.3468 0.0003 0.0003
31.3640 0.0003 0.0003
31.3812 0.0003 0.0003
31.3984 0.0003 0.0003
31.4156 0.0003 0.0003
31.4328 0.0003 0.0003
31.4500 0.0003 0.0003
31.4671 0.0003 0.0003
31.4843 0.0003 0.0003
31.5015 0.0003 0.0003
31.5187 0.0003 0.0003
31.5359 0.0003 0.0003
31.5531 0.0003 0.0003
31.5703 0.0003 0.0003
31.5874 0.0003 0.0003
31.6046 0.0003 0.0003
31.6218 0.0003 0.0003
31.6390 0.0003 0.0003
31.6562 0.0003 0.0003
31.6734 0.0003 0.0003
31.6906 0.0003 0.0003
31.7077 0.0003 0.0003
31.7249 0.0003 0.0003
31.7421 0.0003 0.0003
31.7593 0.0003 0.0003
31.7765 0.0003 0.0003
31.7937 0.0003 0.0003
31.8109 0.0003 0.0003
31.8280 0.0003 0.0003
31.8452 0.0003 0.0003
31.8624 0.0003 0.0003
31.8796 0.0003 0.0003
31.8968 0.0003 0.0003
31.9140 0.0003 0.0003
31.9312 0.0003 0.0003
31.9483 0.0003 0.0003
31.9655 0.0003 0.0003
31.9827 0.0003 0.0003
31.9999 0.0003 0.0003
32.0171 0.0003 0.0003
32.0343 0.0003 0.0003
32.0515 0.0003 0.0003
32.0686 0.0003 0.0003
32.0858 0.0003 0.0003
32.1030 0.0003 0.0003
32.1202 0.0003 0.0003
32.1374 0.0003 0.0003
32.1546 0.0003 0.0003
32.1718 0.0003 0.0003
32.1889 0.0003 0.0003
32.2061 0.0003 0.0003
32.2233 0.0003 0.0003
32.2405 0.0003 0.0003
32.2577 0.0003 0.0003
32.2749 0.0003 0.0003
32.2921 0.0003 0.0003
32.3092 0.0003 0.0003
32.3264 0.0003 0.0003
32.3436 0.0003 0.0003
32.3608 0.0003 0.0003
32.3780 0.0003 0.0003
32.3952 0.0003 0.0003
32.4124 0.0003 0.0003
32.4295 0.0003 0.0003
32.4467 0.0003 0.0003
32.4639 0.0003 0.0003
32.4811 0.0003 0.0003
32.4983 0.0003 0.0003
32.5155 0.0003 0.0003
32.5327 0.0003 0.0003
32.5498 0.0003 0.0003
32.5670 0.0003 0.0003
32.5842 0.0003 0.0003
32.6014 0.0003 0.0003
32.6186 0.0003 0.0003
32.6358 0.0003 0.0003
32.6530 0.0003 0.0003
32.6701 0.0003 0.0003
32.6873 0.0003 0.0003
32.7045 0.0003 0.0003
32.7217 0.0003 0.0003
32.7389 0.0003 0.0003
32.7561 0.0003 0.0003
32.7733 0.0003 0.0003
32.7904 0.0003 0.0003
32.8076 0.0003 0.0003
32.8248 0.0003 0.0003
32.8420 0.0003 0.0003
32.8592 0.0003 0.0003
32.8764 0.0003 0.0003
32.8936 0.0003 0.0003
32.9107 0.0003 0.0003
32.9279 0.0003 0.0003
32.9451 0.0003 0.0003
32.9623 0.0003 0.0003
32.9795 0.0003 0.0003
32.9967 0.0003 0.0003
33.0139 0.0003 0.0003
33.0310 0.0003 0.0003
33.0482 0.0003 0.0003
33.0654 0.0003 0.0003
33.0826 0.0003 0.0003
33.0998 0.0003 0.0003
33.1170 0.0002 0.0003
33.1342 0.0002 0.0003
33.1513 0.0002 0.0003
33.1685 0.0002 0.0003
33.1857 0.0002 0.0003
33.2029 0.0002 0.0003
33.2201 0.0002 0.0003
33.2373 0.0002 0.0003
33.2545 0.0002 0.0003
33.2716 0.0002 0.0003
33.2888 0.0002 0.0003
33.3060 0.0002 0.0003
33.3232 0.0002 0.0003
33.3404 0.0002 0.0003
33.3576 0.0002 0.0003
33.3748 0.0002 0.0003
33.3919 0.0002 0.0003
33.4091 0.0002 0.0003
33.4263 0.0002 0.0002
33.4435 0.0002 0.0002
33.4607 0.0002 0.0002
33.4779 0.0002 0.0002
33.4951 0.0002 0.0002
33.5122 0.0002 0.0002
33.5294 0.0002 0.0002
33.5466 0.0002 0.0002
33.5638 0.0002 0.0002
33.5810 0.0002 0.0002
33.5982 0.0002 0.0002
33.6154 0.0002 0.0002
33.6325 0.0002 0.0002
33.6497 0.0002 0.0002
33.6669 0.0002 0.0002
33.6841 0.0002 0.0002
33.7013 0.0002 0.0002
33.7185 0.0002 0.0002
33.7357 0.0002 0.0002
33.7528 0.0002 0.0002
33.7700 0.0002 0.0002
33.7872 0.0002 0.0002
33.8044 0.0002 0.0002
33.8216 0.0002 0.0002
33.8388 0.0002 0.0002
33.8560 0.0002 0.0002
33.8731 0.0002 0.0002
33.8903 0.0002 0.0002
33.9075 0.0002 0.0002
33.9247 0.0002 0.0002
33.9419 0.0002 0.0002
33.9591 0.0002 0.0002
33.9763 0.0002 0.0002
33.9934 0.0002 0.0002
34.0106 0.0002 0.0002
34.0278 0.0002 0.0002
34.0450 0.0002 0.0002
34.0622 0.0002 0.0002
34.0794 0.0002 0.0002
34.0966 0.0002 0.0002
34.1137 0.0002 0.0002
34.1309 0.0002 0.0002
34.1481 0.0002 0.0002
34.1653 0.0002 0.0002
34.1825 0.0002 0.0002
34.1997 0.0002 0.0002
34.2169 0.0002 0.0002
34.2340 0.0002 0.0002
34.2512 0.0002 0.0002
34.2684 0.0002 0.0002
34.2856 0.0002 0.0002
34.3028 0.0002 0.0002
34.3200 0.0002 0.0002
34.3372 0.0002 0.0002
34.3544 0.0002 0.0002
  
  
  
  
  
dim="1">gridpoints</dimension>  
  
  
  
  
  
  
  
  
0.0000 196.3231 222.8694
0.0172 196.3231 222.8694
0.0344 98.1477 111.3756
0.0516 65.4189 74.1861
0.0687 49.0545 55.5742
0.0859 39.2388 44.3951
0.1031 32.7001 36.9341
0.1203 28.0368 31.5994
0.1375 24.5480 27.5954
0.1547 21.8443 24.4801
0.1719 19.6919 21.9883
0.1890 17.9418 19.9514
0.2062 16.4944 18.2567
0.2234 15.2803 16.8262
0.2406 14.2496 15.6039
0.2578 13.3656 14.5488
0.2750 12.6002 13.6297
0.2922 11.9316 12.8226
0.3093 11.3427 12.1087
0.3265 10.8197 11.4727
0.3437 10.3515 10.9024
0.3609 9.9288 10.3877
0.3781 9.5441 9.9201
0.3953 9.1911 9.4925
0.4125 8.8644 9.0988
0.4296 8.5598 8.7341
0.4468 8.2736 8.3939
0.4640 8.0030 8.0747
0.4812 7.7454 7.7733
0.4984 7.4991 7.4873
0.5156 7.2624 7.2146
0.5328 7.0343 6.9534
0.5499 6.8140 6.7025
0.5671 6.6009 6.4608
0.5843 6.3947 6.2277
0.6015 6.1952 6.0025
0.6187 6.0024 5.7850
0.6359 5.8163 5.5749
0.6531 5.6370 5.3723
0.6702 5.4646 5.1770
0.6874 5.2992 4.9892
0.7046 5.1410 4.8090
0.7218 4.9899 4.6364
0.7390 4.8460 4.4715
0.7562 4.7091 4.3143
0.7734 4.5791 4.1649
0.7905 4.4559 4.0231
0.8077 4.3392 3.8889
0.8249 4.2287 3.7621
0.8421 4.1241 3.6424
0.8593 4.0252 3.5297
0.8765 3.9315 3.4236
0.8937 3.8427 3.3238
0.9108 3.7585 3.2300
0.9280 3.6786 3.1419
0.9452 3.6026 3.0591
0.9624 3.5302 2.9813
0.9796 3.4612 2.9083
0.9968 3.3951 2.8400
1.0140 3.3317 2.7760
1.0311 3.2706 2.7163
1.0483 3.2118 2.6609
1.0655 3.1548 2.6097
1.0827 3.0995 2.5627
1.0999 3.0457 2.5198
1.1171 2.9933 2.4812
1.1343 2.9424 2.4467
1.1514 2.8927 2.4164
1.1686 2.8445 2.3903
1.1858 2.7978 2.3682
1.2030 2.7526 2.3500
1.2202 2.7092 2.3354
1.2374 2.6676 2.3241
1.2546 2.6281 2.3159
1.2717 2.5906 2.3103
1.2889 2.5554 2.3070
1.3061 2.5224 2.3053
1.3233 2.4916 2.3049
1.3405 2.4631 2.3051
1.3577 2.4365 2.3057
1.3749 2.4120 2.3060
1.3920 2.3891 2.3057
1.4092 2.3678 2.3043
1.4264 2.3478 2.3018
1.4436 2.3289 2.2977
1.4608 2.3108 2.2920
1.4780 2.2933 2.2845
1.4952 2.2763 2.2754
1.5123 2.2596 2.2646
1.5295 2.2430 2.2523
1.5467 2.2266 2.2386
1.5639 2.2103 2.2238
1.5811 2.1941 2.2081
1.5983 2.1781 2.1917
1.6155 2.1623 2.1748
1.6326 2.1470 2.1578
1.6498 2.1323 2.1408
1.6670 2.1182 2.1240
1.6842 2.1049 2.1076
1.7014 2.0926 2.0918
1.7186 2.0814 2.0766
1.7358 2.0713 2.0622
1.7529 2.0625 2.0486
1.7701 2.0549 2.0357
1.7873 2.0486 2.0235
1.8045 2.0434 2.0119
1.8217 2.0394 2.0008
1.8389 2.0363 1.9901
1.8561 2.0341 1.9796
1.8732 2.0325 1.9691
1.8904 2.0313 1.9585
1.9076 2.0305 1.9477
1.9248 2.0296 1.9363
1.9420 2.0287 1.9244
1.9592 2.0273 1.9119
1.9764 2.0255 1.8986
1.9935 2.0230 1.8847
2.0107 2.0197 1.8700
2.0279 2.0155 1.8547
2.0451 2.0103 1.8389
2.0623 2.0041 1.8228
2.0795 1.9969 1.8063
2.0967 1.9886 1.7898
2.1138 1.9793 1.7734
2.1310 1.9689 1.7571
2.1482 1.9575 1.7413
2.1654 1.9451 1.7259
2.1826 1.9315 1.7111
2.1998 1.9168 1.6969
2.2170 1.9009 1.6834
2.2341 1.8838 1.6705
2.2513 1.8652 1.6582
2.2685 1.8452 1.6466
2.2857 1.8236 1.6354
2.3029 1.8004 1.6247
2.3201 1.7755 1.6144
2.3373 1.7489 1.6045
2.3545 1.7207 1.5949
2.3716 1.6910 1.5856
2.3888 1.6599 1.5766
2.4060 1.6275 1.5679
2.4232 1.5943 1.5596
2.4404 1.5603 1.5516
2.4576 1.5261 1.5441
2.4748 1.4919 1.5370
2.4919 1.4580 1.5303
2.5091 1.4249 1.5242
2.5263 1.3929 1.5187
2.5435 1.3622 1.5136
2.5607 1.3332 1.5089
2.5779 1.3060 1.5047
2.5951 1.2809 1.5008
2.6122 1.2578 1.4971
2.6294 1.2369 1.4935
2.6466 1.2182 1.4900
2.6638 1.2016 1.4863
2.6810 1.1870 1.4824
2.6982 1.1744 1.4782
2.7154 1.1635 1.4737
2.7325 1.1541 1.4686
2.7497 1.1463 1.4631
2.7669 1.1397 1.4571
2.7841 1.1341 1.4505
2.8013 1.1296 1.4434
2.8185 1.1258 1.4357
2.8357 1.1227 1.4276
2.8528 1.1201 1.4189
2.8700 1.1178 1.4098
2.8872 1.1159 1.4002
2.9044 1.1141 1.3903
2.9216 1.1124 1.3799
2.9388 1.1105 1.3693
2.9560 1.1085 1.3583
2.9731 1.1062 1.3470
2.9903 1.1034 1.3355
3.0075 1.1001 1.3238
3.0247 1.0963 1.3120
3.0419 1.0918 1.3002
3.0591 1.0866 1.2883
3.0763 1.0806 1.2765
3.0934 1.0739 1.2649
3.1106 1.0666 1.2534
3.1278 1.0585 1.2420
3.1450 1.0499 1.2309
3.1622 1.0407 1.2200
3.1794 1.0311 1.2094
3.1966 1.0212 1.1989
3.2137 1.0110 1.1885
3.2309 1.0007 1.1783
3.2481 0.9904 1.1682
3.2653 0.9802 1.1581
3.2825 0.9701 1.1481
3.2997 0.9602 1.1382
3.3169 0.9507 1.1283
3.3340 0.9416 1.1185
3.3512 0.9329 1.1087
3.3684 0.9247 1.0991
3.3856 0.9169 1.0898
3.4028 0.9098 1.0806
3.4200 0.9031 1.0717
3.4372 0.8970 1.0632
3.4543 0.8913 1.0551
3.4715 0.8861 1.0474
3.4887 0.8813 1.0400
3.5059 0.8769 1.0332
3.5231 0.8727 1.0267
3.5403 0.8687 1.0205
3.5575 0.8648 1.0147
3.5746 0.8608 1.0092
3.5918 0.8568 1.0040
3.6090 0.8527 0.9989
3.6262 0.8483 0.9939
3.6434 0.8436 0.9891
3.6606 0.8387 0.9844
3.6778 0.8334 0.9797
3.6949 0.8278 0.9750
3.7121 0.8220 0.9704
3.7293 0.8160 0.9659
3.7465 0.8097 0.9613
3.7637 0.8034 0.9568
3.7809 0.7971 0.9522
3.7981 0.7909 0.9477
3.8152 0.7849 0.9431
3.8324 0.7792 0.9385
3.8496 0.7738 0.9337
3.8668 0.7689 0.9288
3.8840 0.7644 0.9236
3.9012 0.7605 0.9182
3.9184 0.7572 0.9124
3.9355 0.7544 0.9062
3.9527 0.7522 0.8995
3.9699 0.7505 0.8923
3.9871 0.7494 0.8846
4.0043 0.7488 0.8765
4.0215 0.7487 0.8678
4.0387 0.7489 0.8588
4.0558 0.7495 0.8494
4.0730 0.7505 0.8397
4.0902 0.7517 0.8299
4.1074 0.7530 0.8200
4.1246 0.7546 0.8101
4.1418 0.7562 0.8005
4.1590 0.7578 0.7912
4.1761 0.7593 0.7822
4.1933 0.7607 0.7737
4.2105 0.7620 0.7658
4.2277 0.7629 0.7584
4.2449 0.7635 0.7517
4.2621 0.7637 0.7455
4.2793 0.7633 0.7399
4.2964 0.7624 0.7349
4.3136 0.7609 0.7303
4.3308 0.7587 0.7262
4.3480 0.7558 0.7225
4.3652 0.7522 0.7191
4.3824 0.7479 0.7160
4.3996 0.7430 0.7132
4.4167 0.7375 0.7107
4.4339 0.7314 0.7083
4.4511 0.7250 0.7063
4.4683 0.7181 0.7044
4.4855 0.7111 0.7029
4.5027 0.7038 0.7016
4.5199 0.6965 0.7007
4.5370 0.6892 0.7001
4.5542 0.6819 0.6998
4.5714 0.6747 0.6999
4.5886 0.6676 0.7004
4.6058 0.6607 0.7011
4.6230 0.6538 0.7021
4.6402 0.6471 0.7034
4.6573 0.6403 0.7048
4.6745 0.6336 0.7063
4.6917 0.6269 0.7079
4.7089 0.6202 0.7095
4.7261 0.6133 0.7109
4.7433 0.6064 0.7122
4.7605 0.5995 0.7133
4.7776 0.5924 0.7142
4.7948 0.5854 0.7147
4.8120 0.5785 0.7149
4.8292 0.5716 0.7148
4.8464 0.5649 0.7142
4.8636 0.5584 0.7133
4.8808 0.5523 0.7119
4.8979 0.5465 0.7101
4.9151 0.5410 0.7079
4.9323 0.5360 0.7053
4.9495 0.5315 0.7022
4.9667 0.5273 0.6987
4.9839 0.5236 0.6948
5.0011 0.5202 0.6905
5.0182 0.5172 0.6856
5.0354 0.5144 0.6803
5.0526 0.5119 0.6746
5.0698 0.5094 0.6683
5.0870 0.5070 0.6616
5.1042 0.5047 0.6544
5.1214 0.5022 0.6467
5.1385 0.4997 0.6386
5.1557 0.4971 0.6300
5.1729 0.4944 0.6212
5.1901 0.4916 0.6120
5.2073 0.4886 0.6027
5.2245 0.4855 0.5932
5.2417 0.4823 0.5837
5.2588 0.4792 0.5742
5.2760 0.4760 0.5650
5.2932 0.4728 0.5560
5.3104 0.4698 0.5473
5.3276 0.4669 0.5391
5.3448 0.4641 0.5314
5.3620 0.4615 0.5242
5.3791 0.4592 0.5177
5.3963 0.4570 0.5118
5.4135 0.4551 0.5065
5.4307 0.4535 0.5018
5.4479 0.4520 0.4978
5.4651 0.4507 0.4944
5.4823 0.4496 0.4915
5.4994 0.4486 0.4891
5.5166 0.4478 0.4871
5.5338 0.4470 0.4855
5.5510 0.4463 0.4843
5.5682 0.4457 0.4833
5.5854 0.4450 0.4825
5.6026 0.4444 0.4819
5.6197 0.4438 0.4814
5.6369 0.4432 0.4809
5.6541 0.4426 0.4806
5.6713 0.4420 0.4802
5.6885 0.4414 0.4798
5.7057 0.4409 0.4793
5.7229 0.4403 0.4788
5.7400 0.4398 0.4782
5.7572 0.4394 0.4775
5.7744 0.4389 0.4766
5.7916 0.4385 0.4756
5.8088 0.4381 0.4745
5.8260 0.4376 0.4733
5.8432 0.4372 0.4718
5.8603 0.4367 0.4703
5.8775 0.4361 0.4685
5.8947 0.4354 0.4666
5.9119 0.4347 0.4646
5.9291 0.4338 0.4624
5.9463 0.4328 0.4601
5.9635 0.4317 0.4577
5.9806 0.4305 0.4552
5.9978 0.4292 0.4526
6.0150 0.4277 0.4500
6.0322 0.4262 0.4474
6.0494 0.4246 0.4447
6.0666 0.4230 0.4420
6.0838 0.4213 0.4394
6.1009 0.4196 0.4368
6.1181 0.4179 0.4342
6.1353 0.4162 0.4317
6.1525 0.4146 0.4293
6.1697 0.4129 0.4270
6.1869 0.4113 0.4248
6.2041 0.4097 0.4227
6.2212 0.4081 0.4206
6.2384 0.4065 0.4187
6.2556 0.4049 0.4169
6.2728 0.4033 0.4153
6.2900 0.4016 0.4137
6.3072 0.4000 0.4122
6.3244 0.3982 0.4109
6.3415 0.3964 0.4096
6.3587 0.3945 0.4085
6.3759 0.3925 0.4074
6.3931 0.3904 0.4064
6.4103 0.3883 0.4055
6.4275 0.3860 0.4046
6.4447 0.3837 0.4037
6.4618 0.3814 0.4029
6.4790 0.3790 0.4021
6.4962 0.3767 0.4012
6.5134 0.3744 0.4004
6.5306 0.3721 0.3995
6.5478 0.3700 0.3986
6.5650 0.3679 0.3977
6.5821 0.3661 0.3968
6.5993 0.3643 0.3958
6.6165 0.3627 0.3947
6.6337 0.3613 0.3937
6.6509 0.3601 0.3926
6.6681 0.3590 0.3915
6.6853 0.3581 0.3904
6.7024 0.3573 0.3893
6.7196 0.3566 0.3882
6.7368 0.3559 0.3871
6.7540 0.3554 0.3859
6.7712 0.3549 0.3848
6.7884 0.3544 0.3836
6.8056 0.3539 0.3824
6.8227 0.3534 0.3812
6.8399 0.3529 0.3799
6.8571 0.3523 0.3786
6.8743 0.3517 0.3772
6.8915 0.3512 0.3758
6.9087 0.3505 0.3743
6.9259 0.3499 0.3728
6.9431 0.3493 0.3713
6.9602 0.3486 0.3697
6.9774 0.3480 0.3681
6.9946 0.3474 0.3665
7.0118 0.3468 0.3650
7.0290 0.3462 0.3634
7.0462 0.3456 0.3620
7.0634 0.3450 0.3605
7.0805 0.3444 0.3592
7.0977 0.3438 0.3579
7.1149 0.3432 0.3567
7.1321 0.3426 0.3556
7.1493 0.3420 0.3546
7.1665 0.3413 0.3537
7.1837 0.3405 0.3529
7.2008 0.3397 0.3522
7.2180 0.3389 0.3516
7.2352 0.3380 0.3510
7.2524 0.3371 0.3506
7.2696 0.3361 0.3502
7.2868 0.3351 0.3499
7.3040 0.3341 0.3497
7.3211 0.3331 0.3495
7.3383 0.3322 0.3494
7.3555 0.3313 0.3494
7.3727 0.3305 0.3494
7.3899 0.3298 0.3495
7.4071 0.3292 0.3496
7.4243 0.3287 0.3497
7.4414 0.3283 0.3498
7.4586 0.3281 0.3499
7.4758 0.3280 0.3500
7.4930 0.3281 0.3501
7.5102 0.3283 0.3502
7.5274 0.3286 0.3502
7.5446 0.3290 0.3502
7.5617 0.3296 0.3502
7.5789 0.3302 0.3501
7.5961 0.3309 0.3500
7.6133 0.3316 0.3498
7.6305 0.3324 0.3496
7.6477 0.3332 0.3495
7.6649 0.3341 0.3493
7.6820 0.3349 0.3491
7.6992 0.3358 0.3490
7.7164 0.3366 0.3488
7.7336 0.3374 0.3487
7.7508 0.3382 0.3486
7.7680 0.3390 0.3486
7.7852 0.3398 0.3485
7.8023 0.3405 0.3485
7.8195 0.3412 0.3485
7.8367 0.3419 0.3485
7.8539 0.3426 0.3484
7.8711 0.3432 0.3484
7.8883 0.3437 0.3482
7.9055 0.3442 0.3480
7.9226 0.3447 0.3478
7.9398 0.3450 0.3474
7.9570 0.3453 0.3469
7.9742 0.3456 0.3464
7.9914 0.3457 0.3457
8.0086 0.3458 0.3449
8.0258 0.3458 0.3441
8.0429 0.3457 0.3431
8.0601 0.3455 0.3421
8.0773 0.3452 0.3411
8.0945 0.3449 0.3400
8.1117 0.3445 0.3389
8.1289 0.3441 0.3379
8.1461 0.3436 0.3369
8.1632 0.3431 0.3359
8.1804 0.3427 0.3351
8.1976 0.3423 0.3343
8.2148 0.3420 0.3337
8.2320 0.3417 0.3331
8.2492 0.3415 0.3327
8.2664 0.3414 0.3324
8.2835 0.3415 0.3321
8.3007 0.3416 0.3319
8.3179 0.3419 0.3318
8.3351 0.3423 0.3318
8.3523 0.3427 0.3317
8.3695 0.3433 0.3317
8.3867 0.3439 0.3317
8.4038 0.3445 0.3317
8.4210 0.3452 0.3317
8.4382 0.3459 0.3316
8.4554 0.3465 0.3316
8.4726 0.3471 0.3315
8.4898 0.3477 0.3313
8.5070 0.3482 0.3312
8.5241 0.3486 0.3310
8.5413 0.3490 0.3307
8.5585 0.3492 0.3305
8.5757 0.3494 0.3301
8.5929 0.3495 0.3297
8.6101 0.3495 0.3293
8.6273 0.3495 0.3287
8.6444 0.3494 0.3281
8.6616 0.3493 0.3274
8.6788 0.3491 0.3266
8.6960 0.3488 0.3257
8.7132 0.3485 0.3248
8.7304 0.3482 0.3237
8.7476 0.3478 0.3225
8.7647 0.3474 0.3213
8.7819 0.3470 0.3200
8.7991 0.3465 0.3187
8.8163 0.3459 0.3173
8.8335 0.3453 0.3160
8.8507 0.3446 0.3146
8.8679 0.3439 0.3134
8.8850 0.3432 0.3122
8.9022 0.3425 0.3112
8.9194 0.3417 0.3103
8.9366 0.3410 0.3096
8.9538 0.3403 0.3090
8.9710 0.3397 0.3087
8.9882 0.3391 0.3086
9.0053 0.3387 0.3087
9.0225 0.3383 0.3091
9.0397 0.3381 0.3097
9.0569 0.3381 0.3105
9.0741 0.3382 0.3115
9.0913 0.3385 0.3127
9.1085 0.3389 0.3140
9.1256 0.3394 0.3155
9.1428 0.3401 0.3171
9.1600 0.3409 0.3188
9.1772 0.3418 0.3205
9.1944 0.3427 0.3223
9.2116 0.3437 0.3241
9.2288 0.3447 0.3258
9.2459 0.3456 0.3275
9.2631 0.3466 0.3292
9.2803 0.3475 0.3308
9.2975 0.3483 0.3324
9.3147 0.3490 0.3338
9.3319 0.3496 0.3352
9.3491 0.3502 0.3364
9.3662 0.3506 0.3376
9.3834 0.3510 0.3387
9.4006 0.3513 0.3397
9.4178 0.3515 0.3407
9.4350 0.3517 0.3416
9.4522 0.3518 0.3424
9.4694 0.3519 0.3432
9.4865 0.3521 0.3439
9.5037 0.3522 0.3447
9.5209 0.3524 0.3454
9.5381 0.3526 0.3460
9.5553 0.3529 0.3467
9.5725 0.3532 0.3474
9.5897 0.3536 0.3481
9.6068 0.3541 0.3488
9.6240 0.3546 0.3495
9.6412 0.3552 0.3502
9.6584 0.3559 0.3509
9.6756 0.3566 0.3516
9.6928 0.3574 0.3523
9.7100 0.3582 0.3530
9.7271 0.3590 0.3537
9.7443 0.3599 0.3544
9.7615 0.3607 0.3551
9.7787 0.3616 0.3557
9.7959 0.3625 0.3563
9.8131 0.3633 0.3569
9.8303 0.3642 0.3575
9.8474 0.3650 0.3581
9.8646 0.3659 0.3586
9.8818 0.3667 0.3592
9.8990 0.3675 0.3598
9.9162 0.3683 0.3604
9.9334 0.3692 0.3610
9.9506 0.3700 0.3616
9.9677 0.3709 0.3623
9.9849 0.3717 0.3631
10.0021 0.3726 0.3639
10.0193 0.3736 0.3648
10.0365 0.3745 0.3658
10.0537 0.3755 0.3667
10.0709 0.3765 0.3678
10.0880 0.3775 0.3689
10.1052 0.3786 0.3700
10.1224 0.3796 0.3711
10.1396 0.3807 0.3722
10.1568 0.3818 0.3733
10.1740 0.3828 0.3744
10.1912 0.3839 0.3754
10.2083 0.3849 0.3764
10.2255 0.3859 0.3773
10.2427 0.3870 0.3781
10.2599 0.3879 0.3788
10.2771 0.3889 0.3795
10.2943 0.3899 0.3801
10.3115 0.3908 0.3807
10.3286 0.3917 0.3812
10.3458 0.3927 0.3816
10.3630 0.3935 0.3820
10.3802 0.3944 0.3824
10.3974 0.3952 0.3828
10.4146 0.3960 0.3832
10.4318 0.3967 0.3836
10.4489 0.3974 0.3839
10.4661 0.3980 0.3843
10.4833 0.3985 0.3846
10.5005 0.3990 0.3850
10.5177 0.3995 0.3853
10.5349 0.3999 0.3856
10.5521 0.4002 0.3858
10.5692 0.4005 0.3860
10.5864 0.4008 0.3862
10.6036 0.4011 0.3863
10.6208 0.4014 0.3863
10.6380 0.4017 0.3863
10.6552 0.4020 0.3863
10.6724 0.4023 0.3863
10.6895 0.4027 0.3862
10.7067 0.4031 0.3861
10.7239 0.4036 0.3860
10.7411 0.4041 0.3859
10.7583 0.4047 0.3858
10.7755 0.4052 0.3858
10.7927 0.4059 0.3857
10.8098 0.4065 0.3857
10.8270 0.4071 0.3858
10.8442 0.4078 0.3858
10.8614 0.4085 0.3860
10.8786 0.4091 0.3862
10.8958 0.4098 0.3864
10.9130 0.4104 0.3868
10.9301 0.4110 0.3872
10.9473 0.4116 0.3876
10.9645 0.4121 0.3882
10.9817 0.4126 0.3888
10.9989 0.4131 0.3895
11.0161 0.4136 0.3902
11.0333 0.4140 0.3910
11.0504 0.4144 0.3918
11.0676 0.4148 0.3927
11.0848 0.4151 0.3936
11.1020 0.4154 0.3946
11.1192 0.4157 0.3955
11.1364 0.4159 0.3964
11.1536 0.4161 0.3974
11.1707 0.4162 0.3983
11.1879 0.4163 0.3991
11.2051 0.4164 0.4000
11.2223 0.4164 0.4008
11.2395 0.4163 0.4015
11.2567 0.4162 0.4022
11.2739 0.4160 0.4028
11.2910 0.4158 0.4034
11.3082 0.4154 0.4039
11.3254 0.4150 0.4044
11.3426 0.4145 0.4048
11.3598 0.4138 0.4052
11.3770 0.4131 0.4056
11.3942 0.4123 0.4060
11.4113 0.4114 0.4064
11.4285 0.4103 0.4069
11.4457 0.4092 0.4074
11.4629 0.4080 0.4079
11.4801 0.4066 0.4086
11.4973 0.4052 0.4093
11.5145 0.4038 0.4101
11.5317 0.4022 0.4111
11.5488 0.4007 0.4121
11.5660 0.3991 0.4133
11.5832 0.3975 0.4145
11.6004 0.3960 0.4159
11.6176 0.3945 0.4173
11.6348 0.3930 0.4187
11.6520 0.3916 0.4202
11.6691 0.3903 0.4217
11.6863 0.3891 0.4232
11.7035 0.3880 0.4247
11.7207 0.3869 0.4261
11.7379 0.3860 0.4274
11.7551 0.3851 0.4286
11.7723 0.3843 0.4297
11.7894 0.3835 0.4307
11.8066 0.3829 0.4315
11.8238 0.3822 0.4321
11.8410 0.3816 0.4326
11.8582 0.3811 0.4329
11.8754 0.3806 0.4331
11.8926 0.3801 0.4331
11.9097 0.3797 0.4330
11.9269 0.3793 0.4328
11.9441 0.3790 0.4325
11.9613 0.3788 0.4322
11.9785 0.3787 0.4318
11.9957 0.3786 0.4314
12.0129 0.3787 0.4311
12.0300 0.3789 0.4308
12.0472 0.3791 0.4306
12.0644 0.3795 0.4304
12.0816 0.3800 0.4303
12.0988 0.3805 0.4302
12.1160 0.3811 0.4303
12.1332 0.3818 0.4304
12.1503 0.3825 0.4305
12.1675 0.3833 0.4307
12.1847 0.3840 0.4308
12.2019 0.3848 0.4309
12.2191 0.3855 0.4310
12.2363 0.3862 0.4310
12.2535 0.3869 0.4309
12.2706 0.3875 0.4306
12.2878 0.3881 0.4303
12.3050 0.3888 0.4297
12.3222 0.3893 0.4290
12.3394 0.3899 0.4282
12.3566 0.3905 0.4272
12.3738 0.3912 0.4261
12.3909 0.3918 0.4248
12.4081 0.3925 0.4235
12.4253 0.3932 0.4221
12.4425 0.3940 0.4207
12.4597 0.3948 0.4192
12.4769 0.3957 0.4178
12.4941 0.3965 0.4165
12.5112 0.3974 0.4152
12.5284 0.3983 0.4141
12.5456 0.3992 0.4131
12.5628 0.4000 0.4122
12.5800 0.4009 0.4114
12.5972 0.4017 0.4108
12.6144 0.4024 0.4104
12.6315 0.4031 0.4100
12.6487 0.4038 0.4098
12.6659 0.4043 0.4097
12.6831 0.4049 0.4097
12.7003 0.4054 0.4097
12.7175 0.4058 0.4097
12.7347 0.4062 0.4097
12.7518 0.4066 0.4098
12.7690 0.4070 0.4098
12.7862 0.4074 0.4097
12.8034 0.4079 0.4095
12.8206 0.4083 0.4093
12.8378 0.4089 0.4090
12.8550 0.4095 0.4086
12.8721 0.4101 0.4082
12.8893 0.4108 0.4076
12.9065 0.4116 0.4069
12.9237 0.4124 0.4062
12.9409 0.4132 0.4054
12.9581 0.4141 0.4046
12.9753 0.4150 0.4037
12.9924 0.4159 0.4027
13.0096 0.4167 0.4017
13.0268 0.4176 0.4007
13.0440 0.4183 0.3997
13.0612 0.4190 0.3986
13.0784 0.4196 0.3976
13.0956 0.4202 0.3965
13.1127 0.4206 0.3954
13.1299 0.4209 0.3944
13.1471 0.4211 0.3933
13.1643 0.4211 0.3924
13.1815 0.4210 0.3914
13.1987 0.4207 0.3905
13.2159 0.4203 0.3897
13.2330 0.4197 0.3890
13.2502 0.4189 0.3884
13.2674 0.4180 0.3879
13.2846 0.4168 0.3876
13.3018 0.4155 0.3873
13.3190 0.4140 0.3873
13.3362 0.4123 0.3873
13.3533 0.4105 0.3875
13.3705 0.4085 0.3878
13.3877 0.4063 0.3882
13.4049 0.4040 0.3887
13.4221 0.4017 0.3893
13.4393 0.3992 0.3899
13.4565 0.3967 0.3905
13.4736 0.3941 0.3911
13.4908 0.3916 0.3917
13.5080 0.3891 0.3923
13.5252 0.3865 0.3928
13.5424 0.3841 0.3931
13.5596 0.3817 0.3934
13.5768 0.3794 0.3935
13.5939 0.3771 0.3935
13.6111 0.3749 0.3934
13.6283 0.3728 0.3931
13.6455 0.3707 0.3926
13.6627 0.3687 0.3919
13.6799 0.3667 0.3910
13.6971 0.3647 0.3900
13.7142 0.3627 0.3888
13.7314 0.3607 0.3874
13.7486 0.3586 0.3858
13.7658 0.3565 0.3841
13.7830 0.3543 0.3822
13.8002 0.3520 0.3801
13.8174 0.3497 0.3778
13.8345 0.3473 0.3754
13.8517 0.3448 0.3728
13.8689 0.3423 0.3700
13.8861 0.3396 0.3671
13.9033 0.3370 0.3641
13.9205 0.3343 0.3609
13.9377 0.3316 0.3576
13.9548 0.3289 0.3543
13.9720 0.3263 0.3508
13.9892 0.3236 0.3473
14.0064 0.3210 0.3437
14.0236 0.3184 0.3400
14.0408 0.3159 0.3364
14.0580 0.3134 0.3327
14.0751 0.3110 0.3290
14.0923 0.3086 0.3254
14.1095 0.3062 0.3217
14.1267 0.3038 0.3181
14.1439 0.3015 0.3145
14.1611 0.2991 0.3110
14.1783 0.2967 0.3075
14.1954 0.2943 0.3041
14.2126 0.2918 0.3006
14.2298 0.2893 0.2973
14.2470 0.2868 0.2939
14.2642 0.2841 0.2906
14.2814 0.2814 0.2873
14.2986 0.2786 0.2840
14.3157 0.2758 0.2808
14.3329 0.2728 0.2776
14.3501 0.2698 0.2744
14.3673 0.2668 0.2712
14.3845 0.2637 0.2682
14.4017 0.2605 0.2651
14.4189 0.2573 0.2622
14.4360 0.2541 0.2593
14.4532 0.2509 0.2564
14.4704 0.2476 0.2537
14.4876 0.2444 0.2510
14.5048 0.2412 0.2485
14.5220 0.2380 0.2460
14.5392 0.2349 0.2436
14.5563 0.2318 0.2413
14.5735 0.2287 0.2391
14.5907 0.2257 0.2369
14.6079 0.2228 0.2348
14.6251 0.2200 0.2328
14.6423 0.2172 0.2308
14.6595 0.2145 0.2289
14.6766 0.2118 0.2269
14.6938 0.2092 0.2250
14.7110 0.2067 0.2231
14.7282 0.2042 0.2212
14.7454 0.2017 0.2193
14.7626 0.1993 0.2173
14.7798 0.1969 0.2153
14.7969 0.1946 0.2133
14.8141 0.1923 0.2112
14.8313 0.1900 0.2091
14.8485 0.1877 0.2069
14.8657 0.1854 0.2047
14.8829 0.1832 0.2025
14.9001 0.1809 0.2002
14.9172 0.1787 0.1979
14.9344 0.1765 0.1955
14.9516 0.1743 0.1932
14.9688 0.1721 0.1908
14.9860 0.1700 0.1884
15.0032 0.1678 0.1860
15.0204 0.1657 0.1835
15.0375 0.1636 0.1811
15.0547 0.1615 0.1787
15.0719 0.1594 0.1763
15.0891 0.1573 0.1739
15.1063 0.1552 0.1715
15.1235 0.1532 0.1692
15.1407 0.1512 0.1668
15.1578 0.1492 0.1645
15.1750 0.1472 0.1622
15.1922 0.1452 0.1599
15.2094 0.1433 0.1577
15.2266 0.1413 0.1555
15.2438 0.1394 0.1534
15.2610 0.1376 0.1512
15.2781 0.1357 0.1492
15.2953 0.1339 0.1471
15.3125 0.1321 0.1451
15.3297 0.1304 0.1432
15.3469 0.1286 0.1413
15.3641 0.1269 0.1395
15.3813 0.1253 0.1377
15.3984 0.1236 0.1359
15.4156 0.1220 0.1342
15.4328 0.1204 0.1326
15.4500 0.1188 0.1310
15.4672 0.1173 0.1295
15.4844 0.1157 0.1279
15.5016 0.1142 0.1265
15.5187 0.1126 0.1250
15.5359 0.1111 0.1236
15.5531 0.1096 0.1222
15.5703 0.1081 0.1208
15.5875 0.1065 0.1194
15.6047 0.1051 0.1180
15.6219 0.1036 0.1166
15.6390 0.1021 0.1152
15.6562 0.1006 0.1138
15.6734 0.0992 0.1124
15.6906 0.0978 0.1110
15.7078 0.0964 0.1096
15.7250 0.0950 0.1083
15.7422 0.0937 0.1069
15.7593 0.0924 0.1056
15.7765 0.0911 0.1042
15.7937 0.0899 0.1029
15.8109 0.0886 0.1017
15.8281 0.0874 0.1005
15.8453 0.0863 0.0993
15.8625 0.0851 0.0982
15.8796 0.0840 0.0971
15.8968 0.0829 0.0961
15.9140 0.0819 0.0951
15.9312 0.0808 0.0942
15.9484 0.0798 0.0933
15.9656 0.0788 0.0925
15.9828 0.0779 0.0917
15.9999 0.0770 0.0909
16.0171 0.0761 0.0901
16.0343 0.0752 0.0894
16.0515 0.0743 0.0886
16.0687 0.0735 0.0879
16.0859 0.0726 0.0872
16.1031 0.0718 0.0864
16.1203 0.0710 0.0856
16.1374 0.0702 0.0849
16.1546 0.0695 0.0841
16.1718 0.0687 0.0832
16.1890 0.0680 0.0824
16.2062 0.0672 0.0815
16.2234 0.0665 0.0807
16.2406 0.0658 0.0798
16.2577 0.0652 0.0788
16.2749 0.0645 0.0779
16.2921 0.0638 0.0770
16.3093 0.0632 0.0760
16.3265 0.0626 0.0750
16.3437 0.0620 0.0740
16.3609 0.0614 0.0730
16.3780 0.0608 0.0720
16.3952 0.0603 0.0710
16.4124 0.0597 0.0700
16.4296 0.0592 0.0690
16.4468 0.0586 0.0679
16.4640 0.0581 0.0669
16.4812 0.0576 0.0659
16.4983 0.0571 0.0649
16.5155 0.0566 0.0640
16.5327 0.0561 0.0630
16.5499 0.0556 0.0621
16.5671 0.0550 0.0611
16.5843 0.0545 0.0602
16.6015 0.0540 0.0593
16.6186 0.0534 0.0584
16.6358 0.0528 0.0576
16.6530 0.0523 0.0567
16.6702 0.0517 0.0558
16.6874 0.0511 0.0550
16.7046 0.0504 0.0541
16.7218 0.0498 0.0532
16.7389 0.0491 0.0523
16.7561 0.0485 0.0515
16.7733 0.0478 0.0506
16.7905 0.0471 0.0497
16.8077 0.0465 0.0488
16.8249 0.0458 0.0480
16.8421 0.0451 0.0471
16.8592 0.0444 0.0462
16.8764 0.0438 0.0454
16.8936 0.0431 0.0445
16.9108 0.0425 0.0437
16.9280 0.0418 0.0429
16.9452 0.0412 0.0421
16.9624 0.0406 0.0414
16.9795 0.0400 0.0406
16.9967 0.0395 0.0399
17.0139 0.0389 0.0392
17.0311 0.0384 0.0386
17.0483 0.0379 0.0380
17.0655 0.0374 0.0374
17.0827 0.0369 0.0368
17.0998 0.0364 0.0362
17.1170 0.0360 0.0357
17.1342 0.0355 0.0352
17.1514 0.0351 0.0347
17.1686 0.0346 0.0342
17.1858 0.0341 0.0337
17.2030 0.0337 0.0333
17.2201 0.0332 0.0328
17.2373 0.0328 0.0324
17.2545 0.0323 0.0319
17.2717 0.0318 0.0315
17.2889 0.0313 0.0311
17.3061 0.0309 0.0307
17.3233 0.0304 0.0303
17.3404 0.0299 0.0299
17.3576 0.0294 0.0295
17.3748 0.0289 0.0291
17.3920 0.0283 0.0287
17.4092 0.0278 0.0283
17.4264 0.0273 0.0279
17.4436 0.0268 0.0275
17.4607 0.0263 0.0271
17.4779 0.0258 0.0267
17.4951 0.0253 0.0263
17.5123 0.0249 0.0260
17.5295 0.0244 0.0256
17.5467 0.0239 0.0252
17.5639 0.0235 0.0249
17.5810 0.0230 0.0245
17.5982 0.0226 0.0242
17.6154 0.0222 0.0239
17.6326 0.0218 0.0235
17.6498 0.0214 0.0232
17.6670 0.0210 0.0229
17.6842 0.0206 0.0226
17.7013 0.0203 0.0223
17.7185 0.0199 0.0220
17.7357 0.0196 0.0217
17.7529 0.0193 0.0214
17.7701 0.0189 0.0211
17.7873 0.0186 0.0208
17.8045 0.0183 0.0205
17.8216 0.0181 0.0202
17.8388 0.0178 0.0200
17.8560 0.0175 0.0197
17.8732 0.0173 0.0194
17.8904 0.0170 0.0192
17.9076 0.0168 0.0189
17.9248 0.0166 0.0186
17.9419 0.0164 0.0184
17.9591 0.0162 0.0181
17.9763 0.0159 0.0179
17.9935 0.0157 0.0176
18.0107 0.0155 0.0174
18.0279 0.0153 0.0171
18.0451 0.0151 0.0169
18.0622 0.0149 0.0166
18.0794 0.0147 0.0164
18.0966 0.0145 0.0161
18.1138 0.0143 0.0159
18.1310 0.0141 0.0157
18.1482 0.0140 0.0154
18.1654 0.0138 0.0152
18.1825 0.0136 0.0150
18.1997 0.0134 0.0148
18.2169 0.0132 0.0146
18.2341 0.0130 0.0144
18.2513 0.0128 0.0142
18.2685 0.0126 0.0140
18.2857 0.0125 0.0138
18.3028 0.0123 0.0136
18.3200 0.0121 0.0135
18.3372 0.0120 0.0133
18.3544 0.0119 0.0131
18.3716 0.0117 0.0130
18.3888 0.0116 0.0128
18.4060 0.0115 0.0126
18.4231 0.0114 0.0125
18.4403 0.0113 0.0123
18.4575 0.0112 0.0122
18.4747 0.0111 0.0120
18.4919 0.0110 0.0119
18.5091 0.0110 0.0117
18.5263 0.0109 0.0116
18.5434 0.0108 0.0114
18.5606 0.0107 0.0113
18.5778 0.0107 0.0111
18.5950 0.0106 0.0110
18.6122 0.0105 0.0109
18.6294 0.0105 0.0107
18.6466 0.0104 0.0106
18.6637 0.0103 0.0104
18.6809 0.0102 0.0103
18.6981 0.0101 0.0102
18.7153 0.0100 0.0101
18.7325 0.0100 0.0099
18.7497 0.0098 0.0098
18.7669 0.0097 0.0097
18.7840 0.0096 0.0096
18.8012 0.0095 0.0095
18.8184 0.0094 0.0094
18.8356 0.0093 0.0093
18.8528 0.0092 0.0092
18.8700 0.0090 0.0091
18.8872 0.0089 0.0090
18.9043 0.0088 0.0089
18.9215 0.0087 0.0088
18.9387 0.0086 0.0087
18.9559 0.0084 0.0087
18.9731 0.0083 0.0086
18.9903 0.0082 0.0085
19.0075 0.0081 0.0084
19.0246 0.0080 0.0083
19.0418 0.0079 0.0082
19.0590 0.0078 0.0082
19.0762 0.0077 0.0081
19.0934 0.0076 0.0080
19.1106 0.0075 0.0079
19.1278 0.0074 0.0079
19.1449 0.0073 0.0078
19.1621 0.0072 0.0077
19.1793 0.0071 0.0076
19.1965 0.0070 0.0076
19.2137 0.0069 0.0075
19.2309 0.0069 0.0074
19.2481 0.0068 0.0074
19.2652 0.0067 0.0073
19.2824 0.0066 0.0072
19.2996 0.0066 0.0072
19.3168 0.0065 0.0071
19.3340 0.0064 0.0070
19.3512 0.0064 0.0070
19.3684 0.0063 0.0069
19.3855 0.0063 0.0068
19.4027 0.0062 0.0068
19.4199 0.0061 0.0067
19.4371 0.0061 0.0066
19.4543 0.0060 0.0066
19.4715 0.0060 0.0065
19.4887 0.0060 0.0064
19.5058 0.0059 0.0063
19.5230 0.0059 0.0063
19.5402 0.0058 0.0062
19.5574 0.0058 0.0061
19.5746 0.0057 0.0060
19.5918 0.0057 0.0060
19.6090 0.0057 0.0059
19.6261 0.0056 0.0058
19.6433 0.0056 0.0057
19.6605 0.0056 0.0057
19.6777 0.0055 0.0056
19.6949 0.0055 0.0055
19.7121 0.0055 0.0055
19.7293 0.0054 0.0054
19.7464 0.0054 0.0053
19.7636 0.0054 0.0053
19.7808 0.0054 0.0052
19.7980 0.0053 0.0052
19.8152 0.0053 0.0051
19.8324 0.0053 0.0051
19.8496 0.0053 0.0050
19.8667 0.0052 0.0050
19.8839 0.0052 0.0049
19.9011 0.0052 0.0049
19.9183 0.0052 0.0049
19.9355 0.0051 0.0048
19.9527 0.0051 0.0048
19.9699 0.0051 0.0047
19.9870 0.0051 0.0047
20.0042 0.0050 0.0047
20.0214 0.0050 0.0046
20.0386 0.0050 0.0046
20.0558 0.0049 0.0046
20.0730 0.0049 0.0045
20.0902 0.0049 0.0045
20.1073 0.0048 0.0044
20.1245 0.0048 0.0044
20.1417 0.0048 0.0044
20.1589 0.0047 0.0043
20.1761 0.0047 0.0043
20.1933 0.0047 0.0043
20.2105 0.0046 0.0042
20.2276 0.0046 0.0042
20.2448 0.0046 0.0042
20.2620 0.0045 0.0041
20.2792 0.0045 0.0041
20.2964 0.0044 0.0041
20.3136 0.0044 0.0040
20.3308 0.0044 0.0040
20.3479 0.0043 0.0039
20.3651 0.0043 0.0039
20.3823 0.0042 0.0039
20.3995 0.0042 0.0039
20.4167 0.0042 0.0038
20.4339 0.0041 0.0038
20.4511 0.0041 0.0038
20.4682 0.0040 0.0037
20.4854 0.0040 0.0037
20.5026 0.0039 0.0037
20.5198 0.0039 0.0037
20.5370 0.0038 0.0036
20.5542 0.0038 0.0036
20.5714 0.0037 0.0036
20.5886 0.0037 0.0036
20.6057 0.0037 0.0036
20.6229 0.0036 0.0035
20.6401 0.0036 0.0035
20.6573 0.0035 0.0035
20.6745 0.0035 0.0035
20.6917 0.0035 0.0034
20.7089 0.0034 0.0034
20.7260 0.0034 0.0034
20.7432 0.0034 0.0034
20.7604 0.0033 0.0034
20.7776 0.0033 0.0033
20.7948 0.0033 0.0033
20.8120 0.0033 0.0033
20.8292 0.0032 0.0033
20.8463 0.0032 0.0033
20.8635 0.0032 0.0032
20.8807 0.0032 0.0032
20.8979 0.0032 0.0032
20.9151 0.0031 0.0032
20.9323 0.0031 0.0032
20.9495 0.0031 0.0031
20.9666 0.0031 0.0031
20.9838 0.0031 0.0031
21.0010 0.0030 0.0031
21.0182 0.0030 0.0031
21.0354 0.0030 0.0030
21.0526 0.0030 0.0030
21.0698 0.0030 0.0030
21.0869 0.0029 0.0030
21.1041 0.0029 0.0030
21.1213 0.0029 0.0029
21.1385 0.0029 0.0029
21.1557 0.0028 0.0029
21.1729 0.0028 0.0029
21.1901 0.0028 0.0028
21.2072 0.0028 0.0028
21.2244 0.0028 0.0028
21.2416 0.0027 0.0028
21.2588 0.0027 0.0027
21.2760 0.0027 0.0027
21.2932 0.0027 0.0027
21.3104 0.0027 0.0027
21.3275 0.0026 0.0027
21.3447 0.0026 0.0026
21.3619 0.0026 0.0026
21.3791 0.0026 0.0026
21.3963 0.0026 0.0026
21.4135 0.0025 0.0026
21.4307 0.0025 0.0025
21.4478 0.0025 0.0025
21.4650 0.0025 0.0025
21.4822 0.0025 0.0025
21.4994 0.0025 0.0025
21.5166 0.0025 0.0024
21.5338 0.0024 0.0024
21.5510 0.0024 0.0024
21.5681 0.0024 0.0024
21.5853 0.0024 0.0024
21.6025 0.0024 0.0023
21.6197 0.0024 0.0023
21.6369 0.0024 0.0023
21.6541 0.0023 0.0023
21.6713 0.0023 0.0023
21.6884 0.0023 0.0023
21.7056 0.0023 0.0022
21.7228 0.0023 0.0022
21.7400 0.0023 0.0022
21.7572 0.0022 0.0022
21.7744 0.0022 0.0022
21.7916 0.0022 0.0022
21.8087 0.0022 0.0021
21.8259 0.0022 0.0021
21.8431 0.0022 0.0021
21.8603 0.0021 0.0021
21.8775 0.0021 0.0021
21.8947 0.0021 0.0021
21.9119 0.0021 0.0021
21.9290 0.0021 0.0021
21.9462 0.0021 0.0021
21.9634 0.0021 0.0020
21.9806 0.0020 0.0020
21.9978 0.0020 0.0020
22.0150 0.0020 0.0020
22.0322 0.0020 0.0020
22.0493 0.0020 0.0020
22.0665 0.0020 0.0020
22.0837 0.0020 0.0020
22.1009 0.0020 0.0020
22.1181 0.0020 0.0020
22.1353 0.0020 0.0020
22.1525 0.0020 0.0019
22.1696 0.0019 0.0019
22.1868 0.0019 0.0019
22.2040 0.0019 0.0019
22.2212 0.0019 0.0019
22.2384 0.0019 0.0019
22.2556 0.0019 0.0019
22.2728 0.0019 0.0019
22.2899 0.0019 0.0019
22.3071 0.0019 0.0019
22.3243 0.0019 0.0019
22.3415 0.0019 0.0019
22.3587 0.0019 0.0018
22.3759 0.0019 0.0018
22.3931 0.0019 0.0018
22.4102 0.0019 0.0018
22.4274 0.0019 0.0018
22.4446 0.0019 0.0018
22.4618 0.0019 0.0018
22.4790 0.0019 0.0018
22.4962 0.0019 0.0018
22.5134 0.0019 0.0018
22.5305 0.0019 0.0018
22.5477 0.0019 0.0018
22.5649 0.0019 0.0018
22.5821 0.0019 0.0018
22.5993 0.0019 0.0018
22.6165 0.0018 0.0018
22.6337 0.0018 0.0018
22.6508 0.0018 0.0018
22.6680 0.0018 0.0018
22.6852 0.0018 0.0018
22.7024 0.0018 0.0018
22.7196 0.0018 0.0018
22.7368 0.0018 0.0018
22.7540 0.0018 0.0018
22.7711 0.0018 0.0018
22.7883 0.0018 0.0017
22.8055 0.0018 0.0017
22.8227 0.0018 0.0017
22.8399 0.0018 0.0017
22.8571 0.0018 0.0017
22.8743 0.0018 0.0017
22.8914 0.0018 0.0017
22.9086 0.0018 0.0017
22.9258 0.0018 0.0017
22.9430 0.0018 0.0017
22.9602 0.0018 0.0017
22.9774 0.0018 0.0017
22.9946 0.0018 0.0018
23.0117 0.0018 0.0018
23.0289 0.0018 0.0018
23.0461 0.0018 0.0018
23.0633 0.0018 0.0018
23.0805 0.0018 0.0018
23.0977 0.0018 0.0018
23.1149 0.0018 0.0018
23.1320 0.0018 0.0018
23.1492 0.0018 0.0018
23.1664 0.0018 0.0018
23.1836 0.0018 0.0018
23.2008 0.0018 0.0018
23.2180 0.0018 0.0018
23.2352 0.0018 0.0018
23.2523 0.0018 0.0018
23.2695 0.0018 0.0018
23.2867 0.0018 0.0018
23.3039 0.0018 0.0018
23.3211 0.0018 0.0018
23.3383 0.0018 0.0018
23.3555 0.0018 0.0018
23.3726 0.0018 0.0018
23.3898 0.0018 0.0018
23.4070 0.0018 0.0018
23.4242 0.0018 0.0018
23.4414 0.0018 0.0018
23.4586 0.0017 0.0018
23.4758 0.0017 0.0018
23.4929 0.0017 0.0018
23.5101 0.0017 0.0018
23.5273 0.0017 0.0018
23.5445 0.0017 0.0018
23.5617 0.0017 0.0017
23.5789 0.0017 0.0017
23.5961 0.0017 0.0017
23.6132 0.0017 0.0017
23.6304 0.0017 0.0017
23.6476 0.0016 0.0017
23.6648 0.0016 0.0017
23.6820 0.0016 0.0017
23.6992 0.0016 0.0017
23.7164 0.0016 0.0017
23.7335 0.0016 0.0016
23.7507 0.0016 0.0016
23.7679 0.0016 0.0016
23.7851 0.0016 0.0016
23.8023 0.0016 0.0016
23.8195 0.0016 0.0016
23.8367 0.0016 0.0015
23.8538 0.0016 0.0015
23.8710 0.0016 0.0015
23.8882 0.0015 0.0015
23.9054 0.0015 0.0015
23.9226 0.0015 0.0015
23.9398 0.0015 0.0014
23.9570 0.0015 0.0014
23.9741 0.0015 0.0014
23.9913 0.0015 0.0014
24.0085 0.0015 0.0014
24.0257 0.0015 0.0014
24.0429 0.0015 0.0013
24.0601 0.0015 0.0013
24.0773 0.0015 0.0013
24.0944 0.0015 0.0013
24.1116 0.0014 0.0013
24.1288 0.0014 0.0013
24.1460 0.0014 0.0012
24.1632 0.0014 0.0012
24.1804 0.0014 0.0012
24.1976 0.0014 0.0012
24.2147 0.0014 0.0012
24.2319 0.0014 0.0012
24.2491 0.0014 0.0012
24.2663 0.0014 0.0011
24.2835 0.0013 0.0011
24.3007 0.0013 0.0011
24.3179 0.0013 0.0011
24.3350 0.0013 0.0011
24.3522 0.0013 0.0011
24.3694 0.0013 0.0011
24.3866 0.0013 0.0011
24.4038 0.0013 0.0011
24.4210 0.0013 0.0010
24.4382 0.0013 0.0010
24.4553 0.0013 0.0010
24.4725 0.0012 0.0010
24.4897 0.0012 0.0010
24.5069 0.0012 0.0010
24.5241 0.0012 0.0010
24.5413 0.0012 0.0010
24.5585 0.0012 0.0010
24.5756 0.0012 0.0010
24.5928 0.0012 0.0010
24.6100 0.0012 0.0010
24.6272 0.0012 0.0010
24.6444 0.0011 0.0009
24.6616 0.0011 0.0009
24.6788 0.0011 0.0009
24.6959 0.0011 0.0009
24.7131 0.0011 0.0009
24.7303 0.0011 0.0009
24.7475 0.0011 0.0009
24.7647 0.0011 0.0009
24.7819 0.0011 0.0009
24.7991 0.0010 0.0009
24.8162 0.0010 0.0009
24.8334 0.0010 0.0009
24.8506 0.0010 0.0009
24.8678 0.0010 0.0009
24.8850 0.0010 0.0009
24.9022 0.0010 0.0009
24.9194 0.0010 0.0008
24.9365 0.0009 0.0008
24.9537 0.0009 0.0008
24.9709 0.0009 0.0008
24.9881 0.0009 0.0008
25.0053 0.0009 0.0008
25.0225 0.0009 0.0008
25.0397 0.0009 0.0008
25.0568 0.0009 0.0008
25.0740 0.0008 0.0008
25.0912 0.0008 0.0008
25.1084 0.0008 0.0008
25.1256 0.0008 0.0008
25.1428 0.0008 0.0008
25.1600 0.0008 0.0007
25.1772 0.0008 0.0007
25.1943 0.0008 0.0007
25.2115 0.0007 0.0007
25.2287 0.0007 0.0007
25.2459 0.0007 0.0007
25.2631 0.0007 0.0007
25.2803 0.0007 0.0007
25.2975 0.0007 0.0007
25.3146 0.0007 0.0007
25.3318 0.0007 0.0007
25.3490 0.0007 0.0007
25.3662 0.0007 0.0007
25.3834 0.0007 0.0007
25.4006 0.0007 0.0006
25.4178 0.0006 0.0006
25.4349 0.0006 0.0006
25.4521 0.0006 0.0006
25.4693 0.0006 0.0006
25.4865 0.0006 0.0006
25.5037 0.0006 0.0006
25.5209 0.0006 0.0006
25.5381 0.0006 0.0006
25.5552 0.0006 0.0006
25.5724 0.0006 0.0006
25.5896 0.0006 0.0006
25.6068 0.0006 0.0006
25.6240 0.0006 0.0006
25.6412 0.0006 0.0006
25.6584 0.0006 0.0006
25.6755 0.0006 0.0006
25.6927 0.0006 0.0006
25.7099 0.0006 0.0006
25.7271 0.0006 0.0006
25.7443 0.0006 0.0006
25.7615 0.0006 0.0006
25.7787 0.0006 0.0005
25.7958 0.0006 0.0005
25.8130 0.0006 0.0005
25.8302 0.0006 0.0005
25.8474 0.0005 0.0005
25.8646 0.0005 0.0005
25.8818 0.0005 0.0005
25.8990 0.0005 0.0005
25.9161 0.0005 0.0005
25.9333 0.0005 0.0005
25.9505 0.0005 0.0005
25.9677 0.0005 0.0005
25.9849 0.0005 0.0005
26.0021 0.0005 0.0005
26.0193 0.0005 0.0005
26.0364 0.0005 0.0005
26.0536 0.0005 0.0005
26.0708 0.0005 0.0005
26.0880 0.0005 0.0005
26.1052 0.0005 0.0005
26.1224 0.0005 0.0005
26.1396 0.0005 0.0004
26.1567 0.0004 0.0004
26.1739 0.0004 0.0004
26.1911 0.0004 0.0004
26.2083 0.0004 0.0004
26.2255 0.0004 0.0004
26.2427 0.0004 0.0004
26.2599 0.0004 0.0004
26.2770 0.0004 0.0004
26.2942 0.0004 0.0004
26.3114 0.0004 0.0004
26.3286 0.0004 0.0004
26.3458 0.0004 0.0004
26.3630 0.0004 0.0004
26.3802 0.0004 0.0004
26.3973 0.0004 0.0004
26.4145 0.0004 0.0004
26.4317 0.0004 0.0004
26.4489 0.0004 0.0004
26.4661 0.0004 0.0004
26.4833 0.0004 0.0004
26.5005 0.0003 0.0004
26.5176 0.0003 0.0004
26.5348 0.0003 0.0003
26.5520 0.0003 0.0003
26.5692 0.0003 0.0003
26.5864 0.0003 0.0003
26.6036 0.0003 0.0003
26.6208 0.0003 0.0003
26.6379 0.0003 0.0003
26.6551 0.0003 0.0003
26.6723 0.0003 0.0003
26.6895 0.0003 0.0003
26.7067 0.0003 0.0003
26.7239 0.0003 0.0003
26.7411 0.0003 0.0003
26.7582 0.0003 0.0003
26.7754 0.0003 0.0003
26.7926 0.0003 0.0003
26.8098 0.0003 0.0003
26.8270 0.0003 0.0003
26.8442 0.0003 0.0003
26.8614 0.0003 0.0003
26.8785 0.0003 0.0003
26.8957 0.0003 0.0003
26.9129 0.0003 0.0003
26.9301 0.0003 0.0003
26.9473 0.0003 0.0003
26.9645 0.0003 0.0002
26.9817 0.0003 0.0002
26.9988 0.0003 0.0002
27.0160 0.0003 0.0002
27.0332 0.0003 0.0002
27.0504 0.0003 0.0002
27.0676 0.0003 0.0002
27.0848 0.0003 0.0002
27.1020 0.0002 0.0002
27.1191 0.0002 0.0002
27.1363 0.0002 0.0002
27.1535 0.0002 0.0002
27.1707 0.0002 0.0002
27.1879 0.0002 0.0002
27.2051 0.0002 0.0002
27.2223 0.0002 0.0002
27.2394 0.0002 0.0002
27.2566 0.0002 0.0002
27.2738 0.0002 0.0002
27.2910 0.0002 0.0002
27.3082 0.0002 0.0002
27.3254 0.0002 0.0002
27.3426 0.0002 0.0002
27.3597 0.0002 0.0002
27.3769 0.0002 0.0002
27.3941 0.0002 0.0002
27.4113 0.0002 0.0002
27.4285 0.0002 0.0002
27.4457 0.0002 0.0002
27.4629 0.0002 0.0002
27.4800 0.0002 0.0002
27.4972 0.0002 0.0002
27.5144 0.0002 0.0002
27.5316 0.0002 0.0002
27.5488 0.0002 0.0002
27.5660 0.0002 0.0002
27.5832 0.0002 0.0002
27.6003 0.0002 0.0002
27.6175 0.0002 0.0002
27.6347 0.0002 0.0002
27.6519 0.0002 0.0002
27.6691 0.0002 0.0002
27.6863 0.0002 0.0002
27.7035 0.0002 0.0002
27.7206 0.0002 0.0002
27.7378 0.0002 0.0002
27.7550 0.0002 0.0002
27.7722 0.0002 0.0002
27.7894 0.0002 0.0002
27.8066 0.0002 0.0001
27.8238 0.0001 0.0001
27.8409 0.0001 0.0001
27.8581 0.0001 0.0001
27.8753 0.0001 0.0001
27.8925 0.0001 0.0001
27.9097 0.0001 0.0001
27.9269 0.0001 0.0001
27.9441 0.0001 0.0001
27.9612 0.0001 0.0001
27.9784 0.0001 0.0001
27.9956 0.0001 0.0001
28.0128 0.0001 0.0001
28.0300 0.0001 0.0001
28.0472 0.0001 0.0001
28.0644 0.0001 0.0001
28.0815 0.0001 0.0001
28.0987 0.0001 0.0001
28.1159 0.0001 0.0001
28.1331 0.0001 0.0001
28.1503 0.0001 0.0001
28.1675 0.0001 0.0001
28.1847 0.0001 0.0001
28.2018 0.0001 0.0001
28.2190 0.0001 0.0001
28.2362 0.0001 0.0001
28.2534 0.0001 0.0001
28.2706 0.0001 0.0001
28.2878 0.0001 0.0001
28.3050 0.0001 0.0001
28.3221 0.0001 0.0001
28.3393 0.0001 0.0001
28.3565 0.0001 0.0001
28.3737 0.0001 0.0001
28.3909 0.0001 0.0001
28.4081 0.0001 0.0001
28.4253 0.0001 0.0001
28.4424 0.0001 0.0001
28.4596 0.0001 0.0001
28.4768 0.0001 0.0001
28.4940 0.0001 0.0001
28.5112 0.0001 0.0001
28.5284 0.0001 0.0001
28.5456 0.0001 0.0001
28.5627 0.0001 0.0001
28.5799 0.0001 0.0001
28.5971 0.0001 0.0001
28.6143 0.0001 0.0001
28.6315 0.0001 0.0001
28.6487 0.0001 0.0001
28.6659 0.0001 0.0001
28.6830 0.0001 0.0001
28.7002 0.0001 0.0001
28.7174 0.0001 0.0001
28.7346 0.0001 0.0001
28.7518 0.0001 0.0001
28.7690 0.0001 0.0001
28.7862 0.0001 0.0001
28.8033 0.0001 0.0001
28.8205 0.0001 0.0001
28.8377 0.0001 0.0001
28.8549 0.0001 0.0001
28.8721 0.0001 0.0001
28.8893 0.0001 0.0001
28.9065 0.0001 0.0001
28.9236 0.0001 0.0001
28.9408 0.0001 0.0001
28.9580 0.0001 0.0001
28.9752 0.0001 0.0001
28.9924 0.0001 0.0001
29.0096 0.0001 0.0001
29.0268 0.0001 0.0001
29.0439 0.0001 0.0001
29.0611 0.0001 0.0001
29.0783 0.0001 0.0001
29.0955 0.0001 0.0001
29.1127 0.0001 0.0001
29.1299 0.0001 0.0001
29.1471 0.0001 0.0001
29.1642 0.0001 0.0001
29.1814 0.0001 0.0001
29.1986 0.0001 0.0001
29.2158 0.0001 0.0001
29.2330 0.0001 0.0001
29.2502 0.0001 0.0001
29.2674 0.0001 0.0001
29.2845 0.0001 0.0001
29.3017 0.0001 0.0001
29.3189 0.0001 0.0001
29.3361 0.0001 0.0001
29.3533 0.0001 0.0001
29.3705 0.0001 0.0001
29.3877 0.0001 0.0001
29.4048 0.0001 0.0001
29.4220 0.0001 0.0001
29.4392 0.0001 0.0001
29.4564 0.0001 0.0001
29.4736 0.0001 0.0001
29.4908 0.0001 0.0001
29.5080 0.0001 0.0001
29.5251 0.0001 0.0001
29.5423 0.0001 0.0001
29.5595 0.0001 0.0001
29.5767 0.0001 0.0001
29.5939 0.0001 0.0001
29.6111 0.0001 0.0001
29.6283 0.0001 0.0001
29.6454 0.0001 0.0001
29.6626 0.0001 0.0001
29.6798 0.0001 0.0001
29.6970 0.0001 0.0001
29.7142 0.0001 0.0001
29.7314 0.0001 0.0001
29.7486 0.0001 0.0001
29.7658 0.0001 0.0001
29.7829 0.0001 0.0001
29.8001 0.0001 0.0001
29.8173 0.0001 0.0001
29.8345 0.0001 0.0001
29.8517 0.0001 0.0001
29.8689 0.0001 0.0001
29.8861 0.0001 0.0001
29.9032 0.0000 0.0001
29.9204 0.0000 0.0001
29.9376 0.0000 0.0001
29.9548 0.0000 0.0001
29.9720 0.0000 0.0001
29.9892 0.0000 0.0001
30.0064 0.0000 0.0001
30.0235 0.0000 0.0001
30.0407 0.0000 0.0000
30.0579 0.0000 0.0000
30.0751 0.0000 0.0000
30.0923 0.0000 0.0000
30.1095 0.0000 0.0000
30.1267 0.0000 0.0000
30.1438 0.0000 0.0000
30.1610 0.0000 0.0000
30.1782 0.0000 0.0000
30.1954 0.0000 0.0000
30.2126 0.0000 0.0000
30.2298 0.0000 0.0000
30.2470 0.0000 0.0000
30.2641 0.0000 0.0000
30.2813 0.0000 0.0000
30.2985 0.0000 0.0000
30.3157 0.0000 0.0000
30.3329 0.0000 0.0000
30.3501 0.0000 0.0000
30.3673 0.0000 0.0000
30.3844 0.0000 0.0000
30.4016 0.0000 0.0000
30.4188 0.0000 0.0000
30.4360 0.0000 0.0000
30.4532 0.0000 0.0000
30.4704 0.0000 0.0000
30.4876 0.0000 0.0000
30.5047 0.0000 0.0000
30.5219 0.0000 0.0000
30.5391 0.0000 0.0000
30.5563 0.0000 0.0000
30.5735 0.0000 0.0000
30.5907 0.0000 0.0000
30.6079 0.0000 0.0000
30.6250 0.0000 0.0000
30.6422 0.0000 0.0000
30.6594 0.0000 0.0000
30.6766 0.0000 0.0000
30.6938 0.0000 0.0000
30.7110 0.0000 0.0000
30.7282 0.0000 0.0000
30.7453 0.0000 0.0000
30.7625 0.0000 0.0000
30.7797 0.0000 0.0000
30.7969 0.0000 0.0000
30.8141 0.0000 0.0000
30.8313 0.0000 0.0000
30.8485 0.0000 0.0000
30.8656 0.0000 0.0000
30.8828 0.0000 0.0000
30.9000 0.0000 0.0000
30.9172 0.0000 0.0000
30.9344 0.0000 0.0000
30.9516 0.0000 0.0000
30.9688 0.0000 0.0000
30.9859 0.0000 0.0000
31.0031 0.0000 0.0000
31.0203 0.0000 0.0000
31.0375 0.0000 0.0000
31.0547 0.0000 0.0000
31.0719 0.0000 0.0000
31.0891 0.0000 0.0000
31.1062 0.0000 0.0000
31.1234 0.0000 0.0000
31.1406 0.0000 0.0000
31.1578 0.0000 0.0000
31.1750 0.0000 0.0000
31.1922 0.0000 0.0000
31.2094 0.0000 0.0000
31.2265 0.0000 0.0000
31.2437 0.0000 0.0000
31.2609 0.0000 0.0000
31.2781 0.0000 0.0000
31.2953 0.0000 0.0000
31.3125 0.0000 0.0000
31.3297 0.0000 0.0000
31.3468 0.0000 0.0000
31.3640 0.0000 0.0000
31.3812 0.0000 0.0000
31.3984 0.0000 0.0000
31.4156 0.0000 0.0000
31.4328 0.0000 0.0000
31.4500 0.0000 0.0000
31.4671 0.0000 0.0000
31.4843 0.0000 0.0000
31.5015 0.0000 0.0000
31.5187 0.0000 0.0000
31.5359 0.0000 0.0000
31.5531 0.0000 0.0000
31.5703 0.0000 0.0000
31.5874 0.0000 0.0000
31.6046 0.0000 0.0000
31.6218 0.0000 0.0000
31.6390 0.0000 0.0000
31.6562 0.0000 0.0000
31.6734 0.0000 0.0000
31.6906 0.0000 0.0000
31.7077 0.0000 0.0000
31.7249 0.0000 0.0000
31.7421 0.0000 0.0000
31.7593 0.0000 0.0000
31.7765 0.0000 0.0000
31.7937 0.0000 0.0000
31.8109 0.0000 0.0000
31.8280 0.0000 0.0000
31.8452 0.0000 0.0000
31.8624 0.0000 0.0000
31.8796 0.0000 0.0000
31.8968 0.0000 0.0000
31.9140 0.0000 0.0000
31.9312 0.0000 0.0000
31.9483 0.0000 0.0000
31.9655 0.0000 0.0000
31.9827 0.0000 0.0000
31.9999 0.0000 0.0000
32.0171 0.0000 0.0000
32.0343 0.0000 0.0000
32.0515 0.0000 0.0000
32.0686 0.0000 0.0000
32.0858 0.0000 0.0000
32.1030 0.0000 0.0000
32.1202 0.0000 0.0000
32.1374 0.0000 0.0000
32.1546 0.0000 0.0000
32.1718 0.0000 0.0000
32.1889 0.0000 0.0000
32.2061 0.0000 0.0000
32.2233 0.0000 0.0000
32.2405 0.0000 0.0000
32.2577 0.0000 0.0000
32.2749 0.0000 0.0000
32.2921 0.0000 0.0000
32.3092 0.0000 0.0000
32.3264 0.0000 0.0000
32.3436 0.0000 0.0000
32.3608 0.0000 0.0000
32.3780 0.0000 0.0000
32.3952 0.0000 0.0000
32.4124 0.0000 0.0000
32.4295 0.0000 0.0000
32.4467 0.0000 0.0000
32.4639 0.0000 0.0000
32.4811 0.0000 0.0000
32.4983 0.0000 0.0000
32.5155 0.0000 0.0000
32.5327 0.0000 0.0000
32.5498 0.0000 0.0000
32.5670 0.0000 0.0000
32.5842 0.0000 0.0000
32.6014 0.0000 0.0000
32.6186 0.0000 0.0000
32.6358 0.0000 0.0000
32.6530 0.0000 0.0000
32.6701 0.0000 0.0000
32.6873 0.0000 0.0000
32.7045 0.0000 0.0000
32.7217 0.0000 0.0000
32.7389 0.0000 0.0000
32.7561 0.0000 0.0000
32.7733 0.0000 0.0000
32.7904 0.0000 0.0000
32.8076 0.0000 0.0000
32.8248 0.0000 0.0000
32.8420 0.0000 0.0000
32.8592 0.0000 0.0000
32.8764 0.0000 0.0000
32.8936 0.0000 0.0000
32.9107 0.0000 0.0000
32.9279 0.0000 0.0000
32.9451 0.0000 0.0000
32.9623 0.0000 0.0000
32.9795 0.0000 0.0000
32.9967 0.0000 0.0000
33.0139 0.0000 0.0000
33.0310 0.0000 0.0000
33.0482 0.0000 0.0000
33.0654 0.0000 0.0000
33.0826 0.0000 0.0000
33.0998 0.0000 0.0000
33.1170 0.0000 0.0000
33.1342 0.0000 0.0000
33.1513 0.0000 0.0000
33.1685 0.0000 0.0000
33.1857 0.0000 0.0000
33.2029 0.0000 0.0000
33.2201 0.0000 0.0000
33.2373 0.0000 0.0000
33.2545 0.0000 0.0000
33.2716 0.0000 0.0000
33.2888 0.0000 0.0000
33.3060 0.0000 0.0000
33.3232 0.0000 0.0000
33.3404 0.0000 0.0000
33.3576 0.0000 0.0000
33.3748 0.0000 0.0000
33.3919 0.0000 0.0000
33.4091 0.0000 0.0000
33.4263 0.0000 0.0000
33.4435 0.0000 0.0000
33.4607 0.0000 0.0000
33.4779 0.0000 0.0000
33.4951 0.0000 0.0000
33.5122 0.0000 0.0000
33.5294 0.0000 0.0000
33.5466 0.0000 0.0000
33.5638 0.0000 0.0000
33.5810 0.0000 0.0000
33.5982 0.0000 0.0000
33.6154 0.0000 0.0000
33.6325 0.0000 0.0000
33.6497 0.0000 0.0000
33.6669 0.0000 0.0000
33.6841 0.0000 0.0000
33.7013 0.0000 0.0000
33.7185 0.0000 0.0000
33.7357 0.0000 0.0000
33.7528 0.0000 0.0000
33.7700 0.0000 0.0000
33.7872 0.0000 0.0000
33.8044 0.0000 0.0000
33.8216 0.0000 0.0000
33.8388 0.0000 0.0000
33.8560 0.0000 0.0000
33.8731 0.0000 0.0000
33.8903 0.0000 0.0000
33.9075 0.0000 0.0000
33.9247 0.0000 0.0000
33.9419 0.0000 0.0000
33.9591 0.0000 0.0000
33.9763 0.0000 0.0000
33.9934 0.0000 0.0000
34.0106 0.0000 0.0000
34.0278 0.0000 0.0000
34.0450 0.0000 0.0000
34.0622 0.0000 0.0000
34.0794 0.0000 0.0000
34.0966 0.0000 0.0000
34.1137 0.0000 0.0000
34.1309 0.0000 0.0000
34.1481 0.0000 0.0000
34.1653 0.0000 0.0000
34.1825 0.0000 0.0000
34.1997 0.0000 0.0000
34.2169 0.0000 0.0000
34.2340 0.0000 0.0000
34.2512 0.0000 0.0000
34.2684 0.0000 0.0000
34.2856 0.0000 0.0000
34.3028 0.0000 0.0000
34.3200 0.0000 0.0000
34.3372 0.0000 0.0000
34.3544 0.0000 0.0000
