0.0000 0.0000 0.0000
0.0177 1.7445 1.5704
0.0353 3.4571 3.1097
0.0530 5.1072 4.5882
0.0706 6.6667 5.9787
0.0883 8.1113 7.2579
0.1059 9.4210 8.4073
0.1236 10.5808 9.4132
0.1412 11.5813 10.2677
0.1589 12.4181 10.9680
0.1765 13.0919 11.5164
0.1942 13.6078 11.9197
0.2118 13.9748 12.1882
0.2295 14.2048 12.3350
0.2471 14.3121 12.3749
0.2648 14.3120 12.3239
0.2824 14.2205 12.1981
0.3001 14.0536 12.0127
0.3177 13.8264 11.7823
0.3354 13.5529 11.5196
0.3530 13.2456 11.2357
0.3707 12.9154 10.9398
0.3883 12.5714 10.6394
0.4060 12.2210 10.3399
0.4236 11.8699 10.0456
0.4413 11.5224 9.7592
0.4589 11.1814 9.4823
0.4766 10.8488 9.2157
0.4942 10.5254 8.9596
0.5119 10.2116 8.7138
0.5295 9.9070 8.4777
0.5472 9.6112 8.2506
0.5648 9.3234 8.0320
0.5825 9.0429 7.8211
0.6001 8.7691 7.6175
0.6178 8.5015 7.4206
0.6354 8.2397 7.2300
0.6531 7.9836 7.0455
0.6707 7.7335 6.8669
0.6884 7.4897 6.6939
0.7060 7.2526 6.5265
0.7237 7.0228 6.3645
0.7413 6.8011 6.2078
0.7590 6.5881 6.0562
0.7766 6.3847 5.9098
0.7943 6.1913 5.7682
0.8119 6.0086 5.6312
0.8296 5.8370 5.4988
0.8472 5.6767 5.3707
0.8649 5.5277 5.2467
0.8825 5.3900 5.1265
0.9002 5.2632 5.0099
0.9178 5.1470 4.8967
0.9355 5.0408 4.7867
0.9531 4.9439 4.6798
0.9708 4.8555 4.5757
0.9884 4.7747 4.4743
1.0061 4.7007 4.3757
1.0237 4.6326 4.2797
1.0414 4.5695 4.1865
1.0590 4.5105 4.0961
1.0767 4.4549 4.0085
1.0943 4.4019 3.9241
1.1120 4.3508 3.8430
1.1296 4.3011 3.7654
1.1473 4.2523 3.6914
1.1649 4.2038 3.6214
1.1826 4.1553 3.5555
1.2002 4.1065 3.4939
1.2179 4.0571 3.4365
1.2355 4.0070 3.3835
1.2532 3.9560 3.3349
1.2708 3.9040 3.2904
1.2885 3.8511 3.2500
1.3061 3.7972 3.2135
1.3238 3.7424 3.1804
1.3414 3.6868 3.1506
1.3591 3.6306 3.1235
1.3767 3.5738 3.0989
1.3944 3.5167 3.0762
1.4120 3.4595 3.0550
1.4297 3.4024 3.0350
1.4473 3.3454 3.0156
1.4650 3.2890 2.9965
1.4826 3.2331 2.9773
1.5003 3.1779 2.9578
1.5179 3.1236 2.9376
1.5356 3.0703 2.9165
1.5532 3.0179 2.8943
1.5709 2.9666 2.8710
1.5885 2.9164 2.8464
1.6062 2.8673 2.8205
1.6238 2.8193 2.7933
1.6415 2.7725 2.7649
1.6591 2.7268 2.7354
1.6768 2.6822 2.7048
1.6944 2.6389 2.6734
1.7121 2.5967 2.6412
1.7297 2.5558 2.6085
1.7474 2.5161 2.5755
1.7650 2.4778 2.5422
1.7827 2.4407 2.5090
1.8003 2.4050 2.4760
1.8180 2.3706 2.4433
1.8356 2.3375 2.4111
1.8533 2.3058 2.3795
1.8709 2.2754 2.3486
1.8886 2.2463 2.3185
1.9062 2.2184 2.2893
1.9239 2.1918 2.2610
1.9415 2.1664 2.2336
1.9592 2.1422 2.2072
1.9768 2.1192 2.1818
1.9945 2.0973 2.1574
2.0121 2.0766 2.1339
2.0298 2.0570 2.1113
2.0474 2.0386 2.0896
2.0651 2.0212 2.0687
2.0827 2.0048 2.0485
2.1004 1.9895 2.0290
2.1180 1.9750 2.0101
2.1357 1.9613 1.9918
2.1533 1.9482 1.9738
2.1710 1.9357 1.9562
2.1886 1.9235 1.9388
2.2063 1.9116 1.9215
2.2239 1.8997 1.9043
2.2416 1.8877 1.8871
2.2592 1.8756 1.8698
2.2769 1.8632 1.8525
2.2945 1.8505 1.8351
2.3122 1.8374 1.8176
2.3298 1.8239 1.8002
2.3475 1.8100 1.7829
2.3651 1.7958 1.7657
2.3828 1.7812 1.7489
2.4004 1.7663 1.7324
2.4181 1.7512 1.7165
2.4357 1.7359 1.7012
2.4534 1.7205 1.6867
2.4710 1.7049 1.6730
2.4887 1.6891 1.6601
2.5063 1.6733 1.6481
2.5240 1.6573 1.6370
2.5416 1.6412 1.6269
2.5593 1.6249 1.6175
2.5769 1.6085 1.6089
2.5946 1.5919 1.6010
2.6122 1.5751 1.5936
2.6299 1.5582 1.5866
2.6475 1.5412 1.5798
2.6652 1.5240 1.5731
2.6828 1.5068 1.5664
2.7005 1.4894 1.5594
2.7181 1.4720 1.5520
2.7358 1.4545 1.5441
2.7534 1.4370 1.5355
2.7711 1.4196 1.5262
2.7887 1.4021 1.5161
2.8064 1.3847 1.5052
2.8240 1.3673 1.4934
2.8417 1.3501 1.4809
2.8593 1.3331 1.4676
2.8770 1.3163 1.4537
2.8946 1.2998 1.4392
2.9123 1.2837 1.4243
2.9299 1.2681 1.4092
2.9476 1.2530 1.3940
2.9652 1.2385 1.3788
2.9829 1.2247 1.3638
3.0005 1.2117 1.3492
3.0182 1.1994 1.3350
3.0358 1.1879 1.3214
3.0535 1.1772 1.3084
3.0711 1.1673 1.2962
3.0888 1.1581 1.2847
3.1064 1.1494 1.2741
3.1241 1.1413 1.2642
3.1417 1.1335 1.2552
3.1594 1.1260 1.2470
3.1770 1.1186 1.2395
3.1947 1.1112 1.2328
3.2123 1.1036 1.2268
3.2300 1.0957 1.2214
3.2476 1.0874 1.2166
3.2653 1.0785 1.2123
3.2829 1.0691 1.2084
3.3006 1.0591 1.2049
3.3182 1.0484 1.2017
3.3359 1.0371 1.1987
3.3535 1.0252 1.1958
3.3712 1.0128 1.1929
3.3888 0.9999 1.1900
3.4065 0.9867 1.1869
3.4241 0.9732 1.1836
3.4418 0.9596 1.1800
3.4594 0.9460 1.1759
3.4771 0.9326 1.1715
3.4947 0.9194 1.1665
3.5124 0.9065 1.1610
3.5300 0.8940 1.1550
3.5477 0.8821 1.1484
3.5653 0.8706 1.1412
3.5830 0.8598 1.1335
3.6006 0.8495 1.1253
3.6183 0.8398 1.1165
3.6359 0.8306 1.1074
3.6536 0.8220 1.0979
3.6712 0.8139 1.0880
3.6889 0.8062 1.0780
3.7065 0.7990 1.0677
3.7242 0.7922 1.0574
3.7418 0.7857 1.0470
3.7595 0.7795 1.0367
3.7771 0.7736 1.0265
3.7948 0.7681 1.0165
3.8124 0.7628 1.0066
3.8301 0.7577 0.9971
3.8477 0.7530 0.9878
3.8654 0.7485 0.9788
3.8830 0.7443 0.9701
3.9007 0.7404 0.9617
3.9183 0.7368 0.9537
3.9360 0.7335 0.9459
3.9536 0.7305 0.9385
3.9713 0.7278 0.9313
3.9889 0.7254 0.9244
4.0066 0.7232 0.9178
4.0242 0.7213 0.9113
4.0419 0.7196 0.9052
4.0595 0.7181 0.8992
4.0772 0.7167 0.8935
4.0948 0.7154 0.8880
4.1125 0.7142 0.8828
4.1301 0.7130 0.8778
4.1478 0.7117 0.8730
4.1654 0.7104 0.8685
4.1831 0.7090 0.8643
4.2007 0.7075 0.8604
4.2184 0.7057 0.8567
4.2360 0.7038 0.8532
4.2537 0.7017 0.8500
4.2713 0.6994 0.8469
4.2890 0.6968 0.8440
4.3066 0.6941 0.8413
4.3243 0.6912 0.8387
4.3419 0.6881 0.8361
4.3596 0.6849 0.8335
4.3772 0.6816 0.8308
4.3949 0.6782 0.8281
4.4125 0.6747 0.8253
4.4302 0.6712 0.8222
4.4478 0.6678 0.8190
4.4655 0.6644 0.8154
4.4831 0.6611 0.8116
4.5008 0.6578 0.8075
4.5184 0.6546 0.8031
4.5361 0.6516 0.7984
4.5537 0.6486 0.7933
4.5714 0.6457 0.7879
4.5890 0.6429 0.7823
4.6067 0.6402 0.7764
4.6243 0.6375 0.7703
4.6420 0.6348 0.7640
4.6596 0.6321 0.7576
4.6773 0.6293 0.7512
4.6949 0.6265 0.7447
4.7126 0.6235 0.7382
4.7302 0.6205 0.7318
4.7479 0.6173 0.7254
4.7655 0.6140 0.7191
4.7832 0.6105 0.7130
4.8008 0.6069 0.7071
4.8185 0.6031 0.7012
4.8361 0.5992 0.6956
4.8538 0.5952 0.6901
4.8714 0.5911 0.6847
4.8891 0.5869 0.6795
4.9067 0.5827 0.6744
4.9244 0.5785 0.6695
4.9420 0.5743 0.6646
4.9597 0.5701 0.6599
4.9773 0.5660 0.6553
4.9950 0.5620 0.6508
5.0126 0.5581 0.6464
5.0303 0.5542 0.6421
5.0479 0.5506 0.6379
5.0656 0.5470 0.6338
5.0832 0.5436 0.6298
5.1009 0.5404 0.6260
5.1185 0.5373 0.6222
5.1362 0.5344 0.6187
5.1538 0.5317 0.6153
5.1715 0.5291 0.6120
5.1891 0.5268 0.6089
5.2068 0.5246 0.6059
5.2244 0.5226 0.6031
5.2421 0.5208 0.6004
5.2597 0.5192 0.5979
5.2774 0.5177 0.5954
5.2950 0.5165 0.5930
5.3127 0.5153 0.5906
5.3303 0.5143 0.5883
5.3480 0.5134 0.5860
5.3656 0.5127 0.5836
5.3833 0.5119 0.5812
5.4009 0.5113 0.5788
5.4186 0.5106 0.5762
5.4362 0.5099 0.5735
5.4539 0.5092 0.5707
5.4715 0.5085 0.5678
5.4892 0.5076 0.5648
5.5068 0.5067 0.5616
5.5245 0.5057 0.5584
5.5421 0.5045 0.5550
5.5598 0.5032 0.5516
5.5774 0.5019 0.5482
5.5951 0.5004 0.5447
5.6127 0.4988 0.5413
5.6304 0.4971 0.5379
5.6480 0.4953 0.5346
5.6657 0.4935 0.5313
5.6833 0.4915 0.5283
5.7010 0.4896 0.5253
5.7186 0.4876 0.5225
5.7363 0.4856 0.5199
5.7539 0.4835 0.5174
5.7716 0.4814 0.5151
5.7892 0.4793 0.5129
5.8069 0.4773 0.5109
5.8245 0.4752 0.5089
5.8422 0.4732 0.5070
5.8598 0.4712 0.5052
5.8775 0.4693 0.5034
5.8951 0.4674 0.5016
5.9128 0.4657 0.4998
5.9304 0.4640 0.4980
5.9481 0.4625 0.4961
5.9657 0.4610 0.4942
5.9834 0.4597 0.4923
6.0010 0.4585 0.4903
6.0187 0.4573 0.4883
6.0363 0.4563 0.4863
6.0540 0.4553 0.4843
6.0716 0.4544 0.4823
6.0893 0.4535 0.4804
6.1069 0.4526 0.4785
6.1246 0.4517 0.4767
6.1422 0.4508 0.4750
6.1599 0.4498 0.4734
6.1775 0.4487 0.4719
6.1952 0.4475 0.4704
6.2128 0.4462 0.4691
6.2305 0.4448 0.4678
6.2481 0.4434 0.4666
6.2658 0.4418 0.4655
6.2834 0.4401 0.4644
6.3011 0.4384 0.4633
6.3187 0.4366 0.4623
6.3364 0.4347 0.4612
6.3540 0.4329 0.4602
6.3717 0.4310 0.4591
6.3893 0.4290 0.4580
6.4070 0.4271 0.4568
6.4247 0.4252 0.4556
6.4423 0.4233 0.4544
6.4600 0.4214 0.4530
6.4776 0.4195 0.4516
6.4953 0.4177 0.4501
6.5129 0.4158 0.4485
6.5306 0.4140 0.4469
6.5482 0.4122 0.4451
6.5659 0.4103 0.4433
6.5835 0.4085 0.4414
6.6012 0.4067 0.4393
6.6188 0.4050 0.4373
6.6365 0.4032 0.4351
6.6541 0.4015 0.4329
6.6718 0.3999 0.4306
6.6894 0.3982 0.4283
6.7071 0.3966 0.4260
6.7247 0.3951 0.4236
6.7424 0.3936 0.4213
6.7600 0.3921 0.4189
6.7777 0.3907 0.4167
6.7953 0.3893 0.4144
6.8130 0.3879 0.4122
6.8306 0.3865 0.4101
6.8483 0.3852 0.4081
6.8659 0.3838 0.4062
6.8836 0.3824 0.4043
6.9012 0.3809 0.4026
6.9189 0.3794 0.4010
6.9365 0.3779 0.3995
6.9542 0.3763 0.3981
6.9718 0.3746 0.3969
6.9895 0.3728 0.3957
7.0071 0.3710 0.3947
7.0248 0.3691 0.3937
7.0424 0.3672 0.3928
7.0601 0.3652 0.3920
7.0777 0.3631 0.3913
7.0954 0.3611 0.3906
7.1130 0.3590 0.3900
7.1307 0.3570 0.3894
7.1483 0.3550 0.3888
7.1660 0.3531 0.3882
7.1836 0.3512 0.3876
7.2013 0.3495 0.3869
7.2189 0.3479 0.3862
7.2366 0.3464 0.3854
7.2542 0.3450 0.3845
7.2719 0.3437 0.3834
7.2895 0.3426 0.3823
7.3072 0.3416 0.3810
7.3248 0.3408 0.3797
7.3425 0.3400 0.3781
7.3601 0.3393 0.3765
7.3778 0.3388 0.3748
7.3954 0.3382 0.3729
7.4131 0.3377 0.3710
7.4307 0.3372 0.3690
7.4484 0.3367 0.3670
7.4660 0.3362 0.3649
7.4837 0.3356 0.3628
7.5013 0.3350 0.3608
7.5190 0.3343 0.3588
7.5366 0.3336 0.3568
7.5543 0.3329 0.3549
7.5719 0.3321 0.3530
7.5896 0.3313 0.3512
7.6072 0.3305 0.3494
7.6249 0.3297 0.3477
7.6425 0.3289 0.3461
7.6602 0.3281 0.3445
7.6778 0.3274 0.3430
7.6955 0.3267 0.3415
7.7131 0.3260 0.3401
7.7308 0.3254 0.3387
7.7484 0.3247 0.3373
7.7661 0.3241 0.3359
7.7837 0.3235 0.3346
7.8014 0.3229 0.3333
7.8190 0.3222 0.3320
7.8367 0.3215 0.3308
7.8543 0.3208 0.3296
7.8720 0.3200 0.3284
7.8896 0.3191 0.3272
7.9073 0.3181 0.3261
7.9249 0.3170 0.3250
7.9426 0.3158 0.3238
7.9602 0.3146 0.3228
7.9779 0.3132 0.3217
7.9955 0.3117 0.3207
8.0132 0.3102 0.3197
8.0308 0.3087 0.3187
8.0485 0.3070 0.3177
8.0661 0.3054 0.3168
8.0838 0.3037 0.3159
8.1014 0.3021 0.3151
8.1191 0.3004 0.3143
8.1367 0.2988 0.3135
8.1544 0.2972 0.3128
8.1720 0.2956 0.3121
8.1897 0.2941 0.3114
8.2073 0.2926 0.3108
8.2250 0.2912 0.3101
8.2426 0.2899 0.3095
8.2603 0.2886 0.3088
8.2779 0.2874 0.3082
8.2956 0.2862 0.3075
8.3132 0.2851 0.3068
8.3309 0.2841 0.3061
8.3485 0.2830 0.3054
8.3662 0.2821 0.3046
8.3838 0.2812 0.3039
8.4015 0.2803 0.3031
8.4191 0.2794 0.3023
8.4368 0.2786 0.3016
8.4544 0.2778 0.3009
8.4721 0.2770 0.3002
8.4897 0.2763 0.2995
8.5074 0.2756 0.2989
8.5250 0.2749 0.2983
8.5427 0.2742 0.2977
8.5603 0.2735 0.2972
8.5780 0.2729 0.2968
8.5956 0.2723 0.2963
8.6133 0.2716 0.2959
8.6309 0.2710 0.2955
8.6486 0.2704 0.2951
8.6662 0.2698 0.2947
8.6839 0.2691 0.2942
8.7015 0.2685 0.2938
8.7192 0.2677 0.2932
8.7368 0.2670 0.2927
8.7545 0.2662 0.2921
8.7721 0.2653 0.2914
8.7898 0.2644 0.2907
8.8074 0.2635 0.2900
8.8251 0.2624 0.2892
8.8427 0.2614 0.2884
8.8604 0.2602 0.2875
8.8780 0.2591 0.2866
8.8957 0.2579 0.2857
8.9133 0.2566 0.2848
8.9310 0.2554 0.2838
8.9486 0.2541 0.2828
8.9663 0.2528 0.2818
8.9839 0.2515 0.2808
9.0016 0.2502 0.2797
9.0192 0.2490 0.2786
9.0369 0.2477 0.2775
9.0545 0.2464 0.2763
9.0722 0.2451 0.2751
9.0898 0.2439 0.2739
9.1075 0.2427 0.2726
9.1251 0.2415 0.2713
9.1428 0.2403 0.2701
9.1604 0.2391 0.2688
9.1781 0.2380 0.2675
9.1957 0.2368 0.2662
9.2134 0.2357 0.2649
9.2310 0.2346 0.2637
9.2487 0.2335 0.2625
9.2663 0.2324 0.2612
9.2840 0.2314 0.2600
9.3016 0.2303 0.2589
9.3193 0.2292 0.2577
9.3369 0.2281 0.2566
9.3546 0.2271 0.2554
9.3722 0.2260 0.2543
9.3899 0.2249 0.2532
9.4075 0.2238 0.2522
9.4252 0.2227 0.2511
9.4428 0.2216 0.2501
9.4605 0.2205 0.2491
9.4781 0.2194 0.2481
9.4958 0.2183 0.2471
9.5134 0.2172 0.2462
9.5311 0.2161 0.2453
9.5487 0.2151 0.2445
9.5664 0.2141 0.2436
9.5840 0.2131 0.2428
9.6017 0.2121 0.2420
9.6193 0.2111 0.2412
9.6370 0.2102 0.2404
9.6546 0.2093 0.2396
9.6723 0.2085 0.2388
9.6899 0.2077 0.2380
9.7076 0.2069 0.2372
9.7252 0.2062 0.2363
9.7429 0.2055 0.2354
9.7605 0.2048 0.2345
9.7782 0.2042 0.2335
9.7958 0.2037 0.2324
9.8135 0.2031 0.2313
9.8311 0.2026 0.2302
9.8488 0.2022 0.2290
9.8664 0.2018 0.2277
9.8841 0.2014 0.2264
9.9017 0.2010 0.2250
9.9194 0.2006 0.2237
9.9370 0.2002 0.2223
9.9547 0.1999 0.2209
9.9723 0.1995 0.2195
9.9900 0.1991 0.2182
10.0076 0.1986 0.2168
10.0253 0.1981 0.2155
10.0429 0.1976 0.2142
10.0606 0.1969 0.2129
10.0782 0.1963 0.2117
10.0959 0.1955 0.2105
10.1135 0.1947 0.2094
10.1312 0.1938 0.2082
10.1488 0.1929 0.2072
10.1665 0.1919 0.2062
10.1841 0.1909 0.2052
10.2018 0.1898 0.2042
10.2194 0.1886 0.2034
10.2371 0.1875 0.2025
10.2547 0.1863 0.2017
10.2724 0.1851 0.2009
10.2900 0.1839 0.2001
10.3077 0.1827 0.1994
10.3253 0.1815 0.1987
10.3430 0.1803 0.1980
10.3606 0.1792 0.1973
10.3783 0.1780 0.1966
10.3959 0.1769 0.1959
10.4136 0.1757 0.1951
10.4312 0.1746 0.1944
10.4489 0.1735 0.1936
10.4665 0.1724 0.1927
10.4842 0.1713 0.1919
10.5018 0.1702 0.1910
10.5195 0.1692 0.1900
10.5371 0.1681 0.1890
10.5548 0.1670 0.1880
10.5724 0.1659 0.1870
10.5901 0.1648 0.1859
10.6077 0.1638 0.1848
10.6254 0.1627 0.1836
10.6430 0.1616 0.1825
10.6607 0.1606 0.1813
10.6783 0.1595 0.1802
10.6960 0.1584 0.1790
10.7136 0.1574 0.1778
10.7313 0.1564 0.1766
10.7489 0.1553 0.1754
10.7666 0.1543 0.1742
10.7842 0.1533 0.1730
10.8019 0.1524 0.1718
10.8195 0.1514 0.1706
10.8372 0.1504 0.1695
10.8548 0.1495 0.1683
10.8725 0.1486 0.1672
10.8901 0.1477 0.1661
10.9078 0.1468 0.1651
10.9254 0.1459 0.1640
10.9431 0.1451 0.1631
10.9607 0.1442 0.1621
10.9784 0.1434 0.1612
10.9960 0.1425 0.1603
11.0137 0.1417 0.1595
11.0313 0.1408 0.1587
11.0490 0.1400 0.1580
11.0666 0.1391 0.1572
11.0843 0.1383 0.1565
11.1019 0.1374 0.1558
11.1196 0.1366 0.1550
11.1372 0.1358 0.1543
11.1549 0.1349 0.1535
11.1725 0.1341 0.1527
11.1902 0.1333 0.1519
11.2078 0.1325 0.1510
11.2255 0.1317 0.1501
11.2431 0.1310 0.1492
11.2608 0.1302 0.1481
11.2784 0.1295 0.1471
11.2961 0.1288 0.1459
11.3137 0.1281 0.1448
11.3314 0.1274 0.1436
11.3490 0.1267 0.1423
11.3667 0.1261 0.1410
11.3843 0.1254 0.1398
11.4020 0.1248 0.1385
11.4196 0.1241 0.1371
11.4373 0.1234 0.1358
11.4549 0.1228 0.1345
11.4726 0.1221 0.1333
11.4902 0.1214 0.1320
11.5079 0.1208 0.1307
11.5255 0.1201 0.1295
11.5432 0.1194 0.1283
11.5608 0.1187 0.1272
11.5785 0.1179 0.1260
11.5961 0.1172 0.1249
11.6138 0.1165 0.1238
11.6314 0.1158 0.1228
11.6491 0.1151 0.1217
11.6667 0.1143 0.1208
11.6844 0.1136 0.1198
11.7020 0.1129 0.1189
11.7197 0.1122 0.1179
11.7373 0.1115 0.1171
11.7550 0.1109 0.1162
11.7726 0.1102 0.1154
11.7903 0.1096 0.1146
11.8079 0.1089 0.1138
11.8256 0.1083 0.1131
11.8432 0.1077 0.1123
11.8609 0.1071 0.1116
11.8785 0.1066 0.1109
11.8962 0.1060 0.1103
11.9138 0.1055 0.1096
11.9315 0.1050 0.1090
11.9491 0.1045 0.1083
11.9668 0.1040 0.1077
11.9844 0.1035 0.1071
12.0021 0.1030 0.1065
12.0197 0.1026 0.1059
12.0374 0.1021 0.1053
12.0550 0.1016 0.1048
12.0727 0.1011 0.1042
12.0903 0.1006 0.1036
12.1080 0.1001 0.1031
12.1256 0.0995 0.1025
12.1433 0.0990 0.1019
12.1609 0.0984 0.1013
12.1786 0.0978 0.1008
12.1962 0.0972 0.1002
12.2139 0.0966 0.0996
12.2315 0.0960 0.0990
12.2492 0.0954 0.0983
12.2668 0.0948 0.0977
12.2845 0.0941 0.0971
12.3021 0.0935 0.0964
12.3198 0.0928 0.0958
12.3374 0.0922 0.0951
12.3551 0.0915 0.0944
12.3727 0.0909 0.0937
12.3904 0.0902 0.0930
12.4080 0.0896 0.0923
12.4257 0.0889 0.0916
12.4433 0.0882 0.0909
12.4610 0.0875 0.0901
12.4786 0.0869 0.0894
12.4963 0.0862 0.0886
12.5139 0.0855 0.0879
12.5316 0.0848 0.0871
12.5492 0.0841 0.0864
12.5669 0.0834 0.0856
12.5845 0.0827 0.0848
12.6022 0.0820 0.0841
12.6198 0.0813 0.0834
12.6375 0.0806 0.0827
12.6551 0.0799 0.0820
12.6728 0.0793 0.0813
12.6904 0.0787 0.0807
12.7081 0.0780 0.0801
12.7257 0.0774 0.0795
12.7434 0.0769 0.0789
12.7610 0.0763 0.0784
12.7787 0.0758 0.0779
12.7963 0.0753 0.0774
12.8140 0.0749 0.0769
12.8317 0.0744 0.0765
12.8493 0.0740 0.0761
12.8670 0.0736 0.0757
12.8846 0.0733 0.0753
12.9023 0.0729 0.0749
12.9199 0.0726 0.0745
12.9376 0.0723 0.0742
12.9552 0.0720 0.0738
12.9729 0.0718 0.0734
12.9905 0.0715 0.0730
13.0082 0.0713 0.0727
13.0258 0.0710 0.0723
13.0435 0.0708 0.0719
13.0611 0.0705 0.0715
13.0788 0.0703 0.0711
13.0964 0.0700 0.0707
13.1141 0.0697 0.0702
13.1317 0.0694 0.0698
13.1494 0.0691 0.0694
13.1670 0.0688 0.0689
13.1847 0.0684 0.0685
13.2023 0.0680 0.0680
13.2200 0.0676 0.0676
13.2376 0.0672 0.0672
13.2553 0.0668 0.0667
13.2729 0.0664 0.0663
13.2906 0.0660 0.0659
13.3082 0.0655 0.0655
13.3259 0.0651 0.0651
13.3435 0.0647 0.0646
13.3612 0.0642 0.0642
13.3788 0.0638 0.0638
13.3965 0.0633 0.0634
13.4141 0.0629 0.0630
13.4318 0.0624 0.0626
13.4494 0.0620 0.0622
13.4671 0.0616 0.0618
13.4847 0.0611 0.0614
13.5024 0.0607 0.0610
13.5200 0.0602 0.0605
13.5377 0.0598 0.0601
13.5553 0.0593 0.0597
13.5730 0.0589 0.0594
13.5906 0.0584 0.0590
13.6083 0.0580 0.0586
13.6259 0.0575 0.0582
13.6436 0.0571 0.0578
13.6612 0.0566 0.0575
13.6789 0.0562 0.0571
13.6965 0.0557 0.0567
13.7142 0.0553 0.0564
13.7318 0.0548 0.0561
13.7495 0.0544 0.0557
13.7671 0.0539 0.0554
13.7848 0.0535 0.0551
13.8024 0.0531 0.0548
13.8201 0.0527 0.0544
13.8377 0.0523 0.0541
13.8554 0.0518 0.0538
13.8730 0.0514 0.0535
13.8907 0.0510 0.0532
13.9083 0.0507 0.0529
13.9260 0.0503 0.0527
13.9436 0.0499 0.0524
13.9613 0.0495 0.0521
13.9789 0.0492 0.0518
13.9966 0.0488 0.0515
14.0142 0.0485 0.0512
14.0319 0.0482 0.0510
14.0495 0.0479 0.0507
14.0672 0.0476 0.0504
14.0848 0.0473 0.0501
14.1025 0.0470 0.0499
14.1201 0.0467 0.0496
14.1378 0.0465 0.0493
14.1554 0.0462 0.0490
14.1731 0.0460 0.0488
14.1907 0.0457 0.0485
14.2084 0.0455 0.0483
14.2260 0.0452 0.0480
14.2437 0.0450 0.0478
14.2613 0.0447 0.0475
14.2790 0.0445 0.0473
14.2966 0.0442 0.0470
14.3143 0.0440 0.0468
14.3319 0.0437 0.0466
14.3496 0.0435 0.0463
14.3672 0.0432 0.0461
14.3849 0.0429 0.0458
14.4025 0.0426 0.0455
14.4202 0.0423 0.0453
14.4378 0.0421 0.0450
14.4555 0.0418 0.0447
14.4731 0.0415 0.0444
14.4908 0.0412 0.0441
14.5084 0.0408 0.0437
14.5261 0.0405 0.0434
14.5437 0.0402 0.0431
14.5614 0.0399 0.0427
14.5790 0.0396 0.0423
14.5967 0.0393 0.0419
14.6143 0.0390 0.0415
14.6320 0.0388 0.0411
14.6496 0.0385 0.0408
14.6673 0.0382 0.0404
14.6849 0.0379 0.0400
14.7026 0.0376 0.0396
14.7202 0.0373 0.0392
14.7379 0.0371 0.0388
14.7555 0.0368 0.0384
14.7732 0.0365 0.0380
14.7908 0.0363 0.0376
14.8085 0.0360 0.0373
14.8261 0.0357 0.0369
14.8438 0.0355 0.0366
14.8614 0.0352 0.0362
14.8791 0.0349 0.0359
14.8967 0.0347 0.0356
14.9144 0.0344 0.0352
14.9320 0.0342 0.0349
14.9497 0.0339 0.0346
14.9673 0.0336 0.0343
14.9850 0.0334 0.0341
15.0026 0.0331 0.0338
15.0203 0.0329 0.0335
15.0379 0.0326 0.0333
15.0556 0.0323 0.0330
15.0732 0.0321 0.0328
15.0909 0.0318 0.0326
15.1085 0.0315 0.0324
15.1262 0.0313 0.0321
15.1438 0.0310 0.0319
15.1615 0.0308 0.0317
15.1791 0.0305 0.0315
15.1968 0.0303 0.0313
15.2144 0.0300 0.0312
15.2321 0.0298 0.0310
15.2497 0.0295 0.0308
15.2674 0.0293 0.0306
15.2850 0.0290 0.0304
15.3027 0.0288 0.0302
15.3203 0.0285 0.0299
15.3380 0.0283 0.0297
15.3556 0.0280 0.0295
15.3733 0.0278 0.0292
15.3909 0.0276 0.0290
15.4086 0.0273 0.0287
15.4262 0.0271 0.0285
15.4439 0.0269 0.0282
15.4615 0.0266 0.0280
15.4792 0.0264 0.0277
15.4968 0.0262 0.0274
15.5145 0.0259 0.0271
15.5321 0.0257 0.0269
15.5498 0.0255 0.0266
15.5674 0.0252 0.0263
15.5851 0.0250 0.0261
15.6027 0.0247 0.0258
15.6204 0.0245 0.0255
15.6380 0.0243 0.0253
15.6557 0.0240 0.0250
15.6733 0.0238 0.0248
15.6910 0.0235 0.0246
15.7086 0.0233 0.0243
15.7263 0.0231 0.0241
15.7439 0.0228 0.0239
15.7616 0.0226 0.0236
15.7792 0.0224 0.0234
15.7969 0.0221 0.0232
15.8145 0.0219 0.0230
15.8322 0.0217 0.0228
15.8498 0.0215 0.0226
15.8675 0.0212 0.0224
15.8851 0.0210 0.0222
15.9028 0.0208 0.0220
15.9204 0.0206 0.0218
15.9381 0.0204 0.0216
15.9557 0.0202 0.0215
15.9734 0.0200 0.0213
15.9910 0.0198 0.0211
16.0087 0.0196 0.0209
16.0263 0.0194 0.0208
16.0440 0.0192 0.0206
16.0616 0.0190 0.0205
16.0793 0.0188 0.0203
16.0969 0.0186 0.0201
16.1146 0.0184 0.0200
16.1322 0.0182 0.0198
16.1499 0.0180 0.0197
16.1675 0.0178 0.0195
16.1852 0.0176 0.0194
16.2028 0.0174 0.0192
16.2205 0.0172 0.0191
16.2381 0.0170 0.0189
16.2558 0.0167 0.0188
16.2734 0.0165 0.0186
16.2911 0.0163 0.0185
16.3087 0.0161 0.0183
16.3264 0.0159 0.0181
16.3440 0.0157 0.0180
16.3617 0.0155 0.0178
16.3793 0.0153 0.0176
16.3970 0.0151 0.0174
16.4146 0.0149 0.0173
16.4323 0.0147 0.0171
16.4499 0.0145 0.0169
16.4676 0.0144 0.0167
16.4852 0.0142 0.0165
16.5029 0.0140 0.0163
16.5205 0.0139 0.0161
16.5382 0.0137 0.0159
16.5558 0.0135 0.0157
16.5735 0.0134 0.0155
16.5911 0.0133 0.0153
16.6088 0.0131 0.0151
16.6264 0.0130 0.0149
16.6441 0.0128 0.0147
16.6617 0.0127 0.0145
16.6794 0.0126 0.0143
16.6970 0.0125 0.0142
16.7147 0.0124 0.0140
16.7323 0.0123 0.0138
16.7500 0.0121 0.0137
16.7676 0.0120 0.0135
16.7853 0.0119 0.0134
16.8029 0.0118 0.0132
16.8206 0.0117 0.0131
16.8382 0.0117 0.0129
16.8559 0.0116 0.0128
16.8735 0.0115 0.0127
16.8912 0.0114 0.0125
16.9088 0.0113 0.0124
16.9265 0.0112 0.0123
16.9441 0.0111 0.0122
16.9618 0.0110 0.0120
16.9794 0.0109 0.0119
16.9971 0.0108 0.0118
17.0147 0.0107 0.0116
17.0324 0.0106 0.0115
17.0500 0.0105 0.0114
17.0677 0.0104 0.0113
17.0853 0.0103 0.0111
17.1030 0.0102 0.0110
17.1206 0.0101 0.0109
17.1383 0.0100 0.0108
17.1559 0.0099 0.0106
17.1736 0.0098 0.0105
17.1912 0.0097 0.0104
17.2089 0.0096 0.0103
17.2265 0.0095 0.0102
17.2442 0.0094 0.0101
17.2618 0.0093 0.0100
17.2795 0.0092 0.0099
17.2971 0.0091 0.0098
17.3148 0.0091 0.0097
17.3324 0.0090 0.0096
17.3501 0.0089 0.0095
17.3677 0.0088 0.0094
17.3854 0.0087 0.0093
17.4030 0.0086 0.0092
17.4207 0.0086 0.0092
17.4383 0.0085 0.0091
17.4560 0.0084 0.0090
17.4736 0.0084 0.0089
17.4913 0.0083 0.0089
17.5089 0.0082 0.0088
17.5266 0.0082 0.0087
17.5442 0.0081 0.0087
17.5619 0.0081 0.0086
17.5795 0.0080 0.0085
17.5972 0.0080 0.0085
17.6148 0.0079 0.0084
17.6325 0.0079 0.0083
17.6501 0.0078 0.0083
17.6678 0.0078 0.0082
17.6854 0.0077 0.0081
17.7031 0.0076 0.0080
17.7207 0.0076 0.0080
17.7384 0.0075 0.0079
17.7560 0.0075 0.0078
17.7737 0.0074 0.0078
17.7913 0.0074 0.0077
17.8090 0.0073 0.0076
17.8266 0.0072 0.0076
17.8443 0.0072 0.0075
17.8619 0.0071 0.0074
17.8796 0.0071 0.0073
17.8972 0.0070 0.0073
17.9149 0.0070 0.0072
17.9325 0.0069 0.0071
17.9502 0.0068 0.0071
17.9678 0.0068 0.0070
17.9855 0.0067 0.0070
18.0031 0.0067 0.0069
18.0208 0.0066 0.0068
18.0384 0.0066 0.0068
18.0561 0.0065 0.0067
18.0737 0.0064 0.0067
18.0914 0.0064 0.0066
18.1090 0.0063 0.0065
18.1267 0.0063 0.0065
18.1443 0.0062 0.0064
18.1620 0.0062 0.0064
18.1796 0.0061 0.0063
18.1973 0.0061 0.0063
18.2149 0.0060 0.0062
18.2326 0.0059 0.0062
18.2502 0.0059 0.0061
18.2679 0.0058 0.0061
18.2855 0.0058 0.0060
18.3032 0.0057 0.0060
18.3208 0.0057 0.0060
18.3385 0.0056 0.0059
18.3561 0.0056 0.0059
18.3738 0.0055 0.0058
18.3914 0.0055 0.0058
18.4091 0.0054 0.0057
18.4267 0.0054 0.0057
18.4444 0.0053 0.0056
18.4620 0.0053 0.0056
18.4797 0.0052 0.0055
18.4973 0.0052 0.0055
18.5150 0.0051 0.0054
18.5326 0.0050 0.0054
18.5503 0.0050 0.0053
18.5679 0.0049 0.0052
18.5856 0.0049 0.0052
18.6032 0.0048 0.0051
18.6209 0.0048 0.0051
18.6385 0.0047 0.0050
18.6562 0.0047 0.0050
18.6738 0.0047 0.0049
18.6915 0.0046 0.0049
18.7091 0.0046 0.0048
18.7268 0.0045 0.0048
18.7444 0.0045 0.0047
18.7621 0.0044 0.0047
18.7797 0.0044 0.0046
18.7974 0.0044 0.0046
18.8150 0.0043 0.0045
18.8327 0.0043 0.0045
18.8503 0.0043 0.0044
18.8680 0.0042 0.0044
18.8856 0.0042 0.0044
18.9033 0.0042 0.0043
18.9209 0.0041 0.0043
18.9386 0.0041 0.0043
18.9562 0.0041 0.0042
18.9739 0.0041 0.0042
18.9915 0.0040 0.0042
19.0092 0.0040 0.0041
19.0268 0.0040 0.0041
19.0445 0.0039 0.0041
19.0621 0.0039 0.0040
19.0798 0.0039 0.0040
19.0974 0.0038 0.0040
19.1151 0.0038 0.0039
19.1327 0.0038 0.0039
19.1504 0.0038 0.0039
19.1680 0.0037 0.0038
19.1857 0.0037 0.0038
19.2033 0.0037 0.0038
19.2210 0.0036 0.0037
19.2387 0.0036 0.0037
19.2563 0.0036 0.0036
19.2740 0.0036 0.0036
19.2916 0.0035 0.0036
19.3093 0.0035 0.0035
19.3269 0.0035 0.0035
19.3446 0.0035 0.0035
19.3622 0.0034 0.0034
19.3799 0.0034 0.0034
19.3975 0.0034 0.0034
19.4152 0.0034 0.0033
19.4328 0.0033 0.0033
19.4505 0.0033 0.0033
19.4681 0.0033 0.0033
19.4858 0.0033 0.0032
19.5034 0.0032 0.0032
19.5211 0.0032 0.0032
19.5387 0.0032 0.0031
19.5564 0.0032 0.0031
19.5740 0.0032 0.0031
19.5917 0.0031 0.0031
19.6093 0.0031 0.0030
19.6270 0.0031 0.0030
19.6446 0.0030 0.0030
19.6623 0.0030 0.0030
19.6799 0.0030 0.0029
19.6976 0.0030 0.0029
19.7152 0.0029 0.0029
19.7329 0.0029 0.0029
19.7505 0.0029 0.0029
19.7682 0.0029 0.0028
19.7858 0.0028 0.0028
19.8035 0.0028 0.0028
19.8211 0.0028 0.0028
19.8388 0.0027 0.0028
19.8564 0.0027 0.0027
19.8741 0.0027 0.0027
19.8917 0.0027 0.0027
19.9094 0.0027 0.0027
19.9270 0.0026 0.0027
19.9447 0.0026 0.0027
19.9623 0.0026 0.0027
19.9800 0.0026 0.0026
19.9976 0.0026 0.0026
20.0153 0.0025 0.0026
20.0329 0.0025 0.0026
20.0506 0.0025 0.0026
20.0682 0.0025 0.0026
20.0859 0.0025 0.0026
20.1035 0.0025 0.0026
20.1212 0.0024 0.0025
20.1388 0.0024 0.0025
20.1565 0.0024 0.0025
20.1741 0.0024 0.0025
20.1918 0.0024 0.0025
20.2094 0.0024 0.0025
20.2271 0.0023 0.0025
20.2447 0.0023 0.0025
20.2624 0.0023 0.0024
20.2800 0.0023 0.0024
20.2977 0.0023 0.0024
20.3153 0.0023 0.0024
20.3330 0.0022 0.0024
20.3506 0.0022 0.0024
20.3683 0.0022 0.0024
20.3859 0.0022 0.0023
20.4036 0.0022 0.0023
20.4212 0.0022 0.0023
20.4389 0.0022 0.0023
20.4565 0.0021 0.0023
20.4742 0.0021 0.0023
20.4918 0.0021 0.0022
20.5095 0.0021 0.0022
20.5271 0.0021 0.0022
20.5448 0.0021 0.0022
20.5624 0.0021 0.0022
20.5801 0.0021 0.0022
20.5977 0.0020 0.0021
20.6154 0.0020 0.0021
20.6330 0.0020 0.0021
20.6507 0.0020 0.0021
20.6683 0.0020 0.0021
20.6860 0.0020 0.0021
20.7036 0.0020 0.0020
20.7213 0.0020 0.0020
20.7389 0.0020 0.0020
20.7566 0.0019 0.0020
20.7742 0.0019 0.0020
20.7919 0.0019 0.0020
20.8095 0.0019 0.0020
20.8272 0.0019 0.0020
20.8448 0.0019 0.0019
20.8625 0.0019 0.0019
20.8801 0.0019 0.0019
20.8978 0.0019 0.0019
20.9154 0.0018 0.0019
20.9331 0.0018 0.0019
20.9507 0.0018 0.0019
20.9684 0.0018 0.0019
20.9860 0.0018 0.0018
21.0037 0.0018 0.0018
21.0213 0.0018 0.0018
21.0390 0.0018 0.0018
21.0566 0.0018 0.0018
21.0743 0.0018 0.0018
21.0919 0.0017 0.0018
21.1096 0.0017 0.0018
21.1272 0.0017 0.0018
21.1449 0.0017 0.0017
21.1625 0.0017 0.0017
21.1802 0.0017 0.0017
21.1978 0.0017 0.0017
21.2155 0.0017 0.0017
21.2331 0.0017 0.0017
21.2508 0.0017 0.0017
21.2684 0.0016 0.0017
21.2861 0.0016 0.0017
21.3037 0.0016 0.0017
21.3214 0.0016 0.0017
21.3390 0.0016 0.0017
21.3567 0.0016 0.0016
21.3743 0.0016 0.0016
21.3920 0.0016 0.0016
21.4096 0.0016 0.0016
21.4273 0.0016 0.0016
21.4449 0.0015 0.0016
21.4626 0.0015 0.0016
21.4802 0.0015 0.0016
21.4979 0.0015 0.0016
21.5155 0.0015 0.0016
21.5332 0.0015 0.0016
21.5508 0.0015 0.0016
21.5685 0.0015 0.0016
21.5861 0.0015 0.0016
21.6038 0.0015 0.0016
21.6214 0.0015 0.0015
21.6391 0.0015 0.0015
21.6567 0.0015 0.0015
21.6744 0.0015 0.0015
21.6920 0.0014 0.0015
21.7097 0.0014 0.0015
21.7273 0.0014 0.0015
21.7450 0.0014 0.0015
21.7626 0.0014 0.0015
21.7803 0.0014 0.0015
21.7979 0.0014 0.0015
21.8156 0.0014 0.0015
21.8332 0.0014 0.0015
21.8509 0.0014 0.0014
21.8685 0.0014 0.0014
21.8862 0.0014 0.0014
21.9038 0.0014 0.0014
21.9215 0.0014 0.0014
21.9391 0.0014 0.0014
21.9568 0.0014 0.0014
21.9744 0.0013 0.0014
21.9921 0.0013 0.0014
22.0097 0.0013 0.0014
22.0274 0.0013 0.0014
22.0450 0.0013 0.0014
22.0627 0.0013 0.0014
22.0803 0.0013 0.0014
22.0980 0.0013 0.0014
22.1156 0.0013 0.0014
22.1333 0.0013 0.0014
22.1509 0.0013 0.0013
22.1686 0.0013 0.0013
22.1862 0.0013 0.0013
22.2039 0.0013 0.0013
22.2215 0.0013 0.0013
22.2392 0.0013 0.0013
22.2568 0.0013 0.0013
22.2745 0.0013 0.0013
22.2921 0.0013 0.0013
22.3098 0.0013 0.0013
22.3274 0.0013 0.0013
22.3451 0.0013 0.0013
22.3627 0.0012 0.0013
22.3804 0.0012 0.0013
22.3980 0.0012 0.0013
22.4157 0.0012 0.0013
22.4333 0.0012 0.0013
22.4510 0.0012 0.0013
22.4686 0.0012 0.0012
22.4863 0.0012 0.0012
22.5039 0.0012 0.0012
22.5216 0.0012 0.0012
22.5392 0.0012 0.0012
22.5569 0.0012 0.0012
22.5745 0.0012 0.0012
22.5922 0.0012 0.0012
22.6098 0.0012 0.0012
22.6275 0.0012 0.0012
22.6451 0.0012 0.0012
22.6628 0.0012 0.0012
22.6804 0.0012 0.0012
22.6981 0.0012 0.0012
22.7157 0.0012 0.0012
22.7334 0.0012 0.0012
22.7510 0.0012 0.0012
22.7687 0.0012 0.0012
22.7863 0.0012 0.0012
22.8040 0.0012 0.0012
22.8216 0.0012 0.0012
22.8393 0.0012 0.0012
22.8569 0.0011 0.0012
22.8746 0.0011 0.0011
22.8922 0.0011 0.0011
22.9099 0.0011 0.0011
22.9275 0.0011 0.0011
22.9452 0.0011 0.0011
22.9628 0.0011 0.0011
22.9805 0.0011 0.0011
22.9981 0.0011 0.0011
23.0158 0.0011 0.0011
23.0334 0.0011 0.0011
23.0511 0.0011 0.0011
23.0687 0.0011 0.0011
23.0864 0.0011 0.0011
23.1040 0.0011 0.0011
23.1217 0.0011 0.0011
23.1393 0.0011 0.0011
23.1570 0.0011 0.0011
23.1746 0.0011 0.0011
23.1923 0.0011 0.0011
23.2099 0.0011 0.0011
23.2276 0.0011 0.0011
23.2452 0.0011 0.0011
23.2629 0.0011 0.0011
23.2805 0.0011 0.0011
23.2982 0.0011 0.0011
23.3158 0.0010 0.0011
23.3335 0.0010 0.0010
23.3511 0.0010 0.0010
23.3688 0.0010 0.0010
23.3864 0.0010 0.0010
23.4041 0.0010 0.0010
23.4217 0.0010 0.0010
23.4394 0.0010 0.0010
23.4570 0.0010 0.0010
23.4747 0.0010 0.0010
23.4923 0.0010 0.0010
23.5100 0.0010 0.0010
23.5276 0.0010 0.0010
23.5453 0.0010 0.0010
23.5629 0.0010 0.0010
23.5806 0.0010 0.0010
23.5982 0.0010 0.0010
23.6159 0.0010 0.0010
23.6335 0.0010 0.0010
23.6512 0.0010 0.0010
23.6688 0.0010 0.0010
23.6865 0.0010 0.0010
23.7041 0.0010 0.0010
23.7218 0.0010 0.0010
23.7394 0.0010 0.0010
23.7571 0.0010 0.0010
23.7747 0.0010 0.0010
23.7924 0.0010 0.0010
23.8100 0.0010 0.0010
23.8277 0.0010 0.0010
23.8453 0.0010 0.0010
23.8630 0.0010 0.0010
23.8806 0.0010 0.0010
23.8983 0.0010 0.0010
23.9159 0.0010 0.0010
23.9336 0.0010 0.0009
23.9512 0.0010 0.0009
23.9689 0.0010 0.0009
23.9865 0.0010 0.0009
24.0042 0.0009 0.0009
24.0218 0.0009 0.0009
24.0395 0.0009 0.0009
24.0571 0.0009 0.0009
24.0748 0.0009 0.0009
24.0924 0.0009 0.0009
24.1101 0.0009 0.0009
24.1277 0.0009 0.0009
24.1454 0.0009 0.0009
24.1630 0.0009 0.0009
24.1807 0.0009 0.0009
24.1983 0.0009 0.0009
24.2160 0.0009 0.0009
24.2336 0.0009 0.0009
24.2513 0.0009 0.0009
24.2689 0.0009 0.0009
24.2866 0.0009 0.0009
24.3042 0.0009 0.0009
24.3219 0.0009 0.0009
24.3395 0.0009 0.0009
24.3572 0.0009 0.0009
24.3748 0.0008 0.0009
24.3925 0.0008 0.0008
24.4101 0.0008 0.0008
24.4278 0.0008 0.0008
24.4454 0.0008 0.0008
24.4631 0.0008 0.0008
24.4807 0.0008 0.0008
24.4984 0.0008 0.0008
24.5160 0.0008 0.0008
24.5337 0.0008 0.0008
24.5513 0.0008 0.0008
24.5690 0.0008 0.0008
24.5866 0.0008 0.0008
24.6043 0.0008 0.0008
24.6219 0.0008 0.0008
24.6396 0.0008 0.0008
24.6572 0.0008 0.0008
24.6749 0.0008 0.0008
24.6925 0.0008 0.0008
24.7102 0.0007 0.0008
24.7278 0.0007 0.0008
24.7455 0.0007 0.0008
24.7631 0.0007 0.0008
24.7808 0.0007 0.0008
24.7984 0.0007 0.0008
24.8161 0.0007 0.0008
24.8337 0.0007 0.0008
24.8514 0.0007 0.0008
24.8690 0.0007 0.0007
24.8867 0.0007 0.0007
24.9043 0.0007 0.0007
24.9220 0.0007 0.0007
24.9396 0.0007 0.0007
24.9573 0.0007 0.0007
24.9749 0.0007 0.0007
24.9926 0.0007 0.0007
25.0102 0.0007 0.0007
25.0279 0.0007 0.0007
25.0455 0.0007 0.0007
25.0632 0.0007 0.0007
25.0808 0.0007 0.0007
25.0985 0.0006 0.0007
25.1161 0.0006 0.0007
25.1338 0.0006 0.0007
25.1514 0.0006 0.0007
25.1691 0.0006 0.0007
25.1867 0.0006 0.0007
25.2044 0.0006 0.0007
25.2220 0.0006 0.0007
25.2397 0.0006 0.0007
25.2573 0.0006 0.0007
25.2750 0.0006 0.0007
25.2926 0.0006 0.0006
25.3103 0.0006 0.0006
25.3279 0.0006 0.0006
25.3456 0.0006 0.0006
25.3632 0.0006 0.0006
25.3809 0.0006 0.0006
25.3985 0.0006 0.0006
25.4162 0.0006 0.0006
25.4338 0.0006 0.0006
25.4515 0.0006 0.0006
25.4691 0.0006 0.0006
25.4868 0.0006 0.0006
25.5044 0.0006 0.0006
25.5221 0.0006 0.0006
25.5397 0.0006 0.0006
25.5574 0.0006 0.0006
25.5750 0.0006 0.0006
25.5927 0.0005 0.0006
25.6103 0.0005 0.0006
25.6280 0.0005 0.0006
25.6457 0.0005 0.0006
25.6633 0.0005 0.0006
25.6810 0.0005 0.0006
25.6986 0.0005 0.0006
25.7163 0.0005 0.0006
25.7339 0.0005 0.0006
25.7516 0.0005 0.0006
25.7692 0.0005 0.0006
25.7869 0.0005 0.0006
25.8045 0.0005 0.0006
25.8222 0.0005 0.0005
25.8398 0.0005 0.0005
25.8575 0.0005 0.0005
25.8751 0.0005 0.0005
25.8928 0.0005 0.0005
25.9104 0.0005 0.0005
25.9281 0.0005 0.0005
25.9457 0.0005 0.0005
25.9634 0.0005 0.0005
25.9810 0.0005 0.0005
25.9987 0.0005 0.0005
26.0163 0.0005 0.0005
26.0340 0.0005 0.0005
26.0516 0.0005 0.0005
26.0693 0.0005 0.0005
26.0869 0.0005 0.0005
26.1046 0.0005 0.0005
26.1222 0.0005 0.0005
26.1399 0.0005 0.0005
26.1575 0.0005 0.0005
26.1752 0.0005 0.0005
26.1928 0.0005 0.0005
26.2105 0.0005 0.0005
26.2281 0.0005 0.0005
26.2458 0.0005 0.0005
26.2634 0.0004 0.0005
26.2811 0.0004 0.0005
26.2987 0.0004 0.0005
26.3164 0.0004 0.0005
26.3340 0.0004 0.0005
26.3517 0.0004 0.0005
26.3693 0.0004 0.0005
26.3870 0.0004 0.0005
26.4046 0.0004 0.0005
26.4223 0.0004 0.0005
26.4399 0.0004 0.0005
26.4576 0.0004 0.0005
26.4752 0.0004 0.0005
26.4929 0.0004 0.0004
26.5105 0.0004 0.0004
26.5282 0.0004 0.0004
26.5458 0.0004 0.0004
26.5635 0.0004 0.0004
26.5811 0.0004 0.0004
26.5988 0.0004 0.0004
26.6164 0.0004 0.0004
26.6341 0.0004 0.0004
26.6517 0.0004 0.0004
26.6694 0.0004 0.0004
26.6870 0.0004 0.0004
26.7047 0.0004 0.0004
26.7223 0.0004 0.0004
26.7400 0.0004 0.0004
26.7576 0.0004 0.0004
26.7753 0.0004 0.0004
26.7929 0.0004 0.0004
26.8106 0.0004 0.0004
26.8282 0.0004 0.0004
26.8459 0.0004 0.0004
26.8635 0.0004 0.0004
26.8812 0.0004 0.0004
26.8988 0.0004 0.0004
26.9165 0.0004 0.0004
26.9341 0.0004 0.0004
26.9518 0.0004 0.0004
26.9694 0.0004 0.0004
26.9871 0.0004 0.0004
27.0047 0.0004 0.0004
27.0224 0.0004 0.0004
27.0400 0.0004 0.0004
27.0577 0.0004 0.0004
27.0753 0.0004 0.0004
27.0930 0.0004 0.0004
27.1106 0.0004 0.0004
27.1283 0.0004 0.0004
27.1459 0.0004 0.0004
27.1636 0.0003 0.0004
27.1812 0.0003 0.0004
27.1989 0.0003 0.0004
27.2165 0.0003 0.0004
27.2342 0.0003 0.0004
27.2518 0.0003 0.0004
27.2695 0.0003 0.0004
27.2871 0.0003 0.0004
27.3048 0.0003 0.0004
27.3224 0.0003 0.0004
27.3401 0.0003 0.0004
27.3577 0.0003 0.0004
27.3754 0.0003 0.0004
27.3930 0.0003 0.0004
27.4107 0.0003 0.0003
27.4283 0.0003 0.0003
27.4460 0.0003 0.0003
27.4636 0.0003 0.0003
27.4813 0.0003 0.0003
27.4989 0.0003 0.0003
27.5166 0.0003 0.0003
27.5342 0.0003 0.0003
27.5519 0.0003 0.0003
27.5695 0.0003 0.0003
27.5872 0.0003 0.0003
27.6048 0.0003 0.0003
27.6225 0.0003 0.0003
27.6401 0.0003 0.0003
27.6578 0.0003 0.0003
27.6754 0.0003 0.0003
27.6931 0.0003 0.0003
27.7107 0.0003 0.0003
27.7284 0.0003 0.0003
27.7460 0.0003 0.0003
27.7637 0.0003 0.0003
27.7813 0.0003 0.0003
27.7990 0.0003 0.0003
27.8166 0.0003 0.0003
27.8343 0.0003 0.0003
27.8519 0.0003 0.0003
27.8696 0.0003 0.0003
27.8872 0.0003 0.0003
27.9049 0.0003 0.0003
27.9225 0.0003 0.0003
27.9402 0.0003 0.0003
27.9578 0.0003 0.0003
27.9755 0.0003 0.0003
27.9931 0.0003 0.0003
28.0108 0.0003 0.0003
28.0284 0.0003 0.0003
28.0461 0.0003 0.0003
28.0637 0.0003 0.0003
28.0814 0.0003 0.0003
28.0990 0.0003 0.0003
28.1167 0.0003 0.0003
28.1343 0.0003 0.0003
28.1520 0.0003 0.0003
28.1696 0.0003 0.0003
28.1873 0.0003 0.0003
28.2049 0.0003 0.0003
28.2226 0.0003 0.0003
28.2402 0.0003 0.0003
28.2579 0.0003 0.0003
28.2755 0.0003 0.0003
28.2932 0.0003 0.0003
28.3108 0.0003 0.0003
28.3285 0.0003 0.0003
28.3461 0.0003 0.0003
28.3638 0.0003 0.0003
28.3814 0.0003 0.0003
28.3991 0.0003 0.0003
28.4167 0.0003 0.0003
28.4344 0.0003 0.0003
28.4520 0.0003 0.0003
28.4697 0.0003 0.0003
28.4873 0.0003 0.0003
28.5050 0.0003 0.0003
28.5226 0.0003 0.0003
28.5403 0.0003 0.0003
28.5579 0.0003 0.0003
28.5756 0.0003 0.0003
28.5932 0.0003 0.0003
28.6109 0.0003 0.0003
28.6285 0.0003 0.0003
28.6462 0.0002 0.0003
28.6638 0.0002 0.0003
28.6815 0.0002 0.0003
28.6991 0.0002 0.0003
28.7168 0.0002 0.0003
28.7344 0.0002 0.0003
28.7521 0.0002 0.0003
28.7697 0.0002 0.0003
28.7874 0.0002 0.0003
28.8050 0.0002 0.0003
28.8227 0.0002 0.0003
28.8403 0.0002 0.0003
28.8580 0.0002 0.0003
28.8756 0.0002 0.0003
28.8933 0.0002 0.0003
28.9109 0.0002 0.0003
28.9286 0.0002 0.0003
28.9462 0.0002 0.0003
28.9639 0.0002 0.0003
28.9815 0.0002 0.0003
28.9992 0.0002 0.0003
29.0168 0.0002 0.0003
29.0345 0.0002 0.0003
29.0521 0.0002 0.0003
29.0698 0.0002 0.0002
29.0874 0.0002 0.0002
29.1051 0.0002 0.0002
29.1227 0.0002 0.0002
29.1404 0.0002 0.0002
29.1580 0.0002 0.0002
29.1757 0.0002 0.0002
29.1933 0.0002 0.0002
29.2110 0.0002 0.0002
29.2286 0.0002 0.0002
29.2463 0.0002 0.0002
29.2639 0.0002 0.0002
29.2816 0.0002 0.0002
29.2992 0.0002 0.0002
29.3169 0.0002 0.0002
29.3345 0.0002 0.0002
29.3522 0.0002 0.0002
29.3698 0.0002 0.0002
29.3875 0.0002 0.0002
29.4051 0.0002 0.0002
29.4228 0.0002 0.0002
29.4404 0.0002 0.0002
29.4581 0.0002 0.0002
29.4757 0.0002 0.0002
29.4934 0.0002 0.0002
29.5110 0.0002 0.0002
29.5287 0.0002 0.0002
29.5463 0.0002 0.0002
29.5640 0.0002 0.0002
29.5816 0.0002 0.0002
29.5993 0.0002 0.0002
29.6169 0.0002 0.0002
29.6346 0.0002 0.0002
29.6522 0.0002 0.0002
29.6699 0.0002 0.0002
29.6875 0.0002 0.0002
29.7052 0.0002 0.0002
29.7228 0.0002 0.0002
29.7405 0.0002 0.0002
29.7581 0.0002 0.0002
29.7758 0.0002 0.0002
29.7934 0.0002 0.0002
29.8111 0.0002 0.0002
29.8287 0.0002 0.0002
29.8464 0.0002 0.0002
29.8640 0.0002 0.0002
29.8817 0.0002 0.0002
29.8993 0.0002 0.0002
29.9170 0.0002 0.0002
29.9346 0.0002 0.0002
29.9523 0.0002 0.0002
29.9699 0.0002 0.0002
29.9876 0.0002 0.0002
30.0052 0.0002 0.0002
30.0229 0.0002 0.0002
30.0405 0.0002 0.0002
30.0582 0.0002 0.0002
30.0758 0.0002 0.0002
30.0935 0.0002 0.0002
30.1111 0.0002 0.0002
30.1288 0.0002 0.0002
30.1464 0.0002 0.0002
30.1641 0.0002 0.0002
30.1817 0.0002 0.0002
30.1994 0.0002 0.0002
30.2170 0.0002 0.0002
30.2347 0.0002 0.0002
30.2523 0.0002 0.0002
30.2700 0.0002 0.0002
30.2876 0.0002 0.0002
30.3053 0.0002 0.0002
30.3229 0.0002 0.0002
30.3406 0.0002 0.0002
30.3582 0.0002 0.0002
30.3759 0.0002 0.0002
30.3935 0.0002 0.0002
30.4112 0.0002 0.0002
30.4288 0.0002 0.0002
30.4465 0.0002 0.0002
30.4641 0.0002 0.0002
30.4818 0.0002 0.0002
30.4994 0.0002 0.0002
30.5171 0.0002 0.0002
30.5347 0.0002 0.0002
30.5524 0.0002 0.0002
30.5700 0.0002 0.0002
30.5877 0.0002 0.0002
30.6053 0.0002 0.0002
30.6230 0.0002 0.0002
30.6406 0.0002 0.0002
30.6583 0.0002 0.0002
30.6759 0.0002 0.0002
30.6936 0.0002 0.0002
30.7112 0.0002 0.0002
30.7289 0.0002 0.0002
30.7465 0.0002 0.0002
30.7642 0.0002 0.0002
30.7818 0.0002 0.0002
30.7995 0.0002 0.0002
30.8171 0.0002 0.0002
30.8348 0.0002 0.0002
30.8524 0.0002 0.0002
30.8701 0.0002 0.0002
30.8877 0.0002 0.0002
30.9054 0.0002 0.0002
30.9230 0.0002 0.0002
30.9407 0.0002 0.0002
30.9583 0.0002 0.0002
30.9760 0.0002 0.0002
30.9936 0.0002 0.0002
31.0113 0.0002 0.0002
31.0289 0.0002 0.0002
31.0466 0.0002 0.0002
31.0642 0.0002 0.0002
31.0819 0.0002 0.0002
31.0995 0.0002 0.0002
31.1172 0.0002 0.0002
31.1348 0.0002 0.0002
31.1525 0.0002 0.0002
31.1701 0.0002 0.0002
31.1878 0.0002 0.0002
31.2054 0.0002 0.0002
31.2231 0.0002 0.0002
31.2407 0.0002 0.0002
31.2584 0.0002 0.0002
31.2760 0.0002 0.0002
31.2937 0.0002 0.0002
31.3113 0.0002 0.0002
31.3290 0.0002 0.0002
31.3466 0.0002 0.0002
31.3643 0.0002 0.0002
31.3819 0.0002 0.0002
31.3996 0.0002 0.0002
31.4172 0.0002 0.0002
31.4349 0.0002 0.0002
31.4525 0.0002 0.0002
31.4702 0.0002 0.0002
31.4878 0.0002 0.0002
31.5055 0.0002 0.0002
31.5231 0.0002 0.0002
31.5408 0.0002 0.0002
31.5584 0.0002 0.0002
31.5761 0.0002 0.0002
31.5937 0.0002 0.0002
31.6114 0.0002 0.0002
31.6290 0.0002 0.0002
31.6467 0.0002 0.0002
31.6643 0.0002 0.0002
31.6820 0.0002 0.0002
31.6996 0.0002 0.0002
31.7173 0.0002 0.0002
31.7349 0.0002 0.0002
31.7526 0.0002 0.0002
31.7702 0.0002 0.0002
31.7879 0.0002 0.0002
31.8055 0.0002 0.0002
31.8232 0.0002 0.0002
31.8408 0.0002 0.0002
31.8585 0.0002 0.0002
31.8761 0.0002 0.0002
31.8938 0.0002 0.0002
31.9114 0.0002 0.0002
31.9291 0.0002 0.0002
31.9467 0.0002 0.0002
31.9644 0.0002 0.0002
31.9820 0.0002 0.0002
31.9997 0.0002 0.0002
32.0173 0.0002 0.0002
32.0350 0.0002 0.0002
32.0527 0.0002 0.0002
32.0703 0.0002 0.0002
32.0880 0.0002 0.0002
32.1056 0.0002 0.0002
32.1233 0.0002 0.0002
32.1409 0.0002 0.0002
32.1586 0.0002 0.0002
32.1762 0.0002 0.0002
32.1939 0.0002 0.0002
32.2115 0.0002 0.0002
32.2292 0.0002 0.0002
32.2468 0.0002 0.0002
32.2645 0.0002 0.0002
32.2821 0.0002 0.0002
32.2998 0.0002 0.0002
32.3174 0.0002 0.0002
32.3351 0.0002 0.0002
32.3527 0.0002 0.0002
32.3704 0.0002 0.0002
32.3880 0.0002 0.0002
32.4057 0.0002 0.0002
32.4233 0.0002 0.0002
32.4410 0.0002 0.0002
32.4586 0.0002 0.0002
32.4763 0.0002 0.0002
32.4939 0.0002 0.0002
32.5116 0.0002 0.0002
32.5292 0.0002 0.0002
32.5469 0.0002 0.0002
32.5645 0.0002 0.0002
32.5822 0.0002 0.0002
32.5998 0.0002 0.0002
32.6175 0.0002 0.0002
32.6351 0.0002 0.0002
32.6528 0.0002 0.0002
32.6704 0.0002 0.0002
32.6881 0.0002 0.0002
32.7057 0.0002 0.0002
32.7234 0.0002 0.0002
32.7410 0.0002 0.0002
32.7587 0.0002 0.0002
32.7763 0.0002 0.0002
32.7940 0.0002 0.0002
32.8116 0.0002 0.0002
32.8293 0.0002 0.0002
32.8469 0.0002 0.0002
32.8646 0.0002 0.0002
32.8822 0.0002 0.0002
32.8999 0.0002 0.0002
32.9175 0.0002 0.0002
32.9352 0.0002 0.0002
32.9528 0.0002 0.0002
32.9705 0.0002 0.0002
32.9881 0.0002 0.0002
33.0058 0.0002 0.0002
33.0234 0.0002 0.0002
33.0411 0.0002 0.0002
33.0587 0.0002 0.0002
33.0764 0.0002 0.0002
33.0940 0.0002 0.0002
33.1117 0.0001 0.0002
33.1293 0.0001 0.0002
33.1470 0.0001 0.0002
33.1646 0.0001 0.0002
33.1823 0.0001 0.0002
33.1999 0.0001 0.0002
33.2176 0.0001 0.0002
33.2352 0.0001 0.0002
33.2529 0.0001 0.0002
33.2705 0.0001 0.0002
33.2882 0.0001 0.0002
33.3058 0.0001 0.0002
33.3235 0.0001 0.0002
33.3411 0.0001 0.0002
33.3588 0.0001 0.0002
33.3764 0.0001 0.0002
33.3941 0.0001 0.0002
33.4117 0.0001 0.0002
33.4294 0.0001 0.0002
33.4470 0.0001 0.0002
33.4647 0.0001 0.0002
33.4823 0.0001 0.0002
33.5000 0.0001 0.0002
33.5176 0.0001 0.0002
33.5353 0.0001 0.0002
33.5529 0.0001 0.0002
33.5706 0.0001 0.0002
33.5882 0.0001 0.0002
33.6059 0.0001 0.0002
33.6235 0.0001 0.0002
33.6412 0.0001 0.0002
33.6588 0.0001 0.0002
33.6765 0.0001 0.0002
33.6941 0.0001 0.0002
33.7118 0.0001 0.0001
33.7294 0.0001 0.0001
33.7471 0.0001 0.0001
33.7647 0.0001 0.0001
33.7824 0.0001 0.0001
33.8000 0.0001 0.0001
33.8177 0.0001 0.0001
33.8353 0.0001 0.0001
33.8530 0.0001 0.0001
33.8706 0.0001 0.0001
33.8883 0.0001 0.0001
33.9059 0.0001 0.0001
33.9236 0.0001 0.0001
33.9412 0.0001 0.0001
33.9589 0.0001 0.0001
33.9765 0.0001 0.0001
33.9942 0.0001 0.0001
34.0118 0.0001 0.0001
34.0295 0.0001 0.0001
34.0471 0.0001 0.0001
34.0648 0.0001 0.0001
34.0824 0.0001 0.0001
34.1001 0.0001 0.0001
34.1177 0.0001 0.0001
34.1354 0.0001 0.0001
34.1530 0.0001 0.0001
34.1707 0.0001 0.0001
34.1883 0.0001 0.0001
34.2060 0.0001 0.0001
34.2236 0.0001 0.0001
34.2413 0.0001 0.0001
34.2589 0.0001 0.0001
34.2766 0.0001 0.0001
34.2942 0.0001 0.0001
34.3119 0.0001 0.0001
34.3295 0.0001 0.0001
34.3472 0.0001 0.0001
34.3648 0.0001 0.0001
34.3825 0.0001 0.0001
34.4001 0.0001 0.0001
34.4178 0.0001 0.0001
34.4354 0.0001 0.0001
34.4531 0.0001 0.0001
34.4707 0.0001 0.0001
34.4884 0.0001 0.0001
34.5060 0.0001 0.0001
34.5237 0.0001 0.0001
34.5413 0.0001 0.0001
34.5590 0.0001 0.0001
34.5766 0.0001 0.0001
34.5943 0.0001 0.0001
34.6119 0.0001 0.0001
34.6296 0.0001 0.0001
34.6472 0.0001 0.0001
34.6649 0.0001 0.0001
34.6825 0.0001 0.0001
34.7002 0.0001 0.0001
34.7178 0.0001 0.0001
34.7355 0.0001 0.0001
34.7531 0.0001 0.0001
34.7708 0.0001 0.0001
34.7884 0.0001 0.0001
34.8061 0.0001 0.0001
34.8237 0.0001 0.0001
34.8414 0.0001 0.0001
34.8590 0.0001 0.0001
34.8767 0.0001 0.0001
34.8943 0.0001 0.0001
34.9120 0.0001 0.0001
34.9296 0.0001 0.0001
34.9473 0.0001 0.0001
34.9649 0.0001 0.0001
34.9826 0.0001 0.0001
35.0002 0.0001 0.0001
35.0179 0.0001 0.0001
35.0355 0.0001 0.0001
35.0532 0.0001 0.0001
35.0708 0.0001 0.0001
35.0885 0.0001 0.0001
35.1061 0.0001 0.0001
35.1238 0.0001 0.0001
35.1414 0.0001 0.0001
35.1591 0.0001 0.0001
35.1767 0.0001 0.0001
35.1944 0.0001 0.0001
35.2120 0.0001 0.0001
35.2297 0.0001 0.0001
35.2473 0.0001 0.0001
35.2650 0.0001 0.0001
35.2826 0.0001 0.0001
  
  
  
  
  
dim="1">gridpoints</dimension>  
  
  
  
  
  
  
  
  
0.0000 276.4074 230.6485
0.0177 276.4074 230.6485
0.0353 138.2284 115.3582
0.0530 92.1797 76.9443
0.0706 69.1635 57.7509
0.0883 55.3604 46.2470
0.1059 46.1638 38.5892
0.1236 39.5996 33.1303
0.1412 34.6808 29.0468
0.1589 30.8590 25.8810
0.1765 27.8054 23.3583
0.1942 25.3106 21.3035
0.2118 23.2350 19.5999
0.2295 21.4820 18.1661
0.2471 19.9825 16.9440
0.2648 18.6856 15.8906
0.2824 17.5532 14.9735
0.3001 16.5558 14.1677
0.3177 15.6704 13.4536
0.3354 14.8787 12.8157
0.3530 14.1657 12.2414
0.3707 13.5192 11.7206
0.3883 12.9291 11.2450
0.4060 12.3870 10.8078
0.4236 11.8857 10.4035
0.4413 11.4191 10.0274
0.4589 10.9824 9.6760
0.4766 10.5712 9.3460
0.4942 10.1820 9.0351
0.5119 9.8120 8.7411
0.5295 9.4589 8.4625
0.5472 9.1210 8.1978
0.5648 8.7969 7.9461
0.5825 8.4858 7.7063
0.6001 8.1870 7.4776
0.6178 7.9003 7.2594
0.6354 7.6254 7.0511
0.6531 7.3626 6.8521
0.6707 7.1120 6.6620
0.6884 6.8737 6.4802
0.7060 6.6480 6.3062
0.7237 6.4352 6.1397
0.7413 6.2354 5.9801
0.7590 6.0485 5.8271
0.7766 5.8746 5.6802
0.7943 5.7135 5.5391
0.8119 5.5648 5.4034
0.8296 5.4281 5.2727
0.8472 5.3028 5.1466
0.8649 5.1883 5.0249
0.8825 5.0837 4.9072
0.9002 4.9882 4.7933
0.9178 4.9009 4.6829
0.9355 4.8209 4.5760
0.9531 4.7473 4.4723
0.9708 4.6792 4.3718
0.9884 4.6157 4.2745
1.0061 4.5559 4.1804
1.0237 4.4991 4.0895
1.0414 4.4447 4.0020
1.0590 4.3919 3.9180
1.0767 4.3402 3.8376
1.0943 4.2893 3.7611
1.1120 4.2386 3.6886
1.1296 4.1878 3.6203
1.1473 4.1367 3.5562
1.1649 4.0850 3.4965
1.1826 4.0326 3.4412
1.2002 3.9793 3.3902
1.2179 3.9252 3.3435
1.2355 3.8701 3.3008
1.2532 3.8142 3.2621
1.2708 3.7575 3.2270
1.2885 3.7000 3.1951
1.3061 3.6419 3.1662
1.3238 3.5833 3.1399
1.3414 3.5245 3.1156
1.3591 3.4656 3.0931
1.3767 3.4068 3.0718
1.3944 3.3482 3.0514
1.4120 3.2902 3.0314
1.4297 3.2327 3.0115
1.4473 3.1761 2.9914
1.4650 3.1204 2.9708
1.4826 3.0657 2.9494
1.5003 3.0121 2.9271
1.5179 2.9597 2.9036
1.5356 2.9084 2.8789
1.5532 2.8584 2.8529
1.5709 2.8096 2.8256
1.5885 2.7621 2.7971
1.6062 2.7157 2.7673
1.6238 2.6705 2.7365
1.6415 2.6266 2.7047
1.6591 2.5839 2.6720
1.6768 2.5424 2.6388
1.6944 2.5022 2.6050
1.7121 2.4633 2.5709
1.7297 2.4256 2.5367
1.7474 2.3893 2.5026
1.7650 2.3543 2.4686
1.7827 2.3207 2.4351
1.8003 2.2884 2.4022
1.8180 2.2574 2.3698
1.8356 2.2278 2.3383
1.8533 2.1994 2.3076
1.8709 2.1722 2.2778
1.8886 2.1463 2.2490
1.9062 2.1216 2.2212
1.9239 2.0980 2.1944
1.9415 2.0756 2.1686
1.9592 2.0543 2.1438
1.9768 2.0340 2.1199
1.9945 2.0149 2.0971
2.0121 1.9969 2.0751
2.0298 1.9798 2.0539
2.0474 1.9638 2.0336
2.0651 1.9487 2.0140
2.0827 1.9346 1.9950
2.1004 1.9211 1.9765
2.1180 1.9084 1.9586
2.1357 1.8962 1.9410
2.1533 1.8845 1.9237
2.1710 1.8729 1.9065
2.1886 1.8615 1.8895
2.2063 1.8501 1.8725
2.2239 1.8385 1.8555
2.2416 1.8267 1.8384
2.2592 1.8145 1.8213
2.2769 1.8019 1.8041
2.2945 1.7889 1.7869
2.3122 1.7755 1.7697
2.3298 1.7617 1.7526
2.3475 1.7475 1.7357
2.3651 1.7329 1.7192
2.3828 1.7181 1.7031
2.4004 1.7030 1.6875
2.4181 1.6878 1.6727
2.4357 1.6724 1.6585
2.4534 1.6569 1.6452
2.4710 1.6412 1.6327
2.4887 1.6254 1.6212
2.5063 1.6095 1.6105
2.5240 1.5935 1.6007
2.5416 1.5774 1.5917
2.5593 1.5611 1.5835
2.5769 1.5446 1.5758
2.5946 1.5280 1.5686
2.6122 1.5113 1.5618
2.6299 1.4944 1.5552
2.6475 1.4775 1.5486
2.6652 1.4604 1.5419
2.6828 1.4433 1.5349
2.7005 1.4261 1.5275
2.7181 1.4089 1.5195
2.7358 1.3918 1.5109
2.7534 1.3746 1.5015
2.7711 1.3574 1.4913
2.7887 1.3404 1.4803
2.8064 1.3234 1.4685
2.8240 1.3066 1.4558
2.8417 1.2900 1.4425
2.8593 1.2736 1.4285
2.8770 1.2576 1.4140
2.8946 1.2419 1.3992
2.9123 1.2267 1.3841
2.9299 1.2121 1.3689
2.9476 1.1981 1.3538
2.9652 1.1847 1.3389
2.9829 1.1722 1.3244
3.0005 1.1603 1.3104
3.0182 1.1493 1.2970
3.0358 1.1391 1.2842
3.0535 1.1295 1.2722
3.0711 1.1207 1.2609
3.0888 1.1125 1.2505
3.1064 1.1047 1.2409
3.1241 1.0974 1.2321
3.1417 1.0902 1.2241
3.1594 1.0832 1.2169
3.1770 1.0761 1.2104
3.1947 1.0689 1.2046
3.2123 1.0613 1.1994
3.2300 1.0533 1.1948
3.2476 1.0448 1.1907
3.2653 1.0358 1.1870
3.2829 1.0261 1.1837
3.3006 1.0157 1.1806
3.3182 1.0047 1.1777
3.3359 0.9932 1.1749
3.3535 0.9810 1.1721
3.3712 0.9685 1.1693
3.3888 0.9556 1.1663
3.4065 0.9424 1.1630
3.4241 0.9291 1.1594
3.4418 0.9158 1.1555
3.4594 0.9027 1.1511
3.4771 0.8898 1.1462
3.4947 0.8772 1.1407
3.5124 0.8651 1.1347
3.5300 0.8534 1.1282
3.5477 0.8423 1.1210
3.5653 0.8318 1.1134
3.5830 0.8218 1.1052
3.6006 0.8124 1.0965
3.6183 0.8036 1.0874
3.6359 0.7954 1.0779
3.6536 0.7876 1.0681
3.6712 0.7803 1.0581
3.6889 0.7735 1.0479
3.7065 0.7670 1.0376
3.7242 0.7609 1.0273
3.7418 0.7551 1.0170
3.7595 0.7496 1.0068
3.7771 0.7444 0.9968
3.7948 0.7394 0.9871
3.8124 0.7348 0.9775
3.8301 0.7303 0.9683
3.8477 0.7262 0.9594
3.8654 0.7223 0.9508
3.8830 0.7187 0.9425
3.9007 0.7154 0.9345
3.9183 0.7124 0.9269
3.9360 0.7096 0.9195
3.9536 0.7072 0.9125
3.9713 0.7050 0.9057
3.9889 0.7031 0.8991
4.0066 0.7014 0.8928
4.0242 0.6999 0.8868
4.0419 0.6986 0.8809
4.0595 0.6974 0.8753
4.0772 0.6963 0.8700
4.0948 0.6953 0.8648
4.1125 0.6943 0.8599
4.1301 0.6933 0.8553
4.1478 0.6922 0.8509
4.1654 0.6910 0.8467
4.1831 0.6897 0.8429
4.2007 0.6881 0.8392
4.2184 0.6864 0.8358
4.2360 0.6845 0.8327
4.2537 0.6824 0.8297
4.2713 0.6800 0.8269
4.2890 0.6775 0.8242
4.3066 0.6748 0.8216
4.3243 0.6718 0.8191
4.3419 0.6688 0.8166
4.3596 0.6656 0.8141
4.3772 0.6623 0.8115
4.3949 0.6590 0.8087
4.4125 0.6557 0.8058
4.4302 0.6523 0.8026
4.4478 0.6490 0.7993
4.4655 0.6457 0.7956
4.4831 0.6426 0.7916
4.5008 0.6395 0.7874
4.5184 0.6365 0.7827
4.5361 0.6336 0.7778
4.5537 0.6308 0.7726
4.5714 0.6281 0.7671
4.5890 0.6254 0.7613
4.6067 0.6228 0.7553
4.6243 0.6202 0.7492
4.6420 0.6176 0.7429
4.6596 0.6149 0.7365
4.6773 0.6122 0.7300
4.6949 0.6094 0.7236
4.7126 0.6065 0.7172
4.7302 0.6034 0.7109
4.7479 0.6002 0.7047
4.7655 0.5969 0.6986
4.7832 0.5934 0.6927
4.8008 0.5898 0.6869
4.8185 0.5860 0.6812
4.8361 0.5822 0.6758
4.8538 0.5782 0.6705
4.8714 0.5741 0.6653
4.8891 0.5700 0.6603
4.9067 0.5659 0.6554
4.9244 0.5618 0.6507
4.9420 0.5577 0.6460
4.9597 0.5537 0.6415
4.9773 0.5497 0.6371
4.9950 0.5459 0.6327
5.0126 0.5421 0.6285
5.0303 0.5385 0.6244
5.0479 0.5350 0.6204
5.0656 0.5317 0.6165
5.0832 0.5285 0.6127
5.1009 0.5255 0.6090
5.1185 0.5226 0.6055
5.1362 0.5199 0.6022
5.1538 0.5175 0.5989
5.1715 0.5151 0.5959
5.1891 0.5130 0.5930
5.2068 0.5111 0.5902
5.2244 0.5093 0.5876
5.2421 0.5077 0.5851
5.2597 0.5063 0.5826
5.2774 0.5050 0.5803
5.2950 0.5040 0.5780
5.3127 0.5030 0.5758
5.3303 0.5022 0.5736
5.3480 0.5014 0.5713
5.3656 0.5008 0.5690
5.3833 0.5002 0.5667
5.4009 0.4996 0.5642
5.4186 0.4990 0.5617
5.4362 0.4984 0.5590
5.4539 0.4977 0.5562
5.4715 0.4970 0.5533
5.4892 0.4962 0.5503
5.5068 0.4952 0.5472
5.5245 0.4942 0.5439
5.5421 0.4930 0.5406
5.5598 0.4918 0.5373
5.5774 0.4904 0.5339
5.5951 0.4889 0.5305
5.6127 0.4873 0.5272
5.6304 0.4856 0.5239
5.6480 0.4838 0.5207
5.6657 0.4820 0.5176
5.6833 0.4801 0.5147
5.7010 0.4781 0.5119
5.7186 0.4762 0.5093
5.7363 0.4742 0.5068
5.7539 0.4721 0.5045
5.7716 0.4701 0.5024
5.7892 0.4681 0.5003
5.8069 0.4661 0.4984
5.8245 0.4641 0.4966
5.8422 0.4621 0.4948
5.8598 0.4602 0.4931
5.8775 0.4584 0.4914
5.8951 0.4566 0.4896
5.9128 0.4550 0.4879
5.9304 0.4534 0.4861
5.9481 0.4520 0.4843
5.9657 0.4506 0.4824
5.9834 0.4494 0.4806
6.0010 0.4483 0.4786
6.0187 0.4472 0.4767
6.0363 0.4463 0.4747
6.0540 0.4454 0.4728
6.0716 0.4445 0.4709
6.0893 0.4437 0.4691
6.1069 0.4428 0.4673
6.1246 0.4419 0.4656
6.1422 0.4410 0.4640
6.1599 0.4400 0.4625
6.1775 0.4389 0.4611
6.1952 0.4377 0.4597
6.2128 0.4364 0.4585
6.2305 0.4350 0.4573
6.2481 0.4335 0.4562
6.2658 0.4319 0.4551
6.2834 0.4302 0.4541
6.3011 0.4285 0.4531
6.3187 0.4267 0.4521
6.3364 0.4248 0.4511
6.3540 0.4230 0.4501
6.3717 0.4211 0.4490
6.3893 0.4192 0.4479
6.4070 0.4173 0.4468
6.4247 0.4154 0.4456
6.4423 0.4135 0.4443
6.4600 0.4117 0.4430
6.4776 0.4099 0.4415
6.4953 0.4080 0.4400
6.5129 0.4062 0.4385
6.5306 0.4044 0.4368
6.5482 0.4026 0.4350
6.5659 0.4008 0.4332
6.5835 0.3991 0.4312
6.6012 0.3973 0.4292
6.6188 0.3956 0.4271
6.6365 0.3939 0.4250
6.6541 0.3923 0.4228
6.6718 0.3906 0.4205
6.6894 0.3890 0.4182
6.7071 0.3875 0.4159
6.7247 0.3860 0.4136
6.7424 0.3845 0.4113
6.7600 0.3831 0.4090
6.7777 0.3817 0.4068
6.7953 0.3804 0.4046
6.8130 0.3790 0.4025
6.8306 0.3777 0.4005
6.8483 0.3764 0.3986
6.8659 0.3750 0.3967
6.8836 0.3736 0.3950
6.9012 0.3722 0.3934
6.9189 0.3707 0.3918
6.9365 0.3692 0.3904
6.9542 0.3675 0.3892
6.9718 0.3659 0.3880
6.9895 0.3641 0.3869
7.0071 0.3623 0.3859
7.0248 0.3604 0.3850
7.0424 0.3584 0.3842
7.0601 0.3565 0.3835
7.0777 0.3544 0.3828
7.0954 0.3524 0.3822
7.1130 0.3504 0.3816
7.1307 0.3484 0.3811
7.1483 0.3465 0.3805
7.1660 0.3447 0.3799
7.1836 0.3429 0.3793
7.2013 0.3412 0.3787
7.2189 0.3397 0.3779
7.2366 0.3383 0.3771
7.2542 0.3370 0.3762
7.2719 0.3358 0.3751
7.2895 0.3348 0.3739
7.3072 0.3339 0.3727
7.3248 0.3331 0.3712
7.3425 0.3325 0.3697
7.3601 0.3319 0.3680
7.3778 0.3313 0.3663
7.3954 0.3308 0.3644
7.4131 0.3304 0.3625
7.4307 0.3299 0.3605
7.4484 0.3294 0.3584
7.4660 0.3289 0.3564
7.4837 0.3284 0.3544
7.5013 0.3278 0.3523
7.5190 0.3271 0.3504
7.5366 0.3264 0.3484
7.5543 0.3257 0.3465
7.5719 0.3249 0.3447
7.5896 0.3242 0.3430
7.6072 0.3234 0.3413
7.6249 0.3226 0.3396
7.6425 0.3218 0.3381
7.6602 0.3211 0.3365
7.6778 0.3203 0.3351
7.6955 0.3197 0.3336
7.7131 0.3190 0.3322
7.7308 0.3184 0.3309
7.7484 0.3178 0.3295
7.7661 0.3172 0.3282
7.7837 0.3166 0.3269
7.8014 0.3160 0.3257
7.8190 0.3153 0.3245
7.8367 0.3146 0.3233
7.8543 0.3139 0.3221
7.8720 0.3130 0.3209
7.8896 0.3121 0.3198
7.9073 0.3111 0.3187
7.9249 0.3100 0.3176
7.9426 0.3088 0.3166
7.9602 0.3075 0.3155
7.9779 0.3061 0.3145
7.9955 0.3046 0.3135
8.0132 0.3031 0.3125
8.0308 0.3015 0.3116
8.0485 0.2999 0.3107
8.0661 0.2983 0.3098
8.0838 0.2966 0.3090
8.1014 0.2950 0.3082
8.1191 0.2933 0.3074
8.1367 0.2917 0.3067
8.1544 0.2902 0.3060
8.1720 0.2886 0.3053
8.1897 0.2872 0.3047
8.2073 0.2858 0.3041
8.2250 0.2844 0.3034
8.2426 0.2831 0.3028
8.2603 0.2819 0.3022
8.2779 0.2807 0.3016
8.2956 0.2796 0.3009
8.3132 0.2785 0.3002
8.3309 0.2775 0.2995
8.3485 0.2765 0.2988
8.3662 0.2756 0.2981
8.3838 0.2747 0.2974
8.4015 0.2738 0.2966
8.4191 0.2730 0.2959
8.4368 0.2722 0.2951
8.4544 0.2715 0.2944
8.4721 0.2707 0.2938
8.4897 0.2700 0.2931
8.5074 0.2693 0.2925
8.5250 0.2686 0.2920
8.5427 0.2680 0.2915
8.5603 0.2673 0.2910
8.5780 0.2667 0.2905
8.5956 0.2661 0.2901
8.6133 0.2655 0.2897
8.6309 0.2649 0.2893
8.6486 0.2643 0.2889
8.6662 0.2637 0.2885
8.6839 0.2630 0.2881
8.7015 0.2624 0.2876
8.7192 0.2616 0.2871
8.7368 0.2609 0.2865
8.7545 0.2601 0.2859
8.7721 0.2592 0.2852
8.7898 0.2583 0.2845
8.8074 0.2573 0.2838
8.8251 0.2563 0.2830
8.8427 0.2552 0.2821
8.8604 0.2541 0.2813
8.8780 0.2529 0.2804
8.8957 0.2517 0.2795
8.9133 0.2505 0.2786
8.9310 0.2492 0.2776
8.9486 0.2480 0.2766
8.9663 0.2467 0.2756
8.9839 0.2454 0.2746
9.0016 0.2441 0.2735
9.0192 0.2429 0.2724
9.0369 0.2416 0.2712
9.0545 0.2403 0.2701
9.0722 0.2391 0.2689
9.0898 0.2379 0.2676
9.1075 0.2367 0.2664
9.1251 0.2355 0.2651
9.1428 0.2343 0.2638
9.1604 0.2332 0.2626
9.1781 0.2320 0.2613
9.1957 0.2309 0.2600
9.2134 0.2298 0.2588
9.2310 0.2287 0.2575
9.2487 0.2277 0.2563
9.2663 0.2266 0.2551
9.2840 0.2255 0.2539
9.3016 0.2245 0.2528
9.3193 0.2234 0.2516
9.3369 0.2224 0.2505
9.3546 0.2213 0.2494
9.3722 0.2203 0.2483
9.3899 0.2192 0.2472
9.4075 0.2181 0.2462
9.4252 0.2170 0.2452
9.4428 0.2159 0.2442
9.4605 0.2148 0.2432
9.4781 0.2138 0.2422
9.4958 0.2127 0.2413
9.5134 0.2116 0.2404
9.5311 0.2106 0.2395
9.5487 0.2095 0.2387
9.5664 0.2085 0.2378
9.5840 0.2076 0.2370
9.6017 0.2066 0.2362
9.6193 0.2057 0.2355
9.6370 0.2048 0.2347
9.6546 0.2039 0.2339
9.6723 0.2031 0.2331
9.6899 0.2024 0.2323
9.7076 0.2016 0.2315
9.7252 0.2009 0.2306
9.7429 0.2003 0.2297
9.7605 0.1996 0.2288
9.7782 0.1991 0.2278
9.7958 0.1985 0.2267
9.8135 0.1980 0.2256
9.8311 0.1975 0.2244
9.8488 0.1971 0.2232
9.8664 0.1967 0.2219
9.8841 0.1963 0.2206
9.9017 0.1960 0.2193
9.9194 0.1956 0.2179
9.9370 0.1952 0.2166
9.9547 0.1949 0.2152
9.9723 0.1945 0.2138
9.9900 0.1941 0.2125
10.0076 0.1936 0.2111
10.0253 0.1931 0.2098
10.0429 0.1925 0.2086
10.0606 0.1919 0.2073
10.0782 0.1912 0.2061
10.0959 0.1905 0.2049
10.1135 0.1896 0.2038
10.1312 0.1888 0.2027
10.1488 0.1878 0.2017
10.1665 0.1868 0.2007
10.1841 0.1857 0.1998
10.2018 0.1846 0.1988
10.2194 0.1835 0.1980
10.2371 0.1824 0.1972
10.2547 0.1812 0.1964
10.2724 0.1800 0.1956
10.2900 0.1788 0.1949
10.3077 0.1776 0.1942
10.3253 0.1765 0.1935
10.3430 0.1753 0.1928
10.3606 0.1741 0.1921
10.3783 0.1730 0.1914
10.3959 0.1719 0.1907
10.4136 0.1707 0.1899
10.4312 0.1696 0.1892
10.4489 0.1685 0.1884
10.4665 0.1675 0.1875
10.4842 0.1664 0.1867
10.5018 0.1653 0.1858
10.5195 0.1642 0.1848
10.5371 0.1632 0.1838
10.5548 0.1621 0.1828
10.5724 0.1610 0.1818
10.5901 0.1600 0.1807
10.6077 0.1589 0.1796
10.6254 0.1579 0.1784
10.6430 0.1568 0.1773
10.6607 0.1557 0.1761
10.6783 0.1547 0.1750
10.6960 0.1537 0.1738
10.7136 0.1526 0.1726
10.7313 0.1516 0.1714
10.7489 0.1506 0.1702
10.7666 0.1496 0.1691
10.7842 0.1486 0.1679
10.8019 0.1477 0.1667
10.8195 0.1467 0.1656
10.8372 0.1458 0.1644
10.8548 0.1449 0.1633
10.8725 0.1440 0.1622
10.8901 0.1431 0.1611
10.9078 0.1423 0.1601
10.9254 0.1414 0.1591
10.9431 0.1405 0.1581
10.9607 0.1397 0.1572
10.9784 0.1389 0.1563
10.9960 0.1380 0.1555
11.0137 0.1372 0.1547
11.0313 0.1364 0.1539
11.0490 0.1355 0.1532
11.0666 0.1347 0.1524
11.0843 0.1339 0.1517
11.1019 0.1330 0.1510
11.1196 0.1322 0.1503
11.1372 0.1314 0.1496
11.1549 0.1306 0.1488
11.1725 0.1298 0.1480
11.1902 0.1290 0.1472
11.2078 0.1282 0.1463
11.2255 0.1275 0.1454
11.2431 0.1267 0.1444
11.2608 0.1260 0.1434
11.2784 0.1253 0.1423
11.2961 0.1246 0.1412
11.3137 0.1239 0.1400
11.3314 0.1233 0.1388
11.3490 0.1226 0.1376
11.3667 0.1220 0.1363
11.3843 0.1213 0.1350
11.4020 0.1207 0.1337
11.4196 0.1200 0.1324
11.4373 0.1194 0.1312
11.4549 0.1187 0.1299
11.4726 0.1181 0.1286
11.4902 0.1174 0.1274
11.5079 0.1167 0.1261
11.5255 0.1160 0.1249
11.5432 0.1153 0.1238
11.5608 0.1147 0.1226
11.5785 0.1140 0.1215
11.5961 0.1132 0.1204
11.6138 0.1125 0.1194
11.6314 0.1118 0.1183
11.6491 0.1111 0.1173
11.6667 0.1104 0.1164
11.6844 0.1097 0.1154
11.7020 0.1090 0.1145
11.7197 0.1083 0.1136
11.7373 0.1077 0.1128
11.7550 0.1070 0.1119
11.7726 0.1064 0.1111
11.7903 0.1057 0.1104
11.8079 0.1051 0.1096
11.8256 0.1045 0.1089
11.8432 0.1040 0.1082
11.8609 0.1034 0.1075
11.8785 0.1028 0.1068
11.8962 0.1023 0.1062
11.9138 0.1018 0.1055
11.9315 0.1013 0.1049
11.9491 0.1008 0.1043
11.9668 0.1003 0.1037
11.9844 0.0999 0.1031
12.0021 0.0994 0.1025
12.0197 0.0989 0.1020
12.0374 0.0985 0.1014
12.0550 0.0980 0.1008
12.0727 0.0975 0.1003
12.0903 0.0970 0.0997
12.1080 0.0965 0.0992
12.1256 0.0960 0.0986
12.1433 0.0954 0.0980
12.1609 0.0949 0.0975
12.1786 0.0943 0.0969
12.1962 0.0937 0.0963
12.2139 0.0931 0.0957
12.2315 0.0925 0.0951
12.2492 0.0919 0.0945
12.2668 0.0913 0.0939
12.2845 0.0906 0.0933
12.3021 0.0900 0.0926
12.3198 0.0894 0.0920
12.3374 0.0887 0.0913
12.3551 0.0881 0.0907
12.3727 0.0874 0.0900
12.3904 0.0868 0.0893
12.4080 0.0861 0.0886
12.4257 0.0855 0.0879
12.4433 0.0848 0.0872
12.4610 0.0841 0.0864
12.4786 0.0835 0.0857
12.4963 0.0828 0.0850
12.5139 0.0821 0.0842
12.5316 0.0814 0.0835
12.5492 0.0807 0.0827
12.5669 0.0800 0.0820
12.5845 0.0793 0.0813
12.6022 0.0787 0.0805
12.6198 0.0780 0.0798
12.6375 0.0773 0.0791
12.6551 0.0767 0.0785
12.6728 0.0760 0.0778
12.6904 0.0754 0.0772
12.7081 0.0748 0.0766
12.7257 0.0743 0.0760
12.7434 0.0737 0.0755
12.7610 0.0732 0.0750
12.7787 0.0727 0.0745
12.7963 0.0722 0.0740
12.8140 0.0718 0.0736
12.8317 0.0713 0.0732
12.8493 0.0709 0.0728
12.8670 0.0706 0.0724
12.8846 0.0702 0.0720
12.9023 0.0699 0.0717
12.9199 0.0696 0.0713
12.9376 0.0693 0.0709
12.9552 0.0691 0.0706
12.9729 0.0688 0.0702
12.9905 0.0686 0.0699
13.0082 0.0683 0.0695
13.0258 0.0681 0.0691
13.0435 0.0679 0.0687
13.0611 0.0676 0.0683
13.0788 0.0674 0.0679
13.0964 0.0671 0.0675
13.1141 0.0668 0.0671
13.1317 0.0665 0.0667
13.1494 0.0662 0.0663
13.1670 0.0659 0.0658
13.1847 0.0655 0.0654
13.2023 0.0652 0.0650
13.2200 0.0648 0.0646
13.2376 0.0644 0.0641
13.2553 0.0640 0.0637
13.2729 0.0636 0.0633
13.2906 0.0631 0.0629
13.3082 0.0627 0.0625
13.3259 0.0623 0.0621
13.3435 0.0619 0.0617
13.3612 0.0614 0.0613
13.3788 0.0610 0.0609
13.3965 0.0605 0.0605
13.4141 0.0601 0.0601
13.4318 0.0597 0.0597
13.4494 0.0593 0.0593
13.4671 0.0588 0.0589
13.4847 0.0584 0.0585
13.5024 0.0579 0.0581
13.5200 0.0575 0.0577
13.5377 0.0571 0.0573
13.5553 0.0566 0.0569
13.5730 0.0562 0.0565
13.5906 0.0557 0.0561
13.6083 0.0553 0.0558
13.6259 0.0549 0.0554
13.6436 0.0544 0.0550
13.6612 0.0540 0.0547
13.6789 0.0535 0.0543
13.6965 0.0531 0.0540
13.7142 0.0526 0.0537
13.7318 0.0522 0.0533
13.7495 0.0518 0.0530
13.7671 0.0514 0.0527
13.7848 0.0509 0.0524
13.8024 0.0505 0.0521
13.8201 0.0501 0.0518
13.8377 0.0497 0.0515
13.8554 0.0493 0.0512
13.8730 0.0489 0.0509
13.8907 0.0485 0.0506
13.9083 0.0481 0.0503
13.9260 0.0478 0.0500
13.9436 0.0474 0.0498
13.9613 0.0471 0.0495
13.9789 0.0467 0.0492
13.9966 0.0464 0.0489
14.0142 0.0461 0.0487
14.0319 0.0457 0.0484
14.0495 0.0454 0.0481
14.0672 0.0452 0.0479
14.0848 0.0449 0.0476
14.1025 0.0446 0.0473
14.1201 0.0443 0.0471
14.1378 0.0441 0.0468
14.1554 0.0439 0.0466
14.1731 0.0436 0.0463
14.1907 0.0434 0.0460
14.2084 0.0431 0.0458
14.2260 0.0429 0.0456
14.2437 0.0427 0.0453
14.2613 0.0424 0.0451
14.2790 0.0422 0.0448
14.2966 0.0420 0.0446
14.3143 0.0417 0.0444
14.3319 0.0415 0.0441
14.3496 0.0412 0.0439
14.3672 0.0409 0.0437
14.3849 0.0407 0.0434
14.4025 0.0404 0.0432
14.4202 0.0401 0.0429
14.4378 0.0398 0.0426
14.4555 0.0395 0.0423
14.4731 0.0392 0.0420
14.4908 0.0389 0.0417
14.5084 0.0386 0.0414
14.5261 0.0383 0.0411
14.5437 0.0380 0.0407
14.5614 0.0377 0.0403
14.5790 0.0375 0.0400
14.5967 0.0372 0.0396
14.6143 0.0369 0.0392
14.6320 0.0366 0.0388
14.6496 0.0363 0.0384
14.6673 0.0360 0.0381
14.6849 0.0358 0.0377
14.7026 0.0355 0.0373
14.7202 0.0352 0.0369
14.7379 0.0350 0.0365
14.7555 0.0347 0.0361
14.7732 0.0344 0.0358
14.7908 0.0342 0.0354
14.8085 0.0339 0.0350
14.8261 0.0336 0.0347
14.8438 0.0334 0.0344
14.8614 0.0331 0.0340
14.8791 0.0329 0.0337
14.8967 0.0326 0.0334
14.9144 0.0324 0.0331
14.9320 0.0321 0.0328
14.9497 0.0319 0.0325
14.9673 0.0316 0.0322
14.9850 0.0314 0.0319
15.0026 0.0311 0.0317
15.0203 0.0309 0.0314
15.0379 0.0306 0.0312
15.0556 0.0303 0.0309
15.0732 0.0301 0.0307
15.0909 0.0298 0.0305
15.1085 0.0296 0.0303
15.1262 0.0293 0.0301
15.1438 0.0291 0.0299
15.1615 0.0288 0.0297
15.1791 0.0286 0.0295
15.1968 0.0283 0.0293
15.2144 0.0281 0.0291
15.2321 0.0278 0.0289
15.2497 0.0276 0.0288
15.2674 0.0274 0.0286
15.2850 0.0271 0.0284
15.3027 0.0269 0.0282
15.3203 0.0266 0.0279
15.3380 0.0264 0.0277
15.3556 0.0262 0.0275
15.3733 0.0259 0.0273
15.3909 0.0257 0.0270
15.4086 0.0255 0.0268
15.4262 0.0253 0.0265
15.4439 0.0250 0.0263
15.4615 0.0248 0.0260
15.4792 0.0246 0.0257
15.4968 0.0243 0.0255
15.5145 0.0241 0.0252
15.5321 0.0239 0.0250
15.5498 0.0237 0.0247
15.5674 0.0234 0.0244
15.5851 0.0232 0.0242
15.6027 0.0230 0.0239
15.6204 0.0227 0.0237
15.6380 0.0225 0.0234
15.6557 0.0223 0.0232
15.6733 0.0220 0.0229
15.6910 0.0218 0.0227
15.7086 0.0216 0.0225
15.7263 0.0213 0.0222
15.7439 0.0211 0.0220
15.7616 0.0209 0.0218
15.7792 0.0206 0.0216
15.7969 0.0204 0.0214
15.8145 0.0202 0.0212
15.8322 0.0200 0.0210
15.8498 0.0198 0.0208
15.8675 0.0195 0.0206
15.8851 0.0193 0.0204
15.9028 0.0191 0.0202
15.9204 0.0189 0.0201
15.9381 0.0188 0.0199
15.9557 0.0186 0.0197
15.9734 0.0184 0.0195
15.9910 0.0182 0.0194
16.0087 0.0180 0.0192
16.0263 0.0178 0.0191
16.0440 0.0176 0.0189
16.0616 0.0174 0.0188
16.0793 0.0172 0.0186
16.0969 0.0170 0.0185
16.1146 0.0168 0.0183
16.1322 0.0166 0.0182
16.1499 0.0164 0.0180
16.1675 0.0162 0.0179
16.1852 0.0160 0.0177
16.2028 0.0158 0.0176
16.2205 0.0156 0.0174
16.2381 0.0154 0.0173
16.2558 0.0152 0.0171
16.2734 0.0150 0.0170
16.2911 0.0148 0.0168
16.3087 0.0146 0.0167
16.3264 0.0143 0.0165
16.3440 0.0141 0.0164
16.3617 0.0140 0.0162
16.3793 0.0138 0.0160
16.3970 0.0136 0.0158
16.4146 0.0134 0.0157
16.4323 0.0132 0.0155
16.4499 0.0130 0.0153
16.4676 0.0129 0.0151
16.4852 0.0127 0.0149
16.5029 0.0125 0.0147
16.5205 0.0124 0.0145
16.5382 0.0122 0.0143
16.5558 0.0121 0.0141
16.5735 0.0119 0.0139
16.5911 0.0118 0.0137
16.6088 0.0117 0.0135
16.6264 0.0116 0.0134
16.6441 0.0114 0.0132
16.6617 0.0113 0.0130
16.6794 0.0112 0.0128
16.6970 0.0111 0.0127
16.7147 0.0110 0.0125
16.7323 0.0109 0.0123
16.7500 0.0108 0.0122
16.7676 0.0107 0.0120
16.7853 0.0106 0.0119
16.8029 0.0105 0.0117
16.8206 0.0104 0.0116
16.8382 0.0103 0.0115
16.8559 0.0102 0.0114
16.8735 0.0101 0.0112
16.8912 0.0100 0.0111
16.9088 0.0099 0.0110
16.9265 0.0099 0.0109
16.9441 0.0098 0.0107
16.9618 0.0097 0.0106
16.9794 0.0096 0.0105
16.9971 0.0095 0.0104
17.0147 0.0094 0.0102
17.0324 0.0093 0.0101
17.0500 0.0092 0.0100
17.0677 0.0091 0.0099
17.0853 0.0090 0.0097
17.1030 0.0089 0.0096
17.1206 0.0089 0.0095
17.1383 0.0088 0.0094
17.1559 0.0087 0.0093
17.1736 0.0086 0.0092
17.1912 0.0085 0.0091
17.2089 0.0084 0.0089
17.2265 0.0083 0.0088
17.2442 0.0082 0.0087
17.2618 0.0081 0.0086
17.2795 0.0080 0.0085
17.2971 0.0079 0.0085
17.3148 0.0078 0.0084
17.3324 0.0077 0.0083
17.3501 0.0077 0.0082
17.3677 0.0076 0.0081
17.3854 0.0075 0.0080
17.4030 0.0074 0.0080
17.4207 0.0074 0.0079
17.4383 0.0073 0.0078
17.4560 0.0072 0.0077
17.4736 0.0072 0.0077
17.4913 0.0071 0.0076
17.5089 0.0071 0.0075
17.5266 0.0070 0.0075
17.5442 0.0070 0.0074
17.5619 0.0069 0.0074
17.5795 0.0069 0.0073
17.5972 0.0068 0.0072
17.6148 0.0068 0.0072
17.6325 0.0067 0.0071
17.6501 0.0067 0.0070
17.6678 0.0066 0.0070
17.6854 0.0066 0.0069
17.7031 0.0065 0.0068
17.7207 0.0065 0.0068
17.7384 0.0064 0.0067
17.7560 0.0064 0.0066
17.7737 0.0063 0.0066
17.7913 0.0063 0.0065
17.8090 0.0062 0.0064
17.8266 0.0061 0.0064
17.8443 0.0061 0.0063
17.8619 0.0060 0.0062
17.8796 0.0060 0.0062
17.8972 0.0059 0.0061
17.9149 0.0059 0.0061
17.9325 0.0058 0.0060
17.9502 0.0058 0.0059
17.9678 0.0057 0.0059
17.9855 0.0057 0.0058
18.0031 0.0056 0.0058
18.0208 0.0056 0.0057
18.0384 0.0055 0.0057
18.0561 0.0055 0.0056
18.0737 0.0054 0.0055
18.0914 0.0053 0.0055
18.1090 0.0053 0.0054
18.1267 0.0052 0.0054
18.1443 0.0052 0.0053
18.1620 0.0051 0.0053
18.1796 0.0051 0.0052
18.1973 0.0050 0.0052
18.2149 0.0050 0.0052
18.2326 0.0049 0.0051
18.2502 0.0049 0.0051
18.2679 0.0048 0.0050
18.2855 0.0048 0.0050
18.3032 0.0047 0.0049
18.3208 0.0047 0.0049
18.3385 0.0046 0.0048
18.3561 0.0046 0.0048
18.3738 0.0045 0.0048
18.3914 0.0045 0.0047
18.4091 0.0044 0.0047
18.4267 0.0044 0.0046
18.4444 0.0043 0.0046
18.4620 0.0043 0.0045
18.4797 0.0042 0.0045
18.4973 0.0042 0.0044
18.5150 0.0041 0.0044
18.5326 0.0041 0.0043
18.5503 0.0040 0.0043
18.5679 0.0040 0.0042
18.5856 0.0039 0.0042
18.6032 0.0039 0.0041
18.6209 0.0039 0.0041
18.6385 0.0038 0.0040
18.6562 0.0038 0.0040
18.6738 0.0037 0.0039
18.6915 0.0037 0.0039
18.7091 0.0036 0.0038
18.7268 0.0036 0.0038
18.7444 0.0036 0.0037
18.7621 0.0035 0.0037
18.7797 0.0035 0.0036
18.7974 0.0035 0.0036
18.8150 0.0034 0.0036
18.8327 0.0034 0.0035
18.8503 0.0034 0.0035
18.8680 0.0033 0.0035
18.8856 0.0033 0.0034
18.9033 0.0033 0.0034
18.9209 0.0033 0.0034
18.9386 0.0032 0.0033
18.9562 0.0032 0.0033
18.9739 0.0032 0.0033
18.9915 0.0031 0.0032
19.0092 0.0031 0.0032
19.0268 0.0031 0.0032
19.0445 0.0031 0.0031
19.0621 0.0030 0.0031
19.0798 0.0030 0.0031
19.0974 0.0030 0.0030
19.1151 0.0030 0.0030
19.1327 0.0029 0.0030
19.1504 0.0029 0.0029
19.1680 0.0029 0.0029
19.1857 0.0029 0.0029
19.2033 0.0028 0.0029
19.2210 0.0028 0.0028
19.2387 0.0028 0.0028
19.2563 0.0028 0.0028
19.2740 0.0027 0.0027
19.2916 0.0027 0.0027
19.3093 0.0027 0.0027
19.3269 0.0027 0.0026
19.3446 0.0026 0.0026
19.3622 0.0026 0.0026
19.3799 0.0026 0.0025
19.3975 0.0026 0.0025
19.4152 0.0026 0.0025
19.4328 0.0025 0.0025
19.4505 0.0025 0.0024
19.4681 0.0025 0.0024
19.4858 0.0025 0.0024
19.5034 0.0025 0.0023
19.5211 0.0024 0.0023
19.5387 0.0024 0.0023
19.5564 0.0024 0.0023
19.5740 0.0024 0.0022
19.5917 0.0023 0.0022
19.6093 0.0023 0.0022
19.6270 0.0023 0.0022
19.6446 0.0023 0.0022
19.6623 0.0022 0.0021
19.6799 0.0022 0.0021
19.6976 0.0022 0.0021
19.7152 0.0022 0.0021
19.7329 0.0021 0.0021
19.7505 0.0021 0.0020
19.7682 0.0021 0.0020
19.7858 0.0021 0.0020
19.8035 0.0020 0.0020
19.8211 0.0020 0.0020
19.8388 0.0020 0.0020
19.8564 0.0020 0.0020
19.8741 0.0020 0.0019
19.8917 0.0019 0.0019
19.9094 0.0019 0.0019
19.9270 0.0019 0.0019
19.9447 0.0019 0.0019
19.9623 0.0019 0.0019
19.9800 0.0018 0.0019
19.9976 0.0018 0.0019
20.0153 0.0018 0.0018
20.0329 0.0018 0.0018
20.0506 0.0018 0.0018
20.0682 0.0018 0.0018
20.0859 0.0018 0.0018
20.1035 0.0017 0.0018
20.1212 0.0017 0.0018
20.1388 0.0017 0.0018
20.1565 0.0017 0.0018
20.1741 0.0017 0.0018
20.1918 0.0017 0.0017
20.2094 0.0017 0.0017
20.2271 0.0016 0.0017
20.2447 0.0016 0.0017
20.2624 0.0016 0.0017
20.2800 0.0016 0.0017
20.2977 0.0016 0.0017
20.3153 0.0016 0.0017
20.3330 0.0016 0.0017
20.3506 0.0015 0.0016
20.3683 0.0015 0.0016
20.3859 0.0015 0.0016
20.4036 0.0015 0.0016
20.4212 0.0015 0.0016
20.4389 0.0015 0.0016
20.4565 0.0015 0.0016
20.4742 0.0015 0.0015
20.4918 0.0014 0.0015
20.5095 0.0014 0.0015
20.5271 0.0014 0.0015
20.5448 0.0014 0.0015
20.5624 0.0014 0.0015
20.5801 0.0014 0.0015
20.5977 0.0014 0.0014
20.6154 0.0014 0.0014
20.6330 0.0014 0.0014
20.6507 0.0014 0.0014
20.6683 0.0014 0.0014
20.6860 0.0013 0.0014
20.7036 0.0013 0.0014
20.7213 0.0013 0.0013
20.7389 0.0013 0.0013
20.7566 0.0013 0.0013
20.7742 0.0013 0.0013
20.7919 0.0013 0.0013
20.8095 0.0013 0.0013
20.8272 0.0013 0.0013
20.8448 0.0013 0.0013
20.8625 0.0012 0.0013
20.8801 0.0012 0.0012
20.8978 0.0012 0.0012
20.9154 0.0012 0.0012
20.9331 0.0012 0.0012
20.9507 0.0012 0.0012
20.9684 0.0012 0.0012
20.9860 0.0012 0.0012
21.0037 0.0012 0.0012
21.0213 0.0012 0.0012
21.0390 0.0012 0.0012
21.0566 0.0011 0.0011
21.0743 0.0011 0.0011
21.0919 0.0011 0.0011
21.1096 0.0011 0.0011
21.1272 0.0011 0.0011
21.1449 0.0011 0.0011
21.1625 0.0011 0.0011
21.1802 0.0011 0.0011
21.1978 0.0011 0.0011
21.2155 0.0011 0.0011
21.2331 0.0011 0.0011
21.2508 0.0011 0.0011
21.2684 0.0011 0.0011
21.2861 0.0010 0.0011
21.3037 0.0010 0.0010
21.3214 0.0010 0.0010
21.3390 0.0010 0.0010
21.3567 0.0010 0.0010
21.3743 0.0010 0.0010
21.3920 0.0010 0.0010
21.4096 0.0010 0.0010
21.4273 0.0010 0.0010
21.4449 0.0010 0.0010
21.4626 0.0010 0.0010
21.4802 0.0010 0.0010
21.4979 0.0010 0.0010
21.5155 0.0009 0.0010
21.5332 0.0009 0.0010
21.5508 0.0009 0.0010
21.5685 0.0009 0.0010
21.5861 0.0009 0.0010
21.6038 0.0009 0.0010
21.6214 0.0009 0.0010
21.6391 0.0009 0.0009
21.6567 0.0009 0.0009
21.6744 0.0009 0.0009
21.6920 0.0009 0.0009
21.7097 0.0009 0.0009
21.7273 0.0009 0.0009
21.7450 0.0009 0.0009
21.7626 0.0009 0.0009
21.7803 0.0009 0.0009
21.7979 0.0009 0.0009
21.8156 0.0009 0.0009
21.8332 0.0009 0.0009
21.8509 0.0009 0.0009
21.8685 0.0008 0.0009
21.8862 0.0008 0.0009
21.9038 0.0008 0.0009
21.9215 0.0008 0.0009
21.9391 0.0008 0.0008
21.9568 0.0008 0.0008
21.9744 0.0008 0.0008
21.9921 0.0008 0.0008
22.0097 0.0008 0.0008
22.0274 0.0008 0.0008
22.0450 0.0008 0.0008
22.0627 0.0008 0.0008
22.0803 0.0008 0.0008
22.0980 0.0008 0.0008
22.1156 0.0008 0.0008
22.1333 0.0008 0.0008
22.1509 0.0008 0.0008
22.1686 0.0008 0.0008
22.1862 0.0008 0.0008
22.2039 0.0008 0.0008
22.2215 0.0008 0.0008
22.2392 0.0008 0.0008
22.2568 0.0008 0.0008
22.2745 0.0008 0.0008
22.2921 0.0008 0.0008
22.3098 0.0008 0.0008
22.3274 0.0008 0.0008
22.3451 0.0008 0.0008
22.3627 0.0008 0.0008
22.3804 0.0007 0.0007
22.3980 0.0007 0.0007
22.4157 0.0007 0.0007
22.4333 0.0007 0.0007
22.4510 0.0007 0.0007
22.4686 0.0007 0.0007
22.4863 0.0007 0.0007
22.5039 0.0007 0.0007
22.5216 0.0007 0.0007
22.5392 0.0007 0.0007
22.5569 0.0007 0.0007
22.5745 0.0007 0.0007
22.5922 0.0007 0.0007
22.6098 0.0007 0.0007
22.6275 0.0007 0.0007
22.6451 0.0007 0.0007
22.6628 0.0007 0.0007
22.6804 0.0007 0.0007
22.6981 0.0007 0.0007
22.7157 0.0007 0.0007
22.7334 0.0007 0.0007
22.7510 0.0007 0.0007
22.7687 0.0007 0.0007
22.7863 0.0007 0.0007
22.8040 0.0007 0.0007
22.8216 0.0007 0.0007
22.8393 0.0007 0.0007
22.8569 0.0007 0.0007
22.8746 0.0007 0.0007
22.8922 0.0007 0.0007
22.9099 0.0007 0.0007
22.9275 0.0007 0.0007
22.9452 0.0007 0.0006
22.9628 0.0007 0.0006
22.9805 0.0007 0.0006
22.9981 0.0007 0.0006
23.0158 0.0007 0.0006
23.0334 0.0006 0.0006
23.0511 0.0006 0.0006
23.0687 0.0006 0.0006
23.0864 0.0006 0.0006
23.1040 0.0006 0.0006
23.1217 0.0006 0.0006
23.1393 0.0006 0.0006
23.1570 0.0006 0.0006
23.1746 0.0006 0.0006
23.1923 0.0006 0.0006
23.2099 0.0006 0.0006
23.2276 0.0006 0.0006
23.2452 0.0006 0.0006
23.2629 0.0006 0.0006
23.2805 0.0006 0.0006
23.2982 0.0006 0.0006
23.3158 0.0006 0.0006
23.3335 0.0006 0.0006
23.3511 0.0006 0.0006
23.3688 0.0006 0.0006
23.3864 0.0006 0.0006
23.4041 0.0006 0.0006
23.4217 0.0006 0.0006
23.4394 0.0006 0.0006
23.4570 0.0006 0.0006
23.4747 0.0006 0.0006
23.4923 0.0006 0.0006
23.5100 0.0006 0.0006
23.5276 0.0006 0.0006
23.5453 0.0006 0.0006
23.5629 0.0006 0.0006
23.5806 0.0006 0.0006
23.5982 0.0006 0.0006
23.6159 0.0006 0.0006
23.6335 0.0006 0.0006
23.6512 0.0006 0.0006
23.6688 0.0006 0.0006
23.6865 0.0006 0.0006
23.7041 0.0006 0.0005
23.7218 0.0006 0.0005
23.7394 0.0006 0.0005
23.7571 0.0006 0.0005
23.7747 0.0006 0.0005
23.7924 0.0006 0.0005
23.8100 0.0006 0.0005
23.8277 0.0006 0.0005
23.8453 0.0006 0.0005
23.8630 0.0006 0.0005
23.8806 0.0006 0.0005
23.8983 0.0006 0.0005
23.9159 0.0006 0.0005
23.9336 0.0006 0.0005
23.9512 0.0006 0.0005
23.9689 0.0006 0.0005
23.9865 0.0006 0.0005
24.0042 0.0006 0.0005
24.0218 0.0006 0.0005
24.0395 0.0005 0.0005
24.0571 0.0005 0.0005
24.0748 0.0005 0.0005
24.0924 0.0005 0.0005
24.1101 0.0005 0.0005
24.1277 0.0005 0.0005
24.1454 0.0005 0.0005
24.1630 0.0005 0.0005
24.1807 0.0005 0.0005
24.1983 0.0005 0.0005
24.2160 0.0005 0.0005
24.2336 0.0005 0.0005
24.2513 0.0005 0.0005
24.2689 0.0005 0.0005
24.2866 0.0005 0.0005
24.3042 0.0005 0.0005
24.3219 0.0005 0.0005
24.3395 0.0005 0.0005
24.3572 0.0005 0.0005
24.3748 0.0005 0.0005
24.3925 0.0005 0.0005
24.4101 0.0005 0.0004
24.4278 0.0005 0.0004
24.4454 0.0005 0.0004
24.4631 0.0004 0.0004
24.4807 0.0004 0.0004
24.4984 0.0004 0.0004
24.5160 0.0004 0.0004
24.5337 0.0004 0.0004
24.5513 0.0004 0.0004
24.5690 0.0004 0.0004
24.5866 0.0004 0.0004
24.6043 0.0004 0.0004
24.6219 0.0004 0.0004
24.6396 0.0004 0.0004
24.6572 0.0004 0.0004
24.6749 0.0004 0.0004
24.6925 0.0004 0.0004
24.7102 0.0004 0.0004
24.7278 0.0004 0.0004
24.7455 0.0004 0.0004
24.7631 0.0004 0.0004
24.7808 0.0004 0.0004
24.7984 0.0004 0.0004
24.8161 0.0004 0.0004
24.8337 0.0004 0.0004
24.8514 0.0004 0.0004
24.8690 0.0004 0.0004
24.8867 0.0004 0.0004
24.9043 0.0003 0.0004
24.9220 0.0003 0.0004
24.9396 0.0003 0.0004
24.9573 0.0003 0.0004
24.9749 0.0003 0.0004
24.9926 0.0003 0.0004
25.0102 0.0003 0.0003
25.0279 0.0003 0.0003
25.0455 0.0003 0.0003
25.0632 0.0003 0.0003
25.0808 0.0003 0.0003
25.0985 0.0003 0.0003
25.1161 0.0003 0.0003
25.1338 0.0003 0.0003
25.1514 0.0003 0.0003
25.1691 0.0003 0.0003
25.1867 0.0003 0.0003
25.2044 0.0003 0.0003
25.2220 0.0003 0.0003
25.2397 0.0003 0.0003
25.2573 0.0003 0.0003
25.2750 0.0003 0.0003
25.2926 0.0003 0.0003
25.3103 0.0003 0.0003
25.3279 0.0003 0.0003
25.3456 0.0003 0.0003
25.3632 0.0003 0.0003
25.3809 0.0003 0.0003
25.3985 0.0002 0.0003
25.4162 0.0002 0.0003
25.4338 0.0002 0.0003
25.4515 0.0002 0.0003
25.4691 0.0002 0.0003
25.4868 0.0002 0.0003
25.5044 0.0002 0.0003
25.5221 0.0002 0.0003
25.5397 0.0002 0.0003
25.5574 0.0002 0.0003
25.5750 0.0002 0.0003
25.5927 0.0002 0.0002
25.6103 0.0002 0.0002
25.6280 0.0002 0.0002
25.6457 0.0002 0.0002
25.6633 0.0002 0.0002
25.6810 0.0002 0.0002
25.6986 0.0002 0.0002
25.7163 0.0002 0.0002
25.7339 0.0002 0.0002
25.7516 0.0002 0.0002
25.7692 0.0002 0.0002
25.7869 0.0002 0.0002
25.8045 0.0002 0.0002
25.8222 0.0002 0.0002
25.8398 0.0002 0.0002
25.8575 0.0002 0.0002
25.8751 0.0002 0.0002
25.8928 0.0002 0.0002
25.9104 0.0002 0.0002
25.9281 0.0002 0.0002
25.9457 0.0002 0.0002
25.9634 0.0002 0.0002
25.9810 0.0002 0.0002
25.9987 0.0002 0.0002
26.0163 0.0002 0.0002
26.0340 0.0002 0.0002
26.0516 0.0002 0.0002
26.0693 0.0002 0.0002
26.0869 0.0002 0.0002
26.1046 0.0002 0.0002
26.1222 0.0002 0.0002
26.1399 0.0002 0.0002
26.1575 0.0002 0.0002
26.1752 0.0002 0.0002
26.1928 0.0002 0.0002
26.2105 0.0002 0.0002
26.2281 0.0002 0.0002
26.2458 0.0002 0.0002
26.2634 0.0002 0.0002
26.2811 0.0002 0.0002
26.2987 0.0002 0.0002
26.3164 0.0001 0.0002
26.3340 0.0001 0.0002
26.3517 0.0001 0.0002
26.3693 0.0001 0.0002
26.3870 0.0001 0.0002
26.4046 0.0001 0.0002
26.4223 0.0001 0.0002
26.4399 0.0001 0.0001
26.4576 0.0001 0.0001
26.4752 0.0001 0.0001
26.4929 0.0001 0.0001
26.5105 0.0001 0.0001
26.5282 0.0001 0.0001
26.5458 0.0001 0.0001
26.5635 0.0001 0.0001
26.5811 0.0001 0.0001
26.5988 0.0001 0.0001
26.6164 0.0001 0.0001
26.6341 0.0001 0.0001
26.6517 0.0001 0.0001
26.6694 0.0001 0.0001
26.6870 0.0001 0.0001
26.7047 0.0001 0.0001
26.7223 0.0001 0.0001
26.7400 0.0001 0.0001
26.7576 0.0001 0.0001
26.7753 0.0001 0.0001
26.7929 0.0001 0.0001
26.8106 0.0001 0.0001
26.8282 0.0001 0.0001
26.8459 0.0001 0.0001
26.8635 0.0001 0.0001
26.8812 0.0001 0.0001
26.8988 0.0001 0.0001
26.9165 0.0001 0.0001
26.9341 0.0001 0.0001
26.9518 0.0001 0.0001
26.9694 0.0001 0.0001
26.9871 0.0001 0.0001
27.0047 0.0001 0.0001
27.0224 0.0001 0.0001
27.0400 0.0001 0.0001
27.0577 0.0001 0.0001
27.0753 0.0001 0.0001
27.0930 0.0001 0.0001
27.1106 0.0001 0.0001
27.1283 0.0001 0.0001
27.1459 0.0001 0.0001
27.1636 0.0001 0.0001
27.1812 0.0001 0.0001
27.1989 0.0001 0.0001
27.2165 0.0001 0.0001
27.2342 0.0001 0.0001
27.2518 0.0001 0.0001
27.2695 0.0001 0.0001
27.2871 0.0001 0.0001
27.3048 0.0001 0.0001
27.3224 0.0001 0.0001
27.3401 0.0001 0.0001
27.3577 0.0001 0.0001
27.3754 0.0001 0.0001
27.3930 0.0001 0.0001
27.4107 0.0001 0.0001
27.4283 0.0001 0.0001
27.4460 0.0001 0.0001
27.4636 0.0001 0.0001
27.4813 0.0001 0.0001
27.4989 0.0001 0.0001
27.5166 0.0001 0.0001
27.5342 0.0001 0.0001
27.5519 0.0001 0.0001
27.5695 0.0001 0.0001
27.5872 0.0001 0.0001
27.6048 0.0001 0.0001
27.6225 0.0001 0.0001
27.6401 0.0001 0.0001
27.6578 0.0001 0.0001
27.6754 0.0001 0.0001
27.6931 0.0001 0.0001
27.7107 0.0001 0.0001
27.7284 0.0001 0.0001
27.7460 0.0001 0.0001
27.7637 0.0001 0.0001
27.7813 0.0001 0.0001
27.7990 0.0001 0.0001
27.8166 0.0001 0.0001
27.8343 0.0000 0.0001
27.8519 0.0000 0.0001
27.8696 0.0000 0.0001
27.8872 0.0000 0.0001
27.9049 0.0000 0.0001
27.9225 0.0000 0.0001
27.9402 0.0000 0.0001
27.9578 0.0000 0.0000
27.9755 0.0000 0.0000
27.9931 0.0000 0.0000
28.0108 0.0000 0.0000
28.0284 0.0000 0.0000
28.0461 0.0000 0.0000
28.0637 0.0000 0.0000
28.0814 0.0000 0.0000
28.0990 0.0000 0.0000
28.1167 0.0000 0.0000
28.1343 0.0000 0.0000
28.1520 0.0000 0.0000
28.1696 0.0000 0.0000
28.1873 0.0000 0.0000
28.2049 0.0000 0.0000
28.2226 0.0000 0.0000
28.2402 0.0000 0.0000
28.2579 0.0000 0.0000
28.2755 0.0000 0.0000
28.2932 0.0000 0.0000
28.3108 0.0000 0.0000
28.3285 0.0000 0.0000
28.3461 0.0000 0.0000
28.3638 0.0000 0.0000
28.3814 0.0000 0.0000
28.3991 0.0000 0.0000
28.4167 0.0000 0.0000
28.4344 0.0000 0.0000
28.4520 0.0000 0.0000
28.4697 0.0000 0.0000
28.4873 0.0000 0.0000
28.5050 0.0000 0.0000
28.5226 0.0000 0.0000
28.5403 0.0000 0.0000
28.5579 0.0000 0.0000
28.5756 0.0000 0.0000
28.5932 0.0000 0.0000
28.6109 0.0000 0.0000
28.6285 0.0000 0.0000
28.6462 0.0000 0.0000
28.6638 0.0000 0.0000
28.6815 0.0000 0.0000
28.6991 0.0000 0.0000
28.7168 0.0000 0.0000
28.7344 0.0000 0.0000
28.7521 0.0000 0.0000
28.7697 0.0000 0.0000
28.7874 0.0000 0.0000
28.8050 0.0000 0.0000
28.8227 0.0000 0.0000
28.8403 0.0000 0.0000
28.8580 0.0000 0.0000
28.8756 0.0000 0.0000
28.8933 0.0000 0.0000
28.9109 0.0000 0.0000
28.9286 0.0000 0.0000
28.9462 0.0000 0.0000
28.9639 0.0000 0.0000
28.9815 0.0000 0.0000
28.9992 0.0000 0.0000
29.0168 0.0000 0.0000
29.0345 0.0000 0.0000
29.0521 0.0000 0.0000
29.0698 0.0000 0.0000
29.0874 0.0000 0.0000
29.1051 0.0000 0.0000
29.1227 0.0000 0.0000
29.1404 0.0000 0.0000
29.1580 0.0000 0.0000
29.1757 0.0000 0.0000
29.1933 0.0000 0.0000
29.2110 0.0000 0.0000
29.2286 0.0000 0.0000
29.2463 0.0000 0.0000
29.2639 0.0000 0.0000
29.2816 0.0000 0.0000
29.2992 0.0000 0.0000
29.3169 0.0000 0.0000
29.3345 0.0000 0.0000
29.3522 0.0000 0.0000
29.3698 0.0000 0.0000
29.3875 0.0000 0.0000
29.4051 0.0000 0.0000
29.4228 0.0000 0.0000
29.4404 0.0000 0.0000
29.4581 0.0000 0.0000
29.4757 0.0000 0.0000
29.4934 0.0000 0.0000
29.5110 0.0000 0.0000
29.5287 0.0000 0.0000
29.5463 0.0000 0.0000
29.5640 0.0000 0.0000
29.5816 0.0000 0.0000
29.5993 0.0000 0.0000
29.6169 0.0000 0.0000
29.6346 0.0000 0.0000
29.6522 0.0000 0.0000
29.6699 0.0000 0.0000
29.6875 0.0000 0.0000
29.7052 0.0000 0.0000
29.7228 0.0000 0.0000
29.7405 0.0000 0.0000
29.7581 0.0000 0.0000
29.7758 0.0000 0.0000
29.7934 0.0000 0.0000
29.8111 0.0000 0.0000
29.8287 0.0000 0.0000
29.8464 0.0000 0.0000
29.8640 0.0000 0.0000
29.8817 0.0000 0.0000
29.8993 0.0000 0.0000
29.9170 0.0000 0.0000
29.9346 0.0000 0.0000
29.9523 0.0000 0.0000
29.9699 0.0000 0.0000
29.9876 0.0000 0.0000
30.0052 0.0000 0.0000
30.0229 0.0000 0.0000
30.0405 0.0000 0.0000
30.0582 0.0000 0.0000
30.0758 0.0000 0.0000
30.0935 0.0000 0.0000
30.1111 0.0000 0.0000
30.1288 0.0000 0.0000
30.1464 0.0000 0.0000
30.1641 0.0000 0.0000
30.1817 0.0000 0.0000
30.1994 0.0000 0.0000
30.2170 0.0000 0.0000
30.2347 0.0000 0.0000
30.2523 0.0000 0.0000
30.2700 0.0000 0.0000
30.2876 0.0000 0.0000
30.3053 0.0000 0.0000
30.3229 0.0000 0.0000
30.3406 0.0000 0.0000
30.3582 0.0000 0.0000
30.3759 0.0000 0.0000
30.3935 0.0000 0.0000
30.4112 0.0000 0.0000
30.4288 0.0000 0.0000
30.4465 0.0000 0.0000
30.4641 0.0000 0.0000
30.4818 0.0000 0.0000
30.4994 0.0000 0.0000
30.5171 0.0000 0.0000
30.5347 0.0000 0.0000
30.5524 0.0000 0.0000
30.5700 0.0000 0.0000
30.5877 0.0000 0.0000
30.6053 0.0000 0.0000
30.6230 0.0000 0.0000
30.6406 0.0000 0.0000
30.6583 0.0000 0.0000
30.6759 0.0000 0.0000
30.6936 0.0000 0.0000
30.7112 0.0000 0.0000
30.7289 0.0000 0.0000
30.7465 0.0000 0.0000
30.7642 0.0000 0.0000
30.7818 0.0000 0.0000
30.7995 0.0000 0.0000
30.8171 0.0000 0.0000
30.8348 0.0000 0.0000
30.8524 0.0000 0.0000
30.8701 0.0000 0.0000
30.8877 0.0000 0.0000
30.9054 0.0000 0.0000
30.9230 0.0000 0.0000
30.9407 0.0000 0.0000
30.9583 0.0000 0.0000
30.9760 0.0000 0.0000
30.9936 0.0000 0.0000
31.0113 0.0000 0.0000
31.0289 0.0000 0.0000
31.0466 0.0000 0.0000
31.0642 0.0000 0.0000
31.0819 0.0000 0.0000
31.0995 0.0000 0.0000
31.1172 0.0000 0.0000
31.1348 0.0000 0.0000
31.1525 0.0000 0.0000
31.1701 0.0000 0.0000
31.1878 0.0000 0.0000
31.2054 0.0000 0.0000
31.2231 0.0000 0.0000
31.2407 0.0000 0.0000
31.2584 0.0000 0.0000
31.2760 0.0000 0.0000
31.2937 0.0000 0.0000
31.3113 0.0000 0.0000
31.3290 0.0000 0.0000
31.3466 0.0000 0.0000
31.3643 0.0000 0.0000
31.3819 0.0000 0.0000
31.3996 0.0000 0.0000
31.4172 0.0000 0.0000
31.4349 0.0000 0.0000
31.4525 0.0000 0.0000
31.4702 0.0000 0.0000
31.4878 0.0000 0.0000
31.5055 0.0000 0.0000
31.5231 0.0000 0.0000
31.5408 0.0000 0.0000
31.5584 0.0000 0.0000
31.5761 0.0000 0.0000
31.5937 0.0000 0.0000
31.6114 0.0000 0.0000
31.6290 0.0000 0.0000
31.6467 0.0000 0.0000
31.6643 0.0000 0.0000
31.6820 0.0000 0.0000
31.6996 0.0000 0.0000
31.7173 0.0000 0.0000
31.7349 0.0000 0.0000
31.7526 0.0000 0.0000
31.7702 0.0000 0.0000
31.7879 0.0000 0.0000
31.8055 0.0000 0.0000
31.8232 0.0000 0.0000
31.8408 0.0000 0.0000
31.8585 0.0000 0.0000
31.8761 0.0000 0.0000
31.8938 0.0000 0.0000
31.9114 0.0000 0.0000
31.9291 0.0000 0.0000
31.9467 0.0000 0.0000
31.9644 0.0000 0.0000
31.9820 0.0000 0.0000
31.9997 0.0000 0.0000
32.0173 0.0000 0.0000
32.0350 0.0000 0.0000
32.0527 0.0000 0.0000
32.0703 0.0000 0.0000
32.0880 0.0000 0.0000
32.1056 0.0000 0.0000
32.1233 0.0000 0.0000
32.1409 0.0000 0.0000
32.1586 0.0000 0.0000
32.1762 0.0000 0.0000
32.1939 0.0000 0.0000
32.2115 0.0000 0.0000
32.2292 0.0000 0.0000
32.2468 0.0000 0.0000
32.2645 0.0000 0.0000
32.2821 0.0000 0.0000
32.2998 0.0000 0.0000
32.3174 0.0000 0.0000
32.3351 0.0000 0.0000
32.3527 0.0000 0.0000
32.3704 0.0000 0.0000
32.3880 0.0000 0.0000
32.4057 0.0000 0.0000
32.4233 0.0000 0.0000
32.4410 0.0000 0.0000
32.4586 0.0000 0.0000
32.4763 0.0000 0.0000
32.4939 0.0000 0.0000
32.5116 0.0000 0.0000
32.5292 0.0000 0.0000
32.5469 0.0000 0.0000
32.5645 0.0000 0.0000
32.5822 0.0000 0.0000
32.5998 0.0000 0.0000
32.6175 0.0000 0.0000
32.6351 0.0000 0.0000
32.6528 0.0000 0.0000
32.6704 0.0000 0.0000
32.6881 0.0000 0.0000
32.7057 0.0000 0.0000
32.7234 0.0000 0.0000
32.7410 0.0000 0.0000
32.7587 0.0000 0.0000
32.7763 0.0000 0.0000
32.7940 0.0000 0.0000
32.8116 0.0000 0.0000
32.8293 0.0000 0.0000
32.8469 0.0000 0.0000
32.8646 0.0000 0.0000
32.8822 0.0000 0.0000
32.8999 0.0000 0.0000
32.9175 0.0000 0.0000
32.9352 0.0000 0.0000
32.9528 0.0000 0.0000
32.9705 0.0000 0.0000
32.9881 0.0000 0.0000
33.0058 0.0000 0.0000
33.0234 0.0000 0.0000
33.0411 0.0000 0.0000
33.0587 0.0000 0.0000
33.0764 0.0000 0.0000
33.0940 0.0000 0.0000
33.1117 0.0000 0.0000
33.1293 0.0000 0.0000
33.1470 0.0000 0.0000
33.1646 0.0000 0.0000
33.1823 0.0000 0.0000
33.1999 0.0000 0.0000
33.2176 0.0000 0.0000
33.2352 0.0000 0.0000
33.2529 0.0000 0.0000
33.2705 0.0000 0.0000
33.2882 0.0000 0.0000
33.3058 0.0000 0.0000
33.3235 0.0000 0.0000
33.3411 0.0000 0.0000
33.3588 0.0000 0.0000
33.3764 0.0000 0.0000
33.3941 0.0000 0.0000
33.4117 0.0000 0.0000
33.4294 0.0000 0.0000
33.4470 0.0000 0.0000
33.4647 0.0000 0.0000
33.4823 0.0000 0.0000
33.5000 0.0000 0.0000
33.5176 0.0000 0.0000
33.5353 0.0000 0.0000
33.5529 0.0000 0.0000
33.5706 0.0000 0.0000
33.5882 0.0000 0.0000
33.6059 0.0000 0.0000
33.6235 0.0000 0.0000
33.6412 0.0000 0.0000
33.6588 0.0000 0.0000
33.6765 0.0000 0.0000
33.6941 0.0000 0.0000
33.7118 0.0000 0.0000
33.7294 0.0000 0.0000
33.7471 0.0000 0.0000
33.7647 0.0000 0.0000
33.7824 0.0000 0.0000
33.8000 0.0000 0.0000
33.8177 0.0000 0.0000
33.8353 0.0000 0.0000
33.8530 0.0000 0.0000
33.8706 0.0000 0.0000
33.8883 0.0000 0.0000
33.9059 0.0000 0.0000
33.9236 0.0000 0.0000
33.9412 0.0000 0.0000
33.9589 0.0000 0.0000
33.9765 0.0000 0.0000
33.9942 0.0000 0.0000
34.0118 0.0000 0.0000
34.0295 0.0000 0.0000
34.0471 0.0000 0.0000
34.0648 0.0000 0.0000
34.0824 0.0000 0.0000
34.1001 0.0000 0.0000
34.1177 0.0000 0.0000
34.1354 0.0000 0.0000
34.1530 0.0000 0.0000
34.1707 0.0000 0.0000
34.1883 0.0000 0.0000
34.2060 0.0000 0.0000
34.2236 0.0000 0.0000
34.2413 0.0000 0.0000
34.2589 0.0000 0.0000
34.2766 0.0000 0.0000
34.2942 0.0000 0.0000
34.3119 0.0000 0.0000
34.3295 0.0000 0.0000
34.3472 0.0000 0.0000
34.3648 0.0000 0.0000
34.3825 0.0000 0.0000
34.4001 0.0000 0.0000
34.4178 0.0000 0.0000
34.4354 0.0000 0.0000
34.4531 0.0000 0.0000
34.4707 0.0000 0.0000
34.4884 0.0000 0.0000
34.5060 0.0000 0.0000
34.5237 0.0000 0.0000
34.5413 0.0000 0.0000
34.5590 0.0000 0.0000
34.5766 0.0000 0.0000
34.5943 0.0000 0.0000
34.6119 0.0000 0.0000
34.6296 0.0000 0.0000
34.6472 0.0000 0.0000
34.6649 0.0000 0.0000
34.6825 0.0000 0.0000
34.7002 0.0000 0.0000
34.7178 0.0000 0.0000
34.7355 0.0000 0.0000
34.7531 0.0000 0.0000
34.7708 0.0000 0.0000
34.7884 0.0000 0.0000
34.8061 0.0000 0.0000
34.8237 0.0000 0.0000
34.8414 0.0000 0.0000
34.8590 0.0000 0.0000
34.8767 0.0000 0.0000
34.8943 0.0000 0.0000
34.9120 0.0000 0.0000
34.9296 0.0000 0.0000
34.9473 0.0000 0.0000
34.9649 0.0000 0.0000
34.9826 0.0000 0.0000
35.0002 0.0000 0.0000
35.0179 0.0000 0.0000
35.0355 0.0000 0.0000
35.0532 0.0000 0.0000
35.0708 0.0000 0.0000
35.0885 0.0000 0.0000
35.1061 0.0000 0.0000
35.1238 0.0000 0.0000
35.1414 0.0000 0.0000
35.1591 0.0000 0.0000
35.1767 0.0000 0.0000
35.1944 0.0000 0.0000
35.2120 0.0000 0.0000
35.2297 0.0000 0.0000
35.2473 0.0000 0.0000
35.2650 0.0000 0.0000
35.2826 0.0000 0.0000
