0.0000 0.0000 0.0000
0.0165 0.7168 0.9705
0.0330 1.4221 1.9251
0.0494 2.1050 2.8484
0.0659 2.7553 3.7262
0.0824 3.3640 4.5459
0.0989 3.9238 5.2973
0.1154 4.4290 5.9721
0.1318 4.8756 6.5648
0.1483 5.2617 7.0723
0.1648 5.5870 7.4941
0.1813 5.8528 7.8318
0.1978 6.0619 8.0890
0.2142 6.2181 8.2708
0.2307 6.3260 8.3837
0.2472 6.3910 8.4350
0.2637 6.4185 8.4323
0.2802 6.4141 8.3836
0.2966 6.3831 8.2967
0.3131 6.3306 8.1789
0.3296 6.2611 8.0371
0.3461 6.1786 7.8774
0.3626 6.0866 7.7052
0.3790 5.9878 7.5253
0.3955 5.8846 7.3416
0.4120 5.7789 7.1573
0.4285 5.6719 6.9749
0.4450 5.5647 6.7963
0.4614 5.4580 6.6232
0.4779 5.3522 6.4563
0.4944 5.2479 6.2964
0.5109 5.1450 6.1436
0.5274 5.0439 5.9981
0.5438 4.9446 5.8596
0.5603 4.8473 5.7277
0.5768 4.7520 5.6020
0.5933 4.6588 5.4820
0.6098 4.5680 5.3669
0.6262 4.4796 5.2562
0.6427 4.3938 5.1493
0.6592 4.3107 5.0457
0.6757 4.2305 4.9448
0.6922 4.1533 4.8463
0.7086 4.0793 4.7498
0.7251 4.0085 4.6552
0.7416 3.9410 4.5622
0.7581 3.8768 4.4710
0.7746 3.8160 4.3815
0.7910 3.7585 4.2938
0.8075 3.7044 4.2082
0.8240 3.6535 4.1249
0.8405 3.6058 4.0441
0.8570 3.5611 3.9660
0.8734 3.5194 3.8908
0.8899 3.4803 3.8187
0.9064 3.4439 3.7497
0.9229 3.4098 3.6841
0.9394 3.3778 3.6218
0.9558 3.3478 3.5628
0.9723 3.3194 3.5069
0.9888 3.2925 3.4541
1.0053 3.2668 3.4041
1.0218 3.2422 3.3569
1.0382 3.2184 3.3121
1.0547 3.1953 3.2695
1.0712 3.1728 3.2289
1.0877 3.1506 3.1901
1.1041 3.1288 3.1528
1.1206 3.1072 3.1169
1.1371 3.0858 3.0822
1.1536 3.0646 3.0486
1.1701 3.0435 3.0159
1.1865 3.0226 2.9841
1.2030 3.0019 2.9530
1.2195 2.9814 2.9225
1.2360 2.9611 2.8926
1.2525 2.9411 2.8633
1.2689 2.9213 2.8343
1.2854 2.9018 2.8058
1.3019 2.8827 2.7775
1.3184 2.8638 2.7494
1.3349 2.8452 2.7215
1.3513 2.8269 2.6936
1.3678 2.8088 2.6656
1.3843 2.7908 2.6376
1.4008 2.7729 2.6094
1.4173 2.7551 2.5809
1.4337 2.7371 2.5522
1.4502 2.7191 2.5233
1.4667 2.7008 2.4942
1.4832 2.6823 2.4648
1.4997 2.6634 2.4353
1.5161 2.6442 2.4058
1.5326 2.6246 2.3762
1.5491 2.6046 2.3467
1.5656 2.5843 2.3174
1.5821 2.5636 2.2884
1.5985 2.5427 2.2598
1.6150 2.5215 2.2316
1.6315 2.5002 2.2040
1.6480 2.4787 2.1770
1.6645 2.4572 2.1508
1.6809 2.4358 2.1253
1.6974 2.4143 2.1007
1.7139 2.3930 2.0769
1.7304 2.3718 2.0542
1.7469 2.3507 2.0324
1.7633 2.3297 2.0116
1.7798 2.3088 1.9918
1.7963 2.2880 1.9731
1.8128 2.2673 1.9555
1.8293 2.2467 1.9390
1.8457 2.2261 1.9234
1.8622 2.2056 1.9089
1.8787 2.1851 1.8953
1.8952 2.1645 1.8825
1.9117 2.1440 1.8706
1.9281 2.1235 1.8592
1.9446 2.1029 1.8485
1.9611 2.0824 1.8381
1.9776 2.0618 1.8279
1.9941 2.0412 1.8179
2.0105 2.0206 1.8079
2.0270 2.0000 1.7977
2.0435 1.9793 1.7872
2.0600 1.9587 1.7763
2.0765 1.9381 1.7650
2.0929 1.9175 1.7531
2.1094 1.8969 1.7406
2.1259 1.8763 1.7276
2.1424 1.8558 1.7140
2.1589 1.8353 1.6999
2.1753 1.8149 1.6853
2.1918 1.7947 1.6703
2.2083 1.7746 1.6551
2.2248 1.7548 1.6397
2.2413 1.7351 1.6243
2.2577 1.7157 1.6089
2.2742 1.6966 1.5937
2.2907 1.6779 1.5789
2.3072 1.6595 1.5644
2.3237 1.6415 1.5505
2.3401 1.6240 1.5372
2.3566 1.6068 1.5245
2.3731 1.5901 1.5125
2.3896 1.5738 1.5013
2.4061 1.5580 1.4907
2.4225 1.5426 1.4809
2.4390 1.5276 1.4717
2.4555 1.5131 1.4632
2.4720 1.4989 1.4553
2.4885 1.4852 1.4480
2.5049 1.4718 1.4410
2.5214 1.4587 1.4345
2.5379 1.4460 1.4284
2.5544 1.4336 1.4224
2.5709 1.4215 1.4167
2.5873 1.4096 1.4111
2.6038 1.3981 1.4056
2.6203 1.3867 1.4001
2.6368 1.3756 1.3945
2.6533 1.3647 1.3889
2.6697 1.3539 1.3831
2.6862 1.3433 1.3771
2.7027 1.3328 1.3710
2.7192 1.3224 1.3645
2.7357 1.3122 1.3577
2.7521 1.3019 1.3507
2.7686 1.2917 1.3432
2.7851 1.2815 1.3353
2.8016 1.2713 1.3271
2.8181 1.2610 1.3184
2.8345 1.2506 1.3092
2.8510 1.2402 1.2996
2.8675 1.2296 1.2896
2.8840 1.2189 1.2791
2.9005 1.2080 1.2681
2.9169 1.1970 1.2567
2.9334 1.1859 1.2450
2.9499 1.1746 1.2328
2.9664 1.1632 1.2204
2.9829 1.1517 1.2076
2.9993 1.1401 1.1945
3.0158 1.1284 1.1813
3.0323 1.1168 1.1678
3.0488 1.1051 1.1542
3.0653 1.0936 1.1406
3.0817 1.0821 1.1269
3.0982 1.0709 1.1132
3.1147 1.0598 1.0997
3.1312 1.0490 1.0862
3.1476 1.0385 1.0730
3.1641 1.0283 1.0600
3.1806 1.0184 1.0473
3.1971 1.0089 1.0350
3.2136 0.9998 1.0230
3.2300 0.9910 1.0114
3.2465 0.9827 1.0003
3.2630 0.9747 0.9897
3.2795 0.9671 0.9795
3.2960 0.9598 0.9698
3.3124 0.9528 0.9605
3.3289 0.9462 0.9517
3.3454 0.9399 0.9433
3.3619 0.9339 0.9353
3.3784 0.9282 0.9277
3.3948 0.9227 0.9204
3.4113 0.9176 0.9134
3.4278 0.9127 0.9067
3.4443 0.9081 0.9002
3.4608 0.9038 0.8940
3.4772 0.8998 0.8879
3.4937 0.8961 0.8820
3.5102 0.8927 0.8763
3.5267 0.8895 0.8707
3.5432 0.8866 0.8651
3.5596 0.8840 0.8596
3.5761 0.8816 0.8542
3.5926 0.8793 0.8488
3.6091 0.8773 0.8435
3.6256 0.8753 0.8381
3.6420 0.8735 0.8327
3.6585 0.8716 0.8273
3.6750 0.8698 0.8218
3.6915 0.8679 0.8162
3.7080 0.8659 0.8105
3.7244 0.8639 0.8047
3.7409 0.8617 0.7988
3.7574 0.8594 0.7929
3.7739 0.8570 0.7868
3.7904 0.8545 0.7806
3.8068 0.8520 0.7744
3.8233 0.8493 0.7681
3.8398 0.8467 0.7618
3.8563 0.8440 0.7556
3.8728 0.8415 0.7494
3.8892 0.8390 0.7433
3.9057 0.8366 0.7373
3.9222 0.8344 0.7316
3.9387 0.8323 0.7260
3.9552 0.8305 0.7207
3.9716 0.8288 0.7157
3.9881 0.8273 0.7110
4.0046 0.8261 0.7066
4.0211 0.8250 0.7025
4.0376 0.8240 0.6987
4.0540 0.8232 0.6953
4.0705 0.8224 0.6922
4.0870 0.8217 0.6893
4.1035 0.8210 0.6866
4.1200 0.8203 0.6842
4.1364 0.8195 0.6819
4.1529 0.8186 0.6798
4.1694 0.8177 0.6777
4.1859 0.8166 0.6757
4.2024 0.8153 0.6737
4.2188 0.8139 0.6716
4.2353 0.8123 0.6696
4.2518 0.8105 0.6674
4.2683 0.8086 0.6652
4.2848 0.8064 0.6629
4.3012 0.8041 0.6606
4.3177 0.8015 0.6581
4.3342 0.7988 0.6556
4.3507 0.7959 0.6530
4.3672 0.7928 0.6503
4.3836 0.7895 0.6476
4.4001 0.7861 0.6449
4.4166 0.7824 0.6421
4.4331 0.7786 0.6393
4.4496 0.7747 0.6364
4.4660 0.7706 0.6336
4.4825 0.7664 0.6306
4.4990 0.7620 0.6277
4.5155 0.7576 0.6247
4.5320 0.7531 0.6217
4.5484 0.7485 0.6186
4.5649 0.7438 0.6154
4.5814 0.7390 0.6123
4.5979 0.7343 0.6090
4.6144 0.7295 0.6057
4.6308 0.7247 0.6024
4.6473 0.7198 0.5990
4.6638 0.7150 0.5956
4.6803 0.7102 0.5923
4.6968 0.7054 0.5889
4.7132 0.7006 0.5856
4.7297 0.6958 0.5823
4.7462 0.6910 0.5792
4.7627 0.6863 0.5761
4.7792 0.6815 0.5732
4.7956 0.6768 0.5705
4.8121 0.6721 0.5679
4.8286 0.6674 0.5656
4.8451 0.6628 0.5635
4.8616 0.6581 0.5617
4.8780 0.6534 0.5600
4.8945 0.6487 0.5587
4.9110 0.6439 0.5575
4.9275 0.6392 0.5566
4.9440 0.6344 0.5559
4.9604 0.6297 0.5554
4.9769 0.6249 0.5550
4.9934 0.6201 0.5548
5.0099 0.6153 0.5547
5.0264 0.6105 0.5547
5.0428 0.6057 0.5547
5.0593 0.6010 0.5548
5.0758 0.5962 0.5549
5.0923 0.5916 0.5550
5.1088 0.5870 0.5551
5.1252 0.5825 0.5552
5.1417 0.5781 0.5553
5.1582 0.5738 0.5553
5.1747 0.5696 0.5553
5.1911 0.5656 0.5552
5.2076 0.5617 0.5552
5.2241 0.5579 0.5551
5.2406 0.5543 0.5550
5.2571 0.5509 0.5548
5.2735 0.5476 0.5546
5.2900 0.5445 0.5543
5.3065 0.5415 0.5540
5.3230 0.5387 0.5536
5.3395 0.5359 0.5532
5.3559 0.5333 0.5527
5.3724 0.5308 0.5520
5.3889 0.5284 0.5513
5.4054 0.5260 0.5504
5.4219 0.5237 0.5494
5.4383 0.5215 0.5483
5.4548 0.5193 0.5470
5.4713 0.5171 0.5455
5.4878 0.5150 0.5439
5.5043 0.5129 0.5421
5.5207 0.5109 0.5402
5.5372 0.5089 0.5381
5.5537 0.5069 0.5358
5.5702 0.5051 0.5335
5.5867 0.5032 0.5310
5.6031 0.5015 0.5284
5.6196 0.4998 0.5257
5.6361 0.4983 0.5230
5.6526 0.4968 0.5202
5.6691 0.4954 0.5174
5.6855 0.4942 0.5146
5.7020 0.4930 0.5118
5.7185 0.4920 0.5091
5.7350 0.4910 0.5064
5.7515 0.4901 0.5038
5.7679 0.4893 0.5012
5.7844 0.4885 0.4987
5.8009 0.4878 0.4963
5.8174 0.4871 0.4940
5.8339 0.4864 0.4917
5.8503 0.4857 0.4896
5.8668 0.4851 0.4874
5.8833 0.4844 0.4854
5.8998 0.4837 0.4833
5.9163 0.4829 0.4813
5.9327 0.4821 0.4794
5.9492 0.4812 0.4774
5.9657 0.4803 0.4755
5.9822 0.4794 0.4736
5.9987 0.4784 0.4717
6.0151 0.4773 0.4699
6.0316 0.4762 0.4680
6.0481 0.4751 0.4661
6.0646 0.4739 0.4643
6.0811 0.4727 0.4624
6.0975 0.4715 0.4606
6.1140 0.4703 0.4588
6.1305 0.4691 0.4571
6.1470 0.4679 0.4554
6.1635 0.4667 0.4537
6.1799 0.4655 0.4521
6.1964 0.4643 0.4505
6.2129 0.4631 0.4490
6.2294 0.4619 0.4475
6.2459 0.4607 0.4462
6.2623 0.4595 0.4449
6.2788 0.4583 0.4436
6.2953 0.4571 0.4425
6.3118 0.4559 0.4414
6.3283 0.4547 0.4403
6.3447 0.4535 0.4394
6.3612 0.4522 0.4384
6.3777 0.4510 0.4376
6.3942 0.4497 0.4368
6.4107 0.4484 0.4360
6.4271 0.4471 0.4353
6.4436 0.4458 0.4346
6.4601 0.4445 0.4340
6.4766 0.4433 0.4334
6.4931 0.4420 0.4328
6.5095 0.4408 0.4323
6.5260 0.4396 0.4318
6.5425 0.4384 0.4313
6.5590 0.4372 0.4309
6.5755 0.4361 0.4305
6.5919 0.4351 0.4301
6.6084 0.4340 0.4297
6.6249 0.4330 0.4293
6.6414 0.4320 0.4289
6.6579 0.4310 0.4284
6.6743 0.4300 0.4280
6.6908 0.4290 0.4275
6.7073 0.4280 0.4269
6.7238 0.4270 0.4263
6.7403 0.4259 0.4256
6.7567 0.4248 0.4248
6.7732 0.4237 0.4239
6.7897 0.4226 0.4230
6.8062 0.4214 0.4219
6.8227 0.4201 0.4207
6.8391 0.4189 0.4194
6.8556 0.4176 0.4181
6.8721 0.4163 0.4166
6.8886 0.4149 0.4150
6.9051 0.4136 0.4133
6.9215 0.4122 0.4116
6.9380 0.4109 0.4097
6.9545 0.4095 0.4079
6.9710 0.4081 0.4059
6.9875 0.4068 0.4040
7.0039 0.4054 0.4021
7.0204 0.4041 0.4001
7.0369 0.4027 0.3982
7.0534 0.4014 0.3963
7.0699 0.4001 0.3945
7.0863 0.3988 0.3928
7.1028 0.3975 0.3911
7.1193 0.3962 0.3896
7.1358 0.3949 0.3881
7.1523 0.3936 0.3868
7.1687 0.3924 0.3856
7.1852 0.3911 0.3844
7.2017 0.3899 0.3834
7.2182 0.3887 0.3825
7.2347 0.3875 0.3817
7.2511 0.3864 0.3810
7.2676 0.3852 0.3804
7.2841 0.3840 0.3798
7.3006 0.3829 0.3792
7.3170 0.3817 0.3787
7.3335 0.3806 0.3781
7.3500 0.3794 0.3776
7.3665 0.3782 0.3771
7.3830 0.3770 0.3765
7.3994 0.3757 0.3759
7.4159 0.3745 0.3753
7.4324 0.3732 0.3747
7.4489 0.3718 0.3740
7.4654 0.3704 0.3733
7.4818 0.3690 0.3725
7.4983 0.3676 0.3717
7.5148 0.3661 0.3710
7.5313 0.3646 0.3702
7.5478 0.3632 0.3694
7.5642 0.3617 0.3686
7.5807 0.3602 0.3678
7.5972 0.3587 0.3671
7.6137 0.3572 0.3663
7.6302 0.3558 0.3656
7.6466 0.3544 0.3649
7.6631 0.3530 0.3643
7.6796 0.3516 0.3637
7.6961 0.3503 0.3631
7.7126 0.3490 0.3625
7.7290 0.3477 0.3620
7.7455 0.3465 0.3614
7.7620 0.3452 0.3609
7.7785 0.3440 0.3604
7.7950 0.3428 0.3598
7.8114 0.3417 0.3593
7.8279 0.3405 0.3587
7.8444 0.3393 0.3580
7.8609 0.3382 0.3574
7.8774 0.3370 0.3567
7.8938 0.3359 0.3559
7.9103 0.3347 0.3551
7.9268 0.3336 0.3542
7.9433 0.3324 0.3533
7.9598 0.3313 0.3524
7.9762 0.3302 0.3513
7.9927 0.3291 0.3503
8.0092 0.3280 0.3492
8.0257 0.3269 0.3481
8.0422 0.3259 0.3470
8.0586 0.3248 0.3458
8.0751 0.3238 0.3447
8.0916 0.3228 0.3436
8.1081 0.3218 0.3424
8.1246 0.3208 0.3413
8.1410 0.3199 0.3403
8.1575 0.3189 0.3392
8.1740 0.3180 0.3382
8.1905 0.3171 0.3372
8.2070 0.3162 0.3362
8.2234 0.3153 0.3352
8.2399 0.3145 0.3343
8.2564 0.3137 0.3333
8.2729 0.3128 0.3324
8.2894 0.3120 0.3314
8.3058 0.3112 0.3304
8.3223 0.3104 0.3295
8.3388 0.3097 0.3284
8.3553 0.3089 0.3274
8.3718 0.3081 0.3264
8.3882 0.3073 0.3253
8.4047 0.3065 0.3242
8.4212 0.3056 0.3230
8.4377 0.3048 0.3219
8.4542 0.3039 0.3207
8.4706 0.3030 0.3195
8.4871 0.3020 0.3183
8.5036 0.3011 0.3171
8.5201 0.3001 0.3158
8.5366 0.2991 0.3146
8.5530 0.2981 0.3134
8.5695 0.2971 0.3121
8.5860 0.2961 0.3109
8.6025 0.2951 0.3097
8.6190 0.2942 0.3085
8.6354 0.2933 0.3073
8.6519 0.2924 0.3061
8.6684 0.2915 0.3049
8.6849 0.2907 0.3038
8.7014 0.2900 0.3026
8.7178 0.2893 0.3015
8.7343 0.2887 0.3005
8.7508 0.2881 0.2995
8.7673 0.2875 0.2985
8.7838 0.2870 0.2975
8.8002 0.2866 0.2966
8.8167 0.2861 0.2957
8.8332 0.2857 0.2949
8.8497 0.2853 0.2941
8.8662 0.2849 0.2934
8.8826 0.2845 0.2927
8.8991 0.2841 0.2920
8.9156 0.2836 0.2913
8.9321 0.2831 0.2907
8.9486 0.2826 0.2901
8.9650 0.2821 0.2896
8.9815 0.2815 0.2890
8.9980 0.2809 0.2884
9.0145 0.2803 0.2879
9.0310 0.2797 0.2874
9.0474 0.2790 0.2869
9.0639 0.2783 0.2864
9.0804 0.2777 0.2859
9.0969 0.2770 0.2855
9.1134 0.2764 0.2851
9.1298 0.2758 0.2847
9.1463 0.2752 0.2843
9.1628 0.2747 0.2840
9.1793 0.2741 0.2838
9.1958 0.2737 0.2835
9.2122 0.2733 0.2834
9.2287 0.2729 0.2833
9.2452 0.2726 0.2832
9.2617 0.2723 0.2832
9.2782 0.2721 0.2832
9.2946 0.2720 0.2833
9.3111 0.2718 0.2834
9.3276 0.2717 0.2835
9.3441 0.2716 0.2837
9.3605 0.2716 0.2838
9.3770 0.2716 0.2840
9.3935 0.2715 0.2841
9.4100 0.2715 0.2843
9.4265 0.2715 0.2844
9.4429 0.2714 0.2845
9.4594 0.2713 0.2845
9.4759 0.2713 0.2845
9.4924 0.2712 0.2845
9.5089 0.2710 0.2844
9.5253 0.2709 0.2843
9.5418 0.2707 0.2841
9.5583 0.2705 0.2839
9.5748 0.2703 0.2836
9.5913 0.2701 0.2832
9.6077 0.2699 0.2829
9.6242 0.2697 0.2824
9.6407 0.2695 0.2820
9.6572 0.2693 0.2814
9.6737 0.2692 0.2809
9.6901 0.2690 0.2803
9.7066 0.2689 0.2797
9.7231 0.2687 0.2791
9.7396 0.2686 0.2785
9.7561 0.2685 0.2778
9.7725 0.2685 0.2772
9.7890 0.2684 0.2765
9.8055 0.2684 0.2759
9.8220 0.2684 0.2753
9.8385 0.2684 0.2747
9.8549 0.2683 0.2741
9.8714 0.2683 0.2735
9.8879 0.2683 0.2730
9.9044 0.2682 0.2725
9.9209 0.2681 0.2720
9.9373 0.2680 0.2715
9.9538 0.2679 0.2711
9.9703 0.2678 0.2706
9.9868 0.2676 0.2702
10.0033 0.2673 0.2699
10.0197 0.2671 0.2695
10.0362 0.2668 0.2691
10.0527 0.2664 0.2688
10.0692 0.2660 0.2685
10.0857 0.2656 0.2681
10.1021 0.2651 0.2678
10.1186 0.2646 0.2675
10.1351 0.2641 0.2673
10.1516 0.2636 0.2670
10.1681 0.2630 0.2667
10.1845 0.2625 0.2665
10.2010 0.2619 0.2663
10.2175 0.2613 0.2661
10.2340 0.2608 0.2659
10.2505 0.2602 0.2657
10.2669 0.2597 0.2656
10.2834 0.2591 0.2655
10.2999 0.2586 0.2654
10.3164 0.2582 0.2653
10.3329 0.2577 0.2652
10.3493 0.2573 0.2652
10.3658 0.2569 0.2652
10.3823 0.2565 0.2651
10.3988 0.2561 0.2651
10.4153 0.2557 0.2651
10.4317 0.2554 0.2651
10.4482 0.2550 0.2651
10.4647 0.2547 0.2651
10.4812 0.2543 0.2651
10.4977 0.2540 0.2651
10.5141 0.2536 0.2651
10.5306 0.2532 0.2651
10.5471 0.2528 0.2651
10.5636 0.2524 0.2650
10.5801 0.2520 0.2650
10.5965 0.2516 0.2650
10.6130 0.2511 0.2649
10.6295 0.2507 0.2649
10.6460 0.2502 0.2648
10.6625 0.2497 0.2648
10.6789 0.2492 0.2647
10.6954 0.2487 0.2647
10.7119 0.2481 0.2647
10.7284 0.2476 0.2646
10.7449 0.2471 0.2646
10.7613 0.2466 0.2645
10.7778 0.2461 0.2645
10.7943 0.2457 0.2645
10.8108 0.2452 0.2644
10.8273 0.2448 0.2644
10.8437 0.2444 0.2644
10.8602 0.2440 0.2643
10.8767 0.2436 0.2643
10.8932 0.2433 0.2643
10.9097 0.2430 0.2644
10.9261 0.2427 0.2644
10.9426 0.2425 0.2644
10.9591 0.2422 0.2645
10.9756 0.2420 0.2646
10.9921 0.2418 0.2648
11.0085 0.2416 0.2649
11.0250 0.2414 0.2651
11.0415 0.2412 0.2653
11.0580 0.2410 0.2656
11.0745 0.2408 0.2658
11.0909 0.2406 0.2661
11.1074 0.2405 0.2664
11.1239 0.2403 0.2667
11.1404 0.2401 0.2669
11.1569 0.2400 0.2671
11.1733 0.2398 0.2673
11.1898 0.2397 0.2674
11.2063 0.2396 0.2675
11.2228 0.2395 0.2675
11.2393 0.2394 0.2674
11.2557 0.2393 0.2672
11.2722 0.2393 0.2670
11.2887 0.2393 0.2666
11.3052 0.2393 0.2661
11.3217 0.2393 0.2655
11.3381 0.2393 0.2648
11.3546 0.2393 0.2640
11.3711 0.2393 0.2631
11.3876 0.2393 0.2621
11.4041 0.2393 0.2610
11.4205 0.2392 0.2598
11.4370 0.2391 0.2586
11.4535 0.2390 0.2572
11.4700 0.2389 0.2557
11.4864 0.2387 0.2542
11.5029 0.2385 0.2527
11.5194 0.2382 0.2510
11.5359 0.2379 0.2494
11.5524 0.2375 0.2477
11.5688 0.2370 0.2460
11.5853 0.2366 0.2443
11.6018 0.2360 0.2426
11.6183 0.2355 0.2409
11.6348 0.2348 0.2392
11.6512 0.2342 0.2376
11.6677 0.2335 0.2360
11.6842 0.2327 0.2344
11.7007 0.2319 0.2329
11.7172 0.2311 0.2314
11.7336 0.2303 0.2300
11.7501 0.2294 0.2286
11.7666 0.2285 0.2273
11.7831 0.2275 0.2260
11.7996 0.2266 0.2247
11.8160 0.2256 0.2235
11.8325 0.2246 0.2223
11.8490 0.2235 0.2211
11.8655 0.2225 0.2200
11.8820 0.2214 0.2189
11.8984 0.2203 0.2178
11.9149 0.2191 0.2167
11.9314 0.2180 0.2156
11.9479 0.2168 0.2145
11.9644 0.2156 0.2134
11.9808 0.2144 0.2123
11.9973 0.2132 0.2112
12.0138 0.2120 0.2101
12.0303 0.2108 0.2089
12.0468 0.2096 0.2078
12.0632 0.2084 0.2067
12.0797 0.2071 0.2056
12.0962 0.2059 0.2045
12.1127 0.2047 0.2034
12.1292 0.2035 0.2023
12.1456 0.2023 0.2012
12.1621 0.2012 0.2001
12.1786 0.2000 0.1990
12.1951 0.1988 0.1979
12.2116 0.1977 0.1968
12.2280 0.1965 0.1957
12.2445 0.1954 0.1946
12.2610 0.1942 0.1935
12.2775 0.1931 0.1924
12.2940 0.1920 0.1913
12.3104 0.1908 0.1902
12.3269 0.1897 0.1890
12.3434 0.1886 0.1879
12.3599 0.1875 0.1867
12.3764 0.1864 0.1854
12.3928 0.1852 0.1842
12.4093 0.1841 0.1829
12.4258 0.1830 0.1816
12.4423 0.1819 0.1802
12.4588 0.1808 0.1788
12.4752 0.1797 0.1774
12.4917 0.1785 0.1759
12.5082 0.1774 0.1745
12.5247 0.1763 0.1730
12.5412 0.1752 0.1714
12.5576 0.1741 0.1699
12.5741 0.1730 0.1684
12.5906 0.1718 0.1669
12.6071 0.1707 0.1653
12.6236 0.1696 0.1638
12.6400 0.1685 0.1623
12.6565 0.1674 0.1608
12.6730 0.1663 0.1593
12.6895 0.1652 0.1579
12.7060 0.1641 0.1564
12.7224 0.1630 0.1550
12.7389 0.1619 0.1536
12.7554 0.1608 0.1523
12.7719 0.1597 0.1509
12.7884 0.1586 0.1496
12.8048 0.1575 0.1483
12.8213 0.1564 0.1470
12.8378 0.1553 0.1457
12.8543 0.1542 0.1445
12.8708 0.1531 0.1432
12.8872 0.1520 0.1420
12.9037 0.1509 0.1408
12.9202 0.1497 0.1395
12.9367 0.1486 0.1383
12.9532 0.1475 0.1371
12.9696 0.1463 0.1359
12.9861 0.1451 0.1347
13.0026 0.1440 0.1335
13.0191 0.1428 0.1323
13.0356 0.1417 0.1311
13.0520 0.1405 0.1299
13.0685 0.1394 0.1288
13.0850 0.1382 0.1276
13.1015 0.1371 0.1264
13.1180 0.1359 0.1253
13.1344 0.1348 0.1241
13.1509 0.1336 0.1230
13.1674 0.1325 0.1219
13.1839 0.1314 0.1207
13.2004 0.1303 0.1196
13.2168 0.1292 0.1185
13.2333 0.1281 0.1174
13.2498 0.1270 0.1163
13.2663 0.1259 0.1152
13.2828 0.1248 0.1141
13.2992 0.1236 0.1130
13.3157 0.1225 0.1119
13.3322 0.1214 0.1107
13.3487 0.1203 0.1096
13.3652 0.1192 0.1085
13.3816 0.1180 0.1074
13.3981 0.1169 0.1064
13.4146 0.1157 0.1053
13.4311 0.1146 0.1042
13.4476 0.1134 0.1031
13.4640 0.1122 0.1021
13.4805 0.1111 0.1011
13.4970 0.1099 0.1000
13.5135 0.1087 0.0990
13.5299 0.1076 0.0981
13.5464 0.1064 0.0971
13.5629 0.1053 0.0962
13.5794 0.1041 0.0952
13.5959 0.1030 0.0943
13.6123 0.1019 0.0934
13.6288 0.1008 0.0926
13.6453 0.0996 0.0917
13.6618 0.0985 0.0909
13.6783 0.0974 0.0900
13.6947 0.0963 0.0892
13.7112 0.0953 0.0883
13.7277 0.0942 0.0875
13.7442 0.0931 0.0866
13.7607 0.0920 0.0858
13.7771 0.0909 0.0850
13.7936 0.0898 0.0841
13.8101 0.0887 0.0832
13.8266 0.0876 0.0824
13.8431 0.0865 0.0815
13.8595 0.0854 0.0806
13.8760 0.0843 0.0797
13.8925 0.0832 0.0788
13.9090 0.0821 0.0778
13.9255 0.0810 0.0769
13.9419 0.0800 0.0760
13.9584 0.0789 0.0750
13.9749 0.0778 0.0741
13.9914 0.0768 0.0732
14.0079 0.0758 0.0722
14.0243 0.0747 0.0713
14.0408 0.0738 0.0704
14.0573 0.0728 0.0695
14.0738 0.0718 0.0686
14.0903 0.0709 0.0677
14.1067 0.0700 0.0668
14.1232 0.0691 0.0660
14.1397 0.0683 0.0651
14.1562 0.0674 0.0643
14.1727 0.0666 0.0635
14.1891 0.0658 0.0628
14.2056 0.0651 0.0620
14.2221 0.0643 0.0613
14.2386 0.0636 0.0606
14.2551 0.0629 0.0599
14.2715 0.0621 0.0593
14.2880 0.0615 0.0586
14.3045 0.0608 0.0580
14.3210 0.0601 0.0574
14.3375 0.0594 0.0568
14.3539 0.0588 0.0562
14.3704 0.0581 0.0556
14.3869 0.0575 0.0551
14.4034 0.0568 0.0545
14.4199 0.0562 0.0540
14.4363 0.0555 0.0535
14.4528 0.0549 0.0529
14.4693 0.0542 0.0524
14.4858 0.0536 0.0519
14.5023 0.0530 0.0514
14.5187 0.0523 0.0509
14.5352 0.0517 0.0504
14.5517 0.0511 0.0499
14.5682 0.0505 0.0494
14.5847 0.0499 0.0490
14.6011 0.0493 0.0485
14.6176 0.0487 0.0480
14.6341 0.0481 0.0475
14.6506 0.0476 0.0470
14.6671 0.0470 0.0466
14.6835 0.0465 0.0461
14.7000 0.0459 0.0456
14.7165 0.0454 0.0451
14.7330 0.0449 0.0446
14.7495 0.0444 0.0441
14.7659 0.0439 0.0437
14.7824 0.0434 0.0432
14.7989 0.0430 0.0427
14.8154 0.0425 0.0422
14.8319 0.0420 0.0417
14.8483 0.0416 0.0413
14.8648 0.0411 0.0408
14.8813 0.0407 0.0403
14.8978 0.0402 0.0399
14.9143 0.0398 0.0394
14.9307 0.0393 0.0390
14.9472 0.0389 0.0385
14.9637 0.0384 0.0381
14.9802 0.0380 0.0377
14.9967 0.0375 0.0372
15.0131 0.0370 0.0368
15.0296 0.0366 0.0364
15.0461 0.0361 0.0360
15.0626 0.0357 0.0356
15.0791 0.0352 0.0352
15.0955 0.0348 0.0348
15.1120 0.0343 0.0344
15.1285 0.0339 0.0341
15.1450 0.0335 0.0337
15.1615 0.0330 0.0333
15.1779 0.0326 0.0330
15.1944 0.0322 0.0326
15.2109 0.0318 0.0323
15.2274 0.0315 0.0319
15.2439 0.0311 0.0316
15.2603 0.0307 0.0312
15.2768 0.0304 0.0309
15.2933 0.0301 0.0306
15.3098 0.0297 0.0302
15.3263 0.0294 0.0299
15.3427 0.0291 0.0296
15.3592 0.0288 0.0293
15.3757 0.0285 0.0290
15.3922 0.0283 0.0287
15.4087 0.0280 0.0284
15.4251 0.0277 0.0281
15.4416 0.0274 0.0278
15.4581 0.0271 0.0275
15.4746 0.0269 0.0272
15.4911 0.0266 0.0270
15.5075 0.0263 0.0267
15.5240 0.0260 0.0264
15.5405 0.0257 0.0262
15.5570 0.0254 0.0259
15.5734 0.0252 0.0257
15.5899 0.0249 0.0254
15.6064 0.0246 0.0252
15.6229 0.0243 0.0249
15.6394 0.0240 0.0247
15.6558 0.0237 0.0244
15.6723 0.0234 0.0242
15.6888 0.0231 0.0240
15.7053 0.0229 0.0237
15.7218 0.0226 0.0235
15.7382 0.0223 0.0232
15.7547 0.0221 0.0230
15.7712 0.0218 0.0227
15.7877 0.0215 0.0225
15.8042 0.0213 0.0222
15.8206 0.0211 0.0220
15.8371 0.0208 0.0217
15.8536 0.0206 0.0215
15.8701 0.0204 0.0212
15.8866 0.0202 0.0209
15.9030 0.0200 0.0207
15.9195 0.0198 0.0204
15.9360 0.0196 0.0202
15.9525 0.0194 0.0199
15.9690 0.0192 0.0197
15.9854 0.0190 0.0195
16.0019 0.0188 0.0192
16.0184 0.0186 0.0190
16.0349 0.0184 0.0188
16.0514 0.0182 0.0185
16.0678 0.0180 0.0183
16.0843 0.0178 0.0181
16.1008 0.0176 0.0179
16.1173 0.0174 0.0177
16.1338 0.0172 0.0175
16.1502 0.0170 0.0173
16.1667 0.0168 0.0171
16.1832 0.0166 0.0169
16.1997 0.0165 0.0167
16.2162 0.0163 0.0165
16.2326 0.0161 0.0164
16.2491 0.0159 0.0162
16.2656 0.0157 0.0160
16.2821 0.0156 0.0158
16.2986 0.0154 0.0157
16.3150 0.0152 0.0155
16.3315 0.0151 0.0153
16.3480 0.0149 0.0152
16.3645 0.0148 0.0150
16.3810 0.0147 0.0149
16.3974 0.0145 0.0147
16.4139 0.0144 0.0145
16.4304 0.0143 0.0144
16.4469 0.0142 0.0142
16.4634 0.0141 0.0141
16.4798 0.0139 0.0140
16.4963 0.0138 0.0138
16.5128 0.0137 0.0137
16.5293 0.0136 0.0136
16.5458 0.0135 0.0134
16.5622 0.0134 0.0133
16.5787 0.0133 0.0132
16.5952 0.0132 0.0131
16.6117 0.0131 0.0130
16.6282 0.0130 0.0129
16.6446 0.0129 0.0128
16.6611 0.0128 0.0127
16.6776 0.0127 0.0126
16.6941 0.0126 0.0125
16.7106 0.0125 0.0124
16.7270 0.0124 0.0123
16.7435 0.0123 0.0122
16.7600 0.0122 0.0121
16.7765 0.0121 0.0120
16.7930 0.0121 0.0120
16.8094 0.0120 0.0119
16.8259 0.0119 0.0118
16.8424 0.0118 0.0117
16.8589 0.0117 0.0116
16.8754 0.0116 0.0116
16.8918 0.0115 0.0115
16.9083 0.0115 0.0114
16.9248 0.0114 0.0113
16.9413 0.0113 0.0112
16.9578 0.0112 0.0112
16.9742 0.0112 0.0111
16.9907 0.0111 0.0110
17.0072 0.0110 0.0110
17.0237 0.0109 0.0109
17.0402 0.0109 0.0108
17.0566 0.0108 0.0108
17.0731 0.0107 0.0107
17.0896 0.0106 0.0107
17.1061 0.0105 0.0106
17.1226 0.0105 0.0105
17.1390 0.0104 0.0105
17.1555 0.0103 0.0104
17.1720 0.0102 0.0104
17.1885 0.0101 0.0103
17.2050 0.0100 0.0103
17.2214 0.0099 0.0102
17.2379 0.0098 0.0102
17.2544 0.0097 0.0101
17.2709 0.0096 0.0100
17.2874 0.0096 0.0100
17.3038 0.0095 0.0099
17.3203 0.0094 0.0099
17.3368 0.0093 0.0098
17.3533 0.0092 0.0097
17.3698 0.0091 0.0097
17.3862 0.0090 0.0096
17.4027 0.0089 0.0095
17.4192 0.0088 0.0094
17.4357 0.0087 0.0094
17.4522 0.0087 0.0093
17.4686 0.0086 0.0092
17.4851 0.0085 0.0091
17.5016 0.0084 0.0091
17.5181 0.0083 0.0090
17.5346 0.0082 0.0089
17.5510 0.0082 0.0089
17.5675 0.0081 0.0088
17.5840 0.0080 0.0087
17.6005 0.0079 0.0087
17.6170 0.0078 0.0086
17.6334 0.0078 0.0085
17.6499 0.0077 0.0085
17.6664 0.0076 0.0084
17.6829 0.0075 0.0083
17.6993 0.0075 0.0083
17.7158 0.0074 0.0082
17.7323 0.0073 0.0081
17.7488 0.0073 0.0081
17.7653 0.0072 0.0080
17.7817 0.0071 0.0079
17.7982 0.0071 0.0079
17.8147 0.0070 0.0078
17.8312 0.0069 0.0077
17.8477 0.0069 0.0076
17.8641 0.0068 0.0076
17.8806 0.0068 0.0075
17.8971 0.0067 0.0074
17.9136 0.0066 0.0073
17.9301 0.0066 0.0073
17.9465 0.0065 0.0072
17.9630 0.0065 0.0071
17.9795 0.0064 0.0070
17.9960 0.0064 0.0070
18.0125 0.0063 0.0069
18.0289 0.0063 0.0068
18.0454 0.0062 0.0068
18.0619 0.0062 0.0067
18.0784 0.0061 0.0066
18.0949 0.0061 0.0066
18.1113 0.0060 0.0065
18.1278 0.0060 0.0065
18.1443 0.0059 0.0064
18.1608 0.0059 0.0063
18.1773 0.0058 0.0063
18.1937 0.0058 0.0062
18.2102 0.0057 0.0062
18.2267 0.0057 0.0061
18.2432 0.0056 0.0061
18.2597 0.0056 0.0060
18.2761 0.0055 0.0060
18.2926 0.0055 0.0059
18.3091 0.0054 0.0059
18.3256 0.0054 0.0058
18.3421 0.0054 0.0058
18.3585 0.0053 0.0057
18.3750 0.0053 0.0057
18.3915 0.0052 0.0056
18.4080 0.0052 0.0056
18.4245 0.0052 0.0056
18.4409 0.0051 0.0055
18.4574 0.0051 0.0055
18.4739 0.0050 0.0054
18.4904 0.0050 0.0054
18.5069 0.0050 0.0054
18.5233 0.0049 0.0053
18.5398 0.0049 0.0053
18.5563 0.0049 0.0052
18.5728 0.0048 0.0052
18.5893 0.0048 0.0052
18.6057 0.0048 0.0051
18.6222 0.0047 0.0051
18.6387 0.0047 0.0051
18.6552 0.0047 0.0050
18.6717 0.0046 0.0050
18.6881 0.0046 0.0049
18.7046 0.0046 0.0049
18.7211 0.0045 0.0049
18.7376 0.0045 0.0048
18.7541 0.0045 0.0048
18.7705 0.0045 0.0048
18.7870 0.0044 0.0047
18.8035 0.0044 0.0047
18.8200 0.0044 0.0047
18.8365 0.0043 0.0046
18.8529 0.0043 0.0046
18.8694 0.0043 0.0045
18.8859 0.0042 0.0045
18.9024 0.0042 0.0045
18.9189 0.0042 0.0044
18.9353 0.0042 0.0044
18.9518 0.0041 0.0043
18.9683 0.0041 0.0043
18.9848 0.0041 0.0043
19.0013 0.0041 0.0042
19.0177 0.0040 0.0042
19.0342 0.0040 0.0042
19.0507 0.0040 0.0041
19.0672 0.0039 0.0041
19.0837 0.0039 0.0041
19.1001 0.0039 0.0040
19.1166 0.0039 0.0040
19.1331 0.0038 0.0039
19.1496 0.0038 0.0039
19.1661 0.0038 0.0039
19.1825 0.0038 0.0038
19.1990 0.0038 0.0038
19.2155 0.0037 0.0038
19.2320 0.0037 0.0037
19.2485 0.0037 0.0037
19.2649 0.0037 0.0037
19.2814 0.0036 0.0037
19.2979 0.0036 0.0036
19.3144 0.0036 0.0036
19.3309 0.0036 0.0036
19.3473 0.0036 0.0035
19.3638 0.0035 0.0035
19.3803 0.0035 0.0035
19.3968 0.0035 0.0034
19.4133 0.0035 0.0034
19.4297 0.0035 0.0034
19.4462 0.0034 0.0034
19.4627 0.0034 0.0033
19.4792 0.0034 0.0033
19.4957 0.0034 0.0033
19.5121 0.0034 0.0033
19.5286 0.0033 0.0033
19.5451 0.0033 0.0032
19.5616 0.0033 0.0032
19.5781 0.0033 0.0032
19.5945 0.0032 0.0032
19.6110 0.0032 0.0032
19.6275 0.0032 0.0032
19.6440 0.0032 0.0031
19.6605 0.0032 0.0031
19.6769 0.0031 0.0031
19.6934 0.0031 0.0031
19.7099 0.0031 0.0031
19.7264 0.0031 0.0031
19.7428 0.0030 0.0031
19.7593 0.0030 0.0030
19.7758 0.0030 0.0030
19.7923 0.0030 0.0030
19.8088 0.0029 0.0030
19.8252 0.0029 0.0030
19.8417 0.0029 0.0030
19.8582 0.0029 0.0029
19.8747 0.0029 0.0029
19.8912 0.0028 0.0029
19.9076 0.0028 0.0029
19.9241 0.0028 0.0029
19.9406 0.0028 0.0029
19.9571 0.0028 0.0028
19.9736 0.0027 0.0028
19.9900 0.0027 0.0028
20.0065 0.0027 0.0028
20.0230 0.0027 0.0028
20.0395 0.0027 0.0027
20.0560 0.0027 0.0027
20.0724 0.0026 0.0027
20.0889 0.0026 0.0027
20.1054 0.0026 0.0027
20.1219 0.0026 0.0027
20.1384 0.0026 0.0026
20.1548 0.0026 0.0026
20.1713 0.0025 0.0026
20.1878 0.0025 0.0026
20.2043 0.0025 0.0026
20.2208 0.0025 0.0025
20.2372 0.0025 0.0025
20.2537 0.0024 0.0025
20.2702 0.0024 0.0025
20.2867 0.0024 0.0025
20.3032 0.0024 0.0025
20.3196 0.0024 0.0024
20.3361 0.0024 0.0024
20.3526 0.0023 0.0024
20.3691 0.0023 0.0024
20.3856 0.0023 0.0024
20.4020 0.0023 0.0024
20.4185 0.0023 0.0023
20.4350 0.0022 0.0023
20.4515 0.0022 0.0023
20.4680 0.0022 0.0023
20.4844 0.0022 0.0023
20.5009 0.0022 0.0023
20.5174 0.0022 0.0023
20.5339 0.0022 0.0023
20.5504 0.0021 0.0022
20.5668 0.0021 0.0022
20.5833 0.0021 0.0022
20.5998 0.0021 0.0022
20.6163 0.0021 0.0022
20.6328 0.0021 0.0022
20.6492 0.0021 0.0022
20.6657 0.0020 0.0022
20.6822 0.0020 0.0022
20.6987 0.0020 0.0022
20.7152 0.0020 0.0022
20.7316 0.0020 0.0021
20.7481 0.0020 0.0021
20.7646 0.0020 0.0021
20.7811 0.0019 0.0021
20.7976 0.0019 0.0021
20.8140 0.0019 0.0021
20.8305 0.0019 0.0021
20.8470 0.0019 0.0021
20.8635 0.0019 0.0021
20.8800 0.0019 0.0021
20.8964 0.0019 0.0021
20.9129 0.0019 0.0021
20.9294 0.0018 0.0020
20.9459 0.0018 0.0020
20.9624 0.0018 0.0020
20.9788 0.0018 0.0020
20.9953 0.0018 0.0020
21.0118 0.0018 0.0020
21.0283 0.0018 0.0020
21.0448 0.0018 0.0020
21.0612 0.0018 0.0020
21.0777 0.0018 0.0020
21.0942 0.0017 0.0020
21.1107 0.0017 0.0019
21.1272 0.0017 0.0019
21.1436 0.0017 0.0019
21.1601 0.0017 0.0019
21.1766 0.0017 0.0019
21.1931 0.0017 0.0019
21.2096 0.0017 0.0019
21.2260 0.0017 0.0019
21.2425 0.0017 0.0019
21.2590 0.0017 0.0018
21.2755 0.0016 0.0018
21.2920 0.0016 0.0018
21.3084 0.0016 0.0018
21.3249 0.0016 0.0018
21.3414 0.0016 0.0018
21.3579 0.0016 0.0018
21.3744 0.0016 0.0018
21.3908 0.0016 0.0017
21.4073 0.0016 0.0017
21.4238 0.0016 0.0017
21.4403 0.0016 0.0017
21.4568 0.0016 0.0017
21.4732 0.0015 0.0017
21.4897 0.0015 0.0017
21.5062 0.0015 0.0017
21.5227 0.0015 0.0017
21.5392 0.0015 0.0016
21.5556 0.0015 0.0016
21.5721 0.0015 0.0016
21.5886 0.0015 0.0016
21.6051 0.0015 0.0016
21.6216 0.0015 0.0016
21.6380 0.0015 0.0016
21.6545 0.0015 0.0016
21.6710 0.0015 0.0016
21.6875 0.0015 0.0016
21.7040 0.0014 0.0016
21.7204 0.0014 0.0015
21.7369 0.0014 0.0015
21.7534 0.0014 0.0015
21.7699 0.0014 0.0015
21.7864 0.0014 0.0015
21.8028 0.0014 0.0015
21.8193 0.0014 0.0015
21.8358 0.0014 0.0015
21.8523 0.0014 0.0015
21.8687 0.0014 0.0015
21.8852 0.0014 0.0015
21.9017 0.0014 0.0015
21.9182 0.0014 0.0015
21.9347 0.0014 0.0015
21.9511 0.0014 0.0014
21.9676 0.0014 0.0014
21.9841 0.0014 0.0014
22.0006 0.0014 0.0014
22.0171 0.0013 0.0014
22.0335 0.0013 0.0014
22.0500 0.0013 0.0014
22.0665 0.0013 0.0014
22.0830 0.0013 0.0014
22.0995 0.0013 0.0014
22.1159 0.0013 0.0014
22.1324 0.0013 0.0014
22.1489 0.0013 0.0013
22.1654 0.0013 0.0013
22.1819 0.0013 0.0013
22.1983 0.0013 0.0013
22.2148 0.0013 0.0013
22.2313 0.0013 0.0013
22.2478 0.0013 0.0013
22.2643 0.0013 0.0013
22.2807 0.0013 0.0013
22.2972 0.0013 0.0013
22.3137 0.0013 0.0013
22.3302 0.0013 0.0013
22.3467 0.0012 0.0013
22.3631 0.0012 0.0013
22.3796 0.0012 0.0012
22.3961 0.0012 0.0012
22.4126 0.0012 0.0012
22.4291 0.0012 0.0012
22.4455 0.0012 0.0012
22.4620 0.0012 0.0012
22.4785 0.0012 0.0012
22.4950 0.0012 0.0012
22.5115 0.0012 0.0012
22.5279 0.0012 0.0012
22.5444 0.0012 0.0012
22.5609 0.0012 0.0012
22.5774 0.0012 0.0012
22.5939 0.0012 0.0012
22.6103 0.0012 0.0012
22.6268 0.0012 0.0012
22.6433 0.0012 0.0012
22.6598 0.0012 0.0012
22.6763 0.0012 0.0012
22.6927 0.0012 0.0012
22.7092 0.0012 0.0012
22.7257 0.0012 0.0012
22.7422 0.0012 0.0012
22.7587 0.0012 0.0012
22.7751 0.0012 0.0012
22.7916 0.0012 0.0012
22.8081 0.0012 0.0012
22.8246 0.0012 0.0012
22.8411 0.0012 0.0012
22.8575 0.0012 0.0012
22.8740 0.0012 0.0012
22.8905 0.0012 0.0012
22.9070 0.0012 0.0012
22.9235 0.0012 0.0012
22.9399 0.0011 0.0012
22.9564 0.0011 0.0012
22.9729 0.0011 0.0012
22.9894 0.0011 0.0011
23.0059 0.0011 0.0011
23.0223 0.0011 0.0011
23.0388 0.0011 0.0011
23.0553 0.0011 0.0011
23.0718 0.0011 0.0011
23.0883 0.0011 0.0011
23.1047 0.0011 0.0011
23.1212 0.0011 0.0011
23.1377 0.0011 0.0011
23.1542 0.0011 0.0011
23.1707 0.0011 0.0011
23.1871 0.0011 0.0011
23.2036 0.0011 0.0011
23.2201 0.0011 0.0011
23.2366 0.0011 0.0011
23.2531 0.0011 0.0011
23.2695 0.0011 0.0011
23.2860 0.0011 0.0011
23.3025 0.0011 0.0011
23.3190 0.0011 0.0011
23.3355 0.0011 0.0011
23.3519 0.0011 0.0011
23.3684 0.0011 0.0011
23.3849 0.0010 0.0011
23.4014 0.0010 0.0011
23.4179 0.0010 0.0011
23.4343 0.0010 0.0011
23.4508 0.0010 0.0011
23.4673 0.0010 0.0011
23.4838 0.0010 0.0011
23.5003 0.0010 0.0010
23.5167 0.0010 0.0010
23.5332 0.0010 0.0010
23.5497 0.0010 0.0010
23.5662 0.0010 0.0010
23.5827 0.0010 0.0010
23.5991 0.0010 0.0010
23.6156 0.0010 0.0010
23.6321 0.0010 0.0010
23.6486 0.0010 0.0010
23.6651 0.0010 0.0010
23.6815 0.0010 0.0010
23.6980 0.0010 0.0010
23.7145 0.0010 0.0010
23.7310 0.0010 0.0010
23.7475 0.0010 0.0010
23.7639 0.0010 0.0010
23.7804 0.0010 0.0010
23.7969 0.0010 0.0010
23.8134 0.0010 0.0010
23.8299 0.0009 0.0010
23.8463 0.0009 0.0009
23.8628 0.0009 0.0009
23.8793 0.0009 0.0009
23.8958 0.0009 0.0009
23.9122 0.0009 0.0009
23.9287 0.0009 0.0009
23.9452 0.0009 0.0009
23.9617 0.0009 0.0009
23.9782 0.0009 0.0009
23.9946 0.0009 0.0009
24.0111 0.0009 0.0009
24.0276 0.0009 0.0009
24.0441 0.0009 0.0009
24.0606 0.0009 0.0009
24.0770 0.0009 0.0009
24.0935 0.0009 0.0009
24.1100 0.0009 0.0008
24.1265 0.0009 0.0008
24.1430 0.0009 0.0008
24.1594 0.0008 0.0008
24.1759 0.0008 0.0008
24.1924 0.0008 0.0008
24.2089 0.0008 0.0008
24.2254 0.0008 0.0008
24.2418 0.0008 0.0008
24.2583 0.0008 0.0008
24.2748 0.0008 0.0008
24.2913 0.0008 0.0008
24.3078 0.0008 0.0008
24.3242 0.0008 0.0008
24.3407 0.0008 0.0008
24.3572 0.0008 0.0008
24.3737 0.0008 0.0008
24.3902 0.0008 0.0007
24.4066 0.0008 0.0007
24.4231 0.0008 0.0007
24.4396 0.0008 0.0007
24.4561 0.0007 0.0007
24.4726 0.0007 0.0007
24.4890 0.0007 0.0007
24.5055 0.0007 0.0007
24.5220 0.0007 0.0007
24.5385 0.0007 0.0007
24.5550 0.0007 0.0007
24.5714 0.0007 0.0007
24.5879 0.0007 0.0007
24.6044 0.0007 0.0007
24.6209 0.0007 0.0007
24.6374 0.0007 0.0007
24.6538 0.0007 0.0007
24.6703 0.0007 0.0007
24.6868 0.0007 0.0007
24.7033 0.0007 0.0007
24.7198 0.0007 0.0007
24.7362 0.0007 0.0006
24.7527 0.0006 0.0006
24.7692 0.0006 0.0006
24.7857 0.0006 0.0006
24.8022 0.0006 0.0006
24.8186 0.0006 0.0006
24.8351 0.0006 0.0006
24.8516 0.0006 0.0006
24.8681 0.0006 0.0006
24.8846 0.0006 0.0006
24.9010 0.0006 0.0006
24.9175 0.0006 0.0006
24.9340 0.0006 0.0006
24.9505 0.0006 0.0006
24.9670 0.0006 0.0006
24.9834 0.0006 0.0006
24.9999 0.0006 0.0006
25.0164 0.0006 0.0006
25.0329 0.0006 0.0006
25.0494 0.0006 0.0006
25.0658 0.0006 0.0006
25.0823 0.0006 0.0006
25.0988 0.0006 0.0006
25.1153 0.0006 0.0006
25.1318 0.0005 0.0006
25.1482 0.0005 0.0005
25.1647 0.0005 0.0005
25.1812 0.0005 0.0005
25.1977 0.0005 0.0005
25.2142 0.0005 0.0005
25.2306 0.0005 0.0005
25.2471 0.0005 0.0005
25.2636 0.0005 0.0005
25.2801 0.0005 0.0005
25.2966 0.0005 0.0005
25.3130 0.0005 0.0005
25.3295 0.0005 0.0005
25.3460 0.0005 0.0005
25.3625 0.0005 0.0005
25.3790 0.0005 0.0005
25.3954 0.0005 0.0005
25.4119 0.0005 0.0005
25.4284 0.0005 0.0005
25.4449 0.0005 0.0005
25.4614 0.0005 0.0005
25.4778 0.0005 0.0005
25.4943 0.0005 0.0005
25.5108 0.0005 0.0005
25.5273 0.0005 0.0005
25.5438 0.0005 0.0005
25.5602 0.0005 0.0005
25.5767 0.0005 0.0005
25.5932 0.0005 0.0005
25.6097 0.0005 0.0005
25.6262 0.0005 0.0005
25.6426 0.0005 0.0005
25.6591 0.0005 0.0005
25.6756 0.0005 0.0005
25.6921 0.0005 0.0005
25.7086 0.0005 0.0005
25.7250 0.0005 0.0005
25.7415 0.0005 0.0005
25.7580 0.0005 0.0005
25.7745 0.0005 0.0005
25.7910 0.0005 0.0005
25.8074 0.0005 0.0005
25.8239 0.0004 0.0005
25.8404 0.0004 0.0004
25.8569 0.0004 0.0004
25.8734 0.0004 0.0004
25.8898 0.0004 0.0004
25.9063 0.0004 0.0004
25.9228 0.0004 0.0004
25.9393 0.0004 0.0004
25.9557 0.0004 0.0004
25.9722 0.0004 0.0004
25.9887 0.0004 0.0004
26.0052 0.0004 0.0004
26.0217 0.0004 0.0004
26.0381 0.0004 0.0004
26.0546 0.0004 0.0004
26.0711 0.0004 0.0004
26.0876 0.0004 0.0004
26.1041 0.0004 0.0004
26.1205 0.0004 0.0004
26.1370 0.0004 0.0004
26.1535 0.0004 0.0004
26.1700 0.0004 0.0004
26.1865 0.0004 0.0004
26.2029 0.0004 0.0004
26.2194 0.0004 0.0004
26.2359 0.0004 0.0004
26.2524 0.0004 0.0004
26.2689 0.0004 0.0004
26.2853 0.0004 0.0004
26.3018 0.0004 0.0004
26.3183 0.0004 0.0004
26.3348 0.0004 0.0004
26.3513 0.0004 0.0004
26.3677 0.0004 0.0004
26.3842 0.0004 0.0004
26.4007 0.0004 0.0004
26.4172 0.0004 0.0004
26.4337 0.0004 0.0004
26.4501 0.0004 0.0004
26.4666 0.0004 0.0004
26.4831 0.0004 0.0004
26.4996 0.0004 0.0004
26.5161 0.0004 0.0004
26.5325 0.0004 0.0004
26.5490 0.0004 0.0004
26.5655 0.0004 0.0004
26.5820 0.0004 0.0004
26.5985 0.0004 0.0004
26.6149 0.0004 0.0004
26.6314 0.0004 0.0004
26.6479 0.0004 0.0004
26.6644 0.0004 0.0004
26.6809 0.0004 0.0004
26.6973 0.0004 0.0004
26.7138 0.0004 0.0004
26.7303 0.0004 0.0004
26.7468 0.0004 0.0004
26.7633 0.0004 0.0004
26.7797 0.0004 0.0004
26.7962 0.0004 0.0004
26.8127 0.0004 0.0004
26.8292 0.0003 0.0004
26.8457 0.0003 0.0004
26.8621 0.0003 0.0004
26.8786 0.0003 0.0004
26.8951 0.0003 0.0003
26.9116 0.0003 0.0003
26.9281 0.0003 0.0003
26.9445 0.0003 0.0003
26.9610 0.0003 0.0003
26.9775 0.0003 0.0003
26.9940 0.0003 0.0003
27.0105 0.0003 0.0003
27.0269 0.0003 0.0003
27.0434 0.0003 0.0003
27.0599 0.0003 0.0003
27.0764 0.0003 0.0003
27.0929 0.0003 0.0003
27.1093 0.0003 0.0003
27.1258 0.0003 0.0003
27.1423 0.0003 0.0003
27.1588 0.0003 0.0003
27.1753 0.0003 0.0003
27.1917 0.0003 0.0003
27.2082 0.0003 0.0003
27.2247 0.0003 0.0003
27.2412 0.0003 0.0003
27.2577 0.0003 0.0003
27.2741 0.0003 0.0003
27.2906 0.0003 0.0003
27.3071 0.0003 0.0003
27.3236 0.0003 0.0003
27.3401 0.0003 0.0003
27.3565 0.0003 0.0003
27.3730 0.0003 0.0003
27.3895 0.0003 0.0003
27.4060 0.0003 0.0003
27.4225 0.0003 0.0003
27.4389 0.0003 0.0003
27.4554 0.0003 0.0003
27.4719 0.0003 0.0003
27.4884 0.0003 0.0003
27.5049 0.0003 0.0003
27.5213 0.0003 0.0003
27.5378 0.0003 0.0003
27.5543 0.0003 0.0003
27.5708 0.0003 0.0003
27.5873 0.0003 0.0003
27.6037 0.0003 0.0003
27.6202 0.0003 0.0003
27.6367 0.0003 0.0003
27.6532 0.0003 0.0003
27.6697 0.0003 0.0003
27.6861 0.0003 0.0003
27.7026 0.0003 0.0003
27.7191 0.0003 0.0003
27.7356 0.0003 0.0003
27.7521 0.0003 0.0003
27.7685 0.0003 0.0003
27.7850 0.0003 0.0003
27.8015 0.0003 0.0003
27.8180 0.0003 0.0003
27.8345 0.0003 0.0003
27.8509 0.0003 0.0003
27.8674 0.0003 0.0003
27.8839 0.0003 0.0003
27.9004 0.0003 0.0003
27.9169 0.0003 0.0003
27.9333 0.0003 0.0003
27.9498 0.0003 0.0003
27.9663 0.0003 0.0003
27.9828 0.0003 0.0003
27.9993 0.0003 0.0003
28.0157 0.0003 0.0003
28.0322 0.0003 0.0003
28.0487 0.0003 0.0003
28.0652 0.0003 0.0003
28.0816 0.0003 0.0003
28.0981 0.0003 0.0003
28.1146 0.0003 0.0003
28.1311 0.0003 0.0003
28.1476 0.0003 0.0003
28.1640 0.0003 0.0003
28.1805 0.0003 0.0003
28.1970 0.0003 0.0003
28.2135 0.0003 0.0003
28.2300 0.0003 0.0003
28.2464 0.0003 0.0003
28.2629 0.0003 0.0003
28.2794 0.0003 0.0003
28.2959 0.0003 0.0003
28.3124 0.0003 0.0003
28.3288 0.0003 0.0003
28.3453 0.0003 0.0003
28.3618 0.0003 0.0003
28.3783 0.0003 0.0003
28.3948 0.0003 0.0003
28.4112 0.0003 0.0003
28.4277 0.0003 0.0003
28.4442 0.0003 0.0003
28.4607 0.0003 0.0003
28.4772 0.0003 0.0003
28.4936 0.0003 0.0003
28.5101 0.0003 0.0003
28.5266 0.0003 0.0003
28.5431 0.0003 0.0003
28.5596 0.0003 0.0003
28.5760 0.0003 0.0003
28.5925 0.0003 0.0003
28.6090 0.0003 0.0003
28.6255 0.0003 0.0003
28.6420 0.0003 0.0003
28.6584 0.0003 0.0003
28.6749 0.0003 0.0003
28.6914 0.0003 0.0003
28.7079 0.0003 0.0003
28.7244 0.0003 0.0003
28.7408 0.0003 0.0003
28.7573 0.0003 0.0003
28.7738 0.0003 0.0003
28.7903 0.0003 0.0003
28.8068 0.0003 0.0003
28.8232 0.0003 0.0003
28.8397 0.0003 0.0003
28.8562 0.0003 0.0003
28.8727 0.0003 0.0003
28.8892 0.0003 0.0003
28.9056 0.0003 0.0003
28.9221 0.0003 0.0003
28.9386 0.0003 0.0003
28.9551 0.0003 0.0003
28.9716 0.0003 0.0003
28.9880 0.0003 0.0003
29.0045 0.0003 0.0003
29.0210 0.0003 0.0003
29.0375 0.0003 0.0003
29.0540 0.0003 0.0003
29.0704 0.0003 0.0003
29.0869 0.0003 0.0003
29.1034 0.0003 0.0003
29.1199 0.0003 0.0003
29.1364 0.0003 0.0003
29.1528 0.0003 0.0003
29.1693 0.0003 0.0003
29.1858 0.0003 0.0003
29.2023 0.0003 0.0003
29.2188 0.0003 0.0003
29.2352 0.0003 0.0003
29.2517 0.0003 0.0002
29.2682 0.0003 0.0002
29.2847 0.0002 0.0002
29.3012 0.0002 0.0002
29.3176 0.0002 0.0002
29.3341 0.0002 0.0002
29.3506 0.0002 0.0002
29.3671 0.0002 0.0002
29.3836 0.0002 0.0002
29.4000 0.0002 0.0002
29.4165 0.0002 0.0002
29.4330 0.0002 0.0002
29.4495 0.0002 0.0002
29.4660 0.0002 0.0002
29.4824 0.0002 0.0002
29.4989 0.0002 0.0002
29.5154 0.0002 0.0002
29.5319 0.0002 0.0002
29.5484 0.0002 0.0002
29.5648 0.0002 0.0002
29.5813 0.0002 0.0002
29.5978 0.0002 0.0002
29.6143 0.0002 0.0002
29.6308 0.0002 0.0002
29.6472 0.0002 0.0002
29.6637 0.0002 0.0002
29.6802 0.0002 0.0002
29.6967 0.0002 0.0002
29.7132 0.0002 0.0002
29.7296 0.0002 0.0002
29.7461 0.0002 0.0002
29.7626 0.0002 0.0002
29.7791 0.0002 0.0002
29.7956 0.0002 0.0002
29.8120 0.0002 0.0002
29.8285 0.0002 0.0002
29.8450 0.0002 0.0002
29.8615 0.0002 0.0002
29.8780 0.0002 0.0002
29.8944 0.0002 0.0002
29.9109 0.0002 0.0002
29.9274 0.0002 0.0002
29.9439 0.0002 0.0002
29.9604 0.0002 0.0002
29.9768 0.0002 0.0002
29.9933 0.0002 0.0002
30.0098 0.0002 0.0002
30.0263 0.0002 0.0002
30.0428 0.0002 0.0002
30.0592 0.0002 0.0002
30.0757 0.0002 0.0002
30.0922 0.0002 0.0002
30.1087 0.0002 0.0002
30.1251 0.0002 0.0002
30.1416 0.0002 0.0002
30.1581 0.0002 0.0002
30.1746 0.0002 0.0002
30.1911 0.0002 0.0002
30.2075 0.0002 0.0002
30.2240 0.0002 0.0002
30.2405 0.0002 0.0002
30.2570 0.0002 0.0002
30.2735 0.0002 0.0002
30.2899 0.0002 0.0002
30.3064 0.0002 0.0002
30.3229 0.0002 0.0002
30.3394 0.0002 0.0002
30.3559 0.0002 0.0002
30.3723 0.0002 0.0002
30.3888 0.0002 0.0002
30.4053 0.0002 0.0002
30.4218 0.0002 0.0002
30.4383 0.0002 0.0002
30.4547 0.0002 0.0002
30.4712 0.0002 0.0002
30.4877 0.0002 0.0002
30.5042 0.0002 0.0002
30.5207 0.0002 0.0002
30.5371 0.0002 0.0002
30.5536 0.0002 0.0002
30.5701 0.0002 0.0002
30.5866 0.0002 0.0002
30.6031 0.0002 0.0002
30.6195 0.0002 0.0002
30.6360 0.0002 0.0002
30.6525 0.0002 0.0002
30.6690 0.0002 0.0002
30.6855 0.0002 0.0002
30.7019 0.0002 0.0002
30.7184 0.0002 0.0002
30.7349 0.0002 0.0002
30.7514 0.0002 0.0002
30.7679 0.0002 0.0002
30.7843 0.0002 0.0002
30.8008 0.0002 0.0002
30.8173 0.0002 0.0002
30.8338 0.0002 0.0002
30.8503 0.0002 0.0002
30.8667 0.0002 0.0002
30.8832 0.0002 0.0002
30.8997 0.0002 0.0002
30.9162 0.0002 0.0002
30.9327 0.0002 0.0002
30.9491 0.0002 0.0002
30.9656 0.0002 0.0002
30.9821 0.0002 0.0002
30.9986 0.0002 0.0002
31.0151 0.0002 0.0002
31.0315 0.0002 0.0002
31.0480 0.0002 0.0002
31.0645 0.0002 0.0002
31.0810 0.0002 0.0002
31.0975 0.0002 0.0002
31.1139 0.0002 0.0002
31.1304 0.0002 0.0002
31.1469 0.0002 0.0002
31.1634 0.0002 0.0002
31.1799 0.0002 0.0002
31.1963 0.0002 0.0002
31.2128 0.0002 0.0002
31.2293 0.0002 0.0002
31.2458 0.0002 0.0002
31.2623 0.0002 0.0002
31.2787 0.0002 0.0002
31.2952 0.0002 0.0002
31.3117 0.0002 0.0002
31.3282 0.0002 0.0002
31.3447 0.0002 0.0002
31.3611 0.0002 0.0002
31.3776 0.0002 0.0002
31.3941 0.0002 0.0002
31.4106 0.0002 0.0002
31.4271 0.0002 0.0002
31.4435 0.0002 0.0002
31.4600 0.0002 0.0002
31.4765 0.0002 0.0002
31.4930 0.0002 0.0002
31.5095 0.0002 0.0002
31.5259 0.0002 0.0002
31.5424 0.0002 0.0002
31.5589 0.0002 0.0002
31.5754 0.0002 0.0002
31.5919 0.0002 0.0002
31.6083 0.0002 0.0002
31.6248 0.0002 0.0002
31.6413 0.0002 0.0002
31.6578 0.0002 0.0002
31.6743 0.0002 0.0002
31.6907 0.0002 0.0002
31.7072 0.0002 0.0002
31.7237 0.0002 0.0002
31.7402 0.0002 0.0002
31.7567 0.0002 0.0002
31.7731 0.0002 0.0002
31.7896 0.0002 0.0002
31.8061 0.0002 0.0002
31.8226 0.0002 0.0002
31.8391 0.0002 0.0002
31.8555 0.0002 0.0002
31.8720 0.0002 0.0002
31.8885 0.0002 0.0002
31.9050 0.0002 0.0002
31.9215 0.0002 0.0002
31.9379 0.0002 0.0002
31.9544 0.0002 0.0002
31.9709 0.0002 0.0002
31.9874 0.0002 0.0002
32.0039 0.0002 0.0002
32.0203 0.0002 0.0002
32.0368 0.0002 0.0002
32.0533 0.0002 0.0002
32.0698 0.0002 0.0002
32.0863 0.0002 0.0002
32.1027 0.0002 0.0002
32.1192 0.0002 0.0002
32.1357 0.0002 0.0002
32.1522 0.0002 0.0002
32.1687 0.0002 0.0002
32.1851 0.0002 0.0002
32.2016 0.0002 0.0002
32.2181 0.0002 0.0002
32.2346 0.0002 0.0002
32.2510 0.0002 0.0002
32.2675 0.0002 0.0002
32.2840 0.0002 0.0002
32.3005 0.0002 0.0002
32.3170 0.0002 0.0002
32.3334 0.0002 0.0002
32.3499 0.0002 0.0002
32.3664 0.0002 0.0002
32.3829 0.0002 0.0002
32.3994 0.0002 0.0002
32.4158 0.0002 0.0002
32.4323 0.0002 0.0002
32.4488 0.0002 0.0002
32.4653 0.0002 0.0002
32.4818 0.0002 0.0002
32.4982 0.0002 0.0002
32.5147 0.0002 0.0002
32.5312 0.0002 0.0002
32.5477 0.0002 0.0002
32.5642 0.0002 0.0002
32.5806 0.0002 0.0002
32.5971 0.0002 0.0002
32.6136 0.0002 0.0002
32.6301 0.0002 0.0002
32.6466 0.0002 0.0002
32.6630 0.0002 0.0002
32.6795 0.0002 0.0002
32.6960 0.0002 0.0002
32.7125 0.0002 0.0002
32.7290 0.0002 0.0002
32.7454 0.0002 0.0002
32.7619 0.0002 0.0002
32.7784 0.0002 0.0002
32.7949 0.0002 0.0002
32.8114 0.0002 0.0002
32.8278 0.0002 0.0002
32.8443 0.0002 0.0002
32.8608 0.0002 0.0002
32.8773 0.0002 0.0002
32.8938 0.0002 0.0002
32.9102 0.0002 0.0002
32.9267 0.0002 0.0002
32.9432 0.0002 0.0002
  
  
  
  
  
dim="1">gridpoints</dimension>  
  
  
  
  
  
  
  
  
0.0000 151.0098 181.2647
0.0165 151.0098 181.2647
0.0330 75.5823 90.6755
0.0494 50.4741 60.4980
0.0659 37.9454 45.4230
0.0824 30.4483 36.3886
0.0989 25.4667 30.3742
0.1154 21.9222 26.0850
0.1318 19.2754 22.8737
0.1483 17.2267 20.3807
0.1648 15.5962 18.3902
0.1813 14.2693 16.7647
0.1978 13.1695 15.4129
0.2142 12.2438 14.2714
0.2307 11.4543 13.2948
0.2472 10.7731 12.4502
0.2637 10.1793 11.7128
0.2802 9.6567 11.0635
0.2966 9.1929 10.4877
0.3131 8.7779 9.9738
0.3296 8.4040 9.5126
0.3461 8.0647 9.0966
0.3626 7.7548 8.7196
0.3790 7.4702 8.3766
0.3955 7.2074 8.0634
0.4120 6.9634 7.7762
0.4285 6.7361 7.5121
0.4450 6.5233 7.2682
0.4614 6.3237 7.0423
0.4779 6.1357 6.8321
0.4944 5.9585 6.6359
0.5109 5.7911 6.4519
0.5274 5.6327 6.2786
0.5438 5.4827 6.1147
0.5603 5.3408 5.9590
0.5768 5.2063 5.8104
0.5933 5.0790 5.6681
0.6098 4.9584 5.5312
0.6262 4.8444 5.3991
0.6427 4.7366 5.2714
0.6592 4.6349 5.1476
0.6757 4.5388 5.0276
0.6922 4.4483 4.9112
0.7086 4.3630 4.7982
0.7251 4.2828 4.6888
0.7416 4.2074 4.5830
0.7581 4.1366 4.4808
0.7746 4.0701 4.3825
0.7910 4.0078 4.2881
0.8075 3.9493 4.1978
0.8240 3.8944 4.1115
0.8405 3.8428 4.0295
0.8570 3.7943 3.9515
0.8734 3.7487 3.8777
0.8899 3.7056 3.8079
0.9064 3.6648 3.7420
0.9229 3.6259 3.6797
0.9394 3.5889 3.6209
0.9558 3.5534 3.5653
0.9723 3.5192 3.5127
0.9888 3.4861 3.4628
1.0053 3.4540 3.4152
1.0218 3.4226 3.3699
1.0382 3.3919 3.3264
1.0547 3.3617 3.2846
1.0712 3.3321 3.2443
1.0877 3.3028 3.2053
1.1041 3.2740 3.1675
1.1206 3.2455 3.1307
1.1371 3.2175 3.0948
1.1536 3.1898 3.0597
1.1701 3.1625 3.0254
1.1865 3.1356 2.9917
1.2030 3.1092 2.9587
1.2195 3.0833 2.9263
1.2360 3.0579 2.8943
1.2525 3.0329 2.8628
1.2689 3.0084 2.8316
1.2854 2.9845 2.8007
1.3019 2.9609 2.7700
1.3184 2.9378 2.7394
1.3349 2.9150 2.7088
1.3513 2.8925 2.6782
1.3678 2.8702 2.6475
1.3843 2.8480 2.6168
1.4008 2.8259 2.5858
1.4173 2.8038 2.5548
1.4337 2.7816 2.5236
1.4502 2.7593 2.4923
1.4667 2.7367 2.4610
1.4832 2.7139 2.4298
1.4997 2.6908 2.3986
1.5161 2.6674 2.3677
1.5326 2.6438 2.3370
1.5491 2.6200 2.3068
1.5656 2.5960 2.2770
1.5821 2.5719 2.2478
1.5985 2.5478 2.2192
1.6150 2.5236 2.1914
1.6315 2.4995 2.1644
1.6480 2.4755 2.1382
1.6645 2.4517 2.1129
1.6809 2.4280 2.0885
1.6974 2.4046 2.0652
1.7139 2.3814 2.0428
1.7304 2.3584 2.0215
1.7469 2.3356 2.0013
1.7633 2.3130 1.9821
1.7798 2.2906 1.9640
1.7963 2.2683 1.9469
1.8128 2.2461 1.9309
1.8293 2.2240 1.9159
1.8457 2.2021 1.9018
1.8622 2.1801 1.8886
1.8787 2.1583 1.8762
1.8952 2.1365 1.8644
1.9117 2.1147 1.8532
1.9281 2.0930 1.8424
1.9446 2.0713 1.8320
1.9611 2.0497 1.8216
1.9776 2.0281 1.8113
1.9941 2.0066 1.8009
2.0105 1.9851 1.7902
2.0270 1.9636 1.7791
2.0435 1.9422 1.7676
2.0600 1.9208 1.7556
2.0765 1.8995 1.7430
2.0929 1.8783 1.7299
2.1094 1.8572 1.7161
2.1259 1.8361 1.7019
2.1424 1.8152 1.6871
2.1589 1.7945 1.6720
2.1753 1.7739 1.6565
2.1918 1.7535 1.6408
2.2083 1.7334 1.6251
2.2248 1.7136 1.6094
2.2413 1.6940 1.5938
2.2577 1.6749 1.5785
2.2742 1.6561 1.5636
2.2907 1.6377 1.5492
2.3072 1.6197 1.5354
2.3237 1.6022 1.5221
2.3401 1.5851 1.5096
2.3566 1.5685 1.4978
2.3731 1.5524 1.4868
2.3896 1.5366 1.4764
2.4061 1.5214 1.4668
2.4225 1.5066 1.4578
2.4390 1.4922 1.4495
2.4555 1.4782 1.4417
2.4720 1.4646 1.4345
2.4885 1.4513 1.4276
2.5049 1.4384 1.4212
2.5214 1.4258 1.4150
2.5379 1.4136 1.4090
2.5544 1.4016 1.4033
2.5709 1.3899 1.3976
2.5873 1.3784 1.3919
2.6038 1.3672 1.3862
2.6203 1.3562 1.3805
2.6368 1.3453 1.3746
2.6533 1.3347 1.3686
2.6697 1.3241 1.3624
2.6862 1.3137 1.3559
2.7027 1.3034 1.3491
2.7192 1.2932 1.3421
2.7357 1.2830 1.3346
2.7521 1.2728 1.3269
2.7686 1.2627 1.3187
2.7851 1.2525 1.3101
2.8016 1.2422 1.3010
2.8181 1.2319 1.2916
2.8345 1.2215 1.2817
2.8510 1.2110 1.2713
2.8675 1.2003 1.2605
2.8840 1.1895 1.2493
2.9005 1.1786 1.2377
2.9169 1.1675 1.2257
2.9334 1.1563 1.2133
2.9499 1.1450 1.2007
2.9664 1.1335 1.1877
2.9829 1.1220 1.1745
2.9993 1.1105 1.1612
3.0158 1.0990 1.1476
3.0323 1.0875 1.1340
3.0488 1.0761 1.1203
3.0653 1.0648 1.1066
3.0817 1.0537 1.0930
3.0982 1.0429 1.0794
3.1147 1.0323 1.0661
3.1312 1.0220 1.0529
3.1476 1.0120 1.0401
3.1641 1.0024 1.0275
3.1806 0.9931 1.0153
3.1971 0.9843 1.0035
3.2136 0.9758 0.9921
3.2300 0.9677 0.9811
3.2465 0.9600 0.9707
3.2630 0.9526 0.9607
3.2795 0.9456 0.9512
3.2960 0.9389 0.9421
3.3124 0.9325 0.9335
3.3289 0.9265 0.9253
3.3454 0.9207 0.9175
3.3619 0.9153 0.9101
3.3784 0.9101 0.9030
3.3948 0.9051 0.8963
3.4113 0.9005 0.8898
3.4278 0.8961 0.8835
3.4443 0.8920 0.8775
3.4608 0.8882 0.8716
3.4772 0.8847 0.8659
3.4937 0.8815 0.8603
3.5102 0.8785 0.8549
3.5267 0.8758 0.8495
3.5432 0.8733 0.8442
3.5596 0.8710 0.8390
3.5761 0.8689 0.8337
3.5926 0.8670 0.8285
3.6091 0.8652 0.8233
3.6256 0.8635 0.8181
3.6420 0.8618 0.8128
3.6585 0.8601 0.8074
3.6750 0.8583 0.8020
3.6915 0.8565 0.7965
3.7080 0.8545 0.7909
3.7244 0.8525 0.7852
3.7409 0.8503 0.7793
3.7574 0.8480 0.7734
3.7739 0.8456 0.7674
3.7904 0.8431 0.7613
3.8068 0.8405 0.7552
3.8233 0.8379 0.7491
3.8398 0.8353 0.7430
3.8563 0.8328 0.7369
3.8728 0.8303 0.7309
3.8892 0.8280 0.7251
3.9057 0.8257 0.7195
3.9222 0.8237 0.7140
3.9387 0.8218 0.7089
3.9552 0.8202 0.7039
3.9716 0.8187 0.6993
3.9881 0.8174 0.6950
4.0046 0.8163 0.6911
4.0211 0.8153 0.6874
4.0376 0.8145 0.6841
4.0540 0.8137 0.6810
4.0705 0.8130 0.6783
4.0870 0.8123 0.6757
4.1035 0.8116 0.6734
4.1200 0.8108 0.6713
4.1364 0.8099 0.6692
4.1529 0.8090 0.6673
4.1694 0.8079 0.6654
4.1859 0.8066 0.6635
4.2024 0.8052 0.6616
4.2188 0.8036 0.6596
4.2353 0.8018 0.6576
4.2518 0.7998 0.6555
4.2683 0.7976 0.6534
4.2848 0.7953 0.6511
4.3012 0.7927 0.6488
4.3177 0.7900 0.6463
4.3342 0.7870 0.6438
4.3507 0.7839 0.6413
4.3672 0.7806 0.6387
4.3836 0.7771 0.6360
4.4001 0.7735 0.6333
4.4166 0.7697 0.6306
4.4331 0.7657 0.6278
4.4496 0.7616 0.6250
4.4660 0.7574 0.6222
4.4825 0.7530 0.6193
4.4990 0.7485 0.6164
4.5155 0.7440 0.6134
4.5320 0.7393 0.6104
4.5484 0.7346 0.6074
4.5649 0.7299 0.6043
4.5814 0.7251 0.6011
4.5979 0.7203 0.5979
4.6144 0.7155 0.5947
4.6308 0.7106 0.5914
4.6473 0.7058 0.5881
4.6638 0.7009 0.5848
4.6803 0.6961 0.5815
4.6968 0.6913 0.5783
4.7132 0.6865 0.5751
4.7297 0.6817 0.5720
4.7462 0.6770 0.5690
4.7627 0.6723 0.5662
4.7792 0.6676 0.5635
4.7956 0.6629 0.5610
4.8121 0.6582 0.5586
4.8286 0.6535 0.5566
4.8451 0.6489 0.5547
4.8616 0.6442 0.5531
4.8780 0.6395 0.5517
4.8945 0.6349 0.5506
4.9110 0.6302 0.5497
4.9275 0.6255 0.5490
4.9440 0.6207 0.5485
4.9604 0.6160 0.5482
4.9769 0.6113 0.5480
4.9934 0.6065 0.5480
5.0099 0.6018 0.5480
5.0264 0.5970 0.5481
5.0428 0.5923 0.5482
5.0593 0.5877 0.5484
5.0758 0.5831 0.5485
5.0923 0.5785 0.5487
5.1088 0.5740 0.5488
5.1252 0.5697 0.5489
5.1417 0.5654 0.5490
5.1582 0.5613 0.5490
5.1747 0.5572 0.5490
5.1911 0.5534 0.5490
5.2076 0.5496 0.5489
5.2241 0.5461 0.5488
5.2406 0.5427 0.5486
5.2571 0.5394 0.5485
5.2735 0.5363 0.5482
5.2900 0.5334 0.5479
5.3065 0.5306 0.5476
5.3230 0.5279 0.5472
5.3395 0.5253 0.5467
5.3559 0.5229 0.5461
5.3724 0.5205 0.5453
5.3889 0.5182 0.5445
5.4054 0.5160 0.5435
5.4219 0.5138 0.5424
5.4383 0.5117 0.5412
5.4548 0.5096 0.5398
5.4713 0.5075 0.5382
5.4878 0.5055 0.5365
5.5043 0.5035 0.5346
5.5207 0.5016 0.5325
5.5372 0.4997 0.5304
5.5537 0.4978 0.5280
5.5702 0.4960 0.5256
5.5867 0.4943 0.5230
5.6031 0.4927 0.5204
5.6196 0.4912 0.5177
5.6361 0.4897 0.5149
5.6526 0.4884 0.5121
5.6691 0.4872 0.5093
5.6855 0.4860 0.5066
5.7020 0.4850 0.5038
5.7185 0.4840 0.5011
5.7350 0.4831 0.4985
5.7515 0.4823 0.4959
5.7679 0.4816 0.4934
5.7844 0.4809 0.4910
5.8009 0.4803 0.4886
5.8174 0.4796 0.4863
5.8339 0.4790 0.4841
5.8503 0.4784 0.4820
5.8668 0.4778 0.4799
5.8833 0.4771 0.4779
5.8998 0.4764 0.4759
5.9163 0.4756 0.4740
5.9327 0.4748 0.4721
5.9492 0.4740 0.4702
5.9657 0.4731 0.4683
5.9822 0.4721 0.4665
5.9987 0.4711 0.4646
6.0151 0.4701 0.4628
6.0316 0.4690 0.4609
6.0481 0.4678 0.4591
6.0646 0.4667 0.4573
6.0811 0.4655 0.4555
6.0975 0.4643 0.4537
6.1140 0.4632 0.4520
6.1305 0.4620 0.4503
6.1470 0.4608 0.4486
6.1635 0.4596 0.4470
6.1799 0.4584 0.4454
6.1964 0.4572 0.4439
6.2129 0.4561 0.4425
6.2294 0.4549 0.4411
6.2459 0.4537 0.4398
6.2623 0.4526 0.4386
6.2788 0.4514 0.4374
6.2953 0.4502 0.4363
6.3118 0.4490 0.4353
6.3283 0.4478 0.4343
6.3447 0.4466 0.4334
6.3612 0.4453 0.4325
6.3777 0.4441 0.4317
6.3942 0.4428 0.4310
6.4107 0.4415 0.4303
6.4271 0.4403 0.4296
6.4436 0.4390 0.4290
6.4601 0.4377 0.4284
6.4766 0.4365 0.4278
6.4931 0.4352 0.4273
6.5095 0.4340 0.4268
6.5260 0.4329 0.4264
6.5425 0.4317 0.4259
6.5590 0.4306 0.4255
6.5755 0.4295 0.4251
6.5919 0.4285 0.4247
6.6084 0.4275 0.4243
6.6249 0.4265 0.4239
6.6414 0.4255 0.4235
6.6579 0.4245 0.4231
6.6743 0.4236 0.4226
6.6908 0.4226 0.4221
6.7073 0.4216 0.4215
6.7238 0.4205 0.4208
6.7403 0.4195 0.4201
6.7567 0.4184 0.4193
6.7732 0.4173 0.4184
6.7897 0.4161 0.4174
6.8062 0.4149 0.4162
6.8227 0.4137 0.4150
6.8391 0.4124 0.4137
6.8556 0.4111 0.4122
6.8721 0.4098 0.4107
6.8886 0.4085 0.4091
6.9051 0.4071 0.4074
6.9215 0.4058 0.4056
6.9380 0.4044 0.4038
6.9545 0.4031 0.4019
6.9710 0.4017 0.4000
6.9875 0.4004 0.3980
7.0039 0.3990 0.3961
7.0204 0.3977 0.3942
7.0369 0.3964 0.3923
7.0534 0.3951 0.3905
7.0699 0.3938 0.3887
7.0863 0.3925 0.3870
7.1028 0.3912 0.3854
7.1193 0.3899 0.3839
7.1358 0.3887 0.3825
7.1523 0.3874 0.3813
7.1687 0.3862 0.3801
7.1852 0.3850 0.3791
7.2017 0.3838 0.3782
7.2182 0.3826 0.3773
7.2347 0.3814 0.3766
7.2511 0.3803 0.3759
7.2676 0.3791 0.3753
7.2841 0.3780 0.3747
7.3006 0.3768 0.3742
7.3170 0.3757 0.3737
7.3335 0.3745 0.3732
7.3500 0.3734 0.3727
7.3665 0.3722 0.3722
7.3830 0.3709 0.3716
7.3994 0.3697 0.3710
7.4159 0.3684 0.3704
7.4324 0.3671 0.3697
7.4489 0.3658 0.3690
7.4654 0.3644 0.3683
7.4818 0.3630 0.3676
7.4983 0.3615 0.3668
7.5148 0.3601 0.3660
7.5313 0.3586 0.3653
7.5478 0.3571 0.3645
7.5642 0.3557 0.3637
7.5807 0.3542 0.3630
7.5972 0.3527 0.3622
7.6137 0.3513 0.3615
7.6302 0.3499 0.3608
7.6466 0.3485 0.3602
7.6631 0.3471 0.3595
7.6796 0.3458 0.3589
7.6961 0.3445 0.3584
7.7126 0.3432 0.3578
7.7290 0.3420 0.3573
7.7455 0.3408 0.3567
7.7620 0.3396 0.3562
7.7785 0.3384 0.3557
7.7950 0.3372 0.3551
7.8114 0.3360 0.3546
7.8279 0.3349 0.3540
7.8444 0.3338 0.3533
7.8609 0.3326 0.3527
7.8774 0.3315 0.3519
7.8938 0.3304 0.3512
7.9103 0.3292 0.3503
7.9268 0.3281 0.3494
7.9433 0.3270 0.3485
7.9598 0.3259 0.3475
7.9762 0.3248 0.3465
7.9927 0.3237 0.3454
8.0092 0.3227 0.3443
8.0257 0.3216 0.3432
8.0422 0.3206 0.3421
8.0586 0.3196 0.3410
8.0751 0.3186 0.3398
8.0916 0.3176 0.3387
8.1081 0.3166 0.3376
8.1246 0.3157 0.3365
8.1410 0.3147 0.3354
8.1575 0.3138 0.3344
8.1740 0.3129 0.3334
8.1905 0.3120 0.3324
8.2070 0.3112 0.3314
8.2234 0.3103 0.3305
8.2399 0.3095 0.3295
8.2564 0.3087 0.3286
8.2729 0.3079 0.3277
8.2894 0.3071 0.3267
8.3058 0.3063 0.3257
8.3223 0.3055 0.3247
8.3388 0.3048 0.3237
8.3553 0.3040 0.3227
8.3718 0.3032 0.3216
8.3882 0.3024 0.3205
8.4047 0.3016 0.3194
8.4212 0.3008 0.3183
8.4377 0.2999 0.3171
8.4542 0.2991 0.3160
8.4706 0.2982 0.3148
8.4871 0.2972 0.3136
8.5036 0.2963 0.3124
8.5201 0.2953 0.3111
8.5366 0.2943 0.3099
8.5530 0.2934 0.3087
8.5695 0.2924 0.3075
8.5860 0.2914 0.3063
8.6025 0.2905 0.3050
8.6190 0.2895 0.3038
8.6354 0.2886 0.3027
8.6519 0.2878 0.3015
8.6684 0.2870 0.3004
8.6849 0.2862 0.2992
8.7014 0.2855 0.2981
8.7178 0.2848 0.2971
8.7343 0.2842 0.2960
8.7508 0.2837 0.2950
8.7673 0.2832 0.2941
8.7838 0.2827 0.2932
8.8002 0.2823 0.2923
8.8167 0.2819 0.2915
8.8332 0.2815 0.2907
8.8497 0.2811 0.2899
8.8662 0.2807 0.2892
8.8826 0.2803 0.2885
8.8991 0.2799 0.2879
8.9156 0.2794 0.2872
8.9321 0.2789 0.2866
8.9486 0.2784 0.2861
8.9650 0.2779 0.2855
8.9815 0.2773 0.2850
8.9980 0.2768 0.2845
9.0145 0.2761 0.2840
9.0310 0.2755 0.2835
9.0474 0.2749 0.2830
9.0639 0.2742 0.2825
9.0804 0.2736 0.2821
9.0969 0.2729 0.2816
9.1134 0.2723 0.2813
9.1298 0.2717 0.2809
9.1463 0.2712 0.2806
9.1628 0.2707 0.2803
9.1793 0.2702 0.2801
9.1958 0.2698 0.2799
9.2122 0.2694 0.2797
9.2287 0.2691 0.2797
9.2452 0.2688 0.2796
9.2617 0.2685 0.2796
9.2782 0.2684 0.2797
9.2946 0.2682 0.2798
9.3111 0.2681 0.2799
9.3276 0.2680 0.2801
9.3441 0.2680 0.2802
9.3605 0.2679 0.2804
9.3770 0.2679 0.2806
9.3935 0.2679 0.2807
9.4100 0.2679 0.2808
9.4265 0.2678 0.2810
9.4429 0.2678 0.2810
9.4594 0.2677 0.2811
9.4759 0.2677 0.2811
9.4924 0.2676 0.2810
9.5089 0.2674 0.2809
9.5253 0.2673 0.2808
9.5418 0.2671 0.2806
9.5583 0.2669 0.2803
9.5748 0.2667 0.2800
9.5913 0.2666 0.2797
9.6077 0.2663 0.2793
9.6242 0.2661 0.2788
9.6407 0.2660 0.2783
9.6572 0.2658 0.2778
9.6737 0.2656 0.2773
9.6901 0.2655 0.2767
9.7066 0.2653 0.2761
9.7231 0.2652 0.2754
9.7396 0.2651 0.2748
9.7561 0.2651 0.2742
9.7725 0.2650 0.2735
9.7890 0.2650 0.2729
9.8055 0.2649 0.2723
9.8220 0.2649 0.2717
9.8385 0.2649 0.2711
9.8549 0.2649 0.2705
9.8714 0.2648 0.2699
9.8879 0.2648 0.2694
9.9044 0.2647 0.2689
9.9209 0.2647 0.2684
9.9373 0.2646 0.2680
9.9538 0.2644 0.2675
9.9703 0.2643 0.2671
9.9868 0.2641 0.2667
10.0033 0.2638 0.2664
10.0197 0.2635 0.2660
10.0362 0.2632 0.2656
10.0527 0.2628 0.2653
10.0692 0.2624 0.2650
10.0857 0.2620 0.2647
10.1021 0.2615 0.2644
10.1186 0.2610 0.2641
10.1351 0.2605 0.2638
10.1516 0.2599 0.2636
10.1681 0.2594 0.2633
10.1845 0.2588 0.2631
10.2010 0.2582 0.2629
10.2175 0.2577 0.2627
10.2340 0.2571 0.2625
10.2505 0.2566 0.2624
10.2669 0.2560 0.2623
10.2834 0.2555 0.2622
10.2999 0.2550 0.2621
10.3164 0.2546 0.2620
10.3329 0.2541 0.2619
10.3493 0.2537 0.2619
10.3658 0.2533 0.2619
10.3823 0.2529 0.2619
10.3988 0.2525 0.2619
10.4153 0.2522 0.2619
10.4317 0.2518 0.2619
10.4482 0.2515 0.2619
10.4647 0.2511 0.2618
10.4812 0.2508 0.2618
10.4977 0.2504 0.2618
10.5141 0.2500 0.2618
10.5306 0.2497 0.2618
10.5471 0.2493 0.2618
10.5636 0.2489 0.2618
10.5801 0.2485 0.2617
10.5965 0.2480 0.2617
10.6130 0.2476 0.2616
10.6295 0.2471 0.2616
10.6460 0.2466 0.2616
10.6625 0.2461 0.2615
10.6789 0.2456 0.2615
10.6954 0.2451 0.2614
10.7119 0.2446 0.2614
10.7284 0.2441 0.2613
10.7449 0.2435 0.2613
10.7613 0.2430 0.2612
10.7778 0.2426 0.2612
10.7943 0.2421 0.2611
10.8108 0.2417 0.2611
10.8273 0.2412 0.2611
10.8437 0.2408 0.2611
10.8602 0.2405 0.2610
10.8767 0.2401 0.2610
10.8932 0.2398 0.2610
10.9097 0.2395 0.2610
10.9261 0.2393 0.2611
10.9426 0.2390 0.2611
10.9591 0.2388 0.2612
10.9756 0.2386 0.2613
10.9921 0.2384 0.2614
11.0085 0.2382 0.2616
11.0250 0.2380 0.2618
11.0415 0.2378 0.2620
11.0580 0.2376 0.2623
11.0745 0.2374 0.2625
11.0909 0.2372 0.2628
11.1074 0.2370 0.2630
11.1239 0.2369 0.2633
11.1404 0.2367 0.2635
11.1569 0.2365 0.2637
11.1733 0.2364 0.2639
11.1898 0.2363 0.2640
11.2063 0.2361 0.2640
11.2228 0.2361 0.2639
11.2393 0.2360 0.2638
11.2557 0.2359 0.2636
11.2722 0.2359 0.2633
11.2887 0.2359 0.2629
11.3052 0.2358 0.2623
11.3217 0.2358 0.2617
11.3381 0.2358 0.2610
11.3546 0.2359 0.2601
11.3711 0.2358 0.2592
11.3876 0.2358 0.2581
11.4041 0.2358 0.2570
11.4205 0.2357 0.2557
11.4370 0.2356 0.2544
11.4535 0.2355 0.2530
11.4700 0.2354 0.2515
11.4864 0.2352 0.2500
11.5029 0.2349 0.2484
11.5194 0.2346 0.2467
11.5359 0.2342 0.2451
11.5524 0.2338 0.2434
11.5688 0.2334 0.2417
11.5853 0.2329 0.2399
11.6018 0.2323 0.2382
11.6183 0.2317 0.2365
11.6348 0.2311 0.2349
11.6512 0.2304 0.2332
11.6677 0.2297 0.2316
11.6842 0.2289 0.2301
11.7007 0.2281 0.2285
11.7172 0.2273 0.2271
11.7336 0.2264 0.2257
11.7501 0.2255 0.2243
11.7666 0.2246 0.2230
11.7831 0.2236 0.2217
11.7996 0.2226 0.2204
11.8160 0.2216 0.2192
11.8325 0.2206 0.2180
11.8490 0.2195 0.2169
11.8655 0.2185 0.2157
11.8820 0.2174 0.2146
11.8984 0.2162 0.2135
11.9149 0.2151 0.2124
11.9314 0.2139 0.2113
11.9479 0.2128 0.2102
11.9644 0.2116 0.2091
11.9808 0.2104 0.2080
11.9973 0.2092 0.2069
12.0138 0.2079 0.2058
12.0303 0.2067 0.2047
12.0468 0.2055 0.2036
12.0632 0.2043 0.2025
12.0797 0.2031 0.2014
12.0962 0.2018 0.2002
12.1127 0.2006 0.1991
12.1292 0.1994 0.1980
12.1456 0.1983 0.1969
12.1621 0.1971 0.1958
12.1786 0.1959 0.1947
12.1951 0.1947 0.1936
12.2116 0.1936 0.1926
12.2280 0.1924 0.1915
12.2445 0.1913 0.1904
12.2610 0.1902 0.1893
12.2775 0.1890 0.1882
12.2940 0.1879 0.1871
12.3104 0.1868 0.1859
12.3269 0.1856 0.1848
12.3434 0.1845 0.1836
12.3599 0.1834 0.1824
12.3764 0.1823 0.1812
12.3928 0.1812 0.1799
12.4093 0.1801 0.1786
12.4258 0.1789 0.1773
12.4423 0.1778 0.1759
12.4588 0.1767 0.1745
12.4752 0.1756 0.1731
12.4917 0.1745 0.1716
12.5082 0.1734 0.1701
12.5247 0.1723 0.1686
12.5412 0.1711 0.1671
12.5576 0.1700 0.1656
12.5741 0.1689 0.1641
12.5906 0.1678 0.1625
12.6071 0.1667 0.1610
12.6236 0.1656 0.1595
12.6400 0.1645 0.1580
12.6565 0.1634 0.1565
12.6730 0.1623 0.1551
12.6895 0.1612 0.1536
12.7060 0.1601 0.1522
12.7224 0.1590 0.1508
12.7389 0.1579 0.1494
12.7554 0.1568 0.1481
12.7719 0.1557 0.1467
12.7884 0.1546 0.1454
12.8048 0.1535 0.1441
12.8213 0.1525 0.1428
12.8378 0.1514 0.1416
12.8543 0.1502 0.1403
12.8708 0.1491 0.1391
12.8872 0.1480 0.1379
12.9037 0.1469 0.1366
12.9202 0.1458 0.1354
12.9367 0.1446 0.1342
12.9532 0.1435 0.1330
12.9696 0.1423 0.1318
12.9861 0.1412 0.1306
13.0026 0.1400 0.1295
13.0191 0.1389 0.1283
13.0356 0.1377 0.1271
13.0520 0.1366 0.1259
13.0685 0.1354 0.1248
13.0850 0.1343 0.1236
13.1015 0.1331 0.1224
13.1180 0.1320 0.1213
13.1344 0.1309 0.1202
13.1509 0.1297 0.1190
13.1674 0.1286 0.1179
13.1839 0.1275 0.1168
13.2004 0.1264 0.1157
13.2168 0.1253 0.1146
13.2333 0.1242 0.1135
13.2498 0.1231 0.1124
13.2663 0.1220 0.1113
13.2828 0.1209 0.1102
13.2992 0.1198 0.1091
13.3157 0.1187 0.1080
13.3322 0.1176 0.1069
13.3487 0.1165 0.1058
13.3652 0.1153 0.1047
13.3816 0.1142 0.1036
13.3981 0.1131 0.1026
13.4146 0.1119 0.1015
13.4311 0.1108 0.1004
13.4476 0.1096 0.0994
13.4640 0.1085 0.0984
13.4805 0.1073 0.0973
13.4970 0.1061 0.0963
13.5135 0.1050 0.0954
13.5299 0.1038 0.0944
13.5464 0.1027 0.0935
13.5629 0.1016 0.0925
13.5794 0.1004 0.0916
13.5959 0.0993 0.0907
13.6123 0.0982 0.0899
13.6288 0.0971 0.0890
13.6453 0.0960 0.0881
13.6618 0.0949 0.0873
13.6783 0.0938 0.0865
13.6947 0.0927 0.0856
13.7112 0.0916 0.0848
13.7277 0.0905 0.0840
13.7442 0.0895 0.0832
13.7607 0.0884 0.0823
13.7771 0.0873 0.0815
13.7936 0.0862 0.0806
13.8101 0.0851 0.0798
13.8266 0.0841 0.0789
13.8431 0.0830 0.0780
13.8595 0.0819 0.0771
13.8760 0.0808 0.0762
13.8925 0.0797 0.0753
13.9090 0.0786 0.0744
13.9255 0.0776 0.0735
13.9419 0.0765 0.0726
13.9584 0.0754 0.0717
13.9749 0.0744 0.0707
13.9914 0.0734 0.0698
14.0079 0.0723 0.0689
14.0243 0.0713 0.0680
14.0408 0.0704 0.0671
14.0573 0.0694 0.0662
14.0738 0.0685 0.0653
14.0903 0.0676 0.0644
14.1067 0.0667 0.0636
14.1232 0.0658 0.0627
14.1397 0.0650 0.0619
14.1562 0.0642 0.0611
14.1727 0.0634 0.0604
14.1891 0.0626 0.0596
14.2056 0.0619 0.0589
14.2221 0.0611 0.0582
14.2386 0.0604 0.0575
14.2551 0.0597 0.0568
14.2715 0.0590 0.0562
14.2880 0.0583 0.0556
14.3045 0.0577 0.0550
14.3210 0.0570 0.0544
14.3375 0.0563 0.0538
14.3539 0.0557 0.0532
14.3704 0.0550 0.0527
14.3869 0.0544 0.0521
14.4034 0.0538 0.0516
14.4199 0.0531 0.0510
14.4363 0.0525 0.0505
14.4528 0.0519 0.0500
14.4693 0.0513 0.0495
14.4858 0.0506 0.0490
14.5023 0.0500 0.0485
14.5187 0.0494 0.0481
14.5352 0.0488 0.0476
14.5517 0.0482 0.0471
14.5682 0.0476 0.0466
14.5847 0.0470 0.0462
14.6011 0.0464 0.0457
14.6176 0.0459 0.0452
14.6341 0.0453 0.0447
14.6506 0.0447 0.0443
14.6671 0.0442 0.0438
14.6835 0.0437 0.0433
14.7000 0.0432 0.0429
14.7165 0.0427 0.0424
14.7330 0.0422 0.0419
14.7495 0.0417 0.0414
14.7659 0.0412 0.0410
14.7824 0.0407 0.0405
14.7989 0.0403 0.0400
14.8154 0.0398 0.0396
14.8319 0.0394 0.0391
14.8483 0.0389 0.0386
14.8648 0.0385 0.0382
14.8813 0.0380 0.0377
14.8978 0.0376 0.0373
14.9143 0.0372 0.0368
14.9307 0.0367 0.0364
14.9472 0.0363 0.0360
14.9637 0.0358 0.0355
14.9802 0.0354 0.0351
14.9967 0.0349 0.0347
15.0131 0.0345 0.0343
15.0296 0.0340 0.0339
15.0461 0.0336 0.0335
15.0626 0.0331 0.0331
15.0791 0.0327 0.0327
15.0955 0.0323 0.0324
15.1120 0.0318 0.0320
15.1285 0.0314 0.0316
15.1450 0.0310 0.0313
15.1615 0.0306 0.0309
15.1779 0.0302 0.0306
15.1944 0.0298 0.0302
15.2109 0.0294 0.0299
15.2274 0.0291 0.0296
15.2439 0.0287 0.0292
15.2603 0.0284 0.0289
15.2768 0.0280 0.0286
15.2933 0.0277 0.0282
15.3098 0.0274 0.0279
15.3263 0.0271 0.0276
15.3427 0.0268 0.0273
15.3592 0.0265 0.0270
15.3757 0.0262 0.0267
15.3922 0.0260 0.0264
15.4087 0.0257 0.0261
15.4251 0.0254 0.0258
15.4416 0.0252 0.0256
15.4581 0.0249 0.0253
15.4746 0.0246 0.0250
15.4911 0.0243 0.0247
15.5075 0.0241 0.0245
15.5240 0.0238 0.0242
15.5405 0.0235 0.0240
15.5570 0.0232 0.0237
15.5734 0.0230 0.0235
15.5899 0.0227 0.0233
15.6064 0.0224 0.0230
15.6229 0.0221 0.0228
15.6394 0.0218 0.0226
15.6558 0.0216 0.0223
15.6723 0.0213 0.0221
15.6888 0.0210 0.0219
15.7053 0.0207 0.0216
15.7218 0.0205 0.0214
15.7382 0.0202 0.0212
15.7547 0.0200 0.0209
15.7712 0.0197 0.0207
15.7877 0.0195 0.0204
15.8042 0.0192 0.0202
15.8206 0.0190 0.0199
15.8371 0.0188 0.0197
15.8536 0.0186 0.0194
15.8701 0.0184 0.0192
15.8866 0.0182 0.0189
15.9030 0.0180 0.0187
15.9195 0.0178 0.0185
15.9360 0.0176 0.0182
15.9525 0.0174 0.0180
15.9690 0.0172 0.0177
15.9854 0.0170 0.0175
16.0019 0.0168 0.0173
16.0184 0.0167 0.0170
16.0349 0.0165 0.0168
16.0514 0.0163 0.0166
16.0678 0.0161 0.0164
16.0843 0.0159 0.0162
16.1008 0.0157 0.0160
16.1173 0.0155 0.0158
16.1338 0.0153 0.0156
16.1502 0.0152 0.0154
16.1667 0.0150 0.0152
16.1832 0.0148 0.0151
16.1997 0.0146 0.0149
16.2162 0.0144 0.0147
16.2326 0.0143 0.0145
16.2491 0.0141 0.0144
16.2656 0.0139 0.0142
16.2821 0.0138 0.0140
16.2986 0.0136 0.0139
16.3150 0.0135 0.0137
16.3315 0.0133 0.0136
16.3480 0.0132 0.0134
16.3645 0.0130 0.0132
16.3810 0.0129 0.0131
16.3974 0.0128 0.0129
16.4139 0.0127 0.0128
16.4304 0.0126 0.0127
16.4469 0.0124 0.0125
16.4634 0.0123 0.0124
16.4798 0.0122 0.0123
16.4963 0.0121 0.0121
16.5128 0.0120 0.0120
16.5293 0.0120 0.0119
16.5458 0.0119 0.0118
16.5622 0.0118 0.0117
16.5787 0.0117 0.0116
16.5952 0.0116 0.0114
16.6117 0.0115 0.0113
16.6282 0.0114 0.0112
16.6446 0.0113 0.0112
16.6611 0.0112 0.0111
16.6776 0.0111 0.0110
16.6941 0.0110 0.0109
16.7106 0.0109 0.0108
16.7270 0.0108 0.0107
16.7435 0.0107 0.0106
16.7600 0.0106 0.0106
16.7765 0.0106 0.0105
16.7930 0.0105 0.0104
16.8094 0.0104 0.0103
16.8259 0.0103 0.0102
16.8424 0.0102 0.0102
16.8589 0.0101 0.0101
16.8754 0.0101 0.0100
16.8918 0.0100 0.0099
16.9083 0.0099 0.0099
16.9248 0.0098 0.0098
16.9413 0.0098 0.0097
16.9578 0.0097 0.0097
16.9742 0.0096 0.0096
16.9907 0.0096 0.0095
17.0072 0.0095 0.0095
17.0237 0.0094 0.0094
17.0402 0.0094 0.0094
17.0566 0.0093 0.0093
17.0731 0.0092 0.0092
17.0896 0.0091 0.0092
17.1061 0.0091 0.0091
17.1226 0.0090 0.0091
17.1390 0.0089 0.0090
17.1555 0.0088 0.0090
17.1720 0.0087 0.0090
17.1885 0.0087 0.0089
17.2050 0.0086 0.0089
17.2214 0.0085 0.0088
17.2379 0.0084 0.0088
17.2544 0.0083 0.0087
17.2709 0.0082 0.0086
17.2874 0.0081 0.0086
17.3038 0.0080 0.0085
17.3203 0.0080 0.0085
17.3368 0.0079 0.0084
17.3533 0.0078 0.0083
17.3698 0.0077 0.0083
17.3862 0.0076 0.0082
17.4027 0.0075 0.0081
17.4192 0.0075 0.0081
17.4357 0.0074 0.0080
17.4522 0.0073 0.0079
17.4686 0.0072 0.0079
17.4851 0.0071 0.0078
17.5016 0.0071 0.0077
17.5181 0.0070 0.0077
17.5346 0.0069 0.0076
17.5510 0.0068 0.0075
17.5675 0.0067 0.0075
17.5840 0.0067 0.0074
17.6005 0.0066 0.0074
17.6170 0.0065 0.0073
17.6334 0.0065 0.0072
17.6499 0.0064 0.0072
17.6664 0.0063 0.0071
17.6829 0.0062 0.0070
17.6993 0.0062 0.0070
17.7158 0.0061 0.0069
17.7323 0.0060 0.0069
17.7488 0.0060 0.0068
17.7653 0.0059 0.0067
17.7817 0.0059 0.0067
17.7982 0.0058 0.0066
17.8147 0.0057 0.0065
17.8312 0.0057 0.0065
17.8477 0.0056 0.0064
17.8641 0.0056 0.0063
17.8806 0.0055 0.0063
17.8971 0.0055 0.0062
17.9136 0.0054 0.0061
17.9301 0.0053 0.0060
17.9465 0.0053 0.0060
17.9630 0.0052 0.0059
17.9795 0.0052 0.0058
17.9960 0.0051 0.0058
18.0125 0.0051 0.0057
18.0289 0.0051 0.0056
18.0454 0.0050 0.0056
18.0619 0.0050 0.0055
18.0784 0.0049 0.0054
18.0949 0.0049 0.0054
18.1113 0.0048 0.0053
18.1278 0.0048 0.0053
18.1443 0.0047 0.0052
18.1608 0.0047 0.0052
18.1773 0.0046 0.0051
18.1937 0.0046 0.0051
18.2102 0.0046 0.0050
18.2267 0.0045 0.0050
18.2432 0.0045 0.0049
18.2597 0.0044 0.0049
18.2761 0.0044 0.0048
18.2926 0.0043 0.0048
18.3091 0.0043 0.0047
18.3256 0.0043 0.0047
18.3421 0.0042 0.0047
18.3585 0.0042 0.0046
18.3750 0.0042 0.0046
18.3915 0.0041 0.0045
18.4080 0.0041 0.0045
18.4245 0.0040 0.0045
18.4409 0.0040 0.0044
18.4574 0.0040 0.0044
18.4739 0.0039 0.0043
18.4904 0.0039 0.0043
18.5069 0.0039 0.0043
18.5233 0.0038 0.0042
18.5398 0.0038 0.0042
18.5563 0.0038 0.0042
18.5728 0.0037 0.0041
18.5893 0.0037 0.0041
18.6057 0.0037 0.0041
18.6222 0.0037 0.0040
18.6387 0.0036 0.0040
18.6552 0.0036 0.0040
18.6717 0.0036 0.0039
18.6881 0.0036 0.0039
18.7046 0.0035 0.0039
18.7211 0.0035 0.0038
18.7376 0.0035 0.0038
18.7541 0.0034 0.0038
18.7705 0.0034 0.0037
18.7870 0.0034 0.0037
18.8035 0.0034 0.0037
18.8200 0.0033 0.0036
18.8365 0.0033 0.0036
18.8529 0.0033 0.0036
18.8694 0.0033 0.0035
18.8859 0.0032 0.0035
18.9024 0.0032 0.0035
18.9189 0.0032 0.0034
18.9353 0.0032 0.0034
18.9518 0.0031 0.0034
18.9683 0.0031 0.0033
18.9848 0.0031 0.0033
19.0013 0.0031 0.0032
19.0177 0.0030 0.0032
19.0342 0.0030 0.0032
19.0507 0.0030 0.0031
19.0672 0.0030 0.0031
19.0837 0.0030 0.0031
19.1001 0.0029 0.0031
19.1166 0.0029 0.0030
19.1331 0.0029 0.0030
19.1496 0.0029 0.0030
19.1661 0.0028 0.0029
19.1825 0.0028 0.0029
19.1990 0.0028 0.0029
19.2155 0.0028 0.0028
19.2320 0.0028 0.0028
19.2485 0.0028 0.0028
19.2649 0.0027 0.0027
19.2814 0.0027 0.0027
19.2979 0.0027 0.0027
19.3144 0.0027 0.0027
19.3309 0.0027 0.0026
19.3473 0.0026 0.0026
19.3638 0.0026 0.0026
19.3803 0.0026 0.0026
19.3968 0.0026 0.0025
19.4133 0.0026 0.0025
19.4297 0.0026 0.0025
19.4462 0.0025 0.0025
19.4627 0.0025 0.0024
19.4792 0.0025 0.0024
19.4957 0.0025 0.0024
19.5121 0.0025 0.0024
19.5286 0.0024 0.0024
19.5451 0.0024 0.0024
19.5616 0.0024 0.0023
19.5781 0.0024 0.0023
19.5945 0.0024 0.0023
19.6110 0.0023 0.0023
19.6275 0.0023 0.0023
19.6440 0.0023 0.0023
19.6605 0.0023 0.0023
19.6769 0.0023 0.0023
19.6934 0.0022 0.0022
19.7099 0.0022 0.0022
19.7264 0.0022 0.0022
19.7428 0.0022 0.0022
19.7593 0.0022 0.0022
19.7758 0.0021 0.0022
19.7923 0.0021 0.0022
19.8088 0.0021 0.0021
19.8252 0.0021 0.0021
19.8417 0.0021 0.0021
19.8582 0.0020 0.0021
19.8747 0.0020 0.0021
19.8912 0.0020 0.0021
19.9076 0.0020 0.0021
19.9241 0.0020 0.0020
19.9406 0.0019 0.0020
19.9571 0.0019 0.0020
19.9736 0.0019 0.0020
19.9900 0.0019 0.0020
20.0065 0.0019 0.0020
20.0230 0.0019 0.0020
20.0395 0.0019 0.0019
20.0560 0.0018 0.0019
20.0724 0.0018 0.0019
20.0889 0.0018 0.0019
20.1054 0.0018 0.0019
20.1219 0.0018 0.0019
20.1384 0.0018 0.0018
20.1548 0.0018 0.0018
20.1713 0.0017 0.0018
20.1878 0.0017 0.0018
20.2043 0.0017 0.0018
20.2208 0.0017 0.0018
20.2372 0.0017 0.0017
20.2537 0.0017 0.0017
20.2702 0.0016 0.0017
20.2867 0.0016 0.0017
20.3032 0.0016 0.0017
20.3196 0.0016 0.0017
20.3361 0.0016 0.0017
20.3526 0.0016 0.0016
20.3691 0.0016 0.0016
20.3856 0.0015 0.0016
20.4020 0.0015 0.0016
20.4185 0.0015 0.0016
20.4350 0.0015 0.0016
20.4515 0.0015 0.0016
20.4680 0.0015 0.0016
20.4844 0.0014 0.0015
20.5009 0.0014 0.0015
20.5174 0.0014 0.0015
20.5339 0.0014 0.0015
20.5504 0.0014 0.0015
20.5668 0.0014 0.0015
20.5833 0.0014 0.0015
20.5998 0.0014 0.0015
20.6163 0.0013 0.0015
20.6328 0.0013 0.0015
20.6492 0.0013 0.0015
20.6657 0.0013 0.0015
20.6822 0.0013 0.0014
20.6987 0.0013 0.0014
20.7152 0.0013 0.0014
20.7316 0.0013 0.0014
20.7481 0.0013 0.0014
20.7646 0.0012 0.0014
20.7811 0.0012 0.0014
20.7976 0.0012 0.0014
20.8140 0.0012 0.0014
20.8305 0.0012 0.0014
20.8470 0.0012 0.0014
20.8635 0.0012 0.0014
20.8800 0.0012 0.0014
20.8964 0.0012 0.0014
20.9129 0.0012 0.0014
20.9294 0.0012 0.0014
20.9459 0.0011 0.0013
20.9624 0.0011 0.0013
20.9788 0.0011 0.0013
20.9953 0.0011 0.0013
21.0118 0.0011 0.0013
21.0283 0.0011 0.0013
21.0448 0.0011 0.0013
21.0612 0.0011 0.0013
21.0777 0.0011 0.0013
21.0942 0.0011 0.0013
21.1107 0.0011 0.0013
21.1272 0.0011 0.0013
21.1436 0.0010 0.0013
21.1601 0.0010 0.0013
21.1766 0.0010 0.0012
21.1931 0.0010 0.0012
21.2096 0.0010 0.0012
21.2260 0.0010 0.0012
21.2425 0.0010 0.0012
21.2590 0.0010 0.0012
21.2755 0.0010 0.0012
21.2920 0.0010 0.0012
21.3084 0.0010 0.0012
21.3249 0.0010 0.0011
21.3414 0.0010 0.0011
21.3579 0.0010 0.0011
21.3744 0.0009 0.0011
21.3908 0.0009 0.0011
21.4073 0.0009 0.0011
21.4238 0.0009 0.0011
21.4403 0.0009 0.0011
21.4568 0.0009 0.0011
21.4732 0.0009 0.0011
21.4897 0.0009 0.0010
21.5062 0.0009 0.0010
21.5227 0.0009 0.0010
21.5392 0.0009 0.0010
21.5556 0.0009 0.0010
21.5721 0.0009 0.0010
21.5886 0.0009 0.0010
21.6051 0.0009 0.0010
21.6216 0.0009 0.0010
21.6380 0.0009 0.0010
21.6545 0.0009 0.0010
21.6710 0.0008 0.0010
21.6875 0.0008 0.0010
21.7040 0.0008 0.0009
21.7204 0.0008 0.0009
21.7369 0.0008 0.0009
21.7534 0.0008 0.0009
21.7699 0.0008 0.0009
21.7864 0.0008 0.0009
21.8028 0.0008 0.0009
21.8193 0.0008 0.0009
21.8358 0.0008 0.0009
21.8523 0.0008 0.0009
21.8687 0.0008 0.0009
21.8852 0.0008 0.0009
21.9017 0.0008 0.0009
21.9182 0.0008 0.0009
21.9347 0.0008 0.0009
21.9511 0.0008 0.0009
21.9676 0.0008 0.0009
21.9841 0.0008 0.0008
22.0006 0.0008 0.0008
22.0171 0.0008 0.0008
22.0335 0.0008 0.0008
22.0500 0.0008 0.0008
22.0665 0.0008 0.0008
22.0830 0.0008 0.0008
22.0995 0.0007 0.0008
22.1159 0.0007 0.0008
22.1324 0.0007 0.0008
22.1489 0.0007 0.0008
22.1654 0.0007 0.0008
22.1819 0.0007 0.0008
22.1983 0.0007 0.0008
22.2148 0.0007 0.0007
22.2313 0.0007 0.0007
22.2478 0.0007 0.0007
22.2643 0.0007 0.0007
22.2807 0.0007 0.0007
22.2972 0.0007 0.0007
22.3137 0.0007 0.0007
22.3302 0.0007 0.0007
22.3467 0.0007 0.0007
22.3631 0.0007 0.0007
22.3796 0.0007 0.0007
22.3961 0.0007 0.0007
22.4126 0.0007 0.0007
22.4291 0.0007 0.0007
22.4455 0.0007 0.0007
22.4620 0.0007 0.0007
22.4785 0.0007 0.0007
22.4950 0.0007 0.0007
22.5115 0.0007 0.0007
22.5279 0.0007 0.0007
22.5444 0.0007 0.0007
22.5609 0.0007 0.0007
22.5774 0.0007 0.0007
22.5939 0.0007 0.0007
22.6103 0.0007 0.0007
22.6268 0.0007 0.0007
22.6433 0.0007 0.0007
22.6598 0.0007 0.0007
22.6763 0.0007 0.0007
22.6927 0.0007 0.0007
22.7092 0.0007 0.0007
22.7257 0.0007 0.0007
22.7422 0.0007 0.0007
22.7587 0.0007 0.0007
22.7751 0.0007 0.0007
22.7916 0.0007 0.0007
22.8081 0.0007 0.0007
22.8246 0.0007 0.0007
22.8411 0.0007 0.0007
22.8575 0.0007 0.0007
22.8740 0.0007 0.0007
22.8905 0.0006 0.0007
22.9070 0.0006 0.0007
22.9235 0.0006 0.0007
22.9399 0.0006 0.0007
22.9564 0.0006 0.0006
22.9729 0.0006 0.0006
22.9894 0.0006 0.0006
23.0059 0.0006 0.0006
23.0223 0.0006 0.0006
23.0388 0.0006 0.0006
23.0553 0.0006 0.0006
23.0718 0.0006 0.0006
23.0883 0.0006 0.0006
23.1047 0.0006 0.0006
23.1212 0.0006 0.0006
23.1377 0.0006 0.0006
23.1542 0.0006 0.0006
23.1707 0.0006 0.0006
23.1871 0.0006 0.0006
23.2036 0.0006 0.0006
23.2201 0.0006 0.0006
23.2366 0.0006 0.0006
23.2531 0.0006 0.0006
23.2695 0.0006 0.0006
23.2860 0.0006 0.0006
23.3025 0.0006 0.0006
23.3190 0.0006 0.0006
23.3355 0.0006 0.0006
23.3519 0.0006 0.0006
23.3684 0.0006 0.0006
23.3849 0.0006 0.0006
23.4014 0.0006 0.0006
23.4179 0.0006 0.0006
23.4343 0.0006 0.0006
23.4508 0.0006 0.0006
23.4673 0.0006 0.0006
23.4838 0.0006 0.0006
23.5003 0.0006 0.0006
23.5167 0.0006 0.0006
23.5332 0.0006 0.0006
23.5497 0.0006 0.0006
23.5662 0.0006 0.0006
23.5827 0.0005 0.0006
23.5991 0.0005 0.0006
23.6156 0.0005 0.0006
23.6321 0.0005 0.0006
23.6486 0.0005 0.0006
23.6651 0.0005 0.0006
23.6815 0.0005 0.0006
23.6980 0.0005 0.0005
23.7145 0.0005 0.0005
23.7310 0.0005 0.0005
23.7475 0.0005 0.0005
23.7639 0.0005 0.0005
23.7804 0.0005 0.0005
23.7969 0.0005 0.0005
23.8134 0.0005 0.0005
23.8299 0.0005 0.0005
23.8463 0.0005 0.0005
23.8628 0.0005 0.0005
23.8793 0.0005 0.0005
23.8958 0.0005 0.0005
23.9122 0.0005 0.0005
23.9287 0.0005 0.0005
23.9452 0.0005 0.0005
23.9617 0.0005 0.0005
23.9782 0.0005 0.0005
23.9946 0.0005 0.0005
24.0111 0.0005 0.0004
24.0276 0.0005 0.0004
24.0441 0.0005 0.0004
24.0606 0.0004 0.0004
24.0770 0.0004 0.0004
24.0935 0.0004 0.0004
24.1100 0.0004 0.0004
24.1265 0.0004 0.0004
24.1430 0.0004 0.0004
24.1594 0.0004 0.0004
24.1759 0.0004 0.0004
24.1924 0.0004 0.0004
24.2089 0.0004 0.0004
24.2254 0.0004 0.0004
24.2418 0.0004 0.0004
24.2583 0.0004 0.0004
24.2748 0.0004 0.0004
24.2913 0.0004 0.0004
24.3078 0.0004 0.0004
24.3242 0.0004 0.0004
24.3407 0.0004 0.0003
24.3572 0.0004 0.0003
24.3737 0.0004 0.0003
24.3902 0.0004 0.0003
24.4066 0.0003 0.0003
24.4231 0.0003 0.0003
24.4396 0.0003 0.0003
24.4561 0.0003 0.0003
24.4726 0.0003 0.0003
24.4890 0.0003 0.0003
24.5055 0.0003 0.0003
24.5220 0.0003 0.0003
24.5385 0.0003 0.0003
24.5550 0.0003 0.0003
24.5714 0.0003 0.0003
24.5879 0.0003 0.0003
24.6044 0.0003 0.0003
24.6209 0.0003 0.0003
24.6374 0.0003 0.0003
24.6538 0.0003 0.0003
24.6703 0.0003 0.0003
24.6868 0.0003 0.0003
24.7033 0.0003 0.0003
24.7198 0.0003 0.0003
24.7362 0.0003 0.0003
24.7527 0.0003 0.0002
24.7692 0.0002 0.0002
24.7857 0.0002 0.0002
24.8022 0.0002 0.0002
24.8186 0.0002 0.0002
24.8351 0.0002 0.0002
24.8516 0.0002 0.0002
24.8681 0.0002 0.0002
24.8846 0.0002 0.0002
24.9010 0.0002 0.0002
24.9175 0.0002 0.0002
24.9340 0.0002 0.0002
24.9505 0.0002 0.0002
24.9670 0.0002 0.0002
24.9834 0.0002 0.0002
24.9999 0.0002 0.0002
25.0164 0.0002 0.0002
25.0329 0.0002 0.0002
25.0494 0.0002 0.0002
25.0658 0.0002 0.0002
25.0823 0.0002 0.0002
25.0988 0.0002 0.0002
25.1153 0.0002 0.0002
25.1318 0.0002 0.0002
25.1482 0.0002 0.0002
25.1647 0.0002 0.0002
25.1812 0.0002 0.0002
25.1977 0.0002 0.0002
25.2142 0.0002 0.0002
25.2306 0.0002 0.0002
25.2471 0.0002 0.0002
25.2636 0.0002 0.0002
25.2801 0.0002 0.0002
25.2966 0.0002 0.0002
25.3130 0.0002 0.0002
25.3295 0.0001 0.0002
25.3460 0.0001 0.0002
25.3625 0.0001 0.0002
25.3790 0.0001 0.0002
25.3954 0.0001 0.0002
25.4119 0.0001 0.0002
25.4284 0.0001 0.0001
25.4449 0.0001 0.0001
25.4614 0.0001 0.0001
25.4778 0.0001 0.0001
25.4943 0.0001 0.0001
25.5108 0.0001 0.0001
25.5273 0.0001 0.0001
25.5438 0.0001 0.0001
25.5602 0.0001 0.0001
25.5767 0.0001 0.0001
25.5932 0.0001 0.0001
25.6097 0.0001 0.0001
25.6262 0.0001 0.0001
25.6426 0.0001 0.0001
25.6591 0.0001 0.0001
25.6756 0.0001 0.0001
25.6921 0.0001 0.0001
25.7086 0.0001 0.0001
25.7250 0.0001 0.0001
25.7415 0.0001 0.0001
25.7580 0.0001 0.0001
25.7745 0.0001 0.0001
25.7910 0.0001 0.0001
25.8074 0.0001 0.0001
25.8239 0.0001 0.0001
25.8404 0.0001 0.0001
25.8569 0.0001 0.0001
25.8734 0.0001 0.0001
25.8898 0.0001 0.0001
25.9063 0.0001 0.0001
25.9228 0.0001 0.0001
25.9393 0.0001 0.0001
25.9557 0.0001 0.0001
25.9722 0.0001 0.0001
25.9887 0.0001 0.0001
26.0052 0.0001 0.0001
26.0217 0.0001 0.0001
26.0381 0.0001 0.0001
26.0546 0.0001 0.0001
26.0711 0.0001 0.0001
26.0876 0.0001 0.0001
26.1041 0.0001 0.0001
26.1205 0.0001 0.0001
26.1370 0.0001 0.0001
26.1535 0.0001 0.0001
26.1700 0.0001 0.0001
26.1865 0.0001 0.0001
26.2029 0.0001 0.0001
26.2194 0.0001 0.0001
26.2359 0.0001 0.0001
26.2524 0.0001 0.0001
26.2689 0.0001 0.0001
26.2853 0.0001 0.0001
26.3018 0.0001 0.0001
26.3183 0.0001 0.0001
26.3348 0.0001 0.0001
26.3513 0.0001 0.0001
26.3677 0.0001 0.0001
26.3842 0.0001 0.0001
26.4007 0.0001 0.0001
26.4172 0.0001 0.0001
26.4337 0.0001 0.0001
26.4501 0.0001 0.0001
26.4666 0.0001 0.0001
26.4831 0.0001 0.0001
26.4996 0.0001 0.0001
26.5161 0.0001 0.0001
26.5325 0.0001 0.0001
26.5490 0.0001 0.0001
26.5655 0.0001 0.0001
26.5820 0.0001 0.0001
26.5985 0.0001 0.0001
26.6149 0.0001 0.0001
26.6314 0.0001 0.0001
26.6479 0.0001 0.0001
26.6644 0.0001 0.0001
26.6809 0.0001 0.0001
26.6973 0.0001 0.0001
26.7138 0.0001 0.0001
26.7303 0.0001 0.0001
26.7468 0.0001 0.0001
26.7633 0.0001 0.0001
26.7797 0.0000 0.0001
26.7962 0.0000 0.0001
26.8127 0.0000 0.0001
26.8292 0.0000 0.0001
26.8457 0.0000 0.0001
26.8621 0.0000 0.0001
26.8786 0.0000 0.0001
26.8951 0.0000 0.0001
26.9116 0.0000 0.0001
26.9281 0.0000 0.0001
26.9445 0.0000 0.0001
26.9610 0.0000 0.0000
26.9775 0.0000 0.0000
26.9940 0.0000 0.0000
27.0105 0.0000 0.0000
27.0269 0.0000 0.0000
27.0434 0.0000 0.0000
27.0599 0.0000 0.0000
27.0764 0.0000 0.0000
27.0929 0.0000 0.0000
27.1093 0.0000 0.0000
27.1258 0.0000 0.0000
27.1423 0.0000 0.0000
27.1588 0.0000 0.0000
27.1753 0.0000 0.0000
27.1917 0.0000 0.0000
27.2082 0.0000 0.0000
27.2247 0.0000 0.0000
27.2412 0.0000 0.0000
27.2577 0.0000 0.0000
27.2741 0.0000 0.0000
27.2906 0.0000 0.0000
27.3071 0.0000 0.0000
27.3236 0.0000 0.0000
27.3401 0.0000 0.0000
27.3565 0.0000 0.0000
27.3730 0.0000 0.0000
27.3895 0.0000 0.0000
27.4060 0.0000 0.0000
27.4225 0.0000 0.0000
27.4389 0.0000 0.0000
27.4554 0.0000 0.0000
27.4719 0.0000 0.0000
27.4884 0.0000 0.0000
27.5049 0.0000 0.0000
27.5213 0.0000 0.0000
27.5378 0.0000 0.0000
27.5543 0.0000 0.0000
27.5708 0.0000 0.0000
27.5873 0.0000 0.0000
27.6037 0.0000 0.0000
27.6202 0.0000 0.0000
27.6367 0.0000 0.0000
27.6532 0.0000 0.0000
27.6697 0.0000 0.0000
27.6861 0.0000 0.0000
27.7026 0.0000 0.0000
27.7191 0.0000 0.0000
27.7356 0.0000 0.0000
27.7521 0.0000 0.0000
27.7685 0.0000 0.0000
27.7850 0.0000 0.0000
27.8015 0.0000 0.0000
27.8180 0.0000 0.0000
27.8345 0.0000 0.0000
27.8509 0.0000 0.0000
27.8674 0.0000 0.0000
27.8839 0.0000 0.0000
27.9004 0.0000 0.0000
27.9169 0.0000 0.0000
27.9333 0.0000 0.0000
27.9498 0.0000 0.0000
27.9663 0.0000 0.0000
27.9828 0.0000 0.0000
27.9993 0.0000 0.0000
28.0157 0.0000 0.0000
28.0322 0.0000 0.0000
28.0487 0.0000 0.0000
28.0652 0.0000 0.0000
28.0816 0.0000 0.0000
28.0981 0.0000 0.0000
28.1146 0.0000 0.0000
28.1311 0.0000 0.0000
28.1476 0.0000 0.0000
28.1640 0.0000 0.0000
28.1805 0.0000 0.0000
28.1970 0.0000 0.0000
28.2135 0.0000 0.0000
28.2300 0.0000 0.0000
28.2464 0.0000 0.0000
28.2629 0.0000 0.0000
28.2794 0.0000 0.0000
28.2959 0.0000 0.0000
28.3124 0.0000 0.0000
28.3288 0.0000 0.0000
28.3453 0.0000 0.0000
28.3618 0.0000 0.0000
28.3783 0.0000 0.0000
28.3948 0.0000 0.0000
28.4112 0.0000 0.0000
28.4277 0.0000 0.0000
28.4442 0.0000 0.0000
28.4607 0.0000 0.0000
28.4772 0.0000 0.0000
28.4936 0.0000 0.0000
28.5101 0.0000 0.0000
28.5266 0.0000 0.0000
28.5431 0.0000 0.0000
28.5596 0.0000 0.0000
28.5760 0.0000 0.0000
28.5925 0.0000 0.0000
28.6090 0.0000 0.0000
28.6255 0.0000 0.0000
28.6420 0.0000 0.0000
28.6584 0.0000 0.0000
28.6749 0.0000 0.0000
28.6914 0.0000 0.0000
28.7079 0.0000 0.0000
28.7244 0.0000 0.0000
28.7408 0.0000 0.0000
28.7573 0.0000 0.0000
28.7738 0.0000 0.0000
28.7903 0.0000 0.0000
28.8068 0.0000 0.0000
28.8232 0.0000 0.0000
28.8397 0.0000 0.0000
28.8562 0.0000 0.0000
28.8727 0.0000 0.0000
28.8892 0.0000 0.0000
28.9056 0.0000 0.0000
28.9221 0.0000 0.0000
28.9386 0.0000 0.0000
28.9551 0.0000 0.0000
28.9716 0.0000 0.0000
28.9880 0.0000 0.0000
29.0045 0.0000 0.0000
29.0210 0.0000 0.0000
29.0375 0.0000 0.0000
29.0540 0.0000 0.0000
29.0704 0.0000 0.0000
29.0869 0.0000 0.0000
29.1034 0.0000 0.0000
29.1199 0.0000 0.0000
29.1364 0.0000 0.0000
29.1528 0.0000 0.0000
29.1693 0.0000 0.0000
29.1858 0.0000 0.0000
29.2023 0.0000 0.0000
29.2188 0.0000 0.0000
29.2352 0.0000 0.0000
29.2517 0.0000 0.0000
29.2682 0.0000 0.0000
29.2847 0.0000 0.0000
29.3012 0.0000 0.0000
29.3176 0.0000 0.0000
29.3341 0.0000 0.0000
29.3506 0.0000 0.0000
29.3671 0.0000 0.0000
29.3836 0.0000 0.0000
29.4000 0.0000 0.0000
29.4165 0.0000 0.0000
29.4330 0.0000 0.0000
29.4495 0.0000 0.0000
29.4660 0.0000 0.0000
29.4824 0.0000 0.0000
29.4989 0.0000 0.0000
29.5154 0.0000 0.0000
29.5319 0.0000 0.0000
29.5484 0.0000 0.0000
29.5648 0.0000 0.0000
29.5813 0.0000 0.0000
29.5978 0.0000 0.0000
29.6143 0.0000 0.0000
29.6308 0.0000 0.0000
29.6472 0.0000 0.0000
29.6637 0.0000 0.0000
29.6802 0.0000 0.0000
29.6967 0.0000 0.0000
29.7132 0.0000 0.0000
29.7296 0.0000 0.0000
29.7461 0.0000 0.0000
29.7626 0.0000 0.0000
29.7791 0.0000 0.0000
29.7956 0.0000 0.0000
29.8120 0.0000 0.0000
29.8285 0.0000 0.0000
29.8450 0.0000 0.0000
29.8615 0.0000 0.0000
29.8780 0.0000 0.0000
29.8944 0.0000 0.0000
29.9109 0.0000 0.0000
29.9274 0.0000 0.0000
29.9439 0.0000 0.0000
29.9604 0.0000 0.0000
29.9768 0.0000 0.0000
29.9933 0.0000 0.0000
30.0098 0.0000 0.0000
30.0263 0.0000 0.0000
30.0428 0.0000 0.0000
30.0592 0.0000 0.0000
30.0757 0.0000 0.0000
30.0922 0.0000 0.0000
30.1087 0.0000 0.0000
30.1251 0.0000 0.0000
30.1416 0.0000 0.0000
30.1581 0.0000 0.0000
30.1746 0.0000 0.0000
30.1911 0.0000 0.0000
30.2075 0.0000 0.0000
30.2240 0.0000 0.0000
30.2405 0.0000 0.0000
30.2570 0.0000 0.0000
30.2735 0.0000 0.0000
30.2899 0.0000 0.0000
30.3064 0.0000 0.0000
30.3229 0.0000 0.0000
30.3394 0.0000 0.0000
30.3559 0.0000 0.0000
30.3723 0.0000 0.0000
30.3888 0.0000 0.0000
30.4053 0.0000 0.0000
30.4218 0.0000 0.0000
30.4383 0.0000 0.0000
30.4547 0.0000 0.0000
30.4712 0.0000 0.0000
30.4877 0.0000 0.0000
30.5042 0.0000 0.0000
30.5207 0.0000 0.0000
30.5371 0.0000 0.0000
30.5536 0.0000 0.0000
30.5701 0.0000 0.0000
30.5866 0.0000 0.0000
30.6031 0.0000 0.0000
30.6195 0.0000 0.0000
30.6360 0.0000 0.0000
30.6525 0.0000 0.0000
30.6690 0.0000 0.0000
30.6855 0.0000 0.0000
30.7019 0.0000 0.0000
30.7184 0.0000 0.0000
30.7349 0.0000 0.0000
30.7514 0.0000 0.0000
30.7679 0.0000 0.0000
30.7843 0.0000 0.0000
30.8008 0.0000 0.0000
30.8173 0.0000 0.0000
30.8338 0.0000 0.0000
30.8503 0.0000 0.0000
30.8667 0.0000 0.0000
30.8832 0.0000 0.0000
30.8997 0.0000 0.0000
30.9162 0.0000 0.0000
30.9327 0.0000 0.0000
30.9491 0.0000 0.0000
30.9656 0.0000 0.0000
30.9821 0.0000 0.0000
30.9986 0.0000 0.0000
31.0151 0.0000 0.0000
31.0315 0.0000 0.0000
31.0480 0.0000 0.0000
31.0645 0.0000 0.0000
31.0810 0.0000 0.0000
31.0975 0.0000 0.0000
31.1139 0.0000 0.0000
31.1304 0.0000 0.0000
31.1469 0.0000 0.0000
31.1634 0.0000 0.0000
31.1799 0.0000 0.0000
31.1963 0.0000 0.0000
31.2128 0.0000 0.0000
31.2293 0.0000 0.0000
31.2458 0.0000 0.0000
31.2623 0.0000 0.0000
31.2787 0.0000 0.0000
31.2952 0.0000 0.0000
31.3117 0.0000 0.0000
31.3282 0.0000 0.0000
31.3447 0.0000 0.0000
31.3611 0.0000 0.0000
31.3776 0.0000 0.0000
31.3941 0.0000 0.0000
31.4106 0.0000 0.0000
31.4271 0.0000 0.0000
31.4435 0.0000 0.0000
31.4600 0.0000 0.0000
31.4765 0.0000 0.0000
31.4930 0.0000 0.0000
31.5095 0.0000 0.0000
31.5259 0.0000 0.0000
31.5424 0.0000 0.0000
31.5589 0.0000 0.0000
31.5754 0.0000 0.0000
31.5919 0.0000 0.0000
31.6083 0.0000 0.0000
31.6248 0.0000 0.0000
31.6413 0.0000 0.0000
31.6578 0.0000 0.0000
31.6743 0.0000 0.0000
31.6907 0.0000 0.0000
31.7072 0.0000 0.0000
31.7237 0.0000 0.0000
31.7402 0.0000 0.0000
31.7567 0.0000 0.0000
31.7731 0.0000 0.0000
31.7896 0.0000 0.0000
31.8061 0.0000 0.0000
31.8226 0.0000 0.0000
31.8391 0.0000 0.0000
31.8555 0.0000 0.0000
31.8720 0.0000 0.0000
31.8885 0.0000 0.0000
31.9050 0.0000 0.0000
31.9215 0.0000 0.0000
31.9379 0.0000 0.0000
31.9544 0.0000 0.0000
31.9709 0.0000 0.0000
31.9874 0.0000 0.0000
32.0039 0.0000 0.0000
32.0203 0.0000 0.0000
32.0368 0.0000 0.0000
32.0533 0.0000 0.0000
32.0698 0.0000 0.0000
32.0863 0.0000 0.0000
32.1027 0.0000 0.0000
32.1192 0.0000 0.0000
32.1357 0.0000 0.0000
32.1522 0.0000 0.0000
32.1687 0.0000 0.0000
32.1851 0.0000 0.0000
32.2016 0.0000 0.0000
32.2181 0.0000 0.0000
32.2346 0.0000 0.0000
32.2510 0.0000 0.0000
32.2675 0.0000 0.0000
32.2840 0.0000 0.0000
32.3005 0.0000 0.0000
32.3170 0.0000 0.0000
32.3334 0.0000 0.0000
32.3499 0.0000 0.0000
32.3664 0.0000 0.0000
32.3829 0.0000 0.0000
32.3994 0.0000 0.0000
32.4158 0.0000 0.0000
32.4323 0.0000 0.0000
32.4488 0.0000 0.0000
32.4653 0.0000 0.0000
32.4818 0.0000 0.0000
32.4982 0.0000 0.0000
32.5147 0.0000 0.0000
32.5312 0.0000 0.0000
32.5477 0.0000 0.0000
32.5642 0.0000 0.0000
32.5806 0.0000 0.0000
32.5971 0.0000 0.0000
32.6136 0.0000 0.0000
32.6301 0.0000 0.0000
32.6466 0.0000 0.0000
32.6630 0.0000 0.0000
32.6795 0.0000 0.0000
32.6960 0.0000 0.0000
32.7125 0.0000 0.0000
32.7290 0.0000 0.0000
32.7454 0.0000 0.0000
32.7619 0.0000 0.0000
32.7784 0.0000 0.0000
32.7949 0.0000 0.0000
32.8114 0.0000 0.0000
32.8278 0.0000 0.0000
32.8443 0.0000 0.0000
32.8608 0.0000 0.0000
32.8773 0.0000 0.0000
32.8938 0.0000 0.0000
32.9102 0.0000 0.0000
32.9267 0.0000 0.0000
32.9432 0.0000 0.0000
