0.0000 0.0000 0.0000
0.0206 1.8233 2.2590
0.0411 3.6044 4.4867
0.0617 5.3039 6.6529
0.0823 6.8874 8.7289
0.1029 8.3276 10.6887
0.1234 9.6054 12.5095
0.1440 10.7105 14.1723
0.1646 11.6411 15.6622
0.1851 12.4027 16.9688
0.2057 13.0069 18.0864
0.2263 13.4698 19.0133
0.2468 13.8095 19.7524
0.2674 14.0452 20.3099
0.2880 14.1950 20.6954
0.3086 14.2756 20.9209
0.3291 14.3008 21.0005
0.3497 14.2818 20.9494
0.3703 14.2267 20.7835
0.3908 14.1415 20.5191
0.4114 14.0299 20.1717
0.4320 13.8945 19.7563
0.4525 13.7367 19.2868
0.4731 13.5575 18.7757
0.4937 13.3578 18.2342
0.5143 13.1389 17.6719
0.5348 12.9020 17.0972
0.5554 12.6487 16.5168
0.5760 12.3811 15.9366
0.5965 12.1013 15.3614
0.6171 11.8114 14.7954
0.6377 11.5137 14.2422
0.6582 11.2104 13.7052
0.6788 10.9039 13.1877
0.6994 10.5965 12.6930
0.7200 10.2906 12.2243
0.7405 9.9886 11.7848
0.7611 9.6932 11.3773
0.7817 9.4075 11.0046
0.8022 9.1343 10.6685
0.8228 8.8769 10.3702
0.8434 8.6385 10.1101
0.8639 8.4222 9.8874
0.8845 8.2308 9.7002
0.9051 8.0667 9.5458
0.9257 7.9314 9.4202
0.9462 7.8259 9.3189
0.9668 7.7500 9.2366
0.9874 7.7026 9.1679
1.0079 7.6813 9.1073
1.0285 7.6829 9.0493
1.0491 7.7032 8.9892
1.0696 7.7372 8.9228
1.0902 7.7793 8.8467
1.1108 7.8241 8.7587
1.1314 7.8658 8.6573
1.1519 7.8993 8.5422
1.1725 7.9199 8.4140
1.1931 7.9240 8.2742
1.2136 7.9088 8.1246
1.2342 7.8726 7.9678
1.2548 7.8148 7.8067
1.2753 7.7357 7.6440
1.2959 7.6366 7.4826
1.3165 7.5196 7.3248
1.3371 7.3872 7.1730
1.3576 7.2424 7.0286
1.3782 7.0885 6.8929
1.3988 6.9288 6.7666
1.4193 6.7667 6.6496
1.4399 6.6054 6.5418
1.4605 6.4479 6.4424
1.4810 6.2971 6.3504
1.5016 6.1553 6.2649
1.5222 6.0248 6.1846
1.5428 5.9072 6.1084
1.5633 5.8038 6.0354
1.5839 5.7152 5.9645
1.6045 5.6419 5.8954
1.6250 5.5835 5.8275
1.6456 5.5392 5.7609
1.6662 5.5080 5.6956
1.6867 5.4882 5.6319
1.7073 5.4780 5.5704
1.7279 5.4754 5.5116
1.7485 5.4781 5.4564
1.7690 5.4842 5.4054
1.7896 5.4913 5.3594
1.8102 5.4977 5.3190
1.8307 5.5016 5.2848
1.8513 5.5013 5.2574
1.8719 5.4958 5.2371
1.8924 5.4841 5.2239
1.9130 5.4654 5.2178
1.9336 5.4395 5.2186
1.9542 5.4061 5.2255
1.9747 5.3656 5.2380
1.9953 5.3182 5.2548
2.0159 5.2646 5.2748
2.0364 5.2057 5.2965
2.0570 5.1426 5.3182
2.0776 5.0763 5.3383
2.0981 5.0081 5.3552
2.1187 4.9392 5.3671
2.1393 4.8708 5.3725
2.1599 4.8040 5.3702
2.1804 4.7397 5.3593
2.2010 4.6787 5.3392
2.2216 4.6216 5.3097
2.2421 4.5688 5.2709
2.2627 4.5204 5.2236
2.2833 4.4764 5.1687
2.3038 4.4367 5.1075
2.3244 4.4008 5.0414
2.3450 4.3682 4.9721
2.3656 4.3386 4.9012
2.3861 4.3112 4.8303
2.4067 4.2854 4.7608
2.4273 4.2607 4.6940
2.4478 4.2364 4.6307
2.4684 4.2119 4.5716
2.4890 4.1868 4.5173
2.5096 4.1606 4.4677
2.5301 4.1330 4.4229
2.5507 4.1035 4.3825
2.5713 4.0720 4.3462
2.5918 4.0384 4.3134
2.6124 4.0026 4.2838
2.6330 3.9647 4.2567
2.6535 3.9249 4.2316
2.6741 3.8835 4.2082
2.6947 3.8409 4.1860
2.7153 3.7976 4.1647
2.7358 3.7541 4.1438
2.7564 3.7110 4.1231
2.7770 3.6689 4.1023
2.7975 3.6284 4.0810
2.8181 3.5899 4.0590
2.8387 3.5537 4.0360
2.8592 3.5202 4.0117
2.8798 3.4894 3.9860
2.9004 3.4614 3.9589
2.9210 3.4358 3.9303
2.9415 3.4126 3.9004
2.9621 3.3914 3.8694
2.9827 3.3719 3.8378
3.0032 3.3538 3.8061
3.0238 3.3367 3.7749
3.0444 3.3204 3.7449
3.0649 3.3048 3.7171
3.0855 3.2898 3.6921
3.1061 3.2754 3.6708
3.1267 3.2619 3.6536
3.1472 3.2495 3.6412
3.1678 3.2383 3.6338
3.1884 3.2289 3.6313
3.2089 3.2216 3.6334
3.2295 3.2167 3.6395
3.2501 3.2147 3.6486
3.2706 3.2158 3.6597
3.2912 3.2203 3.6714
3.3118 3.2283 3.6823
3.3324 3.2397 3.6910
3.3529 3.2545 3.6961
3.3735 3.2724 3.6967
3.3941 3.2930 3.6917
3.4146 3.3155 3.6809
3.4352 3.3393 3.6638
3.4558 3.3634 3.6409
3.4763 3.3870 3.6124
3.4969 3.4090 3.5792
3.5175 3.4283 3.5421
3.5381 3.4442 3.5021
3.5586 3.4557 3.4602
3.5792 3.4622 3.4175
3.5998 3.4632 3.3748
3.6203 3.4585 3.3329
3.6409 3.4482 3.2924
3.6615 3.4323 3.2539
3.6820 3.4114 3.2177
3.7026 3.3858 3.1840
3.7232 3.3563 3.1528
3.7438 3.3233 3.1241
3.7643 3.2875 3.0976
3.7849 3.2495 3.0730
3.8055 3.2095 3.0501
3.8260 3.1679 3.0284
3.8466 3.1250 3.0075
3.8672 3.0808 2.9871
3.8877 3.0355 2.9667
3.9083 2.9892 2.9462
3.9289 2.9419 2.9252
3.9495 2.8939 2.9038
3.9700 2.8453 2.8821
3.9906 2.7965 2.8600
4.0112 2.7480 2.8379
4.0317 2.7002 2.8161
4.0523 2.6536 2.7949
4.0729 2.6088 2.7747
4.0934 2.5663 2.7559
4.1140 2.5266 2.7388
4.1346 2.4900 2.7235
4.1552 2.4567 2.7103
4.1757 2.4268 2.6990
4.1963 2.4002 2.6896
4.2169 2.3768 2.6817
4.2374 2.3563 2.6749
4.2580 2.3381 2.6687
4.2786 2.3218 2.6625
4.2991 2.3069 2.6559
4.3197 2.2928 2.6481
4.3403 2.2790 2.6387
4.3609 2.2652 2.6272
4.3814 2.2509 2.6133
4.4020 2.2360 2.5969
4.4226 2.2202 2.5779
4.4431 2.2037 2.5562
4.4637 2.1863 2.5323
4.4843 2.1683 2.5062
4.5048 2.1497 2.4785
4.5254 2.1308 2.4494
4.5460 2.1116 2.4194
4.5666 2.0924 2.3888
4.5871 2.0732 2.3582
4.6077 2.0542 2.3277
4.6283 2.0355 2.2977
4.6488 2.0170 2.2683
4.6694 1.9989 2.2398
4.6900 1.9811 2.2122
4.7105 1.9637 2.1855
4.7311 1.9466 2.1598
4.7517 1.9299 2.1349
4.7723 1.9135 2.1107
4.7928 1.8974 2.0870
4.8134 1.8817 2.0638
4.8340 1.8665 2.0407
4.8545 1.8516 2.0178
4.8751 1.8371 1.9948
4.8957 1.8231 1.9718
4.9163 1.8096 1.9489
4.9368 1.7966 1.9260
4.9574 1.7841 1.9034
4.9780 1.7721 1.8815
4.9985 1.7607 1.8605
5.0191 1.7498 1.8407
5.0397 1.7393 1.8224
5.0602 1.7294 1.8058
5.0808 1.7199 1.7910
5.1014 1.7109 1.7781
5.1220 1.7022 1.7668
5.1425 1.6940 1.7569
5.1631 1.6861 1.7481
5.1837 1.6785 1.7397
5.2042 1.6713 1.7313
5.2248 1.6644 1.7222
5.2454 1.6579 1.7120
5.2659 1.6517 1.7001
5.2865 1.6458 1.6861
5.3071 1.6403 1.6699
5.3277 1.6352 1.6512
5.3482 1.6302 1.6303
5.3688 1.6255 1.6072
5.3894 1.6208 1.5823
5.4099 1.6159 1.5559
5.4305 1.6105 1.5286
5.4511 1.6045 1.5008
5.4716 1.5975 1.4730
5.4922 1.5892 1.4458
5.5128 1.5793 1.4194
5.5334 1.5676 1.3943
5.5539 1.5539 1.3708
5.5745 1.5380 1.3490
5.5951 1.5200 1.3290
5.6156 1.4999 1.3110
5.6362 1.4780 1.2947
5.6568 1.4545 1.2802
5.6773 1.4297 1.2673
5.6979 1.4041 1.2557
5.7185 1.3780 1.2453
5.7391 1.3519 1.2357
5.7596 1.3262 1.2268
5.7802 1.3011 1.2182
5.8008 1.2771 1.2099
5.8213 1.2542 1.2017
5.8419 1.2327 1.1934
5.8625 1.2125 1.1851
5.8830 1.1938 1.1767
5.9036 1.1764 1.1683
5.9242 1.1604 1.1600
5.9448 1.1454 1.1519
5.9653 1.1316 1.1444
5.9859 1.1186 1.1374
6.0065 1.1063 1.1314
6.0270 1.0947 1.1264
6.0476 1.0836 1.1226
6.0682 1.0730 1.1202
6.0887 1.0627 1.1193
6.1093 1.0528 1.1199
6.1299 1.0433 1.1220
6.1505 1.0342 1.1255
6.1710 1.0256 1.1301
6.1916 1.0175 1.1357
6.2122 1.0101 1.1419
6.2327 1.0035 1.1483
6.2533 0.9978 1.1546
6.2739 0.9932 1.1603
6.2944 0.9898 1.1650
6.3150 0.9879 1.1684
6.3356 0.9875 1.1701
6.3562 0.9888 1.1698
6.3767 0.9920 1.1675
6.3973 0.9971 1.1629
6.4179 1.0041 1.1561
6.4384 1.0131 1.1472
6.4590 1.0239 1.1363
6.4796 1.0364 1.1236
6.5001 1.0503 1.1095
6.5207 1.0653 1.0943
6.5413 1.0809 1.0783
6.5619 1.0966 1.0618
6.5824 1.1119 1.0452
6.6030 1.1261 1.0288
6.6236 1.1386 1.0127
6.6441 1.1487 0.9974
6.6647 1.1561 0.9829
6.6853 1.1602 0.9694
6.7058 1.1607 0.9571
6.7264 1.1574 0.9460
6.7470 1.1505 0.9362
6.7676 1.1399 0.9277
6.7881 1.1261 0.9205
6.8087 1.1094 0.9146
6.8293 1.0903 0.9098
6.8498 1.0694 0.9061
6.8704 1.0474 0.9033
6.8910 1.0248 0.9014
6.9115 1.0021 0.9001
6.9321 0.9799 0.8992
6.9527 0.9585 0.8986
6.9733 0.9382 0.8980
6.9938 0.9194 0.8974
7.0144 0.9020 0.8964
7.0350 0.8861 0.8951
7.0555 0.8717 0.8933
7.0761 0.8587 0.8909
7.0967 0.8469 0.8879
7.1173 0.8362 0.8844
7.1378 0.8263 0.8803
7.1584 0.8171 0.8758
7.1790 0.8084 0.8710
7.1995 0.7998 0.8658
7.2201 0.7914 0.8605
7.2407 0.7830 0.8551
7.2612 0.7744 0.8497
7.2818 0.7657 0.8444
7.3024 0.7568 0.8393
7.3230 0.7478 0.8344
7.3435 0.7387 0.8297
7.3641 0.7296 0.8252
7.3847 0.7206 0.8210
7.4052 0.7119 0.8169
7.4258 0.7035 0.8130
7.4464 0.6956 0.8093
7.4669 0.6884 0.8057
7.4875 0.6818 0.8023
7.5081 0.6761 0.7991
7.5287 0.6712 0.7961
7.5492 0.6672 0.7933
7.5698 0.6641 0.7908
7.5904 0.6619 0.7886
7.6109 0.6606 0.7867
7.6315 0.6602 0.7853
7.6521 0.6605 0.7843
7.6726 0.6616 0.7837
7.6932 0.6633 0.7834
7.7138 0.6656 0.7835
7.7344 0.6683 0.7838
7.7549 0.6713 0.7843
7.7755 0.6746 0.7848
7.7961 0.6781 0.7851
7.8166 0.6817 0.7852
7.8372 0.6853 0.7849
7.8578 0.6891 0.7841
7.8783 0.6928 0.7827
7.8989 0.6966 0.7806
7.9195 0.7004 0.7778
7.9401 0.7043 0.7742
7.9606 0.7083 0.7700
7.9812 0.7125 0.7652
8.0018 0.7168 0.7599
8.0223 0.7213 0.7543
8.0429 0.7260 0.7484
8.0635 0.7308 0.7425
8.0840 0.7357 0.7368
8.1046 0.7407 0.7314
8.1252 0.7457 0.7266
8.1458 0.7507 0.7225
8.1663 0.7554 0.7192
8.1869 0.7600 0.7170
8.2075 0.7642 0.7159
8.2280 0.7680 0.7160
8.2486 0.7714 0.7173
8.2692 0.7743 0.7198
8.2897 0.7768 0.7234
8.3103 0.7787 0.7281
8.3309 0.7801 0.7338
8.3515 0.7811 0.7402
8.3720 0.7817 0.7472
8.3926 0.7820 0.7546
8.4132 0.7819 0.7622
8.4337 0.7817 0.7698
8.4543 0.7813 0.7773
8.4749 0.7808 0.7844
8.4954 0.7803 0.7911
8.5160 0.7797 0.7972
8.5366 0.7792 0.8026
8.5572 0.7786 0.8074
8.5777 0.7779 0.8114
8.5983 0.7771 0.8148
8.6189 0.7762 0.8175
8.6394 0.7750 0.8197
8.6600 0.7735 0.8213
8.6806 0.7716 0.8225
8.7011 0.7694 0.8234
8.7217 0.7666 0.8239
8.7423 0.7634 0.8242
8.7629 0.7597 0.8243
8.7834 0.7555 0.8241
8.8040 0.7507 0.8237
8.8246 0.7456 0.8230
8.8451 0.7399 0.8219
8.8657 0.7339 0.8204
8.8863 0.7276 0.8183
8.9068 0.7209 0.8157
8.9274 0.7139 0.8125
8.9480 0.7068 0.8087
8.9686 0.6994 0.8043
8.9891 0.6920 0.7992
9.0097 0.6845 0.7936
9.0303 0.6769 0.7875
9.0508 0.6695 0.7809
9.0714 0.6622 0.7740
9.0920 0.6551 0.7669
9.1125 0.6482 0.7596
9.1331 0.6416 0.7523
9.1537 0.6354 0.7449
9.1743 0.6296 0.7376
9.1948 0.6241 0.7305
9.2154 0.6192 0.7237
9.2360 0.6146 0.7171
9.2565 0.6105 0.7108
9.2771 0.6069 0.7050
9.2977 0.6037 0.6996
9.3182 0.6010 0.6946
9.3388 0.5987 0.6902
9.3594 0.5968 0.6864
9.3800 0.5953 0.6831
9.4005 0.5943 0.6803
9.4211 0.5936 0.6781
9.4417 0.5934 0.6763
9.4622 0.5935 0.6749
9.4828 0.5939 0.6737
9.5034 0.5947 0.6727
9.5240 0.5957 0.6717
9.5445 0.5970 0.6706
9.5651 0.5985 0.6693
9.5857 0.6001 0.6677
9.6062 0.6019 0.6657
9.6268 0.6038 0.6632
9.6474 0.6056 0.6602
9.6679 0.6074 0.6568
9.6885 0.6092 0.6530
9.7091 0.6107 0.6488
9.7297 0.6120 0.6442
9.7502 0.6131 0.6395
9.7708 0.6138 0.6347
9.7914 0.6141 0.6298
9.8119 0.6139 0.6249
9.8325 0.6133 0.6202
9.8531 0.6123 0.6155
9.8736 0.6108 0.6109
9.8942 0.6090 0.6065
9.9148 0.6068 0.6022
9.9354 0.6043 0.5980
9.9559 0.6017 0.5939
9.9765 0.5990 0.5899
9.9971 0.5963 0.5859
10.0176 0.5938 0.5820
10.0382 0.5914 0.5781
10.0588 0.5892 0.5743
10.0793 0.5874 0.5706
10.0999 0.5859 0.5670
10.1205 0.5848 0.5635
10.1411 0.5840 0.5602
10.1616 0.5835 0.5571
10.1822 0.5833 0.5542
10.2028 0.5834 0.5515
10.2233 0.5838 0.5491
10.2439 0.5843 0.5469
10.2645 0.5851 0.5450
10.2850 0.5859 0.5434
10.3056 0.5868 0.5420
10.3262 0.5877 0.5409
10.3468 0.5887 0.5400
10.3673 0.5898 0.5392
10.3879 0.5908 0.5387
10.4085 0.5919 0.5383
10.4290 0.5930 0.5380
10.4496 0.5941 0.5379
10.4702 0.5954 0.5378
10.4907 0.5966 0.5378
10.5113 0.5980 0.5379
10.5319 0.5995 0.5380
10.5525 0.6011 0.5382
10.5730 0.6028 0.5386
10.5936 0.6046 0.5391
10.6142 0.6066 0.5397
10.6347 0.6086 0.5406
10.6553 0.6108 0.5418
10.6759 0.6131 0.5431
10.6964 0.6155 0.5448
10.7170 0.6179 0.5468
10.7376 0.6205 0.5491
10.7582 0.6231 0.5517
10.7787 0.6258 0.5545
10.7993 0.6286 0.5577
10.8199 0.6315 0.5610
10.8404 0.6345 0.5645
10.8610 0.6376 0.5682
10.8816 0.6408 0.5719
10.9021 0.6442 0.5758
10.9227 0.6477 0.5798
10.9433 0.6514 0.5838
10.9639 0.6552 0.5878
10.9844 0.6592 0.5919
11.0050 0.6633 0.5961
11.0256 0.6676 0.6003
11.0461 0.6719 0.6045
11.0667 0.6763 0.6088
11.0873 0.6808 0.6131
11.1078 0.6853 0.6174
11.1284 0.6897 0.6217
11.1490 0.6940 0.6260
11.1696 0.6982 0.6301
11.1901 0.7021 0.6340
11.2107 0.7058 0.6377
11.2313 0.7092 0.6411
11.2518 0.7121 0.6441
11.2724 0.7147 0.6467
11.2930 0.7167 0.6490
11.3135 0.7183 0.6508
11.3341 0.7194 0.6521
11.3547 0.7201 0.6531
11.3753 0.7203 0.6537
11.3958 0.7203 0.6539
11.4164 0.7200 0.6540
11.4370 0.7196 0.6538
11.4575 0.7192 0.6535
11.4781 0.7189 0.6533
11.4987 0.7189 0.6530
11.5192 0.7193 0.6528
11.5398 0.7202 0.6528
11.5604 0.7217 0.6530
11.5810 0.7238 0.6533
11.6015 0.7267 0.6538
11.6221 0.7304 0.6545
11.6427 0.7348 0.6553
11.6632 0.7399 0.6563
11.6838 0.7457 0.6574
11.7044 0.7521 0.6585
11.7249 0.7590 0.6596
11.7455 0.7663 0.6608
11.7661 0.7740 0.6620
11.7867 0.7818 0.6632
11.8072 0.7898 0.6644
11.8278 0.7978 0.6656
11.8484 0.8058 0.6669
11.8689 0.8136 0.6683
11.8895 0.8211 0.6698
11.9101 0.8285 0.6714
11.9307 0.8356 0.6732
11.9512 0.8424 0.6751
11.9718 0.8489 0.6772
11.9924 0.8552 0.6795
12.0129 0.8612 0.6820
12.0335 0.8670 0.6845
12.0541 0.8727 0.6872
12.0746 0.8782 0.6899
12.0952 0.8835 0.6926
12.1158 0.8888 0.6952
12.1364 0.8940 0.6978
12.1569 0.8992 0.7003
12.1775 0.9043 0.7026
12.1981 0.9094 0.7047
12.2186 0.9146 0.7067
12.2392 0.9198 0.7085
12.2598 0.9252 0.7102
12.2803 0.9306 0.7118
12.3009 0.9363 0.7132
12.3215 0.9421 0.7147
12.3421 0.9482 0.7162
12.3626 0.9546 0.7179
12.3832 0.9612 0.7197
12.4038 0.9681 0.7218
12.4243 0.9753 0.7242
12.4449 0.9827 0.7271
12.4655 0.9904 0.7304
12.4860 0.9982 0.7343
12.5066 1.0062 0.7387
12.5272 1.0142 0.7437
12.5478 1.0224 0.7494
12.5683 1.0305 0.7556
12.5889 1.0386 0.7624
12.6095 1.0467 0.7698
12.6300 1.0546 0.7777
12.6506 1.0623 0.7860
12.6712 1.0699 0.7948
12.6917 1.0772 0.8038
12.7123 1.0842 0.8132
12.7329 1.0909 0.8227
12.7535 1.0972 0.8325
12.7740 1.1032 0.8423
12.7946 1.1087 0.8523
12.8152 1.1138 0.8623
12.8357 1.1184 0.8723
12.8563 1.1225 0.8824
12.8769 1.1262 0.8925
12.8974 1.1295 0.9027
12.9180 1.1323 0.9129
12.9386 1.1347 0.9232
12.9592 1.1368 0.9336
12.9797 1.1386 0.9439
13.0003 1.1401 0.9544
13.0209 1.1415 0.9648
13.0414 1.1429 0.9753
13.0620 1.1442 0.9857
13.0826 1.1456 0.9960
13.1031 1.1472 1.0061
13.1237 1.1490 1.0161
13.1443 1.1511 1.0257
13.1649 1.1536 1.0351
13.1854 1.1566 1.0440
13.2060 1.1600 1.0525
13.2266 1.1640 1.0605
13.2471 1.1684 1.0680
13.2677 1.1734 1.0749
13.2883 1.1788 1.0813
13.3088 1.1847 1.0872
13.3294 1.1910 1.0925
13.3500 1.1975 1.0974
13.3706 1.2043 1.1019
13.3911 1.2111 1.1059
13.4117 1.2181 1.1097
13.4323 1.2249 1.1132
13.4528 1.2316 1.1164
13.4734 1.2380 1.1195
13.4940 1.2440 1.1225
13.5145 1.2495 1.1253
13.5351 1.2544 1.1281
13.5557 1.2587 1.1307
13.5763 1.2623 1.1332
13.5968 1.2651 1.1355
13.6174 1.2670 1.1377
13.6380 1.2681 1.1398
13.6585 1.2682 1.1416
13.6791 1.2675 1.1432
13.6997 1.2659 1.1445
13.7202 1.2634 1.1455
13.7408 1.2601 1.1462
13.7614 1.2560 1.1465
13.7820 1.2512 1.1465
13.8025 1.2459 1.1462
13.8231 1.2400 1.1454
13.8437 1.2336 1.1441
13.8642 1.2269 1.1425
13.8848 1.2199 1.1404
13.9054 1.2127 1.1379
13.9259 1.2053 1.1349
13.9465 1.1979 1.1316
13.9671 1.1905 1.1279
13.9877 1.1832 1.1239
14.0082 1.1760 1.1196
14.0288 1.1689 1.1152
14.0494 1.1620 1.1106
14.0699 1.1554 1.1061
14.0905 1.1489 1.1015
14.1111 1.1428 1.0970
14.1316 1.1369 1.0926
14.1522 1.1314 1.0883
14.1728 1.1262 1.0841
14.1934 1.1213 1.0801
14.2139 1.1167 1.0761
14.2345 1.1123 1.0721
14.2551 1.1083 1.0682
14.2756 1.1044 1.0642
14.2962 1.1006 1.0602
14.3168 1.0969 1.0560
14.3374 1.0932 1.0518
14.3579 1.0895 1.0474
14.3785 1.0856 1.0428
14.3991 1.0815 1.0382
14.4196 1.0772 1.0335
14.4402 1.0727 1.0287
14.4608 1.0680 1.0239
14.4813 1.0632 1.0191
14.5019 1.0582 1.0144
14.5225 1.0531 1.0098
14.5431 1.0481 1.0053
14.5636 1.0432 1.0009
14.5842 1.0384 0.9966
14.6048 1.0339 0.9925
14.6253 1.0297 0.9885
14.6459 1.0259 0.9845
14.6665 1.0224 0.9806
14.6870 1.0193 0.9768
14.7076 1.0166 0.9729
14.7282 1.0142 0.9689
14.7488 1.0120 0.9648
14.7693 1.0102 0.9606
14.7899 1.0085 0.9561
14.8105 1.0069 0.9515
14.8310 1.0053 0.9467
14.8516 1.0037 0.9416
14.8722 1.0020 0.9363
14.8927 1.0002 0.9309
14.9133 0.9982 0.9253
14.9339 0.9959 0.9197
14.9545 0.9933 0.9140
14.9750 0.9904 0.9084
14.9956 0.9872 0.9029
15.0162 0.9837 0.8976
15.0367 0.9798 0.8924
15.0573 0.9756 0.8876
15.0779 0.9711 0.8830
15.0984 0.9662 0.8787
15.1190 0.9611 0.8748
15.1396 0.9558 0.8712
15.1602 0.9502 0.8678
15.1807 0.9444 0.8647
15.2013 0.9385 0.8618
15.2219 0.9325 0.8591
15.2424 0.9265 0.8565
15.2630 0.9204 0.8539
15.2836 0.9143 0.8514
15.3041 0.9084 0.8489
15.3247 0.9025 0.8463
15.3453 0.8968 0.8436
15.3659 0.8913 0.8409
15.3864 0.8859 0.8381
15.4070 0.8807 0.8353
15.4276 0.8758 0.8323
15.4481 0.8711 0.8294
15.4687 0.8667 0.8265
15.4893 0.8624 0.8235
15.5098 0.8584 0.8207
15.5304 0.8546 0.8178
15.5510 0.8509 0.8151
15.5716 0.8475 0.8124
15.5921 0.8442 0.8099
15.6127 0.8410 0.8074
15.6333 0.8380 0.8050
15.6538 0.8350 0.8027
15.6744 0.8320 0.8004
15.6950 0.8291 0.7981
15.7155 0.8262 0.7957
15.7361 0.8233 0.7934
15.7567 0.8203 0.7909
15.7773 0.8172 0.7883
15.7978 0.8140 0.7855
15.8184 0.8107 0.7825
15.8390 0.8072 0.7792
15.8595 0.8036 0.7756
15.8801 0.7998 0.7717
15.9007 0.7958 0.7674
15.9212 0.7916 0.7628
15.9418 0.7872 0.7577
15.9624 0.7827 0.7524
15.9830 0.7780 0.7466
16.0035 0.7732 0.7405
16.0241 0.7682 0.7342
16.0447 0.7632 0.7276
16.0652 0.7581 0.7208
16.0858 0.7530 0.7139
16.1064 0.7478 0.7069
16.1269 0.7426 0.6999
16.1475 0.7374 0.6929
16.1681 0.7322 0.6859
16.1887 0.7270 0.6791
16.2092 0.7218 0.6724
16.2298 0.7166 0.6658
16.2504 0.7115 0.6593
16.2709 0.7063 0.6530
16.2915 0.7012 0.6469
16.3121 0.6961 0.6409
16.3326 0.6910 0.6350
16.3532 0.6858 0.6292
16.3738 0.6807 0.6236
16.3944 0.6756 0.6179
16.4149 0.6705 0.6124
16.4355 0.6655 0.6069
16.4561 0.6604 0.6014
16.4766 0.6553 0.5960
16.4972 0.6503 0.5905
16.5178 0.6452 0.5851
16.5384 0.6402 0.5798
16.5589 0.6352 0.5745
16.5795 0.6302 0.5692
16.6001 0.6252 0.5640
16.6206 0.6202 0.5589
16.6412 0.6152 0.5538
16.6618 0.6101 0.5488
16.6823 0.6050 0.5438
16.7029 0.5999 0.5389
16.7235 0.5947 0.5341
16.7441 0.5894 0.5293
16.7646 0.5840 0.5245
16.7852 0.5786 0.5198
16.8058 0.5731 0.5151
16.8263 0.5674 0.5103
16.8469 0.5617 0.5056
16.8675 0.5560 0.5009
16.8880 0.5501 0.4962
16.9086 0.5443 0.4915
16.9292 0.5384 0.4869
16.9498 0.5325 0.4823
16.9703 0.5266 0.4777
16.9909 0.5207 0.4733
17.0115 0.5149 0.4690
17.0320 0.5092 0.4648
17.0526 0.5035 0.4607
17.0732 0.4980 0.4568
17.0937 0.4925 0.4531
17.1143 0.4871 0.4496
17.1349 0.4818 0.4462
17.1555 0.4766 0.4429
17.1760 0.4715 0.4398
17.1966 0.4665 0.4368
17.2172 0.4617 0.4338
17.2377 0.4569 0.4309
17.2583 0.4523 0.4280
17.2789 0.4478 0.4250
17.2994 0.4435 0.4221
17.3200 0.4392 0.4191
17.3406 0.4351 0.4161
17.3612 0.4311 0.4130
17.3817 0.4272 0.4099
17.4023 0.4234 0.4067
17.4229 0.4197 0.4036
17.4434 0.4161 0.4004
17.4640 0.4126 0.3972
17.4846 0.4090 0.3941
17.5051 0.4056 0.3909
17.5257 0.4021 0.3879
17.5463 0.3987 0.3848
17.5669 0.3953 0.3817
17.5874 0.3919 0.3787
17.6080 0.3885 0.3757
17.6286 0.3851 0.3726
17.6491 0.3817 0.3696
17.6697 0.3783 0.3665
17.6903 0.3749 0.3634
17.7108 0.3715 0.3603
17.7314 0.3682 0.3572
17.7520 0.3648 0.3541
17.7726 0.3614 0.3510
17.7931 0.3580 0.3479
17.8137 0.3547 0.3448
17.8343 0.3514 0.3418
17.8548 0.3481 0.3388
17.8754 0.3448 0.3359
17.8960 0.3416 0.3332
17.9165 0.3384 0.3306
17.9371 0.3353 0.3280
17.9577 0.3323 0.3256
17.9783 0.3293 0.3233
17.9988 0.3264 0.3212
18.0194 0.3236 0.3191
18.0400 0.3209 0.3171
18.0605 0.3182 0.3151
18.0811 0.3156 0.3132
18.1017 0.3131 0.3113
18.1222 0.3107 0.3094
18.1428 0.3083 0.3075
18.1634 0.3059 0.3055
18.1840 0.3035 0.3035
18.2045 0.3012 0.3014
18.2251 0.2989 0.2993
18.2457 0.2966 0.2970
18.2662 0.2944 0.2947
18.2868 0.2921 0.2924
18.3074 0.2898 0.2899
18.3279 0.2875 0.2874
18.3485 0.2853 0.2848
18.3691 0.2830 0.2822
18.3897 0.2807 0.2795
18.4102 0.2784 0.2768
18.4308 0.2761 0.2740
18.4514 0.2738 0.2713
18.4719 0.2714 0.2685
18.4925 0.2690 0.2657
18.5131 0.2666 0.2629
18.5336 0.2642 0.2601
18.5542 0.2617 0.2574
18.5748 0.2592 0.2546
18.5954 0.2567 0.2519
18.6159 0.2542 0.2493
18.6365 0.2516 0.2466
18.6571 0.2491 0.2440
18.6776 0.2466 0.2415
18.6982 0.2440 0.2390
18.7188 0.2416 0.2365
18.7393 0.2392 0.2340
18.7599 0.2368 0.2316
18.7805 0.2345 0.2292
18.8011 0.2323 0.2269
18.8216 0.2302 0.2245
18.8422 0.2281 0.2222
18.8628 0.2261 0.2198
18.8833 0.2241 0.2175
18.9039 0.2222 0.2152
18.9245 0.2203 0.2129
18.9451 0.2184 0.2106
18.9656 0.2165 0.2083
18.9862 0.2146 0.2060
19.0068 0.2126 0.2036
19.0273 0.2107 0.2013
19.0479 0.2088 0.1990
19.0685 0.2068 0.1967
19.0890 0.2048 0.1943
19.1096 0.2029 0.1920
19.1302 0.2010 0.1897
19.1508 0.1991 0.1875
19.1713 0.1972 0.1853
19.1919 0.1954 0.1831
19.2125 0.1936 0.1810
19.2330 0.1919 0.1789
19.2536 0.1902 0.1768
19.2742 0.1886 0.1748
19.2947 0.1870 0.1729
19.3153 0.1854 0.1710
19.3359 0.1838 0.1691
19.3565 0.1822 0.1672
19.3770 0.1806 0.1654
19.3976 0.1789 0.1635
19.4182 0.1772 0.1617
19.4387 0.1755 0.1599
19.4593 0.1737 0.1581
19.4799 0.1718 0.1563
19.5004 0.1699 0.1545
19.5210 0.1679 0.1527
19.5416 0.1659 0.1509
19.5622 0.1638 0.1492
19.5827 0.1617 0.1474
19.6033 0.1596 0.1456
19.6239 0.1575 0.1439
19.6444 0.1553 0.1422
19.6650 0.1532 0.1405
19.6856 0.1511 0.1388
19.7061 0.1490 0.1371
19.7267 0.1470 0.1354
19.7473 0.1451 0.1338
19.7679 0.1432 0.1322
19.7884 0.1414 0.1306
19.8090 0.1396 0.1290
19.8296 0.1379 0.1274
19.8501 0.1363 0.1258
19.8707 0.1348 0.1243
19.8913 0.1334 0.1228
19.9118 0.1320 0.1213
19.9324 0.1306 0.1198
19.9530 0.1294 0.1183
19.9736 0.1281 0.1169
19.9941 0.1269 0.1155
20.0147 0.1257 0.1141
20.0353 0.1245 0.1128
20.0558 0.1233 0.1115
20.0764 0.1221 0.1102
20.0970 0.1209 0.1089
20.1175 0.1197 0.1077
20.1381 0.1185 0.1065
20.1587 0.1173 0.1054
20.1793 0.1161 0.1042
20.1998 0.1148 0.1031
20.2204 0.1136 0.1021
20.2410 0.1124 0.1010
20.2615 0.1111 0.0999
20.2821 0.1099 0.0989
20.3027 0.1086 0.0979
20.3232 0.1074 0.0969
20.3438 0.1062 0.0959
20.3644 0.1050 0.0950
20.3850 0.1039 0.0940
20.4055 0.1027 0.0930
20.4261 0.1016 0.0921
20.4467 0.1005 0.0911
20.4672 0.0994 0.0902
20.4878 0.0984 0.0893
20.5084 0.0974 0.0884
20.5289 0.0963 0.0875
20.5495 0.0953 0.0866
20.5701 0.0943 0.0857
20.5907 0.0934 0.0848
20.6112 0.0924 0.0839
20.6318 0.0914 0.0831
20.6524 0.0905 0.0823
20.6729 0.0895 0.0814
20.6935 0.0885 0.0806
20.7141 0.0876 0.0798
20.7346 0.0867 0.0790
20.7552 0.0857 0.0783
20.7758 0.0848 0.0775
20.7964 0.0839 0.0768
20.8169 0.0830 0.0761
20.8375 0.0821 0.0754
20.8581 0.0812 0.0747
20.8786 0.0803 0.0740
20.8992 0.0794 0.0734
20.9198 0.0785 0.0727
20.9403 0.0777 0.0721
20.9609 0.0768 0.0714
20.9815 0.0759 0.0708
21.0021 0.0751 0.0702
21.0226 0.0742 0.0695
21.0432 0.0733 0.0689
21.0638 0.0724 0.0682
21.0843 0.0715 0.0676
21.1049 0.0706 0.0669
21.1255 0.0696 0.0662
21.1460 0.0687 0.0656
21.1666 0.0678 0.0649
21.1872 0.0669 0.0643
21.2078 0.0660 0.0636
21.2283 0.0651 0.0630
21.2489 0.0642 0.0624
21.2695 0.0634 0.0617
21.2900 0.0626 0.0611
21.3106 0.0618 0.0605
21.3312 0.0611 0.0599
21.3518 0.0604 0.0593
21.3723 0.0597 0.0587
21.3929 0.0590 0.0581
21.4135 0.0584 0.0575
21.4340 0.0578 0.0570
21.4546 0.0572 0.0564
21.4752 0.0566 0.0558
21.4957 0.0561 0.0552
21.5163 0.0556 0.0546
21.5369 0.0551 0.0541
21.5575 0.0546 0.0535
21.5780 0.0541 0.0529
21.5986 0.0536 0.0523
21.6192 0.0531 0.0518
21.6397 0.0527 0.0512
21.6603 0.0522 0.0506
21.6809 0.0517 0.0501
21.7014 0.0513 0.0495
21.7220 0.0509 0.0490
21.7426 0.0504 0.0484
21.7632 0.0500 0.0479
21.7837 0.0495 0.0474
21.8043 0.0491 0.0469
21.8249 0.0487 0.0464
21.8454 0.0482 0.0459
21.8660 0.0478 0.0454
21.8866 0.0473 0.0449
21.9071 0.0469 0.0444
21.9277 0.0464 0.0439
21.9483 0.0460 0.0435
21.9689 0.0455 0.0430
21.9894 0.0451 0.0425
22.0100 0.0446 0.0420
22.0306 0.0441 0.0415
22.0511 0.0437 0.0410
22.0717 0.0432 0.0405
22.0923 0.0428 0.0400
22.1128 0.0423 0.0395
22.1334 0.0419 0.0390
22.1540 0.0415 0.0385
22.1746 0.0410 0.0380
22.1951 0.0406 0.0375
22.2157 0.0402 0.0370
22.2363 0.0398 0.0366
22.2568 0.0394 0.0361
22.2774 0.0390 0.0357
22.2980 0.0387 0.0353
22.3185 0.0383 0.0349
22.3391 0.0380 0.0345
22.3597 0.0377 0.0341
22.3803 0.0373 0.0338
22.4008 0.0370 0.0335
22.4214 0.0367 0.0332
22.4420 0.0365 0.0329
22.4625 0.0362 0.0326
22.4831 0.0359 0.0323
22.5037 0.0356 0.0320
22.5242 0.0354 0.0318
22.5448 0.0351 0.0315
22.5654 0.0348 0.0313
22.5860 0.0346 0.0311
22.6065 0.0343 0.0309
22.6271 0.0341 0.0307
22.6477 0.0338 0.0306
22.6682 0.0336 0.0304
22.6888 0.0334 0.0303
22.7094 0.0332 0.0301
22.7299 0.0329 0.0300
22.7505 0.0327 0.0299
22.7711 0.0325 0.0298
22.7917 0.0323 0.0297
22.8122 0.0322 0.0296
22.8328 0.0320 0.0295
22.8534 0.0318 0.0294
22.8739 0.0316 0.0292
22.8945 0.0314 0.0291
22.9151 0.0313 0.0289
22.9356 0.0311 0.0287
22.9562 0.0309 0.0285
22.9768 0.0307 0.0283
22.9974 0.0305 0.0281
23.0179 0.0304 0.0279
23.0385 0.0302 0.0276
23.0591 0.0300 0.0274
23.0796 0.0298 0.0272
23.1002 0.0296 0.0269
23.1208 0.0294 0.0267
23.1413 0.0293 0.0264
23.1619 0.0291 0.0262
23.1825 0.0289 0.0260
23.2031 0.0287 0.0258
23.2236 0.0286 0.0256
23.2442 0.0284 0.0254
23.2648 0.0282 0.0253
23.2853 0.0281 0.0251
23.3059 0.0279 0.0250
23.3265 0.0278 0.0248
23.3470 0.0276 0.0247
23.3676 0.0274 0.0245
23.3882 0.0273 0.0244
23.4088 0.0271 0.0242
23.4293 0.0269 0.0241
23.4499 0.0267 0.0240
23.4705 0.0266 0.0238
23.4910 0.0264 0.0237
23.5116 0.0262 0.0235
23.5322 0.0261 0.0234
23.5527 0.0259 0.0233
23.5733 0.0257 0.0231
23.5939 0.0255 0.0230
23.6145 0.0254 0.0229
23.6350 0.0252 0.0228
23.6556 0.0251 0.0227
23.6762 0.0249 0.0226
23.6967 0.0248 0.0225
23.7173 0.0246 0.0224
23.7379 0.0245 0.0223
23.7585 0.0243 0.0222
23.7790 0.0242 0.0221
23.7996 0.0241 0.0221
23.8202 0.0240 0.0220
23.8407 0.0239 0.0220
23.8613 0.0237 0.0219
23.8819 0.0236 0.0218
23.9024 0.0235 0.0218
23.9230 0.0234 0.0217
23.9436 0.0233 0.0217
23.9642 0.0232 0.0216
23.9847 0.0231 0.0216
24.0053 0.0230 0.0215
24.0259 0.0229 0.0214
24.0464 0.0228 0.0214
24.0670 0.0227 0.0213
24.0876 0.0227 0.0212
24.1081 0.0226 0.0211
24.1287 0.0225 0.0211
24.1493 0.0224 0.0210
24.1699 0.0223 0.0209
24.1904 0.0222 0.0208
24.2110 0.0221 0.0207
24.2316 0.0221 0.0206
24.2521 0.0220 0.0205
24.2727 0.0219 0.0204
24.2933 0.0218 0.0203
24.3138 0.0218 0.0202
24.3344 0.0217 0.0201
24.3550 0.0216 0.0200
24.3756 0.0216 0.0199
24.3961 0.0215 0.0199
24.4167 0.0214 0.0198
24.4373 0.0213 0.0197
24.4578 0.0213 0.0196
24.4784 0.0212 0.0196
24.4990 0.0211 0.0195
24.5195 0.0211 0.0195
24.5401 0.0210 0.0194
24.5607 0.0209 0.0194
24.5813 0.0208 0.0193
24.6018 0.0207 0.0193
24.6224 0.0206 0.0193
24.6430 0.0206 0.0192
24.6635 0.0205 0.0192
24.6841 0.0204 0.0191
24.7047 0.0203 0.0191
24.7252 0.0202 0.0190
24.7458 0.0202 0.0189
24.7664 0.0201 0.0189
24.7870 0.0200 0.0188
24.8075 0.0200 0.0187
24.8281 0.0199 0.0187
24.8487 0.0198 0.0186
24.8692 0.0198 0.0185
24.8898 0.0197 0.0184
24.9104 0.0196 0.0183
24.9309 0.0196 0.0182
24.9515 0.0195 0.0182
24.9721 0.0194 0.0181
24.9927 0.0193 0.0180
25.0132 0.0192 0.0179
25.0338 0.0191 0.0178
25.0544 0.0190 0.0177
25.0749 0.0189 0.0176
25.0955 0.0188 0.0176
25.1161 0.0187 0.0175
25.1366 0.0186 0.0174
25.1572 0.0184 0.0173
25.1778 0.0183 0.0171
25.1984 0.0182 0.0170
25.2189 0.0180 0.0169
25.2395 0.0179 0.0168
25.2601 0.0177 0.0166
25.2806 0.0176 0.0165
25.3012 0.0174 0.0163
25.3218 0.0173 0.0162
25.3423 0.0171 0.0160
25.3629 0.0170 0.0159
25.3835 0.0168 0.0157
25.4041 0.0166 0.0156
25.4246 0.0165 0.0154
25.4452 0.0163 0.0153
25.4658 0.0162 0.0151
25.4863 0.0160 0.0150
25.5069 0.0159 0.0148
25.5275 0.0157 0.0146
25.5480 0.0156 0.0145
25.5686 0.0155 0.0143
25.5892 0.0153 0.0142
25.6098 0.0152 0.0140
25.6303 0.0151 0.0139
25.6509 0.0149 0.0137
25.6715 0.0148 0.0136
25.6920 0.0147 0.0134
25.7126 0.0146 0.0133
25.7332 0.0145 0.0131
25.7537 0.0143 0.0130
25.7743 0.0142 0.0129
25.7949 0.0141 0.0128
25.8155 0.0140 0.0126
25.8360 0.0139 0.0125
25.8566 0.0138 0.0124
25.8772 0.0137 0.0123
25.8977 0.0136 0.0122
25.9183 0.0135 0.0121
25.9389 0.0134 0.0121
25.9595 0.0134 0.0120
25.9800 0.0133 0.0119
26.0006 0.0132 0.0118
26.0212 0.0132 0.0118
26.0417 0.0132 0.0117
26.0623 0.0131 0.0116
26.0829 0.0131 0.0115
26.1034 0.0130 0.0115
26.1240 0.0130 0.0114
26.1446 0.0130 0.0113
26.1652 0.0129 0.0113
26.1857 0.0129 0.0112
26.2063 0.0129 0.0111
26.2269 0.0128 0.0110
26.2474 0.0128 0.0109
26.2680 0.0127 0.0108
26.2886 0.0126 0.0108
26.3091 0.0126 0.0107
26.3297 0.0125 0.0106
26.3503 0.0124 0.0105
26.3709 0.0123 0.0104
26.3914 0.0122 0.0104
26.4120 0.0120 0.0103
26.4326 0.0119 0.0102
26.4531 0.0118 0.0101
26.4737 0.0117 0.0101
26.4943 0.0115 0.0100
26.5148 0.0114 0.0099
26.5354 0.0112 0.0099
26.5560 0.0111 0.0098
26.5766 0.0110 0.0097
26.5971 0.0108 0.0096
26.6177 0.0107 0.0096
26.6383 0.0106 0.0095
26.6588 0.0105 0.0094
26.6794 0.0104 0.0094
26.7000 0.0103 0.0093
26.7205 0.0102 0.0092
26.7411 0.0101 0.0092
26.7617 0.0100 0.0091
26.7823 0.0099 0.0090
26.8028 0.0098 0.0090
26.8234 0.0097 0.0089
26.8440 0.0097 0.0088
26.8645 0.0096 0.0088
26.8851 0.0095 0.0087
26.9057 0.0094 0.0087
26.9262 0.0094 0.0086
26.9468 0.0093 0.0086
26.9674 0.0092 0.0086
26.9880 0.0091 0.0085
27.0085 0.0091 0.0085
27.0291 0.0090 0.0084
27.0497 0.0089 0.0084
27.0702 0.0089 0.0083
27.0908 0.0088 0.0083
27.1114 0.0087 0.0083
27.1319 0.0087 0.0082
27.1525 0.0086 0.0082
27.1731 0.0086 0.0082
27.1937 0.0085 0.0081
27.2142 0.0084 0.0081
27.2348 0.0084 0.0080
27.2554 0.0083 0.0080
27.2759 0.0083 0.0080
27.2965 0.0082 0.0079
27.3171 0.0082 0.0079
27.3376 0.0081 0.0078
27.3582 0.0081 0.0078
27.3788 0.0080 0.0078
27.3994 0.0080 0.0077
27.4199 0.0079 0.0077
27.4405 0.0079 0.0077
27.4611 0.0078 0.0076
27.4816 0.0077 0.0076
27.5022 0.0077 0.0075
27.5228 0.0076 0.0075
27.5433 0.0075 0.0074
27.5639 0.0075 0.0074
27.5845 0.0074 0.0073
27.6051 0.0073 0.0073
27.6256 0.0073 0.0072
27.6462 0.0072 0.0071
27.6668 0.0071 0.0071
27.6873 0.0070 0.0070
27.7079 0.0070 0.0069
27.7285 0.0069 0.0068
27.7490 0.0068 0.0068
27.7696 0.0068 0.0067
27.7902 0.0067 0.0066
27.8108 0.0066 0.0065
27.8313 0.0065 0.0064
27.8519 0.0065 0.0064
27.8725 0.0064 0.0063
27.8930 0.0063 0.0062
27.9136 0.0063 0.0061
27.9342 0.0062 0.0061
27.9547 0.0061 0.0060
27.9753 0.0061 0.0059
27.9959 0.0060 0.0059
28.0165 0.0059 0.0058
28.0370 0.0059 0.0057
28.0576 0.0058 0.0057
28.0782 0.0058 0.0056
28.0987 0.0057 0.0055
28.1193 0.0057 0.0055
28.1399 0.0056 0.0054
28.1604 0.0056 0.0053
28.1810 0.0055 0.0053
28.2016 0.0055 0.0052
28.2222 0.0054 0.0052
28.2427 0.0054 0.0051
28.2633 0.0054 0.0051
28.2839 0.0053 0.0050
28.3044 0.0053 0.0050
28.3250 0.0052 0.0049
28.3456 0.0052 0.0049
28.3662 0.0051 0.0048
28.3867 0.0051 0.0048
28.4073 0.0051 0.0047
28.4279 0.0050 0.0047
28.4484 0.0050 0.0047
28.4690 0.0049 0.0046
28.4896 0.0049 0.0046
28.5101 0.0048 0.0046
28.5307 0.0048 0.0046
28.5513 0.0047 0.0045
28.5719 0.0047 0.0045
28.5924 0.0046 0.0045
28.6130 0.0046 0.0045
28.6336 0.0046 0.0045
28.6541 0.0045 0.0045
28.6747 0.0045 0.0044
28.6953 0.0044 0.0044
28.7158 0.0044 0.0044
28.7364 0.0043 0.0044
28.7570 0.0043 0.0044
28.7776 0.0042 0.0044
28.7981 0.0042 0.0043
28.8187 0.0041 0.0043
28.8393 0.0041 0.0043
28.8598 0.0040 0.0043
28.8804 0.0040 0.0042
28.9010 0.0039 0.0042
28.9215 0.0039 0.0042
28.9421 0.0039 0.0042
28.9627 0.0038 0.0042
28.9833 0.0038 0.0041
29.0038 0.0037 0.0041
29.0244 0.0037 0.0041
29.0450 0.0037 0.0041
29.0655 0.0036 0.0040
29.0861 0.0036 0.0040
29.1067 0.0036 0.0040
29.1272 0.0035 0.0040
29.1478 0.0035 0.0040
29.1684 0.0035 0.0039
29.1890 0.0035 0.0039
29.2095 0.0034 0.0039
29.2301 0.0034 0.0039
29.2507 0.0034 0.0039
29.2712 0.0033 0.0039
29.2918 0.0033 0.0038
29.3124 0.0033 0.0038
29.3329 0.0033 0.0038
29.3535 0.0032 0.0038
29.3741 0.0032 0.0038
29.3947 0.0032 0.0037
29.4152 0.0031 0.0037
29.4358 0.0031 0.0037
29.4564 0.0031 0.0037
29.4769 0.0031 0.0036
29.4975 0.0031 0.0036
29.5181 0.0030 0.0036
29.5386 0.0030 0.0036
29.5592 0.0030 0.0035
29.5798 0.0030 0.0035
29.6004 0.0030 0.0035
29.6209 0.0030 0.0035
29.6415 0.0029 0.0034
29.6621 0.0029 0.0034
29.6826 0.0029 0.0034
29.7032 0.0029 0.0034
29.7238 0.0029 0.0034
29.7443 0.0029 0.0033
29.7649 0.0029 0.0033
29.7855 0.0029 0.0033
29.8061 0.0029 0.0033
29.8266 0.0029 0.0033
29.8472 0.0028 0.0032
29.8678 0.0028 0.0032
29.8883 0.0028 0.0032
29.9089 0.0028 0.0032
29.9295 0.0028 0.0031
29.9500 0.0028 0.0031
29.9706 0.0028 0.0031
29.9912 0.0028 0.0031
30.0118 0.0028 0.0030
30.0323 0.0027 0.0030
30.0529 0.0027 0.0030
30.0735 0.0027 0.0030
30.0940 0.0027 0.0029
30.1146 0.0027 0.0029
30.1352 0.0027 0.0029
30.1557 0.0027 0.0029
30.1763 0.0027 0.0028
30.1969 0.0026 0.0028
30.2175 0.0026 0.0028
30.2380 0.0026 0.0028
30.2586 0.0026 0.0027
30.2792 0.0026 0.0027
30.2997 0.0026 0.0027
30.3203 0.0025 0.0027
30.3409 0.0025 0.0026
30.3614 0.0025 0.0026
30.3820 0.0025 0.0026
30.4026 0.0024 0.0026
30.4232 0.0024 0.0025
30.4437 0.0024 0.0025
30.4643 0.0024 0.0025
30.4849 0.0023 0.0025
30.5054 0.0023 0.0024
30.5260 0.0023 0.0024
30.5466 0.0023 0.0024
30.5671 0.0023 0.0024
30.5877 0.0022 0.0024
30.6083 0.0022 0.0023
30.6289 0.0022 0.0023
30.6494 0.0022 0.0023
30.6700 0.0022 0.0023
30.6906 0.0022 0.0023
30.7111 0.0022 0.0022
30.7317 0.0022 0.0022
30.7523 0.0021 0.0022
30.7729 0.0021 0.0022
30.7934 0.0021 0.0022
30.8140 0.0021 0.0022
30.8346 0.0021 0.0021
30.8551 0.0021 0.0021
30.8757 0.0021 0.0021
30.8963 0.0021 0.0021
30.9168 0.0021 0.0021
30.9374 0.0021 0.0021
30.9580 0.0021 0.0021
30.9786 0.0020 0.0020
30.9991 0.0020 0.0020
31.0197 0.0020 0.0020
31.0403 0.0020 0.0020
31.0608 0.0020 0.0020
31.0814 0.0020 0.0020
31.1020 0.0020 0.0019
31.1225 0.0020 0.0019
31.1431 0.0020 0.0019
31.1637 0.0020 0.0019
31.1843 0.0020 0.0019
31.2048 0.0020 0.0019
31.2254 0.0020 0.0018
31.2460 0.0020 0.0018
31.2665 0.0020 0.0018
31.2871 0.0020 0.0018
31.3077 0.0020 0.0018
31.3282 0.0020 0.0018
31.3488 0.0020 0.0018
31.3694 0.0020 0.0017
31.3900 0.0019 0.0017
31.4105 0.0019 0.0017
31.4311 0.0019 0.0017
31.4517 0.0019 0.0017
31.4722 0.0019 0.0017
31.4928 0.0019 0.0017
31.5134 0.0019 0.0017
31.5339 0.0019 0.0017
31.5545 0.0019 0.0017
31.5751 0.0019 0.0017
31.5957 0.0019 0.0017
31.6162 0.0018 0.0016
31.6368 0.0018 0.0016
31.6574 0.0018 0.0016
31.6779 0.0018 0.0016
31.6985 0.0018 0.0016
31.7191 0.0018 0.0016
31.7396 0.0017 0.0016
31.7602 0.0017 0.0016
31.7808 0.0017 0.0016
31.8014 0.0017 0.0016
31.8219 0.0017 0.0016
31.8425 0.0017 0.0016
31.8631 0.0017 0.0016
31.8836 0.0016 0.0016
31.9042 0.0016 0.0015
31.9248 0.0016 0.0015
31.9453 0.0016 0.0015
31.9659 0.0016 0.0015
31.9865 0.0016 0.0015
32.0071 0.0015 0.0015
32.0276 0.0015 0.0015
32.0482 0.0015 0.0015
32.0688 0.0015 0.0015
32.0893 0.0015 0.0015
32.1099 0.0015 0.0015
32.1305 0.0014 0.0014
32.1510 0.0014 0.0014
32.1716 0.0014 0.0014
32.1922 0.0014 0.0014
32.2128 0.0014 0.0014
32.2333 0.0014 0.0014
32.2539 0.0014 0.0014
32.2745 0.0014 0.0014
32.2950 0.0014 0.0014
32.3156 0.0013 0.0013
32.3362 0.0013 0.0013
32.3567 0.0013 0.0013
32.3773 0.0013 0.0013
32.3979 0.0013 0.0013
32.4185 0.0013 0.0013
32.4390 0.0013 0.0013
32.4596 0.0013 0.0013
32.4802 0.0013 0.0013
32.5007 0.0013 0.0013
32.5213 0.0013 0.0012
32.5419 0.0013 0.0012
32.5624 0.0012 0.0012
32.5830 0.0012 0.0012
32.6036 0.0012 0.0012
32.6242 0.0012 0.0012
32.6447 0.0012 0.0012
32.6653 0.0012 0.0012
32.6859 0.0012 0.0012
32.7064 0.0012 0.0012
32.7270 0.0012 0.0012
32.7476 0.0012 0.0012
32.7681 0.0012 0.0011
32.7887 0.0012 0.0011
32.8093 0.0012 0.0011
32.8299 0.0012 0.0011
32.8504 0.0012 0.0011
32.8710 0.0012 0.0011
32.8916 0.0012 0.0011
32.9121 0.0012 0.0011
32.9327 0.0011 0.0011
32.9533 0.0011 0.0011
32.9738 0.0011 0.0011
32.9944 0.0011 0.0011
33.0150 0.0011 0.0011
33.0356 0.0011 0.0011
33.0561 0.0011 0.0010
33.0767 0.0011 0.0010
33.0973 0.0011 0.0010
33.1178 0.0011 0.0010
33.1384 0.0011 0.0010
33.1590 0.0011 0.0010
33.1796 0.0011 0.0010
33.2001 0.0011 0.0010
33.2207 0.0011 0.0010
33.2413 0.0011 0.0010
33.2618 0.0011 0.0010
33.2824 0.0011 0.0010
33.3030 0.0011 0.0010
33.3235 0.0010 0.0010
33.3441 0.0010 0.0010
33.3647 0.0010 0.0010
33.3853 0.0010 0.0010
33.4058 0.0010 0.0010
33.4264 0.0010 0.0010
33.4470 0.0010 0.0010
33.4675 0.0010 0.0010
33.4881 0.0010 0.0010
33.5087 0.0010 0.0010
33.5292 0.0010 0.0009
33.5498 0.0010 0.0009
33.5704 0.0010 0.0009
33.5910 0.0010 0.0009
33.6115 0.0010 0.0009
33.6321 0.0010 0.0009
33.6527 0.0010 0.0009
33.6732 0.0010 0.0009
33.6938 0.0010 0.0009
33.7144 0.0009 0.0009
33.7349 0.0009 0.0009
33.7555 0.0009 0.0009
33.7761 0.0009 0.0009
33.7967 0.0009 0.0009
33.8172 0.0009 0.0009
33.8378 0.0009 0.0009
33.8584 0.0009 0.0009
33.8789 0.0009 0.0009
33.8995 0.0009 0.0009
33.9201 0.0009 0.0009
33.9406 0.0009 0.0009
33.9612 0.0009 0.0009
33.9818 0.0009 0.0009
34.0024 0.0009 0.0008
34.0229 0.0009 0.0008
34.0435 0.0009 0.0008
34.0641 0.0009 0.0008
34.0846 0.0009 0.0008
34.1052 0.0009 0.0008
34.1258 0.0009 0.0008
34.1463 0.0009 0.0008
34.1669 0.0009 0.0008
34.1875 0.0008 0.0008
34.2081 0.0008 0.0008
34.2286 0.0008 0.0008
34.2492 0.0008 0.0008
34.2698 0.0008 0.0008
34.2903 0.0008 0.0008
34.3109 0.0008 0.0008
34.3315 0.0008 0.0008
34.3520 0.0008 0.0008
34.3726 0.0008 0.0008
34.3932 0.0008 0.0008
34.4138 0.0008 0.0008
34.4343 0.0008 0.0008
34.4549 0.0008 0.0008
34.4755 0.0008 0.0008
34.4960 0.0008 0.0008
34.5166 0.0008 0.0008
34.5372 0.0008 0.0008
34.5577 0.0008 0.0008
34.5783 0.0008 0.0008
34.5989 0.0008 0.0008
34.6195 0.0008 0.0008
34.6400 0.0008 0.0008
34.6606 0.0008 0.0008
34.6812 0.0008 0.0008
34.7017 0.0008 0.0008
34.7223 0.0008 0.0007
34.7429 0.0008 0.0007
34.7634 0.0008 0.0007
34.7840 0.0008 0.0007
34.8046 0.0008 0.0007
34.8252 0.0008 0.0007
34.8457 0.0008 0.0007
34.8663 0.0008 0.0007
34.8869 0.0008 0.0007
34.9074 0.0008 0.0007
34.9280 0.0008 0.0007
34.9486 0.0008 0.0007
34.9691 0.0008 0.0007
34.9897 0.0008 0.0007
35.0103 0.0007 0.0007
35.0309 0.0007 0.0007
35.0514 0.0007 0.0007
35.0720 0.0007 0.0007
35.0926 0.0007 0.0007
35.1131 0.0007 0.0007
35.1337 0.0007 0.0007
35.1543 0.0007 0.0007
35.1748 0.0007 0.0007
35.1954 0.0007 0.0007
35.2160 0.0007 0.0007
35.2366 0.0007 0.0007
35.2571 0.0007 0.0007
35.2777 0.0007 0.0007
35.2983 0.0007 0.0007
35.3188 0.0007 0.0007
35.3394 0.0007 0.0007
35.3600 0.0007 0.0007
35.3805 0.0007 0.0007
35.4011 0.0007 0.0007
35.4217 0.0007 0.0007
35.4423 0.0007 0.0007
35.4628 0.0007 0.0007
35.4834 0.0007 0.0007
35.5040 0.0007 0.0007
35.5245 0.0007 0.0007
35.5451 0.0007 0.0007
35.5657 0.0007 0.0007
35.5863 0.0007 0.0007
35.6068 0.0007 0.0007
35.6274 0.0007 0.0007
35.6480 0.0007 0.0007
35.6685 0.0007 0.0007
35.6891 0.0007 0.0007
35.7097 0.0007 0.0007
35.7302 0.0007 0.0007
35.7508 0.0007 0.0007
35.7714 0.0007 0.0007
35.7920 0.0007 0.0007
35.8125 0.0007 0.0007
35.8331 0.0007 0.0007
35.8537 0.0007 0.0007
35.8742 0.0007 0.0007
35.8948 0.0007 0.0007
35.9154 0.0007 0.0007
35.9359 0.0007 0.0007
35.9565 0.0007 0.0007
35.9771 0.0007 0.0007
35.9977 0.0007 0.0006
36.0182 0.0007 0.0006
36.0388 0.0007 0.0006
36.0594 0.0007 0.0006
36.0799 0.0007 0.0006
36.1005 0.0007 0.0006
36.1211 0.0007 0.0006
36.1416 0.0007 0.0006
36.1622 0.0007 0.0006
36.1828 0.0007 0.0006
36.2034 0.0007 0.0006
36.2239 0.0007 0.0006
36.2445 0.0007 0.0006
36.2651 0.0007 0.0006
36.2856 0.0007 0.0006
36.3062 0.0007 0.0006
36.3268 0.0006 0.0006
36.3473 0.0006 0.0006
36.3679 0.0006 0.0006
36.3885 0.0006 0.0006
36.4091 0.0006 0.0006
36.4296 0.0006 0.0006
36.4502 0.0006 0.0006
36.4708 0.0006 0.0006
36.4913 0.0006 0.0006
36.5119 0.0006 0.0006
36.5325 0.0006 0.0006
36.5530 0.0006 0.0006
36.5736 0.0006 0.0006
36.5942 0.0006 0.0006
36.6148 0.0006 0.0006
36.6353 0.0006 0.0006
36.6559 0.0006 0.0006
36.6765 0.0006 0.0006
36.6970 0.0006 0.0006
36.7176 0.0006 0.0006
36.7382 0.0006 0.0006
36.7587 0.0006 0.0006
36.7793 0.0006 0.0006
36.7999 0.0006 0.0006
36.8205 0.0006 0.0006
36.8410 0.0006 0.0006
36.8616 0.0006 0.0006
36.8822 0.0006 0.0006
36.9027 0.0006 0.0006
36.9233 0.0006 0.0006
36.9439 0.0006 0.0006
36.9644 0.0006 0.0006
36.9850 0.0006 0.0006
37.0056 0.0006 0.0006
37.0262 0.0006 0.0006
37.0467 0.0006 0.0006
37.0673 0.0006 0.0006
37.0879 0.0006 0.0006
37.1084 0.0006 0.0006
37.1290 0.0006 0.0006
37.1496 0.0006 0.0006
37.1701 0.0006 0.0006
37.1907 0.0006 0.0006
37.2113 0.0006 0.0006
37.2319 0.0006 0.0006
37.2524 0.0006 0.0006
37.2730 0.0006 0.0006
37.2936 0.0006 0.0006
37.3141 0.0006 0.0006
37.3347 0.0006 0.0006
37.3553 0.0006 0.0006
37.3758 0.0006 0.0006
37.3964 0.0006 0.0006
37.4170 0.0006 0.0006
37.4376 0.0006 0.0006
37.4581 0.0006 0.0006
37.4787 0.0006 0.0006
37.4993 0.0006 0.0006
37.5198 0.0006 0.0006
37.5404 0.0006 0.0006
37.5610 0.0006 0.0006
37.5815 0.0006 0.0006
37.6021 0.0006 0.0006
37.6227 0.0006 0.0006
37.6433 0.0006 0.0006
37.6638 0.0006 0.0005
37.6844 0.0006 0.0005
37.7050 0.0006 0.0005
37.7255 0.0006 0.0005
37.7461 0.0006 0.0005
37.7667 0.0006 0.0005
37.7873 0.0006 0.0005
37.8078 0.0006 0.0005
37.8284 0.0006 0.0005
37.8490 0.0006 0.0005
37.8695 0.0006 0.0005
37.8901 0.0006 0.0005
37.9107 0.0006 0.0005
37.9312 0.0006 0.0005
37.9518 0.0006 0.0005
37.9724 0.0006 0.0005
37.9930 0.0005 0.0005
38.0135 0.0005 0.0005
38.0341 0.0005 0.0005
38.0547 0.0005 0.0005
38.0752 0.0005 0.0005
38.0958 0.0005 0.0005
38.1164 0.0005 0.0005
38.1369 0.0005 0.0005
38.1575 0.0005 0.0005
38.1781 0.0005 0.0005
38.1987 0.0005 0.0005
38.2192 0.0005 0.0005
38.2398 0.0005 0.0005
38.2604 0.0005 0.0005
38.2809 0.0005 0.0005
38.3015 0.0005 0.0005
38.3221 0.0005 0.0005
38.3426 0.0005 0.0005
38.3632 0.0005 0.0005
38.3838 0.0005 0.0005
38.4044 0.0005 0.0005
38.4249 0.0005 0.0005
38.4455 0.0005 0.0005
38.4661 0.0005 0.0005
38.4866 0.0005 0.0005
38.5072 0.0005 0.0005
38.5278 0.0005 0.0005
38.5483 0.0005 0.0005
38.5689 0.0005 0.0005
38.5895 0.0005 0.0005
38.6101 0.0005 0.0005
38.6306 0.0005 0.0005
38.6512 0.0005 0.0005
38.6718 0.0005 0.0005
38.6923 0.0005 0.0005
38.7129 0.0005 0.0005
38.7335 0.0005 0.0005
38.7540 0.0005 0.0005
38.7746 0.0005 0.0005
38.7952 0.0005 0.0005
38.8158 0.0005 0.0005
38.8363 0.0005 0.0005
38.8569 0.0005 0.0005
38.8775 0.0005 0.0005
38.8980 0.0005 0.0005
38.9186 0.0005 0.0005
38.9392 0.0005 0.0005
38.9597 0.0005 0.0005
38.9803 0.0005 0.0005
39.0009 0.0005 0.0005
39.0215 0.0005 0.0005
39.0420 0.0005 0.0005
39.0626 0.0005 0.0005
39.0832 0.0005 0.0005
39.1037 0.0005 0.0005
39.1243 0.0005 0.0005
39.1449 0.0005 0.0005
39.1654 0.0005 0.0005
39.1860 0.0005 0.0005
39.2066 0.0005 0.0005
39.2272 0.0005 0.0005
39.2477 0.0005 0.0005
39.2683 0.0005 0.0005
39.2889 0.0005 0.0005
39.3094 0.0005 0.0005
39.3300 0.0005 0.0005
39.3506 0.0005 0.0005
39.3711 0.0005 0.0005
39.3917 0.0005 0.0005
39.4123 0.0005 0.0005
39.4329 0.0005 0.0005
39.4534 0.0005 0.0005
39.4740 0.0005 0.0005
39.4946 0.0005 0.0005
39.5151 0.0005 0.0005
39.5357 0.0005 0.0005
39.5563 0.0005 0.0005
39.5768 0.0005 0.0005
39.5974 0.0005 0.0005
39.6180 0.0005 0.0005
39.6386 0.0005 0.0005
39.6591 0.0005 0.0005
39.6797 0.0005 0.0005
39.7003 0.0005 0.0005
39.7208 0.0005 0.0005
39.7414 0.0005 0.0005
39.7620 0.0005 0.0005
39.7825 0.0005 0.0005
39.8031 0.0005 0.0005
39.8237 0.0005 0.0004
39.8443 0.0005 0.0004
39.8648 0.0005 0.0004
39.8854 0.0005 0.0004
39.9060 0.0005 0.0004
39.9265 0.0005 0.0004
39.9471 0.0005 0.0004
39.9677 0.0005 0.0004
39.9882 0.0005 0.0004
40.0088 0.0005 0.0004
40.0294 0.0005 0.0004
40.0500 0.0005 0.0004
40.0705 0.0005 0.0004
40.0911 0.0005 0.0004
40.1117 0.0005 0.0004
40.1322 0.0005 0.0004
40.1528 0.0005 0.0004
40.1734 0.0004 0.0004
40.1940 0.0004 0.0004
40.2145 0.0004 0.0004
40.2351 0.0004 0.0004
40.2557 0.0004 0.0004
40.2762 0.0004 0.0004
40.2968 0.0004 0.0004
40.3174 0.0004 0.0004
40.3379 0.0004 0.0004
40.3585 0.0004 0.0004
40.3791 0.0004 0.0004
40.3997 0.0004 0.0004
40.4202 0.0004 0.0004
40.4408 0.0004 0.0004
40.4614 0.0004 0.0004
40.4819 0.0004 0.0004
40.5025 0.0004 0.0004
40.5231 0.0004 0.0004
40.5436 0.0004 0.0004
40.5642 0.0004 0.0004
40.5848 0.0004 0.0004
40.6054 0.0004 0.0004
40.6259 0.0004 0.0004
40.6465 0.0004 0.0004
40.6671 0.0004 0.0004
40.6876 0.0004 0.0004
40.7082 0.0004 0.0004
40.7288 0.0004 0.0004
40.7493 0.0004 0.0004
40.7699 0.0004 0.0004
40.7905 0.0004 0.0004
40.8111 0.0004 0.0004
40.8316 0.0004 0.0004
40.8522 0.0004 0.0004
40.8728 0.0004 0.0004
40.8933 0.0004 0.0004
40.9139 0.0004 0.0004
40.9345 0.0004 0.0004
40.9550 0.0004 0.0004
40.9756 0.0004 0.0004
40.9962 0.0004 0.0004
41.0168 0.0004 0.0004
41.0373 0.0004 0.0004
41.0579 0.0004 0.0004
41.0785 0.0004 0.0004
41.0990 0.0004 0.0004
41.1196 0.0004 0.0004
  
  
  
  
  
dim="1">gridpoints</dimension>  
  
  
  
  
  
  
  
  
0.0000 292.3034 443.6302
0.0206 292.3034 443.6302
0.0411 146.6374 222.1620
0.0617 98.2949 148.4834
0.0823 74.2796 111.7413
0.1029 59.9908 89.7621
0.1234 50.5602 75.1526
0.1440 43.8999 64.7432
0.1646 38.9648 56.9481
0.1851 35.1728 50.8865
0.2057 32.1737 46.0296
0.2263 29.7438 42.0418
0.2468 27.7332 38.6995
0.2674 26.0378 35.8490
0.2880 24.5830 33.3810
0.3086 23.3143 31.2165
0.3291 22.1910 29.2968
0.3497 21.1827 27.5777
0.3703 20.2661 26.0254
0.3908 19.4238 24.6138
0.4114 18.6425 23.3223
0.4320 17.9122 22.1343
0.4525 17.2250 21.0365
0.4731 16.5754 20.0182
0.4937 15.9589 19.0702
0.5143 15.3720 18.1851
0.5348 14.8121 17.3571
0.5554 14.2771 16.5813
0.5760 13.7652 15.8539
0.5965 13.2751 15.1725
0.6171 12.8057 14.5352
0.6377 12.3566 13.9412
0.6582 11.9272 13.3901
0.6788 11.5178 12.8820
0.6994 11.1289 12.4174
0.7200 10.7614 11.9965
0.7405 10.4165 11.6193
0.7611 10.0958 11.2854
0.7817 9.8010 10.9937
0.8022 9.5338 10.7423
0.8228 9.2960 10.5285
0.8434 9.0887 10.3490
0.8639 8.9130 10.1994
0.8845 8.7691 10.0751
0.9051 8.6565 9.9706
0.9257 8.5738 9.8807
0.9462 8.5188 9.7998
0.9668 8.4882 9.7227
0.9874 8.4781 9.6446
1.0079 8.4838 9.5612
1.0285 8.5001 9.4692
1.0491 8.5215 9.3660
1.0696 8.5426 9.2500
1.0902 8.5581 9.1207
1.1108 8.5633 8.9783
1.1314 8.5541 8.8238
1.1519 8.5273 8.6591
1.1725 8.4809 8.4864
1.1931 8.4137 8.3084
1.2136 8.3254 8.1279
1.2342 8.2170 7.9478
1.2548 8.0900 7.7707
1.2753 7.9467 7.5991
1.2959 7.7898 7.4349
1.3165 7.6224 7.2797
1.3371 7.4478 7.1344
1.3576 7.2692 6.9996
1.3782 7.0898 6.8752
1.3988 6.9127 6.7608
1.4193 6.7409 6.6557
1.4399 6.5768 6.5588
1.4605 6.4228 6.4690
1.4810 6.2809 6.3849
1.5016 6.1526 6.3054
1.5222 6.0390 6.2294
1.5428 5.9408 6.1560
1.5633 5.8583 6.0843
1.5839 5.7911 6.0141
1.6045 5.7387 5.9451
1.6250 5.6998 5.8773
1.6456 5.6729 5.8110
1.6662 5.6563 5.7466
1.6867 5.6480 5.6847
1.7073 5.6456 5.6259
1.7279 5.6472 5.5710
1.7485 5.6506 5.5207
1.7690 5.6538 5.4757
1.7896 5.6549 5.4365
1.8102 5.6525 5.4036
1.8307 5.6451 5.3776
1.8513 5.6319 5.3584
1.8719 5.6119 5.3463
1.8924 5.5848 5.3409
1.9130 5.5504 5.3418
1.9336 5.5087 5.3485
1.9542 5.4600 5.3600
1.9747 5.4049 5.3752
1.9953 5.3441 5.3928
2.0159 5.2786 5.4114
2.0364 5.2095 5.4293
2.0570 5.1379 5.4449
2.0776 5.0650 5.4566
2.0981 4.9921 5.4628
2.1187 4.9203 5.4621
2.1393 4.8506 5.4535
2.1599 4.7840 5.4360
2.1804 4.7211 5.4092
2.2010 4.6625 5.3731
2.2216 4.6084 5.3281
2.2421 4.5589 5.2748
2.2627 4.5140 5.2142
2.2833 4.4733 5.1479
2.3038 4.4365 5.0772
2.3244 4.4031 5.0038
2.3450 4.3726 4.9293
2.3656 4.3442 4.8553
2.3861 4.3174 4.7832
2.4067 4.2915 4.7142
2.4273 4.2660 4.6491
2.4478 4.2403 4.5886
2.4684 4.2138 4.5331
2.4890 4.1863 4.4826
2.5096 4.1573 4.4369
2.5301 4.1265 4.3959
2.5507 4.0937 4.3590
2.5713 4.0588 4.3258
2.5918 4.0217 4.2956
2.6124 3.9827 4.2680
2.6330 3.9419 4.2425
2.6535 3.8995 4.2185
2.6741 3.8560 4.1958
2.6947 3.8118 4.1738
2.7153 3.7676 4.1523
2.7358 3.7238 4.1309
2.7564 3.6812 4.1094
2.7770 3.6401 4.0875
2.7975 3.6011 4.0648
2.8181 3.5645 4.0412
2.8387 3.5307 4.0163
2.8592 3.4996 3.9901
2.8798 3.4713 3.9625
2.9004 3.4456 3.9335
2.9210 3.4224 3.9031
2.9415 3.4012 3.8717
2.9621 3.3817 3.8396
2.9827 3.3637 3.8074
3.0032 3.3467 3.7757
3.0238 3.3305 3.7452
3.0444 3.3150 3.7166
3.0649 3.3002 3.6908
3.0855 3.2859 3.6684
3.1061 3.2724 3.6503
3.1267 3.2599 3.6367
3.1472 3.2486 3.6280
3.1678 3.2389 3.6242
3.1884 3.2312 3.6250
3.2089 3.2258 3.6299
3.2295 3.2232 3.6379
3.2501 3.2235 3.6481
3.2706 3.2270 3.6590
3.2912 3.2340 3.6694
3.3118 3.2443 3.6778
3.3324 3.2580 3.6828
3.3529 3.2746 3.6834
3.3735 3.2939 3.6786
3.3941 3.3152 3.6679
3.4146 3.3378 3.6510
3.4352 3.3609 3.6281
3.4558 3.3836 3.5996
3.4763 3.4047 3.5661
3.4969 3.4234 3.5286
3.5175 3.4388 3.4880
3.5381 3.4498 3.4454
3.5586 3.4560 3.4018
3.5792 3.4568 3.3580
3.5998 3.4518 3.3150
3.6203 3.4412 3.2734
3.6409 3.4249 3.2337
3.6615 3.4035 3.1964
3.6820 3.3773 3.1615
3.7026 3.3470 3.1293
3.7232 3.3132 3.0996
3.7438 3.2765 3.0723
3.7643 3.2374 3.0471
3.7849 3.1965 3.0237
3.8055 3.1540 3.0016
3.8260 3.1103 2.9805
3.8466 3.0654 2.9600
3.8672 3.0195 2.9396
3.8877 2.9726 2.9192
3.9083 2.9249 2.8984
3.9289 2.8765 2.8772
3.9495 2.8276 2.8556
3.9700 2.7785 2.8336
3.9906 2.7296 2.8115
4.0112 2.6813 2.7895
4.0317 2.6342 2.7680
4.0523 2.5887 2.7474
4.0729 2.5454 2.7281
4.0934 2.5048 2.7103
4.1140 2.4672 2.6943
4.1346 2.4329 2.6802
4.1552 2.4020 2.6682
4.1757 2.3746 2.6580
4.1963 2.3504 2.6494
4.2169 2.3292 2.6421
4.2374 2.3106 2.6356
4.2580 2.2940 2.6294
4.2786 2.2790 2.6228
4.2991 2.2650 2.6153
4.3197 2.2516 2.6063
4.3403 2.2381 2.5954
4.3609 2.2244 2.5823
4.3814 2.2100 2.5666
4.4020 2.1949 2.5483
4.4226 2.1789 2.5273
4.4431 2.1620 2.5040
4.4637 2.1445 2.4784
4.4843 2.1263 2.4510
4.5048 2.1076 2.4222
4.5254 2.0887 2.3922
4.5460 2.0696 2.3617
4.5666 2.0506 2.3309
4.5871 2.0317 2.3001
4.6077 2.0130 2.2698
4.6283 1.9946 2.2401
4.6488 1.9765 2.2112
4.6694 1.9588 2.1832
4.6900 1.9415 2.1562
4.7105 1.9245 2.1301
4.7311 1.9078 2.1050
4.7517 1.8915 2.0807
4.7723 1.8756 2.0570
4.7928 1.8600 2.0338
4.8134 1.8448 2.0110
4.8340 1.8300 1.9883
4.8545 1.8156 1.9656
4.8751 1.8016 1.9429
4.8957 1.7882 1.9202
4.9163 1.7752 1.8976
4.9368 1.7627 1.8752
4.9574 1.7507 1.8532
4.9780 1.7393 1.8320
4.9985 1.7284 1.8119
5.0191 1.7179 1.7931
5.0397 1.7080 1.7760
5.0602 1.6985 1.7606
5.0808 1.6895 1.7471
5.1014 1.6809 1.7353
5.1220 1.6727 1.7250
5.1425 1.6648 1.7160
5.1631 1.6572 1.7077
5.1837 1.6500 1.6996
5.2042 1.6431 1.6911
5.2248 1.6365 1.6818
5.2454 1.6302 1.6709
5.2659 1.6243 1.6582
5.2865 1.6187 1.6433
5.3071 1.6134 1.6261
5.3277 1.6084 1.6065
5.3482 1.6036 1.5846
5.3688 1.5989 1.5608
5.3894 1.5941 1.5353
5.4099 1.5889 1.5086
5.4305 1.5833 1.4813
5.4511 1.5768 1.4537
5.4716 1.5691 1.4264
5.4922 1.5600 1.3999
5.5128 1.5492 1.3744
5.5334 1.5365 1.3504
5.5539 1.5217 1.3281
5.5745 1.5048 1.3076
5.5951 1.4857 1.2890
5.6156 1.4648 1.2723
5.6362 1.4421 1.2574
5.6568 1.4179 1.2442
5.6773 1.3928 1.2324
5.6979 1.3670 1.2219
5.7185 1.3410 1.2124
5.7391 1.3151 1.2037
5.7596 1.2899 1.1954
5.7802 1.2654 1.1875
5.8008 1.2421 1.1798
5.8213 1.2201 1.1720
5.8419 1.1995 1.1642
5.8625 1.1804 1.1563
5.8830 1.1626 1.1483
5.9036 1.1463 1.1404
5.9242 1.1311 1.1326
5.9448 1.1171 1.1252
5.9653 1.1040 1.1183
5.9859 1.0918 1.1121
6.0065 1.0803 1.1069
6.0270 1.0693 1.1028
6.0476 1.0589 1.1000
6.0682 1.0489 1.0986
6.0887 1.0392 1.0987
6.1093 1.0299 1.1002
6.1299 1.0211 1.1032
6.1505 1.0126 1.1075
6.1710 1.0046 1.1128
6.1916 0.9973 1.1188
6.2122 0.9906 1.1254
6.2327 0.9848 1.1319
6.2533 0.9800 1.1381
6.2739 0.9763 1.1436
6.2944 0.9739 1.1479
6.3150 0.9730 1.1507
6.3356 0.9737 1.1516
6.3562 0.9761 1.1505
6.3767 0.9804 1.1473
6.3973 0.9865 1.1418
6.4179 0.9946 1.1341
6.4384 1.0046 1.1244
6.4590 1.0163 1.1127
6.4796 1.0296 1.0995
6.5001 1.0441 1.0849
6.5207 1.0595 1.0694
6.5413 1.0752 1.0532
6.5619 1.0909 1.0367
6.5824 1.1057 1.0203
6.6030 1.1192 1.0041
6.6236 1.1307 0.9885
6.6441 1.1397 0.9736
6.6647 1.1456 0.9597
6.6853 1.1482 0.9469
6.7058 1.1470 0.9353
6.7264 1.1421 0.9250
6.7470 1.1335 0.9160
6.7676 1.1214 0.9082
6.7881 1.1062 0.9018
6.8087 1.0884 0.8966
6.8293 1.0684 0.8925
6.8498 1.0469 0.8894
6.8704 1.0245 0.8872
6.8910 1.0017 0.8858
6.9115 0.9791 0.8849
6.9321 0.9571 0.8844
6.9527 0.9362 0.8840
6.9733 0.9165 0.8836
6.9938 0.8982 0.8831
7.0144 0.8815 0.8822
7.0350 0.8664 0.8809
7.0555 0.8527 0.8790
7.0761 0.8404 0.8766
7.0967 0.8292 0.8736
7.1173 0.8191 0.8700
7.1378 0.8097 0.8659
7.1584 0.8009 0.8614
7.1790 0.7925 0.8565
7.1995 0.7843 0.8514
7.2201 0.7761 0.8462
7.2407 0.7679 0.8409
7.2612 0.7595 0.8357
7.2818 0.7509 0.8306
7.3024 0.7422 0.8257
7.3230 0.7334 0.8210
7.3435 0.7246 0.8166
7.3641 0.7157 0.8123
7.3847 0.7071 0.8083
7.4052 0.6988 0.8045
7.4258 0.6908 0.8008
7.4464 0.6835 0.7973
7.4669 0.6767 0.7939
7.4875 0.6707 0.7908
7.5081 0.6655 0.7878
7.5287 0.6612 0.7850
7.5492 0.6578 0.7824
7.5698 0.6553 0.7802
7.5904 0.6537 0.7782
7.6109 0.6530 0.7767
7.6315 0.6531 0.7755
7.6521 0.6540 0.7748
7.6726 0.6556 0.7744
7.6932 0.6577 0.7745
7.7138 0.6604 0.7747
7.7344 0.6634 0.7752
7.7549 0.6668 0.7758
7.7755 0.6704 0.7764
7.7961 0.6741 0.7767
7.8166 0.6779 0.7768
7.8372 0.6818 0.7764
7.8578 0.6856 0.7755
7.8783 0.6895 0.7740
7.8989 0.6935 0.7718
7.9195 0.6975 0.7688
7.9401 0.7015 0.7652
7.9606 0.7057 0.7608
7.9812 0.7100 0.7560
8.0018 0.7145 0.7506
8.0223 0.7192 0.7450
8.0429 0.7240 0.7392
8.0635 0.7289 0.7335
8.0840 0.7339 0.7280
8.1046 0.7390 0.7229
8.1252 0.7440 0.7184
8.1458 0.7489 0.7147
8.1663 0.7537 0.7120
8.1869 0.7581 0.7102
8.2075 0.7622 0.7097
8.2280 0.7660 0.7103
8.2486 0.7692 0.7121
8.2692 0.7720 0.7151
8.2897 0.7742 0.7193
8.3103 0.7760 0.7244
8.3309 0.7773 0.7304
8.3515 0.7781 0.7371
8.3720 0.7785 0.7444
8.3926 0.7787 0.7520
8.4132 0.7785 0.7597
8.4337 0.7782 0.7673
8.4543 0.7777 0.7748
8.4749 0.7772 0.7818
8.4954 0.7766 0.7883
8.5160 0.7761 0.7942
8.5366 0.7754 0.7994
8.5572 0.7748 0.8040
8.5777 0.7741 0.8078
8.5983 0.7732 0.8109
8.6189 0.7722 0.8134
8.6394 0.7709 0.8154
8.6600 0.7692 0.8168
8.6806 0.7672 0.8179
8.7011 0.7648 0.8186
8.7217 0.7619 0.8190
8.7423 0.7585 0.8191
8.7629 0.7546 0.8191
8.7834 0.7502 0.8188
8.8040 0.7453 0.8182
8.8246 0.7400 0.8173
8.8451 0.7342 0.8160
8.8657 0.7281 0.8143
8.8863 0.7216 0.8120
8.9068 0.7148 0.8092
8.9274 0.7078 0.8058
8.9480 0.7006 0.8017
8.9686 0.6933 0.7970
8.9891 0.6858 0.7918
9.0097 0.6784 0.7860
9.0303 0.6709 0.7797
9.0508 0.6636 0.7730
9.0714 0.6564 0.7660
9.0920 0.6494 0.7588
9.1125 0.6427 0.7515
9.1331 0.6363 0.7441
9.1537 0.6303 0.7368
9.1743 0.6246 0.7296
9.1948 0.6194 0.7226
9.2154 0.6147 0.7158
9.2360 0.6104 0.7094
9.2565 0.6066 0.7033
9.2771 0.6032 0.6976
9.2977 0.6002 0.6923
9.3182 0.5977 0.6876
9.3388 0.5957 0.6834
9.3594 0.5940 0.6798
9.3800 0.5928 0.6767
9.4005 0.5920 0.6742
9.4211 0.5915 0.6721
9.4417 0.5915 0.6705
9.4622 0.5918 0.6692
9.4828 0.5924 0.6681
9.5034 0.5933 0.6672
9.5240 0.5945 0.6662
9.5445 0.5960 0.6651
9.5651 0.5976 0.6638
9.5857 0.5994 0.6621
9.6062 0.6012 0.6600
9.6268 0.6032 0.6575
9.6474 0.6051 0.6544
9.6679 0.6069 0.6509
9.6885 0.6087 0.6470
9.7091 0.6102 0.6427
9.7297 0.6115 0.6382
9.7502 0.6125 0.6335
9.7708 0.6132 0.6287
9.7914 0.6134 0.6238
9.8119 0.6132 0.6190
9.8325 0.6125 0.6143
9.8531 0.6114 0.6097
9.8736 0.6098 0.6053
9.8942 0.6079 0.6010
9.9148 0.6057 0.5968
9.9354 0.6033 0.5927
9.9559 0.6007 0.5887
9.9765 0.5980 0.5847
9.9971 0.5954 0.5808
10.0176 0.5929 0.5770
10.0382 0.5907 0.5732
10.0588 0.5887 0.5695
10.0793 0.5870 0.5659
10.0999 0.5857 0.5624
10.1205 0.5847 0.5591
10.1411 0.5840 0.5559
10.1616 0.5837 0.5529
10.1822 0.5837 0.5502
10.2028 0.5840 0.5477
10.2233 0.5845 0.5454
10.2439 0.5851 0.5434
10.2645 0.5859 0.5417
10.2850 0.5869 0.5402
10.3056 0.5879 0.5390
10.3262 0.5889 0.5381
10.3468 0.5900 0.5373
10.3673 0.5911 0.5367
10.3879 0.5922 0.5363
10.4085 0.5934 0.5361
10.4290 0.5945 0.5359
10.4496 0.5958 0.5359
10.4702 0.5971 0.5359
10.4907 0.5984 0.5360
10.5113 0.5999 0.5362
10.5319 0.6015 0.5365
10.5525 0.6032 0.5368
10.5730 0.6050 0.5373
10.5936 0.6069 0.5379
10.6142 0.6089 0.5387
10.6347 0.6111 0.5398
10.6553 0.6133 0.5410
10.6759 0.6157 0.5426
10.6964 0.6182 0.5444
10.7170 0.6207 0.5466
10.7376 0.6233 0.5490
10.7582 0.6260 0.5517
10.7787 0.6288 0.5547
10.7993 0.6316 0.5580
10.8199 0.6346 0.5614
10.8404 0.6377 0.5651
10.8610 0.6409 0.5688
10.8816 0.6442 0.5727
10.9021 0.6476 0.5767
10.9227 0.6512 0.5807
10.9433 0.6550 0.5847
10.9639 0.6589 0.5889
10.9844 0.6629 0.5930
11.0050 0.6671 0.5972
11.0256 0.6714 0.6015
11.0461 0.6758 0.6057
11.0667 0.6802 0.6101
11.0873 0.6847 0.6144
11.1078 0.6892 0.6187
11.1284 0.6936 0.6230
11.1490 0.6979 0.6272
11.1696 0.7020 0.6313
11.1901 0.7059 0.6352
11.2107 0.7096 0.6388
11.2313 0.7128 0.6421
11.2518 0.7157 0.6451
11.2724 0.7181 0.6476
11.2930 0.7201 0.6498
11.3135 0.7216 0.6515
11.3341 0.7226 0.6527
11.3547 0.7232 0.6536
11.3753 0.7233 0.6541
11.3958 0.7232 0.6543
11.4164 0.7229 0.6543
11.4370 0.7225 0.6541
11.4575 0.7222 0.6538
11.4781 0.7220 0.6535
11.4987 0.7221 0.6533
11.5192 0.7226 0.6532
11.5398 0.7237 0.6532
11.5604 0.7254 0.6534
11.5810 0.7278 0.6538
11.6015 0.7309 0.6544
11.6221 0.7347 0.6551
11.6427 0.7393 0.6560
11.6632 0.7446 0.6570
11.6838 0.7506 0.6581
11.7044 0.7572 0.6593
11.7249 0.7642 0.6605
11.7455 0.7717 0.6617
11.7661 0.7794 0.6629
11.7867 0.7874 0.6641
11.8072 0.7954 0.6654
11.8278 0.8034 0.6666
11.8484 0.8113 0.6680
11.8689 0.8190 0.6694
11.8895 0.8266 0.6709
11.9101 0.8339 0.6726
11.9307 0.8409 0.6745
11.9512 0.8476 0.6765
11.9718 0.8541 0.6787
11.9924 0.8603 0.6810
12.0129 0.8662 0.6835
12.0335 0.8720 0.6861
12.0541 0.8776 0.6888
12.0746 0.8830 0.6915
12.0952 0.8883 0.6943
12.1158 0.8936 0.6969
12.1364 0.8987 0.6995
12.1569 0.9038 0.7020
12.1775 0.9089 0.7043
12.1981 0.9141 0.7064
12.2186 0.9192 0.7084
12.2392 0.9244 0.7102
12.2598 0.9298 0.7119
12.2803 0.9352 0.7134
12.3009 0.9409 0.7149
12.3215 0.9468 0.7164
12.3421 0.9529 0.7180
12.3626 0.9593 0.7197
12.3832 0.9659 0.7217
12.4038 0.9728 0.7239
12.4243 0.9800 0.7264
12.4449 0.9874 0.7294
12.4655 0.9951 0.7329
12.4860 1.0029 0.7369
12.5066 1.0108 0.7415
12.5272 1.0189 0.7467
12.5478 1.0269 0.7525
12.5683 1.0350 0.7589
12.5889 1.0430 0.7659
12.6095 1.0510 0.7734
12.6300 1.0588 0.7814
12.6506 1.0664 0.7899
12.6712 1.0738 0.7987
12.6917 1.0810 0.8079
12.7123 1.0878 0.8173
12.7329 1.0944 0.8269
12.7535 1.1005 0.8367
12.7740 1.1063 0.8465
12.7946 1.1116 0.8565
12.8152 1.1165 0.8665
12.8357 1.1209 0.8765
12.8563 1.1249 0.8866
12.8769 1.1283 0.8967
12.8974 1.1314 0.9069
12.9180 1.1340 0.9171
12.9386 1.1363 0.9273
12.9592 1.1382 0.9376
12.9797 1.1398 0.9479
13.0003 1.1413 0.9583
13.0209 1.1425 0.9687
13.0414 1.1438 0.9790
13.0620 1.1450 0.9893
13.0826 1.1464 0.9995
13.1031 1.1479 1.0096
13.1237 1.1497 1.0194
13.1443 1.1518 1.0289
13.1649 1.1543 1.0380
13.1854 1.1573 1.0468
13.2060 1.1607 1.0551
13.2266 1.1647 1.0629
13.2471 1.1692 1.0701
13.2677 1.1742 1.0768
13.2883 1.1796 1.0830
13.3088 1.1855 1.0886
13.3294 1.1917 1.0937
13.3500 1.1982 1.0984
13.3706 1.2049 1.1026
13.3911 1.2116 1.1065
13.4117 1.2184 1.1100
13.4323 1.2251 1.1134
13.4528 1.2316 1.1165
13.4734 1.2378 1.1194
13.4940 1.2436 1.1222
13.5145 1.2489 1.1249
13.5351 1.2535 1.1274
13.5557 1.2576 1.1299
13.5763 1.2608 1.1322
13.5968 1.2633 1.1344
13.6174 1.2649 1.1365
13.6380 1.2656 1.1383
13.6585 1.2654 1.1400
13.6791 1.2644 1.1414
13.6997 1.2624 1.1425
13.7202 1.2596 1.1433
13.7408 1.2560 1.1438
13.7614 1.2516 1.1440
13.7820 1.2466 1.1438
13.8025 1.2409 1.1432
13.8231 1.2348 1.1422
13.8437 1.2282 1.1407
13.8642 1.2213 1.1389
13.8848 1.2141 1.1366
13.9054 1.2068 1.1338
13.9259 1.1993 1.1307
13.9465 1.1918 1.1272
13.9671 1.1843 1.1233
13.9877 1.1769 1.1191
14.0082 1.1697 1.1147
14.0288 1.1625 1.1101
14.0494 1.1556 1.1055
14.0699 1.1489 1.1008
14.0905 1.1424 1.0961
14.1111 1.1363 1.0915
14.1316 1.1304 1.0871
14.1522 1.1249 1.0827
14.1728 1.1197 1.0785
14.1934 1.1148 1.0743
14.2139 1.1102 1.0703
14.2345 1.1058 1.0663
14.2551 1.1017 1.0623
14.2756 1.0978 1.0582
14.2962 1.0941 1.0541
14.3168 1.0903 1.0498
14.3374 1.0866 1.0455
14.3579 1.0827 1.0410
14.3785 1.0788 1.0364
14.3991 1.0746 1.0316
14.4196 1.0703 1.0268
14.4402 1.0657 1.0220
14.4608 1.0609 1.0171
14.4813 1.0560 1.0123
14.5019 1.0509 1.0076
14.5225 1.0458 1.0029
14.5431 1.0408 0.9983
14.5636 1.0358 0.9939
14.5842 1.0311 0.9896
14.6048 1.0266 0.9855
14.6253 1.0224 0.9814
14.6459 1.0186 0.9775
14.6665 1.0152 0.9735
14.6870 1.0121 0.9696
14.7076 1.0094 0.9656
14.7282 1.0070 0.9616
14.7488 1.0049 0.9575
14.7693 1.0030 0.9531
14.7899 1.0013 0.9486
14.8105 0.9997 0.9439
14.8310 0.9981 0.9390
14.8516 0.9965 0.9339
14.8722 0.9947 0.9286
14.8927 0.9928 0.9231
14.9133 0.9907 0.9174
14.9339 0.9883 0.9118
14.9545 0.9856 0.9061
14.9750 0.9826 0.9004
14.9956 0.9793 0.8949
15.0162 0.9757 0.8896
15.0367 0.9717 0.8845
15.0573 0.9674 0.8796
15.0779 0.9628 0.8751
15.0984 0.9578 0.8709
15.1190 0.9526 0.8670
15.1396 0.9472 0.8634
15.1602 0.9415 0.8601
15.1807 0.9357 0.8570
15.2013 0.9297 0.8541
15.2219 0.9237 0.8514
15.2424 0.9176 0.8488
15.2630 0.9115 0.8462
15.2836 0.9054 0.8437
15.3041 0.8995 0.8411
15.3247 0.8936 0.8385
15.3453 0.8879 0.8358
15.3659 0.8824 0.8331
15.3864 0.8770 0.8302
15.4070 0.8719 0.8274
15.4276 0.8670 0.8244
15.4481 0.8623 0.8215
15.4687 0.8579 0.8185
15.4893 0.8537 0.8155
15.5098 0.8497 0.8127
15.5304 0.8459 0.8098
15.5510 0.8423 0.8071
15.5716 0.8388 0.8044
15.5921 0.8355 0.8018
15.6127 0.8324 0.7993
15.6333 0.8293 0.7969
15.6538 0.8263 0.7946
15.6744 0.8234 0.7922
15.6950 0.8205 0.7899
15.7155 0.8175 0.7875
15.7361 0.8146 0.7851
15.7567 0.8116 0.7826
15.7773 0.8084 0.7799
15.7978 0.8052 0.7771
15.8184 0.8018 0.7740
15.8390 0.7983 0.7706
15.8595 0.7946 0.7669
15.8801 0.7907 0.7629
15.9007 0.7867 0.7585
15.9212 0.7824 0.7538
15.9418 0.7780 0.7487
15.9624 0.7734 0.7432
15.9830 0.7687 0.7374
16.0035 0.7639 0.7312
16.0241 0.7589 0.7248
16.0447 0.7538 0.7182
16.0652 0.7487 0.7113
16.0858 0.7435 0.7044
16.1064 0.7383 0.6974
16.1269 0.7331 0.6903
16.1475 0.7279 0.6833
16.1681 0.7227 0.6763
16.1887 0.7175 0.6695
16.2092 0.7123 0.6628
16.2298 0.7071 0.6562
16.2504 0.7019 0.6498
16.2709 0.6968 0.6435
16.2915 0.6916 0.6374
16.3121 0.6865 0.6314
16.3326 0.6814 0.6256
16.3532 0.6763 0.6198
16.3738 0.6712 0.6141
16.3944 0.6661 0.6085
16.4149 0.6610 0.6030
16.4355 0.6559 0.5975
16.4561 0.6508 0.5920
16.4766 0.6457 0.5866
16.4972 0.6407 0.5812
16.5178 0.6356 0.5758
16.5384 0.6306 0.5705
16.5589 0.6256 0.5652
16.5795 0.6206 0.5600
16.6001 0.6156 0.5548
16.6206 0.6106 0.5496
16.6412 0.6056 0.5446
16.6618 0.6005 0.5396
16.6823 0.5954 0.5347
16.7029 0.5903 0.5298
16.7235 0.5851 0.5250
16.7441 0.5798 0.5202
16.7646 0.5744 0.5155
16.7852 0.5689 0.5107
16.8058 0.5634 0.5060
16.8263 0.5578 0.5013
16.8469 0.5521 0.4967
16.8675 0.5463 0.4920
16.8880 0.5405 0.4873
16.9086 0.5346 0.4826
16.9292 0.5287 0.4780
16.9498 0.5228 0.4734
16.9703 0.5170 0.4689
16.9909 0.5112 0.4645
17.0115 0.5054 0.4602
17.0320 0.4997 0.4561
17.0526 0.4940 0.4521
17.0732 0.4885 0.4482
17.0937 0.4830 0.4446
17.1143 0.4777 0.4411
17.1349 0.4724 0.4377
17.1555 0.4673 0.4345
17.1760 0.4622 0.4314
17.1966 0.4573 0.4284
17.2172 0.4525 0.4255
17.2377 0.4478 0.4226
17.2583 0.4432 0.4197
17.2789 0.4388 0.4168
17.2994 0.4345 0.4139
17.3200 0.4303 0.4109
17.3406 0.4262 0.4079
17.3612 0.4223 0.4048
17.3817 0.4184 0.4017
17.4023 0.4147 0.3986
17.4229 0.4110 0.3954
17.4434 0.4074 0.3923
17.4640 0.4039 0.3891
17.4846 0.4004 0.3860
17.5051 0.3970 0.3829
17.5257 0.3935 0.3799
17.5463 0.3901 0.3768
17.5669 0.3868 0.3738
17.5874 0.3834 0.3708
17.6080 0.3800 0.3678
17.6286 0.3767 0.3647
17.6491 0.3733 0.3617
17.6697 0.3699 0.3587
17.6903 0.3666 0.3556
17.7108 0.3632 0.3525
17.7314 0.3599 0.3494
17.7520 0.3565 0.3463
17.7726 0.3532 0.3432
17.7931 0.3498 0.3401
17.8137 0.3465 0.3371
17.8343 0.3432 0.3341
17.8548 0.3399 0.3312
17.8754 0.3367 0.3284
17.8960 0.3335 0.3256
17.9165 0.3304 0.3230
17.9371 0.3273 0.3206
17.9577 0.3243 0.3182
17.9783 0.3214 0.3160
17.9988 0.3185 0.3138
18.0194 0.3158 0.3118
18.0400 0.3131 0.3098
18.0605 0.3105 0.3079
18.0811 0.3079 0.3060
18.1017 0.3054 0.3041
18.1222 0.3030 0.3022
18.1428 0.3006 0.3003
18.1634 0.2983 0.2984
18.1840 0.2960 0.2963
18.2045 0.2937 0.2943
18.2251 0.2914 0.2921
18.2457 0.2892 0.2899
18.2662 0.2869 0.2876
18.2868 0.2847 0.2852
18.3074 0.2824 0.2828
18.3279 0.2802 0.2803
18.3485 0.2779 0.2777
18.3691 0.2756 0.2751
18.3897 0.2734 0.2724
18.4102 0.2711 0.2697
18.4308 0.2688 0.2670
18.4514 0.2665 0.2642
18.4719 0.2642 0.2614
18.4925 0.2618 0.2587
18.5131 0.2594 0.2559
18.5336 0.2570 0.2532
18.5542 0.2546 0.2504
18.5748 0.2521 0.2477
18.5954 0.2496 0.2450
18.6159 0.2471 0.2424
18.6365 0.2446 0.2398
18.6571 0.2420 0.2372
18.6776 0.2395 0.2347
18.6982 0.2370 0.2322
18.7188 0.2346 0.2297
18.7393 0.2322 0.2273
18.7599 0.2299 0.2249
18.7805 0.2277 0.2225
18.8011 0.2255 0.2202
18.8216 0.2234 0.2179
18.8422 0.2213 0.2155
18.8628 0.2193 0.2132
18.8833 0.2174 0.2109
18.9039 0.2155 0.2086
18.9245 0.2136 0.2064
18.9451 0.2117 0.2041
18.9656 0.2099 0.2018
18.9862 0.2080 0.1995
19.0068 0.2061 0.1972
19.0273 0.2042 0.1949
19.0479 0.2022 0.1926
19.0685 0.2003 0.1903
19.0890 0.1984 0.1880
19.1096 0.1964 0.1857
19.1302 0.1945 0.1834
19.1508 0.1927 0.1812
19.1713 0.1908 0.1790
19.1919 0.1891 0.1769
19.2125 0.1873 0.1748
19.2330 0.1856 0.1727
19.2536 0.1840 0.1707
19.2742 0.1823 0.1687
19.2947 0.1807 0.1668
19.3153 0.1792 0.1649
19.3359 0.1776 0.1630
19.3565 0.1760 0.1612
19.3770 0.1744 0.1594
19.3976 0.1728 0.1576
19.4182 0.1711 0.1558
19.4387 0.1694 0.1540
19.4593 0.1676 0.1522
19.4799 0.1657 0.1505
19.5004 0.1638 0.1487
19.5210 0.1619 0.1469
19.5416 0.1599 0.1452
19.5622 0.1578 0.1434
19.5827 0.1557 0.1417
19.6033 0.1536 0.1399
19.6239 0.1515 0.1382
19.6444 0.1494 0.1365
19.6650 0.1473 0.1348
19.6856 0.1452 0.1331
19.7061 0.1432 0.1315
19.7267 0.1412 0.1299
19.7473 0.1393 0.1282
19.7679 0.1374 0.1266
19.7884 0.1356 0.1251
19.8090 0.1339 0.1235
19.8296 0.1323 0.1219
19.8501 0.1307 0.1204
19.8707 0.1292 0.1189
19.8913 0.1278 0.1174
19.9118 0.1264 0.1159
19.9324 0.1251 0.1145
19.9530 0.1239 0.1130
19.9736 0.1227 0.1116
19.9941 0.1215 0.1103
20.0147 0.1203 0.1089
20.0353 0.1191 0.1076
20.0558 0.1180 0.1063
20.0764 0.1168 0.1051
20.0970 0.1156 0.1038
20.1175 0.1144 0.1026
20.1381 0.1133 0.1015
20.1587 0.1121 0.1003
20.1793 0.1108 0.0992
20.1998 0.1096 0.0981
20.2204 0.1084 0.0971
20.2410 0.1072 0.0960
20.2615 0.1060 0.0950
20.2821 0.1047 0.0940
20.3027 0.1035 0.0930
20.3232 0.1023 0.0921
20.3438 0.1012 0.0911
20.3644 0.1000 0.0901
20.3850 0.0989 0.0892
20.4055 0.0977 0.0883
20.4261 0.0967 0.0873
20.4467 0.0956 0.0864
20.4672 0.0945 0.0855
20.4878 0.0935 0.0846
20.5084 0.0925 0.0837
20.5289 0.0915 0.0828
20.5495 0.0905 0.0820
20.5701 0.0895 0.0811
20.5907 0.0886 0.0802
20.6112 0.0876 0.0794
20.6318 0.0867 0.0786
20.6524 0.0857 0.0777
20.6729 0.0848 0.0769
20.6935 0.0839 0.0761
20.7141 0.0829 0.0754
20.7346 0.0820 0.0746
20.7552 0.0811 0.0738
20.7758 0.0802 0.0731
20.7964 0.0793 0.0724
20.8169 0.0784 0.0717
20.8375 0.0775 0.0710
20.8581 0.0766 0.0704
20.8786 0.0758 0.0697
20.8992 0.0749 0.0691
20.9198 0.0741 0.0685
20.9403 0.0732 0.0678
20.9609 0.0724 0.0672
20.9815 0.0715 0.0666
21.0021 0.0707 0.0660
21.0226 0.0698 0.0653
21.0432 0.0689 0.0647
21.0638 0.0680 0.0641
21.0843 0.0671 0.0634
21.1049 0.0662 0.0628
21.1255 0.0653 0.0622
21.1460 0.0644 0.0615
21.1666 0.0635 0.0609
21.1872 0.0626 0.0602
21.2078 0.0617 0.0596
21.2283 0.0609 0.0590
21.2489 0.0600 0.0584
21.2695 0.0592 0.0577
21.2900 0.0584 0.0571
21.3106 0.0577 0.0566
21.3312 0.0570 0.0560
21.3518 0.0563 0.0554
21.3723 0.0556 0.0548
21.3929 0.0550 0.0542
21.4135 0.0544 0.0537
21.4340 0.0538 0.0531
21.4546 0.0532 0.0525
21.4752 0.0527 0.0520
21.4957 0.0521 0.0514
21.5163 0.0516 0.0508
21.5369 0.0511 0.0503
21.5575 0.0507 0.0497
21.5780 0.0502 0.0492
21.5986 0.0497 0.0486
21.6192 0.0493 0.0480
21.6397 0.0488 0.0475
21.6603 0.0484 0.0469
21.6809 0.0480 0.0464
21.7014 0.0475 0.0459
21.7220 0.0471 0.0453
21.7426 0.0467 0.0448
21.7632 0.0462 0.0443
21.7837 0.0458 0.0438
21.8043 0.0454 0.0433
21.8249 0.0450 0.0428
21.8454 0.0445 0.0423
21.8660 0.0441 0.0418
21.8866 0.0437 0.0414
21.9071 0.0433 0.0409
21.9277 0.0428 0.0405
21.9483 0.0424 0.0400
21.9689 0.0419 0.0395
21.9894 0.0415 0.0390
22.0100 0.0410 0.0386
22.0306 0.0406 0.0381
22.0511 0.0402 0.0376
22.0717 0.0397 0.0371
22.0923 0.0393 0.0366
22.1128 0.0388 0.0361
22.1334 0.0384 0.0356
22.1540 0.0380 0.0351
22.1746 0.0376 0.0347
22.1951 0.0372 0.0342
22.2157 0.0368 0.0337
22.2363 0.0364 0.0333
22.2568 0.0360 0.0328
22.2774 0.0357 0.0324
22.2980 0.0353 0.0320
22.3185 0.0350 0.0317
22.3391 0.0347 0.0313
22.3597 0.0344 0.0309
22.3803 0.0341 0.0306
22.4008 0.0338 0.0303
22.4214 0.0335 0.0300
22.4420 0.0332 0.0297
22.4625 0.0329 0.0294
22.4831 0.0327 0.0292
22.5037 0.0324 0.0289
22.5242 0.0322 0.0287
22.5448 0.0319 0.0285
22.5654 0.0317 0.0283
22.5860 0.0314 0.0281
22.6065 0.0312 0.0279
22.6271 0.0310 0.0277
22.6477 0.0307 0.0276
22.6682 0.0305 0.0274
22.6888 0.0303 0.0273
22.7094 0.0301 0.0272
22.7299 0.0299 0.0271
22.7505 0.0297 0.0270
22.7711 0.0295 0.0269
22.7917 0.0293 0.0268
22.8122 0.0291 0.0267
22.8328 0.0290 0.0266
22.8534 0.0288 0.0265
22.8739 0.0286 0.0264
22.8945 0.0285 0.0262
22.9151 0.0283 0.0261
22.9356 0.0281 0.0259
22.9562 0.0280 0.0257
22.9768 0.0278 0.0255
22.9974 0.0276 0.0253
23.0179 0.0275 0.0251
23.0385 0.0273 0.0248
23.0591 0.0271 0.0246
23.0796 0.0269 0.0244
23.1002 0.0267 0.0241
23.1208 0.0266 0.0239
23.1413 0.0264 0.0237
23.1619 0.0262 0.0235
23.1825 0.0261 0.0233
23.2031 0.0259 0.0231
23.2236 0.0258 0.0229
23.2442 0.0256 0.0228
23.2648 0.0255 0.0226
23.2853 0.0253 0.0224
23.3059 0.0252 0.0223
23.3265 0.0250 0.0222
23.3470 0.0249 0.0220
23.3676 0.0247 0.0219
23.3882 0.0245 0.0218
23.4088 0.0244 0.0216
23.4293 0.0242 0.0215
23.4499 0.0241 0.0214
23.4705 0.0239 0.0212
23.4910 0.0237 0.0211
23.5116 0.0236 0.0210
23.5322 0.0234 0.0208
23.5527 0.0232 0.0207
23.5733 0.0231 0.0206
23.5939 0.0229 0.0205
23.6145 0.0228 0.0204
23.6350 0.0226 0.0203
23.6556 0.0225 0.0202
23.6762 0.0223 0.0201
23.6967 0.0222 0.0200
23.7173 0.0220 0.0199
23.7379 0.0219 0.0198
23.7585 0.0218 0.0198
23.7790 0.0217 0.0197
23.7996 0.0216 0.0197
23.8202 0.0214 0.0196
23.8407 0.0213 0.0195
23.8613 0.0212 0.0195
23.8819 0.0211 0.0195
23.9024 0.0210 0.0194
23.9230 0.0209 0.0194
23.9436 0.0208 0.0193
23.9642 0.0208 0.0193
23.9847 0.0207 0.0192
24.0053 0.0206 0.0191
24.0259 0.0205 0.0191
24.0464 0.0204 0.0190
24.0670 0.0203 0.0190
24.0876 0.0202 0.0189
24.1081 0.0202 0.0188
24.1287 0.0201 0.0187
24.1493 0.0200 0.0187
24.1699 0.0199 0.0186
24.1904 0.0198 0.0185
24.2110 0.0198 0.0184
24.2316 0.0197 0.0183
24.2521 0.0196 0.0182
24.2727 0.0196 0.0182
24.2933 0.0195 0.0181
24.3138 0.0194 0.0180
24.3344 0.0194 0.0179
24.3550 0.0193 0.0178
24.3756 0.0192 0.0177
24.3961 0.0192 0.0176
24.4167 0.0191 0.0176
24.4373 0.0191 0.0175
24.4578 0.0190 0.0174
24.4784 0.0189 0.0174
24.4990 0.0189 0.0173
24.5195 0.0188 0.0173
24.5401 0.0187 0.0173
24.5607 0.0187 0.0172
24.5813 0.0186 0.0172
24.6018 0.0185 0.0171
24.6224 0.0184 0.0171
24.6430 0.0183 0.0171
24.6635 0.0183 0.0170
24.6841 0.0182 0.0170
24.7047 0.0181 0.0170
24.7252 0.0180 0.0169
24.7458 0.0180 0.0168
24.7664 0.0179 0.0168
24.7870 0.0179 0.0167
24.8075 0.0178 0.0167
24.8281 0.0177 0.0166
24.8487 0.0177 0.0165
24.8692 0.0176 0.0164
24.8898 0.0176 0.0164
24.9104 0.0175 0.0163
24.9309 0.0174 0.0162
24.9515 0.0174 0.0161
24.9721 0.0173 0.0160
24.9927 0.0172 0.0160
25.0132 0.0171 0.0159
25.0338 0.0170 0.0158
25.0544 0.0169 0.0157
25.0749 0.0168 0.0156
25.0955 0.0167 0.0156
25.1161 0.0166 0.0155
25.1366 0.0165 0.0154
25.1572 0.0164 0.0153
25.1778 0.0163 0.0152
25.1984 0.0161 0.0150
25.2189 0.0160 0.0149
25.2395 0.0158 0.0148
25.2601 0.0157 0.0147
25.2806 0.0156 0.0145
25.3012 0.0154 0.0144
25.3218 0.0153 0.0142
25.3423 0.0151 0.0141
25.3629 0.0150 0.0140
25.3835 0.0148 0.0138
25.4041 0.0146 0.0137
25.4246 0.0145 0.0135
25.4452 0.0143 0.0133
25.4658 0.0142 0.0132
25.4863 0.0141 0.0130
25.5069 0.0139 0.0129
25.5275 0.0138 0.0127
25.5480 0.0136 0.0126
25.5686 0.0135 0.0124
25.5892 0.0134 0.0123
25.6098 0.0133 0.0121
25.6303 0.0131 0.0120
25.6509 0.0130 0.0119
25.6715 0.0129 0.0117
25.6920 0.0128 0.0116
25.7126 0.0127 0.0114
25.7332 0.0126 0.0113
25.7537 0.0124 0.0112
25.7743 0.0123 0.0111
25.7949 0.0122 0.0109
25.8155 0.0121 0.0108
25.8360 0.0120 0.0107
25.8566 0.0119 0.0106
25.8772 0.0118 0.0105
25.8977 0.0118 0.0104
25.9183 0.0117 0.0104
25.9389 0.0116 0.0103
25.9595 0.0115 0.0102
25.9800 0.0115 0.0101
26.0006 0.0114 0.0101
26.0212 0.0114 0.0100
26.0417 0.0113 0.0099
26.0623 0.0113 0.0099
26.0829 0.0113 0.0098
26.1034 0.0112 0.0097
26.1240 0.0112 0.0097
26.1446 0.0112 0.0096
26.1652 0.0112 0.0095
26.1857 0.0111 0.0095
26.2063 0.0111 0.0094
26.2269 0.0111 0.0093
26.2474 0.0110 0.0092
26.2680 0.0110 0.0092
26.2886 0.0109 0.0091
26.3091 0.0108 0.0090
26.3297 0.0107 0.0089
26.3503 0.0106 0.0088
26.3709 0.0105 0.0088
26.3914 0.0104 0.0087
26.4120 0.0103 0.0086
26.4326 0.0102 0.0086
26.4531 0.0101 0.0085
26.4737 0.0099 0.0084
26.4943 0.0098 0.0084
26.5148 0.0097 0.0083
26.5354 0.0095 0.0082
26.5560 0.0094 0.0082
26.5766 0.0093 0.0081
26.5971 0.0092 0.0080
26.6177 0.0090 0.0079
26.6383 0.0089 0.0079
26.6588 0.0088 0.0078
26.6794 0.0087 0.0077
26.7000 0.0086 0.0077
26.7205 0.0085 0.0076
26.7411 0.0084 0.0076
26.7617 0.0083 0.0075
26.7823 0.0083 0.0074
26.8028 0.0082 0.0074
26.8234 0.0081 0.0073
26.8440 0.0080 0.0073
26.8645 0.0080 0.0072
26.8851 0.0079 0.0072
26.9057 0.0078 0.0071
26.9262 0.0077 0.0071
26.9468 0.0077 0.0071
26.9674 0.0076 0.0070
26.9880 0.0075 0.0070
27.0085 0.0075 0.0069
27.0291 0.0074 0.0069
27.0497 0.0073 0.0069
27.0702 0.0073 0.0068
27.0908 0.0072 0.0068
27.1114 0.0072 0.0068
27.1319 0.0071 0.0067
27.1525 0.0071 0.0067
27.1731 0.0070 0.0067
27.1937 0.0070 0.0066
27.2142 0.0069 0.0066
27.2348 0.0069 0.0066
27.2554 0.0068 0.0065
27.2759 0.0068 0.0065
27.2965 0.0067 0.0065
27.3171 0.0067 0.0064
27.3376 0.0066 0.0064
27.3582 0.0066 0.0063
27.3788 0.0065 0.0063
27.3994 0.0065 0.0063
27.4199 0.0064 0.0062
27.4405 0.0063 0.0062
27.4611 0.0063 0.0062
27.4816 0.0062 0.0061
27.5022 0.0062 0.0061
27.5228 0.0061 0.0060
27.5433 0.0061 0.0060
27.5639 0.0060 0.0060
27.5845 0.0059 0.0059
27.6051 0.0059 0.0058
27.6256 0.0058 0.0058
27.6462 0.0057 0.0057
27.6668 0.0057 0.0057
27.6873 0.0056 0.0056
27.7079 0.0055 0.0055
27.7285 0.0055 0.0054
27.7490 0.0054 0.0054
27.7696 0.0053 0.0053
27.7902 0.0052 0.0052
27.8108 0.0052 0.0051
27.8313 0.0051 0.0051
27.8519 0.0050 0.0050
27.8725 0.0050 0.0049
27.8930 0.0049 0.0048
27.9136 0.0048 0.0048
27.9342 0.0048 0.0047
27.9547 0.0047 0.0046
27.9753 0.0047 0.0046
27.9959 0.0046 0.0045
28.0165 0.0046 0.0044
28.0370 0.0045 0.0044
28.0576 0.0045 0.0043
28.0782 0.0044 0.0043
28.0987 0.0044 0.0042
28.1193 0.0043 0.0041
28.1399 0.0043 0.0041
28.1604 0.0042 0.0040
28.1810 0.0042 0.0040
28.2016 0.0041 0.0039
28.2222 0.0041 0.0039
28.2427 0.0041 0.0038
28.2633 0.0040 0.0038
28.2839 0.0040 0.0037
28.3044 0.0039 0.0037
28.3250 0.0039 0.0036
28.3456 0.0039 0.0036
28.3662 0.0038 0.0035
28.3867 0.0038 0.0035
28.4073 0.0037 0.0035
28.4279 0.0037 0.0034
28.4484 0.0037 0.0034
28.4690 0.0036 0.0034
28.4896 0.0036 0.0034
28.5101 0.0035 0.0033
28.5307 0.0035 0.0033
28.5513 0.0034 0.0033
28.5719 0.0034 0.0033
28.5924 0.0034 0.0033
28.6130 0.0033 0.0033
28.6336 0.0033 0.0032
28.6541 0.0032 0.0032
28.6747 0.0032 0.0032
28.6953 0.0031 0.0032
28.7158 0.0031 0.0032
28.7364 0.0030 0.0032
28.7570 0.0030 0.0032
28.7776 0.0030 0.0031
28.7981 0.0029 0.0031
28.8187 0.0029 0.0031
28.8393 0.0028 0.0031
28.8598 0.0028 0.0031
28.8804 0.0027 0.0030
28.9010 0.0027 0.0030
28.9215 0.0027 0.0030
28.9421 0.0026 0.0030
28.9627 0.0026 0.0030
28.9833 0.0026 0.0029
29.0038 0.0025 0.0029
29.0244 0.0025 0.0029
29.0450 0.0025 0.0029
29.0655 0.0024 0.0029
29.0861 0.0024 0.0029
29.1067 0.0024 0.0028
29.1272 0.0023 0.0028
29.1478 0.0023 0.0028
29.1684 0.0023 0.0028
29.1890 0.0023 0.0028
29.2095 0.0022 0.0028
29.2301 0.0022 0.0027
29.2507 0.0022 0.0027
29.2712 0.0022 0.0027
29.2918 0.0021 0.0027
29.3124 0.0021 0.0027
29.3329 0.0021 0.0027
29.3535 0.0021 0.0026
29.3741 0.0020 0.0026
29.3947 0.0020 0.0026
29.4152 0.0020 0.0026
29.4358 0.0020 0.0026
29.4564 0.0019 0.0025
29.4769 0.0019 0.0025
29.4975 0.0019 0.0025
29.5181 0.0019 0.0025
29.5386 0.0019 0.0025
29.5592 0.0019 0.0024
29.5798 0.0018 0.0024
29.6004 0.0018 0.0024
29.6209 0.0018 0.0024
29.6415 0.0018 0.0023
29.6621 0.0018 0.0023
29.6826 0.0018 0.0023
29.7032 0.0018 0.0023
29.7238 0.0018 0.0023
29.7443 0.0018 0.0022
29.7649 0.0018 0.0022
29.7855 0.0018 0.0022
29.8061 0.0018 0.0022
29.8266 0.0018 0.0022
29.8472 0.0017 0.0022
29.8678 0.0017 0.0021
29.8883 0.0017 0.0021
29.9089 0.0017 0.0021
29.9295 0.0017 0.0021
29.9500 0.0017 0.0021
29.9706 0.0017 0.0020
29.9912 0.0017 0.0020
30.0118 0.0017 0.0020
30.0323 0.0017 0.0020
30.0529 0.0017 0.0020
30.0735 0.0017 0.0019
30.0940 0.0016 0.0019
30.1146 0.0016 0.0019
30.1352 0.0016 0.0019
30.1557 0.0016 0.0018
30.1763 0.0016 0.0018
30.1969 0.0016 0.0018
30.2175 0.0016 0.0018
30.2380 0.0016 0.0017
30.2586 0.0015 0.0017
30.2792 0.0015 0.0017
30.2997 0.0015 0.0017
30.3203 0.0015 0.0016
30.3409 0.0015 0.0016
30.3614 0.0014 0.0016
30.3820 0.0014 0.0016
30.4026 0.0014 0.0016
30.4232 0.0014 0.0015
30.4437 0.0014 0.0015
30.4643 0.0013 0.0015
30.4849 0.0013 0.0015
30.5054 0.0013 0.0014
30.5260 0.0013 0.0014
30.5466 0.0013 0.0014
30.5671 0.0013 0.0014
30.5877 0.0012 0.0014
30.6083 0.0012 0.0014
30.6289 0.0012 0.0013
30.6494 0.0012 0.0013
30.6700 0.0012 0.0013
30.6906 0.0012 0.0013
30.7111 0.0012 0.0013
30.7317 0.0012 0.0013
30.7523 0.0012 0.0012
30.7729 0.0011 0.0012
30.7934 0.0011 0.0012
30.8140 0.0011 0.0012
30.8346 0.0011 0.0012
30.8551 0.0011 0.0012
30.8757 0.0011 0.0012
30.8963 0.0011 0.0012
30.9168 0.0011 0.0011
30.9374 0.0011 0.0011
30.9580 0.0011 0.0011
30.9786 0.0011 0.0011
30.9991 0.0011 0.0011
31.0197 0.0011 0.0011
31.0403 0.0011 0.0011
31.0608 0.0011 0.0010
31.0814 0.0011 0.0010
31.1020 0.0011 0.0010
31.1225 0.0010 0.0010
31.1431 0.0010 0.0010
31.1637 0.0010 0.0010
31.1843 0.0010 0.0010
31.2048 0.0010 0.0009
31.2254 0.0010 0.0009
31.2460 0.0010 0.0009
31.2665 0.0010 0.0009
31.2871 0.0010 0.0009
31.3077 0.0010 0.0009
31.3282 0.0010 0.0009
31.3488 0.0010 0.0009
31.3694 0.0010 0.0008
31.3900 0.0010 0.0008
31.4105 0.0010 0.0008
31.4311 0.0010 0.0008
31.4517 0.0010 0.0008
31.4722 0.0010 0.0008
31.4928 0.0010 0.0008
31.5134 0.0010 0.0008
31.5339 0.0010 0.0008
31.5545 0.0010 0.0008
31.5751 0.0010 0.0008
31.5957 0.0009 0.0008
31.6162 0.0009 0.0008
31.6368 0.0009 0.0008
31.6574 0.0009 0.0008
31.6779 0.0009 0.0008
31.6985 0.0009 0.0008
31.7191 0.0009 0.0008
31.7396 0.0009 0.0007
31.7602 0.0008 0.0007
31.7808 0.0008 0.0007
31.8014 0.0008 0.0007
31.8219 0.0008 0.0007
31.8425 0.0008 0.0007
31.8631 0.0008 0.0007
31.8836 0.0008 0.0007
31.9042 0.0008 0.0007
31.9248 0.0007 0.0007
31.9453 0.0007 0.0007
31.9659 0.0007 0.0007
31.9865 0.0007 0.0007
32.0071 0.0007 0.0007
32.0276 0.0007 0.0007
32.0482 0.0007 0.0006
32.0688 0.0006 0.0006
32.0893 0.0006 0.0006
32.1099 0.0006 0.0006
32.1305 0.0006 0.0006
32.1510 0.0006 0.0006
32.1716 0.0006 0.0006
32.1922 0.0006 0.0006
32.2128 0.0006 0.0006
32.2333 0.0005 0.0006
32.2539 0.0005 0.0006
32.2745 0.0005 0.0006
32.2950 0.0005 0.0005
32.3156 0.0005 0.0005
32.3362 0.0005 0.0005
32.3567 0.0005 0.0005
32.3773 0.0005 0.0005
32.3979 0.0005 0.0005
32.4185 0.0005 0.0005
32.4390 0.0005 0.0005
32.4596 0.0005 0.0005
32.4802 0.0005 0.0005
32.5007 0.0004 0.0005
32.5213 0.0004 0.0005
32.5419 0.0004 0.0004
32.5624 0.0004 0.0004
32.5830 0.0004 0.0004
32.6036 0.0004 0.0004
32.6242 0.0004 0.0004
32.6447 0.0004 0.0004
32.6653 0.0004 0.0004
32.6859 0.0004 0.0004
32.7064 0.0004 0.0004
32.7270 0.0004 0.0004
32.7476 0.0004 0.0004
32.7681 0.0004 0.0004
32.7887 0.0004 0.0004
32.8093 0.0004 0.0004
32.8299 0.0004 0.0004
32.8504 0.0004 0.0004
32.8710 0.0004 0.0003
32.8916 0.0004 0.0003
32.9121 0.0004 0.0003
32.9327 0.0004 0.0003
32.9533 0.0004 0.0003
32.9738 0.0004 0.0003
32.9944 0.0004 0.0003
33.0150 0.0004 0.0003
33.0356 0.0003 0.0003
33.0561 0.0003 0.0003
33.0767 0.0003 0.0003
33.0973 0.0003 0.0003
33.1178 0.0003 0.0003
33.1384 0.0003 0.0003
33.1590 0.0003 0.0003
33.1796 0.0003 0.0003
33.2001 0.0003 0.0003
33.2207 0.0003 0.0003
33.2413 0.0003 0.0003
33.2618 0.0003 0.0003
33.2824 0.0003 0.0003
33.3030 0.0003 0.0003
33.3235 0.0003 0.0003
33.3441 0.0003 0.0003
33.3647 0.0003 0.0003
33.3853 0.0003 0.0003
33.4058 0.0003 0.0002
33.4264 0.0003 0.0002
33.4470 0.0003 0.0002
33.4675 0.0003 0.0002
33.4881 0.0003 0.0002
33.5087 0.0003 0.0002
33.5292 0.0003 0.0002
33.5498 0.0002 0.0002
33.5704 0.0002 0.0002
33.5910 0.0002 0.0002
33.6115 0.0002 0.0002
33.6321 0.0002 0.0002
33.6527 0.0002 0.0002
33.6732 0.0002 0.0002
33.6938 0.0002 0.0002
33.7144 0.0002 0.0002
33.7349 0.0002 0.0002
33.7555 0.0002 0.0002
33.7761 0.0002 0.0002
33.7967 0.0002 0.0002
33.8172 0.0002 0.0002
33.8378 0.0002 0.0002
33.8584 0.0002 0.0002
33.8789 0.0002 0.0002
33.8995 0.0002 0.0002
33.9201 0.0002 0.0002
33.9406 0.0002 0.0002
33.9612 0.0002 0.0002
33.9818 0.0002 0.0002
34.0024 0.0002 0.0002
34.0229 0.0002 0.0002
34.0435 0.0002 0.0002
34.0641 0.0002 0.0002
34.0846 0.0002 0.0002
34.1052 0.0002 0.0002
34.1258 0.0002 0.0002
34.1463 0.0002 0.0002
34.1669 0.0002 0.0002
34.1875 0.0002 0.0002
34.2081 0.0002 0.0001
34.2286 0.0002 0.0001
34.2492 0.0002 0.0001
34.2698 0.0002 0.0001
34.2903 0.0002 0.0001
34.3109 0.0001 0.0001
34.3315 0.0001 0.0001
34.3520 0.0001 0.0001
34.3726 0.0001 0.0001
34.3932 0.0001 0.0001
34.4138 0.0001 0.0001
34.4343 0.0001 0.0001
34.4549 0.0001 0.0001
34.4755 0.0001 0.0001
34.4960 0.0001 0.0001
34.5166 0.0001 0.0001
34.5372 0.0001 0.0001
34.5577 0.0001 0.0001
34.5783 0.0001 0.0001
34.5989 0.0001 0.0001
34.6195 0.0001 0.0001
34.6400 0.0001 0.0001
34.6606 0.0001 0.0001
34.6812 0.0001 0.0001
34.7017 0.0001 0.0001
34.7223 0.0001 0.0001
34.7429 0.0001 0.0001
34.7634 0.0001 0.0001
34.7840 0.0001 0.0001
34.8046 0.0001 0.0001
34.8252 0.0001 0.0001
34.8457 0.0001 0.0001
34.8663 0.0001 0.0001
34.8869 0.0001 0.0001
34.9074 0.0001 0.0001
34.9280 0.0001 0.0001
34.9486 0.0001 0.0001
34.9691 0.0001 0.0001
34.9897 0.0001 0.0001
35.0103 0.0001 0.0001
35.0309 0.0001 0.0001
35.0514 0.0001 0.0001
35.0720 0.0001 0.0001
35.0926 0.0001 0.0001
35.1131 0.0001 0.0001
35.1337 0.0001 0.0001
35.1543 0.0001 0.0001
35.1748 0.0001 0.0001
35.1954 0.0001 0.0001
35.2160 0.0001 0.0001
35.2366 0.0001 0.0001
35.2571 0.0001 0.0001
35.2777 0.0001 0.0001
35.2983 0.0001 0.0001
35.3188 0.0001 0.0001
35.3394 0.0001 0.0001
35.3600 0.0001 0.0001
35.3805 0.0001 0.0001
35.4011 0.0001 0.0001
35.4217 0.0001 0.0001
35.4423 0.0001 0.0001
35.4628 0.0001 0.0001
35.4834 0.0001 0.0001
35.5040 0.0001 0.0001
35.5245 0.0001 0.0001
35.5451 0.0001 0.0001
35.5657 0.0001 0.0001
35.5863 0.0001 0.0001
35.6068 0.0001 0.0001
35.6274 0.0001 0.0001
35.6480 0.0001 0.0001
35.6685 0.0001 0.0001
35.6891 0.0001 0.0001
35.7097 0.0001 0.0001
35.7302 0.0001 0.0001
35.7508 0.0001 0.0001
35.7714 0.0001 0.0001
35.7920 0.0001 0.0001
35.8125 0.0001 0.0001
35.8331 0.0001 0.0001
35.8537 0.0001 0.0001
35.8742 0.0001 0.0001
35.8948 0.0001 0.0001
35.9154 0.0001 0.0001
35.9359 0.0001 0.0001
35.9565 0.0001 0.0001
35.9771 0.0001 0.0001
35.9977 0.0001 0.0001
36.0182 0.0001 0.0001
36.0388 0.0001 0.0001
36.0594 0.0001 0.0001
36.0799 0.0001 0.0001
36.1005 0.0001 0.0001
36.1211 0.0001 0.0001
36.1416 0.0001 0.0001
36.1622 0.0001 0.0001
36.1828 0.0001 0.0001
36.2034 0.0001 0.0001
36.2239 0.0001 0.0001
36.2445 0.0001 0.0001
36.2651 0.0001 0.0001
36.2856 0.0001 0.0001
36.3062 0.0001 0.0001
36.3268 0.0001 0.0001
36.3473 0.0001 0.0001
36.3679 0.0001 0.0001
36.3885 0.0001 0.0001
36.4091 0.0001 0.0001
36.4296 0.0001 0.0001
36.4502 0.0001 0.0001
36.4708 0.0001 0.0001
36.4913 0.0001 0.0001
36.5119 0.0001 0.0001
36.5325 0.0001 0.0001
36.5530 0.0001 0.0001
36.5736 0.0001 0.0001
36.5942 0.0001 0.0001
36.6148 0.0001 0.0001
36.6353 0.0001 0.0001
36.6559 0.0001 0.0001
36.6765 0.0001 0.0001
36.6970 0.0001 0.0001
36.7176 0.0001 0.0001
36.7382 0.0001 0.0001
36.7587 0.0001 0.0001
36.7793 0.0001 0.0001
36.7999 0.0001 0.0001
36.8205 0.0001 0.0001
36.8410 0.0001 0.0001
36.8616 0.0001 0.0001
36.8822 0.0001 0.0001
36.9027 0.0001 0.0001
36.9233 0.0001 0.0001
36.9439 0.0001 0.0001
36.9644 0.0001 0.0001
36.9850 0.0001 0.0001
37.0056 0.0001 0.0001
37.0262 0.0001 0.0001
37.0467 0.0001 0.0001
37.0673 0.0001 0.0001
37.0879 0.0001 0.0001
37.1084 0.0001 0.0001
37.1290 0.0001 0.0001
37.1496 0.0001 0.0001
37.1701 0.0001 0.0001
37.1907 0.0001 0.0001
37.2113 0.0001 0.0001
37.2319 0.0001 0.0001
37.2524 0.0001 0.0001
37.2730 0.0001 0.0001
37.2936 0.0001 0.0001
37.3141 0.0001 0.0001
37.3347 0.0001 0.0001
37.3553 0.0001 0.0001
37.3758 0.0001 0.0001
37.3964 0.0001 0.0001
37.4170 0.0001 0.0001
37.4376 0.0001 0.0001
37.4581 0.0001 0.0001
37.4787 0.0001 0.0001
37.4993 0.0001 0.0001
37.5198 0.0001 0.0001
37.5404 0.0001 0.0001
37.5610 0.0001 0.0001
37.5815 0.0001 0.0001
37.6021 0.0001 0.0001
37.6227 0.0001 0.0001
37.6433 0.0001 0.0001
37.6638 0.0001 0.0001
37.6844 0.0001 0.0001
37.7050 0.0001 0.0001
37.7255 0.0001 0.0001
37.7461 0.0001 0.0001
37.7667 0.0001 0.0001
37.7873 0.0001 0.0001
37.8078 0.0001 0.0001
37.8284 0.0001 0.0001
37.8490 0.0001 0.0001
37.8695 0.0001 0.0001
37.8901 0.0001 0.0001
37.9107 0.0001 0.0001
37.9312 0.0001 0.0001
37.9518 0.0001 0.0001
37.9724 0.0001 0.0001
37.9930 0.0001 0.0001
38.0135 0.0001 0.0001
38.0341 0.0001 0.0001
38.0547 0.0001 0.0001
38.0752 0.0001 0.0001
38.0958 0.0001 0.0001
38.1164 0.0001 0.0001
38.1369 0.0001 0.0001
38.1575 0.0001 0.0001
38.1781 0.0001 0.0001
38.1987 0.0001 0.0001
38.2192 0.0001 0.0001
38.2398 0.0001 0.0001
38.2604 0.0001 0.0001
38.2809 0.0001 0.0001
38.3015 0.0001 0.0001
38.3221 0.0001 0.0001
38.3426 0.0001 0.0001
38.3632 0.0001 0.0001
38.3838 0.0001 0.0001
38.4044 0.0001 0.0001
38.4249 0.0001 0.0001
38.4455 0.0001 0.0001
38.4661 0.0001 0.0001
38.4866 0.0001 0.0001
38.5072 0.0001 0.0001
38.5278 0.0001 0.0001
38.5483 0.0001 0.0001
38.5689 0.0001 0.0001
38.5895 0.0001 0.0001
38.6101 0.0001 0.0001
38.6306 0.0001 0.0001
38.6512 0.0001 0.0001
38.6718 0.0001 0.0001
38.6923 0.0001 0.0001
38.7129 0.0001 0.0001
38.7335 0.0001 0.0001
38.7540 0.0001 0.0001
38.7746 0.0001 0.0001
38.7952 0.0001 0.0001
38.8158 0.0001 0.0001
38.8363 0.0001 0.0001
38.8569 0.0001 0.0001
38.8775 0.0001 0.0001
38.8980 0.0001 0.0001
38.9186 0.0001 0.0001
38.9392 0.0001 0.0001
38.9597 0.0001 0.0001
38.9803 0.0001 0.0001
39.0009 0.0001 0.0001
39.0215 0.0001 0.0001
39.0420 0.0001 0.0001
39.0626 0.0001 0.0001
39.0832 0.0001 0.0001
39.1037 0.0001 0.0001
39.1243 0.0001 0.0001
39.1449 0.0001 0.0001
39.1654 0.0001 0.0001
39.1860 0.0001 0.0001
39.2066 0.0001 0.0001
39.2272 0.0001 0.0001
39.2477 0.0001 0.0001
39.2683 0.0001 0.0001
39.2889 0.0001 0.0001
39.3094 0.0001 0.0001
39.3300 0.0001 0.0001
39.3506 0.0001 0.0001
39.3711 0.0001 0.0000
39.3917 0.0001 0.0000
39.4123 0.0001 0.0000
39.4329 0.0001 0.0000
39.4534 0.0001 0.0000
39.4740 0.0001 0.0000
39.4946 0.0001 0.0000
39.5151 0.0001 0.0000
39.5357 0.0001 0.0000
39.5563 0.0001 0.0000
39.5768 0.0001 0.0000
39.5974 0.0001 0.0000
39.6180 0.0001 0.0000
39.6386 0.0001 0.0000
39.6591 0.0001 0.0000
39.6797 0.0001 0.0000
39.7003 0.0001 0.0000
39.7208 0.0001 0.0000
39.7414 0.0001 0.0000
39.7620 0.0001 0.0000
39.7825 0.0001 0.0000
39.8031 0.0001 0.0000
39.8237 0.0000 0.0000
39.8443 0.0000 0.0000
39.8648 0.0000 0.0000
39.8854 0.0000 0.0000
39.9060 0.0000 0.0000
39.9265 0.0000 0.0000
39.9471 0.0000 0.0000
39.9677 0.0000 0.0000
39.9882 0.0000 0.0000
40.0088 0.0000 0.0000
40.0294 0.0000 0.0000
40.0500 0.0000 0.0000
40.0705 0.0000 0.0000
40.0911 0.0000 0.0000
40.1117 0.0000 0.0000
40.1322 0.0000 0.0000
40.1528 0.0000 0.0000
40.1734 0.0000 0.0000
40.1940 0.0000 0.0000
40.2145 0.0000 0.0000
40.2351 0.0000 0.0000
40.2557 0.0000 0.0000
40.2762 0.0000 0.0000
40.2968 0.0000 0.0000
40.3174 0.0000 0.0000
40.3379 0.0000 0.0000
40.3585 0.0000 0.0000
40.3791 0.0000 0.0000
40.3997 0.0000 0.0000
40.4202 0.0000 0.0000
40.4408 0.0000 0.0000
40.4614 0.0000 0.0000
40.4819 0.0000 0.0000
40.5025 0.0000 0.0000
40.5231 0.0000 0.0000
40.5436 0.0000 0.0000
40.5642 0.0000 0.0000
40.5848 0.0000 0.0000
40.6054 0.0000 0.0000
40.6259 0.0000 0.0000
40.6465 0.0000 0.0000
40.6671 0.0000 0.0000
40.6876 0.0000 0.0000
40.7082 0.0000 0.0000
40.7288 0.0000 0.0000
40.7493 0.0000 0.0000
40.7699 0.0000 0.0000
40.7905 0.0000 0.0000
40.8111 0.0000 0.0000
40.8316 0.0000 0.0000
40.8522 0.0000 0.0000
40.8728 0.0000 0.0000
40.8933 0.0000 0.0000
40.9139 0.0000 0.0000
40.9345 0.0000 0.0000
40.9550 0.0000 0.0000
40.9756 0.0000 0.0000
40.9962 0.0000 0.0000
41.0168 0.0000 0.0000
41.0373 0.0000 0.0000
41.0579 0.0000 0.0000
41.0785 0.0000 0.0000
41.0990 0.0000 0.0000
41.1196 0.0000 0.0000
