0.0000 0.0000 0.0000
0.0207 3.8588 4.0476
0.0413 7.6148 8.0029
0.0620 11.1716 11.7788
0.0827 14.4445 15.2977
0.1034 17.3655 18.4956
0.1240 19.8860 21.3246
0.1447 21.9785 23.7541
0.1654 23.6358 25.7708
0.1861 24.8694 27.3773
0.2067 25.7067 28.5903
0.2274 26.1868 29.4379
0.2481 26.3565 29.9557
0.2687 26.2665 30.1850
0.2894 25.9677 30.1688
0.3101 25.5084 29.9503
0.3308 24.9322 29.5705
0.3514 24.2769 29.0671
0.3721 23.5737 28.4732
0.3928 22.8477 27.8177
0.4135 22.1179 27.1242
0.4341 21.3986 26.4120
0.4548 20.6995 25.6959
0.4755 20.0272 24.9867
0.4961 19.3855 24.2919
0.5168 18.7762 23.6159
0.5375 18.1998 22.9610
0.5582 17.6553 22.3272
0.5788 17.1414 21.7135
0.5995 16.6556 21.1178
0.6202 16.1956 20.5377
0.6409 15.7584 19.9709
0.6615 15.3414 19.4150
0.6822 14.9420 18.8687
0.7029 14.5578 18.3312
0.7235 14.1870 17.8026
0.7442 13.8284 17.2836
0.7649 13.4812 16.7759
0.7856 13.1454 16.2813
0.8062 12.8213 15.8022
0.8269 12.5098 15.3407
0.8476 12.2120 14.8988
0.8683 11.9293 14.4781
0.8889 11.6628 14.0795
0.9096 11.4137 13.7034
0.9303 11.1832 13.3495
0.9509 10.9717 13.0168
0.9716 10.7797 12.7042
0.9923 10.6069 12.4100
1.0130 10.4530 12.1324
1.0336 10.3171 11.8696
1.0543 10.1980 11.6200
1.0750 10.0942 11.3821
1.0957 10.0039 11.1544
1.1163 9.9253 10.9358
1.1370 9.8560 10.7254
1.1577 9.7939 10.5221
1.1783 9.7367 10.3253
1.1990 9.6819 10.1341
1.2197 9.6272 9.9479
1.2404 9.5706 9.7661
1.2610 9.5100 9.5881
1.2817 9.4435 9.4136
1.3024 9.3698 9.2427
1.3231 9.2877 9.0755
1.3437 9.1964 8.9127
1.3644 9.0953 8.7554
1.3851 8.9845 8.6051
1.4058 8.8643 8.4634
1.4264 8.7353 8.3323
1.4471 8.5984 8.2139
1.4678 8.4547 8.1100
1.4884 8.3056 8.0221
1.5091 8.1525 7.9512
1.5298 7.9968 7.8978
1.5505 7.8401 7.8615
1.5711 7.6836 7.8410
1.5918 7.5287 7.8346
1.6125 7.3763 7.8395
1.6332 7.2273 7.8525
1.6538 7.0823 7.8702
1.6745 6.9417 7.8889
1.6952 6.8055 7.9049
1.7158 6.6735 7.9149
1.7365 6.5455 7.9159
1.7572 6.4210 7.9055
1.7779 6.2994 7.8820
1.7985 6.1801 7.8441
1.8192 6.0625 7.7914
1.8399 5.9462 7.7240
1.8606 5.8308 7.6425
1.8812 5.7162 7.5480
1.9019 5.6024 7.4416
1.9226 5.4896 7.3252
1.9432 5.3782 7.2002
1.9639 5.2689 7.0686
1.9846 5.1622 6.9320
2.0053 5.0589 6.7922
2.0259 4.9595 6.6508
2.0466 4.8648 6.5092
2.0673 4.7751 6.3688
2.0880 4.6909 6.2308
2.1086 4.6125 6.0961
2.1293 4.5400 5.9657
2.1500 4.4733 5.8402
2.1706 4.4124 5.7200
2.1913 4.3572 5.6056
2.2120 4.3075 5.4971
2.2327 4.2631 5.3945
2.2533 4.2239 5.2978
2.2740 4.1896 5.2068
2.2947 4.1601 5.1212
2.3154 4.1352 5.0407
2.3360 4.1148 4.9647
2.3567 4.0987 4.8929
2.3774 4.0868 4.8249
2.3980 4.0789 4.7601
2.4187 4.0749 4.6983
2.4394 4.0745 4.6393
2.4601 4.0777 4.5828
2.4807 4.0842 4.5289
2.5014 4.0940 4.4779
2.5221 4.1068 4.4300
2.5428 4.1224 4.3857
2.5634 4.1407 4.3456
2.5841 4.1614 4.3103
2.6048 4.1840 4.2805
2.6254 4.2083 4.2568
2.6461 4.2337 4.2397
2.6668 4.2597 4.2296
2.6875 4.2857 4.2268
2.7081 4.3111 4.2313
2.7288 4.3351 4.2429
2.7495 4.3572 4.2610
2.7702 4.3765 4.2849
2.7908 4.3925 4.3138
2.8115 4.4044 4.3464
2.8322 4.4116 4.3813
2.8528 4.4137 4.4171
2.8735 4.4100 4.4521
2.8942 4.4002 4.4847
2.9149 4.3841 4.5133
2.9355 4.3614 4.5364
2.9562 4.3322 4.5525
2.9769 4.2967 4.5606
2.9976 4.2551 4.5595
3.0182 4.2082 4.5488
3.0389 4.1564 4.5279
3.0596 4.1007 4.4969
3.0802 4.0420 4.4559
3.1009 3.9812 4.4055
3.1216 3.9193 4.3462
3.1423 3.8573 4.2791
3.1629 3.7960 4.2051
3.1836 3.7362 4.1254
3.2043 3.6783 4.0411
3.2250 3.6229 3.9536
3.2456 3.5701 3.8640
3.2663 3.5198 3.7733
3.2870 3.4721 3.6827
3.3076 3.4266 3.5931
3.3283 3.3829 3.5053
3.3490 3.3408 3.4199
3.3697 3.2999 3.3374
3.3903 3.2599 3.2583
3.4110 3.2205 3.1828
3.4317 3.1818 3.1109
3.4524 3.1435 3.0427
3.4730 3.1060 2.9780
3.4937 3.0695 2.9167
3.5144 3.0342 2.8585
3.5350 3.0006 2.8030
3.5557 2.9689 2.7501
3.5764 2.9396 2.6993
3.5971 2.9129 2.6505
3.6177 2.8889 2.6032
3.6384 2.8677 2.5575
3.6591 2.8493 2.5132
3.6798 2.8335 2.4702
3.7004 2.8200 2.4286
3.7211 2.8085 2.3885
3.7418 2.7987 2.3500
3.7625 2.7900 2.3135
3.7831 2.7819 2.2790
3.8038 2.7740 2.2467
3.8245 2.7659 2.2169
3.8451 2.7570 2.1895
3.8658 2.7470 2.1648
3.8865 2.7356 2.1426
3.9072 2.7226 2.1229
3.9278 2.7076 2.1055
3.9485 2.6907 2.0902
3.9692 2.6717 2.0767
3.9899 2.6508 2.0648
4.0105 2.6280 2.0542
4.0312 2.6035 2.0445
4.0519 2.5775 2.0354
4.0725 2.5501 2.0266
4.0932 2.5216 2.0179
4.1139 2.4922 2.0090
4.1346 2.4620 1.9996
4.1552 2.4314 1.9897
4.1759 2.4004 1.9791
4.1966 2.3694 1.9678
4.2173 2.3385 1.9557
4.2379 2.3078 1.9429
4.2586 2.2776 1.9294
4.2793 2.2481 1.9155
4.2999 2.2194 1.9012
4.3206 2.1915 1.8868
4.3413 2.1648 1.8726
4.3620 2.1391 1.8587
4.3826 2.1145 1.8453
4.4033 2.0911 1.8327
4.4240 2.0689 1.8209
4.4447 2.0478 1.8101
4.4653 2.0279 1.8003
4.4860 2.0091 1.7915
4.5067 1.9914 1.7837
4.5273 1.9749 1.7768
4.5480 1.9597 1.7706
4.5687 1.9456 1.7650
4.5894 1.9329 1.7599
4.6100 1.9215 1.7552
4.6307 1.9115 1.7506
4.6514 1.9028 1.7461
4.6721 1.8955 1.7415
4.6927 1.8893 1.7367
4.7134 1.8841 1.7317
4.7341 1.8798 1.7263
4.7547 1.8761 1.7205
4.7754 1.8726 1.7142
4.7961 1.8693 1.7074
4.8168 1.8656 1.7001
4.8374 1.8614 1.6924
4.8581 1.8563 1.6842
4.8788 1.8502 1.6757
4.8995 1.8429 1.6671
4.9201 1.8342 1.6585
4.9408 1.8241 1.6500
4.9615 1.8125 1.6420
4.9821 1.7995 1.6346
5.0028 1.7852 1.6279
5.0235 1.7697 1.6222
5.0442 1.7532 1.6175
5.0648 1.7357 1.6140
5.0855 1.7176 1.6115
5.1062 1.6990 1.6102
5.1269 1.6801 1.6099
5.1475 1.6610 1.6105
5.1682 1.6419 1.6120
5.1889 1.6229 1.6140
5.2095 1.6041 1.6165
5.2302 1.5857 1.6192
5.2509 1.5676 1.6221
5.2716 1.5500 1.6250
5.2922 1.5329 1.6278
5.3129 1.5163 1.6304
5.3336 1.5003 1.6326
5.3543 1.4848 1.6344
5.3749 1.4700 1.6357
5.3956 1.4558 1.6364
5.4163 1.4423 1.6364
5.4369 1.4296 1.6357
5.4576 1.4175 1.6342
5.4783 1.4061 1.6318
5.4990 1.3954 1.6286
5.5196 1.3854 1.6244
5.5403 1.3760 1.6192
5.5610 1.3674 1.6131
5.5817 1.3593 1.6060
5.6023 1.3519 1.5981
5.6230 1.3450 1.5891
5.6437 1.3387 1.5793
5.6643 1.3330 1.5687
5.6850 1.3278 1.5572
5.7057 1.3231 1.5450
5.7264 1.3189 1.5321
5.7470 1.3152 1.5187
5.7677 1.3118 1.5048
5.7884 1.3089 1.4906
5.8091 1.3062 1.4764
5.8297 1.3038 1.4624
5.8504 1.3015 1.4487
5.8711 1.2992 1.4357
5.8917 1.2968 1.4234
5.9124 1.2941 1.4122
5.9331 1.2912 1.4022
5.9538 1.2878 1.3933
5.9744 1.2840 1.3857
5.9951 1.2795 1.3793
6.0158 1.2743 1.3739
6.0365 1.2685 1.3695
6.0571 1.2619 1.3657
6.0778 1.2545 1.3625
6.0985 1.2465 1.3595
6.1192 1.2378 1.3566
6.1398 1.2284 1.3535
6.1605 1.2186 1.3501
6.1812 1.2083 1.3463
6.2018 1.1977 1.3421
6.2225 1.1869 1.3373
6.2432 1.1760 1.3321
6.2639 1.1652 1.3263
6.2845 1.1547 1.3201
6.3052 1.1445 1.3136
6.3259 1.1348 1.3067
6.3466 1.1256 1.2996
6.3672 1.1170 1.2924
6.3879 1.1090 1.2850
6.4086 1.1017 1.2776
6.4292 1.0950 1.2702
6.4499 1.0888 1.2628
6.4706 1.0830 1.2554
6.4913 1.0775 1.2482
6.5119 1.0723 1.2410
6.5326 1.0671 1.2340
6.5533 1.0618 1.2272
6.5740 1.0564 1.2206
6.5946 1.0507 1.2141
6.6153 1.0447 1.2079
6.6360 1.0382 1.2017
6.6566 1.0313 1.1957
6.6773 1.0239 1.1897
6.6980 1.0159 1.1837
6.7187 1.0075 1.1776
6.7393 0.9986 1.1713
6.7600 0.9894 1.1647
6.7807 0.9797 1.1579
6.8014 0.9698 1.1507
6.8220 0.9597 1.1431
6.8427 0.9496 1.1353
6.8634 0.9395 1.1273
6.8840 0.9296 1.1191
6.9047 0.9200 1.1110
6.9254 0.9109 1.1031
6.9461 0.9023 1.0955
6.9667 0.8946 1.0885
6.9874 0.8876 1.0822
7.0081 0.8817 1.0767
7.0288 0.8768 1.0723
7.0494 0.8730 1.0689
7.0701 0.8704 1.0665
7.0908 0.8689 1.0652
7.1114 0.8687 1.0649
7.1321 0.8696 1.0655
7.1528 0.8716 1.0667
7.1735 0.8746 1.0685
7.1941 0.8786 1.0706
7.2148 0.8834 1.0727
7.2355 0.8889 1.0748
7.2562 0.8951 1.0765
7.2768 0.9016 1.0778
7.2975 0.9084 1.0784
7.3182 0.9154 1.0784
7.3388 0.9223 1.0776
7.3595 0.9291 1.0761
7.3802 0.9355 1.0739
7.4009 0.9415 1.0710
7.4215 0.9470 1.0675
7.4422 0.9518 1.0636
7.4629 0.9559 1.0592
7.4836 0.9593 1.0546
7.5042 0.9619 1.0497
7.5249 0.9638 1.0446
7.5456 0.9649 1.0395
7.5662 0.9653 1.0343
7.5869 0.9649 1.0289
7.6076 0.9639 1.0235
7.6283 0.9623 1.0180
7.6489 0.9601 1.0123
7.6696 0.9574 1.0064
7.6903 0.9542 1.0004
7.7110 0.9507 0.9942
7.7316 0.9468 0.9878
7.7523 0.9426 0.9813
7.7730 0.9381 0.9747
7.7936 0.9336 0.9681
7.8143 0.9289 0.9617
7.8350 0.9241 0.9555
7.8557 0.9194 0.9496
7.8763 0.9147 0.9440
7.8970 0.9102 0.9390
7.9177 0.9059 0.9345
7.9384 0.9018 0.9304
7.9590 0.8980 0.9268
7.9797 0.8946 0.9236
8.0004 0.8915 0.9207
8.0210 0.8888 0.9180
8.0417 0.8866 0.9153
8.0624 0.8847 0.9125
8.0831 0.8832 0.9094
8.1037 0.8821 0.9061
8.1244 0.8812 0.9023
8.1451 0.8806 0.8981
8.1658 0.8802 0.8935
8.1864 0.8799 0.8885
8.2071 0.8796 0.8832
8.2278 0.8792 0.8777
8.2484 0.8787 0.8721
8.2691 0.8781 0.8666
8.2898 0.8773 0.8612
8.3105 0.8762 0.8560
8.3311 0.8749 0.8511
8.3518 0.8733 0.8465
8.3725 0.8716 0.8423
8.3932 0.8697 0.8385
8.4138 0.8677 0.8350
8.4345 0.8657 0.8317
8.4552 0.8637 0.8287
8.4758 0.8618 0.8260
8.4965 0.8602 0.8233
8.5172 0.8588 0.8209
8.5379 0.8577 0.8186
8.5585 0.8569 0.8164
8.5792 0.8565 0.8145
8.5999 0.8564 0.8128
8.6206 0.8565 0.8113
8.6412 0.8569 0.8102
8.6619 0.8573 0.8093
8.6826 0.8578 0.8088
8.7033 0.8581 0.8085
8.7239 0.8581 0.8085
8.7446 0.8577 0.8086
8.7653 0.8568 0.8088
8.7859 0.8553 0.8090
8.8066 0.8530 0.8090
8.8273 0.8501 0.8087
8.8480 0.8465 0.8081
8.8686 0.8421 0.8070
8.8893 0.8372 0.8053
8.9100 0.8316 0.8029
8.9307 0.8257 0.7999
8.9513 0.8194 0.7962
8.9720 0.8128 0.7918
8.9927 0.8062 0.7867
9.0133 0.7995 0.7811
9.0340 0.7928 0.7750
9.0547 0.7863 0.7686
9.0754 0.7801 0.7618
9.0960 0.7740 0.7549
9.1167 0.7683 0.7480
9.1374 0.7630 0.7410
9.1581 0.7580 0.7343
9.1787 0.7534 0.7277
9.1994 0.7493 0.7213
9.2201 0.7457 0.7153
9.2407 0.7425 0.7095
9.2614 0.7399 0.7041
9.2821 0.7379 0.6990
9.3028 0.7364 0.6943
9.3234 0.7354 0.6898
9.3441 0.7350 0.6857
9.3648 0.7351 0.6819
9.3855 0.7357 0.6784
9.4061 0.7367 0.6751
9.4268 0.7381 0.6720
9.4475 0.7398 0.6692
9.4681 0.7417 0.6665
9.4888 0.7439 0.6640
9.5095 0.7461 0.6617
9.5302 0.7484 0.6594
9.5508 0.7508 0.6572
9.5715 0.7531 0.6551
9.5922 0.7554 0.6531
9.6129 0.7576 0.6512
9.6335 0.7597 0.6494
9.6542 0.7616 0.6477
9.6749 0.7633 0.6463
9.6955 0.7648 0.6450
9.7162 0.7660 0.6439
9.7369 0.7668 0.6431
9.7576 0.7672 0.6426
9.7782 0.7672 0.6424
9.7989 0.7666 0.6426
9.8196 0.7656 0.6432
9.8403 0.7641 0.6441
9.8609 0.7621 0.6453
9.8816 0.7596 0.6469
9.9023 0.7567 0.6488
9.9229 0.7534 0.6509
9.9436 0.7497 0.6532
9.9643 0.7458 0.6556
9.9850 0.7417 0.6582
10.0056 0.7375 0.6607
10.0263 0.7332 0.6633
10.0470 0.7288 0.6657
10.0677 0.7246 0.6681
10.0883 0.7204 0.6704
10.1090 0.7164 0.6725
10.1297 0.7125 0.6745
10.1503 0.7089 0.6763
10.1710 0.7056 0.6780
10.1917 0.7026 0.6796
10.2124 0.6999 0.6811
10.2330 0.6977 0.6824
10.2537 0.6959 0.6837
10.2744 0.6945 0.6848
10.2951 0.6937 0.6858
10.3157 0.6935 0.6866
10.3364 0.6938 0.6873
10.3571 0.6947 0.6877
10.3777 0.6962 0.6879
10.3984 0.6982 0.6877
10.4191 0.7008 0.6872
10.4398 0.7038 0.6863
10.4604 0.7073 0.6851
10.4811 0.7112 0.6834
10.5018 0.7154 0.6813
10.5225 0.7199 0.6789
10.5431 0.7247 0.6762
10.5638 0.7296 0.6732
10.5845 0.7348 0.6699
10.6051 0.7400 0.6665
10.6258 0.7454 0.6631
10.6465 0.7508 0.6595
10.6672 0.7562 0.6561
10.6878 0.7616 0.6527
10.7085 0.7669 0.6495
10.7292 0.7720 0.6464
10.7499 0.7771 0.6436
10.7705 0.7819 0.6409
10.7912 0.7864 0.6384
10.8119 0.7907 0.6360
10.8325 0.7946 0.6339
10.8532 0.7981 0.6318
10.8739 0.8012 0.6299
10.8946 0.8038 0.6280
10.9152 0.8059 0.6263
10.9359 0.8075 0.6245
10.9566 0.8086 0.6229
10.9773 0.8092 0.6213
10.9979 0.8092 0.6197
11.0186 0.8088 0.6183
11.0393 0.8078 0.6169
11.0600 0.8064 0.6157
11.0806 0.8047 0.6146
11.1013 0.8025 0.6137
11.1220 0.8001 0.6130
11.1426 0.7975 0.6125
11.1633 0.7947 0.6122
11.1840 0.7919 0.6121
11.2047 0.7891 0.6124
11.2253 0.7863 0.6128
11.2460 0.7836 0.6135
11.2667 0.7810 0.6144
11.2874 0.7787 0.6155
11.3080 0.7765 0.6167
11.3287 0.7746 0.6181
11.3494 0.7730 0.6197
11.3700 0.7716 0.6214
11.3907 0.7706 0.6231
11.4114 0.7698 0.6250
11.4321 0.7694 0.6270
11.4527 0.7692 0.6290
11.4734 0.7694 0.6311
11.4941 0.7698 0.6333
11.5148 0.7705 0.6356
11.5354 0.7715 0.6380
11.5561 0.7726 0.6404
11.5768 0.7740 0.6430
11.5974 0.7754 0.6455
11.6181 0.7769 0.6481
11.6388 0.7784 0.6506
11.6595 0.7798 0.6531
11.6801 0.7812 0.6555
11.7008 0.7825 0.6578
11.7215 0.7836 0.6599
11.7422 0.7845 0.6619
11.7628 0.7854 0.6638
11.7835 0.7861 0.6654
11.8042 0.7869 0.6670
11.8248 0.7876 0.6684
11.8455 0.7883 0.6697
11.8662 0.7893 0.6710
11.8869 0.7903 0.6723
11.9075 0.7917 0.6735
11.9282 0.7933 0.6749
11.9489 0.7952 0.6763
11.9696 0.7975 0.6778
11.9902 0.8002 0.6794
12.0109 0.8032 0.6811
12.0316 0.8065 0.6828
12.0522 0.8101 0.6846
12.0729 0.8140 0.6863
12.0936 0.8181 0.6880
12.1143 0.8223 0.6896
12.1349 0.8267 0.6911
12.1556 0.8311 0.6926
12.1763 0.8354 0.6939
12.1970 0.8398 0.6952
12.2176 0.8440 0.6964
12.2383 0.8482 0.6976
12.2590 0.8521 0.6989
12.2796 0.8559 0.7003
12.3003 0.8595 0.7019
12.3210 0.8629 0.7038
12.3417 0.8660 0.7060
12.3623 0.8689 0.7085
12.3830 0.8714 0.7115
12.4037 0.8737 0.7149
12.4244 0.8757 0.7188
12.4450 0.8774 0.7232
12.4657 0.8787 0.7281
12.4864 0.8799 0.7335
12.5070 0.8808 0.7395
12.5277 0.8815 0.7459
12.5484 0.8821 0.7527
12.5691 0.8826 0.7601
12.5897 0.8832 0.7680
12.6104 0.8839 0.7762
12.6311 0.8848 0.7849
12.6518 0.8859 0.7940
12.6724 0.8874 0.8033
12.6931 0.8893 0.8130
12.7138 0.8916 0.8228
12.7344 0.8945 0.8326
12.7551 0.8978 0.8425
12.7758 0.9018 0.8522
12.7965 0.9062 0.8617
12.8171 0.9112 0.8707
12.8378 0.9168 0.8794
12.8585 0.9228 0.8874
12.8792 0.9292 0.8948
12.8998 0.9360 0.9015
12.9205 0.9430 0.9075
12.9412 0.9502 0.9128
12.9618 0.9575 0.9174
12.9825 0.9648 0.9212
13.0032 0.9718 0.9245
13.0239 0.9786 0.9272
13.0445 0.9849 0.9293
13.0652 0.9906 0.9311
13.0859 0.9958 0.9325
13.1066 1.0002 0.9337
13.1272 1.0038 0.9347
13.1479 1.0066 0.9355
13.1686 1.0087 0.9362
13.1892 1.0100 0.9369
13.2099 1.0106 0.9375
13.2306 1.0107 0.9382
13.2513 1.0102 0.9388
13.2719 1.0094 0.9395
13.2926 1.0084 0.9402
13.3133 1.0072 0.9409
13.3340 1.0060 0.9416
13.3546 1.0047 0.9423
13.3753 1.0036 0.9430
13.3960 1.0026 0.9437
13.4167 1.0018 0.9444
13.4373 1.0011 0.9450
13.4580 1.0006 0.9455
13.4787 1.0002 0.9459
13.4993 0.9998 0.9463
13.5200 0.9996 0.9465
13.5407 0.9993 0.9466
13.5614 0.9990 0.9465
13.5820 0.9987 0.9463
13.6027 0.9984 0.9459
13.6234 0.9980 0.9454
13.6441 0.9976 0.9446
13.6647 0.9971 0.9437
13.6854 0.9966 0.9427
13.7061 0.9961 0.9414
13.7267 0.9956 0.9399
13.7474 0.9950 0.9383
13.7681 0.9945 0.9365
13.7888 0.9938 0.9345
13.8094 0.9931 0.9323
13.8301 0.9924 0.9299
13.8508 0.9915 0.9274
13.8715 0.9905 0.9247
13.8921 0.9894 0.9220
13.9128 0.9881 0.9192
13.9335 0.9865 0.9164
13.9541 0.9848 0.9136
13.9748 0.9828 0.9108
13.9955 0.9805 0.9081
14.0162 0.9780 0.9054
14.0368 0.9751 0.9028
14.0575 0.9720 0.9003
14.0782 0.9685 0.8978
14.0989 0.9648 0.8954
14.1195 0.9608 0.8930
14.1402 0.9566 0.8906
14.1609 0.9522 0.8881
14.1815 0.9477 0.8856
14.2022 0.9430 0.8830
14.2229 0.9384 0.8803
14.2436 0.9338 0.8775
14.2642 0.9293 0.8746
14.2849 0.9250 0.8717
14.3056 0.9209 0.8688
14.3263 0.9170 0.8659
14.3469 0.9136 0.8630
14.3676 0.9104 0.8602
14.3883 0.9077 0.8576
14.4089 0.9054 0.8551
14.4296 0.9035 0.8528
14.4503 0.9020 0.8507
14.4710 0.9009 0.8489
14.4916 0.9001 0.8472
14.5123 0.8997 0.8457
14.5330 0.8995 0.8443
14.5537 0.8996 0.8430
14.5743 0.8998 0.8417
14.5950 0.9002 0.8403
14.6157 0.9006 0.8388
14.6363 0.9011 0.8370
14.6570 0.9015 0.8350
14.6777 0.9020 0.8326
14.6984 0.9023 0.8297
14.7190 0.9026 0.8265
14.7397 0.9028 0.8228
14.7604 0.9030 0.8186
14.7811 0.9030 0.8141
14.8017 0.9029 0.8091
14.8224 0.9028 0.8038
14.8431 0.9025 0.7982
14.8637 0.9020 0.7925
14.8844 0.9014 0.7866
14.9051 0.9006 0.7807
14.9258 0.8996 0.7748
14.9464 0.8983 0.7691
14.9671 0.8968 0.7635
14.9878 0.8949 0.7582
15.0085 0.8928 0.7532
15.0291 0.8904 0.7486
15.0498 0.8876 0.7443
15.0705 0.8846 0.7403
15.0911 0.8812 0.7368
15.1118 0.8775 0.7336
15.1325 0.8735 0.7307
15.1532 0.8693 0.7282
15.1738 0.8648 0.7259
15.1945 0.8601 0.7238
15.2152 0.8552 0.7219
15.2359 0.8502 0.7202
15.2565 0.8449 0.7186
15.2772 0.8396 0.7171
15.2979 0.8341 0.7156
15.3185 0.8285 0.7142
15.3392 0.8229 0.7128
15.3599 0.8172 0.7115
15.3806 0.8115 0.7101
15.4012 0.8057 0.7088
15.4219 0.8000 0.7076
15.4426 0.7942 0.7063
15.4633 0.7885 0.7051
15.4839 0.7828 0.7039
15.5046 0.7772 0.7027
15.5253 0.7716 0.7015
15.5459 0.7661 0.7003
15.5666 0.7607 0.6990
15.5873 0.7554 0.6977
15.6080 0.7502 0.6963
15.6286 0.7452 0.6947
15.6493 0.7403 0.6931
15.6700 0.7355 0.6912
15.6907 0.7308 0.6893
15.7113 0.7263 0.6871
15.7320 0.7219 0.6849
15.7527 0.7176 0.6824
15.7733 0.7135 0.6799
15.7940 0.7094 0.6772
15.8147 0.7054 0.6744
15.8354 0.7015 0.6716
15.8560 0.6977 0.6687
15.8767 0.6939 0.6658
15.8974 0.6902 0.6629
15.9181 0.6866 0.6600
15.9387 0.6831 0.6571
15.9594 0.6796 0.6542
15.9801 0.6762 0.6513
16.0008 0.6730 0.6484
16.0214 0.6698 0.6456
16.0421 0.6667 0.6428
16.0628 0.6637 0.6400
16.0834 0.6608 0.6372
16.1041 0.6580 0.6344
16.1248 0.6553 0.6317
16.1455 0.6526 0.6290
16.1661 0.6500 0.6263
16.1868 0.6473 0.6237
16.2075 0.6447 0.6211
16.2282 0.6420 0.6186
16.2488 0.6393 0.6162
16.2695 0.6364 0.6138
16.2902 0.6334 0.6114
16.3108 0.6303 0.6090
16.3315 0.6269 0.6067
16.3522 0.6234 0.6043
16.3729 0.6196 0.6018
16.3935 0.6156 0.5993
16.4142 0.6113 0.5967
16.4349 0.6068 0.5940
16.4556 0.6020 0.5911
16.4762 0.5971 0.5881
16.4969 0.5919 0.5849
16.5176 0.5866 0.5816
16.5382 0.5812 0.5782
16.5589 0.5757 0.5746
16.5796 0.5703 0.5710
16.6003 0.5649 0.5672
16.6209 0.5595 0.5634
16.6416 0.5543 0.5595
16.6623 0.5493 0.5555
16.6830 0.5445 0.5516
16.7036 0.5399 0.5476
16.7243 0.5355 0.5436
16.7450 0.5314 0.5396
16.7656 0.5275 0.5356
16.7863 0.5238 0.5317
16.8070 0.5202 0.5279
16.8277 0.5168 0.5241
16.8483 0.5135 0.5203
16.8690 0.5102 0.5167
16.8897 0.5070 0.5132
16.9104 0.5037 0.5098
16.9310 0.5003 0.5066
16.9517 0.4969 0.5035
16.9724 0.4933 0.5005
16.9930 0.4896 0.4977
17.0137 0.4857 0.4951
17.0344 0.4817 0.4926
17.0551 0.4776 0.4902
17.0757 0.4733 0.4879
17.0964 0.4689 0.4857
17.1171 0.4645 0.4836
17.1378 0.4600 0.4815
17.1584 0.4555 0.4795
17.1791 0.4510 0.4775
17.1998 0.4465 0.4754
17.2204 0.4420 0.4732
17.2411 0.4376 0.4710
17.2618 0.4332 0.4687
17.2825 0.4290 0.4663
17.3031 0.4247 0.4637
17.3238 0.4206 0.4610
17.3445 0.4166 0.4581
17.3652 0.4126 0.4551
17.3858 0.4087 0.4519
17.4065 0.4049 0.4486
17.4272 0.4011 0.4452
17.4478 0.3975 0.4416
17.4685 0.3939 0.4380
17.4892 0.3904 0.4342
17.5099 0.3870 0.4303
17.5305 0.3837 0.4264
17.5512 0.3804 0.4225
17.5719 0.3772 0.4184
17.5926 0.3741 0.4144
17.6132 0.3709 0.4103
17.6339 0.3678 0.4061
17.6546 0.3647 0.4020
17.6752 0.3616 0.3978
17.6959 0.3585 0.3937
17.7166 0.3552 0.3896
17.7373 0.3520 0.3856
17.7579 0.3486 0.3816
17.7786 0.3452 0.3777
17.7993 0.3417 0.3739
17.8200 0.3380 0.3703
17.8406 0.3344 0.3667
17.8613 0.3306 0.3634
17.8820 0.3268 0.3601
17.9026 0.3230 0.3571
17.9233 0.3191 0.3541
17.9440 0.3153 0.3513
17.9647 0.3114 0.3486
17.9853 0.3076 0.3460
18.0060 0.3038 0.3435
18.0267 0.3001 0.3411
18.0474 0.2964 0.3388
18.0680 0.2928 0.3365
18.0887 0.2893 0.3342
18.1094 0.2859 0.3321
18.1300 0.2826 0.3300
18.1507 0.2794 0.3279
18.1714 0.2763 0.3259
18.1921 0.2734 0.3239
18.2127 0.2705 0.3219
18.2334 0.2678 0.3200
18.2541 0.2652 0.3181
18.2748 0.2627 0.3162
18.2954 0.2604 0.3144
18.3161 0.2581 0.3125
18.3368 0.2559 0.3107
18.3575 0.2539 0.3088
18.3781 0.2519 0.3069
18.3988 0.2499 0.3050
18.4195 0.2480 0.3031
18.4401 0.2461 0.3011
18.4608 0.2442 0.2991
18.4815 0.2423 0.2970
18.5022 0.2403 0.2949
18.5228 0.2383 0.2927
18.5435 0.2362 0.2905
18.5642 0.2341 0.2883
18.5849 0.2318 0.2860
18.6055 0.2296 0.2836
18.6262 0.2272 0.2812
18.6469 0.2249 0.2788
18.6675 0.2225 0.2762
18.6882 0.2201 0.2737
18.7089 0.2177 0.2710
18.7296 0.2153 0.2683
18.7502 0.2130 0.2656
18.7709 0.2107 0.2628
18.7916 0.2086 0.2599
18.8123 0.2064 0.2570
18.8329 0.2044 0.2540
18.8536 0.2024 0.2510
18.8743 0.2005 0.2480
18.8949 0.1987 0.2450
18.9156 0.1969 0.2419
18.9363 0.1952 0.2388
18.9570 0.1934 0.2358
18.9776 0.1917 0.2328
18.9983 0.1900 0.2299
19.0190 0.1883 0.2270
19.0397 0.1866 0.2242
19.0603 0.1849 0.2214
19.0810 0.1831 0.2188
19.1017 0.1814 0.2162
19.1223 0.1796 0.2137
19.1430 0.1778 0.2113
19.1637 0.1761 0.2091
19.1844 0.1744 0.2069
19.2050 0.1726 0.2047
19.2257 0.1710 0.2027
19.2464 0.1693 0.2007
19.2671 0.1677 0.1987
19.2877 0.1661 0.1968
19.3084 0.1646 0.1949
19.3291 0.1631 0.1931
19.3497 0.1616 0.1912
19.3704 0.1602 0.1894
19.3911 0.1589 0.1875
19.4118 0.1576 0.1856
19.4324 0.1563 0.1837
19.4531 0.1551 0.1818
19.4738 0.1539 0.1799
19.4945 0.1527 0.1781
19.5151 0.1515 0.1762
19.5358 0.1504 0.1743
19.5565 0.1493 0.1725
19.5771 0.1482 0.1707
19.5978 0.1471 0.1689
19.6185 0.1459 0.1672
19.6392 0.1448 0.1655
19.6598 0.1436 0.1638
19.6805 0.1425 0.1622
19.7012 0.1413 0.1605
19.7219 0.1401 0.1588
19.7425 0.1388 0.1572
19.7632 0.1376 0.1555
19.7839 0.1364 0.1537
19.8045 0.1351 0.1519
19.8252 0.1339 0.1501
19.8459 0.1326 0.1482
19.8666 0.1314 0.1462
19.8872 0.1302 0.1443
19.9079 0.1290 0.1422
19.9286 0.1279 0.1402
19.9493 0.1268 0.1381
19.9699 0.1257 0.1361
19.9906 0.1247 0.1340
20.0113 0.1237 0.1320
20.0319 0.1228 0.1300
20.0526 0.1219 0.1281
20.0733 0.1210 0.1262
20.0940 0.1202 0.1244
20.1146 0.1194 0.1227
20.1353 0.1187 0.1210
20.1560 0.1179 0.1194
20.1767 0.1172 0.1179
20.1973 0.1165 0.1165
20.2180 0.1159 0.1151
20.2387 0.1152 0.1139
20.2593 0.1145 0.1126
20.2800 0.1138 0.1114
20.3007 0.1131 0.1103
20.3214 0.1124 0.1092
20.3420 0.1117 0.1082
20.3627 0.1110 0.1071
20.3834 0.1102 0.1062
20.4041 0.1094 0.1052
20.4247 0.1086 0.1043
20.4454 0.1078 0.1034
20.4661 0.1069 0.1025
20.4867 0.1060 0.1017
20.5074 0.1051 0.1009
20.5281 0.1042 0.1001
20.5488 0.1033 0.0993
20.5694 0.1023 0.0986
20.5901 0.1013 0.0979
20.6108 0.1003 0.0972
20.6315 0.0993 0.0965
20.6521 0.0983 0.0958
20.6728 0.0972 0.0952
20.6935 0.0962 0.0945
20.7142 0.0952 0.0939
20.7348 0.0941 0.0933
20.7555 0.0931 0.0927
20.7762 0.0921 0.0920
20.7968 0.0911 0.0914
20.8175 0.0901 0.0908
20.8382 0.0891 0.0902
20.8589 0.0882 0.0896
20.8795 0.0873 0.0889
20.9002 0.0864 0.0883
20.9209 0.0856 0.0877
20.9416 0.0848 0.0871
20.9622 0.0841 0.0864
20.9829 0.0834 0.0858
21.0036 0.0827 0.0851
21.0242 0.0821 0.0845
21.0449 0.0814 0.0838
21.0656 0.0808 0.0832
21.0863 0.0803 0.0825
21.1069 0.0797 0.0818
21.1276 0.0792 0.0810
21.1483 0.0786 0.0803
21.1690 0.0781 0.0795
21.1896 0.0775 0.0787
21.2103 0.0770 0.0779
21.2310 0.0764 0.0771
21.2516 0.0759 0.0763
21.2723 0.0753 0.0754
21.2930 0.0747 0.0745
21.3137 0.0741 0.0737
21.3343 0.0735 0.0728
21.3550 0.0728 0.0719
21.3757 0.0722 0.0710
21.3964 0.0715 0.0702
21.4170 0.0709 0.0693
21.4377 0.0702 0.0685
21.4584 0.0695 0.0677
21.4790 0.0689 0.0669
21.4997 0.0682 0.0661
21.5204 0.0676 0.0654
21.5411 0.0670 0.0646
21.5617 0.0663 0.0640
21.5824 0.0657 0.0633
21.6031 0.0651 0.0626
21.6238 0.0646 0.0620
21.6444 0.0640 0.0614
21.6651 0.0634 0.0608
21.6858 0.0629 0.0602
21.7064 0.0623 0.0596
21.7271 0.0618 0.0590
21.7478 0.0613 0.0584
21.7685 0.0608 0.0579
21.7891 0.0603 0.0573
21.8098 0.0598 0.0568
21.8305 0.0593 0.0563
21.8512 0.0588 0.0557
21.8718 0.0584 0.0552
21.8925 0.0579 0.0547
21.9132 0.0574 0.0542
21.9338 0.0569 0.0537
21.9545 0.0564 0.0532
21.9752 0.0559 0.0528
21.9959 0.0554 0.0524
22.0165 0.0549 0.0519
22.0372 0.0544 0.0515
22.0579 0.0538 0.0511
22.0786 0.0533 0.0507
22.0992 0.0527 0.0504
22.1199 0.0521 0.0500
22.1406 0.0515 0.0496
22.1612 0.0509 0.0493
22.1819 0.0503 0.0489
22.2026 0.0496 0.0485
22.2233 0.0490 0.0482
22.2439 0.0484 0.0478
22.2646 0.0478 0.0474
22.2853 0.0472 0.0470
22.3060 0.0466 0.0466
22.3266 0.0461 0.0462
22.3473 0.0455 0.0458
22.3680 0.0450 0.0454
22.3886 0.0445 0.0450
22.4093 0.0440 0.0446
22.4300 0.0436 0.0442
22.4507 0.0431 0.0438
22.4713 0.0427 0.0434
22.4920 0.0422 0.0430
22.5127 0.0418 0.0426
22.5334 0.0414 0.0423
22.5540 0.0410 0.0419
22.5747 0.0406 0.0415
22.5954 0.0402 0.0412
22.6160 0.0398 0.0409
22.6367 0.0394 0.0405
22.6574 0.0390 0.0402
22.6781 0.0386 0.0399
22.6987 0.0382 0.0396
22.7194 0.0378 0.0393
22.7401 0.0374 0.0390
22.7608 0.0371 0.0387
22.7814 0.0367 0.0384
22.8021 0.0363 0.0381
22.8228 0.0360 0.0378
22.8434 0.0356 0.0375
22.8641 0.0353 0.0372
22.8848 0.0350 0.0370
22.9055 0.0346 0.0367
22.9261 0.0343 0.0364
22.9468 0.0340 0.0362
22.9675 0.0337 0.0360
22.9882 0.0334 0.0357
23.0088 0.0331 0.0355
23.0295 0.0327 0.0353
23.0502 0.0324 0.0351
23.0708 0.0321 0.0349
23.0915 0.0318 0.0348
23.1122 0.0315 0.0346
23.1329 0.0312 0.0344
23.1535 0.0309 0.0342
23.1742 0.0307 0.0340
23.1949 0.0304 0.0338
23.2156 0.0301 0.0336
23.2362 0.0298 0.0333
23.2569 0.0296 0.0331
23.2776 0.0293 0.0329
23.2983 0.0291 0.0326
23.3189 0.0289 0.0324
23.3396 0.0286 0.0321
23.3603 0.0284 0.0319
23.3809 0.0282 0.0316
23.4016 0.0280 0.0314
23.4223 0.0278 0.0312
23.4430 0.0277 0.0310
23.4636 0.0275 0.0307
23.4843 0.0273 0.0305
23.5050 0.0272 0.0303
23.5257 0.0270 0.0302
23.5463 0.0268 0.0300
23.5670 0.0267 0.0298
23.5877 0.0265 0.0297
23.6083 0.0264 0.0295
23.6290 0.0262 0.0294
23.6497 0.0261 0.0292
23.6704 0.0259 0.0290
23.6910 0.0258 0.0289
23.7117 0.0256 0.0287
23.7324 0.0254 0.0286
23.7531 0.0253 0.0284
23.7737 0.0251 0.0282
23.7944 0.0250 0.0280
23.8151 0.0248 0.0279
23.8357 0.0247 0.0277
23.8564 0.0245 0.0275
23.8771 0.0244 0.0273
23.8978 0.0242 0.0272
23.9184 0.0241 0.0270
23.9391 0.0240 0.0268
23.9598 0.0239 0.0267
23.9805 0.0237 0.0265
24.0011 0.0236 0.0264
24.0218 0.0235 0.0263
24.0425 0.0234 0.0262
24.0631 0.0233 0.0261
24.0838 0.0232 0.0260
24.1045 0.0231 0.0259
24.1252 0.0231 0.0259
24.1458 0.0230 0.0258
24.1665 0.0229 0.0257
24.1872 0.0229 0.0257
24.2079 0.0228 0.0256
24.2285 0.0228 0.0255
24.2492 0.0227 0.0255
24.2699 0.0227 0.0254
24.2905 0.0226 0.0254
24.3112 0.0226 0.0253
24.3319 0.0225 0.0253
24.3526 0.0225 0.0252
24.3732 0.0224 0.0251
24.3939 0.0223 0.0251
24.4146 0.0223 0.0250
24.4353 0.0222 0.0249
24.4559 0.0221 0.0249
24.4766 0.0221 0.0248
24.4973 0.0220 0.0247
24.5179 0.0219 0.0246
24.5386 0.0218 0.0245
24.5593 0.0217 0.0244
24.5800 0.0216 0.0243
24.6006 0.0215 0.0242
24.6213 0.0214 0.0241
24.6420 0.0213 0.0240
24.6627 0.0212 0.0239
24.6833 0.0211 0.0237
24.7040 0.0210 0.0236
24.7247 0.0209 0.0235
24.7453 0.0208 0.0233
24.7660 0.0207 0.0232
24.7867 0.0207 0.0231
24.8074 0.0206 0.0229
24.8280 0.0205 0.0228
24.8487 0.0204 0.0227
24.8694 0.0203 0.0225
24.8901 0.0202 0.0224
24.9107 0.0202 0.0223
24.9314 0.0201 0.0222
24.9521 0.0201 0.0220
24.9727 0.0200 0.0219
24.9934 0.0199 0.0218
25.0141 0.0199 0.0217
25.0348 0.0199 0.0216
25.0554 0.0198 0.0215
25.0761 0.0198 0.0214
25.0968 0.0197 0.0213
25.1175 0.0197 0.0212
25.1381 0.0196 0.0211
25.1588 0.0196 0.0210
25.1795 0.0195 0.0209
25.2001 0.0194 0.0208
25.2208 0.0194 0.0207
25.2415 0.0193 0.0206
25.2622 0.0192 0.0205
25.2828 0.0191 0.0203
25.3035 0.0190 0.0202
25.3242 0.0189 0.0201
25.3449 0.0188 0.0200
25.3655 0.0187 0.0199
25.3862 0.0186 0.0198
25.4069 0.0185 0.0196
25.4275 0.0185 0.0195
25.4482 0.0184 0.0194
25.4689 0.0183 0.0192
25.4896 0.0182 0.0191
25.5102 0.0181 0.0190
25.5309 0.0181 0.0188
25.5516 0.0180 0.0187
25.5723 0.0179 0.0185
25.5929 0.0178 0.0183
25.6136 0.0177 0.0182
25.6343 0.0176 0.0180
25.6550 0.0175 0.0178
25.6756 0.0174 0.0177
25.6963 0.0173 0.0175
25.7170 0.0171 0.0173
25.7376 0.0170 0.0171
25.7583 0.0168 0.0170
25.7790 0.0167 0.0168
25.7997 0.0165 0.0166
25.8203 0.0163 0.0165
25.8410 0.0162 0.0163
25.8617 0.0160 0.0161
25.8824 0.0158 0.0160
25.9030 0.0157 0.0158
25.9237 0.0155 0.0157
25.9444 0.0154 0.0155
25.9650 0.0152 0.0154
25.9857 0.0150 0.0153
26.0064 0.0149 0.0151
26.0271 0.0148 0.0150
26.0477 0.0146 0.0149
26.0684 0.0145 0.0147
26.0891 0.0144 0.0146
26.1098 0.0142 0.0145
26.1304 0.0141 0.0144
26.1511 0.0140 0.0142
26.1718 0.0139 0.0141
26.1924 0.0138 0.0140
26.2131 0.0137 0.0139
26.2338 0.0136 0.0138
26.2545 0.0135 0.0136
26.2751 0.0134 0.0135
26.2958 0.0133 0.0134
26.3165 0.0133 0.0133
26.3372 0.0132 0.0132
26.3578 0.0131 0.0131
26.3785 0.0130 0.0130
26.3992 0.0129 0.0129
26.4198 0.0129 0.0128
26.4405 0.0128 0.0127
26.4612 0.0127 0.0126
26.4819 0.0126 0.0125
26.5025 0.0125 0.0124
26.5232 0.0125 0.0123
26.5439 0.0124 0.0122
26.5646 0.0123 0.0121
26.5852 0.0122 0.0121
26.6059 0.0121 0.0120
26.6266 0.0120 0.0119
26.6472 0.0119 0.0118
26.6679 0.0118 0.0118
26.6886 0.0117 0.0117
26.7093 0.0116 0.0117
26.7299 0.0115 0.0116
26.7506 0.0114 0.0115
26.7713 0.0113 0.0115
26.7920 0.0112 0.0114
26.8126 0.0111 0.0114
26.8333 0.0110 0.0113
26.8540 0.0109 0.0113
26.8746 0.0108 0.0112
26.8953 0.0107 0.0112
26.9160 0.0106 0.0111
26.9367 0.0105 0.0111
26.9573 0.0105 0.0110
26.9780 0.0104 0.0110
26.9987 0.0103 0.0109
27.0194 0.0102 0.0109
27.0400 0.0102 0.0108
27.0607 0.0101 0.0108
27.0814 0.0100 0.0107
27.1020 0.0100 0.0107
27.1227 0.0099 0.0106
27.1434 0.0098 0.0106
27.1641 0.0098 0.0105
27.1847 0.0097 0.0105
27.2054 0.0097 0.0104
27.2261 0.0096 0.0104
27.2468 0.0096 0.0103
27.2674 0.0095 0.0103
27.2881 0.0095 0.0102
27.3088 0.0095 0.0102
27.3294 0.0094 0.0101
27.3501 0.0094 0.0101
27.3708 0.0093 0.0100
27.3915 0.0093 0.0099
27.4121 0.0093 0.0099
27.4328 0.0092 0.0098
27.4535 0.0092 0.0097
27.4742 0.0091 0.0097
27.4948 0.0091 0.0096
27.5155 0.0091 0.0095
27.5362 0.0090 0.0094
27.5568 0.0090 0.0094
27.5775 0.0089 0.0093
27.5982 0.0089 0.0092
27.6189 0.0088 0.0091
27.6395 0.0088 0.0090
27.6602 0.0087 0.0089
27.6809 0.0087 0.0089
27.7016 0.0086 0.0088
27.7222 0.0086 0.0087
27.7429 0.0085 0.0086
27.7636 0.0085 0.0085
27.7842 0.0084 0.0084
27.8049 0.0084 0.0084
27.8256 0.0083 0.0083
27.8463 0.0082 0.0082
27.8669 0.0082 0.0081
27.8876 0.0081 0.0081
27.9083 0.0081 0.0080
27.9290 0.0080 0.0079
27.9496 0.0079 0.0078
27.9703 0.0079 0.0078
27.9910 0.0078 0.0077
28.0117 0.0077 0.0076
28.0323 0.0077 0.0076
28.0530 0.0076 0.0075
28.0737 0.0075 0.0074
28.0943 0.0075 0.0073
28.1150 0.0074 0.0073
28.1357 0.0074 0.0072
28.1564 0.0073 0.0071
28.1770 0.0072 0.0070
28.1977 0.0072 0.0070
28.2184 0.0071 0.0069
28.2391 0.0070 0.0068
28.2597 0.0070 0.0068
28.2804 0.0069 0.0067
28.3011 0.0068 0.0066
28.3217 0.0067 0.0066
28.3424 0.0067 0.0065
28.3631 0.0066 0.0064
28.3838 0.0065 0.0064
28.4044 0.0064 0.0063
28.4251 0.0063 0.0062
28.4458 0.0063 0.0062
28.4665 0.0062 0.0061
28.4871 0.0061 0.0061
28.5078 0.0060 0.0060
28.5285 0.0059 0.0059
28.5491 0.0058 0.0059
28.5698 0.0058 0.0058
28.5905 0.0057 0.0058
28.6112 0.0056 0.0057
28.6318 0.0055 0.0057
28.6525 0.0055 0.0056
28.6732 0.0054 0.0056
28.6939 0.0053 0.0055
28.7145 0.0053 0.0055
28.7352 0.0052 0.0054
28.7559 0.0051 0.0054
28.7765 0.0051 0.0054
28.7972 0.0050 0.0053
28.8179 0.0050 0.0053
28.8386 0.0050 0.0052
28.8592 0.0049 0.0052
28.8799 0.0049 0.0052
28.9006 0.0048 0.0051
28.9213 0.0048 0.0051
28.9419 0.0048 0.0050
28.9626 0.0047 0.0050
28.9833 0.0047 0.0050
29.0039 0.0047 0.0049
29.0246 0.0047 0.0049
29.0453 0.0046 0.0049
29.0660 0.0046 0.0048
29.0866 0.0046 0.0048
29.1073 0.0045 0.0048
29.1280 0.0045 0.0047
29.1487 0.0045 0.0047
29.1693 0.0045 0.0047
29.1900 0.0044 0.0046
29.2107 0.0044 0.0046
29.2313 0.0044 0.0046
29.2520 0.0043 0.0046
29.2727 0.0043 0.0045
29.2934 0.0042 0.0045
29.3140 0.0042 0.0045
29.3347 0.0042 0.0045
29.3554 0.0041 0.0045
29.3761 0.0041 0.0044
29.3967 0.0041 0.0044
29.4174 0.0040 0.0044
29.4381 0.0040 0.0044
29.4587 0.0040 0.0043
29.4794 0.0039 0.0043
29.5001 0.0039 0.0043
29.5208 0.0039 0.0042
29.5414 0.0038 0.0042
29.5621 0.0038 0.0042
29.5828 0.0038 0.0041
29.6035 0.0038 0.0041
29.6241 0.0037 0.0040
29.6448 0.0037 0.0040
29.6655 0.0037 0.0040
29.6861 0.0037 0.0039
29.7068 0.0036 0.0039
29.7275 0.0036 0.0038
29.7482 0.0036 0.0038
29.7688 0.0036 0.0038
29.7895 0.0036 0.0037
29.8102 0.0035 0.0037
29.8309 0.0035 0.0037
29.8515 0.0035 0.0036
29.8722 0.0035 0.0036
29.8929 0.0035 0.0036
29.9135 0.0034 0.0036
29.9342 0.0034 0.0035
29.9549 0.0034 0.0035
29.9756 0.0034 0.0035
29.9962 0.0034 0.0034
30.0169 0.0034 0.0034
30.0376 0.0034 0.0034
30.0583 0.0034 0.0034
30.0789 0.0033 0.0033
30.0996 0.0033 0.0033
30.1203 0.0033 0.0033
30.1409 0.0033 0.0032
30.1616 0.0033 0.0032
30.1823 0.0033 0.0032
30.2030 0.0033 0.0032
30.2236 0.0032 0.0032
30.2443 0.0032 0.0031
30.2650 0.0032 0.0031
30.2857 0.0032 0.0031
30.3063 0.0032 0.0031
30.3270 0.0031 0.0031
30.3477 0.0031 0.0030
30.3683 0.0031 0.0030
30.3890 0.0031 0.0030
30.4097 0.0031 0.0030
30.4304 0.0030 0.0030
30.4510 0.0030 0.0029
30.4717 0.0030 0.0029
30.4924 0.0030 0.0029
30.5131 0.0029 0.0029
30.5337 0.0029 0.0029
30.5544 0.0029 0.0028
30.5751 0.0029 0.0028
30.5958 0.0029 0.0028
30.6164 0.0028 0.0028
30.6371 0.0028 0.0028
30.6578 0.0028 0.0027
30.6784 0.0028 0.0027
30.6991 0.0027 0.0027
30.7198 0.0027 0.0027
30.7405 0.0027 0.0026
30.7611 0.0027 0.0026
30.7818 0.0027 0.0026
30.8025 0.0026 0.0026
30.8232 0.0026 0.0025
30.8438 0.0026 0.0025
30.8645 0.0026 0.0025
30.8852 0.0026 0.0025
30.9058 0.0026 0.0024
30.9265 0.0025 0.0024
30.9472 0.0025 0.0024
30.9679 0.0025 0.0024
30.9885 0.0025 0.0024
31.0092 0.0025 0.0023
31.0299 0.0024 0.0023
31.0506 0.0024 0.0023
31.0712 0.0024 0.0023
31.0919 0.0024 0.0023
31.1126 0.0024 0.0022
31.1332 0.0024 0.0022
31.1539 0.0023 0.0022
31.1746 0.0023 0.0022
31.1953 0.0023 0.0022
31.2159 0.0023 0.0022
31.2366 0.0023 0.0022
31.2573 0.0023 0.0021
31.2780 0.0022 0.0021
31.2986 0.0022 0.0021
31.3193 0.0022 0.0021
31.3400 0.0022 0.0021
31.3606 0.0022 0.0021
31.3813 0.0021 0.0021
31.4020 0.0021 0.0020
31.4227 0.0021 0.0020
31.4433 0.0021 0.0020
31.4640 0.0021 0.0020
31.4847 0.0021 0.0020
31.5054 0.0021 0.0020
31.5260 0.0020 0.0020
31.5467 0.0020 0.0020
31.5674 0.0020 0.0019
31.5880 0.0020 0.0019
31.6087 0.0020 0.0019
31.6294 0.0020 0.0019
31.6501 0.0019 0.0019
31.6707 0.0019 0.0019
31.6914 0.0019 0.0019
31.7121 0.0019 0.0019
31.7328 0.0019 0.0019
31.7534 0.0019 0.0019
31.7741 0.0019 0.0019
31.7948 0.0018 0.0019
31.8154 0.0018 0.0019
31.8361 0.0018 0.0019
31.8568 0.0018 0.0019
31.8775 0.0018 0.0018
31.8981 0.0017 0.0018
31.9188 0.0017 0.0018
31.9395 0.0017 0.0018
31.9602 0.0017 0.0018
31.9808 0.0017 0.0018
32.0015 0.0017 0.0018
32.0222 0.0017 0.0018
32.0428 0.0016 0.0018
32.0635 0.0016 0.0018
32.0842 0.0016 0.0018
32.1049 0.0016 0.0017
32.1255 0.0016 0.0017
32.1462 0.0016 0.0017
32.1669 0.0016 0.0017
32.1876 0.0016 0.0017
32.2082 0.0015 0.0017
32.2289 0.0015 0.0017
32.2496 0.0015 0.0017
32.2702 0.0015 0.0017
32.2909 0.0015 0.0016
32.3116 0.0015 0.0016
32.3323 0.0015 0.0016
32.3529 0.0015 0.0016
32.3736 0.0015 0.0016
32.3943 0.0015 0.0016
32.4150 0.0015 0.0016
32.4356 0.0014 0.0016
32.4563 0.0014 0.0016
32.4770 0.0014 0.0015
32.4976 0.0014 0.0015
32.5183 0.0014 0.0015
32.5390 0.0014 0.0015
32.5597 0.0014 0.0015
32.5803 0.0014 0.0015
32.6010 0.0014 0.0015
32.6217 0.0014 0.0015
32.6424 0.0014 0.0015
32.6630 0.0013 0.0014
32.6837 0.0013 0.0014
32.7044 0.0013 0.0014
32.7250 0.0013 0.0014
32.7457 0.0013 0.0014
32.7664 0.0013 0.0014
32.7871 0.0013 0.0014
32.8077 0.0013 0.0014
32.8284 0.0013 0.0014
32.8491 0.0013 0.0014
32.8698 0.0013 0.0014
32.8904 0.0013 0.0014
32.9111 0.0013 0.0013
32.9318 0.0013 0.0013
32.9525 0.0013 0.0013
32.9731 0.0012 0.0013
32.9938 0.0012 0.0013
33.0145 0.0012 0.0013
33.0351 0.0012 0.0013
33.0558 0.0012 0.0013
33.0765 0.0012 0.0013
33.0972 0.0012 0.0012
33.1178 0.0012 0.0012
33.1385 0.0012 0.0012
33.1592 0.0012 0.0012
33.1799 0.0012 0.0012
33.2005 0.0011 0.0012
33.2212 0.0011 0.0012
33.2419 0.0011 0.0012
33.2625 0.0011 0.0012
33.2832 0.0011 0.0011
33.3039 0.0011 0.0011
33.3246 0.0011 0.0011
33.3452 0.0011 0.0011
33.3659 0.0011 0.0011
33.3866 0.0011 0.0011
33.4073 0.0011 0.0011
33.4279 0.0011 0.0011
33.4486 0.0010 0.0011
33.4693 0.0010 0.0011
33.4899 0.0010 0.0010
33.5106 0.0010 0.0010
33.5313 0.0010 0.0010
33.5520 0.0010 0.0010
33.5726 0.0010 0.0010
33.5933 0.0010 0.0010
33.6140 0.0010 0.0010
33.6347 0.0010 0.0010
33.6553 0.0010 0.0010
33.6760 0.0010 0.0010
33.6967 0.0010 0.0010
33.7173 0.0010 0.0010
33.7380 0.0009 0.0010
33.7587 0.0009 0.0010
33.7794 0.0009 0.0010
33.8000 0.0009 0.0010
33.8207 0.0009 0.0010
33.8414 0.0009 0.0009
33.8621 0.0009 0.0009
33.8827 0.0009 0.0009
33.9034 0.0009 0.0009
33.9241 0.0009 0.0009
33.9447 0.0009 0.0009
33.9654 0.0009 0.0009
33.9861 0.0009 0.0009
34.0068 0.0009 0.0009
34.0274 0.0009 0.0009
34.0481 0.0009 0.0009
34.0688 0.0009 0.0009
34.0895 0.0009 0.0009
34.1101 0.0009 0.0009
34.1308 0.0009 0.0009
34.1515 0.0009 0.0009
34.1721 0.0009 0.0009
34.1928 0.0009 0.0009
34.2135 0.0009 0.0009
34.2342 0.0008 0.0009
34.2548 0.0008 0.0009
34.2755 0.0008 0.0008
34.2962 0.0008 0.0008
34.3169 0.0008 0.0008
34.3375 0.0008 0.0008
34.3582 0.0008 0.0008
34.3789 0.0008 0.0008
34.3995 0.0008 0.0008
34.4202 0.0008 0.0008
34.4409 0.0008 0.0008
34.4616 0.0008 0.0008
34.4822 0.0008 0.0008
34.5029 0.0008 0.0008
34.5236 0.0008 0.0008
34.5443 0.0008 0.0008
34.5649 0.0008 0.0008
34.5856 0.0008 0.0008
34.6063 0.0008 0.0008
34.6269 0.0008 0.0008
34.6476 0.0008 0.0008
34.6683 0.0008 0.0008
34.6890 0.0008 0.0008
34.7096 0.0008 0.0008
34.7303 0.0008 0.0008
34.7510 0.0008 0.0008
34.7717 0.0008 0.0008
34.7923 0.0008 0.0008
34.8130 0.0008 0.0008
34.8337 0.0008 0.0008
34.8543 0.0008 0.0008
34.8750 0.0008 0.0008
34.8957 0.0008 0.0008
34.9164 0.0008 0.0008
34.9370 0.0008 0.0008
34.9577 0.0008 0.0008
34.9784 0.0008 0.0007
34.9991 0.0007 0.0007
35.0197 0.0007 0.0007
35.0404 0.0007 0.0007
35.0611 0.0007 0.0007
35.0817 0.0007 0.0007
35.1024 0.0007 0.0007
35.1231 0.0007 0.0007
35.1438 0.0007 0.0007
35.1644 0.0007 0.0007
35.1851 0.0007 0.0007
35.2058 0.0007 0.0007
35.2265 0.0007 0.0007
35.2471 0.0007 0.0007
35.2678 0.0007 0.0007
35.2885 0.0007 0.0007
35.3092 0.0007 0.0007
35.3298 0.0007 0.0007
35.3505 0.0007 0.0007
35.3712 0.0007 0.0007
35.3918 0.0007 0.0007
35.4125 0.0007 0.0007
35.4332 0.0007 0.0007
35.4539 0.0007 0.0007
35.4745 0.0007 0.0007
35.4952 0.0007 0.0007
35.5159 0.0007 0.0007
35.5366 0.0007 0.0007
35.5572 0.0007 0.0007
35.5779 0.0007 0.0007
35.5986 0.0007 0.0007
35.6192 0.0007 0.0007
35.6399 0.0007 0.0007
35.6606 0.0007 0.0007
35.6813 0.0007 0.0007
35.7019 0.0007 0.0007
35.7226 0.0007 0.0007
35.7433 0.0007 0.0007
35.7640 0.0007 0.0007
35.7846 0.0007 0.0007
35.8053 0.0007 0.0007
35.8260 0.0007 0.0007
35.8466 0.0007 0.0007
35.8673 0.0007 0.0007
35.8880 0.0007 0.0007
35.9087 0.0007 0.0007
35.9293 0.0007 0.0007
35.9500 0.0007 0.0007
35.9707 0.0007 0.0007
35.9914 0.0007 0.0007
36.0120 0.0007 0.0007
36.0327 0.0007 0.0007
36.0534 0.0007 0.0007
36.0740 0.0007 0.0007
36.0947 0.0007 0.0007
36.1154 0.0007 0.0007
36.1361 0.0007 0.0007
36.1567 0.0007 0.0007
36.1774 0.0007 0.0007
36.1981 0.0007 0.0007
36.2188 0.0007 0.0007
36.2394 0.0007 0.0006
36.2601 0.0007 0.0006
36.2808 0.0006 0.0006
36.3014 0.0006 0.0006
36.3221 0.0006 0.0006
36.3428 0.0006 0.0006
36.3635 0.0006 0.0006
36.3841 0.0006 0.0006
36.4048 0.0006 0.0006
36.4255 0.0006 0.0006
36.4462 0.0006 0.0006
36.4668 0.0006 0.0006
36.4875 0.0006 0.0006
36.5082 0.0006 0.0006
36.5288 0.0006 0.0006
36.5495 0.0006 0.0006
36.5702 0.0006 0.0006
36.5909 0.0006 0.0006
36.6115 0.0006 0.0006
36.6322 0.0006 0.0006
36.6529 0.0006 0.0006
36.6736 0.0006 0.0006
36.6942 0.0006 0.0006
36.7149 0.0006 0.0006
36.7356 0.0006 0.0006
36.7562 0.0006 0.0006
36.7769 0.0006 0.0006
36.7976 0.0006 0.0006
36.8183 0.0006 0.0006
36.8389 0.0006 0.0006
36.8596 0.0006 0.0006
36.8803 0.0006 0.0006
36.9010 0.0006 0.0006
36.9216 0.0006 0.0006
36.9423 0.0006 0.0006
36.9630 0.0006 0.0006
36.9836 0.0006 0.0006
37.0043 0.0006 0.0006
37.0250 0.0006 0.0006
37.0457 0.0006 0.0006
37.0663 0.0006 0.0006
37.0870 0.0006 0.0006
37.1077 0.0006 0.0006
37.1284 0.0006 0.0006
37.1490 0.0006 0.0006
37.1697 0.0006 0.0006
37.1904 0.0006 0.0006
37.2110 0.0006 0.0006
37.2317 0.0006 0.0006
37.2524 0.0006 0.0006
37.2731 0.0006 0.0006
37.2937 0.0006 0.0006
37.3144 0.0006 0.0006
37.3351 0.0006 0.0006
37.3558 0.0006 0.0006
37.3764 0.0006 0.0006
37.3971 0.0006 0.0006
37.4178 0.0006 0.0006
37.4384 0.0006 0.0006
37.4591 0.0006 0.0006
37.4798 0.0006 0.0006
37.5005 0.0006 0.0006
37.5211 0.0006 0.0006
37.5418 0.0006 0.0006
37.5625 0.0006 0.0006
37.5832 0.0006 0.0006
37.6038 0.0006 0.0006
37.6245 0.0006 0.0006
37.6452 0.0006 0.0006
37.6658 0.0006 0.0006
37.6865 0.0006 0.0006
37.7072 0.0006 0.0006
37.7279 0.0006 0.0006
37.7485 0.0006 0.0006
37.7692 0.0006 0.0006
37.7899 0.0006 0.0006
37.8106 0.0006 0.0006
37.8312 0.0006 0.0006
37.8519 0.0006 0.0006
37.8726 0.0006 0.0006
37.8933 0.0006 0.0005
37.9139 0.0006 0.0005
37.9346 0.0005 0.0005
37.9553 0.0005 0.0005
37.9759 0.0005 0.0005
37.9966 0.0005 0.0005
38.0173 0.0005 0.0005
38.0380 0.0005 0.0005
38.0586 0.0005 0.0005
38.0793 0.0005 0.0005
38.1000 0.0005 0.0005
38.1207 0.0005 0.0005
38.1413 0.0005 0.0005
38.1620 0.0005 0.0005
38.1827 0.0005 0.0005
38.2033 0.0005 0.0005
38.2240 0.0005 0.0005
38.2447 0.0005 0.0005
38.2654 0.0005 0.0005
38.2860 0.0005 0.0005
38.3067 0.0005 0.0005
38.3274 0.0005 0.0005
38.3481 0.0005 0.0005
38.3687 0.0005 0.0005
38.3894 0.0005 0.0005
38.4101 0.0005 0.0005
38.4307 0.0005 0.0005
38.4514 0.0005 0.0005
38.4721 0.0005 0.0005
38.4928 0.0005 0.0005
38.5134 0.0005 0.0005
38.5341 0.0005 0.0005
38.5548 0.0005 0.0005
38.5755 0.0005 0.0005
38.5961 0.0005 0.0005
38.6168 0.0005 0.0005
38.6375 0.0005 0.0005
38.6581 0.0005 0.0005
38.6788 0.0005 0.0005
38.6995 0.0005 0.0005
38.7202 0.0005 0.0005
38.7408 0.0005 0.0005
38.7615 0.0005 0.0005
38.7822 0.0005 0.0005
38.8029 0.0005 0.0005
38.8235 0.0005 0.0005
38.8442 0.0005 0.0005
38.8649 0.0005 0.0005
38.8855 0.0005 0.0005
38.9062 0.0005 0.0005
38.9269 0.0005 0.0005
38.9476 0.0005 0.0005
38.9682 0.0005 0.0005
38.9889 0.0005 0.0005
39.0096 0.0005 0.0005
39.0303 0.0005 0.0005
39.0509 0.0005 0.0005
39.0716 0.0005 0.0005
39.0923 0.0005 0.0005
39.1129 0.0005 0.0005
39.1336 0.0005 0.0005
39.1543 0.0005 0.0005
39.1750 0.0005 0.0005
39.1956 0.0005 0.0005
39.2163 0.0005 0.0005
39.2370 0.0005 0.0005
39.2577 0.0005 0.0005
39.2783 0.0005 0.0005
39.2990 0.0005 0.0005
39.3197 0.0005 0.0005
39.3403 0.0005 0.0005
39.3610 0.0005 0.0005
39.3817 0.0005 0.0005
39.4024 0.0005 0.0005
39.4230 0.0005 0.0005
39.4437 0.0005 0.0005
39.4644 0.0005 0.0005
39.4851 0.0005 0.0005
39.5057 0.0005 0.0005
39.5264 0.0005 0.0005
39.5471 0.0005 0.0005
39.5677 0.0005 0.0005
39.5884 0.0005 0.0005
39.6091 0.0005 0.0005
39.6298 0.0005 0.0005
39.6504 0.0005 0.0005
39.6711 0.0005 0.0005
39.6918 0.0005 0.0005
39.7125 0.0005 0.0005
39.7331 0.0005 0.0005
39.7538 0.0005 0.0005
39.7745 0.0005 0.0005
39.7951 0.0005 0.0005
39.8158 0.0005 0.0005
39.8365 0.0005 0.0005
39.8572 0.0005 0.0005
39.8778 0.0005 0.0005
39.8985 0.0005 0.0005
39.9192 0.0005 0.0005
39.9399 0.0005 0.0005
39.9605 0.0005 0.0005
39.9812 0.0005 0.0005
40.0019 0.0005 0.0005
40.0225 0.0005 0.0005
40.0432 0.0005 0.0005
40.0639 0.0005 0.0004
40.0846 0.0005 0.0004
40.1052 0.0005 0.0004
40.1259 0.0004 0.0004
40.1466 0.0004 0.0004
40.1673 0.0004 0.0004
40.1879 0.0004 0.0004
40.2086 0.0004 0.0004
40.2293 0.0004 0.0004
40.2500 0.0004 0.0004
40.2706 0.0004 0.0004
40.2913 0.0004 0.0004
40.3120 0.0004 0.0004
40.3326 0.0004 0.0004
40.3533 0.0004 0.0004
40.3740 0.0004 0.0004
40.3947 0.0004 0.0004
40.4153 0.0004 0.0004
40.4360 0.0004 0.0004
40.4567 0.0004 0.0004
40.4774 0.0004 0.0004
40.4980 0.0004 0.0004
40.5187 0.0004 0.0004
40.5394 0.0004 0.0004
40.5600 0.0004 0.0004
40.5807 0.0004 0.0004
40.6014 0.0004 0.0004
40.6221 0.0004 0.0004
40.6427 0.0004 0.0004
40.6634 0.0004 0.0004
40.6841 0.0004 0.0004
40.7048 0.0004 0.0004
40.7254 0.0004 0.0004
40.7461 0.0004 0.0004
40.7668 0.0004 0.0004
40.7874 0.0004 0.0004
40.8081 0.0004 0.0004
40.8288 0.0004 0.0004
40.8495 0.0004 0.0004
40.8701 0.0004 0.0004
40.8908 0.0004 0.0004
40.9115 0.0004 0.0004
40.9322 0.0004 0.0004
40.9528 0.0004 0.0004
40.9735 0.0004 0.0004
40.9942 0.0004 0.0004
41.0148 0.0004 0.0004
41.0355 0.0004 0.0004
41.0562 0.0004 0.0004
41.0769 0.0004 0.0004
41.0975 0.0004 0.0004
41.1182 0.0004 0.0004
41.1389 0.0004 0.0004
41.1596 0.0004 0.0004
41.1802 0.0004 0.0004
41.2009 0.0004 0.0004
41.2216 0.0004 0.0004
41.2422 0.0004 0.0004
41.2629 0.0004 0.0004
41.2836 0.0004 0.0004
41.3043 0.0004 0.0004
41.3249 0.0004 0.0004
  
  
  
  
  
dim="1">gridpoints</dimension>  
  
  
  
  
  
  
  
  
0.0000 442.3026 554.2193
0.0207 442.3026 554.2193
0.0413 221.3435 277.4490
0.0620 147.7763 185.3357
0.0827 111.0570 139.3788
0.1034 89.0765 111.8763
0.1240 74.4646 93.5929
0.1447 64.0619 80.5702
0.1654 56.2877 70.8288
0.1861 50.2634 63.2693
0.2067 45.4611 57.2325
0.2274 41.5444 52.2997
0.2481 38.2889 48.1922
0.2687 35.5389 44.7180
0.2894 33.1837 41.7404
0.3101 31.1423 39.1594
0.3308 29.3542 36.9005
0.3514 27.7739 34.9067
0.3721 26.3662 33.1336
0.3928 25.1039 31.5456
0.4135 23.9654 30.1141
0.4341 22.9332 28.8154
0.4548 21.9933 27.6293
0.4755 21.1336 26.5389
0.4961 20.3441 25.5297
0.5168 19.6158 24.5890
0.5375 18.9411 23.7061
0.5582 18.3128 22.8721
0.5788 17.7249 22.0795
0.5995 17.1719 21.3225
0.6202 16.6493 20.5966
0.6409 16.1531 19.8989
0.6615 15.6803 19.2276
0.6822 15.2287 18.5819
0.7029 14.7967 17.9618
0.7235 14.3835 17.3679
0.7442 13.9888 16.8011
0.7649 13.6129 16.2625
0.7856 13.2562 15.7528
0.8062 12.9195 15.2724
0.8269 12.6034 14.8213
0.8476 12.3085 14.3989
0.8683 12.0354 14.0040
0.8889 11.7841 13.6350
0.9096 11.5546 13.2900
0.9303 11.3463 12.9668
0.9509 11.1587 12.6632
0.9716 10.9905 12.3767
0.9923 10.8405 12.1055
1.0130 10.7071 11.8477
1.0336 10.5884 11.6015
1.0543 10.4826 11.3658
1.0750 10.3876 11.1393
1.0957 10.3011 10.9212
1.1163 10.2209 10.7107
1.1370 10.1448 10.5070
1.1577 10.0706 10.3094
1.1783 9.9962 10.1173
1.1990 9.9194 9.9301
1.2197 9.8386 9.7473
1.2404 9.7522 9.5685
1.2610 9.6587 9.3937
1.2817 9.5573 9.2230
1.3024 9.4473 9.0570
1.3231 9.3282 8.8965
1.3437 9.2002 8.7429
1.3644 9.0636 8.5978
1.3851 8.9191 8.4629
1.4058 8.7676 8.3401
1.4264 8.6101 8.2312
1.4471 8.4481 8.1379
1.4678 8.2829 8.0610
1.4884 8.1159 8.0012
1.5091 7.9485 7.9583
1.5298 7.7821 7.9313
1.5505 7.6179 7.9184
1.5711 7.4570 7.9173
1.5918 7.3001 7.9250
1.6125 7.1479 7.9381
1.6332 7.0007 7.9530
1.6538 6.8586 7.9661
1.6745 6.7217 7.9740
1.6952 6.5894 7.9736
1.7158 6.4614 7.9623
1.7365 6.3372 7.9383
1.7572 6.2159 7.9001
1.7779 6.0971 7.8472
1.7985 5.9801 7.7794
1.8192 5.8645 7.6972
1.8399 5.7500 7.6016
1.8606 5.6365 7.4939
1.8812 5.5240 7.3755
1.9019 5.4129 7.2482
1.9226 5.3036 7.1138
1.9432 5.1968 6.9741
1.9639 5.0929 6.8308
1.9846 4.9928 6.6856
2.0053 4.8971 6.5399
2.0259 4.8062 6.3953
2.0466 4.7207 6.2529
2.0673 4.6409 6.1138
2.0880 4.5669 5.9790
2.1086 4.4989 5.8491
2.1293 4.4367 5.7247
2.1500 4.3803 5.6062
2.1706 4.3295 5.4938
2.1913 4.2841 5.3876
2.2120 4.2439 5.2877
2.2327 4.2086 5.1938
2.2533 4.1781 5.1058
2.2740 4.1522 5.0232
2.2947 4.1307 4.9458
2.3154 4.1134 4.8729
2.3360 4.1002 4.8042
2.3567 4.0910 4.7392
2.3774 4.0855 4.6775
2.3980 4.0835 4.6187
2.4187 4.0850 4.5626
2.4394 4.0898 4.5090
2.4601 4.0976 4.4580
2.4807 4.1084 4.4097
2.5014 4.1220 4.3645
2.5221 4.1381 4.3228
2.5428 4.1566 4.2851
2.5634 4.1772 4.2522
2.5841 4.1995 4.2246
2.6048 4.2231 4.2029
2.6254 4.2476 4.1876
2.6461 4.2725 4.1791
2.6668 4.2971 4.1777
2.6875 4.3210 4.1833
2.7081 4.3433 4.1956
2.7288 4.3634 4.2142
2.7495 4.3808 4.2385
2.7702 4.3946 4.2673
2.7908 4.4043 4.2997
2.8115 4.4093 4.3341
2.8322 4.4091 4.3692
2.8528 4.4031 4.4034
2.8735 4.3912 4.4351
2.8942 4.3729 4.4626
2.9149 4.3481 4.4844
2.9355 4.3169 4.4993
2.9562 4.2795 4.5061
2.9769 4.2361 4.5037
2.9976 4.1874 4.4917
3.0182 4.1340 4.4695
3.0389 4.0766 4.4372
3.0596 4.0163 4.3949
3.0802 3.9539 4.3432
3.1009 3.8906 4.2826
3.1216 3.8271 4.2143
3.1423 3.7645 4.1391
3.1629 3.7033 4.0582
3.1836 3.6443 3.9728
3.2043 3.5878 3.8843
3.2250 3.5340 3.7936
3.2456 3.4829 3.7021
3.2663 3.4346 3.6106
3.2870 3.3886 3.5203
3.3076 3.3447 3.4318
3.3283 3.3025 3.3459
3.3490 3.2617 3.2630
3.3697 3.2218 3.1836
3.3903 3.1827 3.1079
3.4110 3.1442 3.0360
3.4317 3.1063 2.9680
3.4524 3.0691 2.9036
3.4730 3.0328 2.8428
3.4937 2.9977 2.7852
3.5144 2.9641 2.7305
3.5350 2.9325 2.6785
3.5557 2.9030 2.6288
3.5764 2.8761 2.5810
3.5971 2.8518 2.5350
3.6177 2.8304 2.4905
3.6384 2.8117 2.4475
3.6591 2.7957 2.4058
3.6798 2.7820 2.3654
3.7004 2.7704 2.3265
3.7211 2.7605 2.2893
3.7418 2.7518 2.2538
3.7625 2.7439 2.2203
3.7831 2.7363 2.1889
3.8038 2.7284 2.1599
3.8245 2.7199 2.1334
3.8451 2.7104 2.1094
3.8658 2.6996 2.0879
3.8865 2.6870 2.0689
3.9072 2.6726 2.0522
3.9278 2.6563 2.0377
3.9485 2.6379 2.0250
3.9692 2.6175 2.0140
3.9899 2.5953 2.0043
4.0105 2.5712 1.9955
4.0312 2.5456 1.9874
4.0519 2.5186 1.9797
4.0725 2.4904 1.9721
4.0932 2.4612 1.9643
4.1139 2.4313 1.9561
4.1346 2.4009 1.9473
4.1552 2.3701 1.9379
4.1759 2.3392 1.9277
4.1966 2.3084 1.9167
4.2173 2.2779 1.9049
4.2379 2.2478 1.8924
4.2586 2.2183 1.8794
4.2793 2.1896 1.8660
4.2999 2.1618 1.8523
4.3206 2.1350 1.8387
4.3413 2.1093 1.8253
4.3620 2.0848 1.8124
4.3826 2.0614 1.8001
4.4033 2.0392 1.7887
4.4240 2.0182 1.7781
4.4447 1.9984 1.7686
4.4653 1.9797 1.7600
4.4860 1.9621 1.7524
4.5067 1.9456 1.7458
4.5273 1.9304 1.7399
4.5480 1.9164 1.7347
4.5687 1.9036 1.7300
4.5894 1.8921 1.7256
4.6100 1.8820 1.7215
4.6307 1.8732 1.7175
4.6514 1.8657 1.7135
4.6721 1.8594 1.7093
4.6927 1.8542 1.7048
4.7134 1.8499 1.7000
4.7341 1.8463 1.6948
4.7547 1.8430 1.6891
4.7754 1.8399 1.6830
4.7961 1.8366 1.6763
4.8168 1.8329 1.6691
4.8374 1.8284 1.6615
4.8581 1.8230 1.6536
4.8788 1.8164 1.6453
4.8995 1.8084 1.6371
4.9201 1.7991 1.6289
4.9408 1.7882 1.6210
4.9615 1.7760 1.6136
4.9821 1.7624 1.6069
5.0028 1.7475 1.6011
5.0235 1.7315 1.5962
5.0442 1.7146 1.5925
5.0648 1.6968 1.5898
5.0855 1.6786 1.5883
5.1062 1.6599 1.5878
5.1269 1.6410 1.5883
5.1475 1.6220 1.5897
5.1682 1.6032 1.5917
5.1889 1.5845 1.5942
5.2095 1.5661 1.5970
5.2302 1.5481 1.6001
5.2509 1.5305 1.6032
5.2716 1.5134 1.6062
5.2922 1.4969 1.6090
5.3129 1.4809 1.6114
5.3336 1.4654 1.6135
5.3543 1.4506 1.6151
5.3749 1.4365 1.6161
5.3956 1.4230 1.6165
5.4163 1.4102 1.6162
5.4369 1.3981 1.6150
5.4576 1.3868 1.6131
5.4783 1.3761 1.6102
5.4990 1.3661 1.6065
5.5196 1.3568 1.6018
5.5403 1.3481 1.5961
5.5610 1.3401 1.5895
5.5817 1.3327 1.5819
5.6023 1.3259 1.5734
5.6230 1.3196 1.5640
5.6437 1.3139 1.5538
5.6643 1.3088 1.5427
5.6850 1.3041 1.5309
5.7057 1.2999 1.5183
5.7264 1.2962 1.5052
5.7470 1.2929 1.4916
5.7677 1.2900 1.4776
5.7884 1.2874 1.4635
5.8091 1.2851 1.4494
5.8297 1.2829 1.4356
5.8504 1.2808 1.4223
5.8711 1.2787 1.4097
5.8917 1.2763 1.3981
5.9124 1.2737 1.3875
5.9331 1.2708 1.3781
5.9538 1.2673 1.3700
5.9744 1.2633 1.3631
5.9951 1.2586 1.3573
6.0158 1.2533 1.3525
6.0365 1.2472 1.3486
6.0571 1.2404 1.3452
6.0778 1.2328 1.3423
6.0985 1.2246 1.3395
6.1192 1.2157 1.3367
6.1398 1.2062 1.3336
6.1605 1.1963 1.3302
6.1812 1.1860 1.3264
6.2018 1.1754 1.3220
6.2225 1.1647 1.3171
6.2432 1.1540 1.3117
6.2639 1.1434 1.3059
6.2845 1.1332 1.2996
6.3052 1.1233 1.2930
6.3259 1.1140 1.2861
6.3466 1.1052 1.2790
6.3672 1.0970 1.2718
6.3879 1.0895 1.2645
6.4086 1.0826 1.2572
6.4292 1.0763 1.2498
6.4499 1.0704 1.2425
6.4706 1.0650 1.2353
6.4913 1.0598 1.2282
6.5119 1.0547 1.2212
6.5326 1.0497 1.2144
6.5533 1.0446 1.2077
6.5740 1.0392 1.2013
6.5946 1.0336 1.1950
6.6153 1.0276 1.1889
6.6360 1.0211 1.1829
6.6566 1.0141 1.1770
6.6773 1.0067 1.1711
6.6980 0.9987 1.1652
6.7187 0.9903 1.1591
6.7393 0.9814 1.1529
6.7600 0.9722 1.1463
6.7807 0.9626 1.1395
6.8014 0.9529 1.1323
6.8220 0.9429 1.1247
6.8427 0.9330 1.1170
6.8634 0.9232 1.1090
6.8840 0.9136 1.1010
6.9047 0.9045 1.0931
6.9254 0.8958 1.0854
6.9461 0.8878 1.0782
6.9667 0.8806 1.0716
6.9874 0.8744 1.0658
7.0081 0.8691 1.0608
7.0288 0.8649 1.0569
7.0494 0.8618 1.0541
7.0701 0.8599 1.0523
7.0908 0.8592 1.0515
7.1114 0.8596 1.0517
7.1321 0.8612 1.0526
7.1528 0.8638 1.0542
7.1735 0.8675 1.0562
7.1941 0.8720 1.0585
7.2148 0.8773 1.0607
7.2355 0.8833 1.0627
7.2562 0.8897 1.0644
7.2768 0.8966 1.0655
7.2975 0.9036 1.0660
7.3182 0.9107 1.0657
7.3388 0.9177 1.0647
7.3595 0.9244 1.0630
7.3802 0.9308 1.0605
7.4009 0.9367 1.0574
7.4215 0.9420 1.0538
7.4422 0.9466 1.0497
7.4629 0.9505 1.0452
7.4836 0.9536 1.0405
7.5042 0.9560 1.0355
7.5249 0.9576 1.0305
7.5456 0.9584 1.0253
7.5662 0.9585 1.0200
7.5869 0.9579 1.0147
7.6076 0.9567 1.0093
7.6283 0.9548 1.0037
7.6489 0.9524 0.9980
7.6696 0.9495 0.9921
7.6903 0.9462 0.9861
7.7110 0.9425 0.9799
7.7316 0.9385 0.9735
7.7523 0.9343 0.9670
7.7730 0.9298 0.9605
7.7936 0.9252 0.9540
7.8143 0.9205 0.9477
7.8350 0.9158 0.9416
7.8557 0.9111 0.9359
7.8763 0.9065 0.9306
7.8970 0.9021 0.9258
7.9177 0.8979 0.9215
7.9384 0.8940 0.9177
7.9590 0.8903 0.9143
7.9797 0.8871 0.9113
8.0004 0.8842 0.9086
8.0210 0.8817 0.9059
8.0417 0.8796 0.9033
8.0624 0.8779 0.9005
8.0831 0.8766 0.8974
8.1037 0.8757 0.8940
8.1244 0.8750 0.8902
8.1451 0.8745 0.8859
8.1658 0.8741 0.8812
8.1864 0.8739 0.8762
8.2071 0.8736 0.8709
8.2278 0.8733 0.8654
8.2484 0.8728 0.8599
8.2691 0.8722 0.8545
8.2898 0.8713 0.8492
8.3105 0.8702 0.8442
8.3311 0.8688 0.8395
8.3518 0.8673 0.8351
8.3725 0.8655 0.8311
8.3932 0.8636 0.8275
8.4138 0.8616 0.8241
8.4345 0.8596 0.8211
8.4552 0.8577 0.8182
8.4758 0.8559 0.8156
8.4965 0.8544 0.8131
8.5172 0.8531 0.8108
8.5379 0.8521 0.8086
8.5585 0.8514 0.8066
8.5792 0.8511 0.8048
8.5999 0.8511 0.8033
8.6206 0.8514 0.8020
8.6412 0.8518 0.8010
8.6619 0.8523 0.8003
8.6826 0.8527 0.7999
8.7033 0.8529 0.7997
8.7239 0.8528 0.7998
8.7446 0.8523 0.8000
8.7653 0.8512 0.8002
8.7859 0.8495 0.8004
8.8066 0.8470 0.8004
8.8273 0.8439 0.8001
8.8480 0.8400 0.7993
8.8686 0.8355 0.7981
8.8893 0.8303 0.7962
8.9100 0.8247 0.7937
8.9307 0.8186 0.7905
8.9513 0.8123 0.7866
8.9720 0.8057 0.7820
8.9927 0.7990 0.7768
9.0133 0.7924 0.7711
9.0340 0.7858 0.7649
9.0547 0.7794 0.7583
9.0754 0.7733 0.7516
9.0960 0.7674 0.7447
9.1167 0.7619 0.7378
9.1374 0.7567 0.7309
9.1581 0.7519 0.7243
9.1787 0.7476 0.7178
9.1994 0.7437 0.7116
9.2201 0.7403 0.7057
9.2407 0.7374 0.7001
9.2614 0.7350 0.6949
9.2821 0.7332 0.6900
9.3028 0.7320 0.6854
9.3234 0.7313 0.6812
9.3441 0.7311 0.6773
9.3648 0.7315 0.6736
9.3855 0.7323 0.6703
9.4061 0.7335 0.6672
9.4268 0.7350 0.6643
9.4475 0.7369 0.6616
9.4681 0.7389 0.6591
9.4888 0.7411 0.6567
9.5095 0.7435 0.6545
9.5302 0.7459 0.6523
9.5508 0.7483 0.6503
9.5715 0.7506 0.6483
9.5922 0.7529 0.6465
9.6129 0.7551 0.6447
9.6335 0.7572 0.6430
9.6542 0.7591 0.6415
9.6749 0.7608 0.6402
9.6955 0.7622 0.6390
9.7162 0.7632 0.6381
9.7369 0.7640 0.6375
9.7576 0.7643 0.6372
9.7782 0.7641 0.6372
9.7989 0.7635 0.6376
9.8196 0.7623 0.6383
9.8403 0.7607 0.6394
9.8609 0.7585 0.6408
9.8816 0.7559 0.6426
9.9023 0.7529 0.6446
9.9229 0.7495 0.6468
9.9436 0.7458 0.6493
9.9643 0.7418 0.6518
9.9850 0.7377 0.6544
10.0056 0.7335 0.6570
10.0263 0.7292 0.6596
10.0470 0.7249 0.6621
10.0677 0.7207 0.6645
10.0883 0.7167 0.6667
10.1090 0.7127 0.6688
10.1297 0.7090 0.6708
10.1503 0.7055 0.6726
10.1710 0.7024 0.6743
10.1917 0.6995 0.6759
10.2124 0.6970 0.6774
10.2330 0.6950 0.6787
10.2537 0.6934 0.6800
10.2744 0.6923 0.6811
10.2951 0.6917 0.6820
10.3157 0.6917 0.6828
10.3364 0.6922 0.6834
10.3571 0.6934 0.6838
10.3777 0.6951 0.6838
10.3984 0.6973 0.6836
10.4191 0.7000 0.6830
10.4398 0.7033 0.6820
10.4604 0.7069 0.6807
10.4811 0.7110 0.6789
10.5018 0.7153 0.6768
10.5225 0.7200 0.6743
10.5431 0.7249 0.6715
10.5638 0.7299 0.6684
10.5845 0.7351 0.6651
10.6051 0.7405 0.6617
10.6258 0.7458 0.6583
10.6465 0.7513 0.6548
10.6672 0.7567 0.6514
10.6878 0.7620 0.6480
10.7085 0.7673 0.6449
10.7292 0.7725 0.6419
10.7499 0.7774 0.6391
10.7705 0.7822 0.6365
10.7912 0.7866 0.6341
10.8119 0.7908 0.6319
10.8325 0.7945 0.6298
10.8532 0.7979 0.6278
10.8739 0.8009 0.6260
10.8946 0.8033 0.6242
10.9152 0.8053 0.6225
10.9359 0.8067 0.6208
10.9566 0.8077 0.6192
10.9773 0.8081 0.6177
10.9979 0.8079 0.6162
11.0186 0.8073 0.6149
11.0393 0.8062 0.6136
11.0600 0.8047 0.6124
11.0806 0.8028 0.6115
11.1013 0.8006 0.6107
11.1220 0.7981 0.6100
11.1426 0.7954 0.6097
11.1633 0.7926 0.6095
11.1840 0.7898 0.6096
11.2047 0.7869 0.6099
11.2253 0.7841 0.6105
11.2460 0.7815 0.6113
11.2667 0.7790 0.6123
11.2874 0.7767 0.6135
11.3080 0.7746 0.6148
11.3287 0.7728 0.6163
11.3494 0.7712 0.6180
11.3700 0.7700 0.6197
11.3907 0.7690 0.6216
11.4114 0.7683 0.6235
11.4321 0.7680 0.6255
11.4527 0.7679 0.6276
11.4734 0.7682 0.6298
11.4941 0.7687 0.6321
11.5148 0.7695 0.6344
11.5354 0.7705 0.6369
11.5561 0.7717 0.6394
11.5768 0.7731 0.6419
11.5974 0.7746 0.6445
11.6181 0.7761 0.6471
11.6388 0.7776 0.6497
11.6595 0.7791 0.6522
11.6801 0.7805 0.6546
11.7008 0.7817 0.6569
11.7215 0.7828 0.6590
11.7422 0.7837 0.6610
11.7628 0.7846 0.6628
11.7835 0.7854 0.6645
11.8042 0.7861 0.6660
11.8248 0.7868 0.6674
11.8455 0.7876 0.6687
11.8662 0.7886 0.6700
11.8869 0.7898 0.6713
11.9075 0.7912 0.6726
11.9282 0.7929 0.6740
11.9489 0.7949 0.6755
11.9696 0.7973 0.6770
11.9902 0.8001 0.6787
12.0109 0.8031 0.6804
12.0316 0.8065 0.6821
12.0522 0.8102 0.6839
12.0729 0.8142 0.6857
12.0936 0.8183 0.6874
12.1143 0.8226 0.6890
12.1349 0.8269 0.6905
12.1556 0.8313 0.6920
12.1763 0.8357 0.6933
12.1970 0.8400 0.6946
12.2176 0.8442 0.6958
12.2383 0.8483 0.6971
12.2590 0.8522 0.6985
12.2796 0.8559 0.6999
12.3003 0.8595 0.7016
12.3210 0.8628 0.7036
12.3417 0.8658 0.7059
12.3623 0.8686 0.7086
12.3830 0.8711 0.7117
12.4037 0.8732 0.7152
12.4244 0.8751 0.7193
12.4450 0.8767 0.7238
12.4657 0.8780 0.7289
12.4864 0.8791 0.7344
12.5070 0.8799 0.7404
12.5277 0.8806 0.7470
12.5484 0.8811 0.7540
12.5691 0.8817 0.7615
12.5897 0.8823 0.7694
12.6104 0.8830 0.7778
12.6311 0.8839 0.7865
12.6518 0.8851 0.7956
12.6724 0.8866 0.8051
12.6931 0.8886 0.8147
12.7138 0.8910 0.8245
12.7344 0.8939 0.8343
12.7551 0.8974 0.8441
12.7758 0.9014 0.8537
12.7965 0.9060 0.8631
12.8171 0.9111 0.8720
12.8378 0.9167 0.8804
12.8585 0.9228 0.8883
12.8792 0.9292 0.8955
12.8998 0.9360 0.9020
12.9205 0.9431 0.9078
12.9412 0.9503 0.9128
12.9618 0.9575 0.9171
12.9825 0.9647 0.9208
13.0032 0.9716 0.9238
13.0239 0.9782 0.9263
13.0445 0.9843 0.9283
13.0652 0.9899 0.9299
13.0859 0.9948 0.9311
13.1066 0.9990 0.9322
13.1272 1.0024 0.9330
13.1479 1.0049 0.9337
13.1686 1.0068 0.9343
13.1892 1.0078 0.9349
13.2099 1.0083 0.9355
13.2306 1.0081 0.9360
13.2513 1.0075 0.9366
13.2719 1.0066 0.9372
13.2926 1.0054 0.9378
13.3133 1.0041 0.9384
13.3340 1.0028 0.9391
13.3546 1.0015 0.9397
13.3753 1.0003 0.9404
13.3960 0.9993 0.9410
13.4167 0.9984 0.9415
13.4373 0.9977 0.9420
13.4580 0.9971 0.9425
13.4787 0.9967 0.9428
13.4993 0.9963 0.9431
13.5200 0.9959 0.9432
13.5407 0.9956 0.9432
13.5614 0.9953 0.9430
13.5820 0.9949 0.9427
13.6027 0.9945 0.9422
13.6234 0.9940 0.9415
13.6441 0.9936 0.9407
13.6647 0.9930 0.9397
13.6854 0.9925 0.9385
13.7061 0.9919 0.9371
13.7267 0.9913 0.9356
13.7474 0.9907 0.9338
13.7681 0.9900 0.9319
13.7888 0.9893 0.9298
13.8094 0.9886 0.9275
13.8301 0.9877 0.9250
13.8508 0.9868 0.9224
13.8715 0.9857 0.9197
13.8921 0.9844 0.9169
13.9128 0.9830 0.9140
13.9335 0.9814 0.9112
13.9541 0.9795 0.9083
13.9748 0.9774 0.9055
13.9955 0.9750 0.9027
14.0162 0.9723 0.9000
14.0368 0.9694 0.8974
14.0575 0.9661 0.8948
14.0782 0.9626 0.8923
14.0989 0.9588 0.8899
14.1195 0.9547 0.8874
14.1402 0.9504 0.8849
14.1609 0.9459 0.8824
14.1815 0.9413 0.8798
14.2022 0.9366 0.8771
14.2229 0.9320 0.8744
14.2436 0.9273 0.8716
14.2642 0.9228 0.8687
14.2849 0.9185 0.8657
14.3056 0.9144 0.8628
14.3263 0.9107 0.8598
14.3469 0.9072 0.8569
14.3676 0.9042 0.8541
14.3883 0.9015 0.8515
14.4089 0.8992 0.8490
14.4296 0.8974 0.8467
14.4503 0.8959 0.8446
14.4710 0.8949 0.8428
14.4916 0.8942 0.8411
14.5123 0.8937 0.8396
14.5330 0.8936 0.8382
14.5537 0.8937 0.8369
14.5743 0.8939 0.8355
14.5950 0.8943 0.8341
14.6157 0.8947 0.8325
14.6363 0.8951 0.8306
14.6570 0.8956 0.8285
14.6777 0.8959 0.8259
14.6984 0.8963 0.8230
14.7190 0.8965 0.8196
14.7397 0.8967 0.8158
14.7604 0.8968 0.8115
14.7811 0.8967 0.8069
14.8017 0.8966 0.8018
14.8224 0.8963 0.7964
14.8431 0.8960 0.7908
14.8637 0.8954 0.7850
14.8844 0.8947 0.7791
14.9051 0.8938 0.7732
14.9258 0.8927 0.7673
14.9464 0.8914 0.7616
14.9671 0.8897 0.7561
14.9878 0.8878 0.7508
15.0085 0.8856 0.7459
15.0291 0.8830 0.7413
15.0498 0.8801 0.7370
15.0705 0.8770 0.7331
15.0911 0.8735 0.7297
15.1118 0.8697 0.7265
15.1325 0.8656 0.7237
15.1532 0.8613 0.7212
15.1738 0.8567 0.7189
15.1945 0.8519 0.7169
15.2152 0.8470 0.7151
15.2359 0.8418 0.7134
15.2565 0.8365 0.7118
15.2772 0.8311 0.7103
15.2979 0.8256 0.7089
15.3185 0.8200 0.7075
15.3392 0.8143 0.7061
15.3599 0.8085 0.7047
15.3806 0.8028 0.7034
15.4012 0.7970 0.7021
15.4219 0.7912 0.7008
15.4426 0.7854 0.6995
15.4633 0.7797 0.6983
15.4839 0.7740 0.6971
15.5046 0.7683 0.6959
15.5253 0.7628 0.6947
15.5459 0.7573 0.6935
15.5666 0.7519 0.6922
15.5873 0.7466 0.6908
15.6080 0.7414 0.6894
15.6286 0.7364 0.6878
15.6493 0.7315 0.6861
15.6700 0.7267 0.6842
15.6907 0.7221 0.6822
15.7113 0.7176 0.6801
15.7320 0.7132 0.6777
15.7527 0.7089 0.6753
15.7733 0.7048 0.6727
15.7940 0.7007 0.6700
15.8147 0.6968 0.6672
15.8354 0.6929 0.6643
15.8560 0.6890 0.6614
15.8767 0.6853 0.6585
15.8974 0.6816 0.6556
15.9181 0.6780 0.6526
15.9387 0.6745 0.6497
15.9594 0.6711 0.6468
15.9801 0.6677 0.6439
16.0008 0.6644 0.6411
16.0214 0.6613 0.6382
16.0421 0.6582 0.6354
16.0628 0.6553 0.6326
16.0834 0.6524 0.6298
16.1041 0.6496 0.6270
16.1248 0.6469 0.6243
16.1455 0.6442 0.6216
16.1661 0.6415 0.6189
16.1868 0.6389 0.6163
16.2075 0.6362 0.6137
16.2282 0.6335 0.6112
16.2488 0.6307 0.6088
16.2695 0.6279 0.6064
16.2902 0.6248 0.6040
16.3108 0.6217 0.6016
16.3315 0.6183 0.5992
16.3522 0.6147 0.5968
16.3729 0.6109 0.5944
16.3935 0.6068 0.5918
16.4142 0.6025 0.5892
16.4349 0.5979 0.5864
16.4556 0.5931 0.5835
16.4762 0.5881 0.5805
16.4969 0.5829 0.5773
16.5176 0.5776 0.5740
16.5382 0.5722 0.5705
16.5589 0.5667 0.5669
16.5796 0.5612 0.5632
16.6003 0.5558 0.5594
16.6209 0.5505 0.5556
16.6416 0.5454 0.5517
16.6623 0.5404 0.5477
16.6830 0.5356 0.5437
16.7036 0.5311 0.5398
16.7243 0.5267 0.5358
16.7450 0.5226 0.5318
16.7656 0.5188 0.5278
16.7863 0.5151 0.5239
16.8070 0.5116 0.5201
16.8277 0.5082 0.5163
16.8483 0.5049 0.5126
16.8690 0.5016 0.5090
16.8897 0.4984 0.5055
16.9104 0.4951 0.5022
16.9310 0.4918 0.4990
16.9517 0.4883 0.4959
16.9724 0.4847 0.4930
16.9930 0.4810 0.4902
17.0137 0.4771 0.4876
17.0344 0.4731 0.4851
17.0551 0.4689 0.4827
17.0757 0.4646 0.4805
17.0964 0.4603 0.4783
17.1171 0.4558 0.4762
17.1378 0.4514 0.4742
17.1584 0.4469 0.4721
17.1791 0.4423 0.4701
17.1998 0.4379 0.4680
17.2204 0.4334 0.4658
17.2411 0.4290 0.4636
17.2618 0.4247 0.4613
17.2825 0.4204 0.4588
17.3031 0.4163 0.4562
17.3238 0.4122 0.4535
17.3445 0.4081 0.4506
17.3652 0.4042 0.4476
17.3858 0.4003 0.4444
17.4065 0.3965 0.4411
17.4272 0.3928 0.4376
17.4478 0.3892 0.4340
17.4685 0.3857 0.4303
17.4892 0.3822 0.4266
17.5099 0.3788 0.4227
17.5305 0.3755 0.4188
17.5512 0.3723 0.4148
17.5719 0.3691 0.4108
17.5926 0.3660 0.4067
17.6132 0.3629 0.4026
17.6339 0.3598 0.3985
17.6546 0.3567 0.3944
17.6752 0.3536 0.3902
17.6959 0.3505 0.3861
17.7166 0.3473 0.3820
17.7373 0.3440 0.3780
17.7579 0.3407 0.3741
17.7786 0.3372 0.3702
17.7993 0.3337 0.3665
17.8200 0.3301 0.3628
17.8406 0.3264 0.3594
17.8613 0.3227 0.3560
17.8820 0.3189 0.3529
17.9026 0.3151 0.3498
17.9233 0.3113 0.3469
17.9440 0.3074 0.3441
17.9647 0.3036 0.3415
17.9853 0.2998 0.3389
18.0060 0.2961 0.3364
18.0267 0.2924 0.3341
18.0474 0.2887 0.3317
18.0680 0.2852 0.3295
18.0887 0.2817 0.3273
18.1094 0.2784 0.3251
18.1300 0.2751 0.3231
18.1507 0.2720 0.3210
18.1714 0.2689 0.3190
18.1921 0.2660 0.3170
18.2127 0.2632 0.3151
18.2334 0.2605 0.3132
18.2541 0.2580 0.3113
18.2748 0.2555 0.3095
18.2954 0.2532 0.3076
18.3161 0.2510 0.3058
18.3368 0.2489 0.3039
18.3575 0.2469 0.3021
18.3781 0.2449 0.3002
18.3988 0.2430 0.2983
18.4195 0.2411 0.2964
18.4401 0.2392 0.2944
18.4608 0.2373 0.2924
18.4815 0.2354 0.2903
18.5022 0.2335 0.2882
18.5228 0.2315 0.2861
18.5435 0.2294 0.2839
18.5642 0.2273 0.2816
18.5849 0.2251 0.2793
18.6055 0.2228 0.2770
18.6262 0.2205 0.2746
18.6469 0.2181 0.2721
18.6675 0.2158 0.2696
18.6882 0.2134 0.2671
18.7089 0.2110 0.2644
18.7296 0.2087 0.2617
18.7502 0.2064 0.2590
18.7709 0.2042 0.2562
18.7916 0.2020 0.2533
18.8123 0.2000 0.2504
18.8329 0.1980 0.2475
18.8536 0.1960 0.2445
18.8743 0.1942 0.2415
18.8949 0.1924 0.2384
18.9156 0.1906 0.2354
18.9363 0.1889 0.2324
18.9570 0.1872 0.2293
18.9776 0.1855 0.2264
18.9983 0.1838 0.2234
19.0190 0.1821 0.2206
19.0397 0.1804 0.2178
19.0603 0.1787 0.2151
19.0810 0.1770 0.2125
19.1017 0.1753 0.2099
19.1223 0.1735 0.2075
19.1430 0.1718 0.2051
19.1637 0.1701 0.2029
19.1844 0.1684 0.2007
19.2050 0.1667 0.1986
19.2257 0.1650 0.1966
19.2464 0.1634 0.1946
19.2671 0.1618 0.1927
19.2877 0.1602 0.1908
19.3084 0.1587 0.1890
19.3291 0.1573 0.1871
19.3497 0.1559 0.1853
19.3704 0.1545 0.1834
19.3911 0.1532 0.1816
19.4118 0.1519 0.1797
19.4324 0.1506 0.1779
19.4531 0.1494 0.1760
19.4738 0.1483 0.1741
19.4945 0.1471 0.1723
19.5151 0.1460 0.1704
19.5358 0.1449 0.1686
19.5565 0.1438 0.1668
19.5771 0.1427 0.1650
19.5978 0.1416 0.1633
19.6185 0.1405 0.1616
19.6392 0.1394 0.1599
19.6598 0.1382 0.1582
19.6805 0.1371 0.1566
19.7012 0.1359 0.1549
19.7219 0.1347 0.1533
19.7425 0.1335 0.1516
19.7632 0.1323 0.1499
19.7839 0.1311 0.1482
19.8045 0.1299 0.1464
19.8252 0.1286 0.1446
19.8459 0.1274 0.1427
19.8666 0.1262 0.1408
19.8872 0.1250 0.1388
19.9079 0.1239 0.1368
19.9286 0.1228 0.1348
19.9493 0.1217 0.1327
19.9699 0.1206 0.1307
19.9906 0.1196 0.1287
20.0113 0.1187 0.1267
20.0319 0.1178 0.1247
20.0526 0.1169 0.1228
20.0733 0.1161 0.1210
20.0940 0.1153 0.1192
20.1146 0.1145 0.1175
20.1353 0.1138 0.1159
20.1560 0.1131 0.1143
20.1767 0.1124 0.1129
20.1973 0.1117 0.1115
20.2180 0.1111 0.1101
20.2387 0.1104 0.1089
20.2593 0.1097 0.1077
20.2800 0.1091 0.1065
20.3007 0.1084 0.1054
20.3214 0.1077 0.1044
20.3420 0.1070 0.1033
20.3627 0.1063 0.1023
20.3834 0.1055 0.1014
20.4041 0.1048 0.1005
20.4247 0.1040 0.0996
20.4454 0.1031 0.0987
20.4661 0.1023 0.0979
20.4867 0.1014 0.0970
20.5074 0.1005 0.0963
20.5281 0.0996 0.0955
20.5488 0.0987 0.0947
20.5694 0.0977 0.0940
20.5901 0.0968 0.0933
20.6108 0.0958 0.0927
20.6315 0.0948 0.0920
20.6521 0.0938 0.0913
20.6728 0.0927 0.0907
20.6935 0.0917 0.0901
20.7142 0.0907 0.0895
20.7348 0.0897 0.0889
20.7555 0.0887 0.0883
20.7762 0.0877 0.0877
20.7968 0.0867 0.0871
20.8175 0.0857 0.0865
20.8382 0.0848 0.0859
20.8589 0.0839 0.0853
20.8795 0.0830 0.0847
20.9002 0.0822 0.0841
20.9209 0.0814 0.0834
20.9416 0.0806 0.0828
20.9622 0.0799 0.0822
20.9829 0.0792 0.0816
21.0036 0.0785 0.0810
21.0242 0.0779 0.0803
21.0449 0.0773 0.0797
21.0656 0.0767 0.0790
21.0863 0.0762 0.0783
21.1069 0.0756 0.0776
21.1276 0.0751 0.0769
21.1483 0.0746 0.0762
21.1690 0.0740 0.0754
21.1896 0.0735 0.0747
21.2103 0.0730 0.0739
21.2310 0.0724 0.0730
21.2516 0.0719 0.0722
21.2723 0.0713 0.0714
21.2930 0.0707 0.0705
21.3137 0.0701 0.0697
21.3343 0.0695 0.0688
21.3550 0.0689 0.0679
21.3757 0.0683 0.0671
21.3964 0.0676 0.0662
21.4170 0.0670 0.0654
21.4377 0.0663 0.0646
21.4584 0.0657 0.0638
21.4790 0.0651 0.0630
21.4997 0.0644 0.0623
21.5204 0.0638 0.0615
21.5411 0.0632 0.0608
21.5617 0.0626 0.0602
21.5824 0.0620 0.0595
21.6031 0.0614 0.0589
21.6238 0.0608 0.0582
21.6444 0.0603 0.0576
21.6651 0.0597 0.0571
21.6858 0.0592 0.0565
21.7064 0.0587 0.0559
21.7271 0.0582 0.0553
21.7478 0.0577 0.0548
21.7685 0.0572 0.0543
21.7891 0.0567 0.0537
21.8098 0.0562 0.0532
21.8305 0.0557 0.0527
21.8512 0.0553 0.0522
21.8718 0.0548 0.0517
21.8925 0.0543 0.0512
21.9132 0.0539 0.0507
21.9338 0.0534 0.0502
21.9545 0.0529 0.0498
21.9752 0.0524 0.0493
21.9959 0.0519 0.0489
22.0165 0.0514 0.0485
22.0372 0.0509 0.0481
22.0579 0.0504 0.0477
22.0786 0.0498 0.0473
22.0992 0.0492 0.0470
22.1199 0.0487 0.0466
22.1406 0.0481 0.0463
22.1612 0.0475 0.0459
22.1819 0.0469 0.0456
22.2026 0.0463 0.0452
22.2233 0.0456 0.0449
22.2439 0.0450 0.0445
22.2646 0.0444 0.0441
22.2853 0.0439 0.0437
22.3060 0.0433 0.0434
22.3266 0.0428 0.0430
22.3473 0.0422 0.0426
22.3680 0.0417 0.0422
22.3886 0.0412 0.0418
22.4093 0.0408 0.0414
22.4300 0.0403 0.0410
22.4507 0.0399 0.0406
22.4713 0.0394 0.0402
22.4920 0.0390 0.0399
22.5127 0.0386 0.0395
22.5334 0.0382 0.0391
22.5540 0.0378 0.0388
22.5747 0.0374 0.0384
22.5954 0.0370 0.0381
22.6160 0.0366 0.0378
22.6367 0.0363 0.0375
22.6574 0.0359 0.0372
22.6781 0.0355 0.0369
22.6987 0.0351 0.0366
22.7194 0.0348 0.0363
22.7401 0.0344 0.0360
22.7608 0.0340 0.0357
22.7814 0.0337 0.0354
22.8021 0.0333 0.0351
22.8228 0.0330 0.0348
22.8434 0.0327 0.0346
22.8641 0.0323 0.0343
22.8848 0.0320 0.0340
22.9055 0.0317 0.0338
22.9261 0.0314 0.0335
22.9468 0.0311 0.0333
22.9675 0.0308 0.0331
22.9882 0.0305 0.0329
23.0088 0.0302 0.0327
23.0295 0.0299 0.0325
23.0502 0.0296 0.0323
23.0708 0.0293 0.0321
23.0915 0.0290 0.0319
23.1122 0.0287 0.0318
23.1329 0.0284 0.0316
23.1535 0.0281 0.0314
23.1742 0.0279 0.0312
23.1949 0.0276 0.0310
23.2156 0.0273 0.0308
23.2362 0.0271 0.0306
23.2569 0.0268 0.0304
23.2776 0.0266 0.0301
23.2983 0.0264 0.0299
23.3189 0.0261 0.0297
23.3396 0.0259 0.0294
23.3603 0.0257 0.0292
23.3809 0.0255 0.0290
23.4016 0.0253 0.0287
23.4223 0.0252 0.0285
23.4430 0.0250 0.0283
23.4636 0.0248 0.0281
23.4843 0.0247 0.0279
23.5050 0.0245 0.0277
23.5257 0.0244 0.0276
23.5463 0.0242 0.0274
23.5670 0.0241 0.0272
23.5877 0.0239 0.0271
23.6083 0.0238 0.0269
23.6290 0.0236 0.0268
23.6497 0.0235 0.0266
23.6704 0.0234 0.0265
23.6910 0.0232 0.0263
23.7117 0.0231 0.0262
23.7324 0.0229 0.0260
23.7531 0.0228 0.0259
23.7737 0.0226 0.0257
23.7944 0.0225 0.0255
23.8151 0.0223 0.0254
23.8357 0.0222 0.0252
23.8564 0.0220 0.0250
23.8771 0.0219 0.0249
23.8978 0.0218 0.0247
23.9184 0.0217 0.0245
23.9391 0.0215 0.0244
23.9598 0.0214 0.0243
23.9805 0.0213 0.0241
24.0011 0.0212 0.0240
24.0218 0.0211 0.0239
24.0425 0.0210 0.0238
24.0631 0.0209 0.0237
24.0838 0.0208 0.0236
24.1045 0.0208 0.0236
24.1252 0.0207 0.0235
24.1458 0.0206 0.0234
24.1665 0.0206 0.0234
24.1872 0.0205 0.0233
24.2079 0.0205 0.0233
24.2285 0.0204 0.0232
24.2492 0.0204 0.0232
24.2699 0.0204 0.0231
24.2905 0.0203 0.0231
24.3112 0.0203 0.0230
24.3319 0.0202 0.0230
24.3526 0.0202 0.0229
24.3732 0.0201 0.0229
24.3939 0.0201 0.0228
24.4146 0.0200 0.0227
24.4353 0.0200 0.0227
24.4559 0.0199 0.0226
24.4766 0.0198 0.0225
24.4973 0.0198 0.0225
24.5179 0.0197 0.0224
24.5386 0.0196 0.0223
24.5593 0.0195 0.0222
24.5800 0.0194 0.0221
24.6006 0.0193 0.0220
24.6213 0.0192 0.0219
24.6420 0.0192 0.0218
24.6627 0.0191 0.0217
24.6833 0.0190 0.0216
24.7040 0.0189 0.0214
24.7247 0.0188 0.0213
24.7453 0.0187 0.0212
24.7660 0.0186 0.0211
24.7867 0.0185 0.0209
24.8074 0.0184 0.0208
24.8280 0.0184 0.0207
24.8487 0.0183 0.0206
24.8694 0.0182 0.0204
24.8901 0.0181 0.0203
24.9107 0.0181 0.0202
24.9314 0.0180 0.0201
24.9521 0.0180 0.0200
24.9727 0.0179 0.0199
24.9934 0.0179 0.0197
25.0141 0.0178 0.0196
25.0348 0.0178 0.0195
25.0554 0.0178 0.0194
25.0761 0.0177 0.0193
25.0968 0.0177 0.0193
25.1175 0.0176 0.0192
25.1381 0.0176 0.0191
25.1588 0.0175 0.0190
25.1795 0.0175 0.0189
25.2001 0.0174 0.0188
25.2208 0.0174 0.0187
25.2415 0.0173 0.0186
25.2622 0.0172 0.0185
25.2828 0.0171 0.0183
25.3035 0.0170 0.0182
25.3242 0.0169 0.0181
25.3449 0.0169 0.0180
25.3655 0.0168 0.0179
25.3862 0.0167 0.0178
25.4069 0.0166 0.0177
25.4275 0.0165 0.0175
25.4482 0.0164 0.0174
25.4689 0.0164 0.0173
25.4896 0.0163 0.0172
25.5102 0.0162 0.0170
25.5309 0.0161 0.0169
25.5516 0.0161 0.0167
25.5723 0.0160 0.0166
25.5929 0.0159 0.0164
25.6136 0.0158 0.0163
25.6343 0.0157 0.0161
25.6550 0.0156 0.0159
25.6756 0.0155 0.0158
25.6963 0.0154 0.0156
25.7170 0.0152 0.0154
25.7376 0.0151 0.0153
25.7583 0.0150 0.0151
25.7790 0.0148 0.0149
25.7997 0.0146 0.0148
25.8203 0.0145 0.0146
25.8410 0.0143 0.0144
25.8617 0.0142 0.0143
25.8824 0.0140 0.0141
25.9030 0.0138 0.0140
25.9237 0.0137 0.0139
25.9444 0.0135 0.0137
25.9650 0.0134 0.0136
25.9857 0.0132 0.0135
26.0064 0.0131 0.0133
26.0271 0.0129 0.0132
26.0477 0.0128 0.0131
26.0684 0.0127 0.0130
26.0891 0.0126 0.0128
26.1098 0.0125 0.0127
26.1304 0.0123 0.0126
26.1511 0.0122 0.0125
26.1718 0.0121 0.0124
26.1924 0.0120 0.0122
26.2131 0.0120 0.0121
26.2338 0.0119 0.0120
26.2545 0.0118 0.0119
26.2751 0.0117 0.0118
26.2958 0.0116 0.0117
26.3165 0.0115 0.0115
26.3372 0.0115 0.0114
26.3578 0.0114 0.0113
26.3785 0.0113 0.0112
26.3992 0.0112 0.0111
26.4198 0.0112 0.0110
26.4405 0.0111 0.0110
26.4612 0.0110 0.0109
26.4819 0.0109 0.0108
26.5025 0.0109 0.0107
26.5232 0.0108 0.0106
26.5439 0.0107 0.0105
26.5646 0.0106 0.0105
26.5852 0.0105 0.0104
26.6059 0.0104 0.0103
26.6266 0.0103 0.0103
26.6472 0.0102 0.0102
26.6679 0.0101 0.0101
26.6886 0.0100 0.0101
26.7093 0.0100 0.0100
26.7299 0.0099 0.0100
26.7506 0.0098 0.0099
26.7713 0.0097 0.0099
26.7920 0.0096 0.0098
26.8126 0.0095 0.0098
26.8333 0.0094 0.0097
26.8540 0.0093 0.0097
26.8746 0.0092 0.0097
26.8953 0.0091 0.0096
26.9160 0.0090 0.0096
26.9367 0.0089 0.0095
26.9573 0.0089 0.0095
26.9780 0.0088 0.0094
26.9987 0.0087 0.0094
27.0194 0.0087 0.0093
27.0400 0.0086 0.0093
27.0607 0.0085 0.0092
27.0814 0.0085 0.0092
27.1020 0.0084 0.0091
27.1227 0.0083 0.0091
27.1434 0.0083 0.0091
27.1641 0.0082 0.0090
27.1847 0.0082 0.0090
27.2054 0.0081 0.0089
27.2261 0.0081 0.0089
27.2468 0.0081 0.0088
27.2674 0.0080 0.0088
27.2881 0.0080 0.0087
27.3088 0.0079 0.0087
27.3294 0.0079 0.0086
27.3501 0.0079 0.0086
27.3708 0.0078 0.0085
27.3915 0.0078 0.0085
27.4121 0.0078 0.0084
27.4328 0.0077 0.0083
27.4535 0.0077 0.0083
27.4742 0.0077 0.0082
27.4948 0.0076 0.0081
27.5155 0.0076 0.0080
27.5362 0.0076 0.0080
27.5568 0.0075 0.0079
27.5775 0.0075 0.0078
27.5982 0.0074 0.0077
27.6189 0.0074 0.0077
27.6395 0.0073 0.0076
27.6602 0.0073 0.0075
27.6809 0.0073 0.0074
27.7016 0.0072 0.0073
27.7222 0.0072 0.0073
27.7429 0.0071 0.0072
27.7636 0.0071 0.0071
27.7842 0.0070 0.0070
27.8049 0.0069 0.0070
27.8256 0.0069 0.0069
27.8463 0.0068 0.0068
27.8669 0.0068 0.0067
27.8876 0.0067 0.0067
27.9083 0.0067 0.0066
27.9290 0.0066 0.0065
27.9496 0.0065 0.0065
27.9703 0.0065 0.0064
27.9910 0.0064 0.0063
28.0117 0.0064 0.0062
28.0323 0.0063 0.0062
28.0530 0.0062 0.0061
28.0737 0.0062 0.0060
28.0943 0.0061 0.0060
28.1150 0.0061 0.0059
28.1357 0.0060 0.0058
28.1564 0.0059 0.0057
28.1770 0.0059 0.0057
28.1977 0.0058 0.0056
28.2184 0.0057 0.0055
28.2391 0.0057 0.0055
28.2597 0.0056 0.0054
28.2804 0.0055 0.0053
28.3011 0.0055 0.0053
28.3217 0.0054 0.0052
28.3424 0.0053 0.0052
28.3631 0.0053 0.0051
28.3838 0.0052 0.0050
28.4044 0.0051 0.0050
28.4251 0.0050 0.0049
28.4458 0.0049 0.0049
28.4665 0.0049 0.0048
28.4871 0.0048 0.0048
28.5078 0.0047 0.0047
28.5285 0.0046 0.0047
28.5491 0.0045 0.0046
28.5698 0.0045 0.0045
28.5905 0.0044 0.0045
28.6112 0.0043 0.0044
28.6318 0.0043 0.0044
28.6525 0.0042 0.0044
28.6732 0.0041 0.0043
28.6939 0.0041 0.0043
28.7145 0.0040 0.0042
28.7352 0.0039 0.0042
28.7559 0.0039 0.0041
28.7765 0.0038 0.0041
28.7972 0.0038 0.0041
28.8179 0.0037 0.0040
28.8386 0.0037 0.0040
28.8592 0.0037 0.0040
28.8799 0.0036 0.0039
28.9006 0.0036 0.0039
28.9213 0.0036 0.0039
28.9419 0.0035 0.0038
28.9626 0.0035 0.0038
28.9833 0.0035 0.0038
29.0039 0.0035 0.0037
29.0246 0.0034 0.0037
29.0453 0.0034 0.0037
29.0660 0.0034 0.0036
29.0866 0.0034 0.0036
29.1073 0.0033 0.0036
29.1280 0.0033 0.0035
29.1487 0.0033 0.0035
29.1693 0.0033 0.0035
29.1900 0.0032 0.0034
29.2107 0.0032 0.0034
29.2313 0.0032 0.0034
29.2520 0.0031 0.0034
29.2727 0.0031 0.0034
29.2934 0.0031 0.0033
29.3140 0.0030 0.0033
29.3347 0.0030 0.0033
29.3554 0.0030 0.0033
29.3761 0.0029 0.0033
29.3967 0.0029 0.0033
29.4174 0.0029 0.0032
29.4381 0.0028 0.0032
29.4587 0.0028 0.0032
29.4794 0.0028 0.0032
29.5001 0.0027 0.0031
29.5208 0.0027 0.0031
29.5414 0.0027 0.0031
29.5621 0.0027 0.0030
29.5828 0.0026 0.0030
29.6035 0.0026 0.0029
29.6241 0.0026 0.0029
29.6448 0.0026 0.0029
29.6655 0.0026 0.0028
29.6861 0.0025 0.0028
29.7068 0.0025 0.0028
29.7275 0.0025 0.0027
29.7482 0.0025 0.0027
29.7688 0.0025 0.0027
29.7895 0.0024 0.0026
29.8102 0.0024 0.0026
29.8309 0.0024 0.0026
29.8515 0.0024 0.0026
29.8722 0.0024 0.0025
29.8929 0.0024 0.0025
29.9135 0.0024 0.0025
29.9342 0.0023 0.0024
29.9549 0.0023 0.0024
29.9756 0.0023 0.0024
29.9962 0.0023 0.0024
30.0169 0.0023 0.0023
30.0376 0.0023 0.0023
30.0583 0.0023 0.0023
30.0789 0.0023 0.0023
30.0996 0.0023 0.0022
30.1203 0.0023 0.0022
30.1409 0.0022 0.0022
30.1616 0.0022 0.0022
30.1823 0.0022 0.0021
30.2030 0.0022 0.0021
30.2236 0.0022 0.0021
30.2443 0.0022 0.0021
30.2650 0.0022 0.0021
30.2857 0.0021 0.0020
30.3063 0.0021 0.0020
30.3270 0.0021 0.0020
30.3477 0.0021 0.0020
30.3683 0.0021 0.0020
30.3890 0.0020 0.0020
30.4097 0.0020 0.0020
30.4304 0.0020 0.0019
30.4510 0.0020 0.0019
30.4717 0.0020 0.0019
30.4924 0.0019 0.0019
30.5131 0.0019 0.0019
30.5337 0.0019 0.0019
30.5544 0.0019 0.0018
30.5751 0.0019 0.0018
30.5958 0.0018 0.0018
30.6164 0.0018 0.0018
30.6371 0.0018 0.0018
30.6578 0.0018 0.0017
30.6784 0.0018 0.0017
30.6991 0.0017 0.0017
30.7198 0.0017 0.0017
30.7405 0.0017 0.0016
30.7611 0.0017 0.0016
30.7818 0.0017 0.0016
30.8025 0.0017 0.0016
30.8232 0.0016 0.0016
30.8438 0.0016 0.0015
30.8645 0.0016 0.0015
30.8852 0.0016 0.0015
30.9058 0.0016 0.0015
30.9265 0.0016 0.0014
30.9472 0.0016 0.0014
30.9679 0.0015 0.0014
30.9885 0.0015 0.0014
31.0092 0.0015 0.0014
31.0299 0.0015 0.0014
31.0506 0.0015 0.0013
31.0712 0.0015 0.0013
31.0919 0.0014 0.0013
31.1126 0.0014 0.0013
31.1332 0.0014 0.0013
31.1539 0.0014 0.0013
31.1746 0.0014 0.0013
31.1953 0.0014 0.0013
31.2159 0.0014 0.0012
31.2366 0.0013 0.0012
31.2573 0.0013 0.0012
31.2780 0.0013 0.0012
31.2986 0.0013 0.0012
31.3193 0.0013 0.0012
31.3400 0.0013 0.0012
31.3606 0.0012 0.0012
31.3813 0.0012 0.0011
31.4020 0.0012 0.0011
31.4227 0.0012 0.0011
31.4433 0.0012 0.0011
31.4640 0.0012 0.0011
31.4847 0.0012 0.0011
31.5054 0.0011 0.0011
31.5260 0.0011 0.0011
31.5467 0.0011 0.0011
31.5674 0.0011 0.0011
31.5880 0.0011 0.0010
31.6087 0.0011 0.0010
31.6294 0.0011 0.0010
31.6501 0.0011 0.0010
31.6707 0.0010 0.0010
31.6914 0.0010 0.0010
31.7121 0.0010 0.0010
31.7328 0.0010 0.0010
31.7534 0.0010 0.0010
31.7741 0.0010 0.0010
31.7948 0.0010 0.0010
31.8154 0.0009 0.0010
31.8361 0.0009 0.0010
31.8568 0.0009 0.0010
31.8775 0.0009 0.0010
31.8981 0.0009 0.0010
31.9188 0.0009 0.0010
31.9395 0.0008 0.0010
31.9602 0.0008 0.0010
31.9808 0.0008 0.0009
32.0015 0.0008 0.0009
32.0222 0.0008 0.0009
32.0428 0.0008 0.0009
32.0635 0.0008 0.0009
32.0842 0.0008 0.0009
32.1049 0.0007 0.0009
32.1255 0.0007 0.0009
32.1462 0.0007 0.0009
32.1669 0.0007 0.0009
32.1876 0.0007 0.0009
32.2082 0.0007 0.0009
32.2289 0.0007 0.0008
32.2496 0.0007 0.0008
32.2702 0.0007 0.0008
32.2909 0.0007 0.0008
32.3116 0.0007 0.0008
32.3323 0.0007 0.0008
32.3529 0.0006 0.0008
32.3736 0.0006 0.0008
32.3943 0.0006 0.0008
32.4150 0.0006 0.0008
32.4356 0.0006 0.0007
32.4563 0.0006 0.0007
32.4770 0.0006 0.0007
32.4976 0.0006 0.0007
32.5183 0.0006 0.0007
32.5390 0.0006 0.0007
32.5597 0.0006 0.0007
32.5803 0.0006 0.0007
32.6010 0.0006 0.0007
32.6217 0.0006 0.0007
32.6424 0.0006 0.0007
32.6630 0.0005 0.0006
32.6837 0.0005 0.0006
32.7044 0.0005 0.0006
32.7250 0.0005 0.0006
32.7457 0.0005 0.0006
32.7664 0.0005 0.0006
32.7871 0.0005 0.0006
32.8077 0.0005 0.0006
32.8284 0.0005 0.0006
32.8491 0.0005 0.0006
32.8698 0.0005 0.0006
32.8904 0.0005 0.0006
32.9111 0.0005 0.0006
32.9318 0.0005 0.0006
32.9525 0.0005 0.0005
32.9731 0.0005 0.0005
32.9938 0.0005 0.0005
33.0145 0.0005 0.0005
33.0351 0.0004 0.0005
33.0558 0.0004 0.0005
33.0765 0.0004 0.0005
33.0972 0.0004 0.0005
33.1178 0.0004 0.0005
33.1385 0.0004 0.0005
33.1592 0.0004 0.0005
33.1799 0.0004 0.0004
33.2005 0.0004 0.0004
33.2212 0.0004 0.0004
33.2419 0.0004 0.0004
33.2625 0.0004 0.0004
33.2832 0.0004 0.0004
33.3039 0.0004 0.0004
33.3246 0.0004 0.0004
33.3452 0.0003 0.0004
33.3659 0.0003 0.0004
33.3866 0.0003 0.0003
33.4073 0.0003 0.0003
33.4279 0.0003 0.0003
33.4486 0.0003 0.0003
33.4693 0.0003 0.0003
33.4899 0.0003 0.0003
33.5106 0.0003 0.0003
33.5313 0.0003 0.0003
33.5520 0.0003 0.0003
33.5726 0.0003 0.0003
33.5933 0.0003 0.0003
33.6140 0.0003 0.0003
33.6347 0.0003 0.0003
33.6553 0.0002 0.0003
33.6760 0.0002 0.0003
33.6967 0.0002 0.0003
33.7173 0.0002 0.0003
33.7380 0.0002 0.0003
33.7587 0.0002 0.0003
33.7794 0.0002 0.0003
33.8000 0.0002 0.0002
33.8207 0.0002 0.0002
33.8414 0.0002 0.0002
33.8621 0.0002 0.0002
33.8827 0.0002 0.0002
33.9034 0.0002 0.0002
33.9241 0.0002 0.0002
33.9447 0.0002 0.0002
33.9654 0.0002 0.0002
33.9861 0.0002 0.0002
34.0068 0.0002 0.0002
34.0274 0.0002 0.0002
34.0481 0.0002 0.0002
34.0688 0.0002 0.0002
34.0895 0.0002 0.0002
34.1101 0.0002 0.0002
34.1308 0.0002 0.0002
34.1515 0.0002 0.0002
34.1721 0.0002 0.0002
34.1928 0.0002 0.0002
34.2135 0.0002 0.0002
34.2342 0.0002 0.0002
34.2548 0.0002 0.0002
34.2755 0.0002 0.0002
34.2962 0.0002 0.0002
34.3169 0.0002 0.0002
34.3375 0.0002 0.0002
34.3582 0.0002 0.0002
34.3789 0.0001 0.0002
34.3995 0.0001 0.0002
34.4202 0.0001 0.0002
34.4409 0.0001 0.0002
34.4616 0.0001 0.0001
34.4822 0.0001 0.0001
34.5029 0.0001 0.0001
34.5236 0.0001 0.0001
34.5443 0.0001 0.0001
34.5649 0.0001 0.0001
34.5856 0.0001 0.0001
34.6063 0.0001 0.0001
34.6269 0.0001 0.0001
34.6476 0.0001 0.0001
34.6683 0.0001 0.0001
34.6890 0.0001 0.0001
34.7096 0.0001 0.0001
34.7303 0.0001 0.0001
34.7510 0.0001 0.0001
34.7717 0.0001 0.0001
34.7923 0.0001 0.0001
34.8130 0.0001 0.0001
34.8337 0.0001 0.0001
34.8543 0.0001 0.0001
34.8750 0.0001 0.0001
34.8957 0.0001 0.0001
34.9164 0.0001 0.0001
34.9370 0.0001 0.0001
34.9577 0.0001 0.0001
34.9784 0.0001 0.0001
34.9991 0.0001 0.0001
35.0197 0.0001 0.0001
35.0404 0.0001 0.0001
35.0611 0.0001 0.0001
35.0817 0.0001 0.0001
35.1024 0.0001 0.0001
35.1231 0.0001 0.0001
35.1438 0.0001 0.0001
35.1644 0.0001 0.0001
35.1851 0.0001 0.0001
35.2058 0.0001 0.0001
35.2265 0.0001 0.0001
35.2471 0.0001 0.0001
35.2678 0.0001 0.0001
35.2885 0.0001 0.0001
35.3092 0.0001 0.0001
35.3298 0.0001 0.0001
35.3505 0.0001 0.0001
35.3712 0.0001 0.0001
35.3918 0.0001 0.0001
35.4125 0.0001 0.0001
35.4332 0.0001 0.0001
35.4539 0.0001 0.0001
35.4745 0.0001 0.0001
35.4952 0.0001 0.0001
35.5159 0.0001 0.0001
35.5366 0.0001 0.0001
35.5572 0.0001 0.0001
35.5779 0.0001 0.0001
35.5986 0.0001 0.0001
35.6192 0.0001 0.0001
35.6399 0.0001 0.0001
35.6606 0.0001 0.0001
35.6813 0.0001 0.0001
35.7019 0.0001 0.0001
35.7226 0.0001 0.0001
35.7433 0.0001 0.0001
35.7640 0.0001 0.0001
35.7846 0.0001 0.0001
35.8053 0.0001 0.0001
35.8260 0.0001 0.0001
35.8466 0.0001 0.0001
35.8673 0.0001 0.0001
35.8880 0.0001 0.0001
35.9087 0.0001 0.0001
35.9293 0.0001 0.0001
35.9500 0.0001 0.0001
35.9707 0.0001 0.0001
35.9914 0.0001 0.0001
36.0120 0.0001 0.0001
36.0327 0.0001 0.0001
36.0534 0.0001 0.0001
36.0740 0.0001 0.0001
36.0947 0.0001 0.0001
36.1154 0.0001 0.0001
36.1361 0.0001 0.0001
36.1567 0.0001 0.0001
36.1774 0.0001 0.0001
36.1981 0.0001 0.0001
36.2188 0.0001 0.0001
36.2394 0.0001 0.0001
36.2601 0.0001 0.0001
36.2808 0.0001 0.0001
36.3014 0.0001 0.0001
36.3221 0.0001 0.0001
36.3428 0.0001 0.0001
36.3635 0.0001 0.0001
36.3841 0.0001 0.0001
36.4048 0.0001 0.0001
36.4255 0.0001 0.0001
36.4462 0.0001 0.0001
36.4668 0.0001 0.0001
36.4875 0.0001 0.0001
36.5082 0.0001 0.0001
36.5288 0.0001 0.0001
36.5495 0.0001 0.0001
36.5702 0.0001 0.0001
36.5909 0.0001 0.0001
36.6115 0.0001 0.0001
36.6322 0.0001 0.0001
36.6529 0.0001 0.0001
36.6736 0.0001 0.0001
36.6942 0.0001 0.0001
36.7149 0.0001 0.0001
36.7356 0.0001 0.0001
36.7562 0.0001 0.0001
36.7769 0.0001 0.0001
36.7976 0.0001 0.0001
36.8183 0.0001 0.0001
36.8389 0.0001 0.0001
36.8596 0.0001 0.0001
36.8803 0.0001 0.0001
36.9010 0.0001 0.0001
36.9216 0.0001 0.0001
36.9423 0.0001 0.0001
36.9630 0.0001 0.0001
36.9836 0.0001 0.0001
37.0043 0.0001 0.0001
37.0250 0.0001 0.0001
37.0457 0.0001 0.0001
37.0663 0.0001 0.0001
37.0870 0.0001 0.0001
37.1077 0.0001 0.0001
37.1284 0.0001 0.0001
37.1490 0.0001 0.0001
37.1697 0.0001 0.0001
37.1904 0.0001 0.0001
37.2110 0.0001 0.0001
37.2317 0.0001 0.0001
37.2524 0.0001 0.0001
37.2731 0.0001 0.0001
37.2937 0.0001 0.0001
37.3144 0.0001 0.0001
37.3351 0.0001 0.0001
37.3558 0.0001 0.0001
37.3764 0.0001 0.0001
37.3971 0.0001 0.0001
37.4178 0.0001 0.0001
37.4384 0.0001 0.0001
37.4591 0.0001 0.0001
37.4798 0.0001 0.0001
37.5005 0.0001 0.0001
37.5211 0.0001 0.0001
37.5418 0.0001 0.0001
37.5625 0.0001 0.0001
37.5832 0.0001 0.0001
37.6038 0.0001 0.0001
37.6245 0.0001 0.0001
37.6452 0.0001 0.0001
37.6658 0.0001 0.0001
37.6865 0.0001 0.0001
37.7072 0.0001 0.0001
37.7279 0.0001 0.0001
37.7485 0.0001 0.0001
37.7692 0.0001 0.0001
37.7899 0.0001 0.0001
37.8106 0.0001 0.0001
37.8312 0.0001 0.0001
37.8519 0.0001 0.0001
37.8726 0.0001 0.0001
37.8933 0.0001 0.0001
37.9139 0.0001 0.0001
37.9346 0.0001 0.0001
37.9553 0.0001 0.0001
37.9759 0.0001 0.0001
37.9966 0.0001 0.0001
38.0173 0.0001 0.0001
38.0380 0.0001 0.0001
38.0586 0.0001 0.0001
38.0793 0.0001 0.0001
38.1000 0.0001 0.0001
38.1207 0.0001 0.0001
38.1413 0.0001 0.0001
38.1620 0.0001 0.0001
38.1827 0.0001 0.0001
38.2033 0.0001 0.0001
38.2240 0.0001 0.0001
38.2447 0.0001 0.0001
38.2654 0.0001 0.0001
38.2860 0.0001 0.0001
38.3067 0.0001 0.0001
38.3274 0.0001 0.0001
38.3481 0.0001 0.0001
38.3687 0.0001 0.0001
38.3894 0.0001 0.0001
38.4101 0.0001 0.0001
38.4307 0.0001 0.0001
38.4514 0.0001 0.0001
38.4721 0.0001 0.0001
38.4928 0.0001 0.0001
38.5134 0.0001 0.0001
38.5341 0.0001 0.0001
38.5548 0.0001 0.0001
38.5755 0.0001 0.0001
38.5961 0.0001 0.0001
38.6168 0.0001 0.0001
38.6375 0.0001 0.0001
38.6581 0.0001 0.0001
38.6788 0.0001 0.0001
38.6995 0.0001 0.0001
38.7202 0.0001 0.0001
38.7408 0.0001 0.0001
38.7615 0.0001 0.0001
38.7822 0.0001 0.0001
38.8029 0.0001 0.0001
38.8235 0.0001 0.0001
38.8442 0.0001 0.0001
38.8649 0.0001 0.0001
38.8855 0.0001 0.0001
38.9062 0.0001 0.0001
38.9269 0.0001 0.0001
38.9476 0.0001 0.0001
38.9682 0.0001 0.0001
38.9889 0.0001 0.0001
39.0096 0.0001 0.0001
39.0303 0.0001 0.0001
39.0509 0.0001 0.0001
39.0716 0.0001 0.0001
39.0923 0.0001 0.0001
39.1129 0.0001 0.0001
39.1336 0.0001 0.0001
39.1543 0.0001 0.0001
39.1750 0.0001 0.0001
39.1956 0.0001 0.0001
39.2163 0.0001 0.0001
39.2370 0.0001 0.0001
39.2577 0.0001 0.0001
39.2783 0.0001 0.0001
39.2990 0.0001 0.0001
39.3197 0.0001 0.0001
39.3403 0.0001 0.0001
39.3610 0.0001 0.0001
39.3817 0.0001 0.0001
39.4024 0.0001 0.0001
39.4230 0.0001 0.0001
39.4437 0.0001 0.0001
39.4644 0.0001 0.0001
39.4851 0.0001 0.0001
39.5057 0.0001 0.0001
39.5264 0.0001 0.0001
39.5471 0.0001 0.0001
39.5677 0.0001 0.0001
39.5884 0.0001 0.0000
39.6091 0.0000 0.0000
39.6298 0.0000 0.0000
39.6504 0.0000 0.0000
39.6711 0.0000 0.0000
39.6918 0.0000 0.0000
39.7125 0.0000 0.0000
39.7331 0.0000 0.0000
39.7538 0.0000 0.0000
39.7745 0.0000 0.0000
39.7951 0.0000 0.0000
39.8158 0.0000 0.0000
39.8365 0.0000 0.0000
39.8572 0.0000 0.0000
39.8778 0.0000 0.0000
39.8985 0.0000 0.0000
39.9192 0.0000 0.0000
39.9399 0.0000 0.0000
39.9605 0.0000 0.0000
39.9812 0.0000 0.0000
40.0019 0.0000 0.0000
40.0225 0.0000 0.0000
40.0432 0.0000 0.0000
40.0639 0.0000 0.0000
40.0846 0.0000 0.0000
40.1052 0.0000 0.0000
40.1259 0.0000 0.0000
40.1466 0.0000 0.0000
40.1673 0.0000 0.0000
40.1879 0.0000 0.0000
40.2086 0.0000 0.0000
40.2293 0.0000 0.0000
40.2500 0.0000 0.0000
40.2706 0.0000 0.0000
40.2913 0.0000 0.0000
40.3120 0.0000 0.0000
40.3326 0.0000 0.0000
40.3533 0.0000 0.0000
40.3740 0.0000 0.0000
40.3947 0.0000 0.0000
40.4153 0.0000 0.0000
40.4360 0.0000 0.0000
40.4567 0.0000 0.0000
40.4774 0.0000 0.0000
40.4980 0.0000 0.0000
40.5187 0.0000 0.0000
40.5394 0.0000 0.0000
40.5600 0.0000 0.0000
40.5807 0.0000 0.0000
40.6014 0.0000 0.0000
40.6221 0.0000 0.0000
40.6427 0.0000 0.0000
40.6634 0.0000 0.0000
40.6841 0.0000 0.0000
40.7048 0.0000 0.0000
40.7254 0.0000 0.0000
40.7461 0.0000 0.0000
40.7668 0.0000 0.0000
40.7874 0.0000 0.0000
40.8081 0.0000 0.0000
40.8288 0.0000 0.0000
40.8495 0.0000 0.0000
40.8701 0.0000 0.0000
40.8908 0.0000 0.0000
40.9115 0.0000 0.0000
40.9322 0.0000 0.0000
40.9528 0.0000 0.0000
40.9735 0.0000 0.0000
40.9942 0.0000 0.0000
41.0148 0.0000 0.0000
41.0355 0.0000 0.0000
41.0562 0.0000 0.0000
41.0769 0.0000 0.0000
41.0975 0.0000 0.0000
41.1182 0.0000 0.0000
41.1389 0.0000 0.0000
41.1596 0.0000 0.0000
41.1802 0.0000 0.0000
41.2009 0.0000 0.0000
41.2216 0.0000 0.0000
41.2422 0.0000 0.0000
41.2629 0.0000 0.0000
41.2836 0.0000 0.0000
41.3043 0.0000 0.0000
41.3249 0.0000 0.0000
