0.0000 0.0000 0.0000
0.0174 1.1623 0.7204
0.0347 2.3014 1.4299
0.0521 3.3948 2.1181
0.0694 4.4222 2.7751
0.0868 5.3658 3.3926
0.1041 6.2111 3.9635
0.1215 6.9475 4.4823
0.1388 7.5681 4.9456
0.1562 8.0703 5.3513
0.1735 8.4550 5.6994
0.1909 8.7267 5.9912
0.2082 8.8929 6.2293
0.2256 8.9634 6.4178
0.2429 8.9498 6.5611
0.2603 8.8646 6.6644
0.2776 8.7210 6.7333
0.2950 8.5320 6.7731
0.3123 8.3101 6.7892
0.3297 8.0669 6.7866
0.3470 7.8125 6.7698
0.3644 7.5560 6.7428
0.3817 7.3046 6.7090
0.3991 7.0643 6.6712
0.4164 6.8393 6.6318
0.4338 6.6326 6.5925
0.4511 6.4459 6.5546
0.4685 6.2799 6.5189
0.4858 6.1343 6.4859
0.5032 6.0081 6.4557
0.5205 5.8998 6.4282
0.5379 5.8074 6.4029
0.5552 5.7286 6.3792
0.5726 5.6612 6.3564
0.5899 5.6027 6.3336
0.6073 5.5510 6.3096
0.6246 5.5036 6.2836
0.6420 5.4588 6.2544
0.6594 5.4146 6.2210
0.6767 5.3695 6.1825
0.6941 5.3221 6.1382
0.7114 5.2715 6.0873
0.7288 5.2167 6.0297
0.7461 5.1572 5.9651
0.7635 5.0926 5.8938
0.7808 5.0229 5.8160
0.7982 4.9480 5.7325
0.8155 4.8683 5.6441
0.8329 4.7843 5.5519
0.8502 4.6964 5.4569
0.8676 4.6055 5.3603
0.8849 4.5124 5.2634
0.9023 4.4179 5.1670
0.9196 4.3231 5.0722
0.9370 4.2291 4.9797
0.9543 4.1367 4.8899
0.9717 4.0471 4.8032
0.9890 3.9612 4.7195
1.0064 3.8798 4.6387
1.0237 3.8038 4.5603
1.0411 3.7338 4.4839
1.0584 3.6702 4.4088
1.0758 3.6135 4.3343
1.0931 3.5637 4.2599
1.1105 3.5208 4.1850
1.1278 3.4845 4.1091
1.1452 3.4543 4.0319
1.1625 3.4297 3.9533
1.1799 3.4099 3.8733
1.1972 3.3940 3.7921
1.2146 3.3809 3.7101
1.2319 3.3698 3.6278
1.2493 3.3595 3.5456
1.2666 3.3491 3.4642
1.2840 3.3377 3.3843
1.3014 3.3244 3.3063
1.3187 3.3086 3.2308
1.3361 3.2898 3.1583
1.3534 3.2677 3.0890
1.3708 3.2421 3.0232
1.3881 3.2130 2.9609
1.4055 3.1806 2.9022
1.4228 3.1453 2.8468
1.4402 3.1074 2.7946
1.4575 3.0676 2.7452
1.4749 3.0265 2.6983
1.4922 2.9846 2.6534
1.5096 2.9428 2.6101
1.5269 2.9016 2.5681
1.5443 2.8617 2.5270
1.5616 2.8235 2.4864
1.5790 2.7877 2.4461
1.5963 2.7544 2.4059
1.6137 2.7241 2.3657
1.6310 2.6969 2.3254
1.6484 2.6727 2.2851
1.6657 2.6516 2.2450
1.6831 2.6335 2.2052
1.7004 2.6181 2.1659
1.7178 2.6051 2.1275
1.7351 2.5941 2.0903
1.7525 2.5849 2.0545
1.7698 2.5770 2.0205
1.7872 2.5700 1.9886
1.8045 2.5635 1.9590
1.8219 2.5570 1.9320
1.8392 2.5503 1.9077
1.8566 2.5429 1.8862
1.8739 2.5345 1.8675
1.8913 2.5250 1.8516
1.9086 2.5139 1.8384
1.9260 2.5013 1.8277
1.9434 2.4869 1.8193
1.9607 2.4706 1.8131
1.9781 2.4525 1.8087
1.9954 2.4326 1.8059
2.0128 2.4109 1.8043
2.0301 2.3876 1.8036
2.0475 2.3628 1.8036
2.0648 2.3367 1.8040
2.0822 2.3096 1.8043
2.0995 2.2815 1.8045
2.1169 2.2528 1.8042
2.1342 2.2238 1.8032
2.1516 2.1945 1.8013
2.1689 2.1654 1.7984
2.1863 2.1367 1.7943
2.2036 2.1084 1.7891
2.2210 2.0810 1.7827
2.2383 2.0544 1.7752
2.2557 2.0290 1.7665
2.2730 2.0047 1.7568
2.2904 1.9817 1.7463
2.3077 1.9601 1.7350
2.3251 1.9398 1.7233
2.3424 1.9208 1.7111
2.3598 1.9030 1.6988
2.3771 1.8864 1.6864
2.3945 1.8707 1.6742
2.4118 1.8558 1.6621
2.4292 1.8415 1.6503
2.4465 1.8277 1.6387
2.4639 1.8140 1.6274
2.4812 1.8003 1.6164
2.4986 1.7864 1.6056
2.5159 1.7721 1.5948
2.5333 1.7575 1.5841
2.5506 1.7422 1.5732
2.5680 1.7264 1.5620
2.5853 1.7099 1.5505
2.6027 1.6929 1.5384
2.6201 1.6752 1.5258
2.6374 1.6570 1.5126
2.6548 1.6384 1.4987
2.6721 1.6194 1.4841
2.6895 1.6000 1.4688
2.7068 1.5804 1.4529
2.7242 1.5606 1.4365
2.7415 1.5406 1.4196
2.7589 1.5205 1.4025
2.7762 1.5004 1.3851
2.7936 1.4802 1.3677
2.8109 1.4601 1.3505
2.8283 1.4400 1.3335
2.8456 1.4200 1.3169
2.8630 1.4001 1.3007
2.8803 1.3803 1.2852
2.8977 1.3607 1.2703
2.9150 1.3414 1.2561
2.9324 1.3223 1.2425
2.9497 1.3036 1.2296
2.9671 1.2853 1.2173
2.9844 1.2674 1.2055
3.0018 1.2499 1.1940
3.0191 1.2331 1.1829
3.0365 1.2168 1.1719
3.0538 1.2011 1.1611
3.0712 1.1861 1.1503
3.0885 1.1719 1.1394
3.1059 1.1583 1.1284
3.1232 1.1456 1.1172
3.1406 1.1337 1.1059
3.1579 1.1226 1.0945
3.1753 1.1124 1.0831
3.1926 1.1030 1.0716
3.2100 1.0944 1.0602
3.2273 1.0867 1.0491
3.2447 1.0798 1.0382
3.2621 1.0737 1.0277
3.2794 1.0684 1.0177
3.2968 1.0637 1.0082
3.3141 1.0597 0.9994
3.3315 1.0562 0.9913
3.3488 1.0532 0.9839
3.3662 1.0505 0.9773
3.3835 1.0481 0.9715
3.4009 1.0458 0.9664
3.4182 1.0435 0.9621
3.4356 1.0412 0.9585
3.4529 1.0387 0.9555
3.4703 1.0359 0.9531
3.4876 1.0328 0.9513
3.5050 1.0293 0.9499
3.5223 1.0253 0.9489
3.5397 1.0209 0.9482
3.5570 1.0160 0.9477
3.5744 1.0107 0.9473
3.5917 1.0050 0.9470
3.6091 0.9989 0.9466
3.6264 0.9925 0.9461
3.6438 0.9859 0.9454
3.6611 0.9792 0.9444
3.6785 0.9724 0.9431
3.6958 0.9656 0.9413
3.7132 0.9589 0.9391
3.7305 0.9524 0.9363
3.7479 0.9461 0.9329
3.7652 0.9401 0.9289
3.7826 0.9343 0.9242
3.7999 0.9288 0.9188
3.8173 0.9236 0.9128
3.8346 0.9186 0.9060
3.8520 0.9139 0.8987
3.8693 0.9095 0.8908
3.8867 0.9052 0.8824
3.9041 0.9012 0.8735
3.9214 0.8972 0.8643
3.9388 0.8934 0.8548
3.9561 0.8897 0.8451
3.9735 0.8860 0.8354
3.9908 0.8822 0.8258
4.0082 0.8785 0.8163
4.0255 0.8747 0.8071
4.0429 0.8708 0.7981
4.0602 0.8668 0.7896
4.0776 0.8626 0.7814
4.0949 0.8583 0.7737
4.1123 0.8539 0.7665
4.1296 0.8493 0.7598
4.1470 0.8445 0.7535
4.1643 0.8397 0.7476
4.1817 0.8348 0.7421
4.1990 0.8299 0.7370
4.2164 0.8250 0.7321
4.2337 0.8202 0.7275
4.2511 0.8155 0.7231
4.2684 0.8111 0.7189
4.2858 0.8070 0.7147
4.3031 0.8032 0.7106
4.3205 0.7998 0.7064
4.3378 0.7968 0.7023
4.3552 0.7943 0.6981
4.3725 0.7923 0.6938
4.3899 0.7907 0.6894
4.4072 0.7896 0.6848
4.4246 0.7889 0.6801
4.4419 0.7885 0.6753
4.4593 0.7885 0.6702
4.4766 0.7887 0.6651
4.4940 0.7891 0.6598
4.5113 0.7896 0.6543
4.5287 0.7900 0.6487
4.5461 0.7904 0.6430
4.5634 0.7905 0.6372
4.5808 0.7903 0.6313
4.5981 0.7897 0.6254
4.6155 0.7886 0.6195
4.6328 0.7869 0.6136
4.6502 0.7845 0.6079
4.6675 0.7815 0.6022
4.6849 0.7776 0.5968
4.7022 0.7730 0.5915
4.7196 0.7676 0.5865
4.7369 0.7614 0.5817
4.7543 0.7544 0.5772
4.7716 0.7467 0.5730
4.7890 0.7384 0.5692
4.8063 0.7295 0.5657
4.8237 0.7202 0.5625
4.8410 0.7105 0.5596
4.8584 0.7005 0.5570
4.8757 0.6905 0.5547
4.8931 0.6804 0.5527
4.9104 0.6704 0.5510
4.9278 0.6607 0.5494
4.9451 0.6512 0.5481
4.9625 0.6420 0.5470
4.9798 0.6333 0.5460
4.9972 0.6249 0.5451
5.0145 0.6170 0.5444
5.0319 0.6096 0.5438
5.0492 0.6025 0.5432
5.0666 0.5959 0.5427
5.0839 0.5896 0.5423
5.1013 0.5837 0.5419
5.1186 0.5781 0.5416
5.1360 0.5729 0.5413
5.1533 0.5678 0.5411
5.1707 0.5630 0.5409
5.1881 0.5585 0.5408
5.2054 0.5541 0.5407
5.2228 0.5500 0.5406
5.2401 0.5460 0.5405
5.2575 0.5422 0.5405
5.2748 0.5386 0.5405
5.2922 0.5352 0.5404
5.3095 0.5319 0.5404
5.3269 0.5288 0.5402
5.3442 0.5259 0.5399
5.3616 0.5231 0.5395
5.3789 0.5204 0.5389
5.3963 0.5179 0.5381
5.4136 0.5155 0.5370
5.4310 0.5131 0.5356
5.4483 0.5108 0.5339
5.4657 0.5086 0.5319
5.4830 0.5065 0.5295
5.5004 0.5044 0.5269
5.5177 0.5024 0.5239
5.5351 0.5003 0.5206
5.5524 0.4984 0.5172
5.5698 0.4964 0.5135
5.5871 0.4945 0.5097
5.6045 0.4926 0.5058
5.6218 0.4908 0.5019
5.6392 0.4890 0.4980
5.6565 0.4872 0.4943
5.6739 0.4854 0.4906
5.6912 0.4837 0.4871
5.7086 0.4820 0.4838
5.7259 0.4803 0.4808
5.7433 0.4786 0.4780
5.7606 0.4769 0.4755
5.7780 0.4751 0.4732
5.7953 0.4734 0.4712
5.8127 0.4716 0.4696
5.8301 0.4698 0.4682
5.8474 0.4680 0.4670
5.8648 0.4662 0.4662
5.8821 0.4645 0.4656
5.8995 0.4627 0.4652
5.9168 0.4610 0.4651
5.9342 0.4594 0.4652
5.9515 0.4578 0.4655
5.9689 0.4564 0.4659
5.9862 0.4551 0.4665
6.0036 0.4540 0.4671
6.0209 0.4530 0.4678
6.0383 0.4522 0.4686
6.0556 0.4516 0.4693
6.0730 0.4512 0.4700
6.0903 0.4509 0.4706
6.1077 0.4508 0.4711
6.1250 0.4509 0.4715
6.1424 0.4510 0.4716
6.1597 0.4513 0.4716
6.1771 0.4517 0.4714
6.1944 0.4521 0.4709
6.2118 0.4526 0.4701
6.2291 0.4530 0.4691
6.2465 0.4533 0.4679
6.2638 0.4536 0.4664
6.2812 0.4538 0.4646
6.2985 0.4538 0.4626
6.3159 0.4536 0.4604
6.3332 0.4533 0.4581
6.3506 0.4527 0.4555
6.3679 0.4520 0.4528
6.3853 0.4511 0.4499
6.4026 0.4500 0.4470
6.4200 0.4487 0.4439
6.4373 0.4474 0.4409
6.4547 0.4458 0.4378
6.4721 0.4443 0.4348
6.4894 0.4426 0.4318
6.5068 0.4409 0.4288
6.5241 0.4392 0.4260
6.5415 0.4376 0.4232
6.5588 0.4360 0.4206
6.5762 0.4344 0.4181
6.5935 0.4329 0.4157
6.6109 0.4315 0.4135
6.6282 0.4301 0.4114
6.6456 0.4288 0.4094
6.6629 0.4276 0.4076
6.6803 0.4264 0.4058
6.6976 0.4252 0.4042
6.7150 0.4241 0.4026
6.7323 0.4229 0.4011
6.7497 0.4218 0.3997
6.7670 0.4207 0.3983
6.7844 0.4196 0.3970
6.8017 0.4184 0.3958
6.8191 0.4173 0.3947
6.8364 0.4161 0.3936
6.8538 0.4149 0.3926
6.8711 0.4137 0.3917
6.8885 0.4126 0.3908
6.9058 0.4115 0.3901
6.9232 0.4104 0.3895
6.9405 0.4094 0.3890
6.9579 0.4084 0.3886
6.9752 0.4075 0.3883
6.9926 0.4067 0.3881
7.0099 0.4059 0.3880
7.0273 0.4053 0.3881
7.0446 0.4047 0.3882
7.0620 0.4042 0.3884
7.0793 0.4038 0.3887
7.0967 0.4035 0.3891
7.1141 0.4032 0.3895
7.1314 0.4030 0.3899
7.1488 0.4028 0.3904
7.1661 0.4027 0.3908
7.1835 0.4026 0.3913
7.2008 0.4025 0.3917
7.2182 0.4023 0.3921
7.2355 0.4022 0.3924
7.2529 0.4020 0.3927
7.2702 0.4018 0.3928
7.2876 0.4016 0.3929
7.3049 0.4013 0.3929
7.3223 0.4009 0.3928
7.3396 0.4005 0.3926
7.3570 0.4000 0.3923
7.3743 0.3995 0.3919
7.3917 0.3989 0.3915
7.4090 0.3982 0.3909
7.4264 0.3975 0.3902
7.4437 0.3968 0.3895
7.4611 0.3960 0.3888
7.4784 0.3952 0.3880
7.4958 0.3944 0.3871
7.5131 0.3936 0.3863
7.5305 0.3927 0.3855
7.5478 0.3919 0.3847
7.5652 0.3910 0.3840
7.5825 0.3901 0.3833
7.5999 0.3892 0.3827
7.6172 0.3884 0.3821
7.6346 0.3875 0.3816
7.6519 0.3865 0.3812
7.6693 0.3856 0.3808
7.6866 0.3847 0.3805
7.7040 0.3838 0.3803
7.7213 0.3828 0.3801
7.7387 0.3819 0.3800
7.7560 0.3810 0.3800
7.7734 0.3800 0.3799
7.7908 0.3791 0.3800
7.8081 0.3782 0.3800
7.8255 0.3774 0.3801
7.8428 0.3766 0.3803
7.8602 0.3758 0.3804
7.8775 0.3752 0.3806
7.8949 0.3746 0.3808
7.9122 0.3741 0.3810
7.9296 0.3737 0.3812
7.9469 0.3735 0.3813
7.9643 0.3734 0.3815
7.9816 0.3735 0.3815
7.9990 0.3737 0.3815
8.0163 0.3741 0.3814
8.0337 0.3747 0.3812
8.0510 0.3754 0.3808
8.0684 0.3764 0.3804
8.0857 0.3774 0.3798
8.1031 0.3787 0.3790
8.1204 0.3800 0.3782
8.1378 0.3815 0.3773
8.1551 0.3831 0.3763
8.1725 0.3847 0.3753
8.1898 0.3864 0.3743
8.2072 0.3880 0.3733
8.2245 0.3897 0.3724
8.2419 0.3913 0.3715
8.2592 0.3928 0.3708
8.2766 0.3942 0.3702
8.2939 0.3955 0.3697
8.3113 0.3967 0.3695
8.3286 0.3978 0.3694
8.3460 0.3987 0.3695
8.3633 0.3996 0.3699
8.3807 0.4003 0.3704
8.3980 0.4008 0.3711
8.4154 0.4013 0.3719
8.4328 0.4017 0.3729
8.4501 0.4020 0.3741
8.4675 0.4023 0.3754
8.4848 0.4024 0.3768
8.5022 0.4026 0.3783
8.5195 0.4027 0.3799
8.5369 0.4027 0.3815
8.5542 0.4027 0.3832
8.5716 0.4027 0.3849
8.5889 0.4026 0.3866
8.6063 0.4025 0.3883
8.6236 0.4024 0.3900
8.6410 0.4023 0.3917
8.6583 0.4022 0.3933
8.6757 0.4020 0.3949
8.6930 0.4018 0.3964
8.7104 0.4016 0.3978
8.7277 0.4014 0.3991
8.7451 0.4012 0.4004
8.7624 0.4010 0.4016
8.7798 0.4008 0.4027
8.7971 0.4006 0.4037
8.8145 0.4004 0.4047
8.8318 0.4002 0.4057
8.8492 0.4001 0.4065
8.8665 0.4001 0.4074
8.8839 0.4001 0.4082
8.9012 0.4001 0.4090
8.9186 0.4003 0.4097
8.9359 0.4005 0.4104
8.9533 0.4008 0.4110
8.9706 0.4012 0.4116
8.9880 0.4016 0.4121
9.0053 0.4021 0.4125
9.0227 0.4027 0.4128
9.0400 0.4034 0.4130
9.0574 0.4042 0.4131
9.0748 0.4050 0.4131
9.0921 0.4058 0.4131
9.1095 0.4067 0.4129
9.1268 0.4077 0.4126
9.1442 0.4086 0.4123
9.1615 0.4096 0.4120
9.1789 0.4106 0.4117
9.1962 0.4117 0.4113
9.2136 0.4127 0.4110
9.2309 0.4138 0.4108
9.2483 0.4149 0.4106
9.2656 0.4161 0.4105
9.2830 0.4172 0.4105
9.3003 0.4184 0.4107
9.3177 0.4196 0.4109
9.3350 0.4209 0.4113
9.3524 0.4222 0.4117
9.3697 0.4235 0.4123
9.3871 0.4249 0.4130
9.4044 0.4264 0.4137
9.4218 0.4278 0.4145
9.4391 0.4293 0.4153
9.4565 0.4308 0.4162
9.4738 0.4323 0.4171
9.4912 0.4338 0.4180
9.5085 0.4352 0.4189
9.5259 0.4367 0.4198
9.5432 0.4380 0.4207
9.5606 0.4393 0.4215
9.5779 0.4405 0.4224
9.5953 0.4416 0.4232
9.6126 0.4425 0.4240
9.6300 0.4434 0.4247
9.6473 0.4441 0.4254
9.6647 0.4446 0.4261
9.6820 0.4451 0.4268
9.6994 0.4454 0.4274
9.7168 0.4456 0.4280
9.7341 0.4457 0.4285
9.7515 0.4457 0.4289
9.7688 0.4455 0.4293
9.7862 0.4453 0.4296
9.8035 0.4450 0.4298
9.8209 0.4447 0.4299
9.8382 0.4442 0.4299
9.8556 0.4437 0.4297
9.8729 0.4432 0.4295
9.8903 0.4426 0.4291
9.9076 0.4420 0.4286
9.9250 0.4414 0.4280
9.9423 0.4407 0.4274
9.9597 0.4400 0.4266
9.9770 0.4393 0.4258
9.9944 0.4386 0.4249
10.0117 0.4379 0.4241
10.0291 0.4372 0.4232
10.0464 0.4365 0.4223
10.0638 0.4359 0.4214
10.0811 0.4353 0.4206
10.0985 0.4348 0.4198
10.1158 0.4344 0.4191
10.1332 0.4341 0.4185
10.1505 0.4339 0.4179
10.1679 0.4337 0.4174
10.1852 0.4337 0.4170
10.2026 0.4337 0.4167
10.2199 0.4339 0.4165
10.2373 0.4341 0.4162
10.2546 0.4344 0.4161
10.2720 0.4347 0.4160
10.2893 0.4351 0.4159
10.3067 0.4355 0.4158
10.3240 0.4358 0.4157
10.3414 0.4361 0.4156
10.3588 0.4364 0.4155
10.3761 0.4367 0.4153
10.3935 0.4368 0.4152
10.4108 0.4369 0.4150
10.4282 0.4369 0.4147
10.4455 0.4368 0.4145
10.4629 0.4366 0.4142
10.4802 0.4364 0.4139
10.4976 0.4362 0.4136
10.5149 0.4359 0.4133
10.5323 0.4356 0.4130
10.5496 0.4353 0.4128
10.5670 0.4350 0.4127
10.5843 0.4348 0.4126
10.6017 0.4346 0.4127
10.6190 0.4346 0.4128
10.6364 0.4346 0.4131
10.6537 0.4347 0.4135
10.6711 0.4349 0.4141
10.6884 0.4353 0.4147
10.7058 0.4357 0.4156
10.7231 0.4362 0.4165
10.7405 0.4368 0.4176
10.7578 0.4374 0.4188
10.7752 0.4381 0.4201
10.7925 0.4388 0.4215
10.8099 0.4396 0.4229
10.8272 0.4403 0.4244
10.8446 0.4411 0.4259
10.8619 0.4418 0.4273
10.8793 0.4424 0.4288
10.8966 0.4430 0.4302
10.9140 0.4436 0.4315
10.9313 0.4441 0.4328
10.9487 0.4446 0.4339
10.9660 0.4450 0.4350
10.9834 0.4453 0.4359
11.0008 0.4456 0.4367
11.0181 0.4459 0.4374
11.0355 0.4461 0.4380
11.0528 0.4464 0.4385
11.0702 0.4465 0.4389
11.0875 0.4467 0.4391
11.1049 0.4468 0.4393
11.1222 0.4469 0.4394
11.1396 0.4470 0.4394
11.1569 0.4470 0.4393
11.1743 0.4469 0.4392
11.1916 0.4467 0.4390
11.2090 0.4464 0.4388
11.2263 0.4459 0.4385
11.2437 0.4453 0.4383
11.2610 0.4445 0.4380
11.2784 0.4435 0.4377
11.2957 0.4423 0.4375
11.3131 0.4409 0.4372
11.3304 0.4392 0.4370
11.3478 0.4374 0.4368
11.3651 0.4353 0.4367
11.3825 0.4331 0.4367
11.3998 0.4307 0.4367
11.4172 0.4282 0.4368
11.4345 0.4257 0.4370
11.4519 0.4231 0.4372
11.4692 0.4205 0.4375
11.4866 0.4180 0.4379
11.5039 0.4156 0.4383
11.5213 0.4133 0.4388
11.5386 0.4112 0.4393
11.5560 0.4093 0.4398
11.5733 0.4076 0.4403
11.5907 0.4061 0.4408
11.6080 0.4048 0.4412
11.6254 0.4037 0.4416
11.6428 0.4029 0.4419
11.6601 0.4022 0.4421
11.6775 0.4018 0.4421
11.6948 0.4015 0.4421
11.7122 0.4014 0.4419
11.7295 0.4014 0.4415
11.7469 0.4015 0.4410
11.7642 0.4017 0.4404
11.7816 0.4020 0.4396
11.7989 0.4024 0.4387
11.8163 0.4029 0.4377
11.8336 0.4034 0.4366
11.8510 0.4040 0.4354
11.8683 0.4046 0.4342
11.8857 0.4053 0.4330
11.9030 0.4060 0.4317
11.9204 0.4068 0.4305
11.9377 0.4077 0.4293
11.9551 0.4086 0.4281
11.9724 0.4096 0.4271
11.9898 0.4107 0.4262
12.0071 0.4118 0.4253
12.0245 0.4130 0.4247
12.0418 0.4142 0.4241
12.0592 0.4155 0.4237
12.0765 0.4167 0.4234
12.0939 0.4180 0.4233
12.1112 0.4193 0.4234
12.1286 0.4206 0.4236
12.1459 0.4218 0.4239
12.1633 0.4230 0.4243
12.1806 0.4241 0.4249
12.1980 0.4252 0.4255
12.2153 0.4261 0.4263
12.2327 0.4270 0.4271
12.2500 0.4278 0.4280
12.2674 0.4285 0.4290
12.2847 0.4291 0.4300
12.3021 0.4296 0.4310
12.3195 0.4300 0.4321
12.3368 0.4303 0.4331
12.3542 0.4305 0.4341
12.3715 0.4306 0.4351
12.3889 0.4308 0.4360
12.4062 0.4308 0.4367
12.4236 0.4309 0.4374
12.4409 0.4309 0.4380
12.4583 0.4309 0.4384
12.4756 0.4309 0.4387
12.4930 0.4308 0.4389
12.5103 0.4308 0.4389
12.5277 0.4308 0.4388
12.5450 0.4307 0.4386
12.5624 0.4306 0.4383
12.5797 0.4305 0.4379
12.5971 0.4303 0.4374
12.6144 0.4300 0.4369
12.6318 0.4297 0.4363
12.6491 0.4293 0.4357
12.6665 0.4289 0.4352
12.6838 0.4283 0.4346
12.7012 0.4277 0.4341
12.7185 0.4271 0.4336
12.7359 0.4264 0.4331
12.7532 0.4256 0.4326
12.7706 0.4248 0.4321
12.7879 0.4240 0.4317
12.8053 0.4232 0.4312
12.8226 0.4224 0.4306
12.8400 0.4216 0.4300
12.8573 0.4208 0.4294
12.8747 0.4200 0.4286
12.8920 0.4192 0.4277
12.9094 0.4184 0.4267
12.9267 0.4176 0.4256
12.9441 0.4168 0.4243
12.9615 0.4159 0.4229
12.9788 0.4150 0.4213
12.9962 0.4140 0.4196
13.0135 0.4129 0.4177
13.0309 0.4118 0.4157
13.0482 0.4106 0.4135
13.0656 0.4092 0.4112
13.0829 0.4078 0.4088
13.1003 0.4064 0.4063
13.1176 0.4048 0.4037
13.1350 0.4032 0.4011
13.1523 0.4016 0.3984
13.1697 0.3999 0.3956
13.1870 0.3981 0.3929
13.2044 0.3964 0.3902
13.2217 0.3947 0.3875
13.2391 0.3930 0.3848
13.2564 0.3913 0.3822
13.2738 0.3896 0.3796
13.2911 0.3879 0.3771
13.3085 0.3862 0.3747
13.3258 0.3846 0.3723
13.3432 0.3829 0.3699
13.3605 0.3813 0.3676
13.3779 0.3796 0.3654
13.3952 0.3779 0.3631
13.4126 0.3762 0.3609
13.4299 0.3745 0.3588
13.4473 0.3727 0.3566
13.4646 0.3710 0.3544
13.4820 0.3691 0.3522
13.4993 0.3673 0.3500
13.5167 0.3655 0.3477
13.5340 0.3637 0.3454
13.5514 0.3619 0.3431
13.5687 0.3601 0.3408
13.5861 0.3583 0.3384
13.6035 0.3566 0.3359
13.6208 0.3549 0.3334
13.6382 0.3533 0.3309
13.6555 0.3517 0.3283
13.6729 0.3502 0.3258
13.6902 0.3487 0.3231
13.7076 0.3473 0.3205
13.7249 0.3459 0.3179
13.7423 0.3446 0.3153
13.7596 0.3432 0.3127
13.7770 0.3419 0.3102
13.7943 0.3406 0.3076
13.8117 0.3393 0.3051
13.8290 0.3380 0.3027
13.8464 0.3366 0.3003
13.8637 0.3353 0.2979
13.8811 0.3339 0.2956
13.8984 0.3324 0.2933
13.9158 0.3309 0.2910
13.9331 0.3293 0.2888
13.9505 0.3276 0.2865
13.9678 0.3258 0.2843
13.9852 0.3239 0.2822
14.0025 0.3220 0.2800
14.0199 0.3199 0.2778
14.0372 0.3176 0.2757
14.0546 0.3153 0.2736
14.0719 0.3129 0.2715
14.0893 0.3103 0.2694
14.1066 0.3077 0.2673
14.1240 0.3049 0.2653
14.1413 0.3020 0.2633
14.1587 0.2991 0.2613
14.1760 0.2961 0.2594
14.1934 0.2931 0.2576
14.2107 0.2900 0.2558
14.2281 0.2868 0.2541
14.2455 0.2837 0.2524
14.2628 0.2805 0.2508
14.2802 0.2774 0.2493
14.2975 0.2742 0.2478
14.3149 0.2711 0.2464
14.3322 0.2680 0.2451
14.3496 0.2649 0.2437
14.3669 0.2619 0.2425
14.3843 0.2589 0.2412
14.4016 0.2559 0.2400
14.4190 0.2529 0.2388
14.4363 0.2500 0.2376
14.4537 0.2471 0.2364
14.4710 0.2443 0.2352
14.4884 0.2414 0.2340
14.5057 0.2387 0.2328
14.5231 0.2359 0.2315
14.5404 0.2332 0.2303
14.5578 0.2306 0.2290
14.5751 0.2280 0.2277
14.5925 0.2255 0.2264
14.6098 0.2230 0.2251
14.6272 0.2206 0.2238
14.6445 0.2183 0.2225
14.6619 0.2161 0.2211
14.6792 0.2140 0.2197
14.6966 0.2120 0.2183
14.7139 0.2101 0.2169
14.7313 0.2083 0.2154
14.7486 0.2066 0.2139
14.7660 0.2049 0.2124
14.7833 0.2034 0.2108
14.8007 0.2019 0.2093
14.8180 0.2005 0.2077
14.8354 0.1991 0.2060
14.8527 0.1978 0.2044
14.8701 0.1966 0.2027
14.8875 0.1953 0.2010
14.9048 0.1941 0.1993
14.9222 0.1929 0.1975
14.9395 0.1917 0.1958
14.9569 0.1906 0.1941
14.9742 0.1894 0.1924
14.9916 0.1882 0.1907
15.0089 0.1870 0.1891
15.0263 0.1859 0.1874
15.0436 0.1847 0.1858
15.0610 0.1835 0.1842
15.0783 0.1824 0.1827
15.0957 0.1812 0.1811
15.1130 0.1801 0.1796
15.1304 0.1789 0.1781
15.1477 0.1777 0.1765
15.1651 0.1765 0.1750
15.1824 0.1753 0.1735
15.1998 0.1740 0.1720
15.2171 0.1728 0.1704
15.2345 0.1715 0.1689
15.2518 0.1701 0.1673
15.2692 0.1688 0.1658
15.2865 0.1674 0.1642
15.3039 0.1660 0.1626
15.3212 0.1645 0.1610
15.3386 0.1630 0.1594
15.3559 0.1615 0.1578
15.3733 0.1600 0.1562
15.3906 0.1584 0.1545
15.4080 0.1568 0.1529
15.4253 0.1552 0.1513
15.4427 0.1536 0.1496
15.4600 0.1520 0.1480
15.4774 0.1503 0.1463
15.4947 0.1487 0.1446
15.5121 0.1470 0.1430
15.5295 0.1453 0.1413
15.5468 0.1437 0.1397
15.5642 0.1420 0.1380
15.5815 0.1403 0.1364
15.5989 0.1386 0.1347
15.6162 0.1369 0.1331
15.6336 0.1353 0.1315
15.6509 0.1336 0.1299
15.6683 0.1319 0.1284
15.6856 0.1302 0.1268
15.7030 0.1286 0.1254
15.7203 0.1269 0.1239
15.7377 0.1253 0.1225
15.7550 0.1237 0.1211
15.7724 0.1221 0.1198
15.7897 0.1205 0.1185
15.8071 0.1190 0.1173
15.8244 0.1174 0.1161
15.8418 0.1159 0.1150
15.8591 0.1144 0.1139
15.8765 0.1129 0.1128
15.8938 0.1115 0.1117
15.9112 0.1100 0.1107
15.9285 0.1086 0.1097
15.9459 0.1072 0.1087
15.9632 0.1058 0.1077
15.9806 0.1044 0.1067
15.9979 0.1031 0.1056
16.0153 0.1018 0.1046
16.0326 0.1004 0.1036
16.0500 0.0991 0.1025
16.0673 0.0979 0.1015
16.0847 0.0966 0.1004
16.1020 0.0954 0.0993
16.1194 0.0941 0.0982
16.1367 0.0929 0.0971
16.1541 0.0918 0.0960
16.1715 0.0906 0.0949
16.1888 0.0895 0.0938
16.2062 0.0884 0.0926
16.2235 0.0873 0.0915
16.2409 0.0862 0.0904
16.2582 0.0852 0.0893
16.2756 0.0842 0.0881
16.2929 0.0832 0.0870
16.3103 0.0822 0.0859
16.3276 0.0813 0.0848
16.3450 0.0804 0.0838
16.3623 0.0795 0.0827
16.3797 0.0786 0.0816
16.3970 0.0777 0.0806
16.4144 0.0769 0.0795
16.4317 0.0761 0.0785
16.4491 0.0753 0.0775
16.4664 0.0746 0.0765
16.4838 0.0738 0.0755
16.5011 0.0731 0.0746
16.5185 0.0723 0.0736
16.5358 0.0716 0.0727
16.5532 0.0709 0.0718
16.5705 0.0702 0.0709
16.5879 0.0695 0.0701
16.6052 0.0688 0.0692
16.6226 0.0681 0.0684
16.6399 0.0674 0.0675
16.6573 0.0667 0.0667
16.6746 0.0660 0.0659
16.6920 0.0653 0.0652
16.7093 0.0646 0.0644
16.7267 0.0639 0.0636
16.7440 0.0631 0.0628
16.7614 0.0624 0.0621
16.7787 0.0616 0.0613
16.7961 0.0609 0.0606
16.8134 0.0601 0.0598
16.8308 0.0593 0.0591
16.8482 0.0585 0.0583
16.8655 0.0577 0.0576
16.8829 0.0570 0.0569
16.9002 0.0562 0.0561
16.9176 0.0554 0.0554
16.9349 0.0546 0.0547
16.9523 0.0538 0.0540
16.9696 0.0530 0.0533
16.9870 0.0522 0.0526
17.0043 0.0514 0.0519
17.0217 0.0507 0.0512
17.0390 0.0499 0.0505
17.0564 0.0492 0.0499
17.0737 0.0485 0.0492
17.0911 0.0478 0.0485
17.1084 0.0472 0.0479
17.1258 0.0465 0.0472
17.1431 0.0459 0.0466
17.1605 0.0453 0.0460
17.1778 0.0447 0.0454
17.1952 0.0441 0.0447
17.2125 0.0435 0.0441
17.2299 0.0430 0.0435
17.2472 0.0425 0.0429
17.2646 0.0420 0.0424
17.2819 0.0414 0.0418
17.2993 0.0409 0.0412
17.3166 0.0404 0.0407
17.3340 0.0399 0.0402
17.3513 0.0395 0.0396
17.3687 0.0390 0.0391
17.3860 0.0385 0.0386
17.4034 0.0380 0.0381
17.4207 0.0375 0.0377
17.4381 0.0370 0.0372
17.4554 0.0365 0.0367
17.4728 0.0360 0.0363
17.4902 0.0355 0.0359
17.5075 0.0351 0.0355
17.5249 0.0346 0.0351
17.5422 0.0342 0.0347
17.5596 0.0337 0.0343
17.5769 0.0333 0.0339
17.5943 0.0329 0.0335
17.6116 0.0325 0.0332
17.6290 0.0321 0.0328
17.6463 0.0317 0.0325
17.6637 0.0313 0.0321
17.6810 0.0309 0.0318
17.6984 0.0306 0.0315
17.7157 0.0302 0.0312
17.7331 0.0299 0.0308
17.7504 0.0296 0.0305
17.7678 0.0292 0.0302
17.7851 0.0289 0.0298
17.8025 0.0286 0.0295
17.8198 0.0283 0.0292
17.8372 0.0279 0.0288
17.8545 0.0276 0.0285
17.8719 0.0273 0.0282
17.8892 0.0270 0.0278
17.9066 0.0267 0.0275
17.9239 0.0264 0.0271
17.9413 0.0261 0.0268
17.9586 0.0258 0.0265
17.9760 0.0255 0.0261
17.9933 0.0252 0.0258
18.0107 0.0249 0.0255
18.0280 0.0246 0.0252
18.0454 0.0243 0.0249
18.0627 0.0240 0.0246
18.0801 0.0238 0.0243
18.0974 0.0235 0.0240
18.1148 0.0232 0.0237
18.1322 0.0230 0.0234
18.1495 0.0228 0.0232
18.1669 0.0225 0.0229
18.1842 0.0223 0.0227
18.2016 0.0221 0.0224
18.2189 0.0218 0.0222
18.2363 0.0216 0.0220
18.2536 0.0214 0.0217
18.2710 0.0212 0.0215
18.2883 0.0210 0.0213
18.3057 0.0208 0.0211
18.3230 0.0206 0.0209
18.3404 0.0204 0.0207
18.3577 0.0201 0.0205
18.3751 0.0199 0.0203
18.3924 0.0197 0.0201
18.4098 0.0195 0.0200
18.4271 0.0192 0.0198
18.4445 0.0190 0.0196
18.4618 0.0188 0.0194
18.4792 0.0186 0.0192
18.4965 0.0183 0.0191
18.5139 0.0181 0.0189
18.5312 0.0178 0.0187
18.5486 0.0176 0.0185
18.5659 0.0174 0.0183
18.5833 0.0172 0.0181
18.6006 0.0169 0.0179
18.6180 0.0167 0.0176
18.6353 0.0165 0.0174
18.6527 0.0163 0.0172
18.6700 0.0161 0.0170
18.6874 0.0159 0.0168
18.7047 0.0157 0.0165
18.7221 0.0155 0.0163
18.7394 0.0153 0.0161
18.7568 0.0152 0.0159
18.7742 0.0150 0.0156
18.7915 0.0148 0.0154
18.8089 0.0146 0.0152
18.8262 0.0145 0.0150
18.8436 0.0143 0.0148
18.8609 0.0142 0.0146
18.8783 0.0140 0.0144
18.8956 0.0139 0.0142
18.9130 0.0137 0.0140
18.9303 0.0136 0.0139
18.9477 0.0134 0.0137
18.9650 0.0133 0.0135
18.9824 0.0132 0.0134
18.9997 0.0131 0.0132
19.0171 0.0129 0.0131
19.0344 0.0128 0.0129
19.0518 0.0127 0.0128
19.0691 0.0126 0.0126
19.0865 0.0125 0.0125
19.1038 0.0124 0.0123
19.1212 0.0123 0.0122
19.1385 0.0122 0.0121
19.1559 0.0121 0.0119
19.1732 0.0120 0.0118
19.1906 0.0119 0.0117
19.2079 0.0119 0.0115
19.2253 0.0118 0.0114
19.2426 0.0117 0.0113
19.2600 0.0116 0.0112
19.2773 0.0116 0.0111
19.2947 0.0115 0.0110
19.3120 0.0114 0.0109
19.3294 0.0113 0.0108
19.3467 0.0113 0.0107
19.3641 0.0112 0.0106
19.3814 0.0111 0.0105
19.3988 0.0110 0.0104
19.4162 0.0109 0.0103
19.4335 0.0109 0.0102
19.4509 0.0108 0.0101
19.4682 0.0107 0.0101
19.4856 0.0106 0.0100
19.5029 0.0105 0.0099
19.5203 0.0104 0.0098
19.5376 0.0103 0.0098
19.5550 0.0102 0.0097
19.5723 0.0101 0.0096
19.5897 0.0100 0.0096
19.6070 0.0100 0.0095
19.6244 0.0099 0.0094
19.6417 0.0098 0.0094
19.6591 0.0097 0.0093
19.6764 0.0096 0.0092
19.6938 0.0095 0.0092
19.7111 0.0094 0.0091
19.7285 0.0094 0.0091
19.7458 0.0093 0.0090
19.7632 0.0092 0.0089
19.7805 0.0091 0.0089
19.7979 0.0090 0.0088
19.8152 0.0090 0.0087
19.8326 0.0089 0.0087
19.8499 0.0088 0.0086
19.8673 0.0087 0.0085
19.8846 0.0086 0.0085
19.9020 0.0086 0.0084
19.9193 0.0085 0.0084
19.9367 0.0084 0.0083
19.9540 0.0083 0.0082
19.9714 0.0082 0.0082
19.9887 0.0081 0.0081
20.0061 0.0081 0.0080
20.0234 0.0080 0.0080
20.0408 0.0079 0.0079
20.0582 0.0078 0.0078
20.0755 0.0077 0.0078
20.0929 0.0077 0.0077
20.1102 0.0076 0.0076
20.1276 0.0075 0.0076
20.1449 0.0075 0.0075
20.1623 0.0074 0.0075
20.1796 0.0073 0.0074
20.1970 0.0073 0.0073
20.2143 0.0072 0.0073
20.2317 0.0071 0.0072
20.2490 0.0071 0.0072
20.2664 0.0070 0.0071
20.2837 0.0070 0.0071
20.3011 0.0069 0.0070
20.3184 0.0068 0.0070
20.3358 0.0068 0.0069
20.3531 0.0067 0.0069
20.3705 0.0067 0.0068
20.3878 0.0066 0.0068
20.4052 0.0065 0.0067
20.4225 0.0065 0.0067
20.4399 0.0064 0.0066
20.4572 0.0063 0.0066
20.4746 0.0063 0.0065
20.4919 0.0062 0.0065
20.5093 0.0061 0.0064
20.5266 0.0060 0.0064
20.5440 0.0060 0.0063
20.5613 0.0059 0.0063
20.5787 0.0058 0.0063
20.5960 0.0058 0.0062
20.6134 0.0057 0.0062
20.6307 0.0057 0.0062
20.6481 0.0056 0.0061
20.6654 0.0056 0.0061
20.6828 0.0055 0.0061
20.7002 0.0055 0.0060
20.7175 0.0054 0.0060
20.7349 0.0054 0.0060
20.7522 0.0053 0.0059
20.7696 0.0053 0.0059
20.7869 0.0053 0.0058
20.8043 0.0052 0.0058
20.8216 0.0052 0.0058
20.8390 0.0052 0.0057
20.8563 0.0051 0.0057
20.8737 0.0051 0.0056
20.8910 0.0050 0.0056
20.9084 0.0050 0.0055
20.9257 0.0050 0.0055
20.9431 0.0049 0.0054
20.9604 0.0049 0.0054
20.9778 0.0049 0.0053
20.9951 0.0048 0.0053
21.0125 0.0048 0.0052
21.0298 0.0048 0.0052
21.0472 0.0047 0.0051
21.0645 0.0047 0.0051
21.0819 0.0047 0.0050
21.0992 0.0046 0.0050
21.1166 0.0046 0.0049
21.1339 0.0046 0.0049
21.1513 0.0045 0.0048
21.1686 0.0045 0.0048
21.1860 0.0045 0.0048
21.2033 0.0045 0.0047
21.2207 0.0044 0.0047
21.2380 0.0044 0.0047
21.2554 0.0044 0.0046
21.2727 0.0043 0.0046
21.2901 0.0043 0.0046
21.3074 0.0043 0.0045
21.3248 0.0042 0.0045
21.3422 0.0042 0.0045
21.3595 0.0042 0.0044
21.3769 0.0042 0.0044
21.3942 0.0041 0.0044
21.4116 0.0041 0.0044
21.4289 0.0041 0.0043
21.4463 0.0041 0.0043
21.4636 0.0041 0.0043
21.4810 0.0041 0.0043
21.4983 0.0040 0.0042
21.5157 0.0040 0.0042
21.5330 0.0040 0.0042
21.5504 0.0040 0.0041
21.5677 0.0040 0.0041
21.5851 0.0040 0.0041
21.6024 0.0040 0.0041
21.6198 0.0039 0.0041
21.6371 0.0039 0.0040
21.6545 0.0039 0.0040
21.6718 0.0039 0.0040
21.6892 0.0039 0.0040
21.7065 0.0039 0.0039
21.7239 0.0039 0.0039
21.7412 0.0039 0.0039
21.7586 0.0039 0.0039
21.7759 0.0038 0.0039
21.7933 0.0038 0.0038
21.8106 0.0038 0.0038
21.8280 0.0038 0.0038
21.8453 0.0038 0.0038
21.8627 0.0038 0.0038
21.8800 0.0037 0.0038
21.8974 0.0037 0.0037
21.9147 0.0037 0.0037
21.9321 0.0037 0.0037
21.9494 0.0037 0.0037
21.9668 0.0036 0.0037
21.9841 0.0036 0.0037
22.0015 0.0036 0.0036
22.0189 0.0036 0.0036
22.0362 0.0036 0.0036
22.0536 0.0035 0.0036
22.0709 0.0035 0.0036
22.0883 0.0035 0.0036
22.1056 0.0035 0.0035
22.1230 0.0035 0.0035
22.1403 0.0035 0.0035
22.1577 0.0035 0.0035
22.1750 0.0035 0.0035
22.1924 0.0034 0.0034
22.2097 0.0034 0.0034
22.2271 0.0034 0.0034
22.2444 0.0034 0.0034
22.2618 0.0034 0.0034
22.2791 0.0034 0.0033
22.2965 0.0034 0.0033
22.3138 0.0034 0.0033
22.3312 0.0034 0.0033
22.3485 0.0034 0.0033
22.3659 0.0033 0.0033
22.3832 0.0033 0.0032
22.4006 0.0033 0.0032
22.4179 0.0033 0.0032
22.4353 0.0033 0.0032
22.4526 0.0033 0.0032
22.4700 0.0033 0.0032
22.4873 0.0033 0.0031
22.5047 0.0032 0.0031
22.5220 0.0032 0.0031
22.5394 0.0032 0.0031
22.5567 0.0032 0.0031
22.5741 0.0032 0.0031
22.5914 0.0032 0.0030
22.6088 0.0032 0.0030
22.6261 0.0032 0.0030
22.6435 0.0032 0.0030
22.6609 0.0031 0.0030
22.6782 0.0031 0.0030
22.6956 0.0031 0.0030
22.7129 0.0031 0.0029
22.7303 0.0031 0.0029
22.7476 0.0031 0.0029
22.7650 0.0031 0.0029
22.7823 0.0031 0.0029
22.7997 0.0031 0.0029
22.8170 0.0031 0.0029
22.8344 0.0030 0.0029
22.8517 0.0030 0.0029
22.8691 0.0030 0.0028
22.8864 0.0030 0.0028
22.9038 0.0030 0.0028
22.9211 0.0030 0.0028
22.9385 0.0030 0.0028
22.9558 0.0030 0.0028
22.9732 0.0030 0.0028
22.9905 0.0030 0.0028
23.0079 0.0029 0.0028
23.0252 0.0029 0.0028
23.0426 0.0029 0.0028
23.0599 0.0029 0.0028
23.0773 0.0029 0.0028
23.0946 0.0029 0.0028
23.1120 0.0029 0.0028
23.1293 0.0029 0.0028
23.1467 0.0028 0.0028
23.1640 0.0028 0.0028
23.1814 0.0028 0.0028
23.1987 0.0028 0.0028
23.2161 0.0028 0.0028
23.2334 0.0028 0.0028
23.2508 0.0028 0.0028
23.2681 0.0028 0.0028
23.2855 0.0028 0.0028
23.3029 0.0027 0.0028
23.3202 0.0027 0.0028
23.3376 0.0027 0.0028
23.3549 0.0027 0.0028
23.3723 0.0027 0.0028
23.3896 0.0027 0.0028
23.4070 0.0027 0.0028
23.4243 0.0027 0.0028
23.4417 0.0027 0.0028
23.4590 0.0027 0.0028
23.4764 0.0027 0.0028
23.4937 0.0027 0.0028
23.5111 0.0027 0.0028
23.5284 0.0027 0.0027
23.5458 0.0027 0.0027
23.5631 0.0026 0.0027
23.5805 0.0026 0.0027
23.5978 0.0026 0.0027
23.6152 0.0026 0.0027
23.6325 0.0026 0.0027
23.6499 0.0026 0.0027
23.6672 0.0026 0.0027
23.6846 0.0026 0.0027
23.7019 0.0026 0.0027
23.7193 0.0026 0.0026
23.7366 0.0026 0.0026
23.7540 0.0026 0.0026
23.7713 0.0025 0.0026
23.7887 0.0025 0.0026
23.8060 0.0025 0.0026
23.8234 0.0025 0.0025
23.8407 0.0025 0.0025
23.8581 0.0025 0.0025
23.8754 0.0025 0.0025
23.8928 0.0025 0.0025
23.9101 0.0025 0.0025
23.9275 0.0025 0.0024
23.9449 0.0025 0.0024
23.9622 0.0024 0.0024
23.9796 0.0024 0.0024
23.9969 0.0024 0.0024
24.0143 0.0024 0.0023
24.0316 0.0024 0.0023
24.0490 0.0024 0.0023
24.0663 0.0024 0.0023
24.0837 0.0024 0.0023
24.1010 0.0023 0.0023
24.1184 0.0023 0.0022
24.1357 0.0023 0.0022
24.1531 0.0023 0.0022
24.1704 0.0023 0.0022
24.1878 0.0023 0.0022
24.2051 0.0023 0.0022
24.2225 0.0022 0.0022
24.2398 0.0022 0.0021
24.2572 0.0022 0.0021
24.2745 0.0022 0.0021
24.2919 0.0022 0.0021
24.3092 0.0022 0.0021
24.3266 0.0022 0.0021
24.3439 0.0021 0.0021
24.3613 0.0021 0.0020
24.3786 0.0021 0.0020
24.3960 0.0021 0.0020
24.4133 0.0021 0.0020
24.4307 0.0021 0.0020
24.4480 0.0021 0.0020
24.4654 0.0020 0.0020
24.4827 0.0020 0.0019
24.5001 0.0020 0.0019
24.5174 0.0020 0.0019
24.5348 0.0020 0.0019
24.5521 0.0020 0.0019
24.5695 0.0020 0.0019
24.5869 0.0019 0.0019
24.6042 0.0019 0.0018
24.6216 0.0019 0.0018
24.6389 0.0019 0.0018
24.6563 0.0019 0.0018
24.6736 0.0019 0.0018
24.6910 0.0018 0.0018
24.7083 0.0018 0.0018
24.7257 0.0018 0.0018
24.7430 0.0018 0.0018
24.7604 0.0018 0.0017
24.7777 0.0018 0.0017
24.7951 0.0018 0.0017
24.8124 0.0017 0.0017
24.8298 0.0017 0.0017
24.8471 0.0017 0.0017
24.8645 0.0017 0.0017
24.8818 0.0017 0.0017
24.8992 0.0017 0.0017
24.9165 0.0017 0.0016
24.9339 0.0016 0.0016
24.9512 0.0016 0.0016
24.9686 0.0016 0.0016
24.9859 0.0016 0.0016
25.0033 0.0016 0.0016
25.0206 0.0016 0.0016
25.0380 0.0016 0.0016
25.0553 0.0016 0.0016
25.0727 0.0015 0.0015
25.0900 0.0015 0.0015
25.1074 0.0015 0.0015
25.1247 0.0015 0.0015
25.1421 0.0015 0.0015
25.1594 0.0015 0.0015
25.1768 0.0015 0.0015
25.1941 0.0015 0.0015
25.2115 0.0015 0.0015
25.2289 0.0015 0.0015
25.2462 0.0015 0.0015
25.2636 0.0015 0.0015
25.2809 0.0015 0.0014
25.2983 0.0015 0.0014
25.3156 0.0015 0.0014
25.3330 0.0015 0.0014
25.3503 0.0015 0.0014
25.3677 0.0015 0.0014
25.3850 0.0014 0.0014
25.4024 0.0014 0.0014
25.4197 0.0014 0.0014
25.4371 0.0014 0.0014
25.4544 0.0014 0.0014
25.4718 0.0014 0.0014
25.4891 0.0014 0.0014
25.5065 0.0014 0.0014
25.5238 0.0014 0.0013
25.5412 0.0014 0.0013
25.5585 0.0014 0.0013
25.5759 0.0014 0.0013
25.5932 0.0014 0.0013
25.6106 0.0014 0.0013
25.6279 0.0014 0.0013
25.6453 0.0014 0.0013
25.6626 0.0013 0.0013
25.6800 0.0013 0.0013
25.6973 0.0013 0.0013
25.7147 0.0013 0.0013
25.7320 0.0013 0.0013
25.7494 0.0013 0.0013
25.7667 0.0013 0.0013
25.7841 0.0013 0.0013
25.8014 0.0013 0.0013
25.8188 0.0013 0.0013
25.8361 0.0013 0.0012
25.8535 0.0013 0.0012
25.8709 0.0013 0.0012
25.8882 0.0012 0.0012
25.9056 0.0012 0.0012
25.9229 0.0012 0.0012
25.9403 0.0012 0.0012
25.9576 0.0012 0.0012
25.9750 0.0012 0.0012
25.9923 0.0012 0.0012
26.0097 0.0012 0.0012
26.0270 0.0012 0.0012
26.0444 0.0012 0.0012
26.0617 0.0011 0.0012
26.0791 0.0011 0.0012
26.0964 0.0011 0.0011
26.1138 0.0011 0.0011
26.1311 0.0011 0.0011
26.1485 0.0011 0.0011
26.1658 0.0011 0.0011
26.1832 0.0011 0.0011
26.2005 0.0011 0.0011
26.2179 0.0011 0.0011
26.2352 0.0011 0.0011
26.2526 0.0011 0.0011
26.2699 0.0010 0.0011
26.2873 0.0010 0.0011
26.3046 0.0010 0.0011
26.3220 0.0010 0.0010
26.3393 0.0010 0.0010
26.3567 0.0010 0.0010
26.3740 0.0010 0.0010
26.3914 0.0010 0.0010
26.4087 0.0010 0.0010
26.4261 0.0010 0.0010
26.4434 0.0010 0.0010
26.4608 0.0010 0.0010
26.4781 0.0010 0.0010
26.4955 0.0010 0.0010
26.5128 0.0010 0.0010
26.5302 0.0010 0.0010
26.5476 0.0010 0.0010
26.5649 0.0010 0.0010
26.5823 0.0010 0.0009
26.5996 0.0010 0.0009
26.6170 0.0009 0.0009
26.6343 0.0009 0.0009
26.6517 0.0009 0.0009
26.6690 0.0009 0.0009
26.6864 0.0009 0.0009
26.7037 0.0009 0.0009
26.7211 0.0009 0.0009
26.7384 0.0009 0.0009
26.7558 0.0009 0.0009
26.7731 0.0009 0.0009
26.7905 0.0009 0.0009
26.8078 0.0009 0.0009
26.8252 0.0009 0.0009
26.8425 0.0009 0.0009
26.8599 0.0009 0.0008
26.8772 0.0008 0.0008
26.8946 0.0008 0.0008
26.9119 0.0008 0.0008
26.9293 0.0008 0.0008
26.9466 0.0008 0.0008
26.9640 0.0008 0.0008
26.9813 0.0008 0.0008
26.9987 0.0008 0.0008
27.0160 0.0008 0.0008
27.0334 0.0008 0.0008
27.0507 0.0008 0.0008
27.0681 0.0008 0.0008
27.0854 0.0008 0.0008
27.1028 0.0008 0.0008
27.1201 0.0008 0.0008
27.1375 0.0008 0.0008
27.1548 0.0008 0.0008
27.1722 0.0007 0.0008
27.1896 0.0007 0.0008
27.2069 0.0007 0.0007
27.2243 0.0007 0.0007
27.2416 0.0007 0.0007
27.2590 0.0007 0.0007
27.2763 0.0007 0.0007
27.2937 0.0007 0.0007
27.3110 0.0007 0.0007
27.3284 0.0007 0.0007
27.3457 0.0007 0.0007
27.3631 0.0007 0.0007
27.3804 0.0007 0.0007
27.3978 0.0007 0.0007
27.4151 0.0007 0.0007
27.4325 0.0007 0.0007
27.4498 0.0007 0.0007
27.4672 0.0007 0.0007
27.4845 0.0007 0.0007
27.5019 0.0007 0.0007
27.5192 0.0007 0.0007
27.5366 0.0007 0.0007
27.5539 0.0007 0.0007
27.5713 0.0007 0.0007
27.5886 0.0006 0.0007
27.6060 0.0006 0.0007
27.6233 0.0006 0.0007
27.6407 0.0006 0.0007
27.6580 0.0006 0.0007
27.6754 0.0006 0.0006
27.6927 0.0006 0.0006
27.7101 0.0006 0.0006
27.7274 0.0006 0.0006
27.7448 0.0006 0.0006
27.7621 0.0006 0.0006
27.7795 0.0006 0.0006
27.7968 0.0006 0.0006
27.8142 0.0006 0.0006
27.8316 0.0006 0.0006
27.8489 0.0006 0.0006
27.8663 0.0006 0.0006
27.8836 0.0006 0.0006
27.9010 0.0006 0.0006
27.9183 0.0006 0.0006
27.9357 0.0006 0.0006
27.9530 0.0006 0.0006
27.9704 0.0006 0.0006
27.9877 0.0006 0.0006
28.0051 0.0006 0.0006
28.0224 0.0006 0.0006
28.0398 0.0006 0.0006
28.0571 0.0006 0.0006
28.0745 0.0006 0.0006
28.0918 0.0006 0.0006
28.1092 0.0006 0.0006
28.1265 0.0006 0.0006
28.1439 0.0006 0.0006
28.1612 0.0005 0.0006
28.1786 0.0005 0.0006
28.1959 0.0005 0.0006
28.2133 0.0005 0.0006
28.2306 0.0005 0.0005
28.2480 0.0005 0.0005
28.2653 0.0005 0.0005
28.2827 0.0005 0.0005
28.3000 0.0005 0.0005
28.3174 0.0005 0.0005
28.3347 0.0005 0.0005
28.3521 0.0005 0.0005
28.3694 0.0005 0.0005
28.3868 0.0005 0.0005
28.4041 0.0005 0.0005
28.4215 0.0005 0.0005
28.4388 0.0005 0.0005
28.4562 0.0005 0.0005
28.4736 0.0005 0.0005
28.4909 0.0005 0.0005
28.5083 0.0005 0.0005
28.5256 0.0005 0.0005
28.5430 0.0005 0.0005
28.5603 0.0005 0.0005
28.5777 0.0005 0.0005
28.5950 0.0005 0.0005
28.6124 0.0005 0.0005
28.6297 0.0005 0.0005
28.6471 0.0005 0.0005
28.6644 0.0005 0.0005
28.6818 0.0005 0.0005
28.6991 0.0005 0.0005
28.7165 0.0005 0.0005
28.7338 0.0005 0.0005
28.7512 0.0005 0.0005
28.7685 0.0005 0.0005
28.7859 0.0005 0.0005
28.8032 0.0005 0.0005
28.8206 0.0005 0.0005
28.8379 0.0005 0.0005
28.8553 0.0005 0.0005
28.8726 0.0005 0.0005
28.8900 0.0005 0.0005
28.9073 0.0005 0.0005
28.9247 0.0005 0.0005
28.9420 0.0005 0.0004
28.9594 0.0005 0.0004
28.9767 0.0005 0.0004
28.9941 0.0005 0.0004
29.0114 0.0005 0.0004
29.0288 0.0005 0.0004
29.0461 0.0005 0.0004
29.0635 0.0004 0.0004
29.0808 0.0004 0.0004
29.0982 0.0004 0.0004
29.1156 0.0004 0.0004
29.1329 0.0004 0.0004
29.1503 0.0004 0.0004
29.1676 0.0004 0.0004
29.1850 0.0004 0.0004
29.2023 0.0004 0.0004
29.2197 0.0004 0.0004
29.2370 0.0004 0.0004
29.2544 0.0004 0.0004
29.2717 0.0004 0.0004
29.2891 0.0004 0.0004
29.3064 0.0004 0.0004
29.3238 0.0004 0.0004
29.3411 0.0004 0.0004
29.3585 0.0004 0.0004
29.3758 0.0004 0.0004
29.3932 0.0004 0.0004
29.4105 0.0004 0.0004
29.4279 0.0004 0.0004
29.4452 0.0004 0.0004
29.4626 0.0004 0.0004
29.4799 0.0004 0.0004
29.4973 0.0004 0.0004
29.5146 0.0004 0.0004
29.5320 0.0004 0.0004
29.5493 0.0004 0.0004
29.5667 0.0004 0.0004
29.5840 0.0004 0.0004
29.6014 0.0004 0.0004
29.6187 0.0004 0.0004
29.6361 0.0004 0.0004
29.6534 0.0004 0.0004
29.6708 0.0004 0.0004
29.6881 0.0004 0.0004
29.7055 0.0004 0.0004
29.7228 0.0004 0.0004
29.7402 0.0004 0.0004
29.7576 0.0004 0.0004
29.7749 0.0004 0.0004
29.7923 0.0004 0.0004
29.8096 0.0004 0.0004
29.8270 0.0004 0.0004
29.8443 0.0004 0.0004
29.8617 0.0004 0.0004
29.8790 0.0004 0.0004
29.8964 0.0004 0.0004
29.9137 0.0004 0.0004
29.9311 0.0004 0.0004
29.9484 0.0004 0.0004
29.9658 0.0004 0.0004
29.9831 0.0004 0.0004
30.0005 0.0004 0.0004
30.0178 0.0004 0.0004
30.0352 0.0004 0.0004
30.0525 0.0004 0.0004
30.0699 0.0004 0.0004
30.0872 0.0004 0.0004
30.1046 0.0004 0.0004
30.1219 0.0004 0.0004
30.1393 0.0004 0.0004
30.1566 0.0004 0.0004
30.1740 0.0004 0.0004
30.1913 0.0004 0.0004
30.2087 0.0004 0.0004
30.2260 0.0004 0.0004
30.2434 0.0004 0.0004
30.2607 0.0004 0.0004
30.2781 0.0004 0.0004
30.2954 0.0004 0.0004
30.3128 0.0004 0.0004
30.3301 0.0004 0.0004
30.3475 0.0004 0.0004
30.3648 0.0004 0.0004
30.3822 0.0004 0.0004
30.3996 0.0004 0.0004
30.4169 0.0004 0.0004
30.4343 0.0004 0.0004
30.4516 0.0004 0.0004
30.4690 0.0004 0.0004
30.4863 0.0004 0.0004
30.5037 0.0004 0.0004
30.5210 0.0004 0.0004
30.5384 0.0004 0.0004
30.5557 0.0004 0.0004
30.5731 0.0004 0.0004
30.5904 0.0004 0.0004
30.6078 0.0004 0.0004
30.6251 0.0004 0.0004
30.6425 0.0004 0.0004
30.6598 0.0004 0.0004
30.6772 0.0004 0.0004
30.6945 0.0004 0.0004
30.7119 0.0004 0.0004
30.7292 0.0004 0.0003
30.7466 0.0004 0.0003
30.7639 0.0004 0.0003
30.7813 0.0004 0.0003
30.7986 0.0004 0.0003
30.8160 0.0004 0.0003
30.8333 0.0004 0.0003
30.8507 0.0004 0.0003
30.8680 0.0004 0.0003
30.8854 0.0004 0.0003
30.9027 0.0004 0.0003
30.9201 0.0004 0.0003
30.9374 0.0004 0.0003
30.9548 0.0004 0.0003
30.9721 0.0003 0.0003
30.9895 0.0003 0.0003
31.0068 0.0003 0.0003
31.0242 0.0003 0.0003
31.0415 0.0003 0.0003
31.0589 0.0003 0.0003
31.0763 0.0003 0.0003
31.0936 0.0003 0.0003
31.1110 0.0003 0.0003
31.1283 0.0003 0.0003
31.1457 0.0003 0.0003
31.1630 0.0003 0.0003
31.1804 0.0003 0.0003
31.1977 0.0003 0.0003
31.2151 0.0003 0.0003
31.2324 0.0003 0.0003
31.2498 0.0003 0.0003
31.2671 0.0003 0.0003
31.2845 0.0003 0.0003
31.3018 0.0003 0.0003
31.3192 0.0003 0.0003
31.3365 0.0003 0.0003
31.3539 0.0003 0.0003
31.3712 0.0003 0.0003
31.3886 0.0003 0.0003
31.4059 0.0003 0.0003
31.4233 0.0003 0.0003
31.4406 0.0003 0.0003
31.4580 0.0003 0.0003
31.4753 0.0003 0.0003
31.4927 0.0003 0.0003
31.5100 0.0003 0.0003
31.5274 0.0003 0.0003
31.5447 0.0003 0.0003
31.5621 0.0003 0.0003
31.5794 0.0003 0.0003
31.5968 0.0003 0.0003
31.6141 0.0003 0.0003
31.6315 0.0003 0.0003
31.6488 0.0003 0.0003
31.6662 0.0003 0.0003
31.6835 0.0003 0.0003
31.7009 0.0003 0.0003
31.7183 0.0003 0.0003
31.7356 0.0003 0.0003
31.7530 0.0003 0.0003
31.7703 0.0003 0.0003
31.7877 0.0003 0.0003
31.8050 0.0003 0.0003
31.8224 0.0003 0.0003
31.8397 0.0003 0.0003
31.8571 0.0003 0.0003
31.8744 0.0003 0.0003
31.8918 0.0003 0.0003
31.9091 0.0003 0.0003
31.9265 0.0003 0.0003
31.9438 0.0003 0.0003
31.9612 0.0003 0.0003
31.9785 0.0003 0.0003
31.9959 0.0003 0.0003
32.0132 0.0003 0.0003
32.0306 0.0003 0.0003
32.0479 0.0003 0.0003
32.0653 0.0003 0.0003
32.0826 0.0003 0.0003
32.1000 0.0003 0.0003
32.1173 0.0003 0.0003
32.1347 0.0003 0.0003
32.1520 0.0003 0.0003
32.1694 0.0003 0.0003
32.1867 0.0003 0.0003
32.2041 0.0003 0.0003
32.2214 0.0003 0.0003
32.2388 0.0003 0.0003
32.2561 0.0003 0.0003
32.2735 0.0003 0.0003
32.2908 0.0003 0.0003
32.3082 0.0003 0.0003
32.3255 0.0003 0.0003
32.3429 0.0003 0.0003
32.3603 0.0003 0.0003
32.3776 0.0003 0.0003
32.3950 0.0003 0.0003
32.4123 0.0003 0.0003
32.4297 0.0003 0.0003
32.4470 0.0003 0.0003
32.4644 0.0003 0.0003
32.4817 0.0003 0.0003
32.4991 0.0003 0.0003
32.5164 0.0003 0.0003
32.5338 0.0003 0.0003
32.5511 0.0003 0.0003
32.5685 0.0003 0.0003
32.5858 0.0003 0.0003
32.6032 0.0003 0.0003
32.6205 0.0003 0.0003
32.6379 0.0003 0.0003
32.6552 0.0003 0.0003
32.6726 0.0003 0.0003
32.6899 0.0003 0.0003
32.7073 0.0003 0.0003
32.7246 0.0003 0.0003
32.7420 0.0003 0.0003
32.7593 0.0003 0.0003
32.7767 0.0003 0.0003
32.7940 0.0003 0.0003
32.8114 0.0003 0.0003
32.8287 0.0003 0.0003
32.8461 0.0003 0.0003
32.8634 0.0003 0.0003
32.8808 0.0003 0.0003
32.8981 0.0003 0.0003
32.9155 0.0003 0.0003
32.9328 0.0003 0.0003
32.9502 0.0003 0.0003
32.9675 0.0003 0.0003
32.9849 0.0003 0.0003
33.0023 0.0003 0.0003
33.0196 0.0003 0.0003
33.0370 0.0003 0.0003
33.0543 0.0003 0.0003
33.0717 0.0003 0.0003
33.0890 0.0003 0.0003
33.1064 0.0003 0.0003
33.1237 0.0003 0.0003
33.1411 0.0003 0.0003
33.1584 0.0003 0.0003
33.1758 0.0003 0.0003
33.1931 0.0003 0.0003
33.2105 0.0003 0.0003
33.2278 0.0003 0.0003
33.2452 0.0003 0.0003
33.2625 0.0003 0.0003
33.2799 0.0003 0.0003
33.2972 0.0003 0.0003
33.3146 0.0003 0.0003
33.3319 0.0003 0.0003
33.3493 0.0003 0.0003
33.3666 0.0003 0.0003
33.3840 0.0003 0.0003
33.4013 0.0003 0.0003
33.4187 0.0003 0.0003
33.4360 0.0003 0.0003
33.4534 0.0003 0.0003
33.4707 0.0003 0.0003
33.4881 0.0003 0.0003
33.5054 0.0003 0.0003
33.5228 0.0003 0.0003
33.5401 0.0003 0.0003
33.5575 0.0003 0.0003
33.5748 0.0003 0.0003
33.5922 0.0003 0.0003
33.6095 0.0003 0.0003
33.6269 0.0003 0.0003
33.6443 0.0003 0.0003
33.6616 0.0003 0.0003
33.6790 0.0003 0.0003
33.6963 0.0003 0.0003
33.7137 0.0003 0.0003
33.7310 0.0003 0.0002
33.7484 0.0003 0.0002
33.7657 0.0003 0.0002
33.7831 0.0003 0.0002
33.8004 0.0003 0.0002
33.8178 0.0003 0.0002
33.8351 0.0003 0.0002
33.8525 0.0003 0.0002
33.8698 0.0003 0.0002
33.8872 0.0003 0.0002
33.9045 0.0003 0.0002
33.9219 0.0003 0.0002
33.9392 0.0003 0.0002
33.9566 0.0003 0.0002
33.9739 0.0003 0.0002
33.9913 0.0003 0.0002
34.0086 0.0003 0.0002
34.0260 0.0002 0.0002
34.0433 0.0002 0.0002
34.0607 0.0002 0.0002
34.0780 0.0002 0.0002
34.0954 0.0002 0.0002
34.1127 0.0002 0.0002
34.1301 0.0002 0.0002
34.1474 0.0002 0.0002
34.1648 0.0002 0.0002
34.1821 0.0002 0.0002
34.1995 0.0002 0.0002
34.2168 0.0002 0.0002
34.2342 0.0002 0.0002
34.2515 0.0002 0.0002
34.2689 0.0002 0.0002
34.2863 0.0002 0.0002
34.3036 0.0002 0.0002
34.3210 0.0002 0.0002
34.3383 0.0002 0.0002
34.3557 0.0002 0.0002
34.3730 0.0002 0.0002
34.3904 0.0002 0.0002
34.4077 0.0002 0.0002
34.4251 0.0002 0.0002
34.4424 0.0002 0.0002
34.4598 0.0002 0.0002
34.4771 0.0002 0.0002
34.4945 0.0002 0.0002
34.5118 0.0002 0.0002
34.5292 0.0002 0.0002
34.5465 0.0002 0.0002
34.5639 0.0002 0.0002
34.5812 0.0002 0.0002
34.5986 0.0002 0.0002
34.6159 0.0002 0.0002
34.6333 0.0002 0.0002
34.6506 0.0002 0.0002
34.6680 0.0002 0.0002
34.6853 0.0002 0.0002
  
  
  
  
  
dim="1">gridpoints</dimension>  
  
  
  
  
  
  
  
  
0.0000 173.1070 170.8892
0.0174 173.1070 170.8892
0.0347 86.4804 85.5638
0.0521 57.5748 57.1753
0.0694 43.1021 43.0213
0.0868 34.4056 34.5615
0.1041 28.6004 28.9490
0.1215 24.4504 24.9639
0.1388 21.3383 21.9961
0.1562 18.9211 19.7066
0.1735 16.9935 17.8921
0.1909 15.4248 16.4231
0.2082 14.1279 15.2131
0.2256 13.0425 14.2024
0.2429 12.1255 13.3480
0.2603 11.3450 12.6186
0.2776 10.6770 11.9904
0.2950 10.1027 11.4454
0.3123 9.6074 10.9695
0.3297 9.1790 10.5514
0.3470 8.8078 10.1821
0.3644 8.4853 9.8543
0.3817 8.2046 9.5620
0.3991 7.9595 9.3001
0.4164 7.7446 9.0643
0.4338 7.5552 8.8509
0.4511 7.3872 8.6566
0.4685 7.2369 8.4787
0.4858 7.1010 8.3144
0.5032 6.9765 8.1614
0.5205 6.8610 8.0176
0.5379 6.7521 7.8810
0.5552 6.6480 7.7496
0.5726 6.5468 7.6218
0.5899 6.4472 7.4961
0.6073 6.3479 7.3712
0.6246 6.2481 7.2459
0.6420 6.1468 7.1194
0.6594 6.0437 6.9910
0.6767 5.9382 6.8604
0.6941 5.8301 6.7275
0.7114 5.7195 6.5923
0.7288 5.6063 6.4554
0.7461 5.4909 6.3172
0.7635 5.3736 6.1786
0.7808 5.2549 6.0404
0.7982 5.1353 5.9036
0.8155 5.0154 5.7691
0.8329 4.8961 5.6378
0.8502 4.7781 5.5105
0.8676 4.6622 5.3878
0.8849 4.5492 5.2701
0.9023 4.4399 5.1577
0.9196 4.3352 5.0506
0.9370 4.2357 4.9484
0.9543 4.1421 4.8509
0.9717 4.0551 4.7574
0.9890 3.9751 4.6673
1.0064 3.9023 4.5797
1.0237 3.8371 4.4939
1.0411 3.7793 4.4092
1.0584 3.7289 4.3248
1.0758 3.6856 4.2402
1.0931 3.6488 4.1550
1.1105 3.6179 4.0690
1.1278 3.5922 3.9821
1.1452 3.5708 3.8944
1.1625 3.5526 3.8062
1.1799 3.5367 3.7179
1.1972 3.5221 3.6301
1.2146 3.5078 3.5432
1.2319 3.4927 3.4578
1.2493 3.4762 3.3747
1.2666 3.4575 3.2941
1.2840 3.4360 3.2168
1.3014 3.4113 3.1429
1.3187 3.3832 3.0727
1.3361 3.3516 3.0064
1.3534 3.3167 2.9440
1.3708 3.2787 2.8854
1.3881 3.2379 2.8303
1.4055 3.1949 2.7786
1.4228 3.1502 2.7297
1.4402 3.1046 2.6834
1.4575 3.0586 2.6391
1.4749 3.0129 2.5966
1.4922 2.9681 2.5553
1.5096 2.9249 2.5148
1.5269 2.8837 2.4750
1.5443 2.8451 2.4354
1.5616 2.8093 2.3959
1.5790 2.7766 2.3564
1.5963 2.7470 2.3169
1.6137 2.7208 2.2773
1.6310 2.6977 2.2379
1.6484 2.6776 2.1988
1.6657 2.6604 2.1602
1.6831 2.6456 2.1223
1.7004 2.6330 2.0857
1.7178 2.6221 2.0504
1.7351 2.6126 2.0169
1.7525 2.6040 1.9854
1.7698 2.5960 1.9562
1.7872 2.5881 1.9295
1.8045 2.5799 1.9054
1.8219 2.5712 1.8841
1.8392 2.5615 1.8656
1.8566 2.5507 1.8498
1.8739 2.5384 1.8367
1.8913 2.5246 1.8262
1.9086 2.5090 1.8179
1.9260 2.4917 1.8118
1.9434 2.4725 1.8076
1.9607 2.4516 1.8049
1.9781 2.4289 1.8035
1.9954 2.4046 1.8030
2.0128 2.3788 1.8032
2.0301 2.3516 1.8038
2.0475 2.3234 1.8044
2.0648 2.2943 1.8048
2.0822 2.2646 1.8048
2.0995 2.2344 1.8042
2.1169 2.2041 1.8026
2.1342 2.1738 1.8001
2.1516 2.1439 1.7964
2.1689 2.1144 1.7915
2.1863 2.0857 1.7854
2.2036 2.0579 1.7780
2.2210 2.0311 1.7695
2.2383 2.0056 1.7598
2.2557 1.9813 1.7493
2.2730 1.9584 1.7379
2.2904 1.9369 1.7258
2.3077 1.9167 1.7133
2.3251 1.8979 1.7005
2.3424 1.8803 1.6876
2.3598 1.8638 1.6747
2.3771 1.8482 1.6619
2.3945 1.8333 1.6494
2.4118 1.8191 1.6371
2.4292 1.8051 1.6252
2.4465 1.7913 1.6136
2.4639 1.7774 1.6022
2.4812 1.7632 1.5910
2.4986 1.7487 1.5799
2.5159 1.7337 1.5688
2.5333 1.7182 1.5575
2.5506 1.7020 1.5460
2.5680 1.6852 1.5340
2.5853 1.6678 1.5216
2.6027 1.6498 1.5086
2.6201 1.6314 1.4950
2.6374 1.6125 1.4807
2.6548 1.5932 1.4658
2.6721 1.5736 1.4502
2.6895 1.5539 1.4340
2.7068 1.5339 1.4173
2.7242 1.5139 1.4003
2.7415 1.4938 1.3829
2.7589 1.4737 1.3654
2.7762 1.4535 1.3480
2.7936 1.4335 1.3307
2.8109 1.4135 1.3137
2.8283 1.3936 1.2971
2.8456 1.3739 1.2811
2.8630 1.3544 1.2656
2.8803 1.3351 1.2509
2.8977 1.3160 1.2368
2.9150 1.2973 1.2234
2.9324 1.2789 1.2107
2.9497 1.2609 1.1985
2.9671 1.2434 1.1869
2.9844 1.2264 1.1757
3.0018 1.2099 1.1648
3.0191 1.1941 1.1541
3.0365 1.1788 1.1435
3.0538 1.1643 1.1329
3.0712 1.1505 1.1222
3.0885 1.1375 1.1114
3.1059 1.1252 1.1005
3.1232 1.1138 1.0895
3.1406 1.1032 1.0783
3.1579 1.0934 1.0671
3.1753 1.0844 1.0559
3.1926 1.0763 1.0448
3.2100 1.0690 1.0339
3.2273 1.0626 1.0232
3.2447 1.0569 1.0130
3.2621 1.0519 1.0032
3.2794 1.0476 0.9940
3.2968 1.0439 0.9854
3.3141 1.0407 0.9775
3.3315 1.0380 0.9704
3.3488 1.0356 0.9640
3.3662 1.0334 0.9584
3.3835 1.0314 0.9536
3.4009 1.0294 0.9494
3.4182 1.0273 0.9460
3.4356 1.0250 0.9432
3.4529 1.0225 0.9410
3.4703 1.0196 0.9393
3.4876 1.0163 0.9381
3.5050 1.0125 0.9372
3.5223 1.0083 0.9366
3.5397 1.0036 0.9362
3.5570 0.9984 0.9360
3.5744 0.9928 0.9357
3.5917 0.9868 0.9354
3.6091 0.9806 0.9350
3.6264 0.9741 0.9344
3.6438 0.9675 0.9335
3.6611 0.9608 0.9322
3.6785 0.9541 0.9305
3.6958 0.9475 0.9283
3.7132 0.9410 0.9255
3.7305 0.9348 0.9222
3.7479 0.9288 0.9182
3.7652 0.9231 0.9136
3.7826 0.9176 0.9083
3.7999 0.9125 0.9023
3.8173 0.9076 0.8956
3.8346 0.9030 0.8884
3.8520 0.8986 0.8805
3.8693 0.8944 0.8721
3.8867 0.8904 0.8633
3.9041 0.8866 0.8541
3.9214 0.8828 0.8447
3.9388 0.8792 0.8351
3.9561 0.8755 0.8254
3.9735 0.8719 0.8157
3.9908 0.8683 0.8063
4.0082 0.8646 0.7970
4.0255 0.8608 0.7880
4.0429 0.8569 0.7795
4.0602 0.8529 0.7713
4.0776 0.8487 0.7636
4.0949 0.8443 0.7564
4.1123 0.8399 0.7497
4.1296 0.8352 0.7434
4.1470 0.8305 0.7375
4.1643 0.8257 0.7321
4.1817 0.8208 0.7270
4.1990 0.8160 0.7222
4.2164 0.8113 0.7177
4.2337 0.8067 0.7134
4.2511 0.8023 0.7092
4.2684 0.7981 0.7051
4.2858 0.7943 0.7011
4.3031 0.7909 0.6971
4.3205 0.7878 0.6931
4.3378 0.7853 0.6890
4.3552 0.7831 0.6848
4.3725 0.7815 0.6806
4.3899 0.7803 0.6761
4.4072 0.7795 0.6716
4.4246 0.7791 0.6669
4.4419 0.7790 0.6620
4.4593 0.7792 0.6570
4.4766 0.7796 0.6518
4.4940 0.7800 0.6465
4.5113 0.7804 0.6411
4.5287 0.7808 0.6355
4.5461 0.7810 0.6298
4.5634 0.7808 0.6241
4.5808 0.7803 0.6183
4.5981 0.7793 0.6125
4.6155 0.7777 0.6068
4.6328 0.7755 0.6011
4.6502 0.7726 0.5956
4.6675 0.7690 0.5902
4.6849 0.7646 0.5850
4.7022 0.7593 0.5800
4.7196 0.7533 0.5753
4.7369 0.7465 0.5709
4.7543 0.7390 0.5667
4.7716 0.7308 0.5629
4.7890 0.7221 0.5595
4.8063 0.7128 0.5563
4.8237 0.7032 0.5535
4.8410 0.6933 0.5509
4.8584 0.6833 0.5487
4.8757 0.6732 0.5468
4.8931 0.6632 0.5451
4.9104 0.6534 0.5436
4.9278 0.6439 0.5423
4.9451 0.6346 0.5413
4.9625 0.6258 0.5404
4.9798 0.6174 0.5396
4.9972 0.6094 0.5389
5.0145 0.6019 0.5384
5.0319 0.5948 0.5379
5.0492 0.5882 0.5375
5.0666 0.5819 0.5372
5.0839 0.5760 0.5369
5.1013 0.5705 0.5366
5.1186 0.5652 0.5364
5.1360 0.5602 0.5363
5.1533 0.5555 0.5361
5.1707 0.5510 0.5360
5.1881 0.5468 0.5359
5.2054 0.5427 0.5359
5.2228 0.5388 0.5359
5.2401 0.5351 0.5359
5.2575 0.5315 0.5359
5.2748 0.5282 0.5359
5.2922 0.5250 0.5359
5.3095 0.5220 0.5358
5.3269 0.5191 0.5356
5.3442 0.5164 0.5353
5.3616 0.5138 0.5348
5.3789 0.5114 0.5340
5.3963 0.5090 0.5331
5.4136 0.5068 0.5318
5.4310 0.5046 0.5303
5.4483 0.5025 0.5284
5.4657 0.5004 0.5262
5.4830 0.4984 0.5237
5.5004 0.4965 0.5209
5.5177 0.4946 0.5178
5.5351 0.4927 0.5144
5.5524 0.4908 0.5108
5.5698 0.4890 0.5071
5.5871 0.4872 0.5033
5.6045 0.4855 0.4994
5.6218 0.4837 0.4956
5.6392 0.4820 0.4918
5.6565 0.4804 0.4881
5.6739 0.4787 0.4846
5.6912 0.4771 0.4813
5.7086 0.4755 0.4782
5.7259 0.4738 0.4753
5.7433 0.4722 0.4727
5.7606 0.4706 0.4704
5.7780 0.4689 0.4684
5.7953 0.4673 0.4666
5.8127 0.4656 0.4652
5.8301 0.4639 0.4640
5.8474 0.4621 0.4631
5.8648 0.4604 0.4624
5.8821 0.4588 0.4620
5.8995 0.4571 0.4619
5.9168 0.4555 0.4619
5.9342 0.4540 0.4622
5.9515 0.4526 0.4626
5.9689 0.4513 0.4631
5.9862 0.4502 0.4638
6.0036 0.4492 0.4645
6.0209 0.4484 0.4653
6.0383 0.4478 0.4660
6.0556 0.4473 0.4668
6.0730 0.4471 0.4675
6.0903 0.4469 0.4680
6.1077 0.4470 0.4685
6.1250 0.4472 0.4687
6.1424 0.4475 0.4688
6.1597 0.4479 0.4687
6.1771 0.4483 0.4683
6.1944 0.4488 0.4677
6.2118 0.4493 0.4668
6.2291 0.4497 0.4657
6.2465 0.4501 0.4643
6.2638 0.4503 0.4627
6.2812 0.4504 0.4608
6.2985 0.4504 0.4587
6.3159 0.4502 0.4564
6.3332 0.4498 0.4539
6.3506 0.4492 0.4513
6.3679 0.4484 0.4485
6.3853 0.4474 0.4456
6.4026 0.4462 0.4426
6.4200 0.4449 0.4396
6.4373 0.4435 0.4365
6.4547 0.4420 0.4335
6.4721 0.4404 0.4305
6.4894 0.4387 0.4275
6.5068 0.4371 0.4247
6.5241 0.4354 0.4219
6.5415 0.4338 0.4192
6.5588 0.4322 0.4167
6.5762 0.4307 0.4143
6.5935 0.4293 0.4120
6.6109 0.4279 0.4099
6.6282 0.4266 0.4079
6.6456 0.4254 0.4060
6.6629 0.4242 0.4043
6.6803 0.4230 0.4026
6.6976 0.4219 0.4011
6.7150 0.4208 0.3996
6.7323 0.4197 0.3982
6.7497 0.4187 0.3969
6.7670 0.4176 0.3956
6.7844 0.4165 0.3944
6.8017 0.4153 0.3932
6.8191 0.4142 0.3922
6.8364 0.4131 0.3912
6.8538 0.4119 0.3903
6.8711 0.4108 0.3894
6.8885 0.4097 0.3887
6.9058 0.4086 0.3881
6.9232 0.4076 0.3875
6.9405 0.4066 0.3871
6.9579 0.4057 0.3868
6.9752 0.4049 0.3866
6.9926 0.4041 0.3865
7.0099 0.4035 0.3866
7.0273 0.4029 0.3867
7.0446 0.4024 0.3869
7.0620 0.4020 0.3872
7.0793 0.4016 0.3876
7.0967 0.4014 0.3880
7.1141 0.4012 0.3884
7.1314 0.4010 0.3889
7.1488 0.4009 0.3894
7.1661 0.4008 0.3899
7.1835 0.4007 0.3903
7.2008 0.4006 0.3907
7.2182 0.4005 0.3911
7.2355 0.4004 0.3914
7.2529 0.4002 0.3917
7.2702 0.4000 0.3918
7.2876 0.3998 0.3919
7.3049 0.3995 0.3919
7.3223 0.3991 0.3917
7.3396 0.3987 0.3915
7.3570 0.3982 0.3912
7.3743 0.3976 0.3908
7.3917 0.3970 0.3902
7.4090 0.3964 0.3896
7.4264 0.3957 0.3890
7.4437 0.3949 0.3883
7.4611 0.3942 0.3875
7.4784 0.3934 0.3867
7.4958 0.3926 0.3859
7.5131 0.3918 0.3851
7.5305 0.3909 0.3843
7.5478 0.3901 0.3836
7.5652 0.3892 0.3829
7.5825 0.3884 0.3822
7.5999 0.3875 0.3816
7.6172 0.3866 0.3811
7.6346 0.3858 0.3807
7.6519 0.3849 0.3803
7.6693 0.3840 0.3800
7.6866 0.3831 0.3797
7.7040 0.3822 0.3795
7.7213 0.3813 0.3794
7.7387 0.3803 0.3793
7.7560 0.3794 0.3793
7.7734 0.3785 0.3793
7.7908 0.3777 0.3794
7.8081 0.3768 0.3795
7.8255 0.3760 0.3796
7.8428 0.3753 0.3797
7.8602 0.3746 0.3799
7.8775 0.3740 0.3801
7.8949 0.3735 0.3803
7.9122 0.3731 0.3805
7.9296 0.3728 0.3807
7.9469 0.3727 0.3809
7.9643 0.3727 0.3810
7.9816 0.3728 0.3810
7.9990 0.3732 0.3810
8.0163 0.3737 0.3809
8.0337 0.3743 0.3806
8.0510 0.3752 0.3802
8.0684 0.3762 0.3797
8.0857 0.3774 0.3791
8.1031 0.3787 0.3783
8.1204 0.3801 0.3775
8.1378 0.3817 0.3766
8.1551 0.3833 0.3756
8.1725 0.3849 0.3746
8.1898 0.3866 0.3736
8.2072 0.3883 0.3726
8.2245 0.3899 0.3717
8.2419 0.3915 0.3709
8.2592 0.3930 0.3703
8.2766 0.3944 0.3697
8.2939 0.3957 0.3694
8.3113 0.3968 0.3692
8.3286 0.3978 0.3693
8.3460 0.3987 0.3695
8.3633 0.3995 0.3699
8.3807 0.4002 0.3705
8.3980 0.4007 0.3713
8.4154 0.4011 0.3723
8.4328 0.4015 0.3734
8.4501 0.4018 0.3746
8.4675 0.4020 0.3759
8.4848 0.4021 0.3774
8.5022 0.4022 0.3790
8.5195 0.4023 0.3806
8.5369 0.4023 0.3822
8.5542 0.4023 0.3839
8.5716 0.4023 0.3857
8.5889 0.4022 0.3874
8.6063 0.4021 0.3891
8.6236 0.4020 0.3908
8.6410 0.4018 0.3924
8.6583 0.4017 0.3940
8.6757 0.4015 0.3956
8.6930 0.4013 0.3970
8.7104 0.4011 0.3984
8.7277 0.4009 0.3997
8.7451 0.4007 0.4009
8.7624 0.4005 0.4021
8.7798 0.4003 0.4032
8.7971 0.4001 0.4042
8.8145 0.3999 0.4051
8.8318 0.3998 0.4060
8.8492 0.3997 0.4069
8.8665 0.3997 0.4077
8.8839 0.3997 0.4085
8.9012 0.3998 0.4092
8.9186 0.4000 0.4099
8.9359 0.4002 0.4106
8.9533 0.4006 0.4112
8.9706 0.4010 0.4117
8.9880 0.4015 0.4121
9.0053 0.4020 0.4125
9.0227 0.4027 0.4128
9.0400 0.4034 0.4129
9.0574 0.4041 0.4130
9.0748 0.4050 0.4130
9.0921 0.4058 0.4128
9.1095 0.4068 0.4126
9.1268 0.4077 0.4124
9.1442 0.4087 0.4120
9.1615 0.4097 0.4117
9.1789 0.4107 0.4113
9.1962 0.4118 0.4110
9.2136 0.4128 0.4107
9.2309 0.4139 0.4105
9.2483 0.4150 0.4103
9.2656 0.4162 0.4103
9.2830 0.4173 0.4103
9.3003 0.4185 0.4105
9.3177 0.4198 0.4107
9.3350 0.4210 0.4111
9.3524 0.4223 0.4116
9.3697 0.4237 0.4122
9.3871 0.4251 0.4129
9.4044 0.4265 0.4136
9.4218 0.4280 0.4144
9.4391 0.4294 0.4153
9.4565 0.4309 0.4162
9.4738 0.4324 0.4170
9.4912 0.4339 0.4179
9.5085 0.4353 0.4188
9.5259 0.4367 0.4197
9.5432 0.4380 0.4206
9.5606 0.4392 0.4214
9.5779 0.4403 0.4222
9.5953 0.4413 0.4230
9.6126 0.4422 0.4237
9.6300 0.4430 0.4245
9.6473 0.4436 0.4252
9.6647 0.4442 0.4258
9.6820 0.4445 0.4265
9.6994 0.4448 0.4270
9.7168 0.4449 0.4276
9.7341 0.4449 0.4280
9.7515 0.4448 0.4284
9.7688 0.4447 0.4288
9.7862 0.4444 0.4290
9.8035 0.4440 0.4291
9.8209 0.4436 0.4292
9.8382 0.4432 0.4291
9.8556 0.4426 0.4289
9.8729 0.4421 0.4286
9.8903 0.4415 0.4282
9.9076 0.4408 0.4276
9.9250 0.4401 0.4270
9.9423 0.4394 0.4263
9.9597 0.4387 0.4255
9.9770 0.4380 0.4247
9.9944 0.4372 0.4238
10.0117 0.4365 0.4229
10.0291 0.4358 0.4220
10.0464 0.4352 0.4211
10.0638 0.4346 0.4202
10.0811 0.4340 0.4194
10.0985 0.4335 0.4186
10.1158 0.4331 0.4179
10.1332 0.4328 0.4173
10.1505 0.4326 0.4168
10.1679 0.4325 0.4163
10.1852 0.4325 0.4159
10.2026 0.4325 0.4156
10.2199 0.4327 0.4153
10.2373 0.4329 0.4151
10.2546 0.4332 0.4150
10.2720 0.4336 0.4149
10.2893 0.4339 0.4148
10.3067 0.4343 0.4147
10.3240 0.4346 0.4146
10.3414 0.4349 0.4145
10.3588 0.4352 0.4144
10.3761 0.4354 0.4142
10.3935 0.4355 0.4140
10.4108 0.4355 0.4138
10.4282 0.4355 0.4136
10.4455 0.4354 0.4133
10.4629 0.4352 0.4130
10.4802 0.4350 0.4127
10.4976 0.4347 0.4124
10.5149 0.4343 0.4121
10.5323 0.4340 0.4118
10.5496 0.4337 0.4117
10.5670 0.4335 0.4115
10.5843 0.4333 0.4115
10.6017 0.4331 0.4116
10.6190 0.4331 0.4118
10.6364 0.4331 0.4121
10.6537 0.4332 0.4125
10.6711 0.4335 0.4131
10.6884 0.4338 0.4139
10.7058 0.4343 0.4147
10.7231 0.4348 0.4157
10.7405 0.4354 0.4168
10.7578 0.4360 0.4181
10.7752 0.4367 0.4194
10.7925 0.4374 0.4208
10.8099 0.4382 0.4222
10.8272 0.4389 0.4236
10.8446 0.4396 0.4251
10.8619 0.4403 0.4266
10.8793 0.4409 0.4280
10.8966 0.4415 0.4294
10.9140 0.4420 0.4306
10.9313 0.4425 0.4319
10.9487 0.4429 0.4330
10.9660 0.4433 0.4340
10.9834 0.4436 0.4349
11.0008 0.4439 0.4356
11.0181 0.4441 0.4363
11.0355 0.4443 0.4368
11.0528 0.4445 0.4372
11.0702 0.4446 0.4375
11.0875 0.4448 0.4378
11.1049 0.4449 0.4379
11.1222 0.4449 0.4379
11.1396 0.4449 0.4379
11.1569 0.4449 0.4378
11.1743 0.4447 0.4376
11.1916 0.4445 0.4374
11.2090 0.4441 0.4371
11.2263 0.4436 0.4368
11.2437 0.4429 0.4366
11.2610 0.4420 0.4363
11.2784 0.4409 0.4360
11.2957 0.4396 0.4357
11.3131 0.4381 0.4354
11.3304 0.4364 0.4352
11.3478 0.4345 0.4351
11.3651 0.4324 0.4350
11.3825 0.4301 0.4349
11.3998 0.4276 0.4349
11.4172 0.4251 0.4350
11.4345 0.4225 0.4352
11.4519 0.4199 0.4354
11.4692 0.4174 0.4357
11.4866 0.4149 0.4361
11.5039 0.4125 0.4365
11.5213 0.4103 0.4370
11.5386 0.4082 0.4375
11.5560 0.4063 0.4380
11.5733 0.4047 0.4385
11.5907 0.4032 0.4389
11.6080 0.4020 0.4393
11.6254 0.4010 0.4396
11.6428 0.4002 0.4399
11.6601 0.3996 0.4400
11.6775 0.3992 0.4400
11.6948 0.3990 0.4399
11.7122 0.3989 0.4396
11.7295 0.3990 0.4392
11.7469 0.3991 0.4386
11.7642 0.3994 0.4379
11.7816 0.3997 0.4371
11.7989 0.4001 0.4362
11.8163 0.4006 0.4351
11.8336 0.4012 0.4340
11.8510 0.4017 0.4328
11.8683 0.4024 0.4315
11.8857 0.4031 0.4302
11.9030 0.4039 0.4290
11.9204 0.4047 0.4277
11.9377 0.4056 0.4265
11.9551 0.4065 0.4254
11.9724 0.4075 0.4244
11.9898 0.4086 0.4235
12.0071 0.4097 0.4227
12.0245 0.4109 0.4220
12.0418 0.4121 0.4215
12.0592 0.4134 0.4211
12.0765 0.4147 0.4209
12.0939 0.4159 0.4208
12.1112 0.4172 0.4209
12.1286 0.4184 0.4211
12.1459 0.4196 0.4214
12.1633 0.4208 0.4219
12.1806 0.4219 0.4224
12.1980 0.4229 0.4231
12.2153 0.4238 0.4239
12.2327 0.4247 0.4247
12.2500 0.4254 0.4256
12.2674 0.4261 0.4266
12.2847 0.4266 0.4276
12.3021 0.4270 0.4286
12.3195 0.4274 0.4297
12.3368 0.4276 0.4307
12.3542 0.4278 0.4316
12.3715 0.4279 0.4325
12.3889 0.4280 0.4334
12.4062 0.4280 0.4341
12.4236 0.4280 0.4348
12.4409 0.4280 0.4353
12.4583 0.4280 0.4356
12.4756 0.4280 0.4359
12.4930 0.4279 0.4360
12.5103 0.4278 0.4359
12.5277 0.4278 0.4358
12.5450 0.4277 0.4355
12.5624 0.4275 0.4351
12.5797 0.4274 0.4347
12.5971 0.4271 0.4341
12.6144 0.4268 0.4336
12.6318 0.4265 0.4330
12.6491 0.4261 0.4324
12.6665 0.4256 0.4318
12.6838 0.4250 0.4312
12.7012 0.4243 0.4306
12.7185 0.4236 0.4301
12.7359 0.4229 0.4296
12.7532 0.4221 0.4291
12.7706 0.4213 0.4286
12.7879 0.4205 0.4281
12.8053 0.4196 0.4275
12.8226 0.4188 0.4269
12.8400 0.4179 0.4263
12.8573 0.4171 0.4256
12.8747 0.4163 0.4248
12.8920 0.4155 0.4238
12.9094 0.4147 0.4228
12.9267 0.4138 0.4216
12.9441 0.4130 0.4202
12.9615 0.4120 0.4187
12.9788 0.4111 0.4171
12.9962 0.4100 0.4153
13.0135 0.4089 0.4133
13.0309 0.4078 0.4112
13.0482 0.4065 0.4090
13.0656 0.4051 0.4066
13.0829 0.4037 0.4042
13.1003 0.4022 0.4016
13.1176 0.4006 0.3990
13.1350 0.3990 0.3963
13.1523 0.3973 0.3936
13.1697 0.3955 0.3908
13.1870 0.3938 0.3881
13.2044 0.3921 0.3853
13.2217 0.3903 0.3826
13.2391 0.3886 0.3800
13.2564 0.3868 0.3773
13.2738 0.3851 0.3748
13.2911 0.3834 0.3722
13.3085 0.3818 0.3698
13.3258 0.3801 0.3674
13.3432 0.3784 0.3650
13.3605 0.3768 0.3627
13.3779 0.3751 0.3605
13.3952 0.3734 0.3583
13.4126 0.3717 0.3560
13.4299 0.3699 0.3539
13.4473 0.3681 0.3517
13.4646 0.3663 0.3495
13.4820 0.3645 0.3473
13.4993 0.3627 0.3450
13.5167 0.3608 0.3428
13.5340 0.3590 0.3405
13.5514 0.3572 0.3381
13.5687 0.3554 0.3357
13.5861 0.3536 0.3333
13.6035 0.3519 0.3308
13.6208 0.3502 0.3283
13.6382 0.3486 0.3258
13.6555 0.3470 0.3232
13.6729 0.3455 0.3206
13.6902 0.3440 0.3180
13.7076 0.3426 0.3154
13.7249 0.3412 0.3128
13.7423 0.3398 0.3102
13.7596 0.3385 0.3076
13.7770 0.3372 0.3051
13.7943 0.3359 0.3025
13.8117 0.3346 0.3001
13.8290 0.3332 0.2976
13.8464 0.3319 0.2952
13.8637 0.3305 0.2928
13.8811 0.3290 0.2905
13.8984 0.3276 0.2882
13.9158 0.3260 0.2860
13.9331 0.3244 0.2837
13.9505 0.3226 0.2815
13.9678 0.3208 0.2793
13.9852 0.3189 0.2772
14.0025 0.3169 0.2750
14.0199 0.3148 0.2729
14.0372 0.3125 0.2707
14.0546 0.3101 0.2686
14.0719 0.3077 0.2665
14.0893 0.3051 0.2644
14.1066 0.3024 0.2624
14.1240 0.2996 0.2604
14.1413 0.2967 0.2584
14.1587 0.2937 0.2565
14.1760 0.2907 0.2546
14.1934 0.2877 0.2528
14.2107 0.2845 0.2510
14.2281 0.2814 0.2493
14.2455 0.2783 0.2477
14.2628 0.2751 0.2461
14.2802 0.2720 0.2446
14.2975 0.2688 0.2431
14.3149 0.2657 0.2418
14.3322 0.2626 0.2404
14.3496 0.2595 0.2391
14.3669 0.2565 0.2378
14.3843 0.2535 0.2366
14.4016 0.2505 0.2354
14.4190 0.2476 0.2342
14.4363 0.2446 0.2330
14.4537 0.2418 0.2318
14.4710 0.2389 0.2306
14.4884 0.2361 0.2294
14.5057 0.2334 0.2282
14.5231 0.2306 0.2270
14.5404 0.2280 0.2257
14.5578 0.2254 0.2245
14.5751 0.2228 0.2232
14.5925 0.2203 0.2219
14.6098 0.2179 0.2206
14.6272 0.2155 0.2193
14.6445 0.2133 0.2179
14.6619 0.2111 0.2165
14.6792 0.2090 0.2152
14.6966 0.2071 0.2137
14.7139 0.2052 0.2123
14.7313 0.2034 0.2108
14.7486 0.2017 0.2094
14.7660 0.2001 0.2078
14.7833 0.1986 0.2063
14.8007 0.1971 0.2047
14.8180 0.1958 0.2031
14.8354 0.1944 0.2015
14.8527 0.1932 0.1998
14.8701 0.1919 0.1981
14.8875 0.1907 0.1964
14.9048 0.1895 0.1947
14.9222 0.1883 0.1930
14.9395 0.1871 0.1913
14.9569 0.1860 0.1896
14.9742 0.1848 0.1879
14.9916 0.1836 0.1862
15.0089 0.1825 0.1846
15.0263 0.1813 0.1829
15.0436 0.1802 0.1813
15.0610 0.1790 0.1798
15.0783 0.1779 0.1782
15.0957 0.1767 0.1767
15.1130 0.1756 0.1751
15.1304 0.1744 0.1736
15.1477 0.1732 0.1721
15.1651 0.1720 0.1706
15.1824 0.1708 0.1691
15.1998 0.1696 0.1676
15.2171 0.1683 0.1660
15.2345 0.1670 0.1645
15.2518 0.1657 0.1630
15.2692 0.1643 0.1614
15.2865 0.1629 0.1598
15.3039 0.1615 0.1582
15.3212 0.1600 0.1567
15.3386 0.1586 0.1551
15.3559 0.1570 0.1534
15.3733 0.1555 0.1518
15.3906 0.1539 0.1502
15.4080 0.1524 0.1486
15.4253 0.1508 0.1469
15.4427 0.1491 0.1453
15.4600 0.1475 0.1437
15.4774 0.1459 0.1420
15.4947 0.1442 0.1404
15.5121 0.1426 0.1387
15.5295 0.1409 0.1371
15.5468 0.1393 0.1354
15.5642 0.1376 0.1338
15.5815 0.1359 0.1321
15.5989 0.1343 0.1305
15.6162 0.1326 0.1289
15.6336 0.1309 0.1273
15.6509 0.1292 0.1258
15.6683 0.1276 0.1242
15.6856 0.1259 0.1227
15.7030 0.1243 0.1213
15.7203 0.1227 0.1198
15.7377 0.1211 0.1184
15.7550 0.1195 0.1171
15.7724 0.1179 0.1158
15.7897 0.1163 0.1145
15.8071 0.1148 0.1133
15.8244 0.1133 0.1122
15.8418 0.1118 0.1110
15.8591 0.1103 0.1099
15.8765 0.1088 0.1089
15.8938 0.1074 0.1079
15.9112 0.1059 0.1068
15.9285 0.1045 0.1058
15.9459 0.1031 0.1048
15.9632 0.1018 0.1038
15.9806 0.1004 0.1029
15.9979 0.0991 0.1019
16.0153 0.0978 0.1008
16.0326 0.0965 0.0998
16.0500 0.0952 0.0988
16.0673 0.0939 0.0977
16.0847 0.0927 0.0967
16.1020 0.0915 0.0956
16.1194 0.0903 0.0945
16.1367 0.0891 0.0934
16.1541 0.0879 0.0923
16.1715 0.0868 0.0912
16.1888 0.0857 0.0901
16.2062 0.0846 0.0890
16.2235 0.0835 0.0879
16.2409 0.0825 0.0867
16.2582 0.0815 0.0856
16.2756 0.0805 0.0845
16.2929 0.0795 0.0834
16.3103 0.0786 0.0824
16.3276 0.0777 0.0813
16.3450 0.0768 0.0802
16.3623 0.0759 0.0792
16.3797 0.0750 0.0781
16.3970 0.0742 0.0771
16.4144 0.0734 0.0760
16.4317 0.0726 0.0750
16.4491 0.0718 0.0740
16.4664 0.0711 0.0731
16.4838 0.0703 0.0721
16.5011 0.0696 0.0712
16.5185 0.0689 0.0702
16.5358 0.0682 0.0693
16.5532 0.0675 0.0684
16.5705 0.0668 0.0676
16.5879 0.0662 0.0667
16.6052 0.0655 0.0659
16.6226 0.0648 0.0651
16.6399 0.0641 0.0643
16.6573 0.0634 0.0635
16.6746 0.0627 0.0627
16.6920 0.0620 0.0619
16.7093 0.0613 0.0612
16.7267 0.0606 0.0604
16.7440 0.0599 0.0596
16.7614 0.0591 0.0589
16.7787 0.0584 0.0582
16.7961 0.0576 0.0574
16.8134 0.0569 0.0567
16.8308 0.0561 0.0559
16.8482 0.0553 0.0552
16.8655 0.0546 0.0545
16.8829 0.0538 0.0538
16.9002 0.0530 0.0531
16.9176 0.0522 0.0523
16.9349 0.0514 0.0516
16.9523 0.0506 0.0509
16.9696 0.0499 0.0503
16.9870 0.0491 0.0496
17.0043 0.0484 0.0489
17.0217 0.0476 0.0482
17.0390 0.0469 0.0476
17.0564 0.0462 0.0469
17.0737 0.0455 0.0463
17.0911 0.0448 0.0456
17.1084 0.0442 0.0450
17.1258 0.0435 0.0443
17.1431 0.0429 0.0437
17.1605 0.0423 0.0431
17.1778 0.0418 0.0425
17.1952 0.0412 0.0419
17.2125 0.0407 0.0413
17.2299 0.0401 0.0407
17.2472 0.0396 0.0401
17.2646 0.0391 0.0396
17.2819 0.0386 0.0390
17.2993 0.0381 0.0385
17.3166 0.0376 0.0379
17.3340 0.0371 0.0374
17.3513 0.0367 0.0369
17.3687 0.0362 0.0364
17.3860 0.0357 0.0359
17.4034 0.0352 0.0355
17.4207 0.0347 0.0350
17.4381 0.0343 0.0345
17.4554 0.0338 0.0341
17.4728 0.0333 0.0337
17.4902 0.0329 0.0333
17.5075 0.0324 0.0329
17.5249 0.0320 0.0325
17.5422 0.0315 0.0321
17.5596 0.0311 0.0317
17.5769 0.0307 0.0314
17.5943 0.0303 0.0310
17.6116 0.0299 0.0307
17.6290 0.0295 0.0303
17.6463 0.0291 0.0300
17.6637 0.0287 0.0297
17.6810 0.0284 0.0293
17.6984 0.0281 0.0290
17.7157 0.0277 0.0287
17.7331 0.0274 0.0284
17.7504 0.0271 0.0281
17.7678 0.0268 0.0278
17.7851 0.0264 0.0274
17.8025 0.0261 0.0271
17.8198 0.0258 0.0268
17.8372 0.0255 0.0265
17.8545 0.0252 0.0261
17.8719 0.0249 0.0258
17.8892 0.0246 0.0255
17.9066 0.0243 0.0251
17.9239 0.0240 0.0248
17.9413 0.0237 0.0245
17.9586 0.0234 0.0241
17.9760 0.0231 0.0238
17.9933 0.0228 0.0235
18.0107 0.0225 0.0232
18.0280 0.0223 0.0229
18.0454 0.0220 0.0226
18.0627 0.0217 0.0223
18.0801 0.0215 0.0220
18.0974 0.0212 0.0218
18.1148 0.0210 0.0215
18.1322 0.0207 0.0212
18.1495 0.0205 0.0210
18.1669 0.0203 0.0207
18.1842 0.0201 0.0205
18.2016 0.0198 0.0203
18.2189 0.0196 0.0200
18.2363 0.0194 0.0198
18.2536 0.0192 0.0196
18.2710 0.0190 0.0194
18.2883 0.0188 0.0192
18.3057 0.0186 0.0190
18.3230 0.0184 0.0188
18.3404 0.0182 0.0186
18.3577 0.0180 0.0184
18.3751 0.0178 0.0183
18.3924 0.0176 0.0181
18.4098 0.0174 0.0179
18.4271 0.0171 0.0177
18.4445 0.0169 0.0176
18.4618 0.0167 0.0174
18.4792 0.0165 0.0172
18.4965 0.0162 0.0170
18.5139 0.0160 0.0169
18.5312 0.0158 0.0167
18.5486 0.0156 0.0165
18.5659 0.0153 0.0163
18.5833 0.0151 0.0161
18.6006 0.0149 0.0159
18.6180 0.0147 0.0157
18.6353 0.0145 0.0155
18.6527 0.0143 0.0153
18.6700 0.0141 0.0150
18.6874 0.0139 0.0148
18.7047 0.0137 0.0146
18.7221 0.0136 0.0144
18.7394 0.0134 0.0142
18.7568 0.0132 0.0140
18.7742 0.0130 0.0137
18.7915 0.0129 0.0135
18.8089 0.0127 0.0133
18.8262 0.0126 0.0131
18.8436 0.0124 0.0129
18.8609 0.0123 0.0128
18.8783 0.0121 0.0126
18.8956 0.0120 0.0124
18.9130 0.0119 0.0122
18.9303 0.0117 0.0120
18.9477 0.0116 0.0119
18.9650 0.0115 0.0117
18.9824 0.0113 0.0116
18.9997 0.0112 0.0114
19.0171 0.0111 0.0113
19.0344 0.0110 0.0111
19.0518 0.0109 0.0110
19.0691 0.0108 0.0109
19.0865 0.0107 0.0107
19.1038 0.0106 0.0106
19.1212 0.0105 0.0105
19.1385 0.0104 0.0103
19.1559 0.0104 0.0102
19.1732 0.0103 0.0101
19.1906 0.0102 0.0100
19.2079 0.0101 0.0098
19.2253 0.0101 0.0097
19.2426 0.0100 0.0096
19.2600 0.0099 0.0095
19.2773 0.0098 0.0094
19.2947 0.0098 0.0093
19.3120 0.0097 0.0092
19.3294 0.0096 0.0091
19.3467 0.0096 0.0090
19.3641 0.0095 0.0089
19.3814 0.0094 0.0089
19.3988 0.0094 0.0088
19.4162 0.0093 0.0087
19.4335 0.0092 0.0086
19.4509 0.0091 0.0085
19.4682 0.0090 0.0085
19.4856 0.0090 0.0084
19.5029 0.0089 0.0083
19.5203 0.0088 0.0083
19.5376 0.0087 0.0082
19.5550 0.0086 0.0081
19.5723 0.0085 0.0081
19.5897 0.0084 0.0080
19.6070 0.0084 0.0080
19.6244 0.0083 0.0079
19.6417 0.0082 0.0078
19.6591 0.0081 0.0078
19.6764 0.0080 0.0077
19.6938 0.0080 0.0077
19.7111 0.0079 0.0076
19.7285 0.0078 0.0076
19.7458 0.0077 0.0075
19.7632 0.0077 0.0074
19.7805 0.0076 0.0074
19.7979 0.0075 0.0073
19.8152 0.0074 0.0073
19.8326 0.0074 0.0072
19.8499 0.0073 0.0071
19.8673 0.0072 0.0071
19.8846 0.0071 0.0070
19.9020 0.0071 0.0070
19.9193 0.0070 0.0069
19.9367 0.0069 0.0068
19.9540 0.0068 0.0068
19.9714 0.0067 0.0067
19.9887 0.0067 0.0067
20.0061 0.0066 0.0066
20.0234 0.0065 0.0065
20.0408 0.0064 0.0065
20.0582 0.0064 0.0064
20.0755 0.0063 0.0064
20.0929 0.0062 0.0063
20.1102 0.0062 0.0062
20.1276 0.0061 0.0062
20.1449 0.0060 0.0061
20.1623 0.0060 0.0061
20.1796 0.0059 0.0060
20.1970 0.0059 0.0060
20.2143 0.0058 0.0059
20.2317 0.0057 0.0059
20.2490 0.0057 0.0058
20.2664 0.0056 0.0058
20.2837 0.0056 0.0057
20.3011 0.0055 0.0057
20.3184 0.0055 0.0056
20.3358 0.0054 0.0056
20.3531 0.0054 0.0055
20.3705 0.0053 0.0055
20.3878 0.0052 0.0054
20.4052 0.0052 0.0054
20.4225 0.0051 0.0053
20.4399 0.0050 0.0053
20.4572 0.0050 0.0053
20.4746 0.0049 0.0052
20.4919 0.0049 0.0052
20.5093 0.0048 0.0051
20.5266 0.0047 0.0051
20.5440 0.0047 0.0051
20.5613 0.0046 0.0050
20.5787 0.0045 0.0050
20.5960 0.0045 0.0050
20.6134 0.0044 0.0049
20.6307 0.0044 0.0049
20.6481 0.0043 0.0049
20.6654 0.0043 0.0048
20.6828 0.0042 0.0048
20.7002 0.0042 0.0048
20.7175 0.0042 0.0048
20.7349 0.0041 0.0047
20.7522 0.0041 0.0047
20.7696 0.0040 0.0047
20.7869 0.0040 0.0046
20.8043 0.0040 0.0046
20.8216 0.0039 0.0045
20.8390 0.0039 0.0045
20.8563 0.0039 0.0045
20.8737 0.0039 0.0044
20.8910 0.0038 0.0044
20.9084 0.0038 0.0043
20.9257 0.0038 0.0043
20.9431 0.0037 0.0042
20.9604 0.0037 0.0042
20.9778 0.0037 0.0041
20.9951 0.0036 0.0041
21.0125 0.0036 0.0040
21.0298 0.0036 0.0040
21.0472 0.0036 0.0039
21.0645 0.0035 0.0039
21.0819 0.0035 0.0039
21.0992 0.0035 0.0038
21.1166 0.0034 0.0038
21.1339 0.0034 0.0037
21.1513 0.0034 0.0037
21.1686 0.0034 0.0037
21.1860 0.0033 0.0036
21.2033 0.0033 0.0036
21.2207 0.0033 0.0036
21.2380 0.0032 0.0035
21.2554 0.0032 0.0035
21.2727 0.0032 0.0035
21.2901 0.0032 0.0035
21.3074 0.0031 0.0034
21.3248 0.0031 0.0034
21.3422 0.0031 0.0034
21.3595 0.0031 0.0034
21.3769 0.0031 0.0033
21.3942 0.0030 0.0033
21.4116 0.0030 0.0033
21.4289 0.0030 0.0033
21.4463 0.0030 0.0032
21.4636 0.0030 0.0032
21.4810 0.0030 0.0032
21.4983 0.0029 0.0032
21.5157 0.0029 0.0031
21.5330 0.0029 0.0031
21.5504 0.0029 0.0031
21.5677 0.0029 0.0031
21.5851 0.0029 0.0031
21.6024 0.0029 0.0030
21.6198 0.0029 0.0030
21.6371 0.0029 0.0030
21.6545 0.0029 0.0030
21.6718 0.0029 0.0030
21.6892 0.0028 0.0029
21.7065 0.0028 0.0029
21.7239 0.0028 0.0029
21.7412 0.0028 0.0029
21.7586 0.0028 0.0029
21.7759 0.0028 0.0029
21.7933 0.0028 0.0028
21.8106 0.0028 0.0028
21.8280 0.0028 0.0028
21.8453 0.0027 0.0028
21.8627 0.0027 0.0028
21.8800 0.0027 0.0028
21.8974 0.0027 0.0027
21.9147 0.0027 0.0027
21.9321 0.0027 0.0027
21.9494 0.0026 0.0027
21.9668 0.0026 0.0027
21.9841 0.0026 0.0027
22.0015 0.0026 0.0027
22.0189 0.0026 0.0027
22.0362 0.0026 0.0026
22.0536 0.0026 0.0026
22.0709 0.0025 0.0026
22.0883 0.0025 0.0026
22.1056 0.0025 0.0026
22.1230 0.0025 0.0026
22.1403 0.0025 0.0025
22.1577 0.0025 0.0025
22.1750 0.0025 0.0025
22.1924 0.0025 0.0025
22.2097 0.0025 0.0025
22.2271 0.0025 0.0025
22.2444 0.0025 0.0024
22.2618 0.0025 0.0024
22.2791 0.0024 0.0024
22.2965 0.0024 0.0024
22.3138 0.0024 0.0024
22.3312 0.0024 0.0024
22.3485 0.0024 0.0024
22.3659 0.0024 0.0023
22.3832 0.0024 0.0023
22.4006 0.0024 0.0023
22.4179 0.0024 0.0023
22.4353 0.0024 0.0023
22.4526 0.0024 0.0023
22.4700 0.0023 0.0023
22.4873 0.0023 0.0022
22.5047 0.0023 0.0022
22.5220 0.0023 0.0022
22.5394 0.0023 0.0022
22.5567 0.0023 0.0022
22.5741 0.0023 0.0022
22.5914 0.0023 0.0022
22.6088 0.0023 0.0022
22.6261 0.0023 0.0021
22.6435 0.0023 0.0021
22.6609 0.0023 0.0021
22.6782 0.0022 0.0021
22.6956 0.0022 0.0021
22.7129 0.0022 0.0021
22.7303 0.0022 0.0021
22.7476 0.0022 0.0021
22.7650 0.0022 0.0021
22.7823 0.0022 0.0020
22.7997 0.0022 0.0020
22.8170 0.0022 0.0020
22.8344 0.0022 0.0020
22.8517 0.0022 0.0020
22.8691 0.0022 0.0020
22.8864 0.0022 0.0020
22.9038 0.0021 0.0020
22.9211 0.0021 0.0020
22.9385 0.0021 0.0020
22.9558 0.0021 0.0020
22.9732 0.0021 0.0020
22.9905 0.0021 0.0020
23.0079 0.0021 0.0020
23.0252 0.0021 0.0020
23.0426 0.0021 0.0020
23.0599 0.0021 0.0020
23.0773 0.0021 0.0020
23.0946 0.0020 0.0020
23.1120 0.0020 0.0019
23.1293 0.0020 0.0019
23.1467 0.0020 0.0019
23.1640 0.0020 0.0020
23.1814 0.0020 0.0020
23.1987 0.0020 0.0020
23.2161 0.0020 0.0020
23.2334 0.0020 0.0020
23.2508 0.0020 0.0020
23.2681 0.0020 0.0020
23.2855 0.0019 0.0020
23.3029 0.0019 0.0020
23.3202 0.0019 0.0020
23.3376 0.0019 0.0020
23.3549 0.0019 0.0020
23.3723 0.0019 0.0020
23.3896 0.0019 0.0020
23.4070 0.0019 0.0020
23.4243 0.0019 0.0020
23.4417 0.0019 0.0020
23.4590 0.0019 0.0020
23.4764 0.0019 0.0020
23.4937 0.0019 0.0020
23.5111 0.0019 0.0020
23.5284 0.0019 0.0020
23.5458 0.0019 0.0020
23.5631 0.0019 0.0020
23.5805 0.0019 0.0020
23.5978 0.0019 0.0020
23.6152 0.0018 0.0020
23.6325 0.0018 0.0020
23.6499 0.0018 0.0019
23.6672 0.0018 0.0019
23.6846 0.0018 0.0019
23.7019 0.0018 0.0019
23.7193 0.0018 0.0019
23.7366 0.0018 0.0019
23.7540 0.0018 0.0019
23.7713 0.0018 0.0019
23.7887 0.0018 0.0018
23.8060 0.0018 0.0018
23.8234 0.0018 0.0018
23.8407 0.0018 0.0018
23.8581 0.0018 0.0018
23.8754 0.0018 0.0018
23.8928 0.0017 0.0018
23.9101 0.0017 0.0017
23.9275 0.0017 0.0017
23.9449 0.0017 0.0017
23.9622 0.0017 0.0017
23.9796 0.0017 0.0017
23.9969 0.0017 0.0017
24.0143 0.0017 0.0016
24.0316 0.0017 0.0016
24.0490 0.0017 0.0016
24.0663 0.0017 0.0016
24.0837 0.0016 0.0016
24.1010 0.0016 0.0016
24.1184 0.0016 0.0015
24.1357 0.0016 0.0015
24.1531 0.0016 0.0015
24.1704 0.0016 0.0015
24.1878 0.0016 0.0015
24.2051 0.0015 0.0015
24.2225 0.0015 0.0015
24.2398 0.0015 0.0015
24.2572 0.0015 0.0014
24.2745 0.0015 0.0014
24.2919 0.0015 0.0014
24.3092 0.0015 0.0014
24.3266 0.0015 0.0014
24.3439 0.0014 0.0014
24.3613 0.0014 0.0014
24.3786 0.0014 0.0014
24.3960 0.0014 0.0013
24.4133 0.0014 0.0013
24.4307 0.0014 0.0013
24.4480 0.0014 0.0013
24.4654 0.0014 0.0013
24.4827 0.0014 0.0013
24.5001 0.0013 0.0013
24.5174 0.0013 0.0013
24.5348 0.0013 0.0012
24.5521 0.0013 0.0012
24.5695 0.0013 0.0012
24.5869 0.0013 0.0012
24.6042 0.0013 0.0012
24.6216 0.0012 0.0012
24.6389 0.0012 0.0012
24.6563 0.0012 0.0012
24.6736 0.0012 0.0012
24.6910 0.0012 0.0011
24.7083 0.0012 0.0011
24.7257 0.0012 0.0011
24.7430 0.0011 0.0011
24.7604 0.0011 0.0011
24.7777 0.0011 0.0011
24.7951 0.0011 0.0011
24.8124 0.0011 0.0011
24.8298 0.0011 0.0011
24.8471 0.0011 0.0011
24.8645 0.0010 0.0011
24.8818 0.0010 0.0010
24.8992 0.0010 0.0010
24.9165 0.0010 0.0010
24.9339 0.0010 0.0010
24.9512 0.0010 0.0010
24.9686 0.0010 0.0010
24.9859 0.0010 0.0010
25.0033 0.0010 0.0010
25.0206 0.0009 0.0010
25.0380 0.0009 0.0010
25.0553 0.0009 0.0009
25.0727 0.0009 0.0009
25.0900 0.0009 0.0009
25.1074 0.0009 0.0009
25.1247 0.0009 0.0009
25.1421 0.0009 0.0009
25.1594 0.0009 0.0009
25.1768 0.0009 0.0009
25.1941 0.0009 0.0009
25.2115 0.0009 0.0009
25.2289 0.0009 0.0009
25.2462 0.0009 0.0009
25.2636 0.0009 0.0009
25.2809 0.0009 0.0009
25.2983 0.0009 0.0008
25.3156 0.0009 0.0008
25.3330 0.0009 0.0008
25.3503 0.0009 0.0008
25.3677 0.0008 0.0008
25.3850 0.0008 0.0008
25.4024 0.0008 0.0008
25.4197 0.0008 0.0008
25.4371 0.0008 0.0008
25.4544 0.0008 0.0008
25.4718 0.0008 0.0008
25.4891 0.0008 0.0008
25.5065 0.0008 0.0008
25.5238 0.0008 0.0008
25.5412 0.0008 0.0008
25.5585 0.0008 0.0008
25.5759 0.0008 0.0008
25.5932 0.0008 0.0008
25.6106 0.0008 0.0007
25.6279 0.0008 0.0007
25.6453 0.0008 0.0007
25.6626 0.0008 0.0007
25.6800 0.0008 0.0007
25.6973 0.0008 0.0007
25.7147 0.0008 0.0007
25.7320 0.0007 0.0007
25.7494 0.0007 0.0007
25.7667 0.0007 0.0007
25.7841 0.0007 0.0007
25.8014 0.0007 0.0007
25.8188 0.0007 0.0007
25.8361 0.0007 0.0007
25.8535 0.0007 0.0007
25.8709 0.0007 0.0007
25.8882 0.0007 0.0007
25.9056 0.0007 0.0007
25.9229 0.0007 0.0007
25.9403 0.0007 0.0007
25.9576 0.0007 0.0007
25.9750 0.0006 0.0007
25.9923 0.0006 0.0007
26.0097 0.0006 0.0006
26.0270 0.0006 0.0006
26.0444 0.0006 0.0006
26.0617 0.0006 0.0006
26.0791 0.0006 0.0006
26.0964 0.0006 0.0006
26.1138 0.0006 0.0006
26.1311 0.0006 0.0006
26.1485 0.0006 0.0006
26.1658 0.0006 0.0006
26.1832 0.0005 0.0006
26.2005 0.0005 0.0006
26.2179 0.0005 0.0006
26.2352 0.0005 0.0006
26.2526 0.0005 0.0006
26.2699 0.0005 0.0006
26.2873 0.0005 0.0005
26.3046 0.0005 0.0005
26.3220 0.0005 0.0005
26.3393 0.0005 0.0005
26.3567 0.0005 0.0005
26.3740 0.0005 0.0005
26.3914 0.0005 0.0005
26.4087 0.0005 0.0005
26.4261 0.0005 0.0005
26.4434 0.0005 0.0005
26.4608 0.0005 0.0005
26.4781 0.0005 0.0005
26.4955 0.0005 0.0005
26.5128 0.0005 0.0005
26.5302 0.0005 0.0005
26.5476 0.0005 0.0005
26.5649 0.0004 0.0005
26.5823 0.0004 0.0005
26.5996 0.0004 0.0004
26.6170 0.0004 0.0004
26.6343 0.0004 0.0004
26.6517 0.0004 0.0004
26.6690 0.0004 0.0004
26.6864 0.0004 0.0004
26.7037 0.0004 0.0004
26.7211 0.0004 0.0004
26.7384 0.0004 0.0004
26.7558 0.0004 0.0004
26.7731 0.0004 0.0004
26.7905 0.0004 0.0004
26.8078 0.0004 0.0004
26.8252 0.0004 0.0004
26.8425 0.0004 0.0004
26.8599 0.0004 0.0004
26.8772 0.0004 0.0004
26.8946 0.0003 0.0004
26.9119 0.0003 0.0004
26.9293 0.0003 0.0003
26.9466 0.0003 0.0003
26.9640 0.0003 0.0003
26.9813 0.0003 0.0003
26.9987 0.0003 0.0003
27.0160 0.0003 0.0003
27.0334 0.0003 0.0003
27.0507 0.0003 0.0003
27.0681 0.0003 0.0003
27.0854 0.0003 0.0003
27.1028 0.0003 0.0003
27.1201 0.0003 0.0003
27.1375 0.0003 0.0003
27.1548 0.0003 0.0003
27.1722 0.0003 0.0003
27.1896 0.0003 0.0003
27.2069 0.0003 0.0003
27.2243 0.0003 0.0003
27.2416 0.0003 0.0003
27.2590 0.0003 0.0003
27.2763 0.0002 0.0003
27.2937 0.0002 0.0003
27.3110 0.0002 0.0003
27.3284 0.0002 0.0003
27.3457 0.0002 0.0003
27.3631 0.0002 0.0003
27.3804 0.0002 0.0003
27.3978 0.0002 0.0003
27.4151 0.0002 0.0003
27.4325 0.0002 0.0002
27.4498 0.0002 0.0002
27.4672 0.0002 0.0002
27.4845 0.0002 0.0002
27.5019 0.0002 0.0002
27.5192 0.0002 0.0002
27.5366 0.0002 0.0002
27.5539 0.0002 0.0002
27.5713 0.0002 0.0002
27.5886 0.0002 0.0002
27.6060 0.0002 0.0002
27.6233 0.0002 0.0002
27.6407 0.0002 0.0002
27.6580 0.0002 0.0002
27.6754 0.0002 0.0002
27.6927 0.0002 0.0002
27.7101 0.0002 0.0002
27.7274 0.0002 0.0002
27.7448 0.0002 0.0002
27.7621 0.0002 0.0002
27.7795 0.0002 0.0002
27.7968 0.0002 0.0002
27.8142 0.0002 0.0002
27.8316 0.0002 0.0002
27.8489 0.0002 0.0002
27.8663 0.0002 0.0002
27.8836 0.0002 0.0002
27.9010 0.0002 0.0002
27.9183 0.0002 0.0002
27.9357 0.0002 0.0002
27.9530 0.0002 0.0002
27.9704 0.0001 0.0002
27.9877 0.0001 0.0002
28.0051 0.0001 0.0002
28.0224 0.0001 0.0002
28.0398 0.0001 0.0002
28.0571 0.0001 0.0002
28.0745 0.0001 0.0002
28.0918 0.0001 0.0002
28.1092 0.0001 0.0002
28.1265 0.0001 0.0002
28.1439 0.0001 0.0002
28.1612 0.0001 0.0002
28.1786 0.0001 0.0002
28.1959 0.0001 0.0001
28.2133 0.0001 0.0001
28.2306 0.0001 0.0001
28.2480 0.0001 0.0001
28.2653 0.0001 0.0001
28.2827 0.0001 0.0001
28.3000 0.0001 0.0001
28.3174 0.0001 0.0001
28.3347 0.0001 0.0001
28.3521 0.0001 0.0001
28.3694 0.0001 0.0001
28.3868 0.0001 0.0001
28.4041 0.0001 0.0001
28.4215 0.0001 0.0001
28.4388 0.0001 0.0001
28.4562 0.0001 0.0001
28.4736 0.0001 0.0001
28.4909 0.0001 0.0001
28.5083 0.0001 0.0001
28.5256 0.0001 0.0001
28.5430 0.0001 0.0001
28.5603 0.0001 0.0001
28.5777 0.0001 0.0001
28.5950 0.0001 0.0001
28.6124 0.0001 0.0001
28.6297 0.0001 0.0001
28.6471 0.0001 0.0001
28.6644 0.0001 0.0001
28.6818 0.0001 0.0001
28.6991 0.0001 0.0001
28.7165 0.0001 0.0001
28.7338 0.0001 0.0001
28.7512 0.0001 0.0001
28.7685 0.0001 0.0001
28.7859 0.0001 0.0001
28.8032 0.0001 0.0001
28.8206 0.0001 0.0001
28.8379 0.0001 0.0001
28.8553 0.0001 0.0001
28.8726 0.0001 0.0001
28.8900 0.0001 0.0001
28.9073 0.0001 0.0001
28.9247 0.0001 0.0001
28.9420 0.0001 0.0001
28.9594 0.0001 0.0001
28.9767 0.0001 0.0001
28.9941 0.0001 0.0001
29.0114 0.0001 0.0001
29.0288 0.0001 0.0001
29.0461 0.0001 0.0001
29.0635 0.0001 0.0001
29.0808 0.0001 0.0001
29.0982 0.0001 0.0001
29.1156 0.0001 0.0001
29.1329 0.0001 0.0001
29.1503 0.0001 0.0001
29.1676 0.0001 0.0001
29.1850 0.0001 0.0001
29.2023 0.0001 0.0001
29.2197 0.0001 0.0001
29.2370 0.0001 0.0001
29.2544 0.0001 0.0001
29.2717 0.0001 0.0001
29.2891 0.0001 0.0001
29.3064 0.0001 0.0001
29.3238 0.0001 0.0001
29.3411 0.0001 0.0001
29.3585 0.0001 0.0001
29.3758 0.0001 0.0001
29.3932 0.0001 0.0001
29.4105 0.0001 0.0001
29.4279 0.0001 0.0001
29.4452 0.0001 0.0001
29.4626 0.0001 0.0001
29.4799 0.0001 0.0001
29.4973 0.0001 0.0001
29.5146 0.0001 0.0001
29.5320 0.0001 0.0001
29.5493 0.0001 0.0001
29.5667 0.0001 0.0001
29.5840 0.0001 0.0001
29.6014 0.0001 0.0001
29.6187 0.0001 0.0001
29.6361 0.0001 0.0001
29.6534 0.0001 0.0001
29.6708 0.0001 0.0001
29.6881 0.0001 0.0001
29.7055 0.0001 0.0001
29.7228 0.0001 0.0001
29.7402 0.0001 0.0001
29.7576 0.0001 0.0001
29.7749 0.0001 0.0001
29.7923 0.0001 0.0001
29.8096 0.0001 0.0001
29.8270 0.0001 0.0001
29.8443 0.0001 0.0001
29.8617 0.0001 0.0001
29.8790 0.0001 0.0001
29.8964 0.0001 0.0001
29.9137 0.0001 0.0001
29.9311 0.0001 0.0001
29.9484 0.0001 0.0001
29.9658 0.0001 0.0001
29.9831 0.0001 0.0001
30.0005 0.0001 0.0001
30.0178 0.0001 0.0001
30.0352 0.0001 0.0001
30.0525 0.0001 0.0001
30.0699 0.0001 0.0001
30.0872 0.0001 0.0001
30.1046 0.0001 0.0001
30.1219 0.0001 0.0001
30.1393 0.0001 0.0001
30.1566 0.0001 0.0001
30.1740 0.0001 0.0001
30.1913 0.0001 0.0001
30.2087 0.0001 0.0001
30.2260 0.0001 0.0001
30.2434 0.0001 0.0001
30.2607 0.0001 0.0001
30.2781 0.0001 0.0001
30.2954 0.0001 0.0001
30.3128 0.0001 0.0000
30.3301 0.0001 0.0000
30.3475 0.0000 0.0000
30.3648 0.0000 0.0000
30.3822 0.0000 0.0000
30.3996 0.0000 0.0000
30.4169 0.0000 0.0000
30.4343 0.0000 0.0000
30.4516 0.0000 0.0000
30.4690 0.0000 0.0000
30.4863 0.0000 0.0000
30.5037 0.0000 0.0000
30.5210 0.0000 0.0000
30.5384 0.0000 0.0000
30.5557 0.0000 0.0000
30.5731 0.0000 0.0000
30.5904 0.0000 0.0000
30.6078 0.0000 0.0000
30.6251 0.0000 0.0000
30.6425 0.0000 0.0000
30.6598 0.0000 0.0000
30.6772 0.0000 0.0000
30.6945 0.0000 0.0000
30.7119 0.0000 0.0000
30.7292 0.0000 0.0000
30.7466 0.0000 0.0000
30.7639 0.0000 0.0000
30.7813 0.0000 0.0000
30.7986 0.0000 0.0000
30.8160 0.0000 0.0000
30.8333 0.0000 0.0000
30.8507 0.0000 0.0000
30.8680 0.0000 0.0000
30.8854 0.0000 0.0000
30.9027 0.0000 0.0000
30.9201 0.0000 0.0000
30.9374 0.0000 0.0000
30.9548 0.0000 0.0000
30.9721 0.0000 0.0000
30.9895 0.0000 0.0000
31.0068 0.0000 0.0000
31.0242 0.0000 0.0000
31.0415 0.0000 0.0000
31.0589 0.0000 0.0000
31.0763 0.0000 0.0000
31.0936 0.0000 0.0000
31.1110 0.0000 0.0000
31.1283 0.0000 0.0000
31.1457 0.0000 0.0000
31.1630 0.0000 0.0000
31.1804 0.0000 0.0000
31.1977 0.0000 0.0000
31.2151 0.0000 0.0000
31.2324 0.0000 0.0000
31.2498 0.0000 0.0000
31.2671 0.0000 0.0000
31.2845 0.0000 0.0000
31.3018 0.0000 0.0000
31.3192 0.0000 0.0000
31.3365 0.0000 0.0000
31.3539 0.0000 0.0000
31.3712 0.0000 0.0000
31.3886 0.0000 0.0000
31.4059 0.0000 0.0000
31.4233 0.0000 0.0000
31.4406 0.0000 0.0000
31.4580 0.0000 0.0000
31.4753 0.0000 0.0000
31.4927 0.0000 0.0000
31.5100 0.0000 0.0000
31.5274 0.0000 0.0000
31.5447 0.0000 0.0000
31.5621 0.0000 0.0000
31.5794 0.0000 0.0000
31.5968 0.0000 0.0000
31.6141 0.0000 0.0000
31.6315 0.0000 0.0000
31.6488 0.0000 0.0000
31.6662 0.0000 0.0000
31.6835 0.0000 0.0000
31.7009 0.0000 0.0000
31.7183 0.0000 0.0000
31.7356 0.0000 0.0000
31.7530 0.0000 0.0000
31.7703 0.0000 0.0000
31.7877 0.0000 0.0000
31.8050 0.0000 0.0000
31.8224 0.0000 0.0000
31.8397 0.0000 0.0000
31.8571 0.0000 0.0000
31.8744 0.0000 0.0000
31.8918 0.0000 0.0000
31.9091 0.0000 0.0000
31.9265 0.0000 0.0000
31.9438 0.0000 0.0000
31.9612 0.0000 0.0000
31.9785 0.0000 0.0000
31.9959 0.0000 0.0000
32.0132 0.0000 0.0000
32.0306 0.0000 0.0000
32.0479 0.0000 0.0000
32.0653 0.0000 0.0000
32.0826 0.0000 0.0000
32.1000 0.0000 0.0000
32.1173 0.0000 0.0000
32.1347 0.0000 0.0000
32.1520 0.0000 0.0000
32.1694 0.0000 0.0000
32.1867 0.0000 0.0000
32.2041 0.0000 0.0000
32.2214 0.0000 0.0000
32.2388 0.0000 0.0000
32.2561 0.0000 0.0000
32.2735 0.0000 0.0000
32.2908 0.0000 0.0000
32.3082 0.0000 0.0000
32.3255 0.0000 0.0000
32.3429 0.0000 0.0000
32.3603 0.0000 0.0000
32.3776 0.0000 0.0000
32.3950 0.0000 0.0000
32.4123 0.0000 0.0000
32.4297 0.0000 0.0000
32.4470 0.0000 0.0000
32.4644 0.0000 0.0000
32.4817 0.0000 0.0000
32.4991 0.0000 0.0000
32.5164 0.0000 0.0000
32.5338 0.0000 0.0000
32.5511 0.0000 0.0000
32.5685 0.0000 0.0000
32.5858 0.0000 0.0000
32.6032 0.0000 0.0000
32.6205 0.0000 0.0000
32.6379 0.0000 0.0000
32.6552 0.0000 0.0000
32.6726 0.0000 0.0000
32.6899 0.0000 0.0000
32.7073 0.0000 0.0000
32.7246 0.0000 0.0000
32.7420 0.0000 0.0000
32.7593 0.0000 0.0000
32.7767 0.0000 0.0000
32.7940 0.0000 0.0000
32.8114 0.0000 0.0000
32.8287 0.0000 0.0000
32.8461 0.0000 0.0000
32.8634 0.0000 0.0000
32.8808 0.0000 0.0000
32.8981 0.0000 0.0000
32.9155 0.0000 0.0000
32.9328 0.0000 0.0000
32.9502 0.0000 0.0000
32.9675 0.0000 0.0000
32.9849 0.0000 0.0000
33.0023 0.0000 0.0000
33.0196 0.0000 0.0000
33.0370 0.0000 0.0000
33.0543 0.0000 0.0000
33.0717 0.0000 0.0000
33.0890 0.0000 0.0000
33.1064 0.0000 0.0000
33.1237 0.0000 0.0000
33.1411 0.0000 0.0000
33.1584 0.0000 0.0000
33.1758 0.0000 0.0000
33.1931 0.0000 0.0000
33.2105 0.0000 0.0000
33.2278 0.0000 0.0000
33.2452 0.0000 0.0000
33.2625 0.0000 0.0000
33.2799 0.0000 0.0000
33.2972 0.0000 0.0000
33.3146 0.0000 0.0000
33.3319 0.0000 0.0000
33.3493 0.0000 0.0000
33.3666 0.0000 0.0000
33.3840 0.0000 0.0000
33.4013 0.0000 0.0000
33.4187 0.0000 0.0000
33.4360 0.0000 0.0000
33.4534 0.0000 0.0000
33.4707 0.0000 0.0000
33.4881 0.0000 0.0000
33.5054 0.0000 0.0000
33.5228 0.0000 0.0000
33.5401 0.0000 0.0000
33.5575 0.0000 0.0000
33.5748 0.0000 0.0000
33.5922 0.0000 0.0000
33.6095 0.0000 0.0000
33.6269 0.0000 0.0000
33.6443 0.0000 0.0000
33.6616 0.0000 0.0000
33.6790 0.0000 0.0000
33.6963 0.0000 0.0000
33.7137 0.0000 0.0000
33.7310 0.0000 0.0000
33.7484 0.0000 0.0000
33.7657 0.0000 0.0000
33.7831 0.0000 0.0000
33.8004 0.0000 0.0000
33.8178 0.0000 0.0000
33.8351 0.0000 0.0000
33.8525 0.0000 0.0000
33.8698 0.0000 0.0000
33.8872 0.0000 0.0000
33.9045 0.0000 0.0000
33.9219 0.0000 0.0000
33.9392 0.0000 0.0000
33.9566 0.0000 0.0000
33.9739 0.0000 0.0000
33.9913 0.0000 0.0000
34.0086 0.0000 0.0000
34.0260 0.0000 0.0000
34.0433 0.0000 0.0000
34.0607 0.0000 0.0000
34.0780 0.0000 0.0000
34.0954 0.0000 0.0000
34.1127 0.0000 0.0000
34.1301 0.0000 0.0000
34.1474 0.0000 0.0000
34.1648 0.0000 0.0000
34.1821 0.0000 0.0000
34.1995 0.0000 0.0000
34.2168 0.0000 0.0000
34.2342 0.0000 0.0000
34.2515 0.0000 0.0000
34.2689 0.0000 0.0000
34.2863 0.0000 0.0000
34.3036 0.0000 0.0000
34.3210 0.0000 0.0000
34.3383 0.0000 0.0000
34.3557 0.0000 0.0000
34.3730 0.0000 0.0000
34.3904 0.0000 0.0000
34.4077 0.0000 0.0000
34.4251 0.0000 0.0000
34.4424 0.0000 0.0000
34.4598 0.0000 0.0000
34.4771 0.0000 0.0000
34.4945 0.0000 0.0000
34.5118 0.0000 0.0000
34.5292 0.0000 0.0000
34.5465 0.0000 0.0000
34.5639 0.0000 0.0000
34.5812 0.0000 0.0000
34.5986 0.0000 0.0000
34.6159 0.0000 0.0000
34.6333 0.0000 0.0000
34.6506 0.0000 0.0000
34.6680 0.0000 0.0000
34.6853 0.0000 0.0000
