0.0000 0.0000 0.0000
0.0177 1.6078 1.7699
0.0355 3.1836 3.5018
0.0532 4.6970 5.1591
0.0710 6.1201 6.7090
0.0887 7.4287 8.1229
0.1064 8.6032 9.3784
0.1242 9.6290 10.4593
0.1419 10.4971 11.3562
0.1596 11.2038 12.0662
0.1774 11.7504 12.5928
0.1951 12.1427 12.9446
0.2129 12.3904 13.1349
0.2306 12.5061 13.1803
0.2483 12.5045 13.0994
0.2661 12.4019 12.9123
0.2838 12.2149 12.6389
0.3016 11.9599 12.2986
0.3193 11.6527 11.9095
0.3370 11.3080 11.4877
0.3548 10.9388 11.0474
0.3725 10.5565 10.6004
0.3903 10.1707 10.1562
0.4080 9.7891 9.7223
0.4257 9.4178 9.3042
0.4435 9.0611 8.9056
0.4612 8.7220 8.5289
0.4789 8.4020 8.1751
0.4967 8.1017 7.8444
0.5144 7.8209 7.5363
0.5322 7.5587 7.2498
0.5499 7.3137 6.9837
0.5676 7.0845 6.7364
0.5854 6.8692 6.5066
0.6031 6.6664 6.2929
0.6209 6.4745 6.0940
0.6386 6.2922 5.9089
0.6563 6.1183 5.7368
0.6741 5.9522 5.5770
0.6918 5.7932 5.4292
0.7095 5.6409 5.2931
0.7273 5.4951 5.1685
0.7450 5.3558 5.0556
0.7628 5.2230 4.9543
0.7805 5.0968 4.8647
0.7982 4.9773 4.7867
0.8160 4.8647 4.7203
0.8337 4.7590 4.6651
0.8515 4.6603 4.6207
0.8692 4.5683 4.5864
0.8869 4.4831 4.5612
0.9047 4.4043 4.5440
0.9224 4.3316 4.5335
0.9401 4.2646 4.5282
0.9579 4.2028 4.5265
0.9756 4.1456 4.5266
0.9934 4.0924 4.5269
1.0111 4.0426 4.5255
1.0288 3.9955 4.5211
1.0466 3.9504 4.5121
1.0643 3.9066 4.4973
1.0821 3.8635 4.4759
1.0998 3.8205 4.4470
1.1175 3.7768 4.4105
1.1353 3.7321 4.3661
1.1530 3.6857 4.3141
1.1708 3.6374 4.2549
1.1885 3.5868 4.1892
1.2062 3.5337 4.1177
1.2240 3.4779 4.0413
1.2417 3.4195 3.9612
1.2594 3.3584 3.8781
1.2772 3.2948 3.7932
1.2949 3.2290 3.7074
1.3127 3.1612 3.6214
1.3304 3.0918 3.5361
1.3481 3.0213 3.4520
1.3659 2.9500 3.3697
1.3836 2.8784 3.2895
1.4014 2.8070 3.2117
1.4191 2.7363 3.1366
1.4368 2.6668 3.0643
1.4546 2.5988 2.9949
1.4723 2.5328 2.9284
1.4900 2.4691 2.8647
1.5078 2.4079 2.8038
1.5255 2.3496 2.7457
1.5433 2.2944 2.6902
1.5610 2.2422 2.6374
1.5787 2.1934 2.5871
1.5965 2.1478 2.5392
1.6142 2.1056 2.4937
1.6320 2.0666 2.4506
1.6497 2.0309 2.4098
1.6674 1.9983 2.3714
1.6852 1.9688 2.3353
1.7029 1.9423 2.3015
1.7206 1.9186 2.2701
1.7384 1.8977 2.2412
1.7561 1.8794 2.2148
1.7739 1.8636 2.1910
1.7916 1.8502 2.1697
1.8093 1.8389 2.1509
1.8271 1.8298 2.1347
1.8448 1.8225 2.1209
1.8626 1.8170 2.1094
1.8803 1.8130 2.1001
1.8980 1.8105 2.0926
1.9158 1.8092 2.0868
1.9335 1.8090 2.0822
1.9513 1.8097 2.0788
1.9690 1.8111 2.0760
1.9867 1.8131 2.0736
2.0045 1.8154 2.0712
2.0222 1.8180 2.0688
2.0399 1.8206 2.0659
2.0577 1.8231 2.0624
2.0754 1.8255 2.0581
2.0932 1.8276 2.0531
2.1109 1.8293 2.0471
2.1286 1.8307 2.0403
2.1464 1.8316 2.0326
2.1641 1.8321 2.0240
2.1819 1.8322 2.0146
2.1996 1.8319 2.0044
2.2173 1.8313 1.9935
2.2351 1.8305 1.9820
2.2528 1.8295 1.9699
2.2705 1.8284 1.9571
2.2883 1.8272 1.9438
2.3060 1.8261 1.9300
2.3238 1.8249 1.9157
2.3415 1.8238 1.9008
2.3592 1.8227 1.8856
2.3770 1.8216 1.8699
2.3947 1.8204 1.8538
2.4125 1.8191 1.8375
2.4302 1.8176 1.8210
2.4479 1.8158 1.8044
2.4657 1.8135 1.7878
2.4834 1.8108 1.7714
2.5011 1.8074 1.7552
2.5189 1.8034 1.7393
2.5366 1.7986 1.7238
2.5544 1.7931 1.7089
2.5721 1.7868 1.6945
2.5898 1.7798 1.6806
2.6076 1.7721 1.6673
2.6253 1.7637 1.6546
2.6431 1.7548 1.6423
2.6608 1.7453 1.6304
2.6785 1.7354 1.6188
2.6963 1.7251 1.6073
2.7140 1.7145 1.5959
2.7318 1.7037 1.5843
2.7495 1.6926 1.5725
2.7672 1.6812 1.5602
2.7850 1.6697 1.5475
2.8027 1.6579 1.5342
2.8204 1.6460 1.5201
2.8382 1.6337 1.5054
2.8559 1.6213 1.4899
2.8737 1.6086 1.4737
2.8914 1.5957 1.4568
2.9091 1.5826 1.4393
2.9269 1.5692 1.4212
2.9446 1.5557 1.4028
2.9624 1.5421 1.3840
2.9801 1.5284 1.3652
2.9978 1.5146 1.3464
3.0156 1.5008 1.3278
3.0333 1.4870 1.3096
3.0510 1.4732 1.2919
3.0688 1.4596 1.2750
3.0865 1.4460 1.2589
3.1043 1.4326 1.2439
3.1220 1.4192 1.2299
3.1397 1.4061 1.2172
3.1575 1.3931 1.2058
3.1752 1.3804 1.1957
3.1930 1.3679 1.1870
3.2107 1.3557 1.1795
3.2284 1.3438 1.1734
3.2462 1.3322 1.1684
3.2639 1.3210 1.1646
3.2816 1.3102 1.1617
3.2994 1.2998 1.1597
3.3171 1.2897 1.1584
3.3349 1.2800 1.1578
3.3526 1.2706 1.1576
3.3703 1.2614 1.1577
3.3881 1.2524 1.1580
3.4058 1.2434 1.1584
3.4236 1.2344 1.1588
3.4413 1.2253 1.1590
3.4590 1.2160 1.1590
3.4768 1.2064 1.1588
3.4945 1.1964 1.1582
3.5123 1.1861 1.1571
3.5300 1.1755 1.1556
3.5477 1.1644 1.1536
3.5655 1.1531 1.1510
3.5832 1.1416 1.1477
3.6009 1.1300 1.1439
3.6187 1.1185 1.1393
3.6364 1.1070 1.1341
3.6542 1.0958 1.1282
3.6719 1.0851 1.1217
3.6896 1.0748 1.1145
3.7074 1.0652 1.1067
3.7251 1.0564 1.0984
3.7429 1.0483 1.0897
3.7606 1.0411 1.0805
3.7783 1.0348 1.0711
3.7961 1.0294 1.0614
3.8138 1.0248 1.0515
3.8315 1.0211 1.0416
3.8493 1.0182 1.0317
3.8670 1.0160 1.0218
3.8848 1.0144 1.0120
3.9025 1.0134 1.0025
3.9202 1.0130 0.9931
3.9380 1.0130 0.9839
3.9557 1.0133 0.9749
3.9735 1.0138 0.9662
3.9912 1.0146 0.9577
4.0089 1.0154 0.9493
4.0267 1.0163 0.9411
4.0444 1.0171 0.9330
4.0622 1.0177 0.9250
4.0799 1.0181 0.9169
4.0976 1.0181 0.9088
4.1154 1.0177 0.9006
4.1331 1.0168 0.8922
4.1508 1.0153 0.8837
4.1686 1.0131 0.8749
4.1863 1.0101 0.8658
4.2041 1.0064 0.8565
4.2218 1.0019 0.8470
4.2395 0.9965 0.8372
4.2573 0.9903 0.8271
4.2750 0.9832 0.8169
4.2928 0.9754 0.8065
4.3105 0.9668 0.7961
4.3282 0.9575 0.7856
4.3460 0.9476 0.7752
4.3637 0.9372 0.7649
4.3814 0.9263 0.7547
4.3992 0.9150 0.7449
4.4169 0.9034 0.7353
4.4347 0.8915 0.7261
4.4524 0.8795 0.7173
4.4701 0.8673 0.7090
4.4879 0.8551 0.7011
4.5056 0.8429 0.6936
4.5234 0.8307 0.6866
4.5411 0.8185 0.6800
4.5588 0.8065 0.6739
4.5766 0.7948 0.6681
4.5943 0.7832 0.6627
4.6120 0.7720 0.6576
4.6298 0.7611 0.6528
4.6475 0.7506 0.6483
4.6653 0.7405 0.6439
4.6830 0.7310 0.6398
4.7007 0.7219 0.6358
4.7185 0.7135 0.6320
4.7362 0.7056 0.6282
4.7540 0.6982 0.6246
4.7717 0.6915 0.6210
4.7894 0.6852 0.6176
4.8072 0.6795 0.6141
4.8249 0.6743 0.6107
4.8427 0.6695 0.6072
4.8604 0.6651 0.6037
4.8781 0.6610 0.6001
4.8959 0.6572 0.5965
4.9136 0.6537 0.5927
4.9313 0.6504 0.5888
4.9491 0.6472 0.5847
4.9668 0.6442 0.5805
4.9846 0.6412 0.5760
5.0023 0.6383 0.5714
5.0200 0.6354 0.5667
5.0378 0.6324 0.5618
5.0555 0.6294 0.5568
5.0733 0.6262 0.5518
5.0910 0.6229 0.5467
5.1087 0.6195 0.5417
5.1265 0.6158 0.5367
5.1442 0.6119 0.5318
5.1619 0.6076 0.5271
5.1797 0.6031 0.5225
5.1974 0.5983 0.5181
5.2152 0.5932 0.5139
5.2329 0.5877 0.5099
5.2506 0.5819 0.5062
5.2684 0.5758 0.5026
5.2861 0.5695 0.4992
5.3039 0.5629 0.4959
5.3216 0.5561 0.4928
5.3393 0.5492 0.4897
5.3571 0.5422 0.4867
5.3748 0.5352 0.4837
5.3925 0.5282 0.4807
5.4103 0.5213 0.4776
5.4280 0.5145 0.4746
5.4458 0.5078 0.4715
5.4635 0.5014 0.4685
5.4812 0.4952 0.4654
5.4990 0.4893 0.4623
5.5167 0.4836 0.4592
5.5345 0.4783 0.4562
5.5522 0.4733 0.4533
5.5699 0.4686 0.4505
5.5877 0.4642 0.4477
5.6054 0.4602 0.4451
5.6232 0.4565 0.4426
5.6409 0.4531 0.4403
5.6586 0.4500 0.4381
5.6764 0.4472 0.4360
5.6941 0.4447 0.4341
5.7118 0.4424 0.4323
5.7296 0.4404 0.4306
5.7473 0.4386 0.4290
5.7651 0.4370 0.4276
5.7828 0.4356 0.4263
5.8005 0.4344 0.4251
5.8183 0.4333 0.4240
5.8360 0.4324 0.4230
5.8538 0.4315 0.4222
5.8715 0.4308 0.4214
5.8892 0.4302 0.4208
5.9070 0.4296 0.4202
5.9247 0.4291 0.4196
5.9424 0.4286 0.4191
5.9602 0.4281 0.4186
5.9779 0.4276 0.4181
5.9957 0.4271 0.4175
6.0134 0.4266 0.4168
6.0311 0.4261 0.4160
6.0489 0.4255 0.4151
6.0666 0.4249 0.4141
6.0844 0.4242 0.4129
6.1021 0.4236 0.4116
6.1198 0.4228 0.4101
6.1376 0.4220 0.4085
6.1553 0.4212 0.4067
6.1730 0.4204 0.4049
6.1908 0.4194 0.4029
6.2085 0.4185 0.4009
6.2263 0.4175 0.3988
6.2440 0.4165 0.3966
6.2617 0.4155 0.3944
6.2795 0.4144 0.3922
6.2972 0.4133 0.3900
6.3150 0.4121 0.3878
6.3327 0.4110 0.3856
6.3504 0.4098 0.3834
6.3682 0.4086 0.3812
6.3859 0.4074 0.3791
6.4037 0.4062 0.3770
6.4214 0.4050 0.3750
6.4391 0.4038 0.3731
6.4569 0.4025 0.3712
6.4746 0.4013 0.3695
6.4923 0.4001 0.3678
6.5101 0.3988 0.3663
6.5278 0.3976 0.3648
6.5456 0.3964 0.3635
6.5633 0.3951 0.3623
6.5810 0.3939 0.3612
6.5988 0.3927 0.3601
6.6165 0.3915 0.3592
6.6343 0.3903 0.3582
6.6520 0.3891 0.3573
6.6697 0.3879 0.3565
6.6875 0.3867 0.3556
6.7052 0.3854 0.3547
6.7229 0.3842 0.3537
6.7407 0.3829 0.3527
6.7584 0.3816 0.3517
6.7762 0.3802 0.3506
6.7939 0.3788 0.3495
6.8116 0.3772 0.3483
6.8294 0.3755 0.3470
6.8471 0.3737 0.3457
6.8649 0.3718 0.3444
6.8826 0.3697 0.3430
6.9003 0.3675 0.3416
6.9181 0.3651 0.3401
6.9358 0.3626 0.3386
6.9535 0.3600 0.3371
6.9713 0.3573 0.3356
6.9890 0.3546 0.3341
7.0068 0.3518 0.3325
7.0245 0.3489 0.3308
7.0422 0.3461 0.3292
7.0600 0.3434 0.3275
7.0777 0.3406 0.3258
7.0955 0.3380 0.3240
7.1132 0.3354 0.3222
7.1309 0.3329 0.3204
7.1487 0.3305 0.3185
7.1664 0.3282 0.3167
7.1842 0.3259 0.3148
7.2019 0.3237 0.3129
7.2196 0.3216 0.3109
7.2374 0.3195 0.3091
7.2551 0.3174 0.3072
7.2728 0.3154 0.3054
7.2906 0.3133 0.3036
7.3083 0.3112 0.3020
7.3261 0.3092 0.3004
7.3438 0.3071 0.2989
7.3615 0.3051 0.2975
7.3793 0.3030 0.2962
7.3970 0.3009 0.2950
7.4148 0.2989 0.2939
7.4325 0.2969 0.2930
7.4502 0.2949 0.2921
7.4680 0.2930 0.2914
7.4857 0.2911 0.2907
7.5034 0.2893 0.2900
7.5212 0.2875 0.2894
7.5389 0.2858 0.2889
7.5567 0.2841 0.2884
7.5744 0.2825 0.2878
7.5921 0.2809 0.2873
7.6099 0.2794 0.2868
7.6276 0.2779 0.2862
7.6454 0.2765 0.2856
7.6631 0.2751 0.2851
7.6808 0.2737 0.2844
7.6986 0.2724 0.2838
7.7163 0.2711 0.2831
7.7341 0.2699 0.2824
7.7518 0.2686 0.2817
7.7695 0.2675 0.2810
7.7873 0.2663 0.2802
7.8050 0.2652 0.2794
7.8227 0.2641 0.2786
7.8405 0.2630 0.2777
7.8582 0.2620 0.2768
7.8760 0.2610 0.2758
7.8937 0.2601 0.2748
7.9114 0.2592 0.2738
7.9292 0.2583 0.2727
7.9469 0.2575 0.2715
7.9647 0.2567 0.2703
7.9824 0.2559 0.2691
8.0001 0.2552 0.2678
8.0179 0.2546 0.2665
8.0356 0.2540 0.2652
8.0533 0.2534 0.2638
8.0711 0.2529 0.2625
8.0888 0.2524 0.2612
8.1066 0.2519 0.2599
8.1243 0.2515 0.2586
8.1420 0.2511 0.2573
8.1598 0.2508 0.2561
8.1775 0.2504 0.2549
8.1953 0.2501 0.2537
8.2130 0.2498 0.2525
8.2307 0.2495 0.2513
8.2485 0.2491 0.2501
8.2662 0.2488 0.2489
8.2839 0.2484 0.2477
8.3017 0.2480 0.2465
8.3194 0.2476 0.2453
8.3372 0.2472 0.2441
8.3549 0.2467 0.2429
8.3726 0.2462 0.2417
8.3904 0.2457 0.2404
8.4081 0.2451 0.2392
8.4259 0.2445 0.2380
8.4436 0.2439 0.2369
8.4613 0.2433 0.2357
8.4791 0.2426 0.2345
8.4968 0.2420 0.2334
8.5146 0.2413 0.2323
8.5323 0.2406 0.2313
8.5500 0.2400 0.2303
8.5678 0.2393 0.2293
8.5855 0.2387 0.2284
8.6032 0.2381 0.2275
8.6210 0.2375 0.2266
8.6387 0.2370 0.2258
8.6565 0.2365 0.2251
8.6742 0.2361 0.2243
8.6919 0.2357 0.2236
8.7097 0.2353 0.2230
8.7274 0.2350 0.2224
8.7452 0.2347 0.2218
8.7629 0.2345 0.2213
8.7806 0.2342 0.2209
8.7984 0.2340 0.2204
8.8161 0.2337 0.2201
8.8338 0.2335 0.2197
8.8516 0.2332 0.2194
8.8693 0.2329 0.2192
8.8871 0.2326 0.2190
8.9048 0.2322 0.2188
8.9225 0.2318 0.2187
8.9403 0.2313 0.2186
8.9580 0.2309 0.2185
8.9758 0.2303 0.2184
8.9935 0.2298 0.2184
9.0112 0.2292 0.2183
9.0290 0.2286 0.2183
9.0467 0.2279 0.2182
9.0644 0.2273 0.2182
9.0822 0.2267 0.2181
9.0999 0.2260 0.2180
9.1177 0.2254 0.2179
9.1354 0.2248 0.2177
9.1531 0.2242 0.2175
9.1709 0.2237 0.2173
9.1886 0.2231 0.2171
9.2064 0.2226 0.2169
9.2241 0.2221 0.2166
9.2418 0.2216 0.2164
9.2596 0.2211 0.2162
9.2773 0.2207 0.2160
9.2951 0.2203 0.2158
9.3128 0.2199 0.2156
9.3305 0.2195 0.2154
9.3483 0.2192 0.2153
9.3660 0.2188 0.2152
9.3837 0.2185 0.2150
9.4015 0.2181 0.2149
9.4192 0.2178 0.2148
9.4370 0.2175 0.2147
9.4547 0.2172 0.2145
9.4724 0.2169 0.2144
9.4902 0.2165 0.2142
9.5079 0.2162 0.2140
9.5257 0.2158 0.2137
9.5434 0.2154 0.2135
9.5611 0.2149 0.2132
9.5789 0.2144 0.2129
9.5966 0.2139 0.2126
9.6143 0.2133 0.2123
9.6321 0.2127 0.2119
9.6498 0.2120 0.2116
9.6676 0.2113 0.2113
9.6853 0.2105 0.2109
9.7030 0.2097 0.2106
9.7208 0.2088 0.2103
9.7385 0.2079 0.2100
9.7563 0.2069 0.2097
9.7740 0.2059 0.2094
9.7917 0.2049 0.2090
9.8095 0.2038 0.2087
9.8272 0.2028 0.2084
9.8449 0.2017 0.2080
9.8627 0.2006 0.2076
9.8804 0.1996 0.2072
9.8982 0.1985 0.2068
9.9159 0.1975 0.2063
9.9336 0.1964 0.2058
9.9514 0.1954 0.2053
9.9691 0.1945 0.2047
9.9869 0.1935 0.2041
10.0046 0.1926 0.2035
10.0223 0.1917 0.2028
10.0401 0.1908 0.2021
10.0578 0.1900 0.2013
10.0756 0.1892 0.2005
10.0933 0.1884 0.1997
10.1110 0.1877 0.1988
10.1288 0.1870 0.1980
10.1465 0.1864 0.1971
10.1642 0.1858 0.1962
10.1820 0.1853 0.1953
10.1997 0.1848 0.1945
10.2175 0.1844 0.1937
10.2352 0.1841 0.1930
10.2529 0.1838 0.1923
10.2707 0.1836 0.1917
10.2884 0.1834 0.1912
10.3062 0.1833 0.1908
10.3239 0.1832 0.1904
10.3416 0.1832 0.1902
10.3594 0.1831 0.1900
10.3771 0.1831 0.1899
10.3948 0.1831 0.1898
10.4126 0.1831 0.1898
10.4303 0.1830 0.1898
10.4481 0.1830 0.1898
10.4658 0.1829 0.1897
10.4835 0.1827 0.1897
10.5013 0.1825 0.1896
10.5190 0.1822 0.1894
10.5368 0.1819 0.1892
10.5545 0.1815 0.1889
10.5722 0.1811 0.1885
10.5900 0.1806 0.1880
10.6077 0.1801 0.1875
10.6255 0.1795 0.1869
10.6432 0.1788 0.1863
10.6609 0.1781 0.1856
10.6787 0.1774 0.1849
10.6964 0.1767 0.1841
10.7141 0.1760 0.1833
10.7319 0.1752 0.1826
10.7496 0.1745 0.1818
10.7674 0.1738 0.1810
10.7851 0.1731 0.1802
10.8028 0.1724 0.1794
10.8206 0.1718 0.1786
10.8383 0.1712 0.1779
10.8561 0.1706 0.1771
10.8738 0.1701 0.1763
10.8915 0.1696 0.1754
10.9093 0.1692 0.1746
10.9270 0.1687 0.1738
10.9447 0.1683 0.1729
10.9625 0.1680 0.1720
10.9802 0.1676 0.1711
10.9980 0.1673 0.1702
11.0157 0.1670 0.1693
11.0334 0.1667 0.1683
11.0512 0.1664 0.1674
11.0689 0.1661 0.1665
11.0867 0.1658 0.1655
11.1044 0.1655 0.1647
11.1221 0.1652 0.1638
11.1399 0.1649 0.1629
11.1576 0.1646 0.1621
11.1753 0.1643 0.1614
11.1931 0.1640 0.1606
11.2108 0.1637 0.1599
11.2286 0.1634 0.1592
11.2463 0.1630 0.1586
11.2640 0.1626 0.1579
11.2818 0.1622 0.1573
11.2995 0.1618 0.1567
11.3173 0.1613 0.1561
11.3350 0.1608 0.1555
11.3527 0.1603 0.1548
11.3705 0.1597 0.1541
11.3882 0.1591 0.1534
11.4060 0.1585 0.1527
11.4237 0.1578 0.1519
11.4414 0.1571 0.1511
11.4592 0.1564 0.1503
11.4769 0.1556 0.1494
11.4946 0.1548 0.1485
11.5124 0.1540 0.1476
11.5301 0.1531 0.1466
11.5479 0.1523 0.1457
11.5656 0.1514 0.1447
11.5833 0.1505 0.1438
11.6011 0.1495 0.1429
11.6188 0.1485 0.1419
11.6366 0.1476 0.1410
11.6543 0.1466 0.1402
11.6720 0.1455 0.1393
11.6898 0.1445 0.1385
11.7075 0.1434 0.1378
11.7252 0.1424 0.1371
11.7430 0.1413 0.1364
11.7607 0.1402 0.1357
11.7785 0.1391 0.1351
11.7962 0.1380 0.1345
11.8139 0.1369 0.1340
11.8317 0.1357 0.1334
11.8494 0.1346 0.1329
11.8672 0.1335 0.1323
11.8849 0.1324 0.1318
11.9026 0.1313 0.1312
11.9204 0.1302 0.1306
11.9381 0.1291 0.1300
11.9558 0.1280 0.1293
11.9736 0.1269 0.1286
11.9913 0.1259 0.1279
12.0091 0.1249 0.1271
12.0268 0.1239 0.1263
12.0445 0.1230 0.1255
12.0623 0.1220 0.1246
12.0800 0.1211 0.1236
12.0978 0.1203 0.1227
12.1155 0.1195 0.1217
12.1332 0.1187 0.1207
12.1510 0.1180 0.1197
12.1687 0.1172 0.1187
12.1865 0.1166 0.1177
12.2042 0.1159 0.1168
12.2219 0.1153 0.1158
12.2397 0.1147 0.1149
12.2574 0.1142 0.1140
12.2751 0.1136 0.1131
12.2929 0.1131 0.1123
12.3106 0.1125 0.1116
12.3284 0.1120 0.1108
12.3461 0.1115 0.1102
12.3638 0.1110 0.1095
12.3816 0.1105 0.1089
12.3993 0.1100 0.1083
12.4171 0.1095 0.1078
12.4348 0.1089 0.1072
12.4525 0.1084 0.1067
12.4703 0.1079 0.1061
12.4880 0.1074 0.1056
12.5057 0.1068 0.1051
12.5235 0.1063 0.1045
12.5412 0.1057 0.1039
12.5590 0.1052 0.1034
12.5767 0.1046 0.1028
12.5944 0.1040 0.1022
12.6122 0.1034 0.1015
12.6299 0.1028 0.1009
12.6477 0.1022 0.1003
12.6654 0.1016 0.0997
12.6831 0.1010 0.0991
12.7009 0.1003 0.0985
12.7186 0.0997 0.0979
12.7363 0.0991 0.0974
12.7541 0.0984 0.0968
12.7718 0.0978 0.0963
12.7896 0.0972 0.0958
12.8073 0.0965 0.0954
12.8250 0.0959 0.0949
12.8428 0.0953 0.0945
12.8605 0.0947 0.0940
12.8783 0.0941 0.0936
12.8960 0.0935 0.0931
12.9137 0.0929 0.0927
12.9315 0.0924 0.0922
12.9492 0.0918 0.0917
12.9670 0.0913 0.0913
12.9847 0.0907 0.0907
13.0024 0.0902 0.0902
13.0202 0.0897 0.0897
13.0379 0.0891 0.0891
13.0556 0.0886 0.0885
13.0734 0.0881 0.0879
13.0911 0.0875 0.0873
13.1089 0.0870 0.0867
13.1266 0.0864 0.0861
13.1443 0.0859 0.0855
13.1621 0.0853 0.0849
13.1798 0.0847 0.0843
13.1976 0.0841 0.0838
13.2153 0.0835 0.0832
13.2330 0.0829 0.0827
13.2508 0.0823 0.0822
13.2685 0.0817 0.0817
13.2862 0.0810 0.0812
13.3040 0.0804 0.0807
13.3217 0.0798 0.0802
13.3395 0.0791 0.0798
13.3572 0.0785 0.0794
13.3749 0.0779 0.0789
13.3927 0.0773 0.0785
13.4104 0.0767 0.0781
13.4282 0.0761 0.0777
13.4459 0.0755 0.0773
13.4636 0.0749 0.0769
13.4814 0.0743 0.0764
13.4991 0.0738 0.0760
13.5168 0.0732 0.0756
13.5346 0.0727 0.0752
13.5523 0.0722 0.0747
13.5701 0.0717 0.0743
13.5878 0.0712 0.0738
13.6055 0.0707 0.0733
13.6233 0.0702 0.0728
13.6410 0.0697 0.0723
13.6588 0.0691 0.0718
13.6765 0.0686 0.0713
13.6942 0.0681 0.0708
13.7120 0.0676 0.0703
13.7297 0.0670 0.0697
13.7475 0.0665 0.0692
13.7652 0.0659 0.0687
13.7829 0.0654 0.0681
13.8007 0.0648 0.0676
13.8184 0.0642 0.0671
13.8361 0.0637 0.0666
13.8539 0.0631 0.0660
13.8716 0.0625 0.0656
13.8894 0.0619 0.0651
13.9071 0.0613 0.0646
13.9248 0.0608 0.0642
13.9426 0.0602 0.0637
13.9603 0.0596 0.0633
13.9781 0.0591 0.0629
13.9958 0.0585 0.0625
14.0135 0.0580 0.0622
14.0313 0.0575 0.0618
14.0490 0.0569 0.0615
14.0667 0.0564 0.0611
14.0845 0.0559 0.0608
14.1022 0.0554 0.0605
14.1200 0.0549 0.0601
14.1377 0.0545 0.0598
14.1554 0.0540 0.0595
14.1732 0.0535 0.0591
14.1909 0.0530 0.0588
14.2087 0.0526 0.0585
14.2264 0.0521 0.0581
14.2441 0.0516 0.0578
14.2619 0.0512 0.0574
14.2796 0.0507 0.0570
14.2974 0.0503 0.0567
14.3151 0.0498 0.0563
14.3328 0.0494 0.0559
14.3506 0.0490 0.0555
14.3683 0.0486 0.0551
14.3860 0.0482 0.0547
14.4038 0.0478 0.0543
14.4215 0.0474 0.0539
14.4393 0.0470 0.0535
14.4570 0.0467 0.0531
14.4747 0.0463 0.0527
14.4925 0.0460 0.0523
14.5102 0.0457 0.0519
14.5280 0.0453 0.0515
14.5457 0.0450 0.0510
14.5634 0.0448 0.0506
14.5812 0.0445 0.0502
14.5989 0.0442 0.0498
14.6166 0.0440 0.0494
14.6344 0.0437 0.0490
14.6521 0.0435 0.0486
14.6699 0.0433 0.0482
14.6876 0.0431 0.0478
14.7053 0.0429 0.0475
14.7231 0.0427 0.0471
14.7408 0.0425 0.0468
14.7586 0.0423 0.0464
14.7763 0.0421 0.0461
14.7940 0.0419 0.0457
14.8118 0.0417 0.0454
14.8295 0.0414 0.0450
14.8472 0.0412 0.0447
14.8650 0.0410 0.0444
14.8827 0.0407 0.0440
14.9005 0.0405 0.0437
14.9182 0.0402 0.0433
14.9359 0.0399 0.0430
14.9537 0.0397 0.0426
14.9714 0.0394 0.0422
14.9892 0.0391 0.0419
15.0069 0.0389 0.0415
15.0246 0.0386 0.0411
15.0424 0.0383 0.0407
15.0601 0.0380 0.0404
15.0779 0.0378 0.0400
15.0956 0.0375 0.0396
15.1133 0.0373 0.0392
15.1311 0.0371 0.0389
15.1488 0.0368 0.0385
15.1665 0.0366 0.0381
15.1843 0.0364 0.0378
15.2020 0.0362 0.0374
15.2198 0.0360 0.0371
15.2375 0.0358 0.0367
15.2552 0.0356 0.0364
15.2730 0.0354 0.0361
15.2907 0.0352 0.0358
15.3085 0.0350 0.0354
15.3262 0.0348 0.0351
15.3439 0.0346 0.0348
15.3617 0.0344 0.0345
15.3794 0.0342 0.0342
15.3971 0.0340 0.0339
15.4149 0.0337 0.0336
15.4326 0.0335 0.0333
15.4504 0.0333 0.0331
15.4681 0.0330 0.0328
15.4858 0.0328 0.0325
15.5036 0.0325 0.0322
15.5213 0.0322 0.0320
15.5391 0.0319 0.0317
15.5568 0.0317 0.0315
15.5745 0.0314 0.0312
15.5923 0.0311 0.0310
15.6100 0.0308 0.0308
15.6277 0.0305 0.0305
15.6455 0.0303 0.0303
15.6632 0.0300 0.0301
15.6810 0.0297 0.0299
15.6987 0.0294 0.0297
15.7164 0.0291 0.0295
15.7342 0.0289 0.0293
15.7519 0.0286 0.0291
15.7697 0.0283 0.0289
15.7874 0.0281 0.0287
15.8051 0.0278 0.0285
15.8229 0.0275 0.0283
15.8406 0.0273 0.0281
15.8584 0.0270 0.0279
15.8761 0.0268 0.0277
15.8938 0.0265 0.0275
15.9116 0.0263 0.0273
15.9293 0.0260 0.0271
15.9470 0.0258 0.0268
15.9648 0.0256 0.0266
15.9825 0.0253 0.0264
16.0003 0.0251 0.0262
16.0180 0.0249 0.0259
16.0357 0.0246 0.0257
16.0535 0.0244 0.0255
16.0712 0.0242 0.0253
16.0890 0.0239 0.0250
16.1067 0.0237 0.0248
16.1244 0.0235 0.0246
16.1422 0.0233 0.0243
16.1599 0.0230 0.0241
16.1776 0.0228 0.0239
16.1954 0.0226 0.0236
16.2131 0.0224 0.0234
16.2309 0.0222 0.0232
16.2486 0.0219 0.0230
16.2663 0.0217 0.0228
16.2841 0.0215 0.0226
16.3018 0.0213 0.0224
16.3196 0.0211 0.0221
16.3373 0.0209 0.0219
16.3550 0.0207 0.0217
16.3728 0.0205 0.0216
16.3905 0.0203 0.0214
16.4082 0.0201 0.0212
16.4260 0.0199 0.0210
16.4437 0.0197 0.0208
16.4615 0.0195 0.0206
16.4792 0.0193 0.0204
16.4969 0.0192 0.0202
16.5147 0.0190 0.0201
16.5324 0.0188 0.0199
16.5502 0.0186 0.0197
16.5679 0.0184 0.0195
16.5856 0.0183 0.0193
16.6034 0.0181 0.0191
16.6211 0.0179 0.0189
16.6389 0.0177 0.0188
16.6566 0.0176 0.0186
16.6743 0.0174 0.0184
16.6921 0.0172 0.0182
16.7098 0.0171 0.0180
16.7275 0.0169 0.0179
16.7453 0.0167 0.0177
16.7630 0.0166 0.0175
16.7808 0.0164 0.0174
16.7985 0.0163 0.0172
16.8162 0.0161 0.0170
16.8340 0.0160 0.0169
16.8517 0.0158 0.0167
16.8695 0.0157 0.0165
16.8872 0.0155 0.0164
16.9049 0.0154 0.0162
16.9227 0.0152 0.0160
16.9404 0.0151 0.0158
16.9581 0.0150 0.0157
16.9759 0.0148 0.0155
16.9936 0.0147 0.0153
17.0114 0.0146 0.0152
17.0291 0.0144 0.0150
17.0468 0.0143 0.0148
17.0646 0.0141 0.0147
17.0823 0.0140 0.0145
17.1001 0.0138 0.0144
17.1178 0.0137 0.0142
17.1355 0.0135 0.0141
17.1533 0.0134 0.0139
17.1710 0.0132 0.0138
17.1887 0.0131 0.0137
17.2065 0.0129 0.0135
17.2242 0.0128 0.0134
17.2420 0.0126 0.0133
17.2597 0.0125 0.0131
17.2774 0.0123 0.0130
17.2952 0.0121 0.0129
17.3129 0.0120 0.0128
17.3307 0.0118 0.0127
17.3484 0.0117 0.0125
17.3661 0.0115 0.0124
17.3839 0.0114 0.0123
17.4016 0.0113 0.0122
17.4194 0.0111 0.0120
17.4371 0.0110 0.0119
17.4548 0.0109 0.0118
17.4726 0.0107 0.0117
17.4903 0.0106 0.0115
17.5080 0.0105 0.0114
17.5258 0.0104 0.0113
17.5435 0.0103 0.0111
17.5613 0.0102 0.0110
17.5790 0.0101 0.0109
17.5967 0.0100 0.0107
17.6145 0.0099 0.0106
17.6322 0.0098 0.0105
17.6500 0.0097 0.0104
17.6677 0.0096 0.0103
17.6854 0.0095 0.0102
17.7032 0.0094 0.0101
17.7209 0.0093 0.0100
17.7386 0.0092 0.0099
17.7564 0.0091 0.0098
17.7741 0.0090 0.0097
17.7919 0.0089 0.0096
17.8096 0.0088 0.0095
17.8273 0.0087 0.0094
17.8451 0.0086 0.0093
17.8628 0.0085 0.0092
17.8806 0.0084 0.0091
17.8983 0.0083 0.0090
17.9160 0.0082 0.0090
17.9338 0.0081 0.0089
17.9515 0.0080 0.0088
17.9693 0.0080 0.0087
17.9870 0.0079 0.0086
18.0047 0.0078 0.0085
18.0225 0.0077 0.0084
18.0402 0.0076 0.0083
18.0579 0.0076 0.0082
18.0757 0.0075 0.0081
18.0934 0.0074 0.0080
18.1112 0.0074 0.0079
18.1289 0.0073 0.0078
18.1466 0.0072 0.0077
18.1644 0.0072 0.0077
18.1821 0.0071 0.0076
18.1999 0.0070 0.0075
18.2176 0.0070 0.0074
18.2353 0.0069 0.0073
18.2531 0.0069 0.0072
18.2708 0.0068 0.0072
18.2885 0.0068 0.0071
18.3063 0.0067 0.0070
18.3240 0.0067 0.0069
18.3418 0.0066 0.0069
18.3595 0.0066 0.0068
18.3772 0.0065 0.0067
18.3950 0.0065 0.0066
18.4127 0.0064 0.0066
18.4305 0.0063 0.0065
18.4482 0.0063 0.0064
18.4659 0.0062 0.0064
18.4837 0.0062 0.0063
18.5014 0.0061 0.0062
18.5191 0.0061 0.0062
18.5369 0.0060 0.0061
18.5546 0.0060 0.0061
18.5724 0.0059 0.0060
18.5901 0.0058 0.0060
18.6078 0.0058 0.0059
18.6256 0.0057 0.0059
18.6433 0.0057 0.0058
18.6611 0.0056 0.0058
18.6788 0.0056 0.0057
18.6965 0.0055 0.0057
18.7143 0.0055 0.0056
18.7320 0.0054 0.0056
18.7498 0.0053 0.0055
18.7675 0.0053 0.0055
18.7852 0.0052 0.0055
18.8030 0.0052 0.0054
18.8207 0.0051 0.0054
18.8384 0.0051 0.0053
18.8562 0.0050 0.0053
18.8739 0.0050 0.0053
18.8917 0.0049 0.0052
18.9094 0.0049 0.0052
18.9271 0.0048 0.0051
18.9449 0.0048 0.0051
18.9626 0.0047 0.0051
18.9804 0.0047 0.0050
18.9981 0.0046 0.0050
19.0158 0.0046 0.0049
19.0336 0.0045 0.0049
19.0513 0.0045 0.0048
19.0690 0.0045 0.0048
19.0868 0.0044 0.0048
19.1045 0.0044 0.0047
19.1223 0.0043 0.0047
19.1400 0.0043 0.0046
19.1577 0.0042 0.0046
19.1755 0.0042 0.0046
19.1932 0.0041 0.0045
19.2110 0.0041 0.0045
19.2287 0.0041 0.0045
19.2464 0.0040 0.0044
19.2642 0.0040 0.0044
19.2819 0.0040 0.0043
19.2996 0.0039 0.0043
19.3174 0.0039 0.0043
19.3351 0.0039 0.0042
19.3529 0.0038 0.0042
19.3706 0.0038 0.0042
19.3883 0.0038 0.0041
19.4061 0.0037 0.0041
19.4238 0.0037 0.0041
19.4416 0.0037 0.0040
19.4593 0.0036 0.0040
19.4770 0.0036 0.0039
19.4948 0.0036 0.0039
19.5125 0.0036 0.0039
19.5303 0.0035 0.0038
19.5480 0.0035 0.0038
19.5657 0.0035 0.0038
19.5835 0.0034 0.0037
19.6012 0.0034 0.0037
19.6189 0.0034 0.0037
19.6367 0.0034 0.0036
19.6544 0.0033 0.0036
19.6722 0.0033 0.0036
19.6899 0.0033 0.0035
19.7076 0.0033 0.0035
19.7254 0.0032 0.0035
19.7431 0.0032 0.0034
19.7609 0.0032 0.0034
19.7786 0.0032 0.0034
19.7963 0.0031 0.0033
19.8141 0.0031 0.0033
19.8318 0.0031 0.0033
19.8495 0.0031 0.0032
19.8673 0.0031 0.0032
19.8850 0.0030 0.0032
19.9028 0.0030 0.0031
19.9205 0.0030 0.0031
19.9382 0.0030 0.0031
19.9560 0.0029 0.0031
19.9737 0.0029 0.0030
19.9915 0.0029 0.0030
20.0092 0.0028 0.0030
20.0269 0.0028 0.0030
20.0447 0.0028 0.0030
20.0624 0.0028 0.0029
20.0801 0.0027 0.0029
20.0979 0.0027 0.0029
20.1156 0.0027 0.0029
20.1334 0.0027 0.0028
20.1511 0.0027 0.0028
20.1688 0.0026 0.0028
20.1866 0.0026 0.0028
20.2043 0.0026 0.0028
20.2221 0.0026 0.0028
20.2398 0.0026 0.0027
20.2575 0.0025 0.0027
20.2753 0.0025 0.0027
20.2930 0.0025 0.0027
20.3108 0.0025 0.0026
20.3285 0.0025 0.0026
20.3462 0.0025 0.0026
20.3640 0.0024 0.0026
20.3817 0.0024 0.0026
20.3994 0.0024 0.0025
20.4172 0.0024 0.0025
20.4349 0.0024 0.0025
20.4527 0.0024 0.0025
20.4704 0.0024 0.0025
20.4881 0.0023 0.0024
20.5059 0.0023 0.0024
20.5236 0.0023 0.0024
20.5414 0.0023 0.0024
20.5591 0.0023 0.0023
20.5768 0.0023 0.0023
20.5946 0.0022 0.0023
20.6123 0.0022 0.0023
20.6300 0.0022 0.0023
20.6478 0.0022 0.0022
20.6655 0.0022 0.0022
20.6833 0.0022 0.0022
20.7010 0.0021 0.0022
20.7187 0.0021 0.0022
20.7365 0.0021 0.0021
20.7542 0.0021 0.0021
20.7720 0.0021 0.0021
20.7897 0.0021 0.0021
20.8074 0.0020 0.0021
20.8252 0.0020 0.0021
20.8429 0.0020 0.0020
20.8606 0.0020 0.0020
20.8784 0.0020 0.0020
20.8961 0.0020 0.0020
20.9139 0.0020 0.0020
20.9316 0.0019 0.0020
20.9493 0.0019 0.0020
20.9671 0.0019 0.0020
20.9848 0.0019 0.0019
21.0026 0.0019 0.0019
21.0203 0.0019 0.0019
21.0380 0.0019 0.0019
21.0558 0.0019 0.0019
21.0735 0.0019 0.0019
21.0913 0.0018 0.0019
21.1090 0.0018 0.0019
21.1267 0.0018 0.0019
21.1445 0.0018 0.0019
21.1622 0.0018 0.0018
21.1799 0.0018 0.0018
21.1977 0.0018 0.0018
21.2154 0.0018 0.0018
21.2332 0.0018 0.0018
21.2509 0.0018 0.0018
21.2686 0.0018 0.0018
21.2864 0.0017 0.0018
21.3041 0.0017 0.0018
21.3219 0.0017 0.0018
21.3396 0.0017 0.0017
21.3573 0.0017 0.0017
21.3751 0.0017 0.0017
21.3928 0.0017 0.0017
21.4105 0.0017 0.0017
21.4283 0.0017 0.0017
21.4460 0.0017 0.0017
21.4638 0.0016 0.0017
21.4815 0.0016 0.0017
21.4992 0.0016 0.0016
21.5170 0.0016 0.0016
21.5347 0.0016 0.0016
21.5525 0.0016 0.0016
21.5702 0.0016 0.0016
21.5879 0.0016 0.0016
21.6057 0.0016 0.0016
21.6234 0.0016 0.0016
21.6412 0.0015 0.0016
21.6589 0.0015 0.0016
21.6766 0.0015 0.0015
21.6944 0.0015 0.0015
21.7121 0.0015 0.0015
21.7298 0.0015 0.0015
21.7476 0.0015 0.0015
21.7653 0.0015 0.0015
21.7831 0.0015 0.0015
21.8008 0.0015 0.0015
21.8185 0.0015 0.0015
21.8363 0.0015 0.0015
21.8540 0.0014 0.0015
21.8718 0.0014 0.0015
21.8895 0.0014 0.0015
21.9072 0.0014 0.0015
21.9250 0.0014 0.0015
21.9427 0.0014 0.0015
21.9604 0.0014 0.0014
21.9782 0.0014 0.0014
21.9959 0.0014 0.0014
22.0137 0.0014 0.0014
22.0314 0.0014 0.0014
22.0491 0.0014 0.0014
22.0669 0.0014 0.0014
22.0846 0.0014 0.0014
22.1024 0.0014 0.0014
22.1201 0.0014 0.0014
22.1378 0.0014 0.0014
22.1556 0.0014 0.0014
22.1733 0.0013 0.0014
22.1910 0.0013 0.0014
22.2088 0.0013 0.0014
22.2265 0.0013 0.0014
22.2443 0.0013 0.0014
22.2620 0.0013 0.0014
22.2797 0.0013 0.0013
22.2975 0.0013 0.0013
22.3152 0.0013 0.0013
22.3330 0.0013 0.0013
22.3507 0.0013 0.0013
22.3684 0.0013 0.0013
22.3862 0.0013 0.0013
22.4039 0.0013 0.0013
22.4217 0.0013 0.0013
22.4394 0.0013 0.0013
22.4571 0.0013 0.0013
22.4749 0.0013 0.0013
22.4926 0.0013 0.0013
22.5103 0.0013 0.0013
22.5281 0.0013 0.0013
22.5458 0.0013 0.0012
22.5636 0.0013 0.0012
22.5813 0.0013 0.0012
22.5990 0.0013 0.0012
22.6168 0.0013 0.0012
22.6345 0.0013 0.0012
22.6523 0.0013 0.0012
22.6700 0.0012 0.0012
22.6877 0.0012 0.0012
22.7055 0.0012 0.0012
22.7232 0.0012 0.0012
22.7409 0.0012 0.0012
22.7587 0.0012 0.0012
22.7764 0.0012 0.0012
22.7942 0.0012 0.0012
22.8119 0.0012 0.0012
22.8296 0.0012 0.0012
22.8474 0.0012 0.0012
22.8651 0.0012 0.0012
22.8829 0.0012 0.0012
22.9006 0.0012 0.0012
22.9183 0.0012 0.0012
22.9361 0.0012 0.0012
22.9538 0.0012 0.0012
22.9715 0.0012 0.0012
22.9893 0.0012 0.0012
23.0070 0.0012 0.0012
23.0248 0.0012 0.0012
23.0425 0.0012 0.0012
23.0602 0.0012 0.0012
23.0780 0.0012 0.0012
23.0957 0.0012 0.0012
23.1135 0.0012 0.0012
23.1312 0.0012 0.0012
23.1489 0.0012 0.0012
23.1667 0.0012 0.0012
23.1844 0.0012 0.0012
23.2022 0.0012 0.0012
23.2199 0.0012 0.0012
23.2376 0.0012 0.0012
23.2554 0.0012 0.0012
23.2731 0.0012 0.0012
23.2908 0.0012 0.0012
23.3086 0.0012 0.0012
23.3263 0.0012 0.0012
23.3441 0.0012 0.0012
23.3618 0.0012 0.0012
23.3795 0.0012 0.0012
23.3973 0.0012 0.0012
23.4150 0.0012 0.0011
23.4328 0.0012 0.0011
23.4505 0.0012 0.0011
23.4682 0.0012 0.0011
23.4860 0.0011 0.0011
23.5037 0.0011 0.0011
23.5214 0.0011 0.0011
23.5392 0.0011 0.0011
23.5569 0.0011 0.0011
23.5747 0.0011 0.0011
23.5924 0.0011 0.0011
23.6101 0.0011 0.0011
23.6279 0.0011 0.0011
23.6456 0.0011 0.0011
23.6634 0.0011 0.0011
23.6811 0.0011 0.0011
23.6988 0.0011 0.0011
23.7166 0.0011 0.0011
23.7343 0.0011 0.0011
23.7520 0.0011 0.0011
23.7698 0.0011 0.0011
23.7875 0.0011 0.0011
23.8053 0.0011 0.0011
23.8230 0.0011 0.0011
23.8407 0.0011 0.0011
23.8585 0.0011 0.0011
23.8762 0.0011 0.0011
23.8940 0.0010 0.0011
23.9117 0.0010 0.0010
23.9294 0.0010 0.0010
23.9472 0.0010 0.0010
23.9649 0.0010 0.0010
23.9827 0.0010 0.0010
24.0004 0.0010 0.0010
24.0181 0.0010 0.0010
24.0359 0.0010 0.0010
24.0536 0.0010 0.0010
24.0713 0.0010 0.0010
24.0891 0.0010 0.0010
24.1068 0.0010 0.0010
24.1246 0.0010 0.0010
24.1423 0.0010 0.0010
24.1600 0.0010 0.0010
24.1778 0.0010 0.0010
24.1955 0.0010 0.0010
24.2133 0.0010 0.0010
24.2310 0.0010 0.0010
24.2487 0.0010 0.0010
24.2665 0.0010 0.0009
24.2842 0.0010 0.0009
24.3019 0.0010 0.0009
24.3197 0.0010 0.0009
24.3374 0.0009 0.0009
24.3552 0.0009 0.0009
24.3729 0.0009 0.0009
24.3906 0.0009 0.0009
24.4084 0.0009 0.0009
24.4261 0.0009 0.0009
24.4439 0.0009 0.0009
24.4616 0.0009 0.0009
24.4793 0.0009 0.0009
24.4971 0.0009 0.0009
24.5148 0.0009 0.0009
24.5325 0.0009 0.0009
24.5503 0.0009 0.0009
24.5680 0.0009 0.0009
24.5858 0.0009 0.0009
24.6035 0.0009 0.0009
24.6212 0.0009 0.0009
24.6390 0.0009 0.0009
24.6567 0.0009 0.0009
24.6745 0.0009 0.0008
24.6922 0.0009 0.0008
24.7099 0.0009 0.0008
24.7277 0.0009 0.0008
24.7454 0.0009 0.0008
24.7632 0.0009 0.0008
24.7809 0.0009 0.0008
24.7986 0.0008 0.0008
24.8164 0.0008 0.0008
24.8341 0.0008 0.0008
24.8518 0.0008 0.0008
24.8696 0.0008 0.0008
24.8873 0.0008 0.0008
24.9051 0.0008 0.0008
24.9228 0.0008 0.0008
24.9405 0.0008 0.0008
24.9583 0.0008 0.0008
24.9760 0.0008 0.0008
24.9938 0.0008 0.0008
25.0115 0.0008 0.0008
25.0292 0.0008 0.0008
25.0470 0.0008 0.0008
25.0647 0.0008 0.0008
25.0824 0.0008 0.0008
25.1002 0.0008 0.0007
25.1179 0.0008 0.0007
25.1357 0.0008 0.0007
25.1534 0.0007 0.0007
25.1711 0.0007 0.0007
25.1889 0.0007 0.0007
25.2066 0.0007 0.0007
25.2244 0.0007 0.0007
25.2421 0.0007 0.0007
25.2598 0.0007 0.0007
25.2776 0.0007 0.0007
25.2953 0.0007 0.0007
25.3131 0.0007 0.0007
25.3308 0.0007 0.0007
25.3485 0.0007 0.0007
25.3663 0.0007 0.0007
25.3840 0.0007 0.0007
25.4017 0.0007 0.0007
25.4195 0.0007 0.0007
25.4372 0.0007 0.0007
25.4550 0.0007 0.0007
25.4727 0.0007 0.0006
25.4904 0.0007 0.0006
25.5082 0.0006 0.0006
25.5259 0.0006 0.0006
25.5437 0.0006 0.0006
25.5614 0.0006 0.0006
25.5791 0.0006 0.0006
25.5969 0.0006 0.0006
25.6146 0.0006 0.0006
25.6323 0.0006 0.0006
25.6501 0.0006 0.0006
25.6678 0.0006 0.0006
25.6856 0.0006 0.0006
25.7033 0.0006 0.0006
25.7210 0.0006 0.0006
25.7388 0.0006 0.0006
25.7565 0.0006 0.0006
25.7743 0.0006 0.0006
25.7920 0.0006 0.0006
25.8097 0.0006 0.0006
25.8275 0.0006 0.0006
25.8452 0.0006 0.0006
25.8629 0.0006 0.0006
25.8807 0.0006 0.0006
25.8984 0.0006 0.0006
25.9162 0.0006 0.0006
25.9339 0.0006 0.0006
25.9516 0.0006 0.0006
25.9694 0.0006 0.0006
25.9871 0.0006 0.0006
26.0049 0.0006 0.0006
26.0226 0.0006 0.0006
26.0403 0.0005 0.0005
26.0581 0.0005 0.0005
26.0758 0.0005 0.0005
26.0936 0.0005 0.0005
26.1113 0.0005 0.0005
26.1290 0.0005 0.0005
26.1468 0.0005 0.0005
26.1645 0.0005 0.0005
26.1822 0.0005 0.0005
26.2000 0.0005 0.0005
26.2177 0.0005 0.0005
26.2355 0.0005 0.0005
26.2532 0.0005 0.0005
26.2709 0.0005 0.0005
26.2887 0.0005 0.0005
26.3064 0.0005 0.0005
26.3242 0.0005 0.0005
26.3419 0.0005 0.0005
26.3596 0.0005 0.0005
26.3774 0.0005 0.0005
26.3951 0.0005 0.0005
26.4128 0.0005 0.0005
26.4306 0.0005 0.0005
26.4483 0.0005 0.0005
26.4661 0.0005 0.0005
26.4838 0.0005 0.0005
26.5015 0.0005 0.0005
26.5193 0.0005 0.0005
26.5370 0.0005 0.0005
26.5548 0.0005 0.0005
26.5725 0.0005 0.0005
26.5902 0.0005 0.0004
26.6080 0.0005 0.0004
26.6257 0.0005 0.0004
26.6434 0.0005 0.0004
26.6612 0.0005 0.0004
26.6789 0.0005 0.0004
26.6967 0.0005 0.0004
26.7144 0.0005 0.0004
26.7321 0.0004 0.0004
26.7499 0.0004 0.0004
26.7676 0.0004 0.0004
26.7854 0.0004 0.0004
26.8031 0.0004 0.0004
26.8208 0.0004 0.0004
26.8386 0.0004 0.0004
26.8563 0.0004 0.0004
26.8741 0.0004 0.0004
26.8918 0.0004 0.0004
26.9095 0.0004 0.0004
26.9273 0.0004 0.0004
26.9450 0.0004 0.0004
26.9627 0.0004 0.0004
26.9805 0.0004 0.0004
26.9982 0.0004 0.0004
27.0160 0.0004 0.0004
27.0337 0.0004 0.0004
27.0514 0.0004 0.0004
27.0692 0.0004 0.0004
27.0869 0.0004 0.0004
27.1047 0.0004 0.0004
27.1224 0.0004 0.0004
27.1401 0.0004 0.0004
27.1579 0.0004 0.0004
27.1756 0.0004 0.0004
27.1933 0.0004 0.0004
27.2111 0.0004 0.0004
27.2288 0.0004 0.0004
27.2466 0.0004 0.0004
27.2643 0.0004 0.0004
27.2820 0.0004 0.0004
27.2998 0.0004 0.0004
27.3175 0.0004 0.0004
27.3353 0.0004 0.0004
27.3530 0.0004 0.0004
27.3707 0.0004 0.0004
27.3885 0.0004 0.0004
27.4062 0.0004 0.0004
27.4239 0.0004 0.0004
27.4417 0.0004 0.0004
27.4594 0.0004 0.0004
27.4772 0.0004 0.0004
27.4949 0.0004 0.0004
27.5126 0.0003 0.0004
27.5304 0.0003 0.0004
27.5481 0.0003 0.0004
27.5659 0.0003 0.0003
27.5836 0.0003 0.0003
27.6013 0.0003 0.0003
27.6191 0.0003 0.0003
27.6368 0.0003 0.0003
27.6546 0.0003 0.0003
27.6723 0.0003 0.0003
27.6900 0.0003 0.0003
27.7078 0.0003 0.0003
27.7255 0.0003 0.0003
27.7432 0.0003 0.0003
27.7610 0.0003 0.0003
27.7787 0.0003 0.0003
27.7965 0.0003 0.0003
27.8142 0.0003 0.0003
27.8319 0.0003 0.0003
27.8497 0.0003 0.0003
27.8674 0.0003 0.0003
27.8852 0.0003 0.0003
27.9029 0.0003 0.0003
27.9206 0.0003 0.0003
27.9384 0.0003 0.0003
27.9561 0.0003 0.0003
27.9738 0.0003 0.0003
27.9916 0.0003 0.0003
28.0093 0.0003 0.0003
28.0271 0.0003 0.0003
28.0448 0.0003 0.0003
28.0625 0.0003 0.0003
28.0803 0.0003 0.0003
28.0980 0.0003 0.0003
28.1158 0.0003 0.0003
28.1335 0.0003 0.0003
28.1512 0.0003 0.0003
28.1690 0.0003 0.0003
28.1867 0.0003 0.0003
28.2045 0.0003 0.0003
28.2222 0.0003 0.0003
28.2399 0.0003 0.0003
28.2577 0.0003 0.0003
28.2754 0.0003 0.0003
28.2931 0.0003 0.0003
28.3109 0.0003 0.0003
28.3286 0.0003 0.0003
28.3464 0.0003 0.0003
28.3641 0.0003 0.0003
28.3818 0.0003 0.0003
28.3996 0.0003 0.0003
28.4173 0.0003 0.0003
28.4351 0.0003 0.0003
28.4528 0.0003 0.0003
28.4705 0.0003 0.0003
28.4883 0.0003 0.0003
28.5060 0.0003 0.0003
28.5237 0.0003 0.0003
28.5415 0.0003 0.0003
28.5592 0.0003 0.0003
28.5770 0.0003 0.0003
28.5947 0.0003 0.0003
28.6124 0.0003 0.0003
28.6302 0.0003 0.0003
28.6479 0.0003 0.0003
28.6657 0.0003 0.0003
28.6834 0.0003 0.0003
28.7011 0.0003 0.0003
28.7189 0.0003 0.0003
28.7366 0.0003 0.0003
28.7543 0.0003 0.0003
28.7721 0.0003 0.0003
28.7898 0.0003 0.0003
28.8076 0.0003 0.0003
28.8253 0.0003 0.0003
28.8430 0.0003 0.0003
28.8608 0.0003 0.0003
28.8785 0.0003 0.0003
28.8963 0.0003 0.0003
28.9140 0.0003 0.0003
28.9317 0.0003 0.0003
28.9495 0.0003 0.0002
28.9672 0.0002 0.0002
28.9850 0.0002 0.0002
29.0027 0.0002 0.0002
29.0204 0.0002 0.0002
29.0382 0.0002 0.0002
29.0559 0.0002 0.0002
29.0736 0.0002 0.0002
29.0914 0.0002 0.0002
29.1091 0.0002 0.0002
29.1269 0.0002 0.0002
29.1446 0.0002 0.0002
29.1623 0.0002 0.0002
29.1801 0.0002 0.0002
29.1978 0.0002 0.0002
29.2156 0.0002 0.0002
29.2333 0.0002 0.0002
29.2510 0.0002 0.0002
29.2688 0.0002 0.0002
29.2865 0.0002 0.0002
29.3042 0.0002 0.0002
29.3220 0.0002 0.0002
29.3397 0.0002 0.0002
29.3575 0.0002 0.0002
29.3752 0.0002 0.0002
29.3929 0.0002 0.0002
29.4107 0.0002 0.0002
29.4284 0.0002 0.0002
29.4462 0.0002 0.0002
29.4639 0.0002 0.0002
29.4816 0.0002 0.0002
29.4994 0.0002 0.0002
29.5171 0.0002 0.0002
29.5348 0.0002 0.0002
29.5526 0.0002 0.0002
29.5703 0.0002 0.0002
29.5881 0.0002 0.0002
29.6058 0.0002 0.0002
29.6235 0.0002 0.0002
29.6413 0.0002 0.0002
29.6590 0.0002 0.0002
29.6768 0.0002 0.0002
29.6945 0.0002 0.0002
29.7122 0.0002 0.0002
29.7300 0.0002 0.0002
29.7477 0.0002 0.0002
29.7655 0.0002 0.0002
29.7832 0.0002 0.0002
29.8009 0.0002 0.0002
29.8187 0.0002 0.0002
29.8364 0.0002 0.0002
29.8541 0.0002 0.0002
29.8719 0.0002 0.0002
29.8896 0.0002 0.0002
29.9074 0.0002 0.0002
29.9251 0.0002 0.0002
29.9428 0.0002 0.0002
29.9606 0.0002 0.0002
29.9783 0.0002 0.0002
29.9961 0.0002 0.0002
30.0138 0.0002 0.0002
30.0315 0.0002 0.0002
30.0493 0.0002 0.0002
30.0670 0.0002 0.0002
30.0847 0.0002 0.0002
30.1025 0.0002 0.0002
30.1202 0.0002 0.0002
30.1380 0.0002 0.0002
30.1557 0.0002 0.0002
30.1734 0.0002 0.0002
30.1912 0.0002 0.0002
30.2089 0.0002 0.0002
30.2267 0.0002 0.0002
30.2444 0.0002 0.0002
30.2621 0.0002 0.0002
30.2799 0.0002 0.0002
30.2976 0.0002 0.0002
30.3153 0.0002 0.0002
30.3331 0.0002 0.0002
30.3508 0.0002 0.0002
30.3686 0.0002 0.0002
30.3863 0.0002 0.0002
30.4040 0.0002 0.0002
30.4218 0.0002 0.0002
30.4395 0.0002 0.0002
30.4573 0.0002 0.0002
30.4750 0.0002 0.0002
30.4927 0.0002 0.0002
30.5105 0.0002 0.0002
30.5282 0.0002 0.0002
30.5460 0.0002 0.0002
30.5637 0.0002 0.0002
30.5814 0.0002 0.0002
30.5992 0.0002 0.0002
30.6169 0.0002 0.0002
30.6346 0.0002 0.0002
30.6524 0.0002 0.0002
30.6701 0.0002 0.0002
30.6879 0.0002 0.0002
30.7056 0.0002 0.0002
30.7233 0.0002 0.0002
30.7411 0.0002 0.0002
30.7588 0.0002 0.0002
30.7766 0.0002 0.0002
30.7943 0.0002 0.0002
30.8120 0.0002 0.0002
30.8298 0.0002 0.0002
30.8475 0.0002 0.0002
30.8652 0.0002 0.0002
30.8830 0.0002 0.0002
30.9007 0.0002 0.0002
30.9185 0.0002 0.0002
30.9362 0.0002 0.0002
30.9539 0.0002 0.0002
30.9717 0.0002 0.0002
30.9894 0.0002 0.0002
31.0072 0.0002 0.0002
31.0249 0.0002 0.0002
31.0426 0.0002 0.0002
31.0604 0.0002 0.0002
31.0781 0.0002 0.0002
31.0958 0.0002 0.0002
31.1136 0.0002 0.0002
31.1313 0.0002 0.0002
31.1491 0.0002 0.0002
31.1668 0.0002 0.0002
31.1845 0.0002 0.0002
31.2023 0.0002 0.0002
31.2200 0.0002 0.0002
31.2378 0.0002 0.0002
31.2555 0.0002 0.0002
31.2732 0.0002 0.0002
31.2910 0.0002 0.0002
31.3087 0.0002 0.0002
31.3265 0.0002 0.0002
31.3442 0.0002 0.0002
31.3619 0.0002 0.0002
31.3797 0.0002 0.0002
31.3974 0.0002 0.0002
31.4151 0.0002 0.0002
31.4329 0.0002 0.0002
31.4506 0.0002 0.0002
31.4684 0.0002 0.0002
31.4861 0.0002 0.0002
31.5038 0.0002 0.0002
31.5216 0.0002 0.0002
31.5393 0.0002 0.0002
31.5571 0.0002 0.0002
31.5748 0.0002 0.0002
31.5925 0.0002 0.0002
31.6103 0.0002 0.0002
31.6280 0.0002 0.0002
31.6457 0.0002 0.0002
31.6635 0.0002 0.0002
31.6812 0.0002 0.0002
31.6990 0.0002 0.0002
31.7167 0.0002 0.0002
31.7344 0.0002 0.0002
31.7522 0.0002 0.0002
31.7699 0.0002 0.0002
31.7877 0.0002 0.0002
31.8054 0.0002 0.0002
31.8231 0.0002 0.0002
31.8409 0.0002 0.0002
31.8586 0.0002 0.0002
31.8764 0.0002 0.0002
31.8941 0.0002 0.0002
31.9118 0.0002 0.0002
31.9296 0.0002 0.0002
31.9473 0.0002 0.0002
31.9650 0.0002 0.0002
31.9828 0.0002 0.0002
32.0005 0.0002 0.0002
32.0183 0.0002 0.0002
32.0360 0.0002 0.0002
32.0537 0.0002 0.0002
32.0715 0.0002 0.0002
32.0892 0.0002 0.0002
32.1070 0.0002 0.0002
32.1247 0.0002 0.0002
32.1424 0.0002 0.0002
32.1602 0.0002 0.0002
32.1779 0.0002 0.0002
32.1956 0.0002 0.0002
32.2134 0.0002 0.0002
32.2311 0.0002 0.0002
32.2489 0.0002 0.0002
32.2666 0.0002 0.0002
32.2843 0.0002 0.0002
32.3021 0.0002 0.0002
32.3198 0.0002 0.0002
32.3376 0.0002 0.0002
32.3553 0.0002 0.0002
32.3730 0.0002 0.0002
32.3908 0.0002 0.0002
32.4085 0.0002 0.0002
32.4262 0.0002 0.0002
32.4440 0.0002 0.0002
32.4617 0.0002 0.0002
32.4795 0.0002 0.0002
32.4972 0.0002 0.0002
32.5149 0.0002 0.0002
32.5327 0.0002 0.0002
32.5504 0.0002 0.0002
32.5682 0.0002 0.0002
32.5859 0.0002 0.0002
32.6036 0.0002 0.0002
32.6214 0.0002 0.0002
32.6391 0.0002 0.0002
32.6569 0.0002 0.0002
32.6746 0.0002 0.0002
32.6923 0.0002 0.0002
32.7101 0.0002 0.0002
32.7278 0.0002 0.0002
32.7455 0.0002 0.0002
32.7633 0.0002 0.0002
32.7810 0.0002 0.0002
32.7988 0.0002 0.0002
32.8165 0.0002 0.0002
32.8342 0.0002 0.0002
32.8520 0.0002 0.0002
32.8697 0.0002 0.0002
32.8875 0.0002 0.0002
32.9052 0.0002 0.0002
32.9229 0.0002 0.0002
32.9407 0.0002 0.0002
32.9584 0.0002 0.0002
32.9761 0.0002 0.0002
32.9939 0.0002 0.0002
33.0116 0.0002 0.0002
33.0294 0.0002 0.0002
33.0471 0.0002 0.0002
33.0648 0.0002 0.0002
33.0826 0.0002 0.0002
33.1003 0.0002 0.0002
33.1181 0.0002 0.0002
33.1358 0.0002 0.0002
33.1535 0.0002 0.0002
33.1713 0.0002 0.0002
33.1890 0.0002 0.0002
33.2067 0.0002 0.0002
33.2245 0.0002 0.0002
33.2422 0.0002 0.0002
33.2600 0.0002 0.0002
33.2777 0.0002 0.0002
33.2954 0.0002 0.0002
33.3132 0.0002 0.0002
33.3309 0.0002 0.0002
33.3487 0.0002 0.0001
33.3664 0.0002 0.0001
33.3841 0.0002 0.0001
33.4019 0.0002 0.0001
33.4196 0.0001 0.0001
33.4374 0.0001 0.0001
33.4551 0.0001 0.0001
33.4728 0.0001 0.0001
33.4906 0.0001 0.0001
33.5083 0.0001 0.0001
33.5260 0.0001 0.0001
33.5438 0.0001 0.0001
33.5615 0.0001 0.0001
33.5793 0.0001 0.0001
33.5970 0.0001 0.0001
33.6147 0.0001 0.0001
33.6325 0.0001 0.0001
33.6502 0.0001 0.0001
33.6680 0.0001 0.0001
33.6857 0.0001 0.0001
33.7034 0.0001 0.0001
33.7212 0.0001 0.0001
33.7389 0.0001 0.0001
33.7566 0.0001 0.0001
33.7744 0.0001 0.0001
33.7921 0.0001 0.0001
33.8099 0.0001 0.0001
33.8276 0.0001 0.0001
33.8453 0.0001 0.0001
33.8631 0.0001 0.0001
33.8808 0.0001 0.0001
33.8986 0.0001 0.0001
33.9163 0.0001 0.0001
33.9340 0.0001 0.0001
33.9518 0.0001 0.0001
33.9695 0.0001 0.0001
33.9872 0.0001 0.0001
34.0050 0.0001 0.0001
34.0227 0.0001 0.0001
34.0405 0.0001 0.0001
34.0582 0.0001 0.0001
34.0759 0.0001 0.0001
34.0937 0.0001 0.0001
34.1114 0.0001 0.0001
34.1292 0.0001 0.0001
34.1469 0.0001 0.0001
34.1646 0.0001 0.0001
34.1824 0.0001 0.0001
34.2001 0.0001 0.0001
34.2179 0.0001 0.0001
34.2356 0.0001 0.0001
34.2533 0.0001 0.0001
34.2711 0.0001 0.0001
34.2888 0.0001 0.0001
34.3065 0.0001 0.0001
34.3243 0.0001 0.0001
34.3420 0.0001 0.0001
34.3598 0.0001 0.0001
34.3775 0.0001 0.0001
34.3952 0.0001 0.0001
34.4130 0.0001 0.0001
34.4307 0.0001 0.0001
34.4485 0.0001 0.0001
34.4662 0.0001 0.0001
34.4839 0.0001 0.0001
34.5017 0.0001 0.0001
34.5194 0.0001 0.0001
34.5371 0.0001 0.0001
34.5549 0.0001 0.0001
34.5726 0.0001 0.0001
34.5904 0.0001 0.0001
34.6081 0.0001 0.0001
34.6258 0.0001 0.0001
34.6436 0.0001 0.0001
34.6613 0.0001 0.0001
34.6791 0.0001 0.0001
34.6968 0.0001 0.0001
34.7145 0.0001 0.0001
34.7323 0.0001 0.0001
34.7500 0.0001 0.0001
34.7677 0.0001 0.0001
34.7855 0.0001 0.0001
34.8032 0.0001 0.0001
34.8210 0.0001 0.0001
34.8387 0.0001 0.0001
34.8564 0.0001 0.0001
34.8742 0.0001 0.0001
34.8919 0.0001 0.0001
34.9097 0.0001 0.0001
34.9274 0.0001 0.0001
34.9451 0.0001 0.0001
34.9629 0.0001 0.0001
34.9806 0.0001 0.0001
34.9984 0.0001 0.0001
35.0161 0.0001 0.0001
35.0338 0.0001 0.0001
35.0516 0.0001 0.0001
35.0693 0.0001 0.0001
35.0870 0.0001 0.0001
35.1048 0.0001 0.0001
35.1225 0.0001 0.0001
35.1403 0.0001 0.0001
35.1580 0.0001 0.0001
35.1757 0.0001 0.0001
35.1935 0.0001 0.0001
35.2112 0.0001 0.0001
35.2290 0.0001 0.0001
35.2467 0.0001 0.0001
35.2644 0.0001 0.0001
35.2822 0.0001 0.0001
35.2999 0.0001 0.0001
35.3176 0.0001 0.0001
35.3354 0.0001 0.0001
35.3531 0.0001 0.0001
35.3709 0.0001 0.0001
35.3886 0.0001 0.0001
35.4063 0.0001 0.0001
35.4241 0.0001 0.0001
35.4418 0.0001 0.0001
35.4596 0.0001 0.0001
  
  
  
  
  
dim="1">gridpoints</dimension>  
  
  
  
  
  
  
  
  
0.0000 224.9595 216.7977
0.0177 224.9595 216.7977
0.0355 112.4087 108.3095
0.0532 74.8603 72.1086
0.0710 56.0627 53.9814
0.0887 44.7658 43.0854
0.1064 37.2199 35.8070
0.1242 31.8181 30.5978
0.1419 27.7574 26.6835
0.1596 24.5920 23.6343
0.1774 22.0547 21.1924
0.1951 19.9758 19.1935
0.2129 18.2424 17.5282
0.2306 16.7763 16.1207
0.2483 15.5222 14.9167
0.2661 14.4390 13.8765
0.2838 13.4963 12.9698
0.3016 12.6704 12.1738
0.3193 11.9428 11.4703
0.3370 11.2986 10.8449
0.3548 10.7256 10.2859
0.3725 10.2136 9.7839
0.3903 9.7541 9.3309
0.4080 9.3395 8.9203
0.4257 8.9635 8.5464
0.4435 8.6207 8.2047
0.4612 8.3061 7.8910
0.4789 8.0157 7.6019
0.4967 7.7458 7.3346
0.5144 7.4935 7.0866
0.5322 7.2563 6.8560
0.5499 7.0322 6.6411
0.5676 6.8195 6.4406
0.5854 6.6170 6.2536
0.6031 6.4239 6.0794
0.6209 6.2394 5.9175
0.6386 6.0633 5.7675
0.6563 5.8951 5.6293
0.6741 5.7349 5.5027
0.6918 5.5826 5.3879
0.7095 5.4382 5.2847
0.7273 5.3017 5.1930
0.7450 5.1732 5.1128
0.7628 5.0526 5.0436
0.7805 4.9397 4.9852
0.7982 4.8344 4.9368
0.8160 4.7366 4.8976
0.8337 4.6458 4.8668
0.8515 4.5617 4.8431
0.8692 4.4838 4.8252
0.8869 4.4117 4.8116
0.9047 4.3448 4.8008
0.9224 4.2825 4.7912
0.9401 4.2241 4.7811
0.9579 4.1691 4.7691
0.9756 4.1167 4.7536
0.9934 4.0664 4.7334
1.0111 4.0174 4.7074
1.0288 3.9691 4.6748
1.0466 3.9210 4.6350
1.0643 3.8724 4.5877
1.0821 3.8230 4.5329
1.0998 3.7722 4.4707
1.1175 3.7196 4.4017
1.1353 3.6651 4.3264
1.1530 3.6083 4.2458
1.1708 3.5492 4.1607
1.1885 3.4877 4.0721
1.2062 3.4238 3.9810
1.2240 3.3576 3.8883
1.2417 3.2894 3.7952
1.2594 3.2194 3.7023
1.2772 3.1480 3.6104
1.2949 3.0755 3.5202
1.3127 3.0023 3.4322
1.3304 2.9289 3.3467
1.3481 2.8558 3.2642
1.3659 2.7833 3.1847
1.3836 2.7120 3.1085
1.4014 2.6422 3.0355
1.4191 2.5744 2.9658
1.4368 2.5089 2.8993
1.4546 2.4460 2.8359
1.4723 2.3859 2.7755
1.4900 2.3289 2.7181
1.5078 2.2750 2.6636
1.5255 2.2245 2.6117
1.5433 2.1774 2.5625
1.5610 2.1336 2.5158
1.5787 2.0932 2.4715
1.5965 2.0561 2.4296
1.6142 2.0222 2.3900
1.6320 1.9914 2.3527
1.6497 1.9637 2.3177
1.6674 1.9389 2.2851
1.6852 1.9169 2.2547
1.7029 1.8976 2.2267
1.7206 1.8808 2.2012
1.7384 1.8664 2.1780
1.7561 1.8542 2.1573
1.7739 1.8442 2.1391
1.7916 1.8361 2.1234
1.8093 1.8298 2.1099
1.8271 1.8252 2.0987
1.8448 1.8220 2.0896
1.8626 1.8202 2.0824
1.8803 1.8195 2.0767
1.8980 1.8199 2.0724
1.9158 1.8210 2.0692
1.9335 1.8229 2.0666
1.9513 1.8252 2.0645
1.9690 1.8278 2.0625
1.9867 1.8307 2.0603
2.0045 1.8335 2.0577
2.0222 1.8363 2.0545
2.0399 1.8388 2.0505
2.0577 1.8410 2.0457
2.0754 1.8428 2.0399
2.0932 1.8442 2.0331
2.1109 1.8451 2.0254
2.1286 1.8455 2.0168
2.1464 1.8454 2.0073
2.1641 1.8449 1.9970
2.1819 1.8440 1.9859
2.1996 1.8427 1.9742
2.2173 1.8412 1.9618
2.2351 1.8396 1.9488
2.2528 1.8378 1.9353
2.2705 1.8359 1.9213
2.2883 1.8340 1.9067
2.3060 1.8322 1.8917
2.3238 1.8303 1.8762
2.3415 1.8285 1.8604
2.3592 1.8266 1.8442
2.3770 1.8247 1.8276
2.3947 1.8225 1.8109
2.4125 1.8202 1.7940
2.4302 1.8175 1.7770
2.4479 1.8143 1.7602
2.4657 1.8106 1.7434
2.4834 1.8063 1.7270
2.5011 1.8013 1.7110
2.5189 1.7956 1.6954
2.5366 1.7892 1.6804
2.5544 1.7819 1.6659
2.5721 1.7740 1.6520
2.5898 1.7654 1.6387
2.6076 1.7561 1.6259
2.6253 1.7463 1.6135
2.6431 1.7360 1.6016
2.6608 1.7253 1.5899
2.6785 1.7142 1.5784
2.6963 1.7029 1.5668
2.7140 1.6913 1.5552
2.7318 1.6795 1.5432
2.7495 1.6675 1.5309
2.7672 1.6554 1.5181
2.7850 1.6431 1.5046
2.8027 1.6305 1.4905
2.8204 1.6178 1.4757
2.8382 1.6049 1.4601
2.8559 1.5917 1.4439
2.8737 1.5784 1.4270
2.8914 1.5648 1.4095
2.9091 1.5511 1.3915
2.9269 1.5373 1.3731
2.9446 1.5233 1.3545
2.9624 1.5093 1.3358
2.9801 1.4952 1.3172
2.9978 1.4812 1.2988
3.0156 1.4671 1.2808
3.0333 1.4532 1.2635
3.0510 1.4394 1.2468
3.0688 1.4256 1.2311
3.0865 1.4120 1.2164
3.1043 1.3986 1.2028
3.1220 1.3854 1.1905
3.1397 1.3723 1.1794
3.1575 1.3595 1.1697
3.1752 1.3469 1.1613
3.1930 1.3347 1.1542
3.2107 1.3227 1.1484
3.2284 1.3111 1.1437
3.2462 1.2999 1.1402
3.2639 1.2891 1.1377
3.2816 1.2786 1.1360
3.2994 1.2685 1.1350
3.3171 1.2588 1.1346
3.3349 1.2494 1.1346
3.3526 1.2402 1.1349
3.3703 1.2312 1.1354
3.3881 1.2223 1.1359
3.4058 1.2134 1.1365
3.4236 1.2043 1.1368
3.4413 1.1951 1.1369
3.4590 1.1856 1.1367
3.4768 1.1758 1.1362
3.4945 1.1656 1.1352
3.5123 1.1551 1.1337
3.5300 1.1442 1.1317
3.5477 1.1331 1.1291
3.5655 1.1217 1.1258
3.5832 1.1102 1.1220
3.6009 1.0988 1.1174
3.6187 1.0874 1.1122
3.6364 1.0763 1.1063
3.6542 1.0657 1.0997
3.6719 1.0555 1.0925
3.6896 1.0460 1.0848
3.7074 1.0371 1.0764
3.7251 1.0291 1.0677
3.7429 1.0220 1.0585
3.7606 1.0157 1.0490
3.7783 1.0103 1.0392
3.7961 1.0057 1.0293
3.8138 1.0020 1.0194
3.8315 0.9991 1.0094
3.8493 0.9970 0.9995
3.8670 0.9954 0.9896
3.8848 0.9945 0.9800
3.9025 0.9941 0.9706
3.9202 0.9941 0.9614
3.9380 0.9944 0.9524
3.9557 0.9950 0.9436
3.9735 0.9957 0.9351
3.9912 0.9966 0.9267
4.0089 0.9975 0.9185
4.0267 0.9983 0.9105
4.0444 0.9989 0.9025
4.0622 0.9993 0.8945
4.0799 0.9993 0.8864
4.0976 0.9989 0.8783
4.1154 0.9981 0.8701
4.1331 0.9966 0.8617
4.1508 0.9944 0.8530
4.1686 0.9916 0.8441
4.1863 0.9879 0.8350
4.2041 0.9835 0.8256
4.2218 0.9781 0.8160
4.2395 0.9720 0.8061
4.2573 0.9650 0.7960
4.2750 0.9572 0.7858
4.2928 0.9487 0.7755
4.3105 0.9395 0.7652
4.3282 0.9296 0.7549
4.3460 0.9192 0.7447
4.3637 0.9084 0.7347
4.3814 0.8971 0.7249
4.3992 0.8855 0.7154
4.4169 0.8737 0.7063
4.4347 0.8616 0.6976
4.4524 0.8495 0.6893
4.4701 0.8373 0.6814
4.4879 0.8250 0.6741
4.5056 0.8129 0.6671
4.5234 0.8008 0.6607
4.5411 0.7888 0.6546
4.5588 0.7770 0.6489
4.5766 0.7655 0.6436
4.5943 0.7543 0.6387
4.6120 0.7434 0.6340
4.6298 0.7329 0.6296
4.6475 0.7228 0.6254
4.6653 0.7133 0.6214
4.6830 0.7042 0.6175
4.7007 0.6957 0.6138
4.7185 0.6878 0.6102
4.7362 0.6805 0.6067
4.7540 0.6737 0.6033
4.7717 0.6674 0.6000
4.7894 0.6617 0.5967
4.8072 0.6565 0.5934
4.8249 0.6518 0.5901
4.8427 0.6474 0.5868
4.8604 0.6434 0.5834
4.8781 0.6397 0.5799
4.8959 0.6363 0.5763
4.9136 0.6330 0.5726
4.9313 0.6300 0.5687
4.9491 0.6270 0.5647
4.9668 0.6242 0.5604
4.9846 0.6214 0.5560
5.0023 0.6186 0.5515
5.0200 0.6158 0.5468
5.0378 0.6129 0.5420
5.0555 0.6099 0.5371
5.0733 0.6068 0.5321
5.0910 0.6035 0.5272
5.1087 0.6000 0.5223
5.1265 0.5962 0.5175
5.1442 0.5922 0.5128
5.1619 0.5879 0.5083
5.1797 0.5833 0.5040
5.1974 0.5784 0.4999
5.2152 0.5731 0.4959
5.2329 0.5675 0.4922
5.2506 0.5617 0.4887
5.2684 0.5555 0.4854
5.2861 0.5491 0.4822
5.3039 0.5425 0.4791
5.3216 0.5358 0.4762
5.3393 0.5289 0.4733
5.3571 0.5220 0.4704
5.3748 0.5151 0.4675
5.3925 0.5083 0.4647
5.4103 0.5015 0.4618
5.4280 0.4949 0.4589
5.4458 0.4886 0.4559
5.4635 0.4824 0.4530
5.4812 0.4765 0.4500
5.4990 0.4709 0.4471
5.5167 0.4656 0.4442
5.5345 0.4606 0.4413
5.5522 0.4559 0.4386
5.5699 0.4516 0.4359
5.5877 0.4476 0.4334
5.6054 0.4439 0.4309
5.6232 0.4405 0.4286
5.6409 0.4375 0.4265
5.6586 0.4347 0.4245
5.6764 0.4322 0.4226
5.6941 0.4300 0.4208
5.7118 0.4280 0.4192
5.7296 0.4263 0.4177
5.7473 0.4247 0.4163
5.7651 0.4234 0.4151
5.7828 0.4223 0.4139
5.8005 0.4213 0.4129
5.8183 0.4204 0.4120
5.8360 0.4197 0.4112
5.8538 0.4190 0.4105
5.8715 0.4185 0.4098
5.8892 0.4180 0.4093
5.9070 0.4176 0.4088
5.9247 0.4172 0.4084
5.9424 0.4168 0.4079
5.9602 0.4164 0.4075
5.9779 0.4160 0.4070
5.9957 0.4156 0.4064
6.0134 0.4152 0.4058
6.0311 0.4147 0.4050
6.0489 0.4142 0.4041
6.0666 0.4137 0.4030
6.0844 0.4131 0.4018
6.1021 0.4124 0.4005
6.1198 0.4117 0.3990
6.1376 0.4110 0.3974
6.1553 0.4102 0.3956
6.1730 0.4094 0.3937
6.1908 0.4085 0.3918
6.2085 0.4076 0.3898
6.2263 0.4067 0.3877
6.2440 0.4057 0.3856
6.2617 0.4047 0.3834
6.2795 0.4037 0.3812
6.2972 0.4026 0.3791
6.3150 0.4015 0.3769
6.3327 0.4004 0.3747
6.3504 0.3992 0.3726
6.3682 0.3981 0.3705
6.3859 0.3969 0.3685
6.4037 0.3958 0.3665
6.4214 0.3946 0.3646
6.4391 0.3934 0.3627
6.4569 0.3922 0.3610
6.4746 0.3910 0.3593
6.4923 0.3898 0.3578
6.5101 0.3886 0.3564
6.5278 0.3874 0.3550
6.5456 0.3862 0.3538
6.5633 0.3850 0.3527
6.5810 0.3838 0.3517
6.5988 0.3827 0.3507
6.6165 0.3815 0.3498
6.6343 0.3803 0.3490
6.6520 0.3791 0.3481
6.6697 0.3780 0.3473
6.6875 0.3768 0.3464
6.7052 0.3756 0.3456
6.7229 0.3744 0.3447
6.7407 0.3731 0.3437
6.7584 0.3718 0.3427
6.7762 0.3704 0.3416
6.7939 0.3689 0.3405
6.8116 0.3673 0.3393
6.8294 0.3656 0.3381
6.8471 0.3637 0.3368
6.8649 0.3618 0.3354
6.8826 0.3596 0.3341
6.9003 0.3574 0.3327
6.9181 0.3550 0.3313
6.9358 0.3525 0.3298
6.9535 0.3499 0.3283
6.9713 0.3472 0.3268
6.9890 0.3444 0.3253
7.0068 0.3416 0.3237
7.0245 0.3388 0.3221
7.0422 0.3361 0.3205
7.0600 0.3334 0.3188
7.0777 0.3307 0.3171
7.0955 0.3281 0.3154
7.1132 0.3256 0.3136
7.1309 0.3232 0.3118
7.1487 0.3209 0.3100
7.1664 0.3186 0.3081
7.1842 0.3164 0.3062
7.2019 0.3143 0.3044
7.2196 0.3122 0.3025
7.2374 0.3102 0.3007
7.2551 0.3082 0.2989
7.2728 0.3062 0.2972
7.2906 0.3042 0.2955
7.3083 0.3021 0.2939
7.3261 0.3001 0.2924
7.3438 0.2981 0.2909
7.3615 0.2961 0.2896
7.3793 0.2941 0.2884
7.3970 0.2921 0.2874
7.4148 0.2901 0.2864
7.4325 0.2882 0.2855
7.4502 0.2863 0.2847
7.4680 0.2844 0.2840
7.4857 0.2826 0.2834
7.5034 0.2808 0.2828
7.5212 0.2791 0.2823
7.5389 0.2775 0.2818
7.5567 0.2759 0.2813
7.5744 0.2743 0.2808
7.5921 0.2728 0.2803
7.6099 0.2714 0.2798
7.6276 0.2700 0.2793
7.6454 0.2686 0.2787
7.6631 0.2673 0.2782
7.6808 0.2660 0.2776
7.6986 0.2647 0.2770
7.7163 0.2635 0.2763
7.7341 0.2623 0.2756
7.7518 0.2611 0.2749
7.7695 0.2600 0.2742
7.7873 0.2589 0.2735
7.8050 0.2579 0.2727
7.8227 0.2568 0.2718
7.8405 0.2558 0.2710
7.8582 0.2549 0.2701
7.8760 0.2540 0.2691
7.8937 0.2531 0.2681
7.9114 0.2522 0.2670
7.9292 0.2514 0.2659
7.9469 0.2506 0.2648
7.9647 0.2499 0.2636
7.9824 0.2492 0.2623
8.0001 0.2486 0.2611
8.0179 0.2480 0.2598
8.0356 0.2474 0.2585
8.0533 0.2469 0.2572
8.0711 0.2465 0.2559
8.0888 0.2460 0.2546
8.1066 0.2456 0.2533
8.1243 0.2453 0.2521
8.1420 0.2449 0.2509
8.1598 0.2446 0.2496
8.1775 0.2443 0.2484
8.1953 0.2440 0.2473
8.2130 0.2437 0.2461
8.2307 0.2434 0.2449
8.2485 0.2431 0.2438
8.2662 0.2428 0.2426
8.2839 0.2424 0.2414
8.3017 0.2421 0.2403
8.3194 0.2417 0.2391
8.3372 0.2413 0.2379
8.3549 0.2408 0.2367
8.3726 0.2403 0.2355
8.3904 0.2398 0.2344
8.4081 0.2393 0.2332
8.4259 0.2387 0.2320
8.4436 0.2381 0.2309
8.4613 0.2375 0.2297
8.4791 0.2369 0.2286
8.4968 0.2362 0.2276
8.5146 0.2356 0.2265
8.5323 0.2349 0.2255
8.5500 0.2343 0.2246
8.5678 0.2337 0.2236
8.5855 0.2331 0.2227
8.6032 0.2325 0.2219
8.6210 0.2320 0.2211
8.6387 0.2315 0.2203
8.6565 0.2310 0.2196
8.6742 0.2306 0.2189
8.6919 0.2303 0.2183
8.7097 0.2300 0.2177
8.7274 0.2297 0.2171
8.7452 0.2294 0.2166
8.7629 0.2292 0.2162
8.7806 0.2290 0.2157
8.7984 0.2288 0.2154
8.8161 0.2285 0.2150
8.8338 0.2283 0.2147
8.8516 0.2280 0.2145
8.8693 0.2277 0.2143
8.8871 0.2274 0.2141
8.9048 0.2270 0.2140
8.9225 0.2266 0.2139
8.9403 0.2262 0.2138
8.9580 0.2257 0.2138
8.9758 0.2252 0.2137
8.9935 0.2246 0.2137
9.0112 0.2240 0.2137
9.0290 0.2234 0.2136
9.0467 0.2228 0.2136
9.0644 0.2222 0.2136
9.0822 0.2216 0.2135
9.0999 0.2210 0.2134
9.1177 0.2204 0.2133
9.1354 0.2198 0.2131
9.1531 0.2192 0.2130
9.1709 0.2187 0.2128
9.1886 0.2181 0.2126
9.2064 0.2176 0.2124
9.2241 0.2172 0.2121
9.2418 0.2167 0.2119
9.2596 0.2163 0.2117
9.2773 0.2158 0.2115
9.2951 0.2154 0.2113
9.3128 0.2151 0.2112
9.3305 0.2147 0.2110
9.3483 0.2144 0.2109
9.3660 0.2140 0.2108
9.3837 0.2137 0.2107
9.4015 0.2134 0.2106
9.4192 0.2131 0.2105
9.4370 0.2128 0.2104
9.4547 0.2125 0.2102
9.4724 0.2122 0.2101
9.4902 0.2118 0.2099
9.5079 0.2115 0.2097
9.5257 0.2111 0.2094
9.5434 0.2107 0.2092
9.5611 0.2102 0.2089
9.5789 0.2097 0.2086
9.5966 0.2092 0.2083
9.6143 0.2086 0.2080
9.6321 0.2080 0.2076
9.6498 0.2073 0.2073
9.6676 0.2065 0.2070
9.6853 0.2057 0.2067
9.7030 0.2049 0.2064
9.7208 0.2040 0.2060
9.7385 0.2031 0.2057
9.7563 0.2021 0.2054
9.7740 0.2011 0.2051
9.7917 0.2001 0.2048
9.8095 0.1991 0.2045
9.8272 0.1980 0.2041
9.8449 0.1969 0.2038
9.8627 0.1959 0.2034
9.8804 0.1948 0.2030
9.8982 0.1938 0.2026
9.9159 0.1928 0.2021
9.9336 0.1918 0.2016
9.9514 0.1908 0.2011
9.9691 0.1898 0.2005
9.9869 0.1889 0.1999
10.0046 0.1880 0.1992
10.0223 0.1871 0.1985
10.0401 0.1863 0.1978
10.0578 0.1855 0.1970
10.0756 0.1847 0.1962
10.0933 0.1840 0.1954
10.1110 0.1833 0.1945
10.1288 0.1826 0.1937
10.1465 0.1820 0.1928
10.1642 0.1815 0.1919
10.1820 0.1810 0.1911
10.1997 0.1806 0.1903
10.2175 0.1802 0.1895
10.2352 0.1799 0.1888
10.2529 0.1796 0.1882
10.2707 0.1795 0.1876
10.2884 0.1793 0.1871
10.3062 0.1792 0.1867
10.3239 0.1792 0.1864
10.3416 0.1791 0.1862
10.3594 0.1791 0.1860
10.3771 0.1791 0.1859
10.3948 0.1791 0.1859
10.4126 0.1791 0.1859
10.4303 0.1791 0.1859
10.4481 0.1790 0.1859
10.4658 0.1789 0.1859
10.4835 0.1787 0.1858
10.5013 0.1785 0.1857
10.5190 0.1782 0.1855
10.5368 0.1779 0.1852
10.5545 0.1775 0.1849
10.5722 0.1771 0.1845
10.5900 0.1765 0.1840
10.6077 0.1760 0.1835
10.6255 0.1754 0.1829
10.6432 0.1747 0.1822
10.6609 0.1741 0.1815
10.6787 0.1733 0.1808
10.6964 0.1726 0.1801
10.7141 0.1719 0.1793
10.7319 0.1712 0.1785
10.7496 0.1705 0.1777
10.7674 0.1698 0.1769
10.7851 0.1691 0.1762
10.8028 0.1684 0.1754
10.8206 0.1678 0.1746
10.8383 0.1672 0.1738
10.8561 0.1667 0.1730
10.8738 0.1662 0.1722
10.8915 0.1657 0.1714
10.9093 0.1653 0.1706
10.9270 0.1648 0.1697
10.9447 0.1645 0.1689
10.9625 0.1641 0.1680
10.9802 0.1638 0.1671
10.9980 0.1635 0.1661
11.0157 0.1632 0.1652
11.0334 0.1629 0.1643
11.0512 0.1626 0.1634
11.0689 0.1623 0.1624
11.0867 0.1620 0.1615
11.1044 0.1617 0.1607
11.1221 0.1614 0.1598
11.1399 0.1612 0.1590
11.1576 0.1609 0.1582
11.1753 0.1606 0.1574
11.1931 0.1603 0.1567
11.2108 0.1599 0.1560
11.2286 0.1596 0.1554
11.2463 0.1592 0.1547
11.2640 0.1588 0.1541
11.2818 0.1584 0.1535
11.2995 0.1580 0.1529
11.3173 0.1575 0.1522
11.3350 0.1570 0.1516
11.3527 0.1565 0.1510
11.3705 0.1559 0.1503
11.3882 0.1553 0.1496
11.4060 0.1546 0.1489
11.4237 0.1539 0.1481
11.4414 0.1532 0.1473
11.4592 0.1525 0.1464
11.4769 0.1517 0.1456
11.4946 0.1509 0.1447
11.5124 0.1501 0.1437
11.5301 0.1493 0.1428
11.5479 0.1484 0.1419
11.5656 0.1475 0.1409
11.5833 0.1466 0.1400
11.6011 0.1456 0.1390
11.6188 0.1447 0.1381
11.6366 0.1437 0.1373
11.6543 0.1427 0.1364
11.6720 0.1416 0.1356
11.6898 0.1406 0.1348
11.7075 0.1395 0.1341
11.7252 0.1385 0.1334
11.7430 0.1374 0.1327
11.7607 0.1363 0.1321
11.7785 0.1352 0.1315
11.7962 0.1341 0.1309
11.8139 0.1330 0.1304
11.8317 0.1319 0.1298
11.8494 0.1308 0.1293
11.8672 0.1297 0.1287
11.8849 0.1285 0.1282
11.9026 0.1274 0.1276
11.9204 0.1264 0.1270
11.9381 0.1253 0.1264
11.9558 0.1242 0.1257
11.9736 0.1232 0.1251
11.9913 0.1222 0.1243
12.0091 0.1212 0.1235
12.0268 0.1202 0.1227
12.0445 0.1192 0.1219
12.0623 0.1183 0.1210
12.0800 0.1175 0.1200
12.0978 0.1166 0.1191
12.1155 0.1158 0.1181
12.1332 0.1151 0.1171
12.1510 0.1144 0.1161
12.1687 0.1137 0.1151
12.1865 0.1130 0.1142
12.2042 0.1124 0.1132
12.2219 0.1118 0.1123
12.2397 0.1112 0.1114
12.2574 0.1107 0.1105
12.2751 0.1101 0.1097
12.2929 0.1096 0.1089
12.3106 0.1091 0.1081
12.3284 0.1086 0.1074
12.3461 0.1081 0.1068
12.3638 0.1076 0.1061
12.3816 0.1071 0.1055
12.3993 0.1066 0.1050
12.4171 0.1061 0.1044
12.4348 0.1056 0.1039
12.4525 0.1051 0.1034
12.4703 0.1046 0.1029
12.4880 0.1040 0.1023
12.5057 0.1035 0.1018
12.5235 0.1030 0.1012
12.5412 0.1024 0.1007
12.5590 0.1018 0.1001
12.5767 0.1013 0.0995
12.5944 0.1007 0.0989
12.6122 0.1001 0.0983
12.6299 0.0995 0.0977
12.6477 0.0989 0.0971
12.6654 0.0983 0.0965
12.6831 0.0977 0.0959
12.7009 0.0971 0.0953
12.7186 0.0964 0.0948
12.7363 0.0958 0.0942
12.7541 0.0952 0.0937
12.7718 0.0946 0.0932
12.7896 0.0940 0.0928
12.8073 0.0933 0.0923
12.8250 0.0927 0.0918
12.8428 0.0921 0.0914
12.8605 0.0915 0.0910
12.8783 0.0910 0.0905
12.8960 0.0904 0.0901
12.9137 0.0898 0.0897
12.9315 0.0893 0.0892
12.9492 0.0887 0.0887
12.9670 0.0882 0.0882
12.9847 0.0876 0.0877
13.0024 0.0871 0.0872
13.0202 0.0866 0.0867
13.0379 0.0861 0.0861
13.0556 0.0855 0.0855
13.0734 0.0850 0.0849
13.0911 0.0845 0.0843
13.1089 0.0839 0.0837
13.1266 0.0834 0.0832
13.1443 0.0828 0.0826
13.1621 0.0823 0.0820
13.1798 0.0817 0.0814
13.1976 0.0811 0.0809
13.2153 0.0805 0.0803
13.2330 0.0799 0.0798
13.2508 0.0793 0.0793
13.2685 0.0787 0.0788
13.2862 0.0781 0.0783
13.3040 0.0774 0.0779
13.3217 0.0768 0.0774
13.3395 0.0762 0.0770
13.3572 0.0756 0.0766
13.3749 0.0749 0.0761
13.3927 0.0743 0.0757
13.4104 0.0737 0.0753
13.4282 0.0731 0.0749
13.4459 0.0726 0.0745
13.4636 0.0720 0.0741
13.4814 0.0715 0.0737
13.4991 0.0709 0.0733
13.5168 0.0704 0.0729
13.5346 0.0699 0.0724
13.5523 0.0694 0.0720
13.5701 0.0689 0.0715
13.5878 0.0684 0.0711
13.6055 0.0679 0.0706
13.6233 0.0674 0.0701
13.6410 0.0669 0.0696
13.6588 0.0664 0.0691
13.6765 0.0659 0.0686
13.6942 0.0653 0.0681
13.7120 0.0648 0.0676
13.7297 0.0643 0.0671
13.7475 0.0638 0.0665
13.7652 0.0632 0.0660
13.7829 0.0627 0.0655
13.8007 0.0621 0.0650
13.8184 0.0615 0.0645
13.8361 0.0610 0.0639
13.8539 0.0604 0.0635
13.8716 0.0598 0.0630
13.8894 0.0592 0.0625
13.9071 0.0587 0.0620
13.9248 0.0581 0.0616
13.9426 0.0575 0.0612
13.9603 0.0570 0.0608
13.9781 0.0564 0.0604
13.9958 0.0559 0.0600
14.0135 0.0554 0.0597
14.0313 0.0549 0.0593
14.0490 0.0543 0.0590
14.0667 0.0539 0.0587
14.0845 0.0534 0.0583
14.1022 0.0529 0.0580
14.1200 0.0524 0.0577
14.1377 0.0519 0.0574
14.1554 0.0515 0.0571
14.1732 0.0510 0.0567
14.1909 0.0505 0.0564
14.2087 0.0501 0.0561
14.2264 0.0496 0.0557
14.2441 0.0492 0.0554
14.2619 0.0487 0.0550
14.2796 0.0483 0.0547
14.2974 0.0478 0.0543
14.3151 0.0474 0.0539
14.3328 0.0470 0.0536
14.3506 0.0466 0.0532
14.3683 0.0462 0.0528
14.3860 0.0458 0.0524
14.4038 0.0454 0.0520
14.4215 0.0450 0.0516
14.4393 0.0447 0.0512
14.4570 0.0443 0.0508
14.4747 0.0440 0.0504
14.4925 0.0437 0.0500
14.5102 0.0434 0.0496
14.5280 0.0431 0.0492
14.5457 0.0428 0.0488
14.5634 0.0425 0.0483
14.5812 0.0422 0.0479
14.5989 0.0420 0.0475
14.6166 0.0417 0.0471
14.6344 0.0415 0.0467
14.6521 0.0413 0.0464
14.6699 0.0411 0.0460
14.6876 0.0409 0.0456
14.7053 0.0407 0.0453
14.7231 0.0405 0.0449
14.7408 0.0403 0.0446
14.7586 0.0401 0.0442
14.7763 0.0399 0.0439
14.7940 0.0397 0.0435
14.8118 0.0395 0.0432
14.8295 0.0393 0.0429
14.8472 0.0391 0.0426
14.8650 0.0389 0.0422
14.8827 0.0386 0.0419
14.9005 0.0384 0.0415
14.9182 0.0381 0.0412
14.9359 0.0379 0.0408
14.9537 0.0376 0.0405
14.9714 0.0373 0.0401
14.9892 0.0371 0.0398
15.0069 0.0368 0.0394
15.0246 0.0365 0.0390
15.0424 0.0363 0.0386
15.0601 0.0360 0.0383
15.0779 0.0358 0.0379
15.0956 0.0355 0.0375
15.1133 0.0353 0.0372
15.1311 0.0351 0.0368
15.1488 0.0348 0.0365
15.1665 0.0346 0.0361
15.1843 0.0344 0.0358
15.2020 0.0342 0.0354
15.2198 0.0340 0.0351
15.2375 0.0339 0.0347
15.2552 0.0337 0.0344
15.2730 0.0335 0.0341
15.2907 0.0333 0.0338
15.3085 0.0331 0.0335
15.3262 0.0329 0.0332
15.3439 0.0327 0.0329
15.3617 0.0325 0.0326
15.3794 0.0323 0.0323
15.3971 0.0321 0.0320
15.4149 0.0318 0.0317
15.4326 0.0316 0.0314
15.4504 0.0314 0.0311
15.4681 0.0311 0.0309
15.4858 0.0309 0.0306
15.5036 0.0306 0.0304
15.5213 0.0303 0.0301
15.5391 0.0301 0.0299
15.5568 0.0298 0.0296
15.5745 0.0295 0.0294
15.5923 0.0292 0.0291
15.6100 0.0290 0.0289
15.6277 0.0287 0.0287
15.6455 0.0284 0.0285
15.6632 0.0281 0.0283
15.6810 0.0279 0.0281
15.6987 0.0276 0.0279
15.7164 0.0273 0.0277
15.7342 0.0270 0.0275
15.7519 0.0268 0.0273
15.7697 0.0265 0.0271
15.7874 0.0263 0.0269
15.8051 0.0260 0.0267
15.8229 0.0258 0.0266
15.8406 0.0255 0.0264
15.8584 0.0253 0.0262
15.8761 0.0250 0.0260
15.8938 0.0248 0.0258
15.9116 0.0245 0.0256
15.9293 0.0243 0.0253
15.9470 0.0241 0.0251
15.9648 0.0238 0.0249
15.9825 0.0236 0.0247
16.0003 0.0234 0.0245
16.0180 0.0231 0.0243
16.0357 0.0229 0.0240
16.0535 0.0227 0.0238
16.0712 0.0225 0.0236
16.0890 0.0222 0.0233
16.1067 0.0220 0.0231
16.1244 0.0218 0.0229
16.1422 0.0216 0.0227
16.1599 0.0214 0.0225
16.1776 0.0212 0.0222
16.1954 0.0209 0.0220
16.2131 0.0207 0.0218
16.2309 0.0205 0.0216
16.2486 0.0203 0.0214
16.2663 0.0201 0.0212
16.2841 0.0199 0.0210
16.3018 0.0197 0.0208
16.3196 0.0195 0.0206
16.3373 0.0193 0.0204
16.3550 0.0191 0.0202
16.3728 0.0189 0.0200
16.3905 0.0187 0.0198
16.4082 0.0185 0.0196
16.4260 0.0183 0.0194
16.4437 0.0182 0.0192
16.4615 0.0180 0.0191
16.4792 0.0178 0.0189
16.4969 0.0176 0.0187
16.5147 0.0174 0.0185
16.5324 0.0173 0.0183
16.5502 0.0171 0.0182
16.5679 0.0169 0.0180
16.5856 0.0167 0.0178
16.6034 0.0166 0.0176
16.6211 0.0164 0.0174
16.6389 0.0162 0.0173
16.6566 0.0161 0.0171
16.6743 0.0159 0.0169
16.6921 0.0157 0.0167
16.7098 0.0156 0.0166
16.7275 0.0154 0.0164
16.7453 0.0153 0.0162
16.7630 0.0151 0.0161
16.7808 0.0150 0.0159
16.7985 0.0148 0.0157
16.8162 0.0147 0.0156
16.8340 0.0145 0.0154
16.8517 0.0144 0.0153
16.8695 0.0142 0.0151
16.8872 0.0141 0.0149
16.9049 0.0140 0.0148
16.9227 0.0138 0.0146
16.9404 0.0137 0.0144
16.9581 0.0136 0.0143
16.9759 0.0134 0.0141
16.9936 0.0133 0.0139
17.0114 0.0132 0.0138
17.0291 0.0130 0.0136
17.0468 0.0129 0.0135
17.0646 0.0128 0.0133
17.0823 0.0126 0.0132
17.1001 0.0125 0.0130
17.1178 0.0123 0.0129
17.1355 0.0122 0.0127
17.1533 0.0120 0.0126
17.1710 0.0119 0.0125
17.1887 0.0117 0.0123
17.2065 0.0116 0.0122
17.2242 0.0114 0.0121
17.2420 0.0113 0.0120
17.2597 0.0111 0.0118
17.2774 0.0110 0.0117
17.2952 0.0108 0.0116
17.3129 0.0107 0.0115
17.3307 0.0105 0.0114
17.3484 0.0104 0.0112
17.3661 0.0103 0.0111
17.3839 0.0101 0.0110
17.4016 0.0100 0.0109
17.4194 0.0099 0.0108
17.4371 0.0097 0.0106
17.4548 0.0096 0.0105
17.4726 0.0095 0.0104
17.4903 0.0094 0.0103
17.5080 0.0093 0.0101
17.5258 0.0092 0.0100
17.5435 0.0090 0.0099
17.5613 0.0089 0.0098
17.5790 0.0088 0.0096
17.5967 0.0087 0.0095
17.6145 0.0086 0.0094
17.6322 0.0086 0.0093
17.6500 0.0085 0.0092
17.6677 0.0084 0.0091
17.6854 0.0083 0.0090
17.7032 0.0082 0.0089
17.7209 0.0081 0.0088
17.7386 0.0080 0.0087
17.7564 0.0079 0.0086
17.7741 0.0078 0.0085
17.7919 0.0077 0.0084
17.8096 0.0076 0.0083
17.8273 0.0075 0.0082
17.8451 0.0074 0.0082
17.8628 0.0073 0.0081
17.8806 0.0072 0.0080
17.8983 0.0072 0.0079
17.9160 0.0071 0.0078
17.9338 0.0070 0.0077
17.9515 0.0069 0.0076
17.9693 0.0068 0.0076
17.9870 0.0067 0.0075
18.0047 0.0067 0.0074
18.0225 0.0066 0.0073
18.0402 0.0065 0.0072
18.0579 0.0065 0.0071
18.0757 0.0064 0.0070
18.0934 0.0063 0.0069
18.1112 0.0063 0.0068
18.1289 0.0062 0.0067
18.1466 0.0061 0.0067
18.1644 0.0061 0.0066
18.1821 0.0060 0.0065
18.1999 0.0060 0.0064
18.2176 0.0059 0.0063
18.2353 0.0059 0.0062
18.2531 0.0058 0.0062
18.2708 0.0058 0.0061
18.2885 0.0057 0.0060
18.3063 0.0057 0.0059
18.3240 0.0056 0.0059
18.3418 0.0056 0.0058
18.3595 0.0055 0.0057
18.3772 0.0055 0.0057
18.3950 0.0054 0.0056
18.4127 0.0054 0.0055
18.4305 0.0053 0.0055
18.4482 0.0053 0.0054
18.4659 0.0052 0.0054
18.4837 0.0052 0.0053
18.5014 0.0051 0.0052
18.5191 0.0051 0.0052
18.5369 0.0050 0.0051
18.5546 0.0050 0.0051
18.5724 0.0049 0.0050
18.5901 0.0048 0.0050
18.6078 0.0048 0.0049
18.6256 0.0047 0.0049
18.6433 0.0047 0.0048
18.6611 0.0046 0.0048
18.6788 0.0046 0.0047
18.6965 0.0045 0.0047
18.7143 0.0045 0.0047
18.7320 0.0044 0.0046
18.7498 0.0044 0.0046
18.7675 0.0043 0.0045
18.7852 0.0043 0.0045
18.8030 0.0042 0.0045
18.8207 0.0042 0.0044
18.8384 0.0041 0.0044
18.8562 0.0041 0.0044
18.8739 0.0041 0.0043
18.8917 0.0040 0.0043
18.9094 0.0040 0.0042
18.9271 0.0039 0.0042
18.9449 0.0039 0.0042
18.9626 0.0038 0.0041
18.9804 0.0038 0.0041
18.9981 0.0037 0.0041
19.0158 0.0037 0.0040
19.0336 0.0036 0.0040
19.0513 0.0036 0.0039
19.0690 0.0035 0.0039
19.0868 0.0035 0.0039
19.1045 0.0035 0.0038
19.1223 0.0034 0.0038
19.1400 0.0034 0.0038
19.1577 0.0033 0.0037
19.1755 0.0033 0.0037
19.1932 0.0033 0.0036
19.2110 0.0032 0.0036
19.2287 0.0032 0.0036
19.2464 0.0032 0.0035
19.2642 0.0031 0.0035
19.2819 0.0031 0.0035
19.2996 0.0031 0.0034
19.3174 0.0030 0.0034
19.3351 0.0030 0.0034
19.3529 0.0030 0.0033
19.3706 0.0029 0.0033
19.3883 0.0029 0.0033
19.4061 0.0029 0.0032
19.4238 0.0029 0.0032
19.4416 0.0028 0.0032
19.4593 0.0028 0.0031
19.4770 0.0028 0.0031
19.4948 0.0028 0.0031
19.5125 0.0027 0.0030
19.5303 0.0027 0.0030
19.5480 0.0027 0.0030
19.5657 0.0026 0.0029
19.5835 0.0026 0.0029
19.6012 0.0026 0.0029
19.6189 0.0026 0.0028
19.6367 0.0025 0.0028
19.6544 0.0025 0.0028
19.6722 0.0025 0.0028
19.6899 0.0025 0.0027
19.7076 0.0025 0.0027
19.7254 0.0024 0.0027
19.7431 0.0024 0.0026
19.7609 0.0024 0.0026
19.7786 0.0024 0.0026
19.7963 0.0024 0.0025
19.8141 0.0023 0.0025
19.8318 0.0023 0.0025
19.8495 0.0023 0.0025
19.8673 0.0023 0.0024
19.8850 0.0023 0.0024
19.9028 0.0022 0.0024
19.9205 0.0022 0.0024
19.9382 0.0022 0.0023
19.9560 0.0022 0.0023
19.9737 0.0021 0.0023
19.9915 0.0021 0.0023
20.0092 0.0021 0.0022
20.0269 0.0021 0.0022
20.0447 0.0020 0.0022
20.0624 0.0020 0.0022
20.0801 0.0020 0.0022
20.0979 0.0020 0.0021
20.1156 0.0020 0.0021
20.1334 0.0019 0.0021
20.1511 0.0019 0.0021
20.1688 0.0019 0.0021
20.1866 0.0019 0.0021
20.2043 0.0019 0.0020
20.2221 0.0018 0.0020
20.2398 0.0018 0.0020
20.2575 0.0018 0.0020
20.2753 0.0018 0.0020
20.2930 0.0018 0.0019
20.3108 0.0018 0.0019
20.3285 0.0018 0.0019
20.3462 0.0017 0.0019
20.3640 0.0017 0.0019
20.3817 0.0017 0.0019
20.3994 0.0017 0.0018
20.4172 0.0017 0.0018
20.4349 0.0017 0.0018
20.4527 0.0017 0.0018
20.4704 0.0017 0.0018
20.4881 0.0016 0.0017
20.5059 0.0016 0.0017
20.5236 0.0016 0.0017
20.5414 0.0016 0.0017
20.5591 0.0016 0.0017
20.5768 0.0016 0.0016
20.5946 0.0016 0.0016
20.6123 0.0015 0.0016
20.6300 0.0015 0.0016
20.6478 0.0015 0.0016
20.6655 0.0015 0.0015
20.6833 0.0015 0.0015
20.7010 0.0015 0.0015
20.7187 0.0015 0.0015
20.7365 0.0014 0.0015
20.7542 0.0014 0.0015
20.7720 0.0014 0.0014
20.7897 0.0014 0.0014
20.8074 0.0014 0.0014
20.8252 0.0014 0.0014
20.8429 0.0014 0.0014
20.8606 0.0013 0.0014
20.8784 0.0013 0.0014
20.8961 0.0013 0.0014
20.9139 0.0013 0.0013
20.9316 0.0013 0.0013
20.9493 0.0013 0.0013
20.9671 0.0013 0.0013
20.9848 0.0013 0.0013
21.0026 0.0013 0.0013
21.0203 0.0012 0.0013
21.0380 0.0012 0.0013
21.0558 0.0012 0.0013
21.0735 0.0012 0.0013
21.0913 0.0012 0.0013
21.1090 0.0012 0.0013
21.1267 0.0012 0.0012
21.1445 0.0012 0.0012
21.1622 0.0012 0.0012
21.1799 0.0012 0.0012
21.1977 0.0012 0.0012
21.2154 0.0012 0.0012
21.2332 0.0012 0.0012
21.2509 0.0011 0.0012
21.2686 0.0011 0.0012
21.2864 0.0011 0.0012
21.3041 0.0011 0.0012
21.3219 0.0011 0.0011
21.3396 0.0011 0.0011
21.3573 0.0011 0.0011
21.3751 0.0011 0.0011
21.3928 0.0011 0.0011
21.4105 0.0011 0.0011
21.4283 0.0011 0.0011
21.4460 0.0011 0.0011
21.4638 0.0010 0.0011
21.4815 0.0010 0.0011
21.4992 0.0010 0.0011
21.5170 0.0010 0.0010
21.5347 0.0010 0.0010
21.5525 0.0010 0.0010
21.5702 0.0010 0.0010
21.5879 0.0010 0.0010
21.6057 0.0010 0.0010
21.6234 0.0010 0.0010
21.6412 0.0010 0.0010
21.6589 0.0010 0.0010
21.6766 0.0009 0.0010
21.6944 0.0009 0.0010
21.7121 0.0009 0.0010
21.7298 0.0009 0.0010
21.7476 0.0009 0.0009
21.7653 0.0009 0.0009
21.7831 0.0009 0.0009
21.8008 0.0009 0.0009
21.8185 0.0009 0.0009
21.8363 0.0009 0.0009
21.8540 0.0009 0.0009
21.8718 0.0009 0.0009
21.8895 0.0009 0.0009
21.9072 0.0009 0.0009
21.9250 0.0009 0.0009
21.9427 0.0009 0.0009
21.9604 0.0009 0.0009
21.9782 0.0009 0.0009
21.9959 0.0009 0.0009
22.0137 0.0008 0.0009
22.0314 0.0008 0.0009
22.0491 0.0008 0.0009
22.0669 0.0008 0.0009
22.0846 0.0008 0.0009
22.1024 0.0008 0.0009
22.1201 0.0008 0.0009
22.1378 0.0008 0.0009
22.1556 0.0008 0.0009
22.1733 0.0008 0.0009
22.1910 0.0008 0.0009
22.2088 0.0008 0.0008
22.2265 0.0008 0.0008
22.2443 0.0008 0.0008
22.2620 0.0008 0.0008
22.2797 0.0008 0.0008
22.2975 0.0008 0.0008
22.3152 0.0008 0.0008
22.3330 0.0008 0.0008
22.3507 0.0008 0.0008
22.3684 0.0008 0.0008
22.3862 0.0008 0.0008
22.4039 0.0008 0.0008
22.4217 0.0008 0.0008
22.4394 0.0008 0.0008
22.4571 0.0008 0.0008
22.4749 0.0008 0.0008
22.4926 0.0008 0.0008
22.5103 0.0008 0.0008
22.5281 0.0008 0.0008
22.5458 0.0008 0.0007
22.5636 0.0008 0.0007
22.5813 0.0008 0.0007
22.5990 0.0008 0.0007
22.6168 0.0008 0.0007
22.6345 0.0008 0.0007
22.6523 0.0008 0.0007
22.6700 0.0008 0.0007
22.6877 0.0008 0.0007
22.7055 0.0008 0.0007
22.7232 0.0007 0.0007
22.7409 0.0007 0.0007
22.7587 0.0007 0.0007
22.7764 0.0007 0.0007
22.7942 0.0007 0.0007
22.8119 0.0007 0.0007
22.8296 0.0007 0.0007
22.8474 0.0007 0.0007
22.8651 0.0007 0.0007
22.8829 0.0007 0.0007
22.9006 0.0007 0.0007
22.9183 0.0007 0.0007
22.9361 0.0007 0.0007
22.9538 0.0007 0.0007
22.9715 0.0007 0.0007
22.9893 0.0007 0.0007
23.0070 0.0007 0.0007
23.0248 0.0007 0.0007
23.0425 0.0007 0.0007
23.0602 0.0007 0.0007
23.0780 0.0007 0.0007
23.0957 0.0007 0.0007
23.1135 0.0007 0.0007
23.1312 0.0007 0.0007
23.1489 0.0007 0.0007
23.1667 0.0007 0.0007
23.1844 0.0007 0.0007
23.2022 0.0007 0.0007
23.2199 0.0007 0.0007
23.2376 0.0007 0.0007
23.2554 0.0007 0.0007
23.2731 0.0007 0.0007
23.2908 0.0007 0.0007
23.3086 0.0007 0.0007
23.3263 0.0007 0.0007
23.3441 0.0007 0.0007
23.3618 0.0007 0.0007
23.3795 0.0007 0.0007
23.3973 0.0007 0.0007
23.4150 0.0007 0.0007
23.4328 0.0007 0.0007
23.4505 0.0007 0.0007
23.4682 0.0007 0.0007
23.4860 0.0007 0.0007
23.5037 0.0007 0.0007
23.5214 0.0007 0.0007
23.5392 0.0007 0.0007
23.5569 0.0007 0.0007
23.5747 0.0007 0.0007
23.5924 0.0007 0.0007
23.6101 0.0007 0.0007
23.6279 0.0007 0.0007
23.6456 0.0007 0.0007
23.6634 0.0007 0.0007
23.6811 0.0007 0.0007
23.6988 0.0007 0.0007
23.7166 0.0007 0.0007
23.7343 0.0007 0.0007
23.7520 0.0007 0.0007
23.7698 0.0007 0.0007
23.7875 0.0007 0.0007
23.8053 0.0007 0.0007
23.8230 0.0006 0.0007
23.8407 0.0006 0.0007
23.8585 0.0006 0.0006
23.8762 0.0006 0.0006
23.8940 0.0006 0.0006
23.9117 0.0006 0.0006
23.9294 0.0006 0.0006
23.9472 0.0006 0.0006
23.9649 0.0006 0.0006
23.9827 0.0006 0.0006
24.0004 0.0006 0.0006
24.0181 0.0006 0.0006
24.0359 0.0006 0.0006
24.0536 0.0006 0.0006
24.0713 0.0006 0.0006
24.0891 0.0006 0.0006
24.1068 0.0006 0.0006
24.1246 0.0006 0.0006
24.1423 0.0006 0.0006
24.1600 0.0006 0.0006
24.1778 0.0006 0.0006
24.1955 0.0006 0.0006
24.2133 0.0006 0.0006
24.2310 0.0006 0.0006
24.2487 0.0006 0.0006
24.2665 0.0006 0.0006
24.2842 0.0006 0.0006
24.3019 0.0006 0.0005
24.3197 0.0006 0.0005
24.3374 0.0006 0.0005
24.3552 0.0006 0.0005
24.3729 0.0006 0.0005
24.3906 0.0005 0.0005
24.4084 0.0005 0.0005
24.4261 0.0005 0.0005
24.4439 0.0005 0.0005
24.4616 0.0005 0.0005
24.4793 0.0005 0.0005
24.4971 0.0005 0.0005
24.5148 0.0005 0.0005
24.5325 0.0005 0.0005
24.5503 0.0005 0.0005
24.5680 0.0005 0.0005
24.5858 0.0005 0.0005
24.6035 0.0005 0.0005
24.6212 0.0005 0.0005
24.6390 0.0005 0.0005
24.6567 0.0005 0.0005
24.6745 0.0005 0.0005
24.6922 0.0005 0.0005
24.7099 0.0005 0.0005
24.7277 0.0005 0.0005
24.7454 0.0005 0.0005
24.7632 0.0005 0.0005
24.7809 0.0005 0.0005
24.7986 0.0005 0.0005
24.8164 0.0005 0.0005
24.8341 0.0005 0.0005
24.8518 0.0005 0.0004
24.8696 0.0005 0.0004
24.8873 0.0005 0.0004
24.9051 0.0005 0.0004
24.9228 0.0005 0.0004
24.9405 0.0004 0.0004
24.9583 0.0004 0.0004
24.9760 0.0004 0.0004
24.9938 0.0004 0.0004
25.0115 0.0004 0.0004
25.0292 0.0004 0.0004
25.0470 0.0004 0.0004
25.0647 0.0004 0.0004
25.0824 0.0004 0.0004
25.1002 0.0004 0.0004
25.1179 0.0004 0.0004
25.1357 0.0004 0.0004
25.1534 0.0004 0.0004
25.1711 0.0004 0.0004
25.1889 0.0004 0.0004
25.2066 0.0004 0.0004
25.2244 0.0004 0.0004
25.2421 0.0004 0.0004
25.2598 0.0004 0.0004
25.2776 0.0004 0.0004
25.2953 0.0004 0.0004
25.3131 0.0004 0.0003
25.3308 0.0004 0.0003
25.3485 0.0003 0.0003
25.3663 0.0003 0.0003
25.3840 0.0003 0.0003
25.4017 0.0003 0.0003
25.4195 0.0003 0.0003
25.4372 0.0003 0.0003
25.4550 0.0003 0.0003
25.4727 0.0003 0.0003
25.4904 0.0003 0.0003
25.5082 0.0003 0.0003
25.5259 0.0003 0.0003
25.5437 0.0003 0.0003
25.5614 0.0003 0.0003
25.5791 0.0003 0.0003
25.5969 0.0003 0.0003
25.6146 0.0003 0.0003
25.6323 0.0003 0.0003
25.6501 0.0003 0.0003
25.6678 0.0003 0.0003
25.6856 0.0003 0.0003
25.7033 0.0003 0.0003
25.7210 0.0003 0.0003
25.7388 0.0003 0.0003
25.7565 0.0003 0.0003
25.7743 0.0003 0.0003
25.7920 0.0003 0.0003
25.8097 0.0003 0.0003
25.8275 0.0003 0.0003
25.8452 0.0003 0.0003
25.8629 0.0003 0.0003
25.8807 0.0003 0.0003
25.8984 0.0003 0.0003
25.9162 0.0002 0.0003
25.9339 0.0002 0.0003
25.9516 0.0002 0.0002
25.9694 0.0002 0.0002
25.9871 0.0002 0.0002
26.0049 0.0002 0.0002
26.0226 0.0002 0.0002
26.0403 0.0002 0.0002
26.0581 0.0002 0.0002
26.0758 0.0002 0.0002
26.0936 0.0002 0.0002
26.1113 0.0002 0.0002
26.1290 0.0002 0.0002
26.1468 0.0002 0.0002
26.1645 0.0002 0.0002
26.1822 0.0002 0.0002
26.2000 0.0002 0.0002
26.2177 0.0002 0.0002
26.2355 0.0002 0.0002
26.2532 0.0002 0.0002
26.2709 0.0002 0.0002
26.2887 0.0002 0.0002
26.3064 0.0002 0.0002
26.3242 0.0002 0.0002
26.3419 0.0002 0.0002
26.3596 0.0002 0.0002
26.3774 0.0002 0.0002
26.3951 0.0002 0.0002
26.4128 0.0002 0.0002
26.4306 0.0002 0.0002
26.4483 0.0002 0.0002
26.4661 0.0002 0.0002
26.4838 0.0002 0.0002
26.5015 0.0002 0.0002
26.5193 0.0002 0.0002
26.5370 0.0002 0.0002
26.5548 0.0002 0.0002
26.5725 0.0002 0.0002
26.5902 0.0002 0.0002
26.6080 0.0002 0.0002
26.6257 0.0002 0.0002
26.6434 0.0002 0.0002
26.6612 0.0002 0.0002
26.6789 0.0002 0.0001
26.6967 0.0002 0.0001
26.7144 0.0002 0.0001
26.7321 0.0002 0.0001
26.7499 0.0002 0.0001
26.7676 0.0002 0.0001
26.7854 0.0002 0.0001
26.8031 0.0002 0.0001
26.8208 0.0002 0.0001
26.8386 0.0001 0.0001
26.8563 0.0001 0.0001
26.8741 0.0001 0.0001
26.8918 0.0001 0.0001
26.9095 0.0001 0.0001
26.9273 0.0001 0.0001
26.9450 0.0001 0.0001
26.9627 0.0001 0.0001
26.9805 0.0001 0.0001
26.9982 0.0001 0.0001
27.0160 0.0001 0.0001
27.0337 0.0001 0.0001
27.0514 0.0001 0.0001
27.0692 0.0001 0.0001
27.0869 0.0001 0.0001
27.1047 0.0001 0.0001
27.1224 0.0001 0.0001
27.1401 0.0001 0.0001
27.1579 0.0001 0.0001
27.1756 0.0001 0.0001
27.1933 0.0001 0.0001
27.2111 0.0001 0.0001
27.2288 0.0001 0.0001
27.2466 0.0001 0.0001
27.2643 0.0001 0.0001
27.2820 0.0001 0.0001
27.2998 0.0001 0.0001
27.3175 0.0001 0.0001
27.3353 0.0001 0.0001
27.3530 0.0001 0.0001
27.3707 0.0001 0.0001
27.3885 0.0001 0.0001
27.4062 0.0001 0.0001
27.4239 0.0001 0.0001
27.4417 0.0001 0.0001
27.4594 0.0001 0.0001
27.4772 0.0001 0.0001
27.4949 0.0001 0.0001
27.5126 0.0001 0.0001
27.5304 0.0001 0.0001
27.5481 0.0001 0.0001
27.5659 0.0001 0.0001
27.5836 0.0001 0.0001
27.6013 0.0001 0.0001
27.6191 0.0001 0.0001
27.6368 0.0001 0.0001
27.6546 0.0001 0.0001
27.6723 0.0001 0.0001
27.6900 0.0001 0.0001
27.7078 0.0001 0.0001
27.7255 0.0001 0.0001
27.7432 0.0001 0.0001
27.7610 0.0001 0.0001
27.7787 0.0001 0.0001
27.7965 0.0001 0.0001
27.8142 0.0001 0.0001
27.8319 0.0001 0.0001
27.8497 0.0001 0.0001
27.8674 0.0001 0.0001
27.8852 0.0001 0.0001
27.9029 0.0001 0.0001
27.9206 0.0001 0.0001
27.9384 0.0001 0.0001
27.9561 0.0001 0.0001
27.9738 0.0001 0.0001
27.9916 0.0001 0.0001
28.0093 0.0001 0.0001
28.0271 0.0001 0.0001
28.0448 0.0001 0.0001
28.0625 0.0001 0.0001
28.0803 0.0001 0.0001
28.0980 0.0001 0.0001
28.1158 0.0001 0.0001
28.1335 0.0001 0.0001
28.1512 0.0001 0.0001
28.1690 0.0001 0.0001
28.1867 0.0001 0.0001
28.2045 0.0000 0.0001
28.2222 0.0000 0.0001
28.2399 0.0000 0.0001
28.2577 0.0000 0.0000
28.2754 0.0000 0.0000
28.2931 0.0000 0.0000
28.3109 0.0000 0.0000
28.3286 0.0000 0.0000
28.3464 0.0000 0.0000
28.3641 0.0000 0.0000
28.3818 0.0000 0.0000
28.3996 0.0000 0.0000
28.4173 0.0000 0.0000
28.4351 0.0000 0.0000
28.4528 0.0000 0.0000
28.4705 0.0000 0.0000
28.4883 0.0000 0.0000
28.5060 0.0000 0.0000
28.5237 0.0000 0.0000
28.5415 0.0000 0.0000
28.5592 0.0000 0.0000
28.5770 0.0000 0.0000
28.5947 0.0000 0.0000
28.6124 0.0000 0.0000
28.6302 0.0000 0.0000
28.6479 0.0000 0.0000
28.6657 0.0000 0.0000
28.6834 0.0000 0.0000
28.7011 0.0000 0.0000
28.7189 0.0000 0.0000
28.7366 0.0000 0.0000
28.7543 0.0000 0.0000
28.7721 0.0000 0.0000
28.7898 0.0000 0.0000
28.8076 0.0000 0.0000
28.8253 0.0000 0.0000
28.8430 0.0000 0.0000
28.8608 0.0000 0.0000
28.8785 0.0000 0.0000
28.8963 0.0000 0.0000
28.9140 0.0000 0.0000
28.9317 0.0000 0.0000
28.9495 0.0000 0.0000
28.9672 0.0000 0.0000
28.9850 0.0000 0.0000
29.0027 0.0000 0.0000
29.0204 0.0000 0.0000
29.0382 0.0000 0.0000
29.0559 0.0000 0.0000
29.0736 0.0000 0.0000
29.0914 0.0000 0.0000
29.1091 0.0000 0.0000
29.1269 0.0000 0.0000
29.1446 0.0000 0.0000
29.1623 0.0000 0.0000
29.1801 0.0000 0.0000
29.1978 0.0000 0.0000
29.2156 0.0000 0.0000
29.2333 0.0000 0.0000
29.2510 0.0000 0.0000
29.2688 0.0000 0.0000
29.2865 0.0000 0.0000
29.3042 0.0000 0.0000
29.3220 0.0000 0.0000
29.3397 0.0000 0.0000
29.3575 0.0000 0.0000
29.3752 0.0000 0.0000
29.3929 0.0000 0.0000
29.4107 0.0000 0.0000
29.4284 0.0000 0.0000
29.4462 0.0000 0.0000
29.4639 0.0000 0.0000
29.4816 0.0000 0.0000
29.4994 0.0000 0.0000
29.5171 0.0000 0.0000
29.5348 0.0000 0.0000
29.5526 0.0000 0.0000
29.5703 0.0000 0.0000
29.5881 0.0000 0.0000
29.6058 0.0000 0.0000
29.6235 0.0000 0.0000
29.6413 0.0000 0.0000
29.6590 0.0000 0.0000
29.6768 0.0000 0.0000
29.6945 0.0000 0.0000
29.7122 0.0000 0.0000
29.7300 0.0000 0.0000
29.7477 0.0000 0.0000
29.7655 0.0000 0.0000
29.7832 0.0000 0.0000
29.8009 0.0000 0.0000
29.8187 0.0000 0.0000
29.8364 0.0000 0.0000
29.8541 0.0000 0.0000
29.8719 0.0000 0.0000
29.8896 0.0000 0.0000
29.9074 0.0000 0.0000
29.9251 0.0000 0.0000
29.9428 0.0000 0.0000
29.9606 0.0000 0.0000
29.9783 0.0000 0.0000
29.9961 0.0000 0.0000
30.0138 0.0000 0.0000
30.0315 0.0000 0.0000
30.0493 0.0000 0.0000
30.0670 0.0000 0.0000
30.0847 0.0000 0.0000
30.1025 0.0000 0.0000
30.1202 0.0000 0.0000
30.1380 0.0000 0.0000
30.1557 0.0000 0.0000
30.1734 0.0000 0.0000
30.1912 0.0000 0.0000
30.2089 0.0000 0.0000
30.2267 0.0000 0.0000
30.2444 0.0000 0.0000
30.2621 0.0000 0.0000
30.2799 0.0000 0.0000
30.2976 0.0000 0.0000
30.3153 0.0000 0.0000
30.3331 0.0000 0.0000
30.3508 0.0000 0.0000
30.3686 0.0000 0.0000
30.3863 0.0000 0.0000
30.4040 0.0000 0.0000
30.4218 0.0000 0.0000
30.4395 0.0000 0.0000
30.4573 0.0000 0.0000
30.4750 0.0000 0.0000
30.4927 0.0000 0.0000
30.5105 0.0000 0.0000
30.5282 0.0000 0.0000
30.5460 0.0000 0.0000
30.5637 0.0000 0.0000
30.5814 0.0000 0.0000
30.5992 0.0000 0.0000
30.6169 0.0000 0.0000
30.6346 0.0000 0.0000
30.6524 0.0000 0.0000
30.6701 0.0000 0.0000
30.6879 0.0000 0.0000
30.7056 0.0000 0.0000
30.7233 0.0000 0.0000
30.7411 0.0000 0.0000
30.7588 0.0000 0.0000
30.7766 0.0000 0.0000
30.7943 0.0000 0.0000
30.8120 0.0000 0.0000
30.8298 0.0000 0.0000
30.8475 0.0000 0.0000
30.8652 0.0000 0.0000
30.8830 0.0000 0.0000
30.9007 0.0000 0.0000
30.9185 0.0000 0.0000
30.9362 0.0000 0.0000
30.9539 0.0000 0.0000
30.9717 0.0000 0.0000
30.9894 0.0000 0.0000
31.0072 0.0000 0.0000
31.0249 0.0000 0.0000
31.0426 0.0000 0.0000
31.0604 0.0000 0.0000
31.0781 0.0000 0.0000
31.0958 0.0000 0.0000
31.1136 0.0000 0.0000
31.1313 0.0000 0.0000
31.1491 0.0000 0.0000
31.1668 0.0000 0.0000
31.1845 0.0000 0.0000
31.2023 0.0000 0.0000
31.2200 0.0000 0.0000
31.2378 0.0000 0.0000
31.2555 0.0000 0.0000
31.2732 0.0000 0.0000
31.2910 0.0000 0.0000
31.3087 0.0000 0.0000
31.3265 0.0000 0.0000
31.3442 0.0000 0.0000
31.3619 0.0000 0.0000
31.3797 0.0000 0.0000
31.3974 0.0000 0.0000
31.4151 0.0000 0.0000
31.4329 0.0000 0.0000
31.4506 0.0000 0.0000
31.4684 0.0000 0.0000
31.4861 0.0000 0.0000
31.5038 0.0000 0.0000
31.5216 0.0000 0.0000
31.5393 0.0000 0.0000
31.5571 0.0000 0.0000
31.5748 0.0000 0.0000
31.5925 0.0000 0.0000
31.6103 0.0000 0.0000
31.6280 0.0000 0.0000
31.6457 0.0000 0.0000
31.6635 0.0000 0.0000
31.6812 0.0000 0.0000
31.6990 0.0000 0.0000
31.7167 0.0000 0.0000
31.7344 0.0000 0.0000
31.7522 0.0000 0.0000
31.7699 0.0000 0.0000
31.7877 0.0000 0.0000
31.8054 0.0000 0.0000
31.8231 0.0000 0.0000
31.8409 0.0000 0.0000
31.8586 0.0000 0.0000
31.8764 0.0000 0.0000
31.8941 0.0000 0.0000
31.9118 0.0000 0.0000
31.9296 0.0000 0.0000
31.9473 0.0000 0.0000
31.9650 0.0000 0.0000
31.9828 0.0000 0.0000
32.0005 0.0000 0.0000
32.0183 0.0000 0.0000
32.0360 0.0000 0.0000
32.0537 0.0000 0.0000
32.0715 0.0000 0.0000
32.0892 0.0000 0.0000
32.1070 0.0000 0.0000
32.1247 0.0000 0.0000
32.1424 0.0000 0.0000
32.1602 0.0000 0.0000
32.1779 0.0000 0.0000
32.1956 0.0000 0.0000
32.2134 0.0000 0.0000
32.2311 0.0000 0.0000
32.2489 0.0000 0.0000
32.2666 0.0000 0.0000
32.2843 0.0000 0.0000
32.3021 0.0000 0.0000
32.3198 0.0000 0.0000
32.3376 0.0000 0.0000
32.3553 0.0000 0.0000
32.3730 0.0000 0.0000
32.3908 0.0000 0.0000
32.4085 0.0000 0.0000
32.4262 0.0000 0.0000
32.4440 0.0000 0.0000
32.4617 0.0000 0.0000
32.4795 0.0000 0.0000
32.4972 0.0000 0.0000
32.5149 0.0000 0.0000
32.5327 0.0000 0.0000
32.5504 0.0000 0.0000
32.5682 0.0000 0.0000
32.5859 0.0000 0.0000
32.6036 0.0000 0.0000
32.6214 0.0000 0.0000
32.6391 0.0000 0.0000
32.6569 0.0000 0.0000
32.6746 0.0000 0.0000
32.6923 0.0000 0.0000
32.7101 0.0000 0.0000
32.7278 0.0000 0.0000
32.7455 0.0000 0.0000
32.7633 0.0000 0.0000
32.7810 0.0000 0.0000
32.7988 0.0000 0.0000
32.8165 0.0000 0.0000
32.8342 0.0000 0.0000
32.8520 0.0000 0.0000
32.8697 0.0000 0.0000
32.8875 0.0000 0.0000
32.9052 0.0000 0.0000
32.9229 0.0000 0.0000
32.9407 0.0000 0.0000
32.9584 0.0000 0.0000
32.9761 0.0000 0.0000
32.9939 0.0000 0.0000
33.0116 0.0000 0.0000
33.0294 0.0000 0.0000
33.0471 0.0000 0.0000
33.0648 0.0000 0.0000
33.0826 0.0000 0.0000
33.1003 0.0000 0.0000
33.1181 0.0000 0.0000
33.1358 0.0000 0.0000
33.1535 0.0000 0.0000
33.1713 0.0000 0.0000
33.1890 0.0000 0.0000
33.2067 0.0000 0.0000
33.2245 0.0000 0.0000
33.2422 0.0000 0.0000
33.2600 0.0000 0.0000
33.2777 0.0000 0.0000
33.2954 0.0000 0.0000
33.3132 0.0000 0.0000
33.3309 0.0000 0.0000
33.3487 0.0000 0.0000
33.3664 0.0000 0.0000
33.3841 0.0000 0.0000
33.4019 0.0000 0.0000
33.4196 0.0000 0.0000
33.4374 0.0000 0.0000
33.4551 0.0000 0.0000
33.4728 0.0000 0.0000
33.4906 0.0000 0.0000
33.5083 0.0000 0.0000
33.5260 0.0000 0.0000
33.5438 0.0000 0.0000
33.5615 0.0000 0.0000
33.5793 0.0000 0.0000
33.5970 0.0000 0.0000
33.6147 0.0000 0.0000
33.6325 0.0000 0.0000
33.6502 0.0000 0.0000
33.6680 0.0000 0.0000
33.6857 0.0000 0.0000
33.7034 0.0000 0.0000
33.7212 0.0000 0.0000
33.7389 0.0000 0.0000
33.7566 0.0000 0.0000
33.7744 0.0000 0.0000
33.7921 0.0000 0.0000
33.8099 0.0000 0.0000
33.8276 0.0000 0.0000
33.8453 0.0000 0.0000
33.8631 0.0000 0.0000
33.8808 0.0000 0.0000
33.8986 0.0000 0.0000
33.9163 0.0000 0.0000
33.9340 0.0000 0.0000
33.9518 0.0000 0.0000
33.9695 0.0000 0.0000
33.9872 0.0000 0.0000
34.0050 0.0000 0.0000
34.0227 0.0000 0.0000
34.0405 0.0000 0.0000
34.0582 0.0000 0.0000
34.0759 0.0000 0.0000
34.0937 0.0000 0.0000
34.1114 0.0000 0.0000
34.1292 0.0000 0.0000
34.1469 0.0000 0.0000
34.1646 0.0000 0.0000
34.1824 0.0000 0.0000
34.2001 0.0000 0.0000
34.2179 0.0000 0.0000
34.2356 0.0000 0.0000
34.2533 0.0000 0.0000
34.2711 0.0000 0.0000
34.2888 0.0000 0.0000
34.3065 0.0000 0.0000
34.3243 0.0000 0.0000
34.3420 0.0000 0.0000
34.3598 0.0000 0.0000
34.3775 0.0000 0.0000
34.3952 0.0000 0.0000
34.4130 0.0000 0.0000
34.4307 0.0000 0.0000
34.4485 0.0000 0.0000
34.4662 0.0000 0.0000
34.4839 0.0000 0.0000
34.5017 0.0000 0.0000
34.5194 0.0000 0.0000
34.5371 0.0000 0.0000
34.5549 0.0000 0.0000
34.5726 0.0000 0.0000
34.5904 0.0000 0.0000
34.6081 0.0000 0.0000
34.6258 0.0000 0.0000
34.6436 0.0000 0.0000
34.6613 0.0000 0.0000
34.6791 0.0000 0.0000
34.6968 0.0000 0.0000
34.7145 0.0000 0.0000
34.7323 0.0000 0.0000
34.7500 0.0000 0.0000
34.7677 0.0000 0.0000
34.7855 0.0000 0.0000
34.8032 0.0000 0.0000
34.8210 0.0000 0.0000
34.8387 0.0000 0.0000
34.8564 0.0000 0.0000
34.8742 0.0000 0.0000
34.8919 0.0000 0.0000
34.9097 0.0000 0.0000
34.9274 0.0000 0.0000
34.9451 0.0000 0.0000
34.9629 0.0000 0.0000
34.9806 0.0000 0.0000
34.9984 0.0000 0.0000
35.0161 0.0000 0.0000
35.0338 0.0000 0.0000
35.0516 0.0000 0.0000
35.0693 0.0000 0.0000
35.0870 0.0000 0.0000
35.1048 0.0000 0.0000
35.1225 0.0000 0.0000
35.1403 0.0000 0.0000
35.1580 0.0000 0.0000
35.1757 0.0000 0.0000
35.1935 0.0000 0.0000
35.2112 0.0000 0.0000
35.2290 0.0000 0.0000
35.2467 0.0000 0.0000
35.2644 0.0000 0.0000
35.2822 0.0000 0.0000
35.2999 0.0000 0.0000
35.3176 0.0000 0.0000
35.3354 0.0000 0.0000
35.3531 0.0000 0.0000
35.3709 0.0000 0.0000
35.3886 0.0000 0.0000
35.4063 0.0000 0.0000
35.4241 0.0000 0.0000
35.4418 0.0000 0.0000
35.4596 0.0000 0.0000
