0.0000 0.0000 0.0000
0.0176 1.3530 0.9949
0.0351 2.6838 1.9757
0.0527 3.9707 2.9289
0.0702 5.1941 3.8416
0.0878 6.3364 4.7026
0.1053 7.3828 5.5021
0.1229 8.3220 6.2320
0.1404 9.1460 6.8867
0.1580 9.8502 7.4621
0.1755 10.4335 7.9564
0.1931 10.8978 8.3698
0.2106 11.2476 8.7040
0.2282 11.4896 8.9623
0.2458 11.6322 9.1491
0.2633 11.6849 9.2699
0.2809 11.6580 9.3308
0.2984 11.5621 9.3383
0.3160 11.4073 9.2990
0.3335 11.2037 9.2196
0.3511 10.9606 9.1065
0.3686 10.6863 8.9657
0.3862 10.3885 8.8029
0.4037 10.0739 8.6232
0.4213 9.7484 8.4313
0.4388 9.4170 8.2310
0.4564 9.0839 8.0259
0.4740 8.7528 7.8187
0.4915 8.4266 7.6120
0.5091 8.1078 7.4075
0.5266 7.7985 7.2068
0.5442 7.5001 7.0109
0.5617 7.2141 6.8206
0.5793 6.9412 6.6362
0.5968 6.6823 6.4582
0.6144 6.4377 6.2865
0.6319 6.2077 6.1211
0.6495 5.9922 5.9617
0.6670 5.7910 5.8083
0.6846 5.6040 5.6603
0.7022 5.4305 5.5177
0.7197 5.2701 5.3801
0.7373 5.1221 5.2474
0.7548 4.9859 5.1192
0.7724 4.8608 4.9954
0.7899 4.7461 4.8760
0.8075 4.6410 4.7610
0.8250 4.5449 4.6502
0.8426 4.4571 4.5439
0.8601 4.3769 4.4421
0.8777 4.3036 4.3450
0.8952 4.2367 4.2526
0.9128 4.1755 4.1652
0.9304 4.1193 4.0827
0.9479 4.0678 4.0054
0.9655 4.0201 3.9332
0.9830 3.9758 3.8660
1.0006 3.9344 3.8037
1.0181 3.8952 3.7460
1.0357 3.8577 3.6928
1.0532 3.8216 3.6435
1.0708 3.7862 3.5978
1.0883 3.7513 3.5552
1.1059 3.7166 3.5152
1.1234 3.6816 3.4773
1.1410 3.6462 3.4408
1.1586 3.6104 3.4054
1.1761 3.5740 3.3705
1.1937 3.5369 3.3357
1.2112 3.4994 3.3006
1.2288 3.4615 3.2650
1.2463 3.4232 3.2286
1.2639 3.3849 3.1913
1.2814 3.3466 3.1530
1.2990 3.3086 3.1138
1.3165 3.2709 3.0739
1.3341 3.2338 3.0333
1.3516 3.1974 2.9924
1.3692 3.1618 2.9514
1.3868 3.1270 2.9109
1.4043 3.0932 2.8711
1.4219 3.0605 2.8326
1.4394 3.0288 2.7956
1.4570 2.9983 2.7606
1.4745 2.9691 2.7279
1.4921 2.9411 2.6977
1.5096 2.9145 2.6704
1.5272 2.8893 2.6460
1.5447 2.8655 2.6246
1.5623 2.8433 2.6061
1.5798 2.8227 2.5904
1.5974 2.8035 2.5773
1.6150 2.7859 2.5666
1.6325 2.7697 2.5579
1.6501 2.7548 2.5509
1.6676 2.7410 2.5452
1.6852 2.7282 2.5405
1.7027 2.7162 2.5363
1.7203 2.7047 2.5322
1.7378 2.6937 2.5279
1.7554 2.6829 2.5230
1.7729 2.6722 2.5172
1.7905 2.6613 2.5102
1.8080 2.6504 2.5019
1.8256 2.6392 2.4920
1.8432 2.6279 2.4805
1.8607 2.6162 2.4671
1.8783 2.6044 2.4519
1.8958 2.5924 2.4349
1.9134 2.5802 2.4161
1.9309 2.5679 2.3956
1.9485 2.5555 2.3736
1.9660 2.5429 2.3502
1.9836 2.5302 2.3257
2.0011 2.5172 2.3003
2.0187 2.5040 2.2742
2.0362 2.4905 2.2477
2.0538 2.4767 2.2212
2.0714 2.4623 2.1948
2.0889 2.4475 2.1689
2.1065 2.4322 2.1436
2.1240 2.4163 2.1192
2.1416 2.3998 2.0958
2.1591 2.3828 2.0737
2.1767 2.3652 2.0528
2.1942 2.3471 2.0333
2.2118 2.3285 2.0152
2.2293 2.3095 1.9983
2.2469 2.2902 1.9828
2.2644 2.2705 1.9684
2.2820 2.2506 1.9551
2.2996 2.2305 1.9427
2.3171 2.2101 1.9312
2.3347 2.1895 1.9203
2.3522 2.1688 1.9100
2.3698 2.1478 1.9001
2.3873 2.1265 1.8906
2.4049 2.1050 1.8813
2.4224 2.0832 1.8722
2.4400 2.0610 1.8631
2.4575 2.0385 1.8542
2.4751 2.0156 1.8453
2.4926 1.9923 1.8364
2.5102 1.9687 1.8275
2.5278 1.9447 1.8187
2.5453 1.9205 1.8098
2.5629 1.8961 1.8010
2.5804 1.8715 1.7922
2.5980 1.8468 1.7835
2.6155 1.8223 1.7748
2.6331 1.7978 1.7661
2.6506 1.7735 1.7574
2.6682 1.7496 1.7487
2.6857 1.7260 1.7399
2.7033 1.7029 1.7311
2.7208 1.6803 1.7221
2.7384 1.6583 1.7130
2.7560 1.6370 1.7037
2.7735 1.6163 1.6941
2.7911 1.5964 1.6842
2.8086 1.5773 1.6739
2.8262 1.5589 1.6632
2.8437 1.5414 1.6521
2.8613 1.5248 1.6404
2.8788 1.5090 1.6282
2.8964 1.4940 1.6155
2.9139 1.4799 1.6023
2.9315 1.4667 1.5885
2.9490 1.4542 1.5743
2.9666 1.4426 1.5597
2.9842 1.4317 1.5448
3.0017 1.4215 1.5296
3.0193 1.4120 1.5143
3.0368 1.4031 1.4990
3.0544 1.3948 1.4837
3.0719 1.3871 1.4686
3.0895 1.3798 1.4537
3.1070 1.3729 1.4391
3.1246 1.3664 1.4249
3.1421 1.3603 1.4111
3.1597 1.3545 1.3976
3.1773 1.3489 1.3845
3.1948 1.3435 1.3718
3.2124 1.3382 1.3594
3.2299 1.3331 1.3473
3.2475 1.3281 1.3354
3.2650 1.3231 1.3235
3.2826 1.3181 1.3118
3.3001 1.3130 1.3000
3.3177 1.3077 1.2882
3.3352 1.3022 1.2762
3.3528 1.2963 1.2641
3.3703 1.2901 1.2519
3.3879 1.2835 1.2394
3.4055 1.2763 1.2267
3.4230 1.2685 1.2138
3.4406 1.2601 1.2008
3.4581 1.2510 1.1876
3.4757 1.2413 1.1743
3.4932 1.2309 1.1609
3.5108 1.2199 1.1475
3.5283 1.2084 1.1341
3.5459 1.1963 1.1207
3.5634 1.1837 1.1075
3.5810 1.1709 1.0945
3.5985 1.1579 1.0816
3.6161 1.1447 1.0690
3.6337 1.1315 1.0567
3.6512 1.1185 1.0447
3.6688 1.1056 1.0331
3.6863 1.0931 1.0219
3.7039 1.0809 1.0111
3.7214 1.0691 1.0009
3.7390 1.0578 0.9911
3.7565 1.0470 0.9819
3.7741 1.0367 0.9732
3.7916 1.0269 0.9651
3.8092 1.0175 0.9575
3.8267 1.0086 0.9505
3.8443 1.0001 0.9440
3.8619 0.9920 0.9380
3.8794 0.9841 0.9326
3.8970 0.9765 0.9276
3.9145 0.9692 0.9230
3.9321 0.9619 0.9187
3.9496 0.9547 0.9148
3.9672 0.9476 0.9111
3.9847 0.9405 0.9075
4.0023 0.9334 0.9041
4.0198 0.9262 0.9007
4.0374 0.9190 0.8973
4.0549 0.9117 0.8937
4.0725 0.9043 0.8901
4.0901 0.8969 0.8862
4.1076 0.8894 0.8820
4.1252 0.8819 0.8776
4.1427 0.8744 0.8729
4.1603 0.8670 0.8679
4.1778 0.8596 0.8625
4.1954 0.8523 0.8568
4.2129 0.8451 0.8507
4.2305 0.8380 0.8443
4.2480 0.8310 0.8376
4.2656 0.8241 0.8307
4.2831 0.8174 0.8235
4.3007 0.8108 0.8160
4.3183 0.8043 0.8084
4.3358 0.7981 0.8006
4.3534 0.7919 0.7928
4.3709 0.7860 0.7849
4.3885 0.7801 0.7770
4.4060 0.7745 0.7691
4.4236 0.7689 0.7613
4.4411 0.7635 0.7536
4.4587 0.7583 0.7460
4.4762 0.7532 0.7386
4.4938 0.7482 0.7314
4.5113 0.7433 0.7244
4.5289 0.7385 0.7176
4.5465 0.7339 0.7110
4.5640 0.7293 0.7047
4.5816 0.7248 0.6986
4.5991 0.7205 0.6926
4.6167 0.7162 0.6868
4.6342 0.7121 0.6812
4.6518 0.7080 0.6758
4.6693 0.7041 0.6704
4.6869 0.7003 0.6651
4.7044 0.6965 0.6599
4.7220 0.6929 0.6547
4.7395 0.6894 0.6496
4.7571 0.6860 0.6444
4.7747 0.6826 0.6393
4.7922 0.6793 0.6341
4.8098 0.6761 0.6290
4.8273 0.6729 0.6238
4.8449 0.6698 0.6187
4.8624 0.6667 0.6136
4.8800 0.6637 0.6085
4.8975 0.6606 0.6035
4.9151 0.6576 0.5986
4.9326 0.6546 0.5937
4.9502 0.6515 0.5890
4.9677 0.6485 0.5844
4.9853 0.6454 0.5800
5.0029 0.6424 0.5758
5.0204 0.6393 0.5718
5.0380 0.6362 0.5680
5.0555 0.6330 0.5644
5.0731 0.6298 0.5610
5.0906 0.6265 0.5579
5.1082 0.6231 0.5550
5.1257 0.6197 0.5523
5.1433 0.6161 0.5499
5.1608 0.6125 0.5478
5.1784 0.6087 0.5459
5.1959 0.6049 0.5442
5.2135 0.6009 0.5428
5.2311 0.5968 0.5416
5.2486 0.5926 0.5406
5.2662 0.5884 0.5397
5.2837 0.5841 0.5391
5.3013 0.5798 0.5385
5.3188 0.5755 0.5381
5.3364 0.5712 0.5378
5.3539 0.5670 0.5375
5.3715 0.5628 0.5373
5.3890 0.5587 0.5370
5.4066 0.5548 0.5366
5.4241 0.5510 0.5361
5.4417 0.5474 0.5355
5.4593 0.5439 0.5348
5.4768 0.5407 0.5338
5.4944 0.5376 0.5327
5.5119 0.5347 0.5314
5.5295 0.5320 0.5298
5.5470 0.5295 0.5281
5.5646 0.5272 0.5261
5.5821 0.5250 0.5240
5.5997 0.5230 0.5218
5.6172 0.5210 0.5194
5.6348 0.5192 0.5169
5.6523 0.5175 0.5144
5.6699 0.5158 0.5119
5.6875 0.5142 0.5093
5.7050 0.5126 0.5068
5.7226 0.5110 0.5043
5.7401 0.5094 0.5018
5.7577 0.5078 0.4994
5.7752 0.5063 0.4971
5.7928 0.5047 0.4949
5.8103 0.5031 0.4928
5.8279 0.5016 0.4907
5.8454 0.5000 0.4887
5.8630 0.4985 0.4868
5.8805 0.4969 0.4849
5.8981 0.4953 0.4830
5.9157 0.4938 0.4812
5.9332 0.4922 0.4794
5.9508 0.4906 0.4776
5.9683 0.4889 0.4758
5.9859 0.4872 0.4740
6.0034 0.4855 0.4721
6.0210 0.4836 0.4703
6.0385 0.4817 0.4684
6.0561 0.4797 0.4664
6.0736 0.4776 0.4644
6.0912 0.4754 0.4624
6.1087 0.4732 0.4603
6.1263 0.4708 0.4582
6.1439 0.4684 0.4561
6.1614 0.4659 0.4539
6.1790 0.4634 0.4517
6.1965 0.4608 0.4495
6.2141 0.4583 0.4473
6.2316 0.4558 0.4452
6.2492 0.4533 0.4431
6.2667 0.4508 0.4410
6.2843 0.4484 0.4390
6.3018 0.4460 0.4371
6.3194 0.4436 0.4352
6.3369 0.4413 0.4334
6.3545 0.4390 0.4316
6.3721 0.4367 0.4299
6.3896 0.4344 0.4283
6.4072 0.4320 0.4266
6.4247 0.4296 0.4250
6.4423 0.4271 0.4235
6.4598 0.4246 0.4219
6.4774 0.4219 0.4203
6.4949 0.4191 0.4186
6.5125 0.4163 0.4170
6.5300 0.4133 0.4153
6.5476 0.4102 0.4135
6.5651 0.4069 0.4117
6.5827 0.4037 0.4099
6.6003 0.4003 0.4080
6.6178 0.3969 0.4062
6.6354 0.3934 0.4043
6.6529 0.3900 0.4024
6.6705 0.3865 0.4006
6.6880 0.3831 0.3988
6.7056 0.3798 0.3970
6.7231 0.3765 0.3954
6.7407 0.3734 0.3938
6.7582 0.3703 0.3922
6.7758 0.3674 0.3908
6.7933 0.3647 0.3894
6.8109 0.3621 0.3881
6.8285 0.3598 0.3868
6.8460 0.3576 0.3855
6.8636 0.3555 0.3843
6.8811 0.3537 0.3831
6.8987 0.3521 0.3819
6.9162 0.3506 0.3807
6.9338 0.3494 0.3794
6.9513 0.3482 0.3781
6.9689 0.3473 0.3768
6.9864 0.3465 0.3754
7.0040 0.3458 0.3739
7.0215 0.3452 0.3724
7.0391 0.3446 0.3708
7.0567 0.3442 0.3692
7.0742 0.3437 0.3676
7.0918 0.3433 0.3659
7.1093 0.3429 0.3641
7.1269 0.3425 0.3624
7.1444 0.3421 0.3606
7.1620 0.3416 0.3587
7.1795 0.3410 0.3569
7.1971 0.3404 0.3550
7.2146 0.3398 0.3531
7.2322 0.3391 0.3512
7.2497 0.3383 0.3493
7.2673 0.3375 0.3474
7.2849 0.3366 0.3456
7.3024 0.3357 0.3437
7.3200 0.3348 0.3418
7.3375 0.3339 0.3400
7.3551 0.3330 0.3382
7.3726 0.3320 0.3364
7.3902 0.3311 0.3346
7.4077 0.3302 0.3329
7.4253 0.3294 0.3312
7.4428 0.3286 0.3295
7.4604 0.3278 0.3278
7.4779 0.3270 0.3262
7.4955 0.3262 0.3246
7.5131 0.3255 0.3230
7.5306 0.3247 0.3214
7.5482 0.3240 0.3199
7.5657 0.3233 0.3184
7.5833 0.3225 0.3169
7.6008 0.3217 0.3154
7.6184 0.3209 0.3141
7.6359 0.3200 0.3127
7.6535 0.3190 0.3114
7.6710 0.3180 0.3102
7.6886 0.3170 0.3090
7.7061 0.3159 0.3078
7.7237 0.3147 0.3068
7.7413 0.3135 0.3057
7.7588 0.3123 0.3047
7.7764 0.3110 0.3038
7.7939 0.3096 0.3028
7.8115 0.3082 0.3019
7.8290 0.3067 0.3010
7.8466 0.3052 0.3001
7.8641 0.3037 0.2992
7.8817 0.3021 0.2983
7.8992 0.3004 0.2974
7.9168 0.2988 0.2965
7.9343 0.2971 0.2956
7.9519 0.2953 0.2946
7.9695 0.2936 0.2936
7.9870 0.2918 0.2926
8.0046 0.2900 0.2916
8.0221 0.2883 0.2906
8.0397 0.2866 0.2896
8.0572 0.2849 0.2886
8.0748 0.2834 0.2876
8.0923 0.2819 0.2866
8.1099 0.2805 0.2856
8.1274 0.2792 0.2847
8.1450 0.2780 0.2839
8.1625 0.2770 0.2831
8.1801 0.2761 0.2824
8.1977 0.2754 0.2818
8.2152 0.2748 0.2812
8.2328 0.2744 0.2807
8.2503 0.2740 0.2803
8.2679 0.2738 0.2800
8.2854 0.2738 0.2797
8.3030 0.2738 0.2795
8.3205 0.2740 0.2794
8.3381 0.2742 0.2793
8.3556 0.2745 0.2792
8.3732 0.2749 0.2792
8.3907 0.2754 0.2791
8.4083 0.2759 0.2791
8.4259 0.2764 0.2791
8.4434 0.2770 0.2791
8.4610 0.2775 0.2790
8.4785 0.2781 0.2790
8.4961 0.2785 0.2789
8.5136 0.2790 0.2788
8.5312 0.2794 0.2787
8.5487 0.2797 0.2786
8.5663 0.2799 0.2785
8.5838 0.2800 0.2784
8.6014 0.2799 0.2782
8.6189 0.2798 0.2781
8.6365 0.2795 0.2779
8.6541 0.2790 0.2777
8.6716 0.2785 0.2774
8.6892 0.2778 0.2771
8.7067 0.2770 0.2768
8.7243 0.2761 0.2764
8.7418 0.2751 0.2759
8.7594 0.2740 0.2754
8.7769 0.2728 0.2748
8.7945 0.2715 0.2741
8.8120 0.2702 0.2734
8.8296 0.2689 0.2726
8.8471 0.2675 0.2718
8.8647 0.2662 0.2709
8.8823 0.2648 0.2700
8.8998 0.2634 0.2691
8.9174 0.2621 0.2682
8.9349 0.2607 0.2672
8.9525 0.2594 0.2663
8.9700 0.2582 0.2653
8.9876 0.2570 0.2644
9.0051 0.2558 0.2635
9.0227 0.2548 0.2625
9.0402 0.2537 0.2616
9.0578 0.2528 0.2607
9.0754 0.2518 0.2598
9.0929 0.2510 0.2589
9.1105 0.2502 0.2579
9.1280 0.2495 0.2570
9.1456 0.2488 0.2560
9.1631 0.2482 0.2550
9.1807 0.2476 0.2540
9.1982 0.2471 0.2530
9.2158 0.2466 0.2519
9.2333 0.2461 0.2509
9.2509 0.2457 0.2498
9.2684 0.2453 0.2488
9.2860 0.2448 0.2478
9.3036 0.2444 0.2467
9.3211 0.2440 0.2457
9.3387 0.2436 0.2448
9.3562 0.2432 0.2438
9.3738 0.2428 0.2429
9.3913 0.2423 0.2420
9.4089 0.2419 0.2412
9.4264 0.2414 0.2404
9.4440 0.2410 0.2396
9.4615 0.2405 0.2389
9.4791 0.2400 0.2383
9.4966 0.2394 0.2377
9.5142 0.2388 0.2371
9.5318 0.2382 0.2366
9.5493 0.2376 0.2360
9.5669 0.2369 0.2356
9.5844 0.2362 0.2351
9.6020 0.2354 0.2347
9.6195 0.2346 0.2342
9.6371 0.2338 0.2338
9.6546 0.2329 0.2334
9.6722 0.2321 0.2330
9.6897 0.2311 0.2326
9.7073 0.2302 0.2321
9.7248 0.2293 0.2317
9.7424 0.2283 0.2312
9.7600 0.2273 0.2307
9.7775 0.2264 0.2301
9.7951 0.2254 0.2296
9.8126 0.2245 0.2289
9.8302 0.2235 0.2283
9.8477 0.2225 0.2276
9.8653 0.2215 0.2269
9.8828 0.2206 0.2261
9.9004 0.2195 0.2253
9.9179 0.2185 0.2244
9.9355 0.2175 0.2235
9.9530 0.2164 0.2225
9.9706 0.2153 0.2215
9.9882 0.2141 0.2205
10.0057 0.2130 0.2194
10.0233 0.2117 0.2183
10.0408 0.2105 0.2172
10.0584 0.2092 0.2160
10.0759 0.2078 0.2148
10.0935 0.2064 0.2135
10.1110 0.2050 0.2123
10.1286 0.2036 0.2110
10.1461 0.2022 0.2096
10.1637 0.2007 0.2083
10.1812 0.1992 0.2070
10.1988 0.1978 0.2056
10.2164 0.1963 0.2043
10.2339 0.1948 0.2030
10.2515 0.1934 0.2018
10.2690 0.1920 0.2005
10.2866 0.1906 0.1993
10.3041 0.1893 0.1982
10.3217 0.1879 0.1971
10.3392 0.1867 0.1961
10.3568 0.1855 0.1951
10.3743 0.1843 0.1942
10.3919 0.1831 0.1933
10.4094 0.1821 0.1925
10.4270 0.1810 0.1917
10.4446 0.1800 0.1909
10.4621 0.1790 0.1902
10.4797 0.1781 0.1894
10.4972 0.1771 0.1887
10.5148 0.1762 0.1880
10.5323 0.1752 0.1873
10.5499 0.1743 0.1866
10.5674 0.1734 0.1858
10.5850 0.1724 0.1851
10.6025 0.1714 0.1843
10.6201 0.1704 0.1835
10.6376 0.1695 0.1827
10.6552 0.1685 0.1819
10.6728 0.1674 0.1810
10.6903 0.1664 0.1802
10.7079 0.1654 0.1793
10.7254 0.1644 0.1784
10.7430 0.1635 0.1775
10.7605 0.1625 0.1766
10.7781 0.1615 0.1756
10.7956 0.1606 0.1747
10.8132 0.1597 0.1738
10.8307 0.1588 0.1729
10.8483 0.1579 0.1720
10.8658 0.1570 0.1710
10.8834 0.1562 0.1701
10.9010 0.1553 0.1693
10.9185 0.1545 0.1684
10.9361 0.1537 0.1675
10.9536 0.1529 0.1667
10.9712 0.1521 0.1659
10.9887 0.1513 0.1650
11.0063 0.1505 0.1643
11.0238 0.1497 0.1635
11.0414 0.1490 0.1627
11.0589 0.1482 0.1619
11.0765 0.1474 0.1612
11.0940 0.1466 0.1604
11.1116 0.1458 0.1597
11.1292 0.1450 0.1589
11.1467 0.1443 0.1581
11.1643 0.1435 0.1573
11.1818 0.1426 0.1565
11.1994 0.1418 0.1557
11.2169 0.1410 0.1549
11.2345 0.1401 0.1540
11.2520 0.1393 0.1531
11.2696 0.1384 0.1522
11.2871 0.1375 0.1513
11.3047 0.1365 0.1503
11.3222 0.1356 0.1493
11.3398 0.1346 0.1484
11.3574 0.1336 0.1474
11.3749 0.1326 0.1464
11.3925 0.1315 0.1454
11.4100 0.1305 0.1444
11.4276 0.1294 0.1434
11.4451 0.1283 0.1424
11.4627 0.1272 0.1414
11.4802 0.1261 0.1404
11.4978 0.1250 0.1394
11.5153 0.1239 0.1385
11.5329 0.1228 0.1375
11.5504 0.1218 0.1365
11.5680 0.1207 0.1355
11.5856 0.1197 0.1345
11.6031 0.1187 0.1335
11.6207 0.1177 0.1325
11.6382 0.1168 0.1314
11.6558 0.1159 0.1304
11.6733 0.1150 0.1294
11.6909 0.1141 0.1283
11.7084 0.1133 0.1273
11.7260 0.1125 0.1263
11.7435 0.1116 0.1252
11.7611 0.1109 0.1242
11.7786 0.1101 0.1233
11.7962 0.1093 0.1223
11.8138 0.1086 0.1214
11.8313 0.1078 0.1205
11.8489 0.1071 0.1196
11.8664 0.1064 0.1188
11.8840 0.1056 0.1180
11.9015 0.1049 0.1172
11.9191 0.1042 0.1164
11.9366 0.1035 0.1156
11.9542 0.1027 0.1148
11.9717 0.1020 0.1141
11.9893 0.1013 0.1133
12.0068 0.1006 0.1126
12.0244 0.0999 0.1118
12.0420 0.0993 0.1110
12.0595 0.0986 0.1102
12.0771 0.0980 0.1094
12.0946 0.0974 0.1085
12.1122 0.0968 0.1077
12.1297 0.0962 0.1068
12.1473 0.0956 0.1059
12.1648 0.0950 0.1050
12.1824 0.0945 0.1041
12.1999 0.0940 0.1032
12.2175 0.0934 0.1024
12.2350 0.0929 0.1015
12.2526 0.0924 0.1006
12.2702 0.0919 0.0998
12.2877 0.0914 0.0989
12.3053 0.0909 0.0981
12.3228 0.0904 0.0974
12.3404 0.0900 0.0966
12.3579 0.0895 0.0958
12.3755 0.0890 0.0951
12.3930 0.0885 0.0944
12.4106 0.0881 0.0937
12.4281 0.0876 0.0931
12.4457 0.0872 0.0924
12.4632 0.0867 0.0918
12.4808 0.0863 0.0911
12.4984 0.0859 0.0905
12.5159 0.0854 0.0899
12.5335 0.0850 0.0893
12.5510 0.0846 0.0887
12.5686 0.0842 0.0881
12.5861 0.0838 0.0875
12.6037 0.0834 0.0870
12.6212 0.0830 0.0864
12.6388 0.0825 0.0859
12.6563 0.0821 0.0854
12.6739 0.0816 0.0848
12.6914 0.0812 0.0844
12.7090 0.0807 0.0839
12.7266 0.0802 0.0835
12.7441 0.0797 0.0830
12.7617 0.0792 0.0826
12.7792 0.0787 0.0823
12.7968 0.0782 0.0819
12.8143 0.0777 0.0816
12.8319 0.0772 0.0813
12.8494 0.0767 0.0810
12.8670 0.0762 0.0807
12.8845 0.0757 0.0805
12.9021 0.0752 0.0802
12.9196 0.0747 0.0800
12.9372 0.0743 0.0797
12.9548 0.0738 0.0795
12.9723 0.0734 0.0792
12.9899 0.0729 0.0790
13.0074 0.0725 0.0787
13.0250 0.0721 0.0784
13.0425 0.0716 0.0780
13.0601 0.0712 0.0777
13.0776 0.0708 0.0773
13.0952 0.0703 0.0769
13.1127 0.0699 0.0765
13.1303 0.0695 0.0761
13.1478 0.0690 0.0756
13.1654 0.0686 0.0751
13.1830 0.0682 0.0746
13.2005 0.0677 0.0741
13.2181 0.0673 0.0736
13.2356 0.0669 0.0731
13.2532 0.0664 0.0726
13.2707 0.0660 0.0721
13.2883 0.0655 0.0716
13.3058 0.0651 0.0711
13.3234 0.0646 0.0707
13.3409 0.0642 0.0702
13.3585 0.0637 0.0698
13.3760 0.0633 0.0694
13.3936 0.0629 0.0690
13.4112 0.0624 0.0686
13.4287 0.0620 0.0682
13.4463 0.0615 0.0679
13.4638 0.0611 0.0675
13.4814 0.0607 0.0672
13.4989 0.0603 0.0668
13.5165 0.0598 0.0665
13.5340 0.0594 0.0662
13.5516 0.0590 0.0658
13.5691 0.0586 0.0655
13.5867 0.0582 0.0651
13.6042 0.0578 0.0648
13.6218 0.0574 0.0644
13.6394 0.0570 0.0640
13.6569 0.0566 0.0637
13.6745 0.0563 0.0633
13.6920 0.0559 0.0629
13.7096 0.0556 0.0625
13.7271 0.0552 0.0621
13.7447 0.0549 0.0616
13.7622 0.0546 0.0612
13.7798 0.0542 0.0608
13.7973 0.0539 0.0603
13.8149 0.0536 0.0599
13.8324 0.0533 0.0594
13.8500 0.0530 0.0589
13.8676 0.0527 0.0585
13.8851 0.0524 0.0580
13.9027 0.0521 0.0575
13.9202 0.0518 0.0571
13.9378 0.0515 0.0566
13.9553 0.0512 0.0561
13.9729 0.0509 0.0557
13.9904 0.0506 0.0552
14.0080 0.0503 0.0548
14.0255 0.0499 0.0543
14.0431 0.0496 0.0539
14.0606 0.0493 0.0535
14.0782 0.0490 0.0531
14.0958 0.0486 0.0527
14.1133 0.0483 0.0523
14.1309 0.0479 0.0519
14.1484 0.0476 0.0516
14.1660 0.0472 0.0512
14.1835 0.0469 0.0509
14.2011 0.0465 0.0506
14.2186 0.0462 0.0502
14.2362 0.0458 0.0499
14.2537 0.0455 0.0496
14.2713 0.0451 0.0493
14.2888 0.0448 0.0490
14.3064 0.0444 0.0487
14.3240 0.0441 0.0483
14.3415 0.0438 0.0480
14.3591 0.0435 0.0477
14.3766 0.0431 0.0473
14.3942 0.0428 0.0470
14.4117 0.0425 0.0467
14.4293 0.0422 0.0463
14.4468 0.0419 0.0460
14.4644 0.0416 0.0456
14.4819 0.0413 0.0452
14.4995 0.0411 0.0449
14.5170 0.0408 0.0445
14.5346 0.0405 0.0441
14.5522 0.0402 0.0437
14.5697 0.0399 0.0434
14.5873 0.0397 0.0430
14.6048 0.0394 0.0426
14.6224 0.0391 0.0423
14.6399 0.0388 0.0419
14.6575 0.0386 0.0415
14.6750 0.0383 0.0412
14.6926 0.0380 0.0408
14.7101 0.0377 0.0405
14.7277 0.0375 0.0401
14.7452 0.0372 0.0398
14.7628 0.0369 0.0395
14.7804 0.0367 0.0392
14.7979 0.0364 0.0389
14.8155 0.0361 0.0386
14.8330 0.0358 0.0383
14.8506 0.0356 0.0380
14.8681 0.0353 0.0378
14.8857 0.0350 0.0375
14.9032 0.0348 0.0373
14.9208 0.0345 0.0371
14.9383 0.0342 0.0368
14.9559 0.0339 0.0366
14.9734 0.0337 0.0364
14.9910 0.0334 0.0361
15.0086 0.0331 0.0359
15.0261 0.0328 0.0356
15.0437 0.0325 0.0354
15.0612 0.0322 0.0351
15.0788 0.0319 0.0349
15.0963 0.0316 0.0346
15.1139 0.0314 0.0343
15.1314 0.0311 0.0340
15.1490 0.0308 0.0337
15.1665 0.0305 0.0334
15.1841 0.0302 0.0331
15.2017 0.0299 0.0328
15.2192 0.0295 0.0324
15.2368 0.0292 0.0321
15.2543 0.0289 0.0318
15.2719 0.0286 0.0314
15.2894 0.0283 0.0311
15.3070 0.0280 0.0308
15.3245 0.0277 0.0304
15.3421 0.0275 0.0301
15.3596 0.0272 0.0298
15.3772 0.0269 0.0294
15.3947 0.0266 0.0291
15.4123 0.0264 0.0288
15.4299 0.0261 0.0285
15.4474 0.0259 0.0283
15.4650 0.0256 0.0280
15.4825 0.0254 0.0277
15.5001 0.0252 0.0275
15.5176 0.0250 0.0272
15.5352 0.0248 0.0270
15.5527 0.0247 0.0268
15.5703 0.0245 0.0266
15.5878 0.0244 0.0264
15.6054 0.0242 0.0262
15.6229 0.0241 0.0260
15.6405 0.0239 0.0258
15.6581 0.0238 0.0256
15.6756 0.0237 0.0254
15.6932 0.0235 0.0252
15.7107 0.0234 0.0250
15.7283 0.0233 0.0248
15.7458 0.0231 0.0246
15.7634 0.0229 0.0244
15.7809 0.0228 0.0242
15.7985 0.0226 0.0239
15.8160 0.0224 0.0237
15.8336 0.0222 0.0235
15.8511 0.0220 0.0233
15.8687 0.0218 0.0230
15.8863 0.0215 0.0228
15.9038 0.0213 0.0226
15.9214 0.0211 0.0223
15.9389 0.0208 0.0221
15.9565 0.0206 0.0219
15.9740 0.0203 0.0216
15.9916 0.0201 0.0214
16.0091 0.0199 0.0211
16.0267 0.0196 0.0209
16.0442 0.0194 0.0206
16.0618 0.0192 0.0204
16.0793 0.0190 0.0201
16.0969 0.0188 0.0199
16.1145 0.0186 0.0197
16.1320 0.0184 0.0194
16.1496 0.0182 0.0192
16.1671 0.0180 0.0189
16.1847 0.0178 0.0187
16.2022 0.0177 0.0185
16.2198 0.0175 0.0182
16.2373 0.0173 0.0180
16.2549 0.0172 0.0178
16.2724 0.0170 0.0176
16.2900 0.0169 0.0174
16.3075 0.0167 0.0172
16.3251 0.0165 0.0170
16.3427 0.0164 0.0168
16.3602 0.0162 0.0166
16.3778 0.0161 0.0164
16.3953 0.0159 0.0162
16.4129 0.0157 0.0160
16.4304 0.0156 0.0158
16.4480 0.0154 0.0157
16.4655 0.0153 0.0155
16.4831 0.0151 0.0153
16.5006 0.0150 0.0152
16.5182 0.0148 0.0150
16.5357 0.0147 0.0149
16.5533 0.0145 0.0147
16.5709 0.0144 0.0146
16.5884 0.0142 0.0144
16.6060 0.0141 0.0143
16.6235 0.0140 0.0141
16.6411 0.0138 0.0140
16.6586 0.0137 0.0139
16.6762 0.0136 0.0137
16.6937 0.0134 0.0136
16.7113 0.0133 0.0135
16.7288 0.0132 0.0134
16.7464 0.0130 0.0132
16.7639 0.0129 0.0131
16.7815 0.0128 0.0130
16.7991 0.0127 0.0129
16.8166 0.0126 0.0128
16.8342 0.0124 0.0127
16.8517 0.0123 0.0126
16.8693 0.0122 0.0125
16.8868 0.0121 0.0123
16.9044 0.0120 0.0122
16.9219 0.0119 0.0121
16.9395 0.0118 0.0120
16.9570 0.0117 0.0119
16.9746 0.0116 0.0118
16.9921 0.0115 0.0117
17.0097 0.0114 0.0116
17.0273 0.0113 0.0115
17.0448 0.0112 0.0114
17.0624 0.0111 0.0113
17.0799 0.0110 0.0112
17.0975 0.0109 0.0111
17.1150 0.0108 0.0110
17.1326 0.0107 0.0109
17.1501 0.0106 0.0108
17.1677 0.0105 0.0107
17.1852 0.0104 0.0106
17.2028 0.0103 0.0105
17.2203 0.0102 0.0105
17.2379 0.0101 0.0104
17.2555 0.0100 0.0103
17.2730 0.0099 0.0102
17.2906 0.0098 0.0101
17.3081 0.0097 0.0100
17.3257 0.0096 0.0099
17.3432 0.0095 0.0099
17.3608 0.0094 0.0098
17.3783 0.0094 0.0097
17.3959 0.0093 0.0096
17.4134 0.0092 0.0095
17.4310 0.0091 0.0094
17.4485 0.0091 0.0094
17.4661 0.0090 0.0093
17.4837 0.0089 0.0092
17.5012 0.0089 0.0091
17.5188 0.0088 0.0090
17.5363 0.0087 0.0090
17.5539 0.0087 0.0089
17.5714 0.0086 0.0088
17.5890 0.0086 0.0087
17.6065 0.0085 0.0086
17.6241 0.0085 0.0086
17.6416 0.0084 0.0085
17.6592 0.0083 0.0084
17.6767 0.0083 0.0083
17.6943 0.0082 0.0082
17.7119 0.0082 0.0081
17.7294 0.0081 0.0080
17.7470 0.0080 0.0079
17.7645 0.0080 0.0079
17.7821 0.0079 0.0078
17.7996 0.0079 0.0077
17.8172 0.0078 0.0076
17.8347 0.0077 0.0075
17.8523 0.0077 0.0074
17.8698 0.0076 0.0073
17.8874 0.0076 0.0073
17.9049 0.0075 0.0072
17.9225 0.0074 0.0071
17.9401 0.0074 0.0071
17.9576 0.0073 0.0070
17.9752 0.0073 0.0069
17.9927 0.0072 0.0069
18.0103 0.0072 0.0068
18.0278 0.0071 0.0067
18.0454 0.0070 0.0067
18.0629 0.0070 0.0066
18.0805 0.0069 0.0066
18.0980 0.0069 0.0065
18.1156 0.0068 0.0065
18.1331 0.0068 0.0064
18.1507 0.0067 0.0064
18.1683 0.0067 0.0063
18.1858 0.0066 0.0063
18.2034 0.0066 0.0062
18.2209 0.0065 0.0062
18.2385 0.0065 0.0061
18.2560 0.0064 0.0061
18.2736 0.0064 0.0060
18.2911 0.0063 0.0060
18.3087 0.0063 0.0059
18.3262 0.0062 0.0059
18.3438 0.0062 0.0058
18.3613 0.0061 0.0058
18.3789 0.0061 0.0057
18.3965 0.0060 0.0057
18.4140 0.0060 0.0056
18.4316 0.0059 0.0056
18.4491 0.0059 0.0055
18.4667 0.0058 0.0055
18.4842 0.0058 0.0054
18.5018 0.0057 0.0054
18.5193 0.0057 0.0053
18.5369 0.0056 0.0053
18.5544 0.0055 0.0052
18.5720 0.0055 0.0052
18.5895 0.0054 0.0052
18.6071 0.0054 0.0051
18.6247 0.0053 0.0051
18.6422 0.0053 0.0050
18.6598 0.0052 0.0050
18.6773 0.0052 0.0050
18.6949 0.0051 0.0049
18.7124 0.0051 0.0049
18.7300 0.0050 0.0049
18.7475 0.0050 0.0048
18.7651 0.0049 0.0048
18.7826 0.0049 0.0048
18.8002 0.0048 0.0048
18.8177 0.0048 0.0047
18.8353 0.0047 0.0047
18.8529 0.0047 0.0046
18.8704 0.0047 0.0046
18.8880 0.0046 0.0046
18.9055 0.0046 0.0045
18.9231 0.0045 0.0045
18.9406 0.0045 0.0045
18.9582 0.0045 0.0044
18.9757 0.0044 0.0044
18.9933 0.0044 0.0044
19.0108 0.0043 0.0043
19.0284 0.0043 0.0043
19.0459 0.0043 0.0042
19.0635 0.0042 0.0042
19.0811 0.0042 0.0042
19.0986 0.0042 0.0041
19.1162 0.0041 0.0041
19.1337 0.0041 0.0040
19.1513 0.0041 0.0040
19.1688 0.0040 0.0040
19.1864 0.0040 0.0039
19.2039 0.0040 0.0039
19.2215 0.0040 0.0039
19.2390 0.0039 0.0038
19.2566 0.0039 0.0038
19.2741 0.0039 0.0038
19.2917 0.0038 0.0037
19.3093 0.0038 0.0037
19.3268 0.0038 0.0037
19.3444 0.0037 0.0036
19.3619 0.0037 0.0036
19.3795 0.0037 0.0036
19.3970 0.0037 0.0035
19.4146 0.0036 0.0035
19.4321 0.0036 0.0035
19.4497 0.0036 0.0034
19.4672 0.0035 0.0034
19.4848 0.0035 0.0034
19.5023 0.0035 0.0033
19.5199 0.0035 0.0033
19.5375 0.0034 0.0033
19.5550 0.0034 0.0033
19.5726 0.0034 0.0032
19.5901 0.0033 0.0032
19.6077 0.0033 0.0032
19.6252 0.0033 0.0031
19.6428 0.0033 0.0031
19.6603 0.0032 0.0031
19.6779 0.0032 0.0031
19.6954 0.0032 0.0030
19.7130 0.0031 0.0030
19.7305 0.0031 0.0030
19.7481 0.0031 0.0030
19.7657 0.0031 0.0030
19.7832 0.0030 0.0029
19.8008 0.0030 0.0029
19.8183 0.0030 0.0029
19.8359 0.0029 0.0029
19.8534 0.0029 0.0029
19.8710 0.0029 0.0028
19.8885 0.0029 0.0028
19.9061 0.0028 0.0028
19.9236 0.0028 0.0028
19.9412 0.0028 0.0028
19.9587 0.0028 0.0027
19.9763 0.0027 0.0027
19.9939 0.0027 0.0027
20.0114 0.0027 0.0027
20.0290 0.0027 0.0027
20.0465 0.0027 0.0026
20.0641 0.0026 0.0026
20.0816 0.0026 0.0026
20.0992 0.0026 0.0026
20.1167 0.0026 0.0025
20.1343 0.0026 0.0025
20.1518 0.0025 0.0025
20.1694 0.0025 0.0025
20.1869 0.0025 0.0024
20.2045 0.0025 0.0024
20.2221 0.0025 0.0024
20.2396 0.0024 0.0024
20.2572 0.0024 0.0024
20.2747 0.0024 0.0023
20.2923 0.0024 0.0023
20.3098 0.0024 0.0023
20.3274 0.0024 0.0023
20.3449 0.0023 0.0023
20.3625 0.0023 0.0023
20.3800 0.0023 0.0022
20.3976 0.0023 0.0022
20.4151 0.0023 0.0022
20.4327 0.0023 0.0022
20.4503 0.0022 0.0022
20.4678 0.0022 0.0022
20.4854 0.0022 0.0022
20.5029 0.0022 0.0022
20.5205 0.0022 0.0021
20.5380 0.0022 0.0021
20.5556 0.0021 0.0021
20.5731 0.0021 0.0021
20.5907 0.0021 0.0021
20.6082 0.0021 0.0021
20.6258 0.0021 0.0021
20.6433 0.0021 0.0021
20.6609 0.0020 0.0021
20.6785 0.0020 0.0021
20.6960 0.0020 0.0020
20.7136 0.0020 0.0020
20.7311 0.0020 0.0020
20.7487 0.0020 0.0020
20.7662 0.0020 0.0020
20.7838 0.0019 0.0020
20.8013 0.0019 0.0020
20.8189 0.0019 0.0019
20.8364 0.0019 0.0019
20.8540 0.0019 0.0019
20.8715 0.0019 0.0019
20.8891 0.0019 0.0019
20.9067 0.0019 0.0019
20.9242 0.0019 0.0019
20.9418 0.0018 0.0018
20.9593 0.0018 0.0018
20.9769 0.0018 0.0018
20.9944 0.0018 0.0018
21.0120 0.0018 0.0018
21.0295 0.0018 0.0018
21.0471 0.0018 0.0018
21.0646 0.0018 0.0017
21.0822 0.0018 0.0017
21.0998 0.0018 0.0017
21.1173 0.0018 0.0017
21.1349 0.0018 0.0017
21.1524 0.0017 0.0017
21.1700 0.0017 0.0017
21.1875 0.0017 0.0017
21.2051 0.0017 0.0017
21.2226 0.0017 0.0017
21.2402 0.0017 0.0016
21.2577 0.0017 0.0016
21.2753 0.0017 0.0016
21.2928 0.0017 0.0016
21.3104 0.0017 0.0016
21.3280 0.0017 0.0016
21.3455 0.0016 0.0016
21.3631 0.0016 0.0016
21.3806 0.0016 0.0016
21.3982 0.0016 0.0016
21.4157 0.0016 0.0016
21.4333 0.0016 0.0016
21.4508 0.0016 0.0016
21.4684 0.0016 0.0015
21.4859 0.0016 0.0015
21.5035 0.0015 0.0015
21.5210 0.0015 0.0015
21.5386 0.0015 0.0015
21.5562 0.0015 0.0015
21.5737 0.0015 0.0015
21.5913 0.0015 0.0015
21.6088 0.0015 0.0015
21.6264 0.0015 0.0015
21.6439 0.0015 0.0015
21.6615 0.0015 0.0015
21.6790 0.0015 0.0015
21.6966 0.0014 0.0015
21.7141 0.0014 0.0015
21.7317 0.0014 0.0014
21.7492 0.0014 0.0014
21.7668 0.0014 0.0014
21.7844 0.0014 0.0014
21.8019 0.0014 0.0014
21.8195 0.0014 0.0014
21.8370 0.0014 0.0014
21.8546 0.0014 0.0014
21.8721 0.0014 0.0014
21.8897 0.0014 0.0014
21.9072 0.0014 0.0014
21.9248 0.0014 0.0014
21.9423 0.0013 0.0014
21.9599 0.0013 0.0014
21.9774 0.0013 0.0014
21.9950 0.0013 0.0014
22.0126 0.0013 0.0014
22.0301 0.0013 0.0014
22.0477 0.0013 0.0013
22.0652 0.0013 0.0013
22.0828 0.0013 0.0013
22.1003 0.0013 0.0013
22.1179 0.0013 0.0013
22.1354 0.0013 0.0013
22.1530 0.0013 0.0013
22.1705 0.0013 0.0013
22.1881 0.0013 0.0013
22.2056 0.0013 0.0013
22.2232 0.0013 0.0013
22.2408 0.0012 0.0013
22.2583 0.0012 0.0013
22.2759 0.0012 0.0013
22.2934 0.0012 0.0013
22.3110 0.0012 0.0013
22.3285 0.0012 0.0013
22.3461 0.0012 0.0013
22.3636 0.0012 0.0013
22.3812 0.0012 0.0012
22.3987 0.0012 0.0012
22.4163 0.0012 0.0012
22.4338 0.0012 0.0012
22.4514 0.0012 0.0012
22.4690 0.0012 0.0012
22.4865 0.0012 0.0012
22.5041 0.0012 0.0012
22.5216 0.0012 0.0012
22.5392 0.0012 0.0012
22.5567 0.0012 0.0012
22.5743 0.0012 0.0012
22.5918 0.0012 0.0012
22.6094 0.0012 0.0012
22.6269 0.0012 0.0012
22.6445 0.0012 0.0012
22.6620 0.0012 0.0012
22.6796 0.0012 0.0012
22.6972 0.0012 0.0012
22.7147 0.0012 0.0012
22.7323 0.0012 0.0012
22.7498 0.0012 0.0012
22.7674 0.0012 0.0012
22.7849 0.0011 0.0012
22.8025 0.0011 0.0012
22.8200 0.0011 0.0012
22.8376 0.0011 0.0012
22.8551 0.0011 0.0012
22.8727 0.0011 0.0012
22.8902 0.0011 0.0012
22.9078 0.0011 0.0012
22.9254 0.0011 0.0012
22.9429 0.0011 0.0012
22.9605 0.0011 0.0011
22.9780 0.0011 0.0011
22.9956 0.0011 0.0011
23.0131 0.0011 0.0011
23.0307 0.0011 0.0011
23.0482 0.0011 0.0011
23.0658 0.0011 0.0011
23.0833 0.0011 0.0011
23.1009 0.0011 0.0011
23.1184 0.0011 0.0011
23.1360 0.0011 0.0011
23.1536 0.0011 0.0011
23.1711 0.0011 0.0011
23.1887 0.0011 0.0011
23.2062 0.0011 0.0011
23.2238 0.0011 0.0011
23.2413 0.0011 0.0011
23.2589 0.0011 0.0011
23.2764 0.0011 0.0011
23.2940 0.0011 0.0011
23.3115 0.0011 0.0011
23.3291 0.0011 0.0011
23.3466 0.0011 0.0011
23.3642 0.0011 0.0011
23.3818 0.0011 0.0011
23.3993 0.0011 0.0011
23.4169 0.0011 0.0011
23.4344 0.0011 0.0011
23.4520 0.0011 0.0011
23.4695 0.0011 0.0011
23.4871 0.0011 0.0011
23.5046 0.0011 0.0011
23.5222 0.0011 0.0011
23.5397 0.0011 0.0011
23.5573 0.0011 0.0011
23.5748 0.0011 0.0010
23.5924 0.0011 0.0010
23.6100 0.0011 0.0010
23.6275 0.0011 0.0010
23.6451 0.0011 0.0010
23.6626 0.0011 0.0010
23.6802 0.0011 0.0010
23.6977 0.0010 0.0010
23.7153 0.0010 0.0010
23.7328 0.0010 0.0010
23.7504 0.0010 0.0010
23.7679 0.0010 0.0010
23.7855 0.0010 0.0010
23.8030 0.0010 0.0010
23.8206 0.0010 0.0010
23.8382 0.0010 0.0010
23.8557 0.0010 0.0010
23.8733 0.0010 0.0010
23.8908 0.0010 0.0010
23.9084 0.0010 0.0010
23.9259 0.0010 0.0010
23.9435 0.0010 0.0010
23.9610 0.0010 0.0010
23.9786 0.0010 0.0010
23.9961 0.0010 0.0010
24.0137 0.0010 0.0010
24.0312 0.0010 0.0010
24.0488 0.0010 0.0010
24.0664 0.0010 0.0010
24.0839 0.0010 0.0010
24.1015 0.0010 0.0010
24.1190 0.0010 0.0010
24.1366 0.0010 0.0009
24.1541 0.0009 0.0009
24.1717 0.0009 0.0009
24.1892 0.0009 0.0009
24.2068 0.0009 0.0009
24.2243 0.0009 0.0009
24.2419 0.0009 0.0009
24.2594 0.0009 0.0009
24.2770 0.0009 0.0009
24.2946 0.0009 0.0009
24.3121 0.0009 0.0009
24.3297 0.0009 0.0009
24.3472 0.0009 0.0009
24.3648 0.0009 0.0009
24.3823 0.0009 0.0009
24.3999 0.0009 0.0009
24.4174 0.0009 0.0009
24.4350 0.0009 0.0009
24.4525 0.0009 0.0009
24.4701 0.0009 0.0008
24.4876 0.0008 0.0008
24.5052 0.0008 0.0008
24.5228 0.0008 0.0008
24.5403 0.0008 0.0008
24.5579 0.0008 0.0008
24.5754 0.0008 0.0008
24.5930 0.0008 0.0008
24.6105 0.0008 0.0008
24.6281 0.0008 0.0008
24.6456 0.0008 0.0008
24.6632 0.0008 0.0008
24.6807 0.0008 0.0008
24.6983 0.0008 0.0008
24.7158 0.0008 0.0008
24.7334 0.0008 0.0008
24.7510 0.0008 0.0008
24.7685 0.0008 0.0008
24.7861 0.0008 0.0008
24.8036 0.0008 0.0008
24.8212 0.0008 0.0007
24.8387 0.0007 0.0007
24.8563 0.0007 0.0007
24.8738 0.0007 0.0007
24.8914 0.0007 0.0007
24.9089 0.0007 0.0007
24.9265 0.0007 0.0007
24.9440 0.0007 0.0007
24.9616 0.0007 0.0007
24.9792 0.0007 0.0007
24.9967 0.0007 0.0007
25.0143 0.0007 0.0007
25.0318 0.0007 0.0007
25.0494 0.0007 0.0007
25.0669 0.0007 0.0007
25.0845 0.0007 0.0007
25.1020 0.0007 0.0007
25.1196 0.0007 0.0007
25.1371 0.0007 0.0007
25.1547 0.0007 0.0007
25.1722 0.0007 0.0007
25.1898 0.0007 0.0007
25.2074 0.0007 0.0007
25.2249 0.0007 0.0006
25.2425 0.0006 0.0006
25.2600 0.0006 0.0006
25.2776 0.0006 0.0006
25.2951 0.0006 0.0006
25.3127 0.0006 0.0006
25.3302 0.0006 0.0006
25.3478 0.0006 0.0006
25.3653 0.0006 0.0006
25.3829 0.0006 0.0006
25.4004 0.0006 0.0006
25.4180 0.0006 0.0006
25.4356 0.0006 0.0006
25.4531 0.0006 0.0006
25.4707 0.0006 0.0006
25.4882 0.0006 0.0006
25.5058 0.0006 0.0006
25.5233 0.0006 0.0006
25.5409 0.0006 0.0006
25.5584 0.0006 0.0006
25.5760 0.0006 0.0006
25.5935 0.0006 0.0006
25.6111 0.0006 0.0006
25.6286 0.0006 0.0006
25.6462 0.0006 0.0006
25.6638 0.0006 0.0006
25.6813 0.0006 0.0006
25.6989 0.0006 0.0006
25.7164 0.0006 0.0005
25.7340 0.0006 0.0005
25.7515 0.0005 0.0005
25.7691 0.0005 0.0005
25.7866 0.0005 0.0005
25.8042 0.0005 0.0005
25.8217 0.0005 0.0005
25.8393 0.0005 0.0005
25.8568 0.0005 0.0005
25.8744 0.0005 0.0005
25.8920 0.0005 0.0005
25.9095 0.0005 0.0005
25.9271 0.0005 0.0005
25.9446 0.0005 0.0005
25.9622 0.0005 0.0005
25.9797 0.0005 0.0005
25.9973 0.0005 0.0005
26.0148 0.0005 0.0005
26.0324 0.0005 0.0005
26.0499 0.0005 0.0005
26.0675 0.0005 0.0005
26.0850 0.0005 0.0005
26.1026 0.0005 0.0005
26.1202 0.0005 0.0005
26.1377 0.0005 0.0005
26.1553 0.0005 0.0005
26.1728 0.0005 0.0005
26.1904 0.0005 0.0005
26.2079 0.0005 0.0005
26.2255 0.0005 0.0005
26.2430 0.0005 0.0005
26.2606 0.0005 0.0005
26.2781 0.0005 0.0005
26.2957 0.0005 0.0005
26.3132 0.0005 0.0005
26.3308 0.0005 0.0005
26.3484 0.0005 0.0004
26.3659 0.0005 0.0004
26.3835 0.0005 0.0004
26.4010 0.0004 0.0004
26.4186 0.0004 0.0004
26.4361 0.0004 0.0004
26.4537 0.0004 0.0004
26.4712 0.0004 0.0004
26.4888 0.0004 0.0004
26.5063 0.0004 0.0004
26.5239 0.0004 0.0004
26.5414 0.0004 0.0004
26.5590 0.0004 0.0004
26.5766 0.0004 0.0004
26.5941 0.0004 0.0004
26.6117 0.0004 0.0004
26.6292 0.0004 0.0004
26.6468 0.0004 0.0004
26.6643 0.0004 0.0004
26.6819 0.0004 0.0004
26.6994 0.0004 0.0004
26.7170 0.0004 0.0004
26.7345 0.0004 0.0004
26.7521 0.0004 0.0004
26.7696 0.0004 0.0004
26.7872 0.0004 0.0004
26.8048 0.0004 0.0004
26.8223 0.0004 0.0004
26.8399 0.0004 0.0004
26.8574 0.0004 0.0004
26.8750 0.0004 0.0004
26.8925 0.0004 0.0004
26.9101 0.0004 0.0004
26.9276 0.0004 0.0004
26.9452 0.0004 0.0004
26.9627 0.0004 0.0004
26.9803 0.0004 0.0004
26.9979 0.0004 0.0004
27.0154 0.0004 0.0004
27.0330 0.0004 0.0004
27.0505 0.0004 0.0004
27.0681 0.0004 0.0004
27.0856 0.0004 0.0004
27.1032 0.0004 0.0004
27.1207 0.0004 0.0004
27.1383 0.0004 0.0004
27.1558 0.0004 0.0004
27.1734 0.0004 0.0004
27.1909 0.0004 0.0003
27.2085 0.0004 0.0003
27.2261 0.0004 0.0003
27.2436 0.0004 0.0003
27.2612 0.0004 0.0003
27.2787 0.0004 0.0003
27.2963 0.0003 0.0003
27.3138 0.0003 0.0003
27.3314 0.0003 0.0003
27.3489 0.0003 0.0003
27.3665 0.0003 0.0003
27.3840 0.0003 0.0003
27.4016 0.0003 0.0003
27.4191 0.0003 0.0003
27.4367 0.0003 0.0003
27.4543 0.0003 0.0003
27.4718 0.0003 0.0003
27.4894 0.0003 0.0003
27.5069 0.0003 0.0003
27.5245 0.0003 0.0003
27.5420 0.0003 0.0003
27.5596 0.0003 0.0003
27.5771 0.0003 0.0003
27.5947 0.0003 0.0003
27.6122 0.0003 0.0003
27.6298 0.0003 0.0003
27.6473 0.0003 0.0003
27.6649 0.0003 0.0003
27.6825 0.0003 0.0003
27.7000 0.0003 0.0003
27.7176 0.0003 0.0003
27.7351 0.0003 0.0003
27.7527 0.0003 0.0003
27.7702 0.0003 0.0003
27.7878 0.0003 0.0003
27.8053 0.0003 0.0003
27.8229 0.0003 0.0003
27.8404 0.0003 0.0003
27.8580 0.0003 0.0003
27.8755 0.0003 0.0003
27.8931 0.0003 0.0003
27.9107 0.0003 0.0003
27.9282 0.0003 0.0003
27.9458 0.0003 0.0003
27.9633 0.0003 0.0003
27.9809 0.0003 0.0003
27.9984 0.0003 0.0003
28.0160 0.0003 0.0003
28.0335 0.0003 0.0003
28.0511 0.0003 0.0003
28.0686 0.0003 0.0003
28.0862 0.0003 0.0003
28.1037 0.0003 0.0003
28.1213 0.0003 0.0003
28.1389 0.0003 0.0003
28.1564 0.0003 0.0003
28.1740 0.0003 0.0003
28.1915 0.0003 0.0003
28.2091 0.0003 0.0003
28.2266 0.0003 0.0003
28.2442 0.0003 0.0003
28.2617 0.0003 0.0003
28.2793 0.0003 0.0003
28.2968 0.0003 0.0003
28.3144 0.0003 0.0003
28.3319 0.0003 0.0003
28.3495 0.0003 0.0003
28.3671 0.0003 0.0003
28.3846 0.0003 0.0003
28.4022 0.0003 0.0003
28.4197 0.0003 0.0003
28.4373 0.0003 0.0003
28.4548 0.0003 0.0003
28.4724 0.0003 0.0003
28.4899 0.0003 0.0003
28.5075 0.0003 0.0003
28.5250 0.0003 0.0003
28.5426 0.0003 0.0003
28.5601 0.0003 0.0003
28.5777 0.0003 0.0003
28.5953 0.0003 0.0003
28.6128 0.0003 0.0003
28.6304 0.0003 0.0003
28.6479 0.0003 0.0003
28.6655 0.0003 0.0003
28.6830 0.0003 0.0003
28.7006 0.0003 0.0003
28.7181 0.0003 0.0003
28.7357 0.0003 0.0003
28.7532 0.0003 0.0003
28.7708 0.0003 0.0003
28.7883 0.0003 0.0003
28.8059 0.0003 0.0003
28.8235 0.0003 0.0002
28.8410 0.0003 0.0002
28.8586 0.0002 0.0002
28.8761 0.0002 0.0002
28.8937 0.0002 0.0002
28.9112 0.0002 0.0002
28.9288 0.0002 0.0002
28.9463 0.0002 0.0002
28.9639 0.0002 0.0002
28.9814 0.0002 0.0002
28.9990 0.0002 0.0002
29.0165 0.0002 0.0002
29.0341 0.0002 0.0002
29.0517 0.0002 0.0002
29.0692 0.0002 0.0002
29.0868 0.0002 0.0002
29.1043 0.0002 0.0002
29.1219 0.0002 0.0002
29.1394 0.0002 0.0002
29.1570 0.0002 0.0002
29.1745 0.0002 0.0002
29.1921 0.0002 0.0002
29.2096 0.0002 0.0002
29.2272 0.0002 0.0002
29.2447 0.0002 0.0002
29.2623 0.0002 0.0002
29.2799 0.0002 0.0002
29.2974 0.0002 0.0002
29.3150 0.0002 0.0002
29.3325 0.0002 0.0002
29.3501 0.0002 0.0002
29.3676 0.0002 0.0002
29.3852 0.0002 0.0002
29.4027 0.0002 0.0002
29.4203 0.0002 0.0002
29.4378 0.0002 0.0002
29.4554 0.0002 0.0002
29.4729 0.0002 0.0002
29.4905 0.0002 0.0002
29.5081 0.0002 0.0002
29.5256 0.0002 0.0002
29.5432 0.0002 0.0002
29.5607 0.0002 0.0002
29.5783 0.0002 0.0002
29.5958 0.0002 0.0002
29.6134 0.0002 0.0002
29.6309 0.0002 0.0002
29.6485 0.0002 0.0002
29.6660 0.0002 0.0002
29.6836 0.0002 0.0002
29.7011 0.0002 0.0002
29.7187 0.0002 0.0002
29.7363 0.0002 0.0002
29.7538 0.0002 0.0002
29.7714 0.0002 0.0002
29.7889 0.0002 0.0002
29.8065 0.0002 0.0002
29.8240 0.0002 0.0002
29.8416 0.0002 0.0002
29.8591 0.0002 0.0002
29.8767 0.0002 0.0002
29.8942 0.0002 0.0002
29.9118 0.0002 0.0002
29.9293 0.0002 0.0002
29.9469 0.0002 0.0002
29.9645 0.0002 0.0002
29.9820 0.0002 0.0002
29.9996 0.0002 0.0002
30.0171 0.0002 0.0002
30.0347 0.0002 0.0002
30.0522 0.0002 0.0002
30.0698 0.0002 0.0002
30.0873 0.0002 0.0002
30.1049 0.0002 0.0002
30.1224 0.0002 0.0002
30.1400 0.0002 0.0002
30.1575 0.0002 0.0002
30.1751 0.0002 0.0002
30.1927 0.0002 0.0002
30.2102 0.0002 0.0002
30.2278 0.0002 0.0002
30.2453 0.0002 0.0002
30.2629 0.0002 0.0002
30.2804 0.0002 0.0002
30.2980 0.0002 0.0002
30.3155 0.0002 0.0002
30.3331 0.0002 0.0002
30.3506 0.0002 0.0002
30.3682 0.0002 0.0002
30.3857 0.0002 0.0002
30.4033 0.0002 0.0002
30.4209 0.0002 0.0002
30.4384 0.0002 0.0002
30.4560 0.0002 0.0002
30.4735 0.0002 0.0002
30.4911 0.0002 0.0002
30.5086 0.0002 0.0002
30.5262 0.0002 0.0002
30.5437 0.0002 0.0002
30.5613 0.0002 0.0002
30.5788 0.0002 0.0002
30.5964 0.0002 0.0002
30.6139 0.0002 0.0002
30.6315 0.0002 0.0002
30.6491 0.0002 0.0002
30.6666 0.0002 0.0002
30.6842 0.0002 0.0002
30.7017 0.0002 0.0002
30.7193 0.0002 0.0002
30.7368 0.0002 0.0002
30.7544 0.0002 0.0002
30.7719 0.0002 0.0002
30.7895 0.0002 0.0002
30.8070 0.0002 0.0002
30.8246 0.0002 0.0002
30.8421 0.0002 0.0002
30.8597 0.0002 0.0002
30.8773 0.0002 0.0002
30.8948 0.0002 0.0002
30.9124 0.0002 0.0002
30.9299 0.0002 0.0002
30.9475 0.0002 0.0002
30.9650 0.0002 0.0002
30.9826 0.0002 0.0002
31.0001 0.0002 0.0002
31.0177 0.0002 0.0002
31.0352 0.0002 0.0002
31.0528 0.0002 0.0002
31.0703 0.0002 0.0002
31.0879 0.0002 0.0002
31.1055 0.0002 0.0002
31.1230 0.0002 0.0002
31.1406 0.0002 0.0002
31.1581 0.0002 0.0002
31.1757 0.0002 0.0002
31.1932 0.0002 0.0002
31.2108 0.0002 0.0002
31.2283 0.0002 0.0002
31.2459 0.0002 0.0002
31.2634 0.0002 0.0002
31.2810 0.0002 0.0002
31.2985 0.0002 0.0002
31.3161 0.0002 0.0002
31.3337 0.0002 0.0002
31.3512 0.0002 0.0002
31.3688 0.0002 0.0002
31.3863 0.0002 0.0002
31.4039 0.0002 0.0002
31.4214 0.0002 0.0002
31.4390 0.0002 0.0002
31.4565 0.0002 0.0002
31.4741 0.0002 0.0002
31.4916 0.0002 0.0002
31.5092 0.0002 0.0002
31.5267 0.0002 0.0002
31.5443 0.0002 0.0002
31.5619 0.0002 0.0002
31.5794 0.0002 0.0002
31.5970 0.0002 0.0002
31.6145 0.0002 0.0002
31.6321 0.0002 0.0002
31.6496 0.0002 0.0002
31.6672 0.0002 0.0002
31.6847 0.0002 0.0002
31.7023 0.0002 0.0002
31.7198 0.0002 0.0002
31.7374 0.0002 0.0002
31.7549 0.0002 0.0002
31.7725 0.0002 0.0002
31.7901 0.0002 0.0002
31.8076 0.0002 0.0002
31.8252 0.0002 0.0002
31.8427 0.0002 0.0002
31.8603 0.0002 0.0002
31.8778 0.0002 0.0002
31.8954 0.0002 0.0002
31.9129 0.0002 0.0002
31.9305 0.0002 0.0002
31.9480 0.0002 0.0002
31.9656 0.0002 0.0002
31.9831 0.0002 0.0002
32.0007 0.0002 0.0002
32.0183 0.0002 0.0002
32.0358 0.0002 0.0002
32.0534 0.0002 0.0002
32.0709 0.0002 0.0002
32.0885 0.0002 0.0002
32.1060 0.0002 0.0002
32.1236 0.0002 0.0002
32.1411 0.0002 0.0002
32.1587 0.0002 0.0002
32.1762 0.0002 0.0002
32.1938 0.0002 0.0002
32.2113 0.0002 0.0002
32.2289 0.0002 0.0002
32.2465 0.0002 0.0002
32.2640 0.0002 0.0002
32.2816 0.0002 0.0002
32.2991 0.0002 0.0002
32.3167 0.0002 0.0002
32.3342 0.0002 0.0002
32.3518 0.0002 0.0002
32.3693 0.0002 0.0002
32.3869 0.0002 0.0002
32.4044 0.0002 0.0002
32.4220 0.0002 0.0002
32.4395 0.0002 0.0002
32.4571 0.0002 0.0002
32.4747 0.0002 0.0002
32.4922 0.0002 0.0002
32.5098 0.0002 0.0002
32.5273 0.0002 0.0002
32.5449 0.0002 0.0002
32.5624 0.0002 0.0002
32.5800 0.0002 0.0002
32.5975 0.0002 0.0002
32.6151 0.0002 0.0002
32.6326 0.0002 0.0002
32.6502 0.0002 0.0002
32.6677 0.0002 0.0002
32.6853 0.0002 0.0002
32.7029 0.0002 0.0002
32.7204 0.0002 0.0002
32.7380 0.0002 0.0002
32.7555 0.0002 0.0002
32.7731 0.0002 0.0002
32.7906 0.0002 0.0002
32.8082 0.0002 0.0002
32.8257 0.0002 0.0002
32.8433 0.0002 0.0002
32.8608 0.0002 0.0002
32.8784 0.0002 0.0002
32.8959 0.0002 0.0002
32.9135 0.0002 0.0002
32.9311 0.0002 0.0002
32.9486 0.0002 0.0002
32.9662 0.0002 0.0002
32.9837 0.0002 0.0002
33.0013 0.0002 0.0002
33.0188 0.0002 0.0002
33.0364 0.0002 0.0002
33.0539 0.0002 0.0002
33.0715 0.0002 0.0002
33.0890 0.0002 0.0002
33.1066 0.0002 0.0002
33.1242 0.0002 0.0002
33.1417 0.0002 0.0002
33.1593 0.0002 0.0002
33.1768 0.0002 0.0002
33.1944 0.0002 0.0002
33.2119 0.0002 0.0002
33.2295 0.0002 0.0002
33.2470 0.0002 0.0002
33.2646 0.0002 0.0002
33.2821 0.0002 0.0002
33.2997 0.0002 0.0002
33.3172 0.0002 0.0002
33.3348 0.0002 0.0002
33.3524 0.0002 0.0002
33.3699 0.0002 0.0002
33.3875 0.0002 0.0002
33.4050 0.0002 0.0002
33.4226 0.0002 0.0002
33.4401 0.0002 0.0001
33.4577 0.0002 0.0001
33.4752 0.0002 0.0001
33.4928 0.0002 0.0001
33.5103 0.0001 0.0001
33.5279 0.0001 0.0001
33.5454 0.0001 0.0001
33.5630 0.0001 0.0001
33.5806 0.0001 0.0001
33.5981 0.0001 0.0001
33.6157 0.0001 0.0001
33.6332 0.0001 0.0001
33.6508 0.0001 0.0001
33.6683 0.0001 0.0001
33.6859 0.0001 0.0001
33.7034 0.0001 0.0001
33.7210 0.0001 0.0001
33.7385 0.0001 0.0001
33.7561 0.0001 0.0001
33.7736 0.0001 0.0001
33.7912 0.0001 0.0001
33.8088 0.0001 0.0001
33.8263 0.0001 0.0001
33.8439 0.0001 0.0001
33.8614 0.0001 0.0001
33.8790 0.0001 0.0001
33.8965 0.0001 0.0001
33.9141 0.0001 0.0001
33.9316 0.0001 0.0001
33.9492 0.0001 0.0001
33.9667 0.0001 0.0001
33.9843 0.0001 0.0001
34.0018 0.0001 0.0001
34.0194 0.0001 0.0001
34.0370 0.0001 0.0001
34.0545 0.0001 0.0001
34.0721 0.0001 0.0001
34.0896 0.0001 0.0001
34.1072 0.0001 0.0001
34.1247 0.0001 0.0001
34.1423 0.0001 0.0001
34.1598 0.0001 0.0001
34.1774 0.0001 0.0001
34.1949 0.0001 0.0001
34.2125 0.0001 0.0001
34.2300 0.0001 0.0001
34.2476 0.0001 0.0001
34.2652 0.0001 0.0001
34.2827 0.0001 0.0001
34.3003 0.0001 0.0001
34.3178 0.0001 0.0001
34.3354 0.0001 0.0001
34.3529 0.0001 0.0001
34.3705 0.0001 0.0001
34.3880 0.0001 0.0001
34.4056 0.0001 0.0001
34.4231 0.0001 0.0001
34.4407 0.0001 0.0001
34.4582 0.0001 0.0001
34.4758 0.0001 0.0001
34.4934 0.0001 0.0001
34.5109 0.0001 0.0001
34.5285 0.0001 0.0001
34.5460 0.0001 0.0001
34.5636 0.0001 0.0001
34.5811 0.0001 0.0001
34.5987 0.0001 0.0001
34.6162 0.0001 0.0001
34.6338 0.0001 0.0001
34.6513 0.0001 0.0001
34.6689 0.0001 0.0001
34.6864 0.0001 0.0001
34.7040 0.0001 0.0001
34.7216 0.0001 0.0001
34.7391 0.0001 0.0001
34.7567 0.0001 0.0001
34.7742 0.0001 0.0001
34.7918 0.0001 0.0001
34.8093 0.0001 0.0001
34.8269 0.0001 0.0001
34.8444 0.0001 0.0001
34.8620 0.0001 0.0001
34.8795 0.0001 0.0001
34.8971 0.0001 0.0001
34.9146 0.0001 0.0001
34.9322 0.0001 0.0001
34.9498 0.0001 0.0001
34.9673 0.0001 0.0001
34.9849 0.0001 0.0001
35.0024 0.0001 0.0001
35.0200 0.0001 0.0001
35.0375 0.0001 0.0001
35.0551 0.0001 0.0001
35.0726 0.0001 0.0001
35.0902 0.0001 0.0001
  
  
  
  
  
dim="1">gridpoints</dimension>  
  
  
  
  
  
  
  
  
0.0000 241.1809 214.0132
0.0176 241.1809 214.0132
0.0351 120.6027 107.0744
0.0527 80.4141 71.4566
0.0702 60.3214 53.6674
0.0878 48.2654 43.0078
0.1053 40.2262 35.9110
0.1229 34.4805 30.8484
0.1404 30.1668 27.0554
0.1580 26.8061 24.1072
0.1755 24.1112 21.7491
0.1931 21.8991 19.8190
0.2106 20.0481 18.2088
0.2282 18.4739 16.8440
0.2458 17.1163 15.6714
0.2633 15.9314 14.6522
0.2809 14.8865 13.7574
0.2984 13.9565 12.9649
0.3160 13.1223 12.2579
0.3335 12.3689 11.6228
0.3511 11.6846 11.0491
0.3686 11.0598 10.5282
0.3862 10.4872 10.0532
0.4037 9.9606 9.6182
0.4213 9.4750 9.2186
0.4388 9.0266 8.8501
0.4564 8.6118 8.5093
0.4740 8.2279 8.1933
0.4915 7.8725 7.8992
0.5091 7.5436 7.6250
0.5266 7.2392 7.3684
0.5442 6.9577 7.1278
0.5617 6.6975 6.9015
0.5793 6.4574 6.6882
0.5968 6.2359 6.4865
0.6144 6.0317 6.2954
0.6319 5.8437 6.1139
0.6495 5.6707 5.9413
0.6670 5.5115 5.7767
0.6846 5.3650 5.6196
0.7022 5.2304 5.4695
0.7197 5.1067 5.3260
0.7373 4.9929 5.1888
0.7548 4.8882 5.0576
0.7724 4.7919 4.9324
0.7899 4.7033 4.8129
0.8075 4.6216 4.6993
0.8250 4.5464 4.5914
0.8426 4.4768 4.4893
0.8601 4.4125 4.3930
0.8777 4.3528 4.3024
0.8952 4.2971 4.2176
0.9128 4.2451 4.1384
0.9304 4.1961 4.0647
0.9479 4.1497 3.9963
0.9655 4.1053 3.9328
0.9830 4.0626 3.8741
1.0006 4.0211 3.8195
1.0181 3.9803 3.7688
1.0357 3.9400 3.7213
1.0532 3.8998 3.6766
1.0708 3.8595 3.6341
1.0883 3.8188 3.5934
1.1059 3.7778 3.5538
1.1234 3.7363 3.5149
1.1410 3.6942 3.4763
1.1586 3.6518 3.4377
1.1761 3.6090 3.3987
1.1937 3.5660 3.3590
1.2112 3.5231 3.3186
1.2288 3.4803 3.2774
1.2463 3.4378 3.2353
1.2639 3.3958 3.1924
1.2814 3.3546 3.1490
1.2990 3.3141 3.1051
1.3165 3.2746 3.0612
1.3341 3.2360 3.0176
1.3516 3.1986 2.9745
1.3692 3.1623 2.9325
1.3868 3.1273 2.8919
1.4043 3.0934 2.8530
1.4219 3.0609 2.8164
1.4394 3.0296 2.7822
1.4570 2.9997 2.7507
1.4745 2.9713 2.7220
1.4921 2.9443 2.6964
1.5096 2.9188 2.6738
1.5272 2.8949 2.6541
1.5447 2.8726 2.6373
1.5623 2.8518 2.6230
1.5798 2.8325 2.6111
1.5974 2.8146 2.6013
1.6150 2.7981 2.5931
1.6325 2.7827 2.5862
1.6501 2.7684 2.5802
1.6676 2.7548 2.5746
1.6852 2.7419 2.5693
1.7027 2.7294 2.5636
1.7203 2.7171 2.5574
1.7378 2.7048 2.5503
1.7554 2.6926 2.5421
1.7729 2.6801 2.5325
1.7905 2.6674 2.5213
1.8080 2.6545 2.5085
1.8256 2.6414 2.4940
1.8432 2.6280 2.4776
1.8607 2.6143 2.4594
1.8783 2.6006 2.4395
1.8958 2.5866 2.4180
1.9134 2.5726 2.3949
1.9309 2.5585 2.3704
1.9485 2.5442 2.3449
1.9660 2.5298 2.3183
1.9836 2.5151 2.2912
2.0011 2.5003 2.2636
2.0187 2.4851 2.2359
2.0362 2.4695 2.2083
2.0538 2.4535 2.1811
2.0714 2.4371 2.1545
2.0889 2.4201 2.1289
2.1065 2.4026 2.1042
2.1240 2.3845 2.0808
2.1416 2.3659 2.0587
2.1591 2.3468 2.0379
2.1767 2.3273 2.0186
2.1942 2.3074 2.0007
2.2118 2.2871 1.9841
2.2293 2.2665 1.9687
2.2469 2.2457 1.9546
2.2644 2.2246 1.9414
2.2820 2.2034 1.9292
2.2996 2.1821 1.9177
2.3171 2.1605 1.9069
2.3347 2.1389 1.8966
2.3522 2.1170 1.8866
2.3698 2.0950 1.8770
2.3873 2.0727 1.8675
2.4049 2.0502 1.8582
2.4224 2.0273 1.8489
2.4400 2.0042 1.8397
2.4575 1.9807 1.8305
2.4751 1.9569 1.8213
2.4926 1.9328 1.8121
2.5102 1.9084 1.8029
2.5278 1.8839 1.7937
2.5453 1.8591 1.7845
2.5629 1.8344 1.7754
2.5804 1.8096 1.7663
2.5980 1.7849 1.7572
2.6155 1.7604 1.7481
2.6331 1.7362 1.7390
2.6506 1.7123 1.7299
2.6682 1.6889 1.7207
2.6857 1.6659 1.7115
2.7033 1.6436 1.7021
2.7208 1.6219 1.6925
2.7384 1.6009 1.6828
2.7560 1.5806 1.6728
2.7735 1.5610 1.6625
2.7911 1.5423 1.6518
2.8086 1.5244 1.6406
2.8262 1.5073 1.6291
2.8437 1.4911 1.6170
2.8613 1.4757 1.6044
2.8788 1.4612 1.5914
2.8964 1.4476 1.5778
2.9139 1.4348 1.5637
2.9315 1.4228 1.5492
2.9490 1.4116 1.5343
2.9666 1.4011 1.5191
2.9842 1.3913 1.5037
3.0017 1.3822 1.4881
3.0193 1.3737 1.4726
3.0368 1.3657 1.4572
3.0544 1.3583 1.4419
3.0719 1.3513 1.4269
3.0895 1.3447 1.4122
3.1070 1.3385 1.3978
3.1246 1.3325 1.3839
3.1421 1.3269 1.3704
3.1597 1.3215 1.3573
3.1773 1.3163 1.3446
3.1948 1.3112 1.3322
3.2124 1.3062 1.3200
3.2299 1.3013 1.3081
3.2475 1.2963 1.2963
3.2650 1.2914 1.2846
3.2826 1.2863 1.2728
3.3001 1.2811 1.2611
3.3177 1.2756 1.2492
3.3352 1.2698 1.2371
3.3528 1.2636 1.2249
3.3703 1.2570 1.2125
3.3879 1.2498 1.2000
3.4055 1.2421 1.1872
3.4230 1.2337 1.1743
3.4406 1.2247 1.1612
3.4581 1.2151 1.1480
3.4757 1.2047 1.1347
3.4932 1.1938 1.1215
3.5108 1.1823 1.1082
3.5283 1.1702 1.0950
3.5459 1.1578 1.0820
3.5634 1.1450 1.0691
3.5810 1.1320 1.0564
3.5985 1.1189 1.0439
3.6161 1.1058 1.0318
3.6337 1.0928 1.0200
3.6512 1.0800 1.0086
3.6688 1.0675 0.9975
3.6863 1.0554 0.9870
3.7039 1.0437 0.9769
3.7214 1.0325 0.9673
3.7390 1.0217 0.9583
3.7565 1.0115 0.9497
3.7741 1.0018 0.9418
3.7916 0.9925 0.9344
3.8092 0.9837 0.9275
3.8267 0.9754 0.9212
3.8443 0.9674 0.9154
3.8619 0.9597 0.9101
3.8794 0.9522 0.9052
3.8970 0.9450 0.9008
3.9145 0.9380 0.8967
3.9321 0.9310 0.8929
3.9496 0.9241 0.8893
3.9672 0.9172 0.8860
3.9847 0.9102 0.8827
4.0023 0.9033 0.8794
4.0198 0.8962 0.8762
4.0374 0.8891 0.8728
4.0549 0.8819 0.8693
4.0725 0.8747 0.8656
4.0901 0.8674 0.8616
4.1076 0.8601 0.8574
4.1252 0.8528 0.8529
4.1427 0.8455 0.8480
4.1603 0.8383 0.8428
4.1778 0.8312 0.8372
4.1954 0.8241 0.8313
4.2129 0.8171 0.8251
4.2305 0.8103 0.8186
4.2480 0.8036 0.8118
4.2656 0.7970 0.8047
4.2831 0.7905 0.7974
4.3007 0.7842 0.7899
4.3183 0.7781 0.7823
4.3358 0.7721 0.7745
4.3534 0.7663 0.7667
4.3709 0.7606 0.7589
4.3885 0.7551 0.7511
4.4060 0.7497 0.7434
4.4236 0.7444 0.7358
4.4411 0.7393 0.7283
4.4587 0.7344 0.7210
4.4762 0.7295 0.7139
4.4938 0.7248 0.7069
4.5113 0.7201 0.7002
4.5289 0.7156 0.6938
4.5465 0.7112 0.6875
4.5640 0.7069 0.6814
4.5816 0.7027 0.6756
4.5991 0.6985 0.6699
4.6167 0.6945 0.6645
4.6342 0.6906 0.6591
4.6518 0.6868 0.6539
4.6693 0.6831 0.6487
4.6869 0.6795 0.6436
4.7044 0.6759 0.6386
4.7220 0.6725 0.6336
4.7395 0.6692 0.6286
4.7571 0.6660 0.6237
4.7747 0.6628 0.6187
4.7922 0.6597 0.6137
4.8098 0.6566 0.6087
4.8273 0.6536 0.6037
4.8449 0.6506 0.5988
4.8624 0.6477 0.5939
4.8800 0.6448 0.5890
4.8975 0.6418 0.5842
4.9151 0.6389 0.5795
4.9326 0.6360 0.5749
4.9502 0.6330 0.5704
4.9677 0.6301 0.5661
4.9853 0.6271 0.5620
5.0029 0.6242 0.5581
5.0204 0.6211 0.5543
5.0380 0.6181 0.5508
5.0555 0.6150 0.5475
5.0731 0.6118 0.5445
5.0906 0.6086 0.5417
5.1082 0.6052 0.5391
5.1257 0.6018 0.5368
5.1433 0.5983 0.5347
5.1608 0.5947 0.5328
5.1784 0.5909 0.5312
5.1959 0.5871 0.5299
5.2135 0.5831 0.5287
5.2311 0.5791 0.5277
5.2486 0.5750 0.5270
5.2662 0.5708 0.5264
5.2837 0.5666 0.5259
5.3013 0.5624 0.5256
5.3188 0.5582 0.5253
5.3364 0.5540 0.5251
5.3539 0.5499 0.5249
5.3715 0.5459 0.5248
5.3890 0.5420 0.5245
5.4066 0.5382 0.5242
5.4241 0.5347 0.5237
5.4417 0.5312 0.5231
5.4593 0.5280 0.5223
5.4768 0.5249 0.5213
5.4944 0.5221 0.5201
5.5119 0.5194 0.5187
5.5295 0.5169 0.5171
5.5470 0.5146 0.5153
5.5646 0.5125 0.5133
5.5821 0.5105 0.5112
5.5997 0.5086 0.5089
5.6172 0.5069 0.5066
5.6348 0.5052 0.5041
5.6523 0.5036 0.5016
5.6699 0.5020 0.4991
5.6875 0.5005 0.4966
5.7050 0.4990 0.4941
5.7226 0.4975 0.4917
5.7401 0.4960 0.4894
5.7577 0.4945 0.4871
5.7752 0.4930 0.4849
5.7928 0.4915 0.4827
5.8103 0.4900 0.4807
5.8279 0.4885 0.4787
5.8454 0.4870 0.4768
5.8630 0.4855 0.4749
5.8805 0.4840 0.4731
5.8981 0.4825 0.4713
5.9157 0.4810 0.4696
5.9332 0.4794 0.4678
5.9508 0.4778 0.4661
5.9683 0.4762 0.4643
5.9859 0.4745 0.4626
6.0034 0.4728 0.4608
6.0210 0.4710 0.4589
6.0385 0.4691 0.4570
6.0561 0.4671 0.4551
6.0736 0.4650 0.4532
6.0912 0.4628 0.4511
6.1087 0.4605 0.4491
6.1263 0.4581 0.4470
6.1439 0.4557 0.4449
6.1614 0.4533 0.4428
6.1790 0.4508 0.4406
6.1965 0.4483 0.4385
6.2141 0.4458 0.4364
6.2316 0.4433 0.4343
6.2492 0.4408 0.4323
6.2667 0.4384 0.4303
6.2843 0.4361 0.4283
6.3018 0.4337 0.4265
6.3194 0.4314 0.4246
6.3369 0.4292 0.4229
6.3545 0.4269 0.4212
6.3721 0.4246 0.4196
6.3896 0.4224 0.4180
6.4072 0.4200 0.4164
6.4247 0.4176 0.4149
6.4423 0.4152 0.4134
6.4598 0.4126 0.4118
6.4774 0.4099 0.4102
6.4949 0.4072 0.4086
6.5125 0.4043 0.4070
6.5300 0.4013 0.4053
6.5476 0.3982 0.4036
6.5651 0.3950 0.4018
6.5827 0.3917 0.4000
6.6003 0.3883 0.3982
6.6178 0.3850 0.3963
6.6354 0.3816 0.3945
6.6529 0.3782 0.3927
6.6705 0.3748 0.3909
6.6880 0.3715 0.3892
6.7056 0.3682 0.3875
6.7231 0.3651 0.3859
6.7407 0.3621 0.3844
6.7582 0.3592 0.3829
6.7758 0.3564 0.3815
6.7933 0.3539 0.3802
6.8109 0.3515 0.3789
6.8285 0.3492 0.3777
6.8460 0.3472 0.3765
6.8636 0.3453 0.3754
6.8811 0.3437 0.3742
6.8987 0.3422 0.3730
6.9162 0.3409 0.3718
6.9338 0.3398 0.3705
6.9513 0.3388 0.3692
6.9689 0.3380 0.3679
6.9864 0.3373 0.3665
7.0040 0.3367 0.3651
7.0215 0.3362 0.3636
7.0391 0.3358 0.3620
7.0567 0.3354 0.3604
7.0742 0.3350 0.3588
7.0918 0.3347 0.3571
7.1093 0.3343 0.3554
7.1269 0.3340 0.3536
7.1444 0.3335 0.3518
7.1620 0.3331 0.3500
7.1795 0.3326 0.3482
7.1971 0.3320 0.3463
7.2146 0.3314 0.3445
7.2322 0.3307 0.3426
7.2497 0.3299 0.3407
7.2673 0.3291 0.3389
7.2849 0.3283 0.3370
7.3024 0.3274 0.3352
7.3200 0.3265 0.3334
7.3375 0.3256 0.3316
7.3551 0.3248 0.3298
7.3726 0.3239 0.3281
7.3902 0.3230 0.3264
7.4077 0.3222 0.3247
7.4253 0.3214 0.3230
7.4428 0.3206 0.3214
7.4604 0.3198 0.3197
7.4779 0.3191 0.3182
7.4955 0.3183 0.3166
7.5131 0.3176 0.3150
7.5306 0.3169 0.3135
7.5482 0.3162 0.3120
7.5657 0.3155 0.3106
7.5833 0.3147 0.3092
7.6008 0.3140 0.3078
7.6184 0.3131 0.3065
7.6359 0.3123 0.3052
7.6535 0.3113 0.3039
7.6710 0.3103 0.3028
7.6886 0.3093 0.3016
7.7061 0.3082 0.3005
7.7237 0.3070 0.2995
7.7413 0.3058 0.2985
7.7588 0.3046 0.2976
7.7764 0.3033 0.2967
7.7939 0.3019 0.2958
7.8115 0.3005 0.2949
7.8290 0.2991 0.2941
7.8466 0.2976 0.2932
7.8641 0.2960 0.2924
7.8817 0.2944 0.2915
7.8992 0.2928 0.2906
7.9168 0.2912 0.2897
7.9343 0.2895 0.2888
7.9519 0.2878 0.2879
7.9695 0.2860 0.2869
7.9870 0.2843 0.2859
8.0046 0.2826 0.2850
8.0221 0.2809 0.2840
8.0397 0.2792 0.2830
8.0572 0.2777 0.2820
8.0748 0.2761 0.2810
8.0923 0.2747 0.2801
8.1099 0.2734 0.2792
8.1274 0.2722 0.2784
8.1450 0.2712 0.2776
8.1625 0.2702 0.2768
8.1801 0.2694 0.2762
8.1977 0.2688 0.2756
8.2152 0.2683 0.2751
8.2328 0.2679 0.2747
8.2503 0.2677 0.2743
8.2679 0.2676 0.2741
8.2854 0.2676 0.2739
8.3030 0.2677 0.2737
8.3205 0.2679 0.2736
8.3381 0.2682 0.2736
8.3556 0.2686 0.2735
8.3732 0.2691 0.2735
8.3907 0.2696 0.2735
8.4083 0.2701 0.2735
8.4259 0.2707 0.2735
8.4434 0.2713 0.2735
8.4610 0.2718 0.2734
8.4785 0.2724 0.2734
8.4961 0.2728 0.2733
8.5136 0.2733 0.2733
8.5312 0.2736 0.2732
8.5487 0.2739 0.2731
8.5663 0.2741 0.2730
8.5838 0.2741 0.2729
8.6014 0.2741 0.2727
8.6189 0.2739 0.2726
8.6365 0.2735 0.2724
8.6541 0.2731 0.2722
8.6716 0.2725 0.2719
8.6892 0.2717 0.2716
8.7067 0.2709 0.2712
8.7243 0.2700 0.2708
8.7418 0.2689 0.2703
8.7594 0.2678 0.2698
8.7769 0.2666 0.2692
8.7945 0.2653 0.2685
8.8120 0.2640 0.2677
8.8296 0.2627 0.2670
8.8471 0.2613 0.2661
8.8647 0.2599 0.2652
8.8823 0.2586 0.2643
8.8998 0.2572 0.2634
8.9174 0.2559 0.2625
8.9349 0.2546 0.2616
8.9525 0.2533 0.2606
8.9700 0.2521 0.2597
8.9876 0.2509 0.2588
9.0051 0.2498 0.2579
9.0227 0.2488 0.2569
9.0402 0.2478 0.2560
9.0578 0.2468 0.2551
9.0754 0.2460 0.2542
9.0929 0.2452 0.2533
9.1105 0.2444 0.2523
9.1280 0.2437 0.2514
9.1456 0.2431 0.2504
9.1631 0.2425 0.2494
9.1807 0.2420 0.2484
9.1982 0.2415 0.2474
9.2158 0.2410 0.2464
9.2333 0.2405 0.2454
9.2509 0.2401 0.2443
9.2684 0.2397 0.2433
9.2860 0.2393 0.2423
9.3036 0.2389 0.2413
9.3211 0.2385 0.2403
9.3387 0.2381 0.2393
9.3562 0.2377 0.2384
9.3738 0.2373 0.2375
9.3913 0.2369 0.2367
9.4089 0.2364 0.2359
9.4264 0.2360 0.2351
9.4440 0.2355 0.2344
9.4615 0.2350 0.2337
9.4791 0.2345 0.2331
9.4966 0.2339 0.2325
9.5142 0.2333 0.2319
9.5318 0.2327 0.2314
9.5493 0.2321 0.2309
9.5669 0.2314 0.2305
9.5844 0.2307 0.2300
9.6020 0.2299 0.2296
9.6195 0.2291 0.2292
9.6371 0.2283 0.2288
9.6546 0.2274 0.2284
9.6722 0.2265 0.2280
9.6897 0.2256 0.2275
9.7073 0.2247 0.2271
9.7248 0.2237 0.2266
9.7424 0.2228 0.2262
9.7600 0.2218 0.2256
9.7775 0.2209 0.2251
9.7951 0.2199 0.2245
9.8126 0.2189 0.2239
9.8302 0.2180 0.2232
9.8477 0.2170 0.2225
9.8653 0.2160 0.2218
9.8828 0.2150 0.2210
9.9004 0.2140 0.2202
9.9179 0.2130 0.2193
9.9355 0.2120 0.2184
9.9530 0.2109 0.2174
9.9706 0.2098 0.2164
9.9882 0.2086 0.2154
10.0057 0.2074 0.2143
10.0233 0.2062 0.2132
10.0408 0.2049 0.2120
10.0584 0.2036 0.2108
10.0759 0.2023 0.2096
10.0935 0.2009 0.2084
10.1110 0.1995 0.2071
10.1286 0.1981 0.2058
10.1461 0.1966 0.2045
10.1637 0.1952 0.2031
10.1812 0.1937 0.2018
10.1988 0.1923 0.2005
10.2164 0.1908 0.1992
10.2339 0.1894 0.1979
10.2515 0.1879 0.1967
10.2690 0.1865 0.1955
10.2866 0.1852 0.1943
10.3041 0.1839 0.1932
10.3217 0.1826 0.1921
10.3392 0.1813 0.1911
10.3568 0.1801 0.1902
10.3743 0.1790 0.1893
10.3919 0.1779 0.1884
10.4094 0.1768 0.1876
10.4270 0.1758 0.1868
10.4446 0.1748 0.1861
10.4621 0.1739 0.1854
10.4797 0.1729 0.1847
10.4972 0.1720 0.1840
10.5148 0.1711 0.1833
10.5323 0.1701 0.1825
10.5499 0.1692 0.1818
10.5674 0.1683 0.1811
10.5850 0.1673 0.1804
10.6025 0.1664 0.1796
10.6201 0.1654 0.1788
10.6376 0.1644 0.1780
10.6552 0.1634 0.1772
10.6728 0.1624 0.1763
10.6903 0.1615 0.1755
10.7079 0.1605 0.1746
10.7254 0.1595 0.1737
10.7430 0.1585 0.1728
10.7605 0.1576 0.1719
10.7781 0.1566 0.1710
10.7956 0.1557 0.1701
10.8132 0.1548 0.1691
10.8307 0.1539 0.1682
10.8483 0.1531 0.1673
10.8658 0.1522 0.1664
10.8834 0.1514 0.1655
10.9010 0.1506 0.1647
10.9185 0.1498 0.1638
10.9361 0.1490 0.1630
10.9536 0.1482 0.1621
10.9712 0.1474 0.1613
10.9887 0.1466 0.1605
11.0063 0.1459 0.1597
11.0238 0.1451 0.1590
11.0414 0.1443 0.1582
11.0589 0.1435 0.1575
11.0765 0.1428 0.1567
11.0940 0.1420 0.1560
11.1116 0.1412 0.1552
11.1292 0.1405 0.1545
11.1467 0.1397 0.1537
11.1643 0.1389 0.1529
11.1818 0.1381 0.1521
11.1994 0.1373 0.1513
11.2169 0.1364 0.1504
11.2345 0.1356 0.1496
11.2520 0.1347 0.1487
11.2696 0.1339 0.1478
11.2871 0.1330 0.1469
11.3047 0.1320 0.1459
11.3222 0.1311 0.1450
11.3398 0.1301 0.1440
11.3574 0.1291 0.1430
11.3749 0.1281 0.1420
11.3925 0.1270 0.1410
11.4100 0.1260 0.1400
11.4276 0.1249 0.1391
11.4451 0.1238 0.1381
11.4627 0.1228 0.1371
11.4802 0.1217 0.1361
11.4978 0.1206 0.1351
11.5153 0.1195 0.1342
11.5329 0.1185 0.1332
11.5504 0.1174 0.1322
11.5680 0.1164 0.1312
11.5856 0.1154 0.1302
11.6031 0.1144 0.1292
11.6207 0.1135 0.1282
11.6382 0.1125 0.1272
11.6558 0.1116 0.1262
11.6733 0.1108 0.1251
11.6909 0.1099 0.1241
11.7084 0.1091 0.1231
11.7260 0.1083 0.1221
11.7435 0.1075 0.1211
11.7611 0.1067 0.1201
11.7786 0.1060 0.1191
11.7962 0.1052 0.1182
11.8138 0.1045 0.1173
11.8313 0.1038 0.1164
11.8489 0.1031 0.1156
11.8664 0.1023 0.1148
11.8840 0.1016 0.1140
11.9015 0.1009 0.1132
11.9191 0.1002 0.1124
11.9366 0.0995 0.1117
11.9542 0.0988 0.1109
11.9717 0.0981 0.1102
11.9893 0.0974 0.1094
12.0068 0.0968 0.1087
12.0244 0.0961 0.1079
12.0420 0.0954 0.1071
12.0595 0.0948 0.1063
12.0771 0.0942 0.1055
12.0946 0.0936 0.1047
12.1122 0.0930 0.1038
12.1297 0.0924 0.1030
12.1473 0.0919 0.1021
12.1648 0.0913 0.1012
12.1824 0.0908 0.1003
12.1999 0.0903 0.0995
12.2175 0.0898 0.0986
12.2350 0.0893 0.0977
12.2526 0.0888 0.0969
12.2702 0.0883 0.0961
12.2877 0.0878 0.0952
12.3053 0.0874 0.0945
12.3228 0.0869 0.0937
12.3404 0.0864 0.0929
12.3579 0.0859 0.0922
12.3755 0.0855 0.0915
12.3930 0.0850 0.0908
12.4106 0.0846 0.0902
12.4281 0.0841 0.0895
12.4457 0.0837 0.0889
12.4632 0.0833 0.0883
12.4808 0.0828 0.0876
12.4984 0.0824 0.0870
12.5159 0.0820 0.0864
12.5335 0.0816 0.0859
12.5510 0.0812 0.0853
12.5686 0.0808 0.0847
12.5861 0.0804 0.0841
12.6037 0.0800 0.0836
12.6212 0.0796 0.0830
12.6388 0.0792 0.0825
12.6563 0.0788 0.0820
12.6739 0.0783 0.0815
12.6914 0.0779 0.0811
12.7090 0.0774 0.0806
12.7266 0.0769 0.0802
12.7441 0.0764 0.0798
12.7617 0.0759 0.0794
12.7792 0.0755 0.0791
12.7968 0.0750 0.0787
12.8143 0.0745 0.0784
12.8319 0.0740 0.0781
12.8494 0.0735 0.0779
12.8670 0.0730 0.0776
12.8845 0.0725 0.0774
12.9021 0.0720 0.0771
12.9196 0.0716 0.0769
12.9372 0.0711 0.0767
12.9548 0.0707 0.0764
12.9723 0.0703 0.0762
12.9899 0.0698 0.0759
13.0074 0.0694 0.0756
13.0250 0.0690 0.0753
13.0425 0.0686 0.0750
13.0601 0.0681 0.0747
13.0776 0.0677 0.0743
13.0952 0.0673 0.0739
13.1127 0.0669 0.0735
13.1303 0.0664 0.0730
13.1478 0.0660 0.0726
13.1654 0.0656 0.0721
13.1830 0.0652 0.0716
13.2005 0.0647 0.0711
13.2181 0.0643 0.0706
13.2356 0.0639 0.0701
13.2532 0.0634 0.0696
13.2707 0.0630 0.0692
13.2883 0.0626 0.0687
13.3058 0.0621 0.0682
13.3234 0.0617 0.0678
13.3409 0.0613 0.0673
13.3585 0.0608 0.0669
13.3760 0.0604 0.0665
13.3936 0.0600 0.0661
13.4112 0.0595 0.0657
13.4287 0.0591 0.0654
13.4463 0.0587 0.0650
13.4638 0.0583 0.0647
13.4814 0.0579 0.0644
13.4989 0.0574 0.0640
13.5165 0.0570 0.0637
13.5340 0.0566 0.0634
13.5516 0.0562 0.0631
13.5691 0.0558 0.0627
13.5867 0.0554 0.0624
13.6042 0.0550 0.0620
13.6218 0.0547 0.0617
13.6394 0.0543 0.0613
13.6569 0.0539 0.0609
13.6745 0.0536 0.0606
13.6920 0.0532 0.0602
13.7096 0.0529 0.0598
13.7271 0.0525 0.0594
13.7447 0.0522 0.0589
13.7622 0.0519 0.0585
13.7798 0.0516 0.0581
13.7973 0.0513 0.0576
13.8149 0.0510 0.0572
13.8324 0.0507 0.0567
13.8500 0.0504 0.0563
13.8676 0.0501 0.0558
13.8851 0.0498 0.0554
13.9027 0.0495 0.0549
13.9202 0.0492 0.0544
13.9378 0.0490 0.0540
13.9553 0.0487 0.0535
13.9729 0.0484 0.0531
13.9904 0.0481 0.0526
14.0080 0.0477 0.0522
14.0255 0.0474 0.0518
14.0431 0.0471 0.0514
14.0606 0.0468 0.0509
14.0782 0.0465 0.0506
14.0958 0.0461 0.0502
14.1133 0.0458 0.0498
14.1309 0.0454 0.0494
14.1484 0.0451 0.0491
14.1660 0.0448 0.0488
14.1835 0.0444 0.0484
14.2011 0.0441 0.0481
14.2186 0.0437 0.0478
14.2362 0.0434 0.0475
14.2537 0.0430 0.0472
14.2713 0.0427 0.0469
14.2888 0.0424 0.0466
14.3064 0.0421 0.0462
14.3240 0.0417 0.0459
14.3415 0.0414 0.0456
14.3591 0.0411 0.0453
14.3766 0.0408 0.0450
14.3942 0.0405 0.0446
14.4117 0.0402 0.0443
14.4293 0.0399 0.0439
14.4468 0.0396 0.0436
14.4644 0.0393 0.0432
14.4819 0.0390 0.0429
14.4995 0.0388 0.0425
14.5170 0.0385 0.0422
14.5346 0.0382 0.0418
14.5522 0.0379 0.0414
14.5697 0.0377 0.0411
14.5873 0.0374 0.0407
14.6048 0.0371 0.0403
14.6224 0.0369 0.0400
14.6399 0.0366 0.0396
14.6575 0.0363 0.0393
14.6750 0.0361 0.0389
14.6926 0.0358 0.0386
14.7101 0.0355 0.0382
14.7277 0.0353 0.0379
14.7452 0.0350 0.0376
14.7628 0.0347 0.0373
14.7804 0.0345 0.0370
14.7979 0.0342 0.0367
14.8155 0.0340 0.0364
14.8330 0.0337 0.0361
14.8506 0.0334 0.0359
14.8681 0.0332 0.0356
14.8857 0.0329 0.0354
14.9032 0.0326 0.0352
14.9208 0.0324 0.0349
14.9383 0.0321 0.0347
14.9559 0.0318 0.0345
14.9734 0.0316 0.0343
14.9910 0.0313 0.0340
15.0086 0.0310 0.0338
15.0261 0.0307 0.0335
15.0437 0.0305 0.0333
15.0612 0.0302 0.0330
15.0788 0.0299 0.0328
15.0963 0.0296 0.0325
15.1139 0.0293 0.0322
15.1314 0.0290 0.0319
15.1490 0.0287 0.0316
15.1665 0.0284 0.0313
15.1841 0.0281 0.0310
15.2017 0.0278 0.0307
15.2192 0.0275 0.0304
15.2368 0.0272 0.0301
15.2543 0.0270 0.0297
15.2719 0.0267 0.0294
15.2894 0.0264 0.0291
15.3070 0.0261 0.0288
15.3245 0.0258 0.0284
15.3421 0.0255 0.0281
15.3596 0.0252 0.0278
15.3772 0.0250 0.0275
15.3947 0.0247 0.0272
15.4123 0.0244 0.0269
15.4299 0.0242 0.0266
15.4474 0.0240 0.0263
15.4650 0.0237 0.0261
15.4825 0.0235 0.0258
15.5001 0.0233 0.0256
15.5176 0.0232 0.0253
15.5352 0.0230 0.0251
15.5527 0.0228 0.0249
15.5703 0.0227 0.0247
15.5878 0.0225 0.0245
15.6054 0.0224 0.0243
15.6229 0.0223 0.0241
15.6405 0.0221 0.0239
15.6581 0.0220 0.0238
15.6756 0.0219 0.0236
15.6932 0.0218 0.0234
15.7107 0.0216 0.0232
15.7283 0.0215 0.0230
15.7458 0.0213 0.0228
15.7634 0.0212 0.0226
15.7809 0.0210 0.0224
15.7985 0.0208 0.0222
15.8160 0.0207 0.0219
15.8336 0.0205 0.0217
15.8511 0.0202 0.0215
15.8687 0.0200 0.0213
15.8863 0.0198 0.0210
15.9038 0.0196 0.0208
15.9214 0.0193 0.0206
15.9389 0.0191 0.0204
15.9565 0.0189 0.0201
15.9740 0.0186 0.0199
15.9916 0.0184 0.0196
16.0091 0.0182 0.0194
16.0267 0.0179 0.0192
16.0442 0.0177 0.0189
16.0618 0.0175 0.0187
16.0793 0.0173 0.0185
16.0969 0.0171 0.0182
16.1145 0.0169 0.0180
16.1320 0.0167 0.0177
16.1496 0.0166 0.0175
16.1671 0.0164 0.0173
16.1847 0.0162 0.0171
16.2022 0.0160 0.0168
16.2198 0.0159 0.0166
16.2373 0.0157 0.0164
16.2549 0.0156 0.0162
16.2724 0.0154 0.0160
16.2900 0.0153 0.0158
16.3075 0.0151 0.0156
16.3251 0.0150 0.0154
16.3427 0.0148 0.0152
16.3602 0.0147 0.0150
16.3778 0.0145 0.0148
16.3953 0.0144 0.0146
16.4129 0.0142 0.0144
16.4304 0.0140 0.0143
16.4480 0.0139 0.0141
16.4655 0.0137 0.0139
16.4831 0.0136 0.0138
16.5006 0.0135 0.0136
16.5182 0.0133 0.0135
16.5357 0.0132 0.0133
16.5533 0.0130 0.0132
16.5709 0.0129 0.0131
16.5884 0.0128 0.0129
16.6060 0.0126 0.0128
16.6235 0.0125 0.0126
16.6411 0.0124 0.0125
16.6586 0.0122 0.0124
16.6762 0.0121 0.0123
16.6937 0.0120 0.0121
16.7113 0.0119 0.0120
16.7288 0.0117 0.0119
16.7464 0.0116 0.0118
16.7639 0.0115 0.0117
16.7815 0.0114 0.0116
16.7991 0.0113 0.0115
16.8166 0.0111 0.0114
16.8342 0.0110 0.0113
16.8517 0.0109 0.0112
16.8693 0.0108 0.0111
16.8868 0.0107 0.0109
16.9044 0.0106 0.0108
16.9219 0.0105 0.0107
16.9395 0.0104 0.0106
16.9570 0.0103 0.0105
16.9746 0.0102 0.0104
16.9921 0.0101 0.0104
17.0097 0.0100 0.0103
17.0273 0.0100 0.0102
17.0448 0.0099 0.0101
17.0624 0.0098 0.0100
17.0799 0.0097 0.0099
17.0975 0.0096 0.0098
17.1150 0.0095 0.0097
17.1326 0.0094 0.0096
17.1501 0.0093 0.0095
17.1677 0.0092 0.0094
17.1852 0.0091 0.0093
17.2028 0.0090 0.0092
17.2203 0.0089 0.0092
17.2379 0.0088 0.0091
17.2555 0.0087 0.0090
17.2730 0.0086 0.0089
17.2906 0.0085 0.0088
17.3081 0.0084 0.0087
17.3257 0.0084 0.0087
17.3432 0.0083 0.0086
17.3608 0.0082 0.0085
17.3783 0.0081 0.0084
17.3959 0.0080 0.0084
17.4134 0.0080 0.0083
17.4310 0.0079 0.0082
17.4485 0.0078 0.0081
17.4661 0.0078 0.0080
17.4837 0.0077 0.0080
17.5012 0.0076 0.0079
17.5188 0.0076 0.0078
17.5363 0.0075 0.0077
17.5539 0.0075 0.0077
17.5714 0.0074 0.0076
17.5890 0.0074 0.0075
17.6065 0.0073 0.0074
17.6241 0.0073 0.0074
17.6416 0.0072 0.0073
17.6592 0.0072 0.0072
17.6767 0.0071 0.0071
17.6943 0.0071 0.0070
17.7119 0.0070 0.0069
17.7294 0.0069 0.0069
17.7470 0.0069 0.0068
17.7645 0.0068 0.0067
17.7821 0.0068 0.0066
17.7996 0.0067 0.0065
17.8172 0.0067 0.0064
17.8347 0.0066 0.0064
17.8523 0.0065 0.0063
17.8698 0.0065 0.0062
17.8874 0.0064 0.0061
17.9049 0.0064 0.0061
17.9225 0.0063 0.0060
17.9401 0.0063 0.0059
17.9576 0.0062 0.0059
17.9752 0.0062 0.0058
17.9927 0.0061 0.0057
18.0103 0.0061 0.0057
18.0278 0.0060 0.0056
18.0454 0.0060 0.0056
18.0629 0.0059 0.0055
18.0805 0.0059 0.0055
18.0980 0.0058 0.0054
18.1156 0.0058 0.0054
18.1331 0.0057 0.0053
18.1507 0.0057 0.0053
18.1683 0.0056 0.0053
18.1858 0.0056 0.0052
18.2034 0.0055 0.0052
18.2209 0.0055 0.0051
18.2385 0.0054 0.0051
18.2560 0.0054 0.0050
18.2736 0.0053 0.0050
18.2911 0.0053 0.0049
18.3087 0.0052 0.0049
18.3262 0.0052 0.0048
18.3438 0.0051 0.0048
18.3613 0.0051 0.0047
18.3789 0.0050 0.0047
18.3965 0.0050 0.0046
18.4140 0.0049 0.0046
18.4316 0.0049 0.0045
18.4491 0.0048 0.0045
18.4667 0.0048 0.0045
18.4842 0.0048 0.0044
18.5018 0.0047 0.0044
18.5193 0.0047 0.0043
18.5369 0.0046 0.0043
18.5544 0.0046 0.0042
18.5720 0.0045 0.0042
18.5895 0.0045 0.0042
18.6071 0.0044 0.0041
18.6247 0.0044 0.0041
18.6422 0.0043 0.0041
18.6598 0.0043 0.0040
18.6773 0.0042 0.0040
18.6949 0.0042 0.0040
18.7124 0.0041 0.0040
18.7300 0.0041 0.0039
18.7475 0.0040 0.0039
18.7651 0.0040 0.0039
18.7826 0.0039 0.0038
18.8002 0.0039 0.0038
18.8177 0.0038 0.0038
18.8353 0.0038 0.0037
18.8529 0.0038 0.0037
18.8704 0.0037 0.0037
18.8880 0.0037 0.0036
18.9055 0.0036 0.0036
18.9231 0.0036 0.0036
18.9406 0.0036 0.0035
18.9582 0.0035 0.0035
18.9757 0.0035 0.0035
18.9933 0.0035 0.0034
19.0108 0.0034 0.0034
19.0284 0.0034 0.0034
19.0459 0.0034 0.0033
19.0635 0.0033 0.0033
19.0811 0.0033 0.0033
19.0986 0.0033 0.0032
19.1162 0.0032 0.0032
19.1337 0.0032 0.0032
19.1513 0.0032 0.0031
19.1688 0.0032 0.0031
19.1864 0.0031 0.0031
19.2039 0.0031 0.0030
19.2215 0.0031 0.0030
19.2390 0.0031 0.0030
19.2566 0.0030 0.0029
19.2741 0.0030 0.0029
19.2917 0.0030 0.0029
19.3093 0.0029 0.0028
19.3268 0.0029 0.0028
19.3444 0.0029 0.0028
19.3619 0.0029 0.0027
19.3795 0.0028 0.0027
19.3970 0.0028 0.0027
19.4146 0.0028 0.0026
19.4321 0.0028 0.0026
19.4497 0.0027 0.0026
19.4672 0.0027 0.0026
19.4848 0.0027 0.0025
19.5023 0.0027 0.0025
19.5199 0.0026 0.0025
19.5375 0.0026 0.0025
19.5550 0.0026 0.0024
19.5726 0.0025 0.0024
19.5901 0.0025 0.0024
19.6077 0.0025 0.0024
19.6252 0.0025 0.0023
19.6428 0.0024 0.0023
19.6603 0.0024 0.0023
19.6779 0.0024 0.0023
19.6954 0.0024 0.0022
19.7130 0.0023 0.0022
19.7305 0.0023 0.0022
19.7481 0.0023 0.0022
19.7657 0.0023 0.0022
19.7832 0.0022 0.0021
19.8008 0.0022 0.0021
19.8183 0.0022 0.0021
19.8359 0.0022 0.0021
19.8534 0.0021 0.0021
19.8710 0.0021 0.0021
19.8885 0.0021 0.0020
19.9061 0.0021 0.0020
19.9236 0.0020 0.0020
19.9412 0.0020 0.0020
19.9587 0.0020 0.0020
19.9763 0.0020 0.0020
19.9939 0.0020 0.0019
20.0114 0.0019 0.0019
20.0290 0.0019 0.0019
20.0465 0.0019 0.0019
20.0641 0.0019 0.0019
20.0816 0.0019 0.0018
20.0992 0.0018 0.0018
20.1167 0.0018 0.0018
20.1343 0.0018 0.0018
20.1518 0.0018 0.0018
20.1694 0.0018 0.0017
20.1869 0.0018 0.0017
20.2045 0.0017 0.0017
20.2221 0.0017 0.0017
20.2396 0.0017 0.0017
20.2572 0.0017 0.0016
20.2747 0.0017 0.0016
20.2923 0.0017 0.0016
20.3098 0.0016 0.0016
20.3274 0.0016 0.0016
20.3449 0.0016 0.0016
20.3625 0.0016 0.0015
20.3800 0.0016 0.0015
20.3976 0.0016 0.0015
20.4151 0.0016 0.0015
20.4327 0.0015 0.0015
20.4503 0.0015 0.0015
20.4678 0.0015 0.0015
20.4854 0.0015 0.0015
20.5029 0.0015 0.0015
20.5205 0.0015 0.0015
20.5380 0.0015 0.0014
20.5556 0.0015 0.0014
20.5731 0.0014 0.0014
20.5907 0.0014 0.0014
20.6082 0.0014 0.0014
20.6258 0.0014 0.0014
20.6433 0.0014 0.0014
20.6609 0.0014 0.0014
20.6785 0.0014 0.0014
20.6960 0.0013 0.0014
20.7136 0.0013 0.0014
20.7311 0.0013 0.0013
20.7487 0.0013 0.0013
20.7662 0.0013 0.0013
20.7838 0.0013 0.0013
20.8013 0.0013 0.0013
20.8189 0.0013 0.0013
20.8364 0.0012 0.0013
20.8540 0.0012 0.0013
20.8715 0.0012 0.0012
20.8891 0.0012 0.0012
20.9067 0.0012 0.0012
20.9242 0.0012 0.0012
20.9418 0.0012 0.0012
20.9593 0.0012 0.0012
20.9769 0.0012 0.0012
20.9944 0.0012 0.0012
21.0120 0.0012 0.0011
21.0295 0.0012 0.0011
21.0471 0.0012 0.0011
21.0646 0.0012 0.0011
21.0822 0.0011 0.0011
21.0998 0.0011 0.0011
21.1173 0.0011 0.0011
21.1349 0.0011 0.0011
21.1524 0.0011 0.0011
21.1700 0.0011 0.0011
21.1875 0.0011 0.0011
21.2051 0.0011 0.0010
21.2226 0.0011 0.0010
21.2402 0.0011 0.0010
21.2577 0.0011 0.0010
21.2753 0.0011 0.0010
21.2928 0.0011 0.0010
21.3104 0.0011 0.0010
21.3280 0.0010 0.0010
21.3455 0.0010 0.0010
21.3631 0.0010 0.0010
21.3806 0.0010 0.0010
21.3982 0.0010 0.0010
21.4157 0.0010 0.0010
21.4333 0.0010 0.0010
21.4508 0.0010 0.0010
21.4684 0.0010 0.0010
21.4859 0.0010 0.0010
21.5035 0.0010 0.0009
21.5210 0.0009 0.0009
21.5386 0.0009 0.0009
21.5562 0.0009 0.0009
21.5737 0.0009 0.0009
21.5913 0.0009 0.0009
21.6088 0.0009 0.0009
21.6264 0.0009 0.0009
21.6439 0.0009 0.0009
21.6615 0.0009 0.0009
21.6790 0.0009 0.0009
21.6966 0.0009 0.0009
21.7141 0.0009 0.0009
21.7317 0.0009 0.0009
21.7492 0.0009 0.0009
21.7668 0.0009 0.0009
21.7844 0.0008 0.0009
21.8019 0.0008 0.0009
21.8195 0.0008 0.0009
21.8370 0.0008 0.0009
21.8546 0.0008 0.0009
21.8721 0.0008 0.0008
21.8897 0.0008 0.0008
21.9072 0.0008 0.0008
21.9248 0.0008 0.0008
21.9423 0.0008 0.0008
21.9599 0.0008 0.0008
21.9774 0.0008 0.0008
21.9950 0.0008 0.0008
22.0126 0.0008 0.0008
22.0301 0.0008 0.0008
22.0477 0.0008 0.0008
22.0652 0.0008 0.0008
22.0828 0.0008 0.0008
22.1003 0.0008 0.0008
22.1179 0.0007 0.0008
22.1354 0.0007 0.0008
22.1530 0.0007 0.0008
22.1705 0.0007 0.0008
22.1881 0.0007 0.0008
22.2056 0.0007 0.0008
22.2232 0.0007 0.0008
22.2408 0.0007 0.0008
22.2583 0.0007 0.0008
22.2759 0.0007 0.0008
22.2934 0.0007 0.0008
22.3110 0.0007 0.0007
22.3285 0.0007 0.0007
22.3461 0.0007 0.0007
22.3636 0.0007 0.0007
22.3812 0.0007 0.0007
22.3987 0.0007 0.0007
22.4163 0.0007 0.0007
22.4338 0.0007 0.0007
22.4514 0.0007 0.0007
22.4690 0.0007 0.0007
22.4865 0.0007 0.0007
22.5041 0.0007 0.0007
22.5216 0.0007 0.0007
22.5392 0.0007 0.0007
22.5567 0.0007 0.0007
22.5743 0.0007 0.0007
22.5918 0.0007 0.0007
22.6094 0.0007 0.0007
22.6269 0.0007 0.0007
22.6445 0.0007 0.0007
22.6620 0.0007 0.0007
22.6796 0.0007 0.0007
22.6972 0.0007 0.0007
22.7147 0.0007 0.0007
22.7323 0.0007 0.0007
22.7498 0.0007 0.0007
22.7674 0.0007 0.0007
22.7849 0.0007 0.0007
22.8025 0.0007 0.0007
22.8200 0.0007 0.0007
22.8376 0.0007 0.0007
22.8551 0.0007 0.0007
22.8727 0.0007 0.0007
22.8902 0.0007 0.0007
22.9078 0.0007 0.0007
22.9254 0.0007 0.0007
22.9429 0.0007 0.0007
22.9605 0.0007 0.0007
22.9780 0.0007 0.0007
22.9956 0.0007 0.0007
23.0131 0.0007 0.0007
23.0307 0.0007 0.0007
23.0482 0.0007 0.0007
23.0658 0.0007 0.0007
23.0833 0.0007 0.0007
23.1009 0.0007 0.0007
23.1184 0.0007 0.0007
23.1360 0.0007 0.0007
23.1536 0.0007 0.0007
23.1711 0.0007 0.0007
23.1887 0.0007 0.0007
23.2062 0.0007 0.0006
23.2238 0.0007 0.0006
23.2413 0.0007 0.0006
23.2589 0.0007 0.0006
23.2764 0.0007 0.0006
23.2940 0.0007 0.0006
23.3115 0.0007 0.0006
23.3291 0.0007 0.0006
23.3466 0.0007 0.0006
23.3642 0.0007 0.0006
23.3818 0.0007 0.0006
23.3993 0.0007 0.0006
23.4169 0.0007 0.0006
23.4344 0.0007 0.0006
23.4520 0.0007 0.0006
23.4695 0.0007 0.0006
23.4871 0.0007 0.0006
23.5046 0.0007 0.0006
23.5222 0.0007 0.0006
23.5397 0.0006 0.0006
23.5573 0.0006 0.0006
23.5748 0.0006 0.0006
23.5924 0.0006 0.0006
23.6100 0.0006 0.0006
23.6275 0.0006 0.0006
23.6451 0.0006 0.0006
23.6626 0.0006 0.0006
23.6802 0.0006 0.0006
23.6977 0.0006 0.0006
23.7153 0.0006 0.0006
23.7328 0.0006 0.0006
23.7504 0.0006 0.0006
23.7679 0.0006 0.0006
23.7855 0.0006 0.0006
23.8030 0.0006 0.0006
23.8206 0.0006 0.0006
23.8382 0.0006 0.0006
23.8557 0.0006 0.0006
23.8733 0.0006 0.0006
23.8908 0.0006 0.0006
23.9084 0.0006 0.0006
23.9259 0.0006 0.0006
23.9435 0.0006 0.0006
23.9610 0.0006 0.0006
23.9786 0.0006 0.0006
23.9961 0.0006 0.0006
24.0137 0.0006 0.0006
24.0312 0.0006 0.0006
24.0488 0.0006 0.0006
24.0664 0.0006 0.0006
24.0839 0.0006 0.0006
24.1015 0.0006 0.0006
24.1190 0.0005 0.0006
24.1366 0.0005 0.0005
24.1541 0.0005 0.0005
24.1717 0.0005 0.0005
24.1892 0.0005 0.0005
24.2068 0.0005 0.0005
24.2243 0.0005 0.0005
24.2419 0.0005 0.0005
24.2594 0.0005 0.0005
24.2770 0.0005 0.0005
24.2946 0.0005 0.0005
24.3121 0.0005 0.0005
24.3297 0.0005 0.0005
24.3472 0.0005 0.0005
24.3648 0.0005 0.0005
24.3823 0.0005 0.0005
24.3999 0.0005 0.0005
24.4174 0.0005 0.0005
24.4350 0.0005 0.0005
24.4525 0.0005 0.0005
24.4701 0.0005 0.0005
24.4876 0.0005 0.0005
24.5052 0.0005 0.0005
24.5228 0.0005 0.0005
24.5403 0.0004 0.0004
24.5579 0.0004 0.0004
24.5754 0.0004 0.0004
24.5930 0.0004 0.0004
24.6105 0.0004 0.0004
24.6281 0.0004 0.0004
24.6456 0.0004 0.0004
24.6632 0.0004 0.0004
24.6807 0.0004 0.0004
24.6983 0.0004 0.0004
24.7158 0.0004 0.0004
24.7334 0.0004 0.0004
24.7510 0.0004 0.0004
24.7685 0.0004 0.0004
24.7861 0.0004 0.0004
24.8036 0.0004 0.0004
24.8212 0.0004 0.0004
24.8387 0.0004 0.0004
24.8563 0.0004 0.0004
24.8738 0.0004 0.0004
24.8914 0.0004 0.0004
24.9089 0.0004 0.0004
24.9265 0.0004 0.0004
24.9440 0.0004 0.0004
24.9616 0.0004 0.0004
24.9792 0.0004 0.0004
24.9967 0.0003 0.0003
25.0143 0.0003 0.0003
25.0318 0.0003 0.0003
25.0494 0.0003 0.0003
25.0669 0.0003 0.0003
25.0845 0.0003 0.0003
25.1020 0.0003 0.0003
25.1196 0.0003 0.0003
25.1371 0.0003 0.0003
25.1547 0.0003 0.0003
25.1722 0.0003 0.0003
25.1898 0.0003 0.0003
25.2074 0.0003 0.0003
25.2249 0.0003 0.0003
25.2425 0.0003 0.0003
25.2600 0.0003 0.0003
25.2776 0.0003 0.0003
25.2951 0.0003 0.0003
25.3127 0.0003 0.0003
25.3302 0.0003 0.0003
25.3478 0.0003 0.0003
25.3653 0.0003 0.0003
25.3829 0.0003 0.0003
25.4004 0.0003 0.0003
25.4180 0.0003 0.0003
25.4356 0.0003 0.0003
25.4531 0.0003 0.0003
25.4707 0.0003 0.0003
25.4882 0.0003 0.0003
25.5058 0.0003 0.0003
25.5233 0.0003 0.0003
25.5409 0.0002 0.0002
25.5584 0.0002 0.0002
25.5760 0.0002 0.0002
25.5935 0.0002 0.0002
25.6111 0.0002 0.0002
25.6286 0.0002 0.0002
25.6462 0.0002 0.0002
25.6638 0.0002 0.0002
25.6813 0.0002 0.0002
25.6989 0.0002 0.0002
25.7164 0.0002 0.0002
25.7340 0.0002 0.0002
25.7515 0.0002 0.0002
25.7691 0.0002 0.0002
25.7866 0.0002 0.0002
25.8042 0.0002 0.0002
25.8217 0.0002 0.0002
25.8393 0.0002 0.0002
25.8568 0.0002 0.0002
25.8744 0.0002 0.0002
25.8920 0.0002 0.0002
25.9095 0.0002 0.0002
25.9271 0.0002 0.0002
25.9446 0.0002 0.0002
25.9622 0.0002 0.0002
25.9797 0.0002 0.0002
25.9973 0.0002 0.0002
26.0148 0.0002 0.0002
26.0324 0.0002 0.0002
26.0499 0.0002 0.0002
26.0675 0.0002 0.0002
26.0850 0.0002 0.0002
26.1026 0.0002 0.0002
26.1202 0.0002 0.0002
26.1377 0.0002 0.0002
26.1553 0.0002 0.0002
26.1728 0.0002 0.0002
26.1904 0.0002 0.0002
26.2079 0.0002 0.0002
26.2255 0.0002 0.0002
26.2430 0.0002 0.0002
26.2606 0.0002 0.0002
26.2781 0.0002 0.0002
26.2957 0.0002 0.0002
26.3132 0.0002 0.0002
26.3308 0.0002 0.0001
26.3484 0.0002 0.0001
26.3659 0.0002 0.0001
26.3835 0.0001 0.0001
26.4010 0.0001 0.0001
26.4186 0.0001 0.0001
26.4361 0.0001 0.0001
26.4537 0.0001 0.0001
26.4712 0.0001 0.0001
26.4888 0.0001 0.0001
26.5063 0.0001 0.0001
26.5239 0.0001 0.0001
26.5414 0.0001 0.0001
26.5590 0.0001 0.0001
26.5766 0.0001 0.0001
26.5941 0.0001 0.0001
26.6117 0.0001 0.0001
26.6292 0.0001 0.0001
26.6468 0.0001 0.0001
26.6643 0.0001 0.0001
26.6819 0.0001 0.0001
26.6994 0.0001 0.0001
26.7170 0.0001 0.0001
26.7345 0.0001 0.0001
26.7521 0.0001 0.0001
26.7696 0.0001 0.0001
26.7872 0.0001 0.0001
26.8048 0.0001 0.0001
26.8223 0.0001 0.0001
26.8399 0.0001 0.0001
26.8574 0.0001 0.0001
26.8750 0.0001 0.0001
26.8925 0.0001 0.0001
26.9101 0.0001 0.0001
26.9276 0.0001 0.0001
26.9452 0.0001 0.0001
26.9627 0.0001 0.0001
26.9803 0.0001 0.0001
26.9979 0.0001 0.0001
27.0154 0.0001 0.0001
27.0330 0.0001 0.0001
27.0505 0.0001 0.0001
27.0681 0.0001 0.0001
27.0856 0.0001 0.0001
27.1032 0.0001 0.0001
27.1207 0.0001 0.0001
27.1383 0.0001 0.0001
27.1558 0.0001 0.0001
27.1734 0.0001 0.0001
27.1909 0.0001 0.0001
27.2085 0.0001 0.0001
27.2261 0.0001 0.0001
27.2436 0.0001 0.0001
27.2612 0.0001 0.0001
27.2787 0.0001 0.0001
27.2963 0.0001 0.0001
27.3138 0.0001 0.0001
27.3314 0.0001 0.0001
27.3489 0.0001 0.0001
27.3665 0.0001 0.0001
27.3840 0.0001 0.0001
27.4016 0.0001 0.0001
27.4191 0.0001 0.0001
27.4367 0.0001 0.0001
27.4543 0.0001 0.0001
27.4718 0.0001 0.0001
27.4894 0.0001 0.0001
27.5069 0.0001 0.0001
27.5245 0.0001 0.0001
27.5420 0.0001 0.0001
27.5596 0.0001 0.0001
27.5771 0.0001 0.0001
27.5947 0.0001 0.0001
27.6122 0.0001 0.0001
27.6298 0.0001 0.0001
27.6473 0.0001 0.0001
27.6649 0.0001 0.0001
27.6825 0.0001 0.0001
27.7000 0.0001 0.0001
27.7176 0.0001 0.0001
27.7351 0.0001 0.0001
27.7527 0.0001 0.0001
27.7702 0.0001 0.0001
27.7878 0.0001 0.0001
27.8053 0.0001 0.0001
27.8229 0.0001 0.0001
27.8404 0.0001 0.0001
27.8580 0.0000 0.0000
27.8755 0.0000 0.0000
27.8931 0.0000 0.0000
27.9107 0.0000 0.0000
27.9282 0.0000 0.0000
27.9458 0.0000 0.0000
27.9633 0.0000 0.0000
27.9809 0.0000 0.0000
27.9984 0.0000 0.0000
28.0160 0.0000 0.0000
28.0335 0.0000 0.0000
28.0511 0.0000 0.0000
28.0686 0.0000 0.0000
28.0862 0.0000 0.0000
28.1037 0.0000 0.0000
28.1213 0.0000 0.0000
28.1389 0.0000 0.0000
28.1564 0.0000 0.0000
28.1740 0.0000 0.0000
28.1915 0.0000 0.0000
28.2091 0.0000 0.0000
28.2266 0.0000 0.0000
28.2442 0.0000 0.0000
28.2617 0.0000 0.0000
28.2793 0.0000 0.0000
28.2968 0.0000 0.0000
28.3144 0.0000 0.0000
28.3319 0.0000 0.0000
28.3495 0.0000 0.0000
28.3671 0.0000 0.0000
28.3846 0.0000 0.0000
28.4022 0.0000 0.0000
28.4197 0.0000 0.0000
28.4373 0.0000 0.0000
28.4548 0.0000 0.0000
28.4724 0.0000 0.0000
28.4899 0.0000 0.0000
28.5075 0.0000 0.0000
28.5250 0.0000 0.0000
28.5426 0.0000 0.0000
28.5601 0.0000 0.0000
28.5777 0.0000 0.0000
28.5953 0.0000 0.0000
28.6128 0.0000 0.0000
28.6304 0.0000 0.0000
28.6479 0.0000 0.0000
28.6655 0.0000 0.0000
28.6830 0.0000 0.0000
28.7006 0.0000 0.0000
28.7181 0.0000 0.0000
28.7357 0.0000 0.0000
28.7532 0.0000 0.0000
28.7708 0.0000 0.0000
28.7883 0.0000 0.0000
28.8059 0.0000 0.0000
28.8235 0.0000 0.0000
28.8410 0.0000 0.0000
28.8586 0.0000 0.0000
28.8761 0.0000 0.0000
28.8937 0.0000 0.0000
28.9112 0.0000 0.0000
28.9288 0.0000 0.0000
28.9463 0.0000 0.0000
28.9639 0.0000 0.0000
28.9814 0.0000 0.0000
28.9990 0.0000 0.0000
29.0165 0.0000 0.0000
29.0341 0.0000 0.0000
29.0517 0.0000 0.0000
29.0692 0.0000 0.0000
29.0868 0.0000 0.0000
29.1043 0.0000 0.0000
29.1219 0.0000 0.0000
29.1394 0.0000 0.0000
29.1570 0.0000 0.0000
29.1745 0.0000 0.0000
29.1921 0.0000 0.0000
29.2096 0.0000 0.0000
29.2272 0.0000 0.0000
29.2447 0.0000 0.0000
29.2623 0.0000 0.0000
29.2799 0.0000 0.0000
29.2974 0.0000 0.0000
29.3150 0.0000 0.0000
29.3325 0.0000 0.0000
29.3501 0.0000 0.0000
29.3676 0.0000 0.0000
29.3852 0.0000 0.0000
29.4027 0.0000 0.0000
29.4203 0.0000 0.0000
29.4378 0.0000 0.0000
29.4554 0.0000 0.0000
29.4729 0.0000 0.0000
29.4905 0.0000 0.0000
29.5081 0.0000 0.0000
29.5256 0.0000 0.0000
29.5432 0.0000 0.0000
29.5607 0.0000 0.0000
29.5783 0.0000 0.0000
29.5958 0.0000 0.0000
29.6134 0.0000 0.0000
29.6309 0.0000 0.0000
29.6485 0.0000 0.0000
29.6660 0.0000 0.0000
29.6836 0.0000 0.0000
29.7011 0.0000 0.0000
29.7187 0.0000 0.0000
29.7363 0.0000 0.0000
29.7538 0.0000 0.0000
29.7714 0.0000 0.0000
29.7889 0.0000 0.0000
29.8065 0.0000 0.0000
29.8240 0.0000 0.0000
29.8416 0.0000 0.0000
29.8591 0.0000 0.0000
29.8767 0.0000 0.0000
29.8942 0.0000 0.0000
29.9118 0.0000 0.0000
29.9293 0.0000 0.0000
29.9469 0.0000 0.0000
29.9645 0.0000 0.0000
29.9820 0.0000 0.0000
29.9996 0.0000 0.0000
30.0171 0.0000 0.0000
30.0347 0.0000 0.0000
30.0522 0.0000 0.0000
30.0698 0.0000 0.0000
30.0873 0.0000 0.0000
30.1049 0.0000 0.0000
30.1224 0.0000 0.0000
30.1400 0.0000 0.0000
30.1575 0.0000 0.0000
30.1751 0.0000 0.0000
30.1927 0.0000 0.0000
30.2102 0.0000 0.0000
30.2278 0.0000 0.0000
30.2453 0.0000 0.0000
30.2629 0.0000 0.0000
30.2804 0.0000 0.0000
30.2980 0.0000 0.0000
30.3155 0.0000 0.0000
30.3331 0.0000 0.0000
30.3506 0.0000 0.0000
30.3682 0.0000 0.0000
30.3857 0.0000 0.0000
30.4033 0.0000 0.0000
30.4209 0.0000 0.0000
30.4384 0.0000 0.0000
30.4560 0.0000 0.0000
30.4735 0.0000 0.0000
30.4911 0.0000 0.0000
30.5086 0.0000 0.0000
30.5262 0.0000 0.0000
30.5437 0.0000 0.0000
30.5613 0.0000 0.0000
30.5788 0.0000 0.0000
30.5964 0.0000 0.0000
30.6139 0.0000 0.0000
30.6315 0.0000 0.0000
30.6491 0.0000 0.0000
30.6666 0.0000 0.0000
30.6842 0.0000 0.0000
30.7017 0.0000 0.0000
30.7193 0.0000 0.0000
30.7368 0.0000 0.0000
30.7544 0.0000 0.0000
30.7719 0.0000 0.0000
30.7895 0.0000 0.0000
30.8070 0.0000 0.0000
30.8246 0.0000 0.0000
30.8421 0.0000 0.0000
30.8597 0.0000 0.0000
30.8773 0.0000 0.0000
30.8948 0.0000 0.0000
30.9124 0.0000 0.0000
30.9299 0.0000 0.0000
30.9475 0.0000 0.0000
30.9650 0.0000 0.0000
30.9826 0.0000 0.0000
31.0001 0.0000 0.0000
31.0177 0.0000 0.0000
31.0352 0.0000 0.0000
31.0528 0.0000 0.0000
31.0703 0.0000 0.0000
31.0879 0.0000 0.0000
31.1055 0.0000 0.0000
31.1230 0.0000 0.0000
31.1406 0.0000 0.0000
31.1581 0.0000 0.0000
31.1757 0.0000 0.0000
31.1932 0.0000 0.0000
31.2108 0.0000 0.0000
31.2283 0.0000 0.0000
31.2459 0.0000 0.0000
31.2634 0.0000 0.0000
31.2810 0.0000 0.0000
31.2985 0.0000 0.0000
31.3161 0.0000 0.0000
31.3337 0.0000 0.0000
31.3512 0.0000 0.0000
31.3688 0.0000 0.0000
31.3863 0.0000 0.0000
31.4039 0.0000 0.0000
31.4214 0.0000 0.0000
31.4390 0.0000 0.0000
31.4565 0.0000 0.0000
31.4741 0.0000 0.0000
31.4916 0.0000 0.0000
31.5092 0.0000 0.0000
31.5267 0.0000 0.0000
31.5443 0.0000 0.0000
31.5619 0.0000 0.0000
31.5794 0.0000 0.0000
31.5970 0.0000 0.0000
31.6145 0.0000 0.0000
31.6321 0.0000 0.0000
31.6496 0.0000 0.0000
31.6672 0.0000 0.0000
31.6847 0.0000 0.0000
31.7023 0.0000 0.0000
31.7198 0.0000 0.0000
31.7374 0.0000 0.0000
31.7549 0.0000 0.0000
31.7725 0.0000 0.0000
31.7901 0.0000 0.0000
31.8076 0.0000 0.0000
31.8252 0.0000 0.0000
31.8427 0.0000 0.0000
31.8603 0.0000 0.0000
31.8778 0.0000 0.0000
31.8954 0.0000 0.0000
31.9129 0.0000 0.0000
31.9305 0.0000 0.0000
31.9480 0.0000 0.0000
31.9656 0.0000 0.0000
31.9831 0.0000 0.0000
32.0007 0.0000 0.0000
32.0183 0.0000 0.0000
32.0358 0.0000 0.0000
32.0534 0.0000 0.0000
32.0709 0.0000 0.0000
32.0885 0.0000 0.0000
32.1060 0.0000 0.0000
32.1236 0.0000 0.0000
32.1411 0.0000 0.0000
32.1587 0.0000 0.0000
32.1762 0.0000 0.0000
32.1938 0.0000 0.0000
32.2113 0.0000 0.0000
32.2289 0.0000 0.0000
32.2465 0.0000 0.0000
32.2640 0.0000 0.0000
32.2816 0.0000 0.0000
32.2991 0.0000 0.0000
32.3167 0.0000 0.0000
32.3342 0.0000 0.0000
32.3518 0.0000 0.0000
32.3693 0.0000 0.0000
32.3869 0.0000 0.0000
32.4044 0.0000 0.0000
32.4220 0.0000 0.0000
32.4395 0.0000 0.0000
32.4571 0.0000 0.0000
32.4747 0.0000 0.0000
32.4922 0.0000 0.0000
32.5098 0.0000 0.0000
32.5273 0.0000 0.0000
32.5449 0.0000 0.0000
32.5624 0.0000 0.0000
32.5800 0.0000 0.0000
32.5975 0.0000 0.0000
32.6151 0.0000 0.0000
32.6326 0.0000 0.0000
32.6502 0.0000 0.0000
32.6677 0.0000 0.0000
32.6853 0.0000 0.0000
32.7029 0.0000 0.0000
32.7204 0.0000 0.0000
32.7380 0.0000 0.0000
32.7555 0.0000 0.0000
32.7731 0.0000 0.0000
32.7906 0.0000 0.0000
32.8082 0.0000 0.0000
32.8257 0.0000 0.0000
32.8433 0.0000 0.0000
32.8608 0.0000 0.0000
32.8784 0.0000 0.0000
32.8959 0.0000 0.0000
32.9135 0.0000 0.0000
32.9311 0.0000 0.0000
32.9486 0.0000 0.0000
32.9662 0.0000 0.0000
32.9837 0.0000 0.0000
33.0013 0.0000 0.0000
33.0188 0.0000 0.0000
33.0364 0.0000 0.0000
33.0539 0.0000 0.0000
33.0715 0.0000 0.0000
33.0890 0.0000 0.0000
33.1066 0.0000 0.0000
33.1242 0.0000 0.0000
33.1417 0.0000 0.0000
33.1593 0.0000 0.0000
33.1768 0.0000 0.0000
33.1944 0.0000 0.0000
33.2119 0.0000 0.0000
33.2295 0.0000 0.0000
33.2470 0.0000 0.0000
33.2646 0.0000 0.0000
33.2821 0.0000 0.0000
33.2997 0.0000 0.0000
33.3172 0.0000 0.0000
33.3348 0.0000 0.0000
33.3524 0.0000 0.0000
33.3699 0.0000 0.0000
33.3875 0.0000 0.0000
33.4050 0.0000 0.0000
33.4226 0.0000 0.0000
33.4401 0.0000 0.0000
33.4577 0.0000 0.0000
33.4752 0.0000 0.0000
33.4928 0.0000 0.0000
33.5103 0.0000 0.0000
33.5279 0.0000 0.0000
33.5454 0.0000 0.0000
33.5630 0.0000 0.0000
33.5806 0.0000 0.0000
33.5981 0.0000 0.0000
33.6157 0.0000 0.0000
33.6332 0.0000 0.0000
33.6508 0.0000 0.0000
33.6683 0.0000 0.0000
33.6859 0.0000 0.0000
33.7034 0.0000 0.0000
33.7210 0.0000 0.0000
33.7385 0.0000 0.0000
33.7561 0.0000 0.0000
33.7736 0.0000 0.0000
33.7912 0.0000 0.0000
33.8088 0.0000 0.0000
33.8263 0.0000 0.0000
33.8439 0.0000 0.0000
33.8614 0.0000 0.0000
33.8790 0.0000 0.0000
33.8965 0.0000 0.0000
33.9141 0.0000 0.0000
33.9316 0.0000 0.0000
33.9492 0.0000 0.0000
33.9667 0.0000 0.0000
33.9843 0.0000 0.0000
34.0018 0.0000 0.0000
34.0194 0.0000 0.0000
34.0370 0.0000 0.0000
34.0545 0.0000 0.0000
34.0721 0.0000 0.0000
34.0896 0.0000 0.0000
34.1072 0.0000 0.0000
34.1247 0.0000 0.0000
34.1423 0.0000 0.0000
34.1598 0.0000 0.0000
34.1774 0.0000 0.0000
34.1949 0.0000 0.0000
34.2125 0.0000 0.0000
34.2300 0.0000 0.0000
34.2476 0.0000 0.0000
34.2652 0.0000 0.0000
34.2827 0.0000 0.0000
34.3003 0.0000 0.0000
34.3178 0.0000 0.0000
34.3354 0.0000 0.0000
34.3529 0.0000 0.0000
34.3705 0.0000 0.0000
34.3880 0.0000 0.0000
34.4056 0.0000 0.0000
34.4231 0.0000 0.0000
34.4407 0.0000 0.0000
34.4582 0.0000 0.0000
34.4758 0.0000 0.0000
34.4934 0.0000 0.0000
34.5109 0.0000 0.0000
34.5285 0.0000 0.0000
34.5460 0.0000 0.0000
34.5636 0.0000 0.0000
34.5811 0.0000 0.0000
34.5987 0.0000 0.0000
34.6162 0.0000 0.0000
34.6338 0.0000 0.0000
34.6513 0.0000 0.0000
34.6689 0.0000 0.0000
34.6864 0.0000 0.0000
34.7040 0.0000 0.0000
34.7216 0.0000 0.0000
34.7391 0.0000 0.0000
34.7567 0.0000 0.0000
34.7742 0.0000 0.0000
34.7918 0.0000 0.0000
34.8093 0.0000 0.0000
34.8269 0.0000 0.0000
34.8444 0.0000 0.0000
34.8620 0.0000 0.0000
34.8795 0.0000 0.0000
34.8971 0.0000 0.0000
34.9146 0.0000 0.0000
34.9322 0.0000 0.0000
34.9498 0.0000 0.0000
34.9673 0.0000 0.0000
34.9849 0.0000 0.0000
35.0024 0.0000 0.0000
35.0200 0.0000 0.0000
35.0375 0.0000 0.0000
35.0551 0.0000 0.0000
35.0726 0.0000 0.0000
35.0902 0.0000 0.0000
