0.0000 0.0000 0.0000
0.0206 4.4282 6.2352
0.0411 8.7638 12.3495
0.0617 12.9190 18.2271
0.0823 16.8158 23.7630
0.1028 20.3887 28.8661
0.1234 23.5882 33.4636
0.1440 26.3812 37.5017
0.1646 28.7515 40.9473
0.1851 30.6980 43.7869
0.2057 32.2332 46.0254
0.2263 33.3797 47.6835
0.2468 34.1678 48.7951
0.2674 34.6326 49.4042
0.2880 34.8108 49.5613
0.3085 34.7393 49.3212
0.3291 34.4537 48.7397
0.3497 33.9867 47.8719
0.3702 33.3686 46.7703
0.3908 32.6265 45.4835
0.4114 31.7852 44.0554
0.4319 30.8669 42.5251
0.4525 29.8920 40.9262
0.4731 28.8790 39.2877
0.4937 27.8450 37.6338
0.5142 26.8055 35.9848
0.5348 25.7741 34.3571
0.5554 24.7631 32.7644
0.5759 23.7826 31.2176
0.5965 22.8407 29.7254
0.6171 21.9437 28.2950
0.6376 21.0957 26.9318
0.6582 20.2990 25.6401
0.6788 19.5542 24.4227
0.6993 18.8603 23.2815
0.7199 18.2153 22.2171
0.7405 17.6160 21.2292
0.7610 17.0589 20.3165
0.7816 16.5399 19.4770
0.8022 16.0551 18.7076
0.8228 15.6008 18.0048
0.8433 15.1736 17.3648
0.8639 14.7708 16.7831
0.8845 14.3901 16.2552
0.9050 14.0300 15.7764
0.9256 13.6898 15.3419
0.9462 13.3688 14.9467
0.9667 13.0672 14.5860
0.9873 12.7848 14.2548
1.0079 12.5219 13.9482
1.0284 12.2782 13.6615
1.0490 12.0534 13.3901
1.0696 11.8464 13.1298
1.0901 11.6559 12.8771
1.1107 11.4801 12.6288
1.1313 11.3167 12.3827
1.1519 11.1631 12.1373
1.1724 11.0166 11.8920
1.1930 10.8742 11.6469
1.2136 10.7331 11.4028
1.2341 10.5910 11.1611
1.2547 10.4454 10.9234
1.2753 10.2947 10.6914
1.2958 10.1376 10.4669
1.3164 9.9734 10.2515
1.3370 9.8018 10.0463
1.3575 9.6232 9.8523
1.3781 9.4385 9.6698
1.3987 9.2489 9.4991
1.4192 9.0559 9.3397
1.4398 8.8614 9.1914
1.4604 8.6672 9.0532
1.4810 8.4752 8.9245
1.5015 8.2874 8.8043
1.5221 8.1052 8.6916
1.5427 7.9301 8.5855
1.5632 7.7630 8.4851
1.5838 7.6047 8.3893
1.6044 7.4553 8.2973
1.6249 7.3149 8.2083
1.6455 7.1830 8.1214
1.6661 7.0593 8.0362
1.6866 6.9431 7.9520
1.7072 6.8336 7.8685
1.7278 6.7302 7.7855
1.7483 6.6324 7.7028
1.7689 6.5395 7.6206
1.7895 6.4515 7.5389
1.8101 6.3679 7.4578
1.8306 6.2889 7.3776
1.8512 6.2142 7.2982
1.8718 6.1441 7.2197
1.8923 6.0784 7.1420
1.9129 6.0172 7.0648
1.9335 5.9603 6.9879
1.9540 5.9075 6.9108
1.9746 5.8585 6.8332
1.9952 5.8129 6.7545
2.0157 5.7700 6.6745
2.0363 5.7292 6.5927
2.0569 5.6897 6.5090
2.0775 5.6507 6.4233
2.0980 5.6114 6.3357
2.1186 5.5709 6.2464
2.1392 5.5283 6.1559
2.1597 5.4830 6.0646
2.1803 5.4345 5.9732
2.2009 5.3822 5.8825
2.2214 5.3261 5.7932
2.2420 5.2661 5.7060
2.2626 5.2024 5.6217
2.2831 5.1354 5.5409
2.3037 5.0658 5.4643
2.3243 4.9942 5.3920
2.3448 4.9214 5.3245
2.3654 4.8482 5.2616
2.3860 4.7754 5.2033
2.4066 4.7037 5.1492
2.4271 4.6337 5.0989
2.4477 4.5659 5.0519
2.4683 4.5007 5.0072
2.4888 4.4382 4.9644
2.5094 4.3785 4.9226
2.5300 4.3216 4.8810
2.5505 4.2673 4.8390
2.5711 4.2153 4.7960
2.5917 4.1654 4.7515
2.6122 4.1173 4.7052
2.6328 4.0707 4.6569
2.6534 4.0252 4.6064
2.6739 3.9805 4.5539
2.6945 3.9364 4.4996
2.7151 3.8927 4.4436
2.7357 3.8490 4.3864
2.7562 3.8053 4.3283
2.7768 3.7614 4.2697
2.7974 3.7172 4.2111
2.8179 3.6727 4.1530
2.8385 3.6278 4.0957
2.8591 3.5826 4.0397
2.8796 3.5373 3.9852
2.9002 3.4920 3.9327
2.9208 3.4472 3.8823
2.9413 3.4032 3.8344
2.9619 3.3605 3.7892
2.9825 3.3195 3.7467
3.0030 3.2807 3.7070
3.0236 3.2448 3.6701
3.0442 3.2121 3.6360
3.0648 3.1831 3.6044
3.0853 3.1580 3.5751
3.1059 3.1369 3.5476
3.1265 3.1199 3.5217
3.1470 3.1067 3.4968
3.1676 3.0969 3.4724
3.1882 3.0900 3.4480
3.2087 3.0852 3.4231
3.2293 3.0819 3.3974
3.2499 3.0791 3.3704
3.2704 3.0762 3.3422
3.2910 3.0723 3.3125
3.3116 3.0668 3.2816
3.3321 3.0593 3.2496
3.3527 3.0495 3.2168
3.3733 3.0372 3.1835
3.3939 3.0225 3.1502
3.4144 3.0057 3.1171
3.4350 2.9872 3.0843
3.4556 2.9676 3.0522
3.4761 2.9473 3.0206
3.4967 2.9269 2.9896
3.5173 2.9071 2.9588
3.5378 2.8883 2.9282
3.5584 2.8708 2.8973
3.5790 2.8550 2.8660
3.5995 2.8408 2.8340
3.6201 2.8283 2.8011
3.6407 2.8174 2.7673
3.6612 2.8076 2.7326
3.6818 2.7986 2.6971
3.7024 2.7900 2.6609
3.7230 2.7812 2.6243
3.7435 2.7718 2.5876
3.7641 2.7613 2.5510
3.7847 2.7494 2.5150
3.8052 2.7358 2.4796
3.8258 2.7205 2.4453
3.8464 2.7034 2.4121
3.8669 2.6846 2.3803
3.8875 2.6646 2.3499
3.9081 2.6436 2.3210
3.9286 2.6221 2.2937
3.9492 2.6006 2.2680
3.9698 2.5796 2.2438
3.9904 2.5595 2.2212
4.0109 2.5406 2.2001
4.0315 2.5233 2.1804
4.0521 2.5078 2.1620
4.0726 2.4943 2.1448
4.0932 2.4826 2.1287
4.1138 2.4729 2.1135
4.1343 2.4650 2.0990
4.1549 2.4589 2.0851
4.1755 2.4545 2.0716
4.1960 2.4517 2.0582
4.2166 2.4506 2.0449
4.2372 2.4512 2.0316
4.2577 2.4535 2.0181
4.2783 2.4576 2.0046
4.2989 2.4637 1.9910
4.3195 2.4718 1.9776
4.3400 2.4819 1.9644
4.3606 2.4941 1.9517
4.3812 2.5082 1.9398
4.4017 2.5239 1.9287
4.4223 2.5411 1.9188
4.4429 2.5593 1.9101
4.4634 2.5781 1.9026
4.4840 2.5968 1.8965
4.5046 2.6149 1.8915
4.5251 2.6318 1.8876
4.5457 2.6468 1.8844
4.5663 2.6594 1.8819
4.5868 2.6689 1.8795
4.6074 2.6750 1.8772
4.6280 2.6771 1.8746
4.6486 2.6751 1.8714
4.6691 2.6688 1.8676
4.6897 2.6582 1.8630
4.7103 2.6433 1.8575
4.7308 2.6245 1.8510
4.7514 2.6021 1.8437
4.7720 2.5766 1.8355
4.7925 2.5485 1.8265
4.8131 2.5184 1.8167
4.8337 2.4868 1.8060
4.8542 2.4544 1.7945
4.8748 2.4218 1.7821
4.8954 2.3893 1.7685
4.9159 2.3573 1.7538
4.9365 2.3262 1.7376
4.9571 2.2960 1.7199
4.9777 2.2669 1.7005
4.9982 2.2389 1.6794
5.0188 2.2119 1.6566
5.0394 2.1856 1.6321
5.0599 2.1600 1.6060
5.0805 2.1349 1.5788
5.1011 2.1100 1.5506
5.1216 2.0853 1.5219
5.1422 2.0607 1.4931
5.1628 2.0360 1.4646
5.1833 2.0112 1.4368
5.2039 1.9863 1.4102
5.2245 1.9613 1.3850
5.2450 1.9364 1.3616
5.2656 1.9114 1.3400
5.2862 1.8866 1.3206
5.3068 1.8618 1.3032
5.3273 1.8372 1.2880
5.3479 1.8127 1.2748
5.3685 1.7884 1.2635
5.3890 1.7642 1.2540
5.4096 1.7401 1.2462
5.4302 1.7162 1.2398
5.4507 1.6925 1.2346
5.4713 1.6690 1.2304
5.4919 1.6457 1.2269
5.5124 1.6229 1.2241
5.5330 1.6005 1.2217
5.5536 1.5788 1.2194
5.5741 1.5578 1.2173
5.5947 1.5378 1.2151
5.6153 1.5187 1.2127
5.6359 1.5007 1.2102
5.6564 1.4840 1.2074
5.6770 1.4685 1.2044
5.6976 1.4541 1.2014
5.7181 1.4410 1.1982
5.7387 1.4289 1.1950
5.7593 1.4178 1.1919
5.7798 1.4074 1.1889
5.8004 1.3978 1.1862
5.8210 1.3885 1.1838
5.8415 1.3796 1.1818
5.8621 1.3709 1.1801
5.8827 1.3621 1.1789
5.9033 1.3534 1.1781
5.9238 1.3444 1.1778
5.9444 1.3354 1.1778
5.9650 1.3262 1.1781
5.9855 1.3170 1.1788
6.0061 1.3078 1.1796
6.0267 1.2988 1.1806
6.0472 1.2900 1.1815
6.0678 1.2817 1.1824
6.0884 1.2740 1.1830
6.1089 1.2670 1.1834
6.1295 1.2609 1.1832
6.1501 1.2558 1.1826
6.1706 1.2518 1.1813
6.1912 1.2490 1.1794
6.2118 1.2474 1.1768
6.2324 1.2470 1.1735
6.2529 1.2480 1.1698
6.2735 1.2501 1.1656
6.2941 1.2534 1.1612
6.3146 1.2577 1.1567
6.3352 1.2631 1.1523
6.3558 1.2694 1.1484
6.3763 1.2764 1.1450
6.3969 1.2840 1.1424
6.4175 1.2921 1.1406
6.4380 1.3005 1.1399
6.4586 1.3091 1.1403
6.4792 1.3177 1.1418
6.4997 1.3261 1.1443
6.5203 1.3341 1.1478
6.5409 1.3417 1.1521
6.5615 1.3485 1.1569
6.5820 1.3545 1.1622
6.6026 1.3595 1.1676
6.6232 1.3633 1.1729
6.6437 1.3660 1.1779
6.6643 1.3672 1.1824
6.6849 1.3671 1.1862
6.7054 1.3655 1.1891
6.7260 1.3623 1.1911
6.7466 1.3577 1.1920
6.7671 1.3516 1.1920
6.7877 1.3441 1.1909
6.8083 1.3352 1.1890
6.8288 1.3251 1.1863
6.8494 1.3140 1.1828
6.8700 1.3019 1.1788
6.8906 1.2890 1.1744
6.9111 1.2756 1.1697
6.9317 1.2618 1.1648
6.9523 1.2479 1.1598
6.9728 1.2340 1.1548
6.9934 1.2204 1.1500
7.0140 1.2072 1.1452
7.0345 1.1946 1.1406
7.0551 1.1827 1.1362
7.0757 1.1717 1.1321
7.0962 1.1616 1.1281
7.1168 1.1527 1.1244
7.1374 1.1448 1.1209
7.1579 1.1381 1.1178
7.1785 1.1326 1.1150
7.1991 1.1283 1.1125
7.2197 1.1252 1.1104
7.2402 1.1232 1.1089
7.2608 1.1222 1.1078
7.2814 1.1223 1.1073
7.3019 1.1232 1.1075
7.3225 1.1250 1.1083
7.3431 1.1274 1.1099
7.3636 1.1304 1.1122
7.3842 1.1337 1.1152
7.4048 1.1374 1.1190
7.4253 1.1412 1.1234
7.4459 1.1449 1.1284
7.4665 1.1486 1.1339
7.4871 1.1521 1.1397
7.5076 1.1552 1.1457
7.5282 1.1579 1.1517
7.5488 1.1602 1.1574
7.5693 1.1620 1.1628
7.5899 1.1633 1.1675
7.6105 1.1640 1.1715
7.6310 1.1641 1.1745
7.6516 1.1638 1.1765
7.6722 1.1630 1.1773
7.6927 1.1619 1.1770
7.7133 1.1604 1.1756
7.7339 1.1587 1.1731
7.7544 1.1568 1.1695
7.7750 1.1549 1.1651
7.7956 1.1530 1.1598
7.8162 1.1512 1.1539
7.8367 1.1496 1.1475
7.8573 1.1480 1.1408
7.8779 1.1466 1.1337
7.8984 1.1453 1.1266
7.9190 1.1441 1.1194
7.9396 1.1428 1.1124
7.9601 1.1416 1.1055
7.9807 1.1402 1.0988
8.0013 1.1386 1.0925
8.0218 1.1367 1.0865
8.0424 1.1345 1.0808
8.0630 1.1319 1.0755
8.0835 1.1289 1.0706
8.1041 1.1254 1.0661
8.1247 1.1215 1.0621
8.1453 1.1171 1.0583
8.1658 1.1123 1.0550
8.1864 1.1070 1.0521
8.2070 1.1013 1.0495
8.2275 1.0953 1.0472
8.2481 1.0890 1.0453
8.2687 1.0825 1.0437
8.2892 1.0758 1.0424
8.3098 1.0691 1.0414
8.3304 1.0624 1.0407
8.3509 1.0557 1.0401
8.3715 1.0492 1.0397
8.3921 1.0428 1.0394
8.4126 1.0366 1.0392
8.4332 1.0306 1.0390
8.4538 1.0248 1.0387
8.4744 1.0192 1.0383
8.4949 1.0139 1.0378
8.5155 1.0087 1.0371
8.5361 1.0037 1.0361
8.5566 0.9990 1.0349
8.5772 0.9944 1.0333
8.5978 0.9899 1.0313
8.6183 0.9857 1.0290
8.6389 0.9817 1.0263
8.6595 0.9779 1.0232
8.6800 0.9744 1.0198
8.7006 0.9712 1.0160
8.7212 0.9683 1.0119
8.7417 0.9658 1.0076
8.7623 0.9637 1.0031
8.7829 0.9620 0.9984
8.8035 0.9607 0.9938
8.8240 0.9598 0.9892
8.8446 0.9594 0.9847
8.8652 0.9594 0.9804
8.8857 0.9598 0.9762
8.9063 0.9606 0.9723
8.9269 0.9618 0.9686
8.9474 0.9634 0.9651
8.9680 0.9653 0.9617
8.9886 0.9676 0.9584
9.0091 0.9703 0.9551
9.0297 0.9733 0.9517
9.0503 0.9766 0.9482
9.0708 0.9801 0.9445
9.0914 0.9839 0.9406
9.1120 0.9878 0.9364
9.1326 0.9917 0.9320
9.1531 0.9955 0.9272
9.1737 0.9992 0.9223
9.1943 1.0025 0.9171
9.2148 1.0054 0.9118
9.2354 1.0077 0.9064
9.2560 1.0093 0.9010
9.2765 1.0101 0.8956
9.2971 1.0100 0.8904
9.3177 1.0091 0.8854
9.3382 1.0074 0.8806
9.3588 1.0048 0.8761
9.3794 1.0015 0.8720
9.4000 0.9975 0.8682
9.4205 0.9929 0.8648
9.4411 0.9880 0.8617
9.4617 0.9828 0.8590
9.4822 0.9775 0.8567
9.5028 0.9721 0.8547
9.5234 0.9668 0.8531
9.5439 0.9617 0.8518
9.5645 0.9568 0.8508
9.5851 0.9522 0.8501
9.6056 0.9480 0.8497
9.6262 0.9440 0.8496
9.6468 0.9404 0.8497
9.6673 0.9370 0.8501
9.6879 0.9339 0.8507
9.7085 0.9310 0.8515
9.7291 0.9283 0.8526
9.7496 0.9257 0.8538
9.7702 0.9232 0.8553
9.7908 0.9207 0.8570
9.8113 0.9183 0.8588
9.8319 0.9159 0.8608
9.8525 0.9135 0.8629
9.8730 0.9111 0.8651
9.8936 0.9087 0.8674
9.9142 0.9063 0.8697
9.9347 0.9038 0.8719
9.9553 0.9014 0.8740
9.9759 0.8989 0.8760
9.9964 0.8964 0.8776
10.0170 0.8938 0.8789
10.0376 0.8913 0.8797
10.0582 0.8887 0.8800
10.0787 0.8862 0.8796
10.0993 0.8836 0.8786
10.1199 0.8810 0.8770
10.1404 0.8784 0.8746
10.1610 0.8759 0.8715
10.1816 0.8734 0.8678
10.2021 0.8711 0.8634
10.2227 0.8688 0.8585
10.2433 0.8667 0.8532
10.2638 0.8647 0.8474
10.2844 0.8629 0.8413
10.3050 0.8613 0.8351
10.3255 0.8598 0.8286
10.3461 0.8584 0.8222
10.3667 0.8571 0.8157
10.3873 0.8560 0.8092
10.4078 0.8548 0.8029
10.4284 0.8536 0.7967
10.4490 0.8524 0.7907
10.4695 0.8511 0.7848
10.4901 0.8496 0.7792
10.5107 0.8480 0.7738
10.5312 0.8462 0.7687
10.5518 0.8443 0.7639
10.5724 0.8421 0.7594
10.5929 0.8398 0.7553
10.6135 0.8373 0.7516
10.6341 0.8347 0.7483
10.6546 0.8319 0.7454
10.6752 0.8291 0.7429
10.6958 0.8262 0.7408
10.7164 0.8233 0.7390
10.7369 0.8205 0.7375
10.7575 0.8177 0.7363
10.7781 0.8151 0.7352
10.7986 0.8126 0.7343
10.8192 0.8102 0.7333
10.8398 0.8081 0.7322
10.8603 0.8062 0.7310
10.8809 0.8046 0.7296
10.9015 0.8032 0.7279
10.9220 0.8021 0.7258
10.9426 0.8013 0.7233
10.9632 0.8008 0.7205
10.9837 0.8005 0.7173
11.0043 0.8005 0.7138
11.0249 0.8008 0.7100
11.0455 0.8012 0.7059
11.0660 0.8018 0.7017
11.0866 0.8025 0.6974
11.1072 0.8034 0.6931
11.1277 0.8043 0.6889
11.1483 0.8053 0.6848
11.1689 0.8063 0.6808
11.1894 0.8074 0.6772
11.2100 0.8084 0.6738
11.2306 0.8094 0.6708
11.2511 0.8103 0.6682
11.2717 0.8112 0.6659
11.2923 0.8121 0.6642
11.3129 0.8128 0.6628
11.3334 0.8135 0.6619
11.3540 0.8140 0.6614
11.3746 0.8144 0.6613
11.3951 0.8146 0.6617
11.4157 0.8146 0.6624
11.4363 0.8145 0.6635
11.4568 0.8141 0.6649
11.4774 0.8136 0.6665
11.4980 0.8128 0.6683
11.5185 0.8119 0.6702
11.5391 0.8107 0.6721
11.5597 0.8095 0.6740
11.5802 0.8081 0.6758
11.6008 0.8066 0.6773
11.6214 0.8050 0.6786
11.6420 0.8034 0.6795
11.6625 0.8019 0.6801
11.6831 0.8003 0.6803
11.7037 0.7989 0.6801
11.7242 0.7975 0.6795
11.7448 0.7962 0.6786
11.7654 0.7951 0.6775
11.7859 0.7941 0.6763
11.8065 0.7933 0.6750
11.8271 0.7927 0.6737
11.8476 0.7923 0.6725
11.8682 0.7921 0.6716
11.8888 0.7922 0.6710
11.9093 0.7925 0.6708
11.9299 0.7932 0.6711
11.9505 0.7941 0.6718
11.9711 0.7953 0.6730
11.9916 0.7969 0.6747
12.0122 0.7988 0.6769
12.0328 0.8011 0.6795
12.0533 0.8037 0.6825
12.0739 0.8066 0.6858
12.0945 0.8099 0.6894
12.1150 0.8135 0.6932
12.1356 0.8174 0.6972
12.1562 0.8215 0.7014
12.1767 0.8259 0.7056
12.1973 0.8305 0.7098
12.2179 0.8352 0.7141
12.2384 0.8401 0.7183
12.2590 0.8451 0.7225
12.2796 0.8502 0.7267
12.3002 0.8554 0.7308
12.3207 0.8606 0.7349
12.3413 0.8658 0.7390
12.3619 0.8710 0.7430
12.3824 0.8763 0.7469
12.4030 0.8814 0.7508
12.4236 0.8866 0.7546
12.4441 0.8916 0.7584
12.4647 0.8966 0.7621
12.4853 0.9013 0.7657
12.5058 0.9060 0.7692
12.5264 0.9104 0.7726
12.5470 0.9145 0.7759
12.5675 0.9184 0.7791
12.5881 0.9220 0.7822
12.6087 0.9252 0.7852
12.6293 0.9282 0.7882
12.6498 0.9307 0.7912
12.6704 0.9329 0.7941
12.6910 0.9348 0.7971
12.7115 0.9364 0.8002
12.7321 0.9377 0.8032
12.7527 0.9388 0.8064
12.7732 0.9396 0.8096
12.7938 0.9403 0.8128
12.8144 0.9408 0.8160
12.8349 0.9412 0.8193
12.8555 0.9414 0.8225
12.8761 0.9416 0.8256
12.8966 0.9417 0.8286
12.9172 0.9418 0.8314
12.9378 0.9418 0.8339
12.9584 0.9418 0.8363
12.9789 0.9417 0.8384
12.9995 0.9415 0.8402
13.0201 0.9413 0.8418
13.0406 0.9411 0.8432
13.0612 0.9408 0.8445
13.0818 0.9405 0.8456
13.1023 0.9401 0.8467
13.1229 0.9397 0.8478
13.1435 0.9393 0.8490
13.1640 0.9389 0.8504
13.1846 0.9384 0.8520
13.2052 0.9379 0.8538
13.2258 0.9374 0.8559
13.2463 0.9369 0.8584
13.2669 0.9363 0.8611
13.2875 0.9356 0.8642
13.3080 0.9348 0.8675
13.3286 0.9339 0.8711
13.3492 0.9328 0.8748
13.3697 0.9315 0.8788
13.3903 0.9299 0.8828
13.4109 0.9280 0.8869
13.4314 0.9258 0.8910
13.4520 0.9233 0.8949
13.4726 0.9204 0.8987
13.4931 0.9172 0.9023
13.5137 0.9136 0.9057
13.5343 0.9097 0.9087
13.5549 0.9056 0.9114
13.5754 0.9012 0.9136
13.5960 0.8966 0.9154
13.6166 0.8918 0.9167
13.6371 0.8870 0.9175
13.6577 0.8822 0.9178
13.6783 0.8774 0.9176
13.6988 0.8727 0.9169
13.7194 0.8680 0.9157
13.7400 0.8635 0.9140
13.7605 0.8591 0.9119
13.7811 0.8548 0.9094
13.8017 0.8507 0.9066
13.8222 0.8467 0.9036
13.8428 0.8427 0.9003
13.8634 0.8389 0.8970
13.8840 0.8351 0.8936
13.9045 0.8313 0.8901
13.9251 0.8275 0.8868
13.9457 0.8238 0.8834
13.9662 0.8201 0.8802
13.9868 0.8164 0.8771
14.0074 0.8127 0.8742
14.0279 0.8091 0.8713
14.0485 0.8055 0.8685
14.0691 0.8021 0.8658
14.0896 0.7988 0.8632
14.1102 0.7956 0.8605
14.1308 0.7925 0.8578
14.1513 0.7896 0.8551
14.1719 0.7869 0.8523
14.1925 0.7844 0.8495
14.2131 0.7820 0.8465
14.2336 0.7797 0.8434
14.2542 0.7775 0.8403
14.2748 0.7754 0.8370
14.2953 0.7733 0.8335
14.3159 0.7712 0.8300
14.3365 0.7691 0.8264
14.3570 0.7668 0.8226
14.3776 0.7644 0.8188
14.3982 0.7618 0.8149
14.4187 0.7591 0.8109
14.4393 0.7561 0.8069
14.4599 0.7529 0.8029
14.4804 0.7495 0.7989
14.5010 0.7458 0.7949
14.5216 0.7420 0.7911
14.5422 0.7380 0.7873
14.5627 0.7339 0.7837
14.5833 0.7297 0.7803
14.6039 0.7254 0.7771
14.6244 0.7210 0.7742
14.6450 0.7166 0.7715
14.6656 0.7122 0.7690
14.6861 0.7079 0.7668
14.7067 0.7036 0.7648
14.7273 0.6994 0.7630
14.7478 0.6953 0.7613
14.7684 0.6914 0.7597
14.7890 0.6876 0.7582
14.8095 0.6839 0.7566
14.8301 0.6804 0.7549
14.8507 0.6770 0.7531
14.8713 0.6738 0.7511
14.8918 0.6707 0.7489
14.9124 0.6677 0.7464
14.9330 0.6647 0.7437
14.9535 0.6618 0.7406
14.9741 0.6590 0.7372
14.9947 0.6561 0.7336
15.0152 0.6532 0.7296
15.0358 0.6504 0.7255
15.0564 0.6475 0.7210
15.0769 0.6446 0.7164
15.0975 0.6416 0.7116
15.1181 0.6387 0.7066
15.1387 0.6358 0.7014
15.1592 0.6330 0.6962
15.1798 0.6301 0.6908
15.2004 0.6274 0.6853
15.2209 0.6247 0.6797
15.2415 0.6221 0.6740
15.2621 0.6195 0.6683
15.2826 0.6171 0.6626
15.3032 0.6147 0.6569
15.3238 0.6124 0.6512
15.3443 0.6101 0.6456
15.3649 0.6079 0.6401
15.3855 0.6057 0.6347
15.4060 0.6035 0.6294
15.4266 0.6013 0.6243
15.4472 0.5990 0.6193
15.4678 0.5967 0.6145
15.4883 0.5943 0.6098
15.5089 0.5919 0.6054
15.5295 0.5894 0.6010
15.5500 0.5867 0.5968
15.5706 0.5840 0.5927
15.5912 0.5813 0.5887
15.6117 0.5784 0.5848
15.6323 0.5754 0.5809
15.6529 0.5723 0.5771
15.6734 0.5692 0.5733
15.6940 0.5660 0.5695
15.7146 0.5627 0.5658
15.7351 0.5594 0.5620
15.7557 0.5560 0.5583
15.7763 0.5526 0.5545
15.7969 0.5491 0.5508
15.8174 0.5456 0.5471
15.8380 0.5421 0.5434
15.8586 0.5385 0.5398
15.8791 0.5350 0.5363
15.8997 0.5314 0.5328
15.9203 0.5278 0.5295
15.9408 0.5241 0.5263
15.9614 0.5205 0.5231
15.9820 0.5169 0.5201
16.0025 0.5133 0.5173
16.0231 0.5097 0.5145
16.0437 0.5061 0.5118
16.0642 0.5026 0.5093
16.0848 0.4991 0.5067
16.1054 0.4957 0.5043
16.1260 0.4924 0.5018
16.1465 0.4892 0.4993
16.1671 0.4860 0.4969
16.1877 0.4830 0.4943
16.2082 0.4800 0.4918
16.2288 0.4772 0.4891
16.2494 0.4744 0.4864
16.2699 0.4718 0.4836
16.2905 0.4693 0.4807
16.3111 0.4669 0.4778
16.3316 0.4645 0.4747
16.3522 0.4623 0.4717
16.3728 0.4601 0.4686
16.3933 0.4580 0.4655
16.4139 0.4560 0.4624
16.4345 0.4539 0.4593
16.4551 0.4519 0.4562
16.4756 0.4498 0.4531
16.4962 0.4477 0.4501
16.5168 0.4456 0.4472
16.5373 0.4433 0.4443
16.5579 0.4410 0.4414
16.5785 0.4385 0.4385
16.5990 0.4359 0.4357
16.6196 0.4331 0.4328
16.6402 0.4302 0.4299
16.6607 0.4272 0.4269
16.6813 0.4240 0.4239
16.7019 0.4208 0.4207
16.7224 0.4174 0.4175
16.7430 0.4140 0.4141
16.7636 0.4106 0.4106
16.7842 0.4072 0.4070
16.8047 0.4038 0.4032
16.8253 0.4004 0.3994
16.8459 0.3971 0.3955
16.8664 0.3939 0.3916
16.8870 0.3907 0.3876
16.9076 0.3877 0.3836
16.9281 0.3847 0.3797
16.9487 0.3818 0.3758
16.9693 0.3790 0.3720
16.9898 0.3763 0.3683
17.0104 0.3736 0.3647
17.0310 0.3711 0.3612
17.0516 0.3685 0.3579
17.0721 0.3660 0.3547
17.0927 0.3635 0.3517
17.1133 0.3611 0.3487
17.1338 0.3587 0.3459
17.1544 0.3562 0.3432
17.1750 0.3538 0.3406
17.1955 0.3514 0.3380
17.2161 0.3491 0.3356
17.2367 0.3467 0.3331
17.2572 0.3443 0.3307
17.2778 0.3420 0.3284
17.2984 0.3396 0.3260
17.3189 0.3373 0.3237
17.3395 0.3349 0.3213
17.3601 0.3326 0.3190
17.3807 0.3302 0.3167
17.4012 0.3278 0.3143
17.4218 0.3254 0.3120
17.4424 0.3230 0.3097
17.4629 0.3205 0.3073
17.4835 0.3181 0.3050
17.5041 0.3156 0.3027
17.5246 0.3131 0.3004
17.5452 0.3106 0.2981
17.5658 0.3080 0.2958
17.5863 0.3055 0.2935
17.6069 0.3029 0.2913
17.6275 0.3003 0.2891
17.6480 0.2978 0.2869
17.6686 0.2952 0.2848
17.6892 0.2927 0.2827
17.7098 0.2902 0.2806
17.7303 0.2877 0.2785
17.7509 0.2852 0.2764
17.7715 0.2828 0.2744
17.7920 0.2804 0.2724
17.8126 0.2780 0.2703
17.8332 0.2757 0.2683
17.8537 0.2734 0.2663
17.8743 0.2712 0.2644
17.8949 0.2690 0.2624
17.9154 0.2668 0.2604
17.9360 0.2646 0.2585
17.9566 0.2625 0.2566
17.9771 0.2604 0.2548
17.9977 0.2583 0.2530
18.0183 0.2563 0.2512
18.0389 0.2542 0.2495
18.0594 0.2522 0.2479
18.0800 0.2502 0.2463
18.1006 0.2482 0.2448
18.1211 0.2463 0.2433
18.1417 0.2443 0.2418
18.1623 0.2424 0.2404
18.1828 0.2405 0.2390
18.2034 0.2387 0.2376
18.2240 0.2368 0.2362
18.2445 0.2350 0.2348
18.2651 0.2332 0.2333
18.2857 0.2314 0.2318
18.3062 0.2297 0.2303
18.3268 0.2279 0.2287
18.3474 0.2262 0.2271
18.3680 0.2244 0.2253
18.3885 0.2226 0.2236
18.4091 0.2208 0.2217
18.4297 0.2190 0.2198
18.4502 0.2171 0.2179
18.4708 0.2152 0.2159
18.4914 0.2134 0.2139
18.5119 0.2115 0.2119
18.5325 0.2096 0.2098
18.5531 0.2077 0.2077
18.5736 0.2059 0.2057
18.5942 0.2041 0.2036
18.6148 0.2023 0.2015
18.6354 0.2005 0.1995
18.6559 0.1988 0.1975
18.6765 0.1971 0.1955
18.6971 0.1954 0.1935
18.7176 0.1937 0.1916
18.7382 0.1921 0.1897
18.7588 0.1904 0.1878
18.7793 0.1887 0.1860
18.7999 0.1870 0.1842
18.8205 0.1854 0.1824
18.8410 0.1836 0.1806
18.8616 0.1819 0.1789
18.8822 0.1802 0.1772
18.9027 0.1784 0.1756
18.9233 0.1766 0.1739
18.9439 0.1749 0.1723
18.9645 0.1731 0.1708
18.9850 0.1714 0.1692
19.0056 0.1696 0.1677
19.0262 0.1679 0.1662
19.0467 0.1663 0.1647
19.0673 0.1647 0.1632
19.0879 0.1631 0.1617
19.1084 0.1617 0.1602
19.1290 0.1602 0.1588
19.1496 0.1589 0.1573
19.1701 0.1576 0.1559
19.1907 0.1564 0.1544
19.2113 0.1553 0.1530
19.2318 0.1542 0.1515
19.2524 0.1531 0.1501
19.2730 0.1521 0.1487
19.2936 0.1511 0.1472
19.3141 0.1501 0.1458
19.3347 0.1491 0.1444
19.3553 0.1482 0.1430
19.3758 0.1472 0.1416
19.3964 0.1462 0.1402
19.4170 0.1452 0.1388
19.4375 0.1442 0.1374
19.4581 0.1432 0.1360
19.4787 0.1422 0.1346
19.4992 0.1412 0.1333
19.5198 0.1402 0.1319
19.5404 0.1392 0.1305
19.5609 0.1383 0.1292
19.5815 0.1373 0.1278
19.6021 0.1364 0.1265
19.6227 0.1354 0.1251
19.6432 0.1345 0.1238
19.6638 0.1337 0.1226
19.6844 0.1328 0.1213
19.7049 0.1320 0.1201
19.7255 0.1311 0.1189
19.7461 0.1303 0.1178
19.7666 0.1295 0.1167
19.7872 0.1287 0.1156
19.8078 0.1279 0.1145
19.8283 0.1272 0.1136
19.8489 0.1264 0.1126
19.8695 0.1256 0.1117
19.8900 0.1248 0.1108
19.9106 0.1240 0.1099
19.9312 0.1232 0.1090
19.9518 0.1224 0.1082
19.9723 0.1215 0.1073
19.9929 0.1207 0.1065
20.0135 0.1198 0.1056
20.0340 0.1189 0.1047
20.0546 0.1180 0.1039
20.0752 0.1170 0.1030
20.0957 0.1161 0.1021
20.1163 0.1151 0.1011
20.1369 0.1142 0.1002
20.1574 0.1132 0.0993
20.1780 0.1122 0.0983
20.1986 0.1112 0.0974
20.2191 0.1102 0.0964
20.2397 0.1093 0.0955
20.2603 0.1083 0.0945
20.2809 0.1073 0.0936
20.3014 0.1063 0.0926
20.3220 0.1054 0.0917
20.3426 0.1044 0.0908
20.3631 0.1035 0.0898
20.3837 0.1025 0.0889
20.4043 0.1016 0.0881
20.4248 0.1007 0.0872
20.4454 0.0998 0.0864
20.4660 0.0989 0.0855
20.4865 0.0980 0.0848
20.5071 0.0972 0.0840
20.5277 0.0963 0.0833
20.5483 0.0955 0.0826
20.5688 0.0947 0.0819
20.5894 0.0939 0.0813
20.6100 0.0932 0.0807
20.6305 0.0924 0.0802
20.6511 0.0917 0.0796
20.6717 0.0909 0.0792
20.6922 0.0902 0.0787
20.7128 0.0894 0.0782
20.7334 0.0887 0.0778
20.7539 0.0880 0.0774
20.7745 0.0872 0.0770
20.7951 0.0864 0.0765
20.8156 0.0857 0.0761
20.8362 0.0849 0.0757
20.8568 0.0841 0.0752
20.8774 0.0833 0.0748
20.8979 0.0825 0.0743
20.9185 0.0817 0.0738
20.9391 0.0809 0.0733
20.9596 0.0802 0.0728
20.9802 0.0794 0.0723
21.0008 0.0786 0.0718
21.0213 0.0779 0.0713
21.0419 0.0771 0.0708
21.0625 0.0764 0.0704
21.0830 0.0757 0.0699
21.1036 0.0750 0.0694
21.1242 0.0744 0.0689
21.1447 0.0737 0.0685
21.1653 0.0730 0.0681
21.1859 0.0724 0.0676
21.2065 0.0718 0.0672
21.2270 0.0711 0.0667
21.2476 0.0705 0.0663
21.2682 0.0699 0.0659
21.2887 0.0692 0.0654
21.3093 0.0686 0.0650
21.3299 0.0679 0.0645
21.3504 0.0672 0.0640
21.3710 0.0666 0.0636
21.3916 0.0659 0.0631
21.4121 0.0652 0.0626
21.4327 0.0645 0.0622
21.4533 0.0639 0.0617
21.4738 0.0632 0.0612
21.4944 0.0625 0.0607
21.5150 0.0618 0.0602
21.5356 0.0611 0.0597
21.5561 0.0605 0.0592
21.5767 0.0598 0.0586
21.5973 0.0592 0.0581
21.6178 0.0586 0.0576
21.6384 0.0580 0.0570
21.6590 0.0574 0.0565
21.6795 0.0568 0.0559
21.7001 0.0563 0.0553
21.7207 0.0557 0.0548
21.7412 0.0552 0.0542
21.7618 0.0547 0.0536
21.7824 0.0542 0.0531
21.8029 0.0538 0.0525
21.8235 0.0533 0.0520
21.8441 0.0529 0.0514
21.8647 0.0525 0.0509
21.8852 0.0521 0.0503
21.9058 0.0517 0.0498
21.9264 0.0513 0.0493
21.9469 0.0510 0.0488
21.9675 0.0506 0.0483
21.9881 0.0503 0.0479
22.0086 0.0500 0.0474
22.0292 0.0497 0.0470
22.0498 0.0494 0.0465
22.0703 0.0491 0.0461
22.0909 0.0488 0.0457
22.1115 0.0485 0.0453
22.1320 0.0482 0.0449
22.1526 0.0479 0.0446
22.1732 0.0475 0.0442
22.1938 0.0472 0.0439
22.2143 0.0469 0.0435
22.2349 0.0466 0.0432
22.2555 0.0463 0.0428
22.2760 0.0459 0.0425
22.2966 0.0456 0.0422
22.3172 0.0453 0.0419
22.3377 0.0449 0.0416
22.3583 0.0446 0.0412
22.3789 0.0442 0.0409
22.3994 0.0439 0.0406
22.4200 0.0436 0.0403
22.4406 0.0432 0.0400
22.4612 0.0429 0.0397
22.4817 0.0426 0.0394
22.5023 0.0423 0.0391
22.5229 0.0420 0.0389
22.5434 0.0417 0.0386
22.5640 0.0414 0.0383
22.5846 0.0411 0.0381
22.6051 0.0409 0.0378
22.6257 0.0407 0.0376
22.6463 0.0404 0.0373
22.6668 0.0402 0.0371
22.6874 0.0400 0.0369
22.7080 0.0398 0.0367
22.7285 0.0396 0.0365
22.7491 0.0394 0.0363
22.7697 0.0392 0.0361
22.7903 0.0391 0.0359
22.8108 0.0389 0.0357
22.8314 0.0387 0.0355
22.8520 0.0385 0.0353
22.8725 0.0383 0.0351
22.8931 0.0381 0.0349
22.9137 0.0379 0.0347
22.9342 0.0377 0.0345
22.9548 0.0375 0.0343
22.9754 0.0373 0.0340
22.9959 0.0371 0.0338
23.0165 0.0369 0.0336
23.0371 0.0367 0.0334
23.0576 0.0365 0.0332
23.0782 0.0363 0.0330
23.0988 0.0361 0.0328
23.1194 0.0359 0.0326
23.1399 0.0357 0.0324
23.1605 0.0355 0.0322
23.1811 0.0353 0.0320
23.2016 0.0351 0.0318
23.2222 0.0348 0.0317
23.2428 0.0346 0.0315
23.2633 0.0344 0.0313
23.2839 0.0342 0.0312
23.3045 0.0340 0.0310
23.3250 0.0338 0.0308
23.3456 0.0336 0.0306
23.3662 0.0334 0.0305
23.3867 0.0332 0.0303
23.4073 0.0330 0.0301
23.4279 0.0328 0.0299
23.4485 0.0325 0.0298
23.4690 0.0323 0.0296
23.4896 0.0321 0.0294
23.5102 0.0319 0.0292
23.5307 0.0317 0.0291
23.5513 0.0315 0.0289
23.5719 0.0313 0.0287
23.5924 0.0311 0.0286
23.6130 0.0309 0.0284
23.6336 0.0306 0.0283
23.6541 0.0304 0.0282
23.6747 0.0303 0.0280
23.6953 0.0301 0.0279
23.7158 0.0299 0.0278
23.7364 0.0297 0.0277
23.7570 0.0295 0.0276
23.7776 0.0294 0.0276
23.7981 0.0292 0.0275
23.8187 0.0291 0.0274
23.8393 0.0290 0.0273
23.8598 0.0289 0.0273
23.8804 0.0288 0.0272
23.9010 0.0287 0.0271
23.9215 0.0286 0.0270
23.9421 0.0285 0.0270
23.9627 0.0284 0.0269
23.9832 0.0283 0.0268
24.0038 0.0283 0.0267
24.0244 0.0282 0.0266
24.0449 0.0281 0.0266
24.0655 0.0280 0.0265
24.0861 0.0279 0.0264
24.1067 0.0279 0.0263
24.1272 0.0278 0.0262
24.1478 0.0277 0.0261
24.1684 0.0276 0.0261
24.1889 0.0275 0.0260
24.2095 0.0274 0.0259
24.2301 0.0273 0.0259
24.2506 0.0272 0.0258
24.2712 0.0271 0.0258
24.2918 0.0270 0.0258
24.3123 0.0269 0.0257
24.3329 0.0268 0.0257
24.3535 0.0267 0.0256
24.3741 0.0265 0.0256
24.3946 0.0264 0.0255
24.4152 0.0263 0.0255
24.4358 0.0261 0.0255
24.4563 0.0260 0.0254
24.4769 0.0259 0.0253
24.4975 0.0257 0.0253
24.5180 0.0256 0.0252
24.5386 0.0255 0.0251
24.5592 0.0253 0.0250
24.5797 0.0252 0.0249
24.6003 0.0251 0.0248
24.6209 0.0250 0.0247
24.6414 0.0249 0.0246
24.6620 0.0248 0.0245
24.6826 0.0247 0.0244
24.7032 0.0246 0.0243
24.7237 0.0245 0.0242
24.7443 0.0244 0.0241
24.7649 0.0243 0.0240
24.7854 0.0242 0.0239
24.8060 0.0241 0.0238
24.8266 0.0240 0.0236
24.8471 0.0239 0.0235
24.8677 0.0238 0.0234
24.8883 0.0237 0.0232
24.9088 0.0236 0.0231
24.9294 0.0235 0.0229
24.9500 0.0234 0.0227
24.9705 0.0233 0.0225
24.9911 0.0232 0.0224
25.0117 0.0231 0.0222
25.0323 0.0229 0.0220
25.0528 0.0228 0.0218
25.0734 0.0227 0.0216
25.0940 0.0226 0.0214
25.1145 0.0225 0.0212
25.1351 0.0223 0.0210
25.1557 0.0222 0.0208
25.1762 0.0221 0.0206
25.1968 0.0219 0.0204
25.2174 0.0218 0.0202
25.2379 0.0217 0.0200
25.2585 0.0216 0.0198
25.2791 0.0214 0.0196
25.2996 0.0213 0.0195
25.3202 0.0212 0.0193
25.3408 0.0211 0.0191
25.3614 0.0209 0.0190
25.3819 0.0208 0.0188
25.4025 0.0206 0.0186
25.4231 0.0205 0.0184
25.4436 0.0204 0.0183
25.4642 0.0202 0.0181
25.4848 0.0200 0.0179
25.5053 0.0199 0.0178
25.5259 0.0197 0.0176
25.5465 0.0195 0.0174
25.5670 0.0193 0.0172
25.5876 0.0192 0.0170
25.6082 0.0190 0.0169
25.6287 0.0188 0.0167
25.6493 0.0186 0.0165
25.6699 0.0184 0.0163
25.6905 0.0182 0.0162
25.7110 0.0180 0.0160
25.7316 0.0178 0.0159
25.7522 0.0176 0.0157
25.7727 0.0175 0.0156
25.7933 0.0173 0.0155
25.8139 0.0171 0.0154
25.8344 0.0169 0.0152
25.8550 0.0167 0.0151
25.8756 0.0166 0.0150
25.8961 0.0164 0.0149
25.9167 0.0162 0.0149
25.9373 0.0161 0.0148
25.9578 0.0159 0.0147
25.9784 0.0158 0.0146
25.9990 0.0156 0.0145
26.0196 0.0155 0.0144
26.0401 0.0153 0.0143
26.0607 0.0152 0.0142
26.0813 0.0151 0.0141
26.1018 0.0149 0.0140
26.1224 0.0148 0.0139
26.1430 0.0147 0.0138
26.1635 0.0146 0.0137
26.1841 0.0145 0.0135
26.2047 0.0143 0.0134
26.2252 0.0142 0.0133
26.2458 0.0141 0.0132
26.2664 0.0140 0.0131
26.2870 0.0139 0.0130
26.3075 0.0138 0.0129
26.3281 0.0137 0.0127
26.3487 0.0136 0.0126
26.3692 0.0134 0.0125
26.3898 0.0133 0.0124
26.4104 0.0132 0.0124
26.4309 0.0131 0.0123
26.4515 0.0130 0.0122
26.4721 0.0129 0.0121
26.4926 0.0128 0.0120
26.5132 0.0127 0.0119
26.5338 0.0126 0.0119
26.5543 0.0125 0.0118
26.5749 0.0124 0.0117
26.5955 0.0124 0.0116
26.6161 0.0123 0.0116
26.6366 0.0122 0.0115
26.6572 0.0121 0.0114
26.6778 0.0120 0.0114
26.6983 0.0119 0.0113
26.7189 0.0118 0.0113
26.7395 0.0117 0.0112
26.7600 0.0117 0.0112
26.7806 0.0116 0.0111
26.8012 0.0115 0.0111
26.8217 0.0114 0.0110
26.8423 0.0114 0.0110
26.8629 0.0113 0.0109
26.8834 0.0112 0.0109
26.9040 0.0112 0.0109
26.9246 0.0111 0.0108
26.9452 0.0111 0.0108
26.9657 0.0110 0.0108
26.9863 0.0110 0.0107
27.0069 0.0109 0.0107
27.0274 0.0109 0.0107
27.0480 0.0109 0.0106
27.0686 0.0108 0.0106
27.0891 0.0108 0.0106
27.1097 0.0108 0.0105
27.1303 0.0108 0.0105
27.1508 0.0107 0.0105
27.1714 0.0107 0.0104
27.1920 0.0107 0.0104
27.2125 0.0107 0.0103
27.2331 0.0106 0.0103
27.2537 0.0106 0.0102
27.2743 0.0106 0.0102
27.2948 0.0105 0.0101
27.3154 0.0105 0.0101
27.3360 0.0105 0.0100
27.3565 0.0105 0.0100
27.3771 0.0104 0.0099
27.3977 0.0104 0.0099
27.4182 0.0104 0.0098
27.4388 0.0103 0.0097
27.4594 0.0103 0.0097
27.4799 0.0102 0.0096
27.5005 0.0102 0.0096
27.5211 0.0101 0.0095
27.5416 0.0100 0.0094
27.5622 0.0100 0.0094
27.5828 0.0099 0.0093
27.6034 0.0098 0.0092
27.6239 0.0097 0.0092
27.6445 0.0096 0.0091
27.6651 0.0095 0.0090
27.6856 0.0094 0.0089
27.7062 0.0093 0.0088
27.7268 0.0092 0.0087
27.7473 0.0091 0.0087
27.7679 0.0090 0.0086
27.7885 0.0089 0.0085
27.8090 0.0088 0.0084
27.8296 0.0087 0.0083
27.8502 0.0086 0.0082
27.8707 0.0085 0.0081
27.8913 0.0084 0.0080
27.9119 0.0083 0.0079
27.9325 0.0082 0.0078
27.9530 0.0081 0.0077
27.9736 0.0080 0.0076
27.9942 0.0078 0.0075
28.0147 0.0077 0.0074
28.0353 0.0076 0.0073
28.0559 0.0075 0.0073
28.0764 0.0074 0.0072
28.0970 0.0073 0.0071
28.1176 0.0073 0.0070
28.1381 0.0072 0.0069
28.1587 0.0071 0.0068
28.1793 0.0070 0.0068
28.1999 0.0069 0.0067
28.2204 0.0069 0.0066
28.2410 0.0068 0.0065
28.2616 0.0067 0.0064
28.2821 0.0066 0.0064
28.3027 0.0066 0.0063
28.3233 0.0065 0.0062
28.3438 0.0065 0.0061
28.3644 0.0064 0.0061
28.3850 0.0064 0.0060
28.4055 0.0063 0.0059
28.4261 0.0062 0.0058
28.4467 0.0062 0.0058
28.4672 0.0062 0.0057
28.4878 0.0061 0.0056
28.5084 0.0061 0.0055
28.5290 0.0060 0.0055
28.5495 0.0060 0.0054
28.5701 0.0059 0.0053
28.5907 0.0059 0.0053
28.6112 0.0058 0.0052
28.6318 0.0058 0.0052
28.6524 0.0057 0.0051
28.6729 0.0057 0.0051
28.6935 0.0057 0.0050
28.7141 0.0056 0.0050
28.7346 0.0056 0.0049
28.7552 0.0055 0.0049
28.7758 0.0055 0.0048
28.7963 0.0054 0.0048
28.8169 0.0054 0.0048
28.8375 0.0053 0.0047
28.8581 0.0053 0.0047
28.8786 0.0052 0.0047
28.8992 0.0052 0.0046
28.9198 0.0051 0.0046
28.9403 0.0050 0.0046
28.9609 0.0050 0.0046
28.9815 0.0050 0.0045
29.0020 0.0049 0.0045
29.0226 0.0049 0.0045
29.0432 0.0048 0.0044
29.0637 0.0048 0.0044
29.0843 0.0048 0.0044
29.1049 0.0047 0.0044
29.1254 0.0047 0.0043
29.1460 0.0047 0.0043
29.1666 0.0046 0.0043
29.1872 0.0046 0.0042
29.2077 0.0046 0.0042
29.2283 0.0046 0.0042
29.2489 0.0046 0.0042
29.2694 0.0046 0.0042
29.2900 0.0045 0.0041
29.3106 0.0045 0.0041
29.3311 0.0045 0.0041
29.3517 0.0045 0.0041
29.3723 0.0045 0.0041
29.3928 0.0045 0.0040
29.4134 0.0044 0.0040
29.4340 0.0044 0.0040
29.4545 0.0044 0.0040
29.4751 0.0044 0.0040
29.4957 0.0043 0.0040
29.5163 0.0043 0.0039
29.5368 0.0043 0.0039
29.5574 0.0042 0.0039
29.5780 0.0042 0.0039
29.5985 0.0042 0.0039
29.6191 0.0041 0.0038
29.6397 0.0041 0.0038
29.6602 0.0041 0.0038
29.6808 0.0040 0.0038
29.7014 0.0040 0.0038
29.7219 0.0039 0.0037
29.7425 0.0039 0.0037
29.7631 0.0039 0.0037
29.7837 0.0038 0.0037
29.8042 0.0038 0.0037
29.8248 0.0038 0.0036
29.8454 0.0037 0.0036
29.8659 0.0037 0.0036
29.8865 0.0036 0.0036
29.9071 0.0036 0.0036
29.9276 0.0036 0.0035
29.9482 0.0035 0.0035
29.9688 0.0035 0.0035
29.9893 0.0035 0.0035
30.0099 0.0034 0.0035
30.0305 0.0034 0.0034
30.0510 0.0034 0.0034
30.0716 0.0033 0.0034
30.0922 0.0033 0.0034
30.1128 0.0033 0.0033
30.1333 0.0033 0.0033
30.1539 0.0032 0.0033
30.1745 0.0032 0.0033
30.1950 0.0032 0.0032
30.2156 0.0031 0.0032
30.2362 0.0031 0.0032
30.2567 0.0031 0.0032
30.2773 0.0031 0.0031
30.2979 0.0031 0.0031
30.3184 0.0030 0.0031
30.3390 0.0030 0.0031
30.3596 0.0030 0.0031
30.3801 0.0030 0.0031
30.4007 0.0030 0.0030
30.4213 0.0030 0.0030
30.4419 0.0029 0.0030
30.4624 0.0029 0.0030
30.4830 0.0029 0.0030
30.5036 0.0029 0.0030
30.5241 0.0029 0.0030
30.5447 0.0029 0.0030
30.5653 0.0029 0.0030
30.5858 0.0029 0.0030
30.6064 0.0028 0.0030
30.6270 0.0028 0.0030
30.6475 0.0028 0.0030
30.6681 0.0028 0.0030
30.6887 0.0028 0.0030
30.7092 0.0028 0.0030
30.7298 0.0028 0.0030
30.7504 0.0028 0.0030
30.7710 0.0028 0.0029
30.7915 0.0027 0.0029
30.8121 0.0027 0.0029
30.8327 0.0027 0.0029
30.8532 0.0027 0.0029
30.8738 0.0027 0.0029
30.8944 0.0027 0.0029
30.9149 0.0026 0.0029
30.9355 0.0026 0.0029
30.9561 0.0026 0.0028
30.9766 0.0026 0.0028
30.9972 0.0026 0.0028
31.0178 0.0026 0.0028
31.0383 0.0025 0.0028
31.0589 0.0025 0.0028
31.0795 0.0025 0.0027
31.1001 0.0025 0.0027
31.1206 0.0025 0.0027
31.1412 0.0024 0.0027
31.1618 0.0024 0.0027
31.1823 0.0024 0.0027
31.2029 0.0024 0.0026
31.2235 0.0023 0.0026
31.2440 0.0023 0.0026
31.2646 0.0023 0.0026
31.2852 0.0023 0.0026
31.3057 0.0023 0.0025
31.3263 0.0022 0.0025
31.3469 0.0022 0.0025
31.3674 0.0022 0.0025
31.3880 0.0022 0.0024
31.4086 0.0022 0.0024
31.4292 0.0022 0.0024
31.4497 0.0021 0.0024
31.4703 0.0021 0.0023
31.4909 0.0021 0.0023
31.5114 0.0021 0.0023
31.5320 0.0021 0.0023
31.5526 0.0021 0.0022
31.5731 0.0020 0.0022
31.5937 0.0020 0.0022
31.6143 0.0020 0.0022
31.6348 0.0020 0.0022
31.6554 0.0020 0.0022
31.6760 0.0020 0.0022
31.6966 0.0020 0.0022
31.7171 0.0019 0.0022
31.7377 0.0019 0.0021
31.7583 0.0019 0.0021
31.7788 0.0019 0.0021
31.7994 0.0019 0.0021
31.8200 0.0019 0.0021
31.8405 0.0019 0.0021
31.8611 0.0019 0.0021
31.8817 0.0019 0.0021
31.9022 0.0019 0.0021
31.9228 0.0019 0.0021
31.9434 0.0018 0.0021
31.9639 0.0018 0.0020
31.9845 0.0018 0.0020
32.0051 0.0018 0.0020
32.0257 0.0018 0.0020
32.0462 0.0018 0.0020
32.0668 0.0018 0.0020
32.0874 0.0018 0.0020
32.1079 0.0017 0.0019
32.1285 0.0017 0.0019
32.1491 0.0017 0.0019
32.1696 0.0017 0.0019
32.1902 0.0017 0.0019
32.2108 0.0017 0.0018
32.2313 0.0016 0.0018
32.2519 0.0016 0.0018
32.2725 0.0016 0.0018
32.2930 0.0016 0.0018
32.3136 0.0016 0.0017
32.3342 0.0015 0.0017
32.3548 0.0015 0.0017
32.3753 0.0015 0.0017
32.3959 0.0015 0.0016
32.4165 0.0015 0.0016
32.4370 0.0015 0.0016
32.4576 0.0015 0.0016
32.4782 0.0014 0.0016
32.4987 0.0014 0.0016
32.5193 0.0014 0.0015
32.5399 0.0014 0.0015
32.5604 0.0014 0.0015
32.5810 0.0014 0.0015
32.6016 0.0014 0.0015
32.6221 0.0014 0.0015
32.6427 0.0014 0.0015
32.6633 0.0013 0.0014
32.6839 0.0013 0.0014
32.7044 0.0013 0.0014
32.7250 0.0013 0.0014
32.7456 0.0013 0.0014
32.7661 0.0013 0.0014
32.7867 0.0013 0.0014
32.8073 0.0013 0.0013
32.8278 0.0013 0.0013
32.8484 0.0013 0.0013
32.8690 0.0013 0.0013
32.8895 0.0013 0.0013
32.9101 0.0013 0.0013
32.9307 0.0013 0.0013
32.9512 0.0012 0.0013
32.9718 0.0012 0.0012
32.9924 0.0012 0.0012
33.0130 0.0012 0.0012
33.0335 0.0012 0.0012
33.0541 0.0012 0.0012
33.0747 0.0012 0.0012
33.0952 0.0012 0.0012
33.1158 0.0012 0.0012
33.1364 0.0012 0.0011
33.1569 0.0012 0.0011
33.1775 0.0011 0.0011
33.1981 0.0011 0.0011
33.2186 0.0011 0.0011
33.2392 0.0011 0.0011
33.2598 0.0011 0.0011
33.2803 0.0011 0.0011
33.3009 0.0011 0.0011
33.3215 0.0011 0.0011
33.3421 0.0011 0.0010
33.3626 0.0011 0.0010
33.3832 0.0011 0.0010
33.4038 0.0011 0.0010
33.4243 0.0011 0.0010
33.4449 0.0010 0.0010
33.4655 0.0010 0.0010
33.4860 0.0010 0.0010
33.5066 0.0010 0.0010
33.5272 0.0010 0.0010
33.5477 0.0010 0.0010
33.5683 0.0010 0.0010
33.5889 0.0010 0.0010
33.6095 0.0010 0.0010
33.6300 0.0010 0.0009
33.6506 0.0010 0.0009
33.6712 0.0010 0.0009
33.6917 0.0010 0.0009
33.7123 0.0010 0.0009
33.7329 0.0010 0.0009
33.7534 0.0010 0.0009
33.7740 0.0010 0.0009
33.7946 0.0010 0.0009
33.8151 0.0010 0.0009
33.8357 0.0010 0.0009
33.8563 0.0009 0.0009
33.8768 0.0009 0.0009
33.8974 0.0009 0.0009
33.9180 0.0009 0.0009
33.9386 0.0009 0.0009
33.9591 0.0009 0.0009
33.9797 0.0009 0.0009
34.0003 0.0009 0.0009
34.0208 0.0009 0.0009
34.0414 0.0009 0.0009
34.0620 0.0009 0.0009
34.0825 0.0009 0.0009
34.1031 0.0009 0.0009
34.1237 0.0009 0.0008
34.1442 0.0009 0.0008
34.1648 0.0009 0.0008
34.1854 0.0009 0.0008
34.2059 0.0009 0.0008
34.2265 0.0009 0.0008
34.2471 0.0009 0.0008
34.2677 0.0008 0.0008
34.2882 0.0008 0.0008
34.3088 0.0008 0.0008
34.3294 0.0008 0.0008
34.3499 0.0008 0.0008
34.3705 0.0008 0.0008
34.3911 0.0008 0.0008
34.4116 0.0008 0.0008
34.4322 0.0008 0.0008
34.4528 0.0008 0.0008
34.4733 0.0008 0.0008
34.4939 0.0008 0.0008
34.5145 0.0008 0.0008
34.5350 0.0008 0.0008
34.5556 0.0008 0.0008
34.5762 0.0008 0.0008
34.5968 0.0008 0.0008
34.6173 0.0008 0.0008
34.6379 0.0008 0.0008
34.6585 0.0008 0.0008
34.6790 0.0008 0.0008
34.6996 0.0008 0.0008
34.7202 0.0008 0.0008
34.7407 0.0008 0.0007
34.7613 0.0008 0.0007
34.7819 0.0008 0.0007
34.8024 0.0008 0.0007
34.8230 0.0008 0.0007
34.8436 0.0008 0.0007
34.8641 0.0008 0.0007
34.8847 0.0008 0.0007
34.9053 0.0008 0.0007
34.9259 0.0007 0.0007
34.9464 0.0007 0.0007
34.9670 0.0007 0.0007
34.9876 0.0007 0.0007
35.0081 0.0007 0.0007
35.0287 0.0007 0.0007
35.0493 0.0007 0.0007
35.0698 0.0007 0.0007
35.0904 0.0007 0.0007
35.1110 0.0007 0.0007
35.1315 0.0007 0.0007
35.1521 0.0007 0.0007
35.1727 0.0007 0.0007
35.1932 0.0007 0.0007
35.2138 0.0007 0.0007
35.2344 0.0007 0.0007
35.2550 0.0007 0.0007
35.2755 0.0007 0.0007
35.2961 0.0007 0.0007
35.3167 0.0007 0.0007
35.3372 0.0007 0.0007
35.3578 0.0007 0.0007
35.3784 0.0007 0.0007
35.3989 0.0007 0.0007
35.4195 0.0007 0.0007
35.4401 0.0007 0.0007
35.4606 0.0007 0.0007
35.4812 0.0007 0.0007
35.5018 0.0007 0.0007
35.5224 0.0007 0.0007
35.5429 0.0007 0.0007
35.5635 0.0007 0.0007
35.5841 0.0007 0.0007
35.6046 0.0007 0.0007
35.6252 0.0007 0.0007
35.6458 0.0007 0.0007
35.6663 0.0007 0.0007
35.6869 0.0007 0.0007
35.7075 0.0007 0.0007
35.7280 0.0007 0.0007
35.7486 0.0007 0.0007
35.7692 0.0007 0.0007
35.7897 0.0007 0.0007
35.8103 0.0007 0.0007
35.8309 0.0007 0.0007
35.8515 0.0007 0.0007
35.8720 0.0007 0.0007
35.8926 0.0007 0.0007
35.9132 0.0007 0.0007
35.9337 0.0007 0.0007
35.9543 0.0007 0.0007
35.9749 0.0007 0.0006
35.9954 0.0007 0.0006
36.0160 0.0007 0.0006
36.0366 0.0007 0.0006
36.0571 0.0007 0.0006
36.0777 0.0007 0.0006
36.0983 0.0007 0.0006
36.1188 0.0007 0.0006
36.1394 0.0007 0.0006
36.1600 0.0007 0.0006
36.1806 0.0007 0.0006
36.2011 0.0006 0.0006
36.2217 0.0006 0.0006
36.2423 0.0006 0.0006
36.2628 0.0006 0.0006
36.2834 0.0006 0.0006
36.3040 0.0006 0.0006
36.3245 0.0006 0.0006
36.3451 0.0006 0.0006
36.3657 0.0006 0.0006
36.3862 0.0006 0.0006
36.4068 0.0006 0.0006
36.4274 0.0006 0.0006
36.4479 0.0006 0.0006
36.4685 0.0006 0.0006
36.4891 0.0006 0.0006
36.5097 0.0006 0.0006
36.5302 0.0006 0.0006
36.5508 0.0006 0.0006
36.5714 0.0006 0.0006
36.5919 0.0006 0.0006
36.6125 0.0006 0.0006
36.6331 0.0006 0.0006
36.6536 0.0006 0.0006
36.6742 0.0006 0.0006
36.6948 0.0006 0.0006
36.7153 0.0006 0.0006
36.7359 0.0006 0.0006
36.7565 0.0006 0.0006
36.7770 0.0006 0.0006
36.7976 0.0006 0.0006
36.8182 0.0006 0.0006
36.8388 0.0006 0.0006
36.8593 0.0006 0.0006
36.8799 0.0006 0.0006
36.9005 0.0006 0.0006
36.9210 0.0006 0.0006
36.9416 0.0006 0.0006
36.9622 0.0006 0.0006
36.9827 0.0006 0.0006
37.0033 0.0006 0.0006
37.0239 0.0006 0.0006
37.0444 0.0006 0.0006
37.0650 0.0006 0.0006
37.0856 0.0006 0.0006
37.1061 0.0006 0.0006
37.1267 0.0006 0.0006
37.1473 0.0006 0.0006
37.1679 0.0006 0.0006
37.1884 0.0006 0.0006
37.2090 0.0006 0.0006
37.2296 0.0006 0.0006
37.2501 0.0006 0.0006
37.2707 0.0006 0.0006
37.2913 0.0006 0.0006
37.3118 0.0006 0.0006
37.3324 0.0006 0.0006
37.3530 0.0006 0.0006
37.3735 0.0006 0.0006
37.3941 0.0006 0.0006
37.4147 0.0006 0.0006
37.4353 0.0006 0.0006
37.4558 0.0006 0.0006
37.4764 0.0006 0.0006
37.4970 0.0006 0.0006
37.5175 0.0006 0.0006
37.5381 0.0006 0.0006
37.5587 0.0006 0.0006
37.5792 0.0006 0.0006
37.5998 0.0006 0.0006
37.6204 0.0006 0.0005
37.6409 0.0006 0.0005
37.6615 0.0006 0.0005
37.6821 0.0006 0.0005
37.7026 0.0006 0.0005
37.7232 0.0006 0.0005
37.7438 0.0006 0.0005
37.7644 0.0006 0.0005
37.7849 0.0006 0.0005
37.8055 0.0006 0.0005
37.8261 0.0006 0.0005
37.8466 0.0006 0.0005
37.8672 0.0006 0.0005
37.8878 0.0005 0.0005
37.9083 0.0005 0.0005
37.9289 0.0005 0.0005
37.9495 0.0005 0.0005
37.9700 0.0005 0.0005
37.9906 0.0005 0.0005
38.0112 0.0005 0.0005
38.0317 0.0005 0.0005
38.0523 0.0005 0.0005
38.0729 0.0005 0.0005
38.0935 0.0005 0.0005
38.1140 0.0005 0.0005
38.1346 0.0005 0.0005
38.1552 0.0005 0.0005
38.1757 0.0005 0.0005
38.1963 0.0005 0.0005
38.2169 0.0005 0.0005
38.2374 0.0005 0.0005
38.2580 0.0005 0.0005
38.2786 0.0005 0.0005
38.2991 0.0005 0.0005
38.3197 0.0005 0.0005
38.3403 0.0005 0.0005
38.3608 0.0005 0.0005
38.3814 0.0005 0.0005
38.4020 0.0005 0.0005
38.4226 0.0005 0.0005
38.4431 0.0005 0.0005
38.4637 0.0005 0.0005
38.4843 0.0005 0.0005
38.5048 0.0005 0.0005
38.5254 0.0005 0.0005
38.5460 0.0005 0.0005
38.5665 0.0005 0.0005
38.5871 0.0005 0.0005
38.6077 0.0005 0.0005
38.6282 0.0005 0.0005
38.6488 0.0005 0.0005
38.6694 0.0005 0.0005
38.6899 0.0005 0.0005
38.7105 0.0005 0.0005
38.7311 0.0005 0.0005
38.7517 0.0005 0.0005
38.7722 0.0005 0.0005
38.7928 0.0005 0.0005
38.8134 0.0005 0.0005
38.8339 0.0005 0.0005
38.8545 0.0005 0.0005
38.8751 0.0005 0.0005
38.8956 0.0005 0.0005
38.9162 0.0005 0.0005
38.9368 0.0005 0.0005
38.9573 0.0005 0.0005
38.9779 0.0005 0.0005
38.9985 0.0005 0.0005
39.0190 0.0005 0.0005
39.0396 0.0005 0.0005
39.0602 0.0005 0.0005
39.0808 0.0005 0.0005
39.1013 0.0005 0.0005
39.1219 0.0005 0.0005
39.1425 0.0005 0.0005
39.1630 0.0005 0.0005
39.1836 0.0005 0.0005
39.2042 0.0005 0.0005
39.2247 0.0005 0.0005
39.2453 0.0005 0.0005
39.2659 0.0005 0.0005
39.2864 0.0005 0.0005
39.3070 0.0005 0.0005
39.3276 0.0005 0.0005
39.3482 0.0005 0.0005
39.3687 0.0005 0.0005
39.3893 0.0005 0.0005
39.4099 0.0005 0.0005
39.4304 0.0005 0.0005
39.4510 0.0005 0.0005
39.4716 0.0005 0.0005
39.4921 0.0005 0.0005
39.5127 0.0005 0.0005
39.5333 0.0005 0.0005
39.5538 0.0005 0.0005
39.5744 0.0005 0.0005
39.5950 0.0005 0.0005
39.6155 0.0005 0.0005
39.6361 0.0005 0.0005
39.6567 0.0005 0.0005
39.6773 0.0005 0.0005
39.6978 0.0005 0.0005
39.7184 0.0005 0.0005
39.7390 0.0005 0.0005
39.7595 0.0005 0.0005
39.7801 0.0005 0.0005
39.8007 0.0005 0.0004
39.8212 0.0005 0.0004
39.8418 0.0005 0.0004
39.8624 0.0005 0.0004
39.8829 0.0005 0.0004
39.9035 0.0005 0.0004
39.9241 0.0005 0.0004
39.9446 0.0005 0.0004
39.9652 0.0005 0.0004
39.9858 0.0005 0.0004
40.0064 0.0005 0.0004
40.0269 0.0005 0.0004
40.0475 0.0005 0.0004
40.0681 0.0005 0.0004
40.0886 0.0004 0.0004
40.1092 0.0004 0.0004
40.1298 0.0004 0.0004
40.1503 0.0004 0.0004
40.1709 0.0004 0.0004
40.1915 0.0004 0.0004
40.2120 0.0004 0.0004
40.2326 0.0004 0.0004
40.2532 0.0004 0.0004
40.2737 0.0004 0.0004
40.2943 0.0004 0.0004
40.3149 0.0004 0.0004
40.3355 0.0004 0.0004
40.3560 0.0004 0.0004
40.3766 0.0004 0.0004
40.3972 0.0004 0.0004
40.4177 0.0004 0.0004
40.4383 0.0004 0.0004
40.4589 0.0004 0.0004
40.4794 0.0004 0.0004
40.5000 0.0004 0.0004
40.5206 0.0004 0.0004
40.5411 0.0004 0.0004
40.5617 0.0004 0.0004
40.5823 0.0004 0.0004
40.6028 0.0004 0.0004
40.6234 0.0004 0.0004
40.6440 0.0004 0.0004
40.6646 0.0004 0.0004
40.6851 0.0004 0.0004
40.7057 0.0004 0.0004
40.7263 0.0004 0.0004
40.7468 0.0004 0.0004
40.7674 0.0004 0.0004
40.7880 0.0004 0.0004
40.8085 0.0004 0.0004
40.8291 0.0004 0.0004
40.8497 0.0004 0.0004
40.8702 0.0004 0.0004
40.8908 0.0004 0.0004
40.9114 0.0004 0.0004
40.9320 0.0004 0.0004
40.9525 0.0004 0.0004
40.9731 0.0004 0.0004
40.9937 0.0004 0.0004
41.0142 0.0004 0.0004
41.0348 0.0004 0.0004
41.0554 0.0004 0.0004
41.0759 0.0004 0.0004
41.0965 0.0004 0.0004
41.1171 0.0004 0.0004
  
  
  
  
  
dim="1">gridpoints</dimension>  
  
  
  
  
  
  
  
  
0.0000 639.4601 893.2960
0.0206 639.4601 893.2960
0.0411 320.2871 446.8731
0.0617 214.1292 298.1478
0.0823 161.2089 223.8280
0.1028 129.5657 179.2503
0.1234 108.5421 149.5238
0.1440 93.5675 128.2649
0.1646 82.3547 112.2812
0.1851 73.6312 99.7992
0.2057 66.6329 89.7556
0.2263 60.8739 81.4747
0.2468 56.0306 74.5077
0.2674 51.8805 68.5452
0.2880 48.2664 63.3677
0.3085 45.0752 58.8157
0.3291 42.2245 54.7709
0.3497 39.6535 51.1438
0.3702 37.3173 47.8661
0.3908 35.1827 44.8847
0.4114 33.2245 42.1578
0.4319 31.4238 39.6526
0.4525 29.7661 37.3427
0.4731 28.2397 35.2072
0.4937 26.8350 33.2291
0.5142 25.5434 31.3949
0.5348 24.3574 29.6934
0.5554 23.2695 28.1155
0.5759 22.2724 26.6536
0.5965 21.3592 25.3013
0.6171 20.5225 24.0526
0.6376 19.7554 22.9024
0.6582 19.0508 21.8453
0.6788 18.4021 20.8764
0.6993 17.8027 19.9904
0.7199 17.2468 19.1822
0.7405 16.7289 18.4463
0.7610 16.2443 17.7775
0.7816 15.7887 17.1704
0.8022 15.3591 16.6197
0.8228 14.9527 16.1202
0.8433 14.5679 15.6670
0.8639 14.2034 15.2550
0.8845 13.8588 14.8796
0.9050 13.5338 14.5362
0.9256 13.2285 14.2201
0.9462 12.9428 13.9269
0.9667 12.6769 13.6522
0.9873 12.4304 13.3920
1.0079 12.2025 13.1422
1.0284 11.9921 12.8993
1.0490 11.7977 12.6604
1.0696 11.6173 12.4231
1.0901 11.4484 12.1856
1.1107 11.2884 11.9471
1.1313 11.1345 11.7074
1.1519 10.9840 11.4670
1.1724 10.8343 11.2273
1.1930 10.6829 10.9896
1.2136 10.5279 10.7559
1.2341 10.3677 10.5280
1.2547 10.2011 10.3078
1.2753 10.0277 10.0968
1.2958 9.8474 9.8962
1.3164 9.6606 9.7069
1.3370 9.4682 9.5292
1.3575 9.2714 9.3632
1.3781 9.0719 9.2087
1.3987 8.8714 9.0649
1.4192 8.6717 8.9312
1.4398 8.4749 8.8067
1.4604 8.2825 8.6904
1.4810 8.0964 8.5814
1.5015 7.9177 8.4787
1.5221 7.7476 8.3814
1.5427 7.5866 8.2886
1.5632 7.4351 8.1993
1.5838 7.2931 8.1128
1.6044 7.1602 8.0283
1.6249 7.0359 7.9452
1.6455 6.9195 7.8630
1.6661 6.8102 7.7812
1.6866 6.7072 7.6997
1.7072 6.6099 7.6182
1.7278 6.5177 7.5368
1.7483 6.4302 7.4557
1.7689 6.3471 7.3750
1.7895 6.2682 7.2948
1.8101 6.1935 7.2153
1.8306 6.1230 7.1367
1.8512 6.0568 7.0588
1.8718 5.9947 6.9816
1.8923 5.9368 6.9049
1.9129 5.8830 6.8283
1.9335 5.8329 6.7514
1.9540 5.7862 6.6738
1.9746 5.7425 6.5951
1.9952 5.7012 6.5150
2.0157 5.6615 6.4331
2.0363 5.6227 6.3494
2.0569 5.5840 6.2637
2.0775 5.5446 6.1763
2.0980 5.5037 6.0874
2.1186 5.4604 5.9974
2.1392 5.4143 5.9070
2.1597 5.3647 5.8167
2.1803 5.3113 5.7273
2.2009 5.2539 5.6395
2.2214 5.1928 5.5541
2.2420 5.1280 5.4718
2.2626 5.0602 5.3932
2.2831 4.9898 5.3188
2.3037 4.9177 5.2489
2.3243 4.8446 5.1837
2.3448 4.7713 5.1232
2.3654 4.6986 5.0673
2.3860 4.6273 5.0154
2.4066 4.5579 4.9673
2.4271 4.4908 4.9222
2.4477 4.4265 4.8795
2.4683 4.3649 4.8384
2.4888 4.3063 4.7981
2.5094 4.2505 4.7580
2.5300 4.1974 4.7173
2.5505 4.1466 4.6756
2.5711 4.0980 4.6322
2.5917 4.0511 4.5870
2.6122 4.0057 4.5397
2.6328 3.9614 4.4903
2.6534 3.9180 4.4387
2.6739 3.8751 4.3853
2.6945 3.8325 4.3303
2.7151 3.7901 4.2741
2.7357 3.7476 4.2170
2.7562 3.7049 4.1595
2.7768 3.6620 4.1020
2.7974 3.6187 4.0449
2.8179 3.5750 3.9888
2.8385 3.5312 3.9339
2.8591 3.4872 3.8806
2.8796 3.4433 3.8292
2.9002 3.3998 3.7801
2.9208 3.3570 3.7334
2.9413 3.3155 3.6893
2.9619 3.2757 3.6479
2.9825 3.2381 3.6094
3.0030 3.2032 3.5736
3.0236 3.1715 3.5405
3.0442 3.1434 3.5100
3.0648 3.1191 3.4817
3.0853 3.0988 3.4554
3.1059 3.0825 3.4305
3.1265 3.0700 3.4067
3.1470 3.0609 3.3834
3.1676 3.0547 3.3602
3.1882 3.0508 3.3364
3.2087 3.0483 3.3119
3.2293 3.0465 3.2861
3.2499 3.0445 3.2590
3.2704 3.0417 3.2305
3.2910 3.0373 3.2006
3.3116 3.0309 3.1695
3.3321 3.0221 3.1376
3.3527 3.0108 3.1051
3.3733 2.9970 3.0724
3.3939 2.9811 3.0398
3.4144 2.9633 3.0076
3.4350 2.9441 2.9760
3.4556 2.9241 2.9450
3.4761 2.9040 2.9145
3.4967 2.8842 2.8844
3.5173 2.8654 2.8545
3.5378 2.8478 2.8245
3.5584 2.8317 2.7941
3.5790 2.8174 2.7631
3.5995 2.8047 2.7312
3.6201 2.7937 2.6985
3.6407 2.7839 2.6648
3.6612 2.7750 2.6303
3.6818 2.7666 2.5951
3.7024 2.7582 2.5595
3.7230 2.7493 2.5236
3.7435 2.7395 2.4879
3.7641 2.7283 2.4526
3.7847 2.7155 2.4180
3.8052 2.7009 2.3843
3.8258 2.6846 2.3517
3.8464 2.6666 2.3205
3.8669 2.6472 2.2907
3.8875 2.6267 2.2624
3.9081 2.6056 2.2357
3.9286 2.5843 2.2105
3.9492 2.5633 2.1869
3.9698 2.5432 2.1649
3.9904 2.5242 2.1444
4.0109 2.5067 2.1253
4.0315 2.4910 2.1075
4.0521 2.4772 2.0910
4.0726 2.4653 2.0755
4.0932 2.4554 2.0610
4.1138 2.4474 2.0473
4.1343 2.4411 2.0342
4.1549 2.4366 2.0215
4.1755 2.4337 2.0090
4.1960 2.4324 1.9966
4.2166 2.4328 1.9841
4.2372 2.4348 1.9716
4.2577 2.4386 1.9589
4.2783 2.4442 1.9461
4.2989 2.4517 1.9334
4.3195 2.4612 1.9208
4.3400 2.4726 1.9087
4.3606 2.4859 1.8971
4.3812 2.5010 1.8863
4.4017 2.5175 1.8766
4.4223 2.5351 1.8680
4.4429 2.5534 1.8606
4.4634 2.5718 1.8545
4.4840 2.5898 1.8497
4.5046 2.6068 1.8458
4.5251 2.6220 1.8429
4.5457 2.6350 1.8406
4.5663 2.6452 1.8387
4.5868 2.6520 1.8368
4.6074 2.6551 1.8347
4.6280 2.6540 1.8322
4.6486 2.6488 1.8290
4.6691 2.6391 1.8250
4.6897 2.6252 1.8201
4.7103 2.6073 1.8143
4.7308 2.5856 1.8075
4.7514 2.5606 1.7999
4.7720 2.5328 1.7913
4.7925 2.5028 1.7820
4.8131 2.4711 1.7718
4.8337 2.4385 1.7608
4.8542 2.4053 1.7489
4.8748 2.3722 1.7359
4.8954 2.3395 1.7219
4.9159 2.3076 1.7065
4.9365 2.2767 1.6897
4.9571 2.2468 1.6712
4.9777 2.2181 1.6511
4.9982 2.1905 1.6293
5.0188 2.1638 1.6058
5.0394 2.1378 1.5807
5.0599 2.1125 1.5543
5.0805 2.0876 1.5268
5.1011 2.0628 1.4987
5.1216 2.0382 1.4703
5.1422 2.0136 1.4420
5.1628 1.9890 1.4143
5.1833 1.9643 1.3875
5.2039 1.9395 1.3621
5.2245 1.9147 1.3384
5.2450 1.8899 1.3165
5.2656 1.8651 1.2966
5.2862 1.8405 1.2788
5.3068 1.8160 1.2632
5.3273 1.7917 1.2497
5.3479 1.7676 1.2381
5.3685 1.7436 1.2284
5.3890 1.7198 1.2205
5.4096 1.6961 1.2140
5.4302 1.6726 1.2089
5.4507 1.6493 1.2049
5.4713 1.6263 1.2017
5.4919 1.6037 1.1992
5.5124 1.5815 1.1972
5.5330 1.5598 1.1954
5.5536 1.5389 1.1938
5.5741 1.5188 1.1921
5.5947 1.4996 1.1904
5.6153 1.4815 1.1884
5.6359 1.4646 1.1862
5.6564 1.4489 1.1838
5.6770 1.4344 1.1813
5.6976 1.4211 1.1785
5.7181 1.4090 1.1757
5.7387 1.3978 1.1730
5.7593 1.3876 1.1703
5.7798 1.3780 1.1678
5.8004 1.3691 1.1656
5.8210 1.3605 1.1637
5.8415 1.3521 1.1622
5.8621 1.3439 1.1611
5.8827 1.3356 1.1604
5.9033 1.3272 1.1601
5.9238 1.3186 1.1602
5.9444 1.3100 1.1607
5.9650 1.3012 1.1615
5.9855 1.2924 1.1625
6.0061 1.2837 1.1636
6.0267 1.2752 1.1649
6.0472 1.2670 1.1660
6.0678 1.2594 1.1670
6.0884 1.2524 1.1678
6.1089 1.2462 1.1681
6.1295 1.2409 1.1680
6.1501 1.2367 1.1673
6.1706 1.2336 1.1659
6.1912 1.2317 1.1639
6.2118 1.2311 1.1612
6.2324 1.2316 1.1580
6.2529 1.2334 1.1542
6.2735 1.2364 1.1501
6.2941 1.2405 1.1458
6.3146 1.2456 1.1415
6.3352 1.2517 1.1375
6.3558 1.2585 1.1340
6.3763 1.2660 1.1311
6.3969 1.2741 1.1290
6.4175 1.2825 1.1279
6.4380 1.2912 1.1278
6.4586 1.2999 1.1288
6.4792 1.3085 1.1309
6.4997 1.3169 1.1340
6.5203 1.3248 1.1380
6.5409 1.3321 1.1426
6.5615 1.3386 1.1478
6.5820 1.3442 1.1533
6.6026 1.3487 1.1588
6.6232 1.3520 1.1641
6.6437 1.3540 1.1690
6.6643 1.3547 1.1733
6.6849 1.3539 1.1768
6.7054 1.3515 1.1794
6.7260 1.3477 1.1810
6.7466 1.3424 1.1816
6.7671 1.3357 1.1812
6.7877 1.3275 1.1798
6.8083 1.3181 1.1776
6.8288 1.3076 1.1745
6.8494 1.2960 1.1709
6.8700 1.2835 1.1667
6.8906 1.2704 1.1622
6.9111 1.2569 1.1574
6.9317 1.2431 1.1525
6.9523 1.2292 1.1476
6.9728 1.2155 1.1427
6.9934 1.2021 1.1379
7.0140 1.1892 1.1333
7.0345 1.1770 1.1288
7.0551 1.1656 1.1246
7.0757 1.1551 1.1206
7.0962 1.1456 1.1168
7.1168 1.1372 1.1133
7.1374 1.1300 1.1101
7.1579 1.1240 1.1071
7.1785 1.1191 1.1046
7.1991 1.1155 1.1024
7.2197 1.1130 1.1006
7.2402 1.1115 1.0993
7.2608 1.1112 1.0986
7.2814 1.1118 1.0984
7.3019 1.1132 1.0989
7.3225 1.1154 1.1001
7.3431 1.1182 1.1020
7.3636 1.1215 1.1047
7.3842 1.1251 1.1080
7.4048 1.1289 1.1121
7.4253 1.1328 1.1168
7.4459 1.1367 1.1220
7.4665 1.1404 1.1276
7.4871 1.1438 1.1335
7.5076 1.1469 1.1395
7.5282 1.1495 1.1454
7.5488 1.1517 1.1511
7.5693 1.1533 1.1562
7.5899 1.1544 1.1606
7.6105 1.1549 1.1642
7.6310 1.1549 1.1668
7.6516 1.1544 1.1683
7.6722 1.1535 1.1687
7.6927 1.1522 1.1680
7.7133 1.1507 1.1661
7.7339 1.1489 1.1631
7.7544 1.1470 1.1591
7.7750 1.1451 1.1543
7.7956 1.1433 1.1488
7.8162 1.1415 1.1426
7.8367 1.1398 1.1360
7.8573 1.1383 1.1291
7.8779 1.1370 1.1220
7.8984 1.1357 1.1148
7.9190 1.1344 1.1076
7.9396 1.1332 1.1006
7.9601 1.1319 1.0938
7.9807 1.1304 1.0872
8.0013 1.1287 1.0810
8.0218 1.1267 1.0751
8.0424 1.1244 1.0696
8.0630 1.1216 1.0645
8.0835 1.1185 1.0597
8.1041 1.1148 1.0554
8.1247 1.1108 1.0515
8.1453 1.1062 1.0480
8.1658 1.1012 1.0448
8.1864 1.0958 1.0420
8.2070 1.0900 1.0396
8.2275 1.0839 1.0375
8.2481 1.0775 1.0357
8.2687 1.0710 1.0343
8.2892 1.0643 1.0331
8.3098 1.0576 1.0322
8.3304 1.0509 1.0316
8.3509 1.0443 1.0311
8.3715 1.0378 1.0307
8.3921 1.0315 1.0305
8.4126 1.0254 1.0303
8.4332 1.0196 1.0301
8.4538 1.0139 1.0298
8.4744 1.0085 1.0294
8.4949 1.0033 1.0288
8.5155 0.9983 1.0280
8.5361 0.9934 1.0270
8.5566 0.9888 1.0256
8.5772 0.9843 1.0239
8.5978 0.9800 1.0218
8.6183 0.9760 1.0194
8.6389 0.9721 1.0166
8.6595 0.9685 1.0133
8.6800 0.9652 1.0098
8.7006 0.9622 1.0059
8.7212 0.9595 1.0017
8.7417 0.9572 0.9973
8.7623 0.9553 0.9927
8.7829 0.9538 0.9881
8.8035 0.9527 0.9835
8.8240 0.9521 0.9789
8.8446 0.9519 0.9745
8.8652 0.9521 0.9702
8.8857 0.9527 0.9661
8.9063 0.9537 0.9623
8.9269 0.9551 0.9586
8.9474 0.9569 0.9552
8.9680 0.9590 0.9518
8.9886 0.9615 0.9485
9.0091 0.9643 0.9452
9.0297 0.9674 0.9419
9.0503 0.9708 0.9383
9.0708 0.9744 0.9346
9.0914 0.9783 0.9307
9.1120 0.9822 0.9264
9.1326 0.9861 0.9219
9.1531 0.9899 0.9171
9.1737 0.9934 0.9121
9.1943 0.9966 0.9069
9.2148 0.9993 0.9016
9.2354 1.0014 0.8963
9.2560 1.0027 0.8909
9.2765 1.0033 0.8856
9.2971 1.0030 0.8805
9.3177 1.0018 0.8756
9.3382 0.9997 0.8710
9.3588 0.9969 0.8667
9.3794 0.9933 0.8627
9.4000 0.9891 0.8591
9.4205 0.9844 0.8558
9.4411 0.9794 0.8529
9.4617 0.9741 0.8504
9.4822 0.9687 0.8482
9.5028 0.9633 0.8464
9.5234 0.9581 0.8450
9.5439 0.9530 0.8438
9.5645 0.9482 0.8430
9.5851 0.9437 0.8425
9.6056 0.9395 0.8422
9.6262 0.9357 0.8422
9.6468 0.9321 0.8425
9.6673 0.9289 0.8430
9.6879 0.9258 0.8437
9.7085 0.9230 0.8447
9.7291 0.9203 0.8458
9.7496 0.9178 0.8472
9.7702 0.9153 0.8487
9.7908 0.9129 0.8505
9.8113 0.9106 0.8524
9.8319 0.9082 0.8544
9.8525 0.9058 0.8566
9.8730 0.9034 0.8588
9.8936 0.9010 0.8611
9.9142 0.8986 0.8634
9.9347 0.8962 0.8656
9.9553 0.8938 0.8676
9.9759 0.8913 0.8695
9.9964 0.8888 0.8710
10.0170 0.8863 0.8721
10.0376 0.8838 0.8728
10.0582 0.8812 0.8728
10.0787 0.8787 0.8723
10.0993 0.8761 0.8711
10.1199 0.8736 0.8692
10.1404 0.8710 0.8666
10.1610 0.8686 0.8633
10.1816 0.8662 0.8594
10.2021 0.8639 0.8549
10.2227 0.8617 0.8498
10.2433 0.8596 0.8443
10.2638 0.8577 0.8384
10.2844 0.8560 0.8323
10.3050 0.8544 0.8259
10.3255 0.8530 0.8195
10.3461 0.8517 0.8130
10.3667 0.8504 0.8065
10.3873 0.8493 0.8001
10.4078 0.8482 0.7938
10.4284 0.8470 0.7877
10.4490 0.8458 0.7817
10.4695 0.8445 0.7760
10.4901 0.8430 0.7704
10.5107 0.8414 0.7652
10.5312 0.8396 0.7602
10.5518 0.8376 0.7555
10.5724 0.8354 0.7512
10.5929 0.8331 0.7472
10.6135 0.8306 0.7437
10.6341 0.8279 0.7405
10.6546 0.8252 0.7377
10.6752 0.8224 0.7354
10.6958 0.8195 0.7334
10.7164 0.8167 0.7318
10.7369 0.8139 0.7304
10.7575 0.8112 0.7293
10.7781 0.8086 0.7283
10.7986 0.8062 0.7274
10.8192 0.8040 0.7264
10.8398 0.8019 0.7254
10.8603 0.8001 0.7242
10.8809 0.7986 0.7227
10.9015 0.7973 0.7209
10.9220 0.7964 0.7188
10.9426 0.7957 0.7163
10.9632 0.7953 0.7134
10.9837 0.7951 0.7102
11.0043 0.7952 0.7067
11.0249 0.7956 0.7028
11.0455 0.7961 0.6988
11.0660 0.7968 0.6946
11.0866 0.7976 0.6903
11.1072 0.7985 0.6861
11.1277 0.7995 0.6819
11.1483 0.8005 0.6779
11.1689 0.8015 0.6741
11.1894 0.8026 0.6706
11.2100 0.8036 0.6674
11.2306 0.8046 0.6645
11.2511 0.8056 0.6620
11.2717 0.8065 0.6600
11.2923 0.8074 0.6584
11.3129 0.8081 0.6572
11.3334 0.8087 0.6564
11.3540 0.8092 0.6561
11.3746 0.8096 0.6563
11.3951 0.8098 0.6568
11.4157 0.8098 0.6577
11.4363 0.8096 0.6589
11.4568 0.8092 0.6604
11.4774 0.8086 0.6621
11.4980 0.8078 0.6640
11.5185 0.8068 0.6659
11.5391 0.8057 0.6679
11.5597 0.8044 0.6698
11.5802 0.8030 0.6716
11.6008 0.8015 0.6731
11.6214 0.8000 0.6743
11.6420 0.7984 0.6752
11.6625 0.7969 0.6758
11.6831 0.7954 0.6759
11.7037 0.7939 0.6757
11.7242 0.7926 0.6751
11.7448 0.7914 0.6742
11.7654 0.7903 0.6731
11.7859 0.7894 0.6719
11.8065 0.7887 0.6706
11.8271 0.7882 0.6694
11.8476 0.7879 0.6683
11.8682 0.7878 0.6675
11.8888 0.7880 0.6671
11.9093 0.7884 0.6670
11.9299 0.7891 0.6674
11.9505 0.7902 0.6683
11.9711 0.7915 0.6697
11.9916 0.7932 0.6715
12.0122 0.7953 0.6738
12.0328 0.7976 0.6766
12.0533 0.8004 0.6797
12.0739 0.8034 0.6832
12.0945 0.8068 0.6869
12.1150 0.8105 0.6908
12.1356 0.8144 0.6949
12.1562 0.8186 0.6991
12.1767 0.8231 0.7033
12.1973 0.8277 0.7076
12.2179 0.8325 0.7119
12.2384 0.8374 0.7161
12.2590 0.8425 0.7204
12.2796 0.8476 0.7245
12.3002 0.8527 0.7287
12.3207 0.8579 0.7328
12.3413 0.8632 0.7368
12.3619 0.8684 0.7408
12.3824 0.8736 0.7448
12.4030 0.8787 0.7486
12.4236 0.8838 0.7524
12.4441 0.8888 0.7562
12.4647 0.8937 0.7598
12.4853 0.8984 0.7634
12.5058 0.9029 0.7669
12.5264 0.9072 0.7702
12.5470 0.9113 0.7735
12.5675 0.9150 0.7767
12.5881 0.9185 0.7797
12.6087 0.9216 0.7828
12.6293 0.9244 0.7857
12.6498 0.9268 0.7887
12.6704 0.9289 0.7916
12.6910 0.9307 0.7946
12.7115 0.9322 0.7976
12.7321 0.9334 0.8007
12.7527 0.9343 0.8038
12.7732 0.9350 0.8070
12.7938 0.9356 0.8102
12.8144 0.9360 0.8134
12.8349 0.9363 0.8166
12.8555 0.9365 0.8198
12.8761 0.9366 0.8228
12.8966 0.9366 0.8257
12.9172 0.9366 0.8285
12.9378 0.9365 0.8310
12.9584 0.9364 0.8332
12.9789 0.9363 0.8352
12.9995 0.9360 0.8370
13.0201 0.9358 0.8385
13.0406 0.9355 0.8398
13.0612 0.9351 0.8410
13.0818 0.9347 0.8421
13.1023 0.9343 0.8432
13.1229 0.9338 0.8443
13.1435 0.9334 0.8455
13.1640 0.9329 0.8469
13.1846 0.9323 0.8485
13.2052 0.9318 0.8503
13.2258 0.9312 0.8525
13.2463 0.9306 0.8549
13.2669 0.9299 0.8577
13.2875 0.9292 0.8608
13.3080 0.9283 0.8641
13.3286 0.9273 0.8677
13.3492 0.9261 0.8715
13.3697 0.9246 0.8754
13.3903 0.9229 0.8794
13.4109 0.9209 0.8834
13.4314 0.9186 0.8874
13.4520 0.9160 0.8913
13.4726 0.9130 0.8950
13.4931 0.9096 0.8985
13.5137 0.9059 0.9017
13.5343 0.9019 0.9045
13.5549 0.8976 0.9070
13.5754 0.8931 0.9091
13.5960 0.8885 0.9107
13.6166 0.8837 0.9119
13.6371 0.8788 0.9125
13.6577 0.8739 0.9126
13.6783 0.8691 0.9122
13.6988 0.8644 0.9113
13.7194 0.8597 0.9099
13.7400 0.8552 0.9081
13.7605 0.8508 0.9058
13.7811 0.8465 0.9032
13.8017 0.8424 0.9003
13.8222 0.8383 0.8971
13.8428 0.8344 0.8938
13.8634 0.8305 0.8904
13.8840 0.8267 0.8869
13.9045 0.8229 0.8834
13.9251 0.8192 0.8800
13.9457 0.8154 0.8766
13.9662 0.8117 0.8734
13.9868 0.8080 0.8703
14.0074 0.8043 0.8672
14.0279 0.8007 0.8643
14.0485 0.7971 0.8615
14.0691 0.7937 0.8588
14.0896 0.7904 0.8561
14.1102 0.7872 0.8534
14.1308 0.7842 0.8507
14.1513 0.7813 0.8479
14.1719 0.7786 0.8451
14.1925 0.7761 0.8421
14.2131 0.7737 0.8391
14.2336 0.7714 0.8360
14.2542 0.7692 0.8327
14.2748 0.7671 0.8294
14.2953 0.7650 0.8259
14.3159 0.7629 0.8223
14.3365 0.7607 0.8186
14.3570 0.7584 0.8148
14.3776 0.7560 0.8109
14.3982 0.7534 0.8070
14.4187 0.7505 0.8030
14.4393 0.7475 0.7989
14.4599 0.7443 0.7949
14.4804 0.7408 0.7909
14.5010 0.7371 0.7869
14.5216 0.7333 0.7830
14.5422 0.7292 0.7793
14.5627 0.7251 0.7757
14.5833 0.7208 0.7723
14.6039 0.7165 0.7692
14.6244 0.7121 0.7662
14.6450 0.7077 0.7636
14.6656 0.7033 0.7611
14.6861 0.6989 0.7589
14.7067 0.6947 0.7569
14.7273 0.6905 0.7551
14.7478 0.6865 0.7534
14.7684 0.6825 0.7518
14.7890 0.6788 0.7503
14.8095 0.6751 0.7486
14.8301 0.6717 0.7469
14.8507 0.6683 0.7451
14.8713 0.6651 0.7430
14.8918 0.6620 0.7407
14.9124 0.6590 0.7382
14.9330 0.6561 0.7353
14.9535 0.6532 0.7322
14.9741 0.6503 0.7287
14.9947 0.6475 0.7250
15.0152 0.6446 0.7210
15.0358 0.6418 0.7167
15.0564 0.6389 0.7122
15.0769 0.6360 0.7075
15.0975 0.6330 0.7027
15.1181 0.6301 0.6976
15.1387 0.6272 0.6924
15.1592 0.6244 0.6871
15.1798 0.6216 0.6816
15.2004 0.6188 0.6761
15.2209 0.6162 0.6705
15.2415 0.6136 0.6648
15.2621 0.6111 0.6591
15.2826 0.6086 0.6534
15.3032 0.6063 0.6477
15.3238 0.6040 0.6420
15.3443 0.6017 0.6364
15.3649 0.5995 0.6309
15.3855 0.5973 0.6255
15.4060 0.5951 0.6202
15.4266 0.5928 0.6151
15.4472 0.5906 0.6102
15.4678 0.5883 0.6054
15.4883 0.5859 0.6008
15.5089 0.5834 0.5964
15.5295 0.5809 0.5921
15.5500 0.5783 0.5879
15.5706 0.5755 0.5838
15.5912 0.5727 0.5798
15.6117 0.5698 0.5759
15.6323 0.5668 0.5721
15.6529 0.5638 0.5683
15.6734 0.5606 0.5645
15.6940 0.5574 0.5607
15.7146 0.5541 0.5570
15.7351 0.5508 0.5533
15.7557 0.5474 0.5495
15.7763 0.5439 0.5458
15.7969 0.5405 0.5421
15.8174 0.5370 0.5384
15.8380 0.5335 0.5348
15.8586 0.5299 0.5312
15.8791 0.5263 0.5277
15.8997 0.5228 0.5242
15.9203 0.5192 0.5209
15.9408 0.5155 0.5177
15.9614 0.5119 0.5146
15.9820 0.5083 0.5117
16.0025 0.5047 0.5088
16.0231 0.5011 0.5061
16.0437 0.4976 0.5035
16.0642 0.4941 0.5009
16.0848 0.4906 0.4984
16.1054 0.4873 0.4960
16.1260 0.4840 0.4935
16.1465 0.4808 0.4911
16.1671 0.4776 0.4886
16.1877 0.4746 0.4861
16.2082 0.4717 0.4835
16.2288 0.4689 0.4808
16.2494 0.4662 0.4781
16.2699 0.4636 0.4753
16.2905 0.4611 0.4724
16.3111 0.4587 0.4695
16.3316 0.4564 0.4665
16.3522 0.4542 0.4634
16.3728 0.4521 0.4603
16.3933 0.4500 0.4572
16.4139 0.4479 0.4541
16.4345 0.4459 0.4510
16.4551 0.4439 0.4479
16.4756 0.4418 0.4449
16.4962 0.4397 0.4419
16.5168 0.4376 0.4390
16.5373 0.4353 0.4361
16.5579 0.4329 0.4332
16.5785 0.4304 0.4304
16.5990 0.4278 0.4275
16.6196 0.4250 0.4247
16.6402 0.4221 0.4218
16.6607 0.4191 0.4188
16.6813 0.4159 0.4157
16.7019 0.4127 0.4126
16.7224 0.4093 0.4093
16.7430 0.4060 0.4059
16.7636 0.4025 0.4024
16.7842 0.3991 0.3988
16.8047 0.3957 0.3951
16.8253 0.3924 0.3913
16.8459 0.3891 0.3874
16.8664 0.3859 0.3834
16.8870 0.3828 0.3795
16.9076 0.3797 0.3755
16.9281 0.3768 0.3716
16.9487 0.3740 0.3677
16.9693 0.3712 0.3640
16.9898 0.3685 0.3603
17.0104 0.3659 0.3567
17.0310 0.3633 0.3533
17.0516 0.3608 0.3500
17.0721 0.3583 0.3469
17.0927 0.3559 0.3439
17.1133 0.3534 0.3410
17.1338 0.3510 0.3382
17.1544 0.3486 0.3355
17.1750 0.3463 0.3330
17.1955 0.3439 0.3304
17.2161 0.3415 0.3280
17.2367 0.3392 0.3256
17.2572 0.3368 0.3232
17.2778 0.3345 0.3209
17.2984 0.3322 0.3185
17.3189 0.3298 0.3162
17.3395 0.3275 0.3139
17.3601 0.3251 0.3116
17.3807 0.3228 0.3093
17.4012 0.3204 0.3070
17.4218 0.3180 0.3047
17.4424 0.3156 0.3024
17.4629 0.3132 0.3001
17.4835 0.3107 0.2978
17.5041 0.3083 0.2955
17.5246 0.3058 0.2932
17.5452 0.3033 0.2909
17.5658 0.3007 0.2886
17.5863 0.2982 0.2864
17.6069 0.2957 0.2842
17.6275 0.2931 0.2820
17.6480 0.2906 0.2799
17.6686 0.2880 0.2778
17.6892 0.2855 0.2757
17.7098 0.2830 0.2736
17.7303 0.2806 0.2715
17.7509 0.2781 0.2695
17.7715 0.2757 0.2675
17.7920 0.2734 0.2655
17.8126 0.2710 0.2635
17.8332 0.2687 0.2615
17.8537 0.2665 0.2595
17.8743 0.2642 0.2576
17.8949 0.2620 0.2556
17.9154 0.2599 0.2537
17.9360 0.2578 0.2518
17.9566 0.2557 0.2499
17.9771 0.2536 0.2481
17.9977 0.2515 0.2464
18.0183 0.2495 0.2446
18.0389 0.2475 0.2430
18.0594 0.2455 0.2413
18.0800 0.2435 0.2398
18.1006 0.2416 0.2383
18.1211 0.2396 0.2368
18.1417 0.2377 0.2354
18.1623 0.2358 0.2340
18.1828 0.2339 0.2326
18.2034 0.2321 0.2312
18.2240 0.2303 0.2298
18.2445 0.2285 0.2284
18.2651 0.2267 0.2270
18.2857 0.2250 0.2255
18.3062 0.2232 0.2240
18.3268 0.2215 0.2224
18.3474 0.2198 0.2208
18.3680 0.2180 0.2190
18.3885 0.2162 0.2173
18.4091 0.2144 0.2154
18.4297 0.2126 0.2136
18.4502 0.2108 0.2116
18.4708 0.2089 0.2097
18.4914 0.2071 0.2076
18.5119 0.2052 0.2056
18.5325 0.2034 0.2036
18.5531 0.2015 0.2015
18.5736 0.1997 0.1995
18.5942 0.1979 0.1974
18.6148 0.1961 0.1954
18.6354 0.1944 0.1934
18.6559 0.1927 0.1914
18.6765 0.1910 0.1894
18.6971 0.1893 0.1875
18.7176 0.1877 0.1856
18.7382 0.1860 0.1837
18.7588 0.1844 0.1818
18.7793 0.1828 0.1800
18.7999 0.1811 0.1782
18.8205 0.1794 0.1765
18.8410 0.1777 0.1747
18.8616 0.1760 0.1730
18.8822 0.1743 0.1714
18.9027 0.1725 0.1697
18.9233 0.1708 0.1681
18.9439 0.1690 0.1666
18.9645 0.1673 0.1650
18.9850 0.1656 0.1635
19.0056 0.1639 0.1620
19.0262 0.1622 0.1605
19.0467 0.1606 0.1590
19.0673 0.1590 0.1575
19.0879 0.1575 0.1561
19.1084 0.1560 0.1546
19.1290 0.1547 0.1532
19.1496 0.1534 0.1518
19.1701 0.1521 0.1503
19.1907 0.1509 0.1489
19.2113 0.1498 0.1475
19.2318 0.1487 0.1461
19.2524 0.1477 0.1446
19.2730 0.1467 0.1432
19.2936 0.1457 0.1418
19.3141 0.1448 0.1404
19.3347 0.1438 0.1390
19.3553 0.1429 0.1376
19.3758 0.1419 0.1363
19.3964 0.1410 0.1349
19.4170 0.1400 0.1335
19.4375 0.1390 0.1321
19.4581 0.1380 0.1308
19.4787 0.1370 0.1294
19.4992 0.1361 0.1280
19.5198 0.1351 0.1267
19.5404 0.1341 0.1253
19.5609 0.1332 0.1240
19.5815 0.1322 0.1227
19.6021 0.1313 0.1213
19.6227 0.1304 0.1201
19.6432 0.1295 0.1188
19.6638 0.1287 0.1175
19.6844 0.1278 0.1163
19.7049 0.1270 0.1151
19.7255 0.1262 0.1139
19.7461 0.1254 0.1128
19.7666 0.1246 0.1117
19.7872 0.1238 0.1107
19.8078 0.1231 0.1097
19.8283 0.1223 0.1087
19.8489 0.1216 0.1078
19.8695 0.1208 0.1068
19.8900 0.1200 0.1060
19.9106 0.1192 0.1051
19.9312 0.1184 0.1043
19.9518 0.1176 0.1034
19.9723 0.1168 0.1026
19.9929 0.1159 0.1018
20.0135 0.1151 0.1009
20.0340 0.1142 0.1001
20.0546 0.1133 0.0992
20.0752 0.1123 0.0983
20.0957 0.1114 0.0974
20.1163 0.1105 0.0965
20.1369 0.1095 0.0956
20.1574 0.1085 0.0947
20.1780 0.1076 0.0938
20.1986 0.1066 0.0928
20.2191 0.1056 0.0919
20.2397 0.1047 0.0910
20.2603 0.1037 0.0900
20.2809 0.1028 0.0891
20.3014 0.1018 0.0882
20.3220 0.1009 0.0873
20.3426 0.0999 0.0863
20.3631 0.0990 0.0855
20.3837 0.0981 0.0846
20.4043 0.0971 0.0837
20.4248 0.0962 0.0829
20.4454 0.0954 0.0820
20.4660 0.0945 0.0813
20.4865 0.0936 0.0805
20.5071 0.0928 0.0797
20.5277 0.0920 0.0790
20.5483 0.0912 0.0784
20.5688 0.0904 0.0777
20.5894 0.0896 0.0771
20.6100 0.0889 0.0766
20.6305 0.0882 0.0760
20.6511 0.0874 0.0755
20.6717 0.0867 0.0751
20.6922 0.0860 0.0746
20.7128 0.0852 0.0742
20.7334 0.0845 0.0738
20.7539 0.0838 0.0734
20.7745 0.0830 0.0730
20.7951 0.0823 0.0725
20.8156 0.0815 0.0721
20.8362 0.0808 0.0717
20.8568 0.0800 0.0713
20.8774 0.0792 0.0708
20.8979 0.0784 0.0704
20.9185 0.0777 0.0699
20.9391 0.0769 0.0694
20.9596 0.0761 0.0689
20.9802 0.0754 0.0685
21.0008 0.0746 0.0680
21.0213 0.0739 0.0675
21.0419 0.0732 0.0670
21.0625 0.0725 0.0665
21.0830 0.0718 0.0661
21.1036 0.0711 0.0656
21.1242 0.0704 0.0652
21.1447 0.0698 0.0647
21.1653 0.0692 0.0643
21.1859 0.0685 0.0639
21.2065 0.0679 0.0635
21.2270 0.0673 0.0630
21.2476 0.0667 0.0626
21.2682 0.0660 0.0622
21.2887 0.0654 0.0617
21.3093 0.0648 0.0613
21.3299 0.0641 0.0609
21.3504 0.0635 0.0604
21.3710 0.0628 0.0600
21.3916 0.0622 0.0595
21.4121 0.0615 0.0590
21.4327 0.0608 0.0586
21.4533 0.0602 0.0581
21.4738 0.0595 0.0576
21.4944 0.0588 0.0571
21.5150 0.0582 0.0567
21.5356 0.0575 0.0562
21.5561 0.0569 0.0557
21.5767 0.0562 0.0551
21.5973 0.0556 0.0546
21.6178 0.0550 0.0541
21.6384 0.0544 0.0535
21.6590 0.0538 0.0530
21.6795 0.0533 0.0525
21.7001 0.0527 0.0519
21.7207 0.0522 0.0513
21.7412 0.0517 0.0508
21.7618 0.0512 0.0502
21.7824 0.0508 0.0497
21.8029 0.0503 0.0491
21.8235 0.0499 0.0486
21.8441 0.0495 0.0481
21.8647 0.0491 0.0475
21.8852 0.0487 0.0470
21.9058 0.0483 0.0465
21.9264 0.0480 0.0460
21.9469 0.0476 0.0455
21.9675 0.0473 0.0451
21.9881 0.0470 0.0446
22.0086 0.0467 0.0442
22.0292 0.0464 0.0437
22.0498 0.0461 0.0433
22.0703 0.0458 0.0429
22.0909 0.0455 0.0425
22.1115 0.0452 0.0421
22.1320 0.0449 0.0418
22.1526 0.0446 0.0414
22.1732 0.0443 0.0411
22.1938 0.0440 0.0407
22.2143 0.0437 0.0404
22.2349 0.0434 0.0401
22.2555 0.0431 0.0398
22.2760 0.0428 0.0394
22.2966 0.0425 0.0391
22.3172 0.0421 0.0388
22.3377 0.0418 0.0385
22.3583 0.0415 0.0382
22.3789 0.0411 0.0379
22.3994 0.0408 0.0376
22.4200 0.0405 0.0373
22.4406 0.0402 0.0370
22.4612 0.0398 0.0368
22.4817 0.0395 0.0365
22.5023 0.0392 0.0362
22.5229 0.0390 0.0359
22.5434 0.0387 0.0357
22.5640 0.0384 0.0354
22.5846 0.0382 0.0352
22.6051 0.0379 0.0349
22.6257 0.0377 0.0347
22.6463 0.0375 0.0345
22.6668 0.0373 0.0343
22.6874 0.0371 0.0340
22.7080 0.0369 0.0338
22.7285 0.0367 0.0337
22.7491 0.0365 0.0335
22.7697 0.0364 0.0333
22.7903 0.0362 0.0331
22.8108 0.0360 0.0329
22.8314 0.0358 0.0327
22.8520 0.0357 0.0325
22.8725 0.0355 0.0323
22.8931 0.0353 0.0321
22.9137 0.0351 0.0319
22.9342 0.0349 0.0317
22.9548 0.0347 0.0315
22.9754 0.0345 0.0313
22.9959 0.0344 0.0311
23.0165 0.0342 0.0309
23.0371 0.0340 0.0307
23.0576 0.0338 0.0305
23.0782 0.0336 0.0303
23.0988 0.0334 0.0301
23.1194 0.0332 0.0299
23.1399 0.0330 0.0298
23.1605 0.0328 0.0296
23.1811 0.0326 0.0294
23.2016 0.0324 0.0292
23.2222 0.0322 0.0291
23.2428 0.0320 0.0289
23.2633 0.0318 0.0287
23.2839 0.0316 0.0286
23.3045 0.0314 0.0284
23.3250 0.0312 0.0283
23.3456 0.0310 0.0281
23.3662 0.0308 0.0279
23.3867 0.0306 0.0278
23.4073 0.0304 0.0276
23.4279 0.0302 0.0274
23.4485 0.0300 0.0273
23.4690 0.0298 0.0271
23.4896 0.0296 0.0269
23.5102 0.0294 0.0268
23.5307 0.0292 0.0266
23.5513 0.0289 0.0264
23.5719 0.0287 0.0263
23.5924 0.0285 0.0261
23.6130 0.0283 0.0260
23.6336 0.0281 0.0259
23.6541 0.0280 0.0258
23.6747 0.0278 0.0256
23.6953 0.0276 0.0255
23.7158 0.0274 0.0254
23.7364 0.0272 0.0253
23.7570 0.0271 0.0253
23.7776 0.0269 0.0252
23.7981 0.0268 0.0251
23.8187 0.0267 0.0250
23.8393 0.0266 0.0250
23.8598 0.0265 0.0249
23.8804 0.0264 0.0249
23.9010 0.0263 0.0248
23.9215 0.0262 0.0247
23.9421 0.0261 0.0247
23.9627 0.0260 0.0246
23.9832 0.0260 0.0245
24.0038 0.0259 0.0244
24.0244 0.0258 0.0244
24.0449 0.0258 0.0243
24.0655 0.0257 0.0242
24.0861 0.0256 0.0241
24.1067 0.0255 0.0241
24.1272 0.0255 0.0240
24.1478 0.0254 0.0239
24.1684 0.0253 0.0238
24.1889 0.0252 0.0238
24.2095 0.0251 0.0237
24.2301 0.0250 0.0237
24.2506 0.0250 0.0236
24.2712 0.0249 0.0236
24.2918 0.0248 0.0236
24.3123 0.0246 0.0235
24.3329 0.0245 0.0235
24.3535 0.0244 0.0235
24.3741 0.0243 0.0234
24.3946 0.0242 0.0234
24.4152 0.0241 0.0234
24.4358 0.0239 0.0233
24.4563 0.0238 0.0233
24.4769 0.0237 0.0232
24.4975 0.0235 0.0231
24.5180 0.0234 0.0231
24.5386 0.0233 0.0230
24.5592 0.0232 0.0229
24.5797 0.0231 0.0228
24.6003 0.0229 0.0227
24.6209 0.0228 0.0226
24.6414 0.0227 0.0226
24.6620 0.0226 0.0225
24.6826 0.0225 0.0224
24.7032 0.0225 0.0223
24.7237 0.0224 0.0222
24.7443 0.0223 0.0221
24.7649 0.0222 0.0219
24.7854 0.0221 0.0218
24.8060 0.0220 0.0217
24.8266 0.0219 0.0216
24.8471 0.0218 0.0215
24.8677 0.0217 0.0213
24.8883 0.0217 0.0212
24.9088 0.0216 0.0210
24.9294 0.0215 0.0209
24.9500 0.0213 0.0207
24.9705 0.0212 0.0205
24.9911 0.0211 0.0203
25.0117 0.0210 0.0202
25.0323 0.0209 0.0200
25.0528 0.0208 0.0198
25.0734 0.0207 0.0196
25.0940 0.0206 0.0194
25.1145 0.0204 0.0192
25.1351 0.0203 0.0190
25.1557 0.0202 0.0188
25.1762 0.0201 0.0186
25.1968 0.0199 0.0184
25.2174 0.0198 0.0182
25.2379 0.0197 0.0181
25.2585 0.0196 0.0179
25.2791 0.0195 0.0177
25.2996 0.0193 0.0175
25.3202 0.0192 0.0174
25.3408 0.0191 0.0172
25.3614 0.0190 0.0170
25.3819 0.0188 0.0169
25.4025 0.0187 0.0167
25.4231 0.0186 0.0165
25.4436 0.0184 0.0164
25.4642 0.0183 0.0162
25.4848 0.0181 0.0160
25.5053 0.0179 0.0159
25.5259 0.0178 0.0157
25.5465 0.0176 0.0155
25.5670 0.0174 0.0154
25.5876 0.0173 0.0152
25.6082 0.0171 0.0150
25.6287 0.0169 0.0148
25.6493 0.0167 0.0147
25.6699 0.0165 0.0145
25.6905 0.0163 0.0144
25.7110 0.0161 0.0142
25.7316 0.0160 0.0141
25.7522 0.0158 0.0139
25.7727 0.0156 0.0138
25.7933 0.0154 0.0137
25.8139 0.0152 0.0136
25.8344 0.0151 0.0135
25.8550 0.0149 0.0134
25.8756 0.0147 0.0133
25.8961 0.0146 0.0132
25.9167 0.0144 0.0131
25.9373 0.0143 0.0130
25.9578 0.0141 0.0129
25.9784 0.0140 0.0128
25.9990 0.0138 0.0128
26.0196 0.0137 0.0127
26.0401 0.0136 0.0126
26.0607 0.0134 0.0125
26.0813 0.0133 0.0124
26.1018 0.0132 0.0123
26.1224 0.0131 0.0122
26.1430 0.0129 0.0121
26.1635 0.0128 0.0120
26.1841 0.0127 0.0118
26.2047 0.0126 0.0117
26.2252 0.0125 0.0116
26.2458 0.0124 0.0115
26.2664 0.0123 0.0114
26.2870 0.0122 0.0113
26.3075 0.0121 0.0112
26.3281 0.0119 0.0111
26.3487 0.0118 0.0110
26.3692 0.0117 0.0109
26.3898 0.0116 0.0108
26.4104 0.0115 0.0107
26.4309 0.0114 0.0106
26.4515 0.0113 0.0105
26.4721 0.0112 0.0105
26.4926 0.0112 0.0104
26.5132 0.0111 0.0103
26.5338 0.0110 0.0102
26.5543 0.0109 0.0102
26.5749 0.0108 0.0101
26.5955 0.0107 0.0100
26.6161 0.0106 0.0100
26.6366 0.0105 0.0099
26.6572 0.0104 0.0099
26.6778 0.0104 0.0098
26.6983 0.0103 0.0097
26.7189 0.0102 0.0097
26.7395 0.0101 0.0096
26.7600 0.0101 0.0096
26.7806 0.0100 0.0095
26.8012 0.0099 0.0095
26.8217 0.0098 0.0095
26.8423 0.0098 0.0094
26.8629 0.0097 0.0094
26.8834 0.0097 0.0093
26.9040 0.0096 0.0093
26.9246 0.0095 0.0093
26.9452 0.0095 0.0093
26.9657 0.0095 0.0092
26.9863 0.0094 0.0092
27.0069 0.0094 0.0092
27.0274 0.0094 0.0092
27.0480 0.0093 0.0091
27.0686 0.0093 0.0091
27.0891 0.0093 0.0091
27.1097 0.0092 0.0090
27.1303 0.0092 0.0090
27.1508 0.0092 0.0090
27.1714 0.0092 0.0089
27.1920 0.0092 0.0089
27.2125 0.0091 0.0089
27.2331 0.0091 0.0088
27.2537 0.0091 0.0088
27.2743 0.0091 0.0087
27.2948 0.0090 0.0087
27.3154 0.0090 0.0086
27.3360 0.0090 0.0086
27.3565 0.0090 0.0085
27.3771 0.0089 0.0085
27.3977 0.0089 0.0084
27.4182 0.0089 0.0084
27.4388 0.0088 0.0083
27.4594 0.0088 0.0083
27.4799 0.0087 0.0082
27.5005 0.0087 0.0081
27.5211 0.0086 0.0081
27.5416 0.0086 0.0080
27.5622 0.0085 0.0080
27.5828 0.0084 0.0079
27.6034 0.0084 0.0078
27.6239 0.0083 0.0078
27.6445 0.0082 0.0077
27.6651 0.0081 0.0076
27.6856 0.0080 0.0075
27.7062 0.0079 0.0074
27.7268 0.0078 0.0074
27.7473 0.0077 0.0073
27.7679 0.0076 0.0072
27.7885 0.0075 0.0071
27.8090 0.0074 0.0070
27.8296 0.0073 0.0069
27.8502 0.0072 0.0068
27.8707 0.0071 0.0067
27.8913 0.0070 0.0066
27.9119 0.0069 0.0065
27.9325 0.0068 0.0064
27.9530 0.0067 0.0063
27.9736 0.0066 0.0062
27.9942 0.0065 0.0062
28.0147 0.0064 0.0061
28.0353 0.0063 0.0060
28.0559 0.0062 0.0059
28.0764 0.0061 0.0058
28.0970 0.0060 0.0058
28.1176 0.0059 0.0057
28.1381 0.0058 0.0056
28.1587 0.0057 0.0055
28.1793 0.0057 0.0054
28.1999 0.0056 0.0054
28.2204 0.0055 0.0053
28.2410 0.0054 0.0052
28.2616 0.0054 0.0051
28.2821 0.0053 0.0051
28.3027 0.0053 0.0050
28.3233 0.0052 0.0049
28.3438 0.0051 0.0049
28.3644 0.0051 0.0048
28.3850 0.0050 0.0047
28.4055 0.0050 0.0046
28.4261 0.0049 0.0046
28.4467 0.0049 0.0045
28.4672 0.0049 0.0044
28.4878 0.0048 0.0044
28.5084 0.0048 0.0043
28.5290 0.0047 0.0042
28.5495 0.0047 0.0042
28.5701 0.0046 0.0041
28.5907 0.0046 0.0040
28.6112 0.0046 0.0040
28.6318 0.0045 0.0039
28.6524 0.0045 0.0039
28.6729 0.0044 0.0038
28.6935 0.0044 0.0038
28.7141 0.0044 0.0037
28.7346 0.0043 0.0037
28.7552 0.0043 0.0037
28.7758 0.0042 0.0036
28.7963 0.0042 0.0036
28.8169 0.0041 0.0036
28.8375 0.0041 0.0035
28.8581 0.0040 0.0035
28.8786 0.0040 0.0035
28.8992 0.0039 0.0034
28.9198 0.0039 0.0034
28.9403 0.0038 0.0034
28.9609 0.0038 0.0034
28.9815 0.0037 0.0033
29.0020 0.0037 0.0033
29.0226 0.0037 0.0033
29.0432 0.0036 0.0033
29.0637 0.0036 0.0032
29.0843 0.0036 0.0032
29.1049 0.0035 0.0032
29.1254 0.0035 0.0032
29.1460 0.0035 0.0031
29.1666 0.0035 0.0031
29.1872 0.0034 0.0031
29.2077 0.0034 0.0031
29.2283 0.0034 0.0031
29.2489 0.0034 0.0030
29.2694 0.0034 0.0030
29.2900 0.0034 0.0030
29.3106 0.0034 0.0030
29.3311 0.0033 0.0030
29.3517 0.0033 0.0029
29.3723 0.0033 0.0029
29.3928 0.0033 0.0029
29.4134 0.0033 0.0029
29.4340 0.0033 0.0029
29.4545 0.0032 0.0029
29.4751 0.0032 0.0029
29.4957 0.0032 0.0028
29.5163 0.0032 0.0028
29.5368 0.0031 0.0028
29.5574 0.0031 0.0028
29.5780 0.0031 0.0028
29.5985 0.0030 0.0028
29.6191 0.0030 0.0027
29.6397 0.0030 0.0027
29.6602 0.0029 0.0027
29.6808 0.0029 0.0027
29.7014 0.0029 0.0027
29.7219 0.0028 0.0027
29.7425 0.0028 0.0026
29.7631 0.0028 0.0026
29.7837 0.0027 0.0026
29.8042 0.0027 0.0026
29.8248 0.0027 0.0026
29.8454 0.0026 0.0026
29.8659 0.0026 0.0025
29.8865 0.0026 0.0025
29.9071 0.0025 0.0025
29.9276 0.0025 0.0025
29.9482 0.0025 0.0025
29.9688 0.0024 0.0025
29.9893 0.0024 0.0024
30.0099 0.0024 0.0024
30.0305 0.0023 0.0024
30.0510 0.0023 0.0024
30.0716 0.0023 0.0024
30.0922 0.0022 0.0023
30.1128 0.0022 0.0023
30.1333 0.0022 0.0023
30.1539 0.0022 0.0023
30.1745 0.0021 0.0022
30.1950 0.0021 0.0022
30.2156 0.0021 0.0022
30.2362 0.0021 0.0022
30.2567 0.0021 0.0022
30.2773 0.0020 0.0021
30.2979 0.0020 0.0021
30.3184 0.0020 0.0021
30.3390 0.0020 0.0021
30.3596 0.0020 0.0021
30.3801 0.0020 0.0021
30.4007 0.0019 0.0021
30.4213 0.0019 0.0020
30.4419 0.0019 0.0020
30.4624 0.0019 0.0020
30.4830 0.0019 0.0020
30.5036 0.0019 0.0020
30.5241 0.0019 0.0020
30.5447 0.0019 0.0020
30.5653 0.0019 0.0020
30.5858 0.0018 0.0020
30.6064 0.0018 0.0020
30.6270 0.0018 0.0020
30.6475 0.0018 0.0020
30.6681 0.0018 0.0020
30.6887 0.0018 0.0020
30.7092 0.0018 0.0020
30.7298 0.0018 0.0020
30.7504 0.0018 0.0020
30.7710 0.0018 0.0020
30.7915 0.0018 0.0020
30.8121 0.0017 0.0020
30.8327 0.0017 0.0020
30.8532 0.0017 0.0020
30.8738 0.0017 0.0019
30.8944 0.0017 0.0019
30.9149 0.0017 0.0019
30.9355 0.0017 0.0019
30.9561 0.0016 0.0019
30.9766 0.0016 0.0019
30.9972 0.0016 0.0019
31.0178 0.0016 0.0019
31.0383 0.0016 0.0018
31.0589 0.0016 0.0018
31.0795 0.0015 0.0018
31.1001 0.0015 0.0018
31.1206 0.0015 0.0018
31.1412 0.0015 0.0018
31.1618 0.0015 0.0018
31.1823 0.0015 0.0017
31.2029 0.0014 0.0017
31.2235 0.0014 0.0017
31.2440 0.0014 0.0017
31.2646 0.0014 0.0017
31.2852 0.0014 0.0017
31.3057 0.0013 0.0016
31.3263 0.0013 0.0016
31.3469 0.0013 0.0016
31.3674 0.0013 0.0016
31.3880 0.0013 0.0015
31.4086 0.0013 0.0015
31.4292 0.0012 0.0015
31.4497 0.0012 0.0015
31.4703 0.0012 0.0014
31.4909 0.0012 0.0014
31.5114 0.0012 0.0014
31.5320 0.0012 0.0014
31.5526 0.0011 0.0014
31.5731 0.0011 0.0014
31.5937 0.0011 0.0013
31.6143 0.0011 0.0013
31.6348 0.0011 0.0013
31.6554 0.0011 0.0013
31.6760 0.0011 0.0013
31.6966 0.0011 0.0013
31.7171 0.0011 0.0013
31.7377 0.0010 0.0013
31.7583 0.0010 0.0013
31.7788 0.0010 0.0013
31.7994 0.0010 0.0013
31.8200 0.0010 0.0013
31.8405 0.0010 0.0013
31.8611 0.0010 0.0012
31.8817 0.0010 0.0012
31.9022 0.0010 0.0012
31.9228 0.0010 0.0012
31.9434 0.0010 0.0012
31.9639 0.0010 0.0012
31.9845 0.0010 0.0012
32.0051 0.0010 0.0012
32.0257 0.0009 0.0012
32.0462 0.0009 0.0012
32.0668 0.0009 0.0011
32.0874 0.0009 0.0011
32.1079 0.0009 0.0011
32.1285 0.0009 0.0011
32.1491 0.0009 0.0011
32.1696 0.0008 0.0011
32.1902 0.0008 0.0010
32.2108 0.0008 0.0010
32.2313 0.0008 0.0010
32.2519 0.0008 0.0010
32.2725 0.0008 0.0010
32.2930 0.0007 0.0009
32.3136 0.0007 0.0009
32.3342 0.0007 0.0009
32.3548 0.0007 0.0009
32.3753 0.0007 0.0009
32.3959 0.0007 0.0008
32.4165 0.0007 0.0008
32.4370 0.0006 0.0008
32.4576 0.0006 0.0008
32.4782 0.0006 0.0008
32.4987 0.0006 0.0008
32.5193 0.0006 0.0007
32.5399 0.0006 0.0007
32.5604 0.0006 0.0007
32.5810 0.0006 0.0007
32.6016 0.0006 0.0007
32.6221 0.0006 0.0007
32.6427 0.0006 0.0007
32.6633 0.0005 0.0007
32.6839 0.0005 0.0006
32.7044 0.0005 0.0006
32.7250 0.0005 0.0006
32.7456 0.0005 0.0006
32.7661 0.0005 0.0006
32.7867 0.0005 0.0006
32.8073 0.0005 0.0006
32.8278 0.0005 0.0006
32.8484 0.0005 0.0006
32.8690 0.0005 0.0005
32.8895 0.0005 0.0005
32.9101 0.0005 0.0005
32.9307 0.0005 0.0005
32.9512 0.0005 0.0005
32.9718 0.0005 0.0005
32.9924 0.0005 0.0005
33.0130 0.0005 0.0005
33.0335 0.0004 0.0005
33.0541 0.0004 0.0004
33.0747 0.0004 0.0004
33.0952 0.0004 0.0004
33.1158 0.0004 0.0004
33.1364 0.0004 0.0004
33.1569 0.0004 0.0004
33.1775 0.0004 0.0004
33.1981 0.0004 0.0004
33.2186 0.0004 0.0004
33.2392 0.0004 0.0004
33.2598 0.0004 0.0003
33.2803 0.0003 0.0003
33.3009 0.0003 0.0003
33.3215 0.0003 0.0003
33.3421 0.0003 0.0003
33.3626 0.0003 0.0003
33.3832 0.0003 0.0003
33.4038 0.0003 0.0003
33.4243 0.0003 0.0003
33.4449 0.0003 0.0003
33.4655 0.0003 0.0003
33.4860 0.0003 0.0003
33.5066 0.0003 0.0003
33.5272 0.0003 0.0003
33.5477 0.0003 0.0003
33.5683 0.0003 0.0003
33.5889 0.0003 0.0002
33.6095 0.0003 0.0002
33.6300 0.0003 0.0002
33.6506 0.0003 0.0002
33.6712 0.0003 0.0002
33.6917 0.0003 0.0002
33.7123 0.0003 0.0002
33.7329 0.0003 0.0002
33.7534 0.0003 0.0002
33.7740 0.0002 0.0002
33.7946 0.0002 0.0002
33.8151 0.0002 0.0002
33.8357 0.0002 0.0002
33.8563 0.0002 0.0002
33.8768 0.0002 0.0002
33.8974 0.0002 0.0002
33.9180 0.0002 0.0002
33.9386 0.0002 0.0002
33.9591 0.0002 0.0002
33.9797 0.0002 0.0002
34.0003 0.0002 0.0002
34.0208 0.0002 0.0002
34.0414 0.0002 0.0002
34.0620 0.0002 0.0002
34.0825 0.0002 0.0002
34.1031 0.0002 0.0002
34.1237 0.0002 0.0002
34.1442 0.0002 0.0002
34.1648 0.0002 0.0002
34.1854 0.0002 0.0002
34.2059 0.0002 0.0002
34.2265 0.0002 0.0002
34.2471 0.0002 0.0002
34.2677 0.0002 0.0002
34.2882 0.0002 0.0002
34.3088 0.0002 0.0001
34.3294 0.0002 0.0001
34.3499 0.0002 0.0001
34.3705 0.0002 0.0001
34.3911 0.0001 0.0001
34.4116 0.0001 0.0001
34.4322 0.0001 0.0001
34.4528 0.0001 0.0001
34.4733 0.0001 0.0001
34.4939 0.0001 0.0001
34.5145 0.0001 0.0001
34.5350 0.0001 0.0001
34.5556 0.0001 0.0001
34.5762 0.0001 0.0001
34.5968 0.0001 0.0001
34.6173 0.0001 0.0001
34.6379 0.0001 0.0001
34.6585 0.0001 0.0001
34.6790 0.0001 0.0001
34.6996 0.0001 0.0001
34.7202 0.0001 0.0001
34.7407 0.0001 0.0001
34.7613 0.0001 0.0001
34.7819 0.0001 0.0001
34.8024 0.0001 0.0001
34.8230 0.0001 0.0001
34.8436 0.0001 0.0001
34.8641 0.0001 0.0001
34.8847 0.0001 0.0001
34.9053 0.0001 0.0001
34.9259 0.0001 0.0001
34.9464 0.0001 0.0001
34.9670 0.0001 0.0001
34.9876 0.0001 0.0001
35.0081 0.0001 0.0001
35.0287 0.0001 0.0001
35.0493 0.0001 0.0001
35.0698 0.0001 0.0001
35.0904 0.0001 0.0001
35.1110 0.0001 0.0001
35.1315 0.0001 0.0001
35.1521 0.0001 0.0001
35.1727 0.0001 0.0001
35.1932 0.0001 0.0001
35.2138 0.0001 0.0001
35.2344 0.0001 0.0001
35.2550 0.0001 0.0001
35.2755 0.0001 0.0001
35.2961 0.0001 0.0001
35.3167 0.0001 0.0001
35.3372 0.0001 0.0001
35.3578 0.0001 0.0001
35.3784 0.0001 0.0001
35.3989 0.0001 0.0001
35.4195 0.0001 0.0001
35.4401 0.0001 0.0001
35.4606 0.0001 0.0001
35.4812 0.0001 0.0001
35.5018 0.0001 0.0001
35.5224 0.0001 0.0001
35.5429 0.0001 0.0001
35.5635 0.0001 0.0001
35.5841 0.0001 0.0001
35.6046 0.0001 0.0001
35.6252 0.0001 0.0001
35.6458 0.0001 0.0001
35.6663 0.0001 0.0001
35.6869 0.0001 0.0001
35.7075 0.0001 0.0001
35.7280 0.0001 0.0001
35.7486 0.0001 0.0001
35.7692 0.0001 0.0001
35.7897 0.0001 0.0001
35.8103 0.0001 0.0001
35.8309 0.0001 0.0001
35.8515 0.0001 0.0001
35.8720 0.0001 0.0001
35.8926 0.0001 0.0001
35.9132 0.0001 0.0001
35.9337 0.0001 0.0001
35.9543 0.0001 0.0001
35.9749 0.0001 0.0001
35.9954 0.0001 0.0001
36.0160 0.0001 0.0001
36.0366 0.0001 0.0001
36.0571 0.0001 0.0001
36.0777 0.0001 0.0001
36.0983 0.0001 0.0001
36.1188 0.0001 0.0001
36.1394 0.0001 0.0001
36.1600 0.0001 0.0001
36.1806 0.0001 0.0001
36.2011 0.0001 0.0001
36.2217 0.0001 0.0001
36.2423 0.0001 0.0001
36.2628 0.0001 0.0001
36.2834 0.0001 0.0001
36.3040 0.0001 0.0001
36.3245 0.0001 0.0001
36.3451 0.0001 0.0001
36.3657 0.0001 0.0001
36.3862 0.0001 0.0001
36.4068 0.0001 0.0001
36.4274 0.0001 0.0001
36.4479 0.0001 0.0001
36.4685 0.0001 0.0001
36.4891 0.0001 0.0001
36.5097 0.0001 0.0001
36.5302 0.0001 0.0001
36.5508 0.0001 0.0001
36.5714 0.0001 0.0001
36.5919 0.0001 0.0001
36.6125 0.0001 0.0001
36.6331 0.0001 0.0001
36.6536 0.0001 0.0001
36.6742 0.0001 0.0001
36.6948 0.0001 0.0001
36.7153 0.0001 0.0001
36.7359 0.0001 0.0001
36.7565 0.0001 0.0001
36.7770 0.0001 0.0001
36.7976 0.0001 0.0001
36.8182 0.0001 0.0001
36.8388 0.0001 0.0001
36.8593 0.0001 0.0001
36.8799 0.0001 0.0001
36.9005 0.0001 0.0001
36.9210 0.0001 0.0001
36.9416 0.0001 0.0001
36.9622 0.0001 0.0001
36.9827 0.0001 0.0001
37.0033 0.0001 0.0001
37.0239 0.0001 0.0001
37.0444 0.0001 0.0001
37.0650 0.0001 0.0001
37.0856 0.0001 0.0001
37.1061 0.0001 0.0001
37.1267 0.0001 0.0001
37.1473 0.0001 0.0001
37.1679 0.0001 0.0001
37.1884 0.0001 0.0001
37.2090 0.0001 0.0001
37.2296 0.0001 0.0001
37.2501 0.0001 0.0001
37.2707 0.0001 0.0001
37.2913 0.0001 0.0001
37.3118 0.0001 0.0001
37.3324 0.0001 0.0001
37.3530 0.0001 0.0001
37.3735 0.0001 0.0001
37.3941 0.0001 0.0001
37.4147 0.0001 0.0001
37.4353 0.0001 0.0001
37.4558 0.0001 0.0001
37.4764 0.0001 0.0001
37.4970 0.0001 0.0001
37.5175 0.0001 0.0001
37.5381 0.0001 0.0001
37.5587 0.0001 0.0001
37.5792 0.0001 0.0001
37.5998 0.0001 0.0001
37.6204 0.0001 0.0001
37.6409 0.0001 0.0001
37.6615 0.0001 0.0001
37.6821 0.0001 0.0001
37.7026 0.0001 0.0001
37.7232 0.0001 0.0001
37.7438 0.0001 0.0001
37.7644 0.0001 0.0001
37.7849 0.0001 0.0001
37.8055 0.0001 0.0001
37.8261 0.0001 0.0001
37.8466 0.0001 0.0001
37.8672 0.0001 0.0001
37.8878 0.0001 0.0001
37.9083 0.0001 0.0001
37.9289 0.0001 0.0001
37.9495 0.0001 0.0001
37.9700 0.0001 0.0001
37.9906 0.0001 0.0001
38.0112 0.0001 0.0001
38.0317 0.0001 0.0001
38.0523 0.0001 0.0001
38.0729 0.0001 0.0001
38.0935 0.0001 0.0001
38.1140 0.0001 0.0001
38.1346 0.0001 0.0001
38.1552 0.0001 0.0001
38.1757 0.0001 0.0001
38.1963 0.0001 0.0001
38.2169 0.0001 0.0001
38.2374 0.0001 0.0001
38.2580 0.0001 0.0001
38.2786 0.0001 0.0001
38.2991 0.0001 0.0001
38.3197 0.0001 0.0001
38.3403 0.0001 0.0001
38.3608 0.0001 0.0001
38.3814 0.0001 0.0001
38.4020 0.0001 0.0001
38.4226 0.0001 0.0001
38.4431 0.0001 0.0001
38.4637 0.0001 0.0001
38.4843 0.0001 0.0001
38.5048 0.0001 0.0001
38.5254 0.0001 0.0001
38.5460 0.0001 0.0001
38.5665 0.0001 0.0001
38.5871 0.0001 0.0001
38.6077 0.0001 0.0001
38.6282 0.0001 0.0001
38.6488 0.0001 0.0001
38.6694 0.0001 0.0001
38.6899 0.0001 0.0001
38.7105 0.0001 0.0001
38.7311 0.0001 0.0001
38.7517 0.0001 0.0001
38.7722 0.0001 0.0001
38.7928 0.0001 0.0001
38.8134 0.0001 0.0001
38.8339 0.0001 0.0001
38.8545 0.0001 0.0001
38.8751 0.0001 0.0001
38.8956 0.0001 0.0000
38.9162 0.0001 0.0000
38.9368 0.0001 0.0000
38.9573 0.0001 0.0000
38.9779 0.0001 0.0000
38.9985 0.0001 0.0000
39.0190 0.0001 0.0000
39.0396 0.0001 0.0000
39.0602 0.0001 0.0000
39.0808 0.0001 0.0000
39.1013 0.0001 0.0000
39.1219 0.0000 0.0000
39.1425 0.0000 0.0000
39.1630 0.0000 0.0000
39.1836 0.0000 0.0000
39.2042 0.0000 0.0000
39.2247 0.0000 0.0000
39.2453 0.0000 0.0000
39.2659 0.0000 0.0000
39.2864 0.0000 0.0000
39.3070 0.0000 0.0000
39.3276 0.0000 0.0000
39.3482 0.0000 0.0000
39.3687 0.0000 0.0000
39.3893 0.0000 0.0000
39.4099 0.0000 0.0000
39.4304 0.0000 0.0000
39.4510 0.0000 0.0000
39.4716 0.0000 0.0000
39.4921 0.0000 0.0000
39.5127 0.0000 0.0000
39.5333 0.0000 0.0000
39.5538 0.0000 0.0000
39.5744 0.0000 0.0000
39.5950 0.0000 0.0000
39.6155 0.0000 0.0000
39.6361 0.0000 0.0000
39.6567 0.0000 0.0000
39.6773 0.0000 0.0000
39.6978 0.0000 0.0000
39.7184 0.0000 0.0000
39.7390 0.0000 0.0000
39.7595 0.0000 0.0000
39.7801 0.0000 0.0000
39.8007 0.0000 0.0000
39.8212 0.0000 0.0000
39.8418 0.0000 0.0000
39.8624 0.0000 0.0000
39.8829 0.0000 0.0000
39.9035 0.0000 0.0000
39.9241 0.0000 0.0000
39.9446 0.0000 0.0000
39.9652 0.0000 0.0000
39.9858 0.0000 0.0000
40.0064 0.0000 0.0000
40.0269 0.0000 0.0000
40.0475 0.0000 0.0000
40.0681 0.0000 0.0000
40.0886 0.0000 0.0000
40.1092 0.0000 0.0000
40.1298 0.0000 0.0000
40.1503 0.0000 0.0000
40.1709 0.0000 0.0000
40.1915 0.0000 0.0000
40.2120 0.0000 0.0000
40.2326 0.0000 0.0000
40.2532 0.0000 0.0000
40.2737 0.0000 0.0000
40.2943 0.0000 0.0000
40.3149 0.0000 0.0000
40.3355 0.0000 0.0000
40.3560 0.0000 0.0000
40.3766 0.0000 0.0000
40.3972 0.0000 0.0000
40.4177 0.0000 0.0000
40.4383 0.0000 0.0000
40.4589 0.0000 0.0000
40.4794 0.0000 0.0000
40.5000 0.0000 0.0000
40.5206 0.0000 0.0000
40.5411 0.0000 0.0000
40.5617 0.0000 0.0000
40.5823 0.0000 0.0000
40.6028 0.0000 0.0000
40.6234 0.0000 0.0000
40.6440 0.0000 0.0000
40.6646 0.0000 0.0000
40.6851 0.0000 0.0000
40.7057 0.0000 0.0000
40.7263 0.0000 0.0000
40.7468 0.0000 0.0000
40.7674 0.0000 0.0000
40.7880 0.0000 0.0000
40.8085 0.0000 0.0000
40.8291 0.0000 0.0000
40.8497 0.0000 0.0000
40.8702 0.0000 0.0000
40.8908 0.0000 0.0000
40.9114 0.0000 0.0000
40.9320 0.0000 0.0000
40.9525 0.0000 0.0000
40.9731 0.0000 0.0000
40.9937 0.0000 0.0000
41.0142 0.0000 0.0000
41.0348 0.0000 0.0000
41.0554 0.0000 0.0000
41.0759 0.0000 0.0000
41.0965 0.0000 0.0000
41.1171 0.0000 0.0000
