0.0000 0.0000 0.0000
0.0176 0.9996 1.2930
0.0352 1.9841 2.5570
0.0528 2.9390 3.7645
0.0704 3.8510 4.8905
0.0879 4.7083 5.9138
0.1055 5.5014 6.8176
0.1231 6.2228 7.5903
0.1407 6.8675 8.2253
0.1583 7.4328 8.7215
0.1759 7.9181 9.0824
0.1935 8.3248 9.3158
0.2111 8.6557 9.4328
0.2287 8.9151 9.4470
0.2462 9.1080 9.3736
0.2638 9.2401 9.2286
0.2814 9.3174 9.0277
0.2990 9.3458 8.7860
0.3166 9.3312 8.5172
0.3342 9.2795 8.2332
0.3518 9.1958 7.9441
0.3694 9.0853 7.6579
0.3870 8.9525 7.3808
0.4045 8.8019 7.1169
0.4221 8.6371 6.8690
0.4397 8.4617 6.6384
0.4573 8.2787 6.4254
0.4749 8.0907 6.2294
0.4925 7.9000 6.0493
0.5101 7.7082 5.8837
0.5277 7.5168 5.7310
0.5453 7.3266 5.5898
0.5628 7.1381 5.4586
0.5804 6.9518 5.3361
0.5980 6.7675 5.2213
0.6156 6.5852 5.1131
0.6332 6.4046 5.0110
0.6508 6.2254 4.9142
0.6684 6.0475 4.8222
0.6860 5.8708 4.7345
0.7036 5.6953 4.6506
0.7211 5.5214 4.5698
0.7387 5.3494 4.4917
0.7563 5.1799 4.4155
0.7739 5.0136 4.3407
0.7915 4.8512 4.2665
0.8091 4.6935 4.1923
0.8267 4.5414 4.1176
0.8443 4.3955 4.0418
0.8619 4.2565 3.9648
0.8794 4.1250 3.8862
0.8970 4.0012 3.8061
0.9146 3.8853 3.7246
0.9322 3.7775 3.6421
0.9498 3.6775 3.5591
0.9674 3.5851 3.4761
0.9850 3.5000 3.3938
1.0026 3.4218 3.3130
1.0202 3.3499 3.2343
1.0377 3.2839 3.1583
1.0553 3.2232 3.0858
1.0729 3.1675 3.0171
1.0905 3.1163 2.9526
1.1081 3.0693 2.8926
1.1257 3.0263 2.8371
1.1433 2.9871 2.7862
1.1609 2.9514 2.7397
1.1785 2.9194 2.6973
1.1960 2.8909 2.6589
1.2136 2.8659 2.6241
1.2312 2.8443 2.5925
1.2488 2.8261 2.5637
1.2664 2.8112 2.5374
1.2840 2.7993 2.5133
1.3016 2.7903 2.4911
1.3192 2.7839 2.4703
1.3368 2.7798 2.4509
1.3543 2.7774 2.4325
1.3719 2.7766 2.4150
1.3895 2.7767 2.3981
1.4071 2.7773 2.3817
1.4247 2.7781 2.3654
1.4423 2.7787 2.3493
1.4599 2.7787 2.3330
1.4775 2.7778 2.3164
1.4951 2.7757 2.2994
1.5126 2.7723 2.2818
1.5302 2.7673 2.2635
1.5478 2.7606 2.2444
1.5654 2.7522 2.2245
1.5830 2.7420 2.2037
1.6006 2.7298 2.1821
1.6182 2.7158 2.1598
1.6358 2.6999 2.1368
1.6534 2.6821 2.1133
1.6709 2.6625 2.0895
1.6885 2.6410 2.0657
1.7061 2.6179 2.0422
1.7237 2.5931 2.0192
1.7413 2.5668 1.9970
1.7589 2.5392 1.9760
1.7765 2.5104 1.9564
1.7941 2.4805 1.9386
1.8117 2.4498 1.9229
1.8292 2.4183 1.9095
1.8468 2.3863 1.8987
1.8644 2.3540 1.8905
1.8820 2.3214 1.8850
1.8996 2.2886 1.8823
1.9172 2.2559 1.8824
1.9348 2.2233 1.8851
1.9524 2.1909 1.8903
1.9700 2.1587 1.8976
1.9875 2.1269 1.9067
2.0051 2.0956 1.9174
2.0227 2.0647 1.9290
2.0403 2.0343 1.9412
2.0579 2.0046 1.9535
2.0755 1.9756 1.9654
2.0931 1.9474 1.9764
2.1107 1.9200 1.9860
2.1283 1.8935 1.9939
2.1458 1.8679 1.9996
2.1634 1.8434 2.0029
2.1810 1.8199 2.0036
2.1986 1.7975 2.0016
2.2162 1.7761 1.9966
2.2338 1.7559 1.9889
2.2514 1.7367 1.9786
2.2690 1.7186 1.9656
2.2866 1.7016 1.9504
2.3041 1.6856 1.9332
2.3217 1.6708 1.9143
2.3393 1.6569 1.8940
2.3569 1.6442 1.8727
2.3745 1.6324 1.8507
2.3921 1.6216 1.8284
2.4097 1.6118 1.8060
2.4273 1.6029 1.7838
2.4449 1.5948 1.7621
2.4624 1.5876 1.7412
2.4800 1.5810 1.7212
2.4976 1.5751 1.7022
2.5152 1.5698 1.6845
2.5328 1.5649 1.6681
2.5504 1.5603 1.6531
2.5680 1.5561 1.6396
2.5856 1.5521 1.6276
2.6032 1.5481 1.6171
2.6207 1.5443 1.6079
2.6383 1.5404 1.6001
2.6559 1.5366 1.5935
2.6735 1.5326 1.5880
2.6911 1.5286 1.5834
2.7087 1.5245 1.5795
2.7263 1.5204 1.5761
2.7439 1.5162 1.5731
2.7615 1.5119 1.5703
2.7790 1.5077 1.5674
2.7966 1.5035 1.5644
2.8142 1.4994 1.5610
2.8318 1.4954 1.5574
2.8494 1.4917 1.5533
2.8670 1.4882 1.5488
2.8846 1.4851 1.5440
2.9022 1.4823 1.5388
2.9198 1.4800 1.5333
2.9374 1.4783 1.5276
2.9549 1.4771 1.5217
2.9725 1.4766 1.5158
2.9901 1.4767 1.5099
3.0077 1.4775 1.5040
3.0253 1.4789 1.4981
3.0429 1.4809 1.4922
3.0605 1.4834 1.4862
3.0781 1.4863 1.4802
3.0957 1.4895 1.4741
3.1132 1.4928 1.4676
3.1308 1.4961 1.4608
3.1484 1.4991 1.4536
3.1660 1.5017 1.4459
3.1836 1.5037 1.4375
3.2012 1.5048 1.4284
3.2188 1.5049 1.4186
3.2364 1.5038 1.4079
3.2540 1.5014 1.3964
3.2715 1.4975 1.3841
3.2891 1.4920 1.3709
3.3067 1.4848 1.3568
3.3243 1.4759 1.3419
3.3419 1.4652 1.3261
3.3595 1.4526 1.3095
3.3771 1.4382 1.2922
3.3947 1.4220 1.2742
3.4123 1.4040 1.2555
3.4298 1.3843 1.2363
3.4474 1.3630 1.2165
3.4650 1.3402 1.1964
3.4826 1.3162 1.1760
3.5002 1.2911 1.1555
3.5178 1.2652 1.1349
3.5354 1.2387 1.1146
3.5530 1.2120 1.0945
3.5706 1.1852 1.0749
3.5881 1.1588 1.0560
3.6057 1.1329 1.0379
3.6233 1.1079 1.0207
3.6409 1.0840 1.0046
3.6585 1.0613 0.9896
3.6761 1.0402 0.9759
3.6937 1.0206 0.9634
3.7113 1.0027 0.9522
3.7289 0.9865 0.9423
3.7464 0.9719 0.9336
3.7640 0.9591 0.9261
3.7816 0.9477 0.9196
3.7992 0.9378 0.9140
3.8168 0.9293 0.9092
3.8344 0.9219 0.9051
3.8520 0.9154 0.9016
3.8696 0.9099 0.8985
3.8872 0.9050 0.8957
3.9047 0.9007 0.8932
3.9223 0.8969 0.8908
3.9399 0.8933 0.8885
3.9575 0.8899 0.8864
3.9751 0.8866 0.8842
3.9927 0.8834 0.8821
4.0103 0.8802 0.8801
4.0279 0.8770 0.8781
4.0455 0.8737 0.8762
4.0630 0.8705 0.8744
4.0806 0.8672 0.8726
4.0982 0.8640 0.8710
4.1158 0.8608 0.8695
4.1334 0.8578 0.8682
4.1510 0.8549 0.8668
4.1686 0.8522 0.8656
4.1862 0.8497 0.8643
4.2038 0.8474 0.8629
4.2213 0.8454 0.8614
4.2389 0.8436 0.8597
4.2565 0.8419 0.8577
4.2741 0.8403 0.8553
4.2917 0.8387 0.8525
4.3093 0.8371 0.8491
4.3269 0.8353 0.8450
4.3445 0.8333 0.8404
4.3621 0.8310 0.8350
4.3796 0.8284 0.8290
4.3972 0.8252 0.8222
4.4148 0.8216 0.8148
4.4324 0.8175 0.8068
4.4500 0.8129 0.7982
4.4676 0.8078 0.7892
4.4852 0.8023 0.7798
4.5028 0.7965 0.7702
4.5204 0.7904 0.7604
4.5379 0.7841 0.7506
4.5555 0.7777 0.7410
4.5731 0.7714 0.7314
4.5907 0.7652 0.7222
4.6083 0.7590 0.7132
4.6259 0.7532 0.7046
4.6435 0.7475 0.6964
4.6611 0.7421 0.6886
4.6787 0.7370 0.6812
4.6962 0.7321 0.6742
4.7138 0.7276 0.6675
4.7314 0.7233 0.6612
4.7490 0.7192 0.6551
4.7666 0.7154 0.6493
4.7842 0.7118 0.6436
4.8018 0.7085 0.6382
4.8194 0.7054 0.6328
4.8370 0.7025 0.6276
4.8545 0.6998 0.6224
4.8721 0.6973 0.6172
4.8897 0.6949 0.6121
4.9073 0.6927 0.6070
4.9249 0.6906 0.6019
4.9425 0.6886 0.5968
4.9601 0.6865 0.5917
4.9777 0.6844 0.5865
4.9953 0.6822 0.5814
5.0128 0.6797 0.5762
5.0304 0.6770 0.5711
5.0480 0.6740 0.5661
5.0656 0.6706 0.5611
5.0832 0.6669 0.5562
5.1008 0.6628 0.5515
5.1184 0.6583 0.5469
5.1360 0.6535 0.5426
5.1536 0.6484 0.5385
5.1711 0.6430 0.5347
5.1887 0.6374 0.5312
5.2063 0.6318 0.5280
5.2239 0.6260 0.5252
5.2415 0.6203 0.5227
5.2591 0.6145 0.5204
5.2767 0.6089 0.5185
5.2943 0.6034 0.5168
5.3119 0.5980 0.5153
5.3294 0.5927 0.5139
5.3470 0.5875 0.5127
5.3646 0.5824 0.5115
5.3822 0.5774 0.5104
5.3998 0.5725 0.5092
5.4174 0.5676 0.5080
5.4350 0.5627 0.5068
5.4526 0.5579 0.5054
5.4702 0.5531 0.5040
5.4877 0.5483 0.5025
5.5053 0.5436 0.5008
5.5229 0.5389 0.4992
5.5405 0.5342 0.4974
5.5581 0.5297 0.4956
5.5757 0.5254 0.4938
5.5933 0.5212 0.4920
5.6109 0.5171 0.4901
5.6285 0.5133 0.4883
5.6460 0.5096 0.4864
5.6636 0.5062 0.4845
5.6812 0.5030 0.4826
5.6988 0.4999 0.4807
5.7164 0.4971 0.4787
5.7340 0.4944 0.4766
5.7516 0.4918 0.4745
5.7692 0.4893 0.4723
5.7868 0.4870 0.4701
5.8043 0.4847 0.4679
5.8219 0.4825 0.4657
5.8395 0.4804 0.4634
5.8571 0.4783 0.4613
5.8747 0.4762 0.4592
5.8923 0.4742 0.4572
5.9099 0.4722 0.4554
5.9275 0.4703 0.4538
5.9451 0.4685 0.4523
5.9626 0.4667 0.4512
5.9802 0.4650 0.4502
5.9978 0.4634 0.4495
6.0154 0.4618 0.4490
6.0330 0.4604 0.4487
6.0506 0.4590 0.4487
6.0682 0.4577 0.4487
6.0858 0.4565 0.4489
6.1034 0.4554 0.4492
6.1209 0.4544 0.4496
6.1385 0.4535 0.4499
6.1561 0.4526 0.4503
6.1737 0.4518 0.4506
6.1913 0.4511 0.4508
6.2089 0.4504 0.4510
6.2265 0.4498 0.4511
6.2441 0.4493 0.4510
6.2617 0.4488 0.4509
6.2792 0.4483 0.4506
6.2968 0.4480 0.4502
6.3144 0.4476 0.4497
6.3320 0.4473 0.4490
6.3496 0.4470 0.4483
6.3672 0.4468 0.4473
6.3848 0.4465 0.4463
6.4024 0.4462 0.4451
6.4200 0.4458 0.4438
6.4375 0.4454 0.4424
6.4551 0.4450 0.4409
6.4727 0.4444 0.4393
6.4903 0.4437 0.4376
6.5079 0.4430 0.4359
6.5255 0.4421 0.4341
6.5431 0.4412 0.4324
6.5607 0.4401 0.4307
6.5783 0.4390 0.4291
6.5958 0.4378 0.4275
6.6134 0.4366 0.4260
6.6310 0.4355 0.4247
6.6486 0.4343 0.4234
6.6662 0.4332 0.4223
6.6838 0.4322 0.4214
6.7014 0.4314 0.4205
6.7190 0.4306 0.4197
6.7366 0.4301 0.4189
6.7541 0.4297 0.4183
6.7717 0.4295 0.4176
6.7893 0.4294 0.4169
6.8069 0.4296 0.4161
6.8245 0.4299 0.4152
6.8421 0.4304 0.4143
6.8597 0.4311 0.4132
6.8773 0.4318 0.4120
6.8949 0.4326 0.4106
6.9124 0.4336 0.4090
6.9300 0.4345 0.4074
6.9476 0.4355 0.4056
6.9652 0.4365 0.4037
6.9828 0.4374 0.4018
7.0004 0.4382 0.3999
7.0180 0.4390 0.3980
7.0356 0.4397 0.3961
7.0532 0.4403 0.3943
7.0707 0.4408 0.3926
7.0883 0.4411 0.3911
7.1059 0.4413 0.3898
7.1235 0.4414 0.3886
7.1411 0.4413 0.3876
7.1587 0.4410 0.3868
7.1763 0.4406 0.3861
7.1939 0.4401 0.3856
7.2115 0.4395 0.3853
7.2290 0.4387 0.3851
7.2466 0.4378 0.3851
7.2642 0.4367 0.3851
7.2818 0.4356 0.3852
7.2994 0.4345 0.3853
7.3170 0.4333 0.3856
7.3346 0.4321 0.3858
7.3522 0.4309 0.3861
7.3698 0.4297 0.3865
7.3873 0.4287 0.3869
7.4049 0.4277 0.3874
7.4225 0.4269 0.3879
7.4401 0.4262 0.3885
7.4577 0.4257 0.3892
7.4753 0.4253 0.3900
7.4929 0.4252 0.3909
7.5105 0.4252 0.3918
7.5281 0.4254 0.3929
7.5456 0.4258 0.3941
7.5632 0.4263 0.3954
7.5808 0.4269 0.3967
7.5984 0.4276 0.3981
7.6160 0.4283 0.3996
7.6336 0.4291 0.4012
7.6512 0.4298 0.4027
7.6688 0.4304 0.4043
7.6864 0.4310 0.4058
7.7039 0.4314 0.4073
7.7215 0.4317 0.4088
7.7391 0.4319 0.4102
7.7567 0.4320 0.4115
7.7743 0.4319 0.4128
7.7919 0.4317 0.4139
7.8095 0.4313 0.4150
7.8271 0.4309 0.4159
7.8447 0.4303 0.4168
7.8622 0.4298 0.4175
7.8798 0.4292 0.4181
7.8974 0.4286 0.4187
7.9150 0.4280 0.4192
7.9326 0.4275 0.4196
7.9502 0.4270 0.4199
7.9678 0.4266 0.4201
7.9854 0.4263 0.4204
8.0030 0.4261 0.4205
8.0205 0.4261 0.4206
8.0381 0.4261 0.4207
8.0557 0.4263 0.4207
8.0733 0.4266 0.4207
8.0909 0.4270 0.4206
8.1085 0.4276 0.4205
8.1261 0.4283 0.4204
8.1437 0.4291 0.4203
8.1613 0.4301 0.4202
8.1788 0.4312 0.4201
8.1964 0.4324 0.4199
8.2140 0.4338 0.4198
8.2316 0.4352 0.4198
8.2492 0.4368 0.4197
8.2668 0.4385 0.4197
8.2844 0.4402 0.4198
8.3020 0.4420 0.4199
8.3196 0.4439 0.4201
8.3371 0.4458 0.4203
8.3547 0.4477 0.4206
8.3723 0.4496 0.4209
8.3899 0.4515 0.4213
8.4075 0.4533 0.4217
8.4251 0.4552 0.4222
8.4427 0.4570 0.4227
8.4603 0.4588 0.4232
8.4779 0.4606 0.4237
8.4954 0.4624 0.4243
8.5130 0.4642 0.4248
8.5306 0.4661 0.4253
8.5482 0.4680 0.4257
8.5658 0.4700 0.4261
8.5834 0.4720 0.4264
8.6010 0.4742 0.4267
8.6186 0.4764 0.4269
8.6362 0.4788 0.4269
8.6538 0.4813 0.4268
8.6713 0.4839 0.4267
8.6889 0.4867 0.4263
8.7065 0.4895 0.4259
8.7241 0.4924 0.4253
8.7417 0.4954 0.4247
8.7593 0.4984 0.4239
8.7769 0.5013 0.4231
8.7945 0.5042 0.4222
8.8121 0.5069 0.4213
8.8296 0.5095 0.4203
8.8472 0.5119 0.4194
8.8648 0.5141 0.4185
8.8824 0.5159 0.4177
8.9000 0.5175 0.4170
8.9176 0.5187 0.4163
8.9352 0.5195 0.4158
8.9528 0.5200 0.4154
8.9704 0.5202 0.4151
8.9879 0.5200 0.4149
9.0055 0.5194 0.4149
9.0231 0.5186 0.4150
9.0407 0.5175 0.4153
9.0583 0.5162 0.4157
9.0759 0.5147 0.4161
9.0935 0.5131 0.4168
9.1111 0.5114 0.4175
9.1287 0.5097 0.4183
9.1462 0.5080 0.4192
9.1638 0.5063 0.4202
9.1814 0.5047 0.4212
9.1990 0.5032 0.4223
9.2166 0.5018 0.4235
9.2342 0.5006 0.4247
9.2518 0.4995 0.4260
9.2694 0.4986 0.4272
9.2870 0.4978 0.4286
9.3045 0.4972 0.4299
9.3221 0.4967 0.4312
9.3397 0.4964 0.4326
9.3573 0.4961 0.4339
9.3749 0.4958 0.4352
9.3925 0.4956 0.4366
9.4101 0.4953 0.4379
9.4277 0.4951 0.4391
9.4453 0.4948 0.4403
9.4628 0.4944 0.4415
9.4804 0.4940 0.4426
9.4980 0.4934 0.4437
9.5156 0.4928 0.4446
9.5332 0.4921 0.4456
9.5508 0.4913 0.4464
9.5684 0.4905 0.4472
9.5860 0.4896 0.4479
9.6036 0.4887 0.4485
9.6211 0.4877 0.4491
9.6387 0.4868 0.4497
9.6563 0.4859 0.4503
9.6739 0.4850 0.4508
9.6915 0.4841 0.4513
9.7091 0.4833 0.4518
9.7267 0.4826 0.4524
9.7443 0.4819 0.4530
9.7619 0.4813 0.4536
9.7794 0.4808 0.4543
9.7970 0.4805 0.4551
9.8146 0.4802 0.4559
9.8322 0.4800 0.4567
9.8498 0.4800 0.4577
9.8674 0.4800 0.4587
9.8850 0.4802 0.4597
9.9026 0.4804 0.4608
9.9202 0.4807 0.4619
9.9377 0.4811 0.4631
9.9553 0.4815 0.4644
9.9729 0.4819 0.4656
9.9905 0.4824 0.4669
10.0081 0.4828 0.4681
10.0257 0.4833 0.4694
10.0433 0.4837 0.4707
10.0609 0.4841 0.4719
10.0785 0.4844 0.4730
10.0960 0.4847 0.4741
10.1136 0.4850 0.4751
10.1312 0.4853 0.4760
10.1488 0.4855 0.4768
10.1664 0.4858 0.4774
10.1840 0.4861 0.4779
10.2016 0.4863 0.4783
10.2192 0.4867 0.4785
10.2368 0.4870 0.4785
10.2543 0.4874 0.4784
10.2719 0.4879 0.4781
10.2895 0.4884 0.4777
10.3071 0.4890 0.4772
10.3247 0.4896 0.4766
10.3423 0.4902 0.4759
10.3599 0.4910 0.4752
10.3775 0.4917 0.4745
10.3951 0.4925 0.4738
10.4126 0.4933 0.4731
10.4302 0.4941 0.4725
10.4478 0.4949 0.4719
10.4654 0.4957 0.4714
10.4830 0.4964 0.4709
10.5006 0.4972 0.4706
10.5182 0.4979 0.4704
10.5358 0.4985 0.4702
10.5534 0.4991 0.4702
10.5709 0.4996 0.4703
10.5885 0.5001 0.4704
10.6061 0.5004 0.4707
10.6237 0.5007 0.4711
10.6413 0.5008 0.4716
10.6589 0.5009 0.4722
10.6765 0.5008 0.4729
10.6941 0.5007 0.4738
10.7117 0.5004 0.4747
10.7292 0.5001 0.4759
10.7468 0.4997 0.4771
10.7644 0.4993 0.4785
10.7820 0.4988 0.4801
10.7996 0.4983 0.4818
10.8172 0.4978 0.4837
10.8348 0.4973 0.4857
10.8524 0.4968 0.4878
10.8700 0.4963 0.4900
10.8875 0.4959 0.4922
10.9051 0.4955 0.4946
10.9227 0.4952 0.4969
10.9403 0.4949 0.4992
10.9579 0.4946 0.5015
10.9755 0.4945 0.5037
10.9931 0.4944 0.5057
11.0107 0.4943 0.5077
11.0283 0.4943 0.5094
11.0458 0.4943 0.5110
11.0634 0.4945 0.5123
11.0810 0.4947 0.5134
11.0986 0.4949 0.5144
11.1162 0.4953 0.5151
11.1338 0.4958 0.5157
11.1514 0.4963 0.5160
11.1690 0.4970 0.5163
11.1866 0.4978 0.5165
11.2041 0.4988 0.5165
11.2217 0.4999 0.5166
11.2393 0.5011 0.5166
11.2569 0.5024 0.5167
11.2745 0.5039 0.5168
11.2921 0.5055 0.5170
11.3097 0.5072 0.5173
11.3273 0.5090 0.5177
11.3449 0.5108 0.5182
11.3624 0.5127 0.5189
11.3800 0.5147 0.5196
11.3976 0.5166 0.5204
11.4152 0.5186 0.5213
11.4328 0.5204 0.5223
11.4504 0.5223 0.5233
11.4680 0.5240 0.5243
11.4856 0.5257 0.5253
11.5032 0.5273 0.5263
11.5207 0.5287 0.5272
11.5383 0.5300 0.5279
11.5559 0.5312 0.5286
11.5735 0.5322 0.5291
11.5911 0.5331 0.5294
11.6087 0.5338 0.5296
11.6263 0.5344 0.5296
11.6439 0.5349 0.5293
11.6615 0.5353 0.5289
11.6790 0.5356 0.5283
11.6966 0.5359 0.5276
11.7142 0.5360 0.5267
11.7318 0.5361 0.5257
11.7494 0.5362 0.5247
11.7670 0.5364 0.5236
11.7846 0.5365 0.5225
11.8022 0.5367 0.5215
11.8198 0.5369 0.5205
11.8373 0.5373 0.5197
11.8549 0.5377 0.5189
11.8725 0.5383 0.5183
11.8901 0.5390 0.5180
11.9077 0.5399 0.5178
11.9253 0.5409 0.5178
11.9429 0.5420 0.5181
11.9605 0.5433 0.5186
11.9781 0.5447 0.5193
11.9956 0.5462 0.5203
12.0132 0.5478 0.5215
12.0308 0.5495 0.5229
12.0484 0.5513 0.5246
12.0660 0.5532 0.5264
12.0836 0.5550 0.5284
12.1012 0.5569 0.5305
12.1188 0.5589 0.5328
12.1364 0.5608 0.5352
12.1539 0.5627 0.5377
12.1715 0.5645 0.5402
12.1891 0.5663 0.5427
12.2067 0.5681 0.5452
12.2243 0.5698 0.5477
12.2419 0.5715 0.5502
12.2595 0.5731 0.5525
12.2771 0.5746 0.5548
12.2947 0.5761 0.5569
12.3122 0.5774 0.5589
12.3298 0.5786 0.5607
12.3474 0.5796 0.5623
12.3650 0.5805 0.5637
12.3826 0.5813 0.5649
12.4002 0.5818 0.5658
12.4178 0.5822 0.5664
12.4354 0.5823 0.5668
12.4530 0.5822 0.5669
12.4705 0.5819 0.5667
12.4881 0.5814 0.5663
12.5057 0.5807 0.5656
12.5233 0.5797 0.5647
12.5409 0.5786 0.5636
12.5585 0.5773 0.5623
12.5761 0.5758 0.5609
12.5937 0.5741 0.5594
12.6113 0.5724 0.5578
12.6288 0.5705 0.5563
12.6464 0.5686 0.5548
12.6640 0.5667 0.5533
12.6816 0.5647 0.5520
12.6992 0.5627 0.5508
12.7168 0.5608 0.5497
12.7344 0.5589 0.5489
12.7520 0.5571 0.5481
12.7696 0.5554 0.5476
12.7871 0.5538 0.5472
12.8047 0.5524 0.5470
12.8223 0.5511 0.5468
12.8399 0.5499 0.5468
12.8575 0.5489 0.5469
12.8751 0.5480 0.5471
12.8927 0.5474 0.5474
12.9103 0.5468 0.5476
12.9279 0.5465 0.5480
12.9454 0.5462 0.5483
12.9630 0.5461 0.5487
12.9806 0.5461 0.5490
12.9982 0.5462 0.5494
13.0158 0.5463 0.5497
13.0334 0.5464 0.5501
13.0510 0.5465 0.5504
13.0686 0.5466 0.5507
13.0862 0.5466 0.5510
13.1037 0.5465 0.5512
13.1213 0.5463 0.5514
13.1389 0.5459 0.5515
13.1565 0.5454 0.5516
13.1741 0.5446 0.5515
13.1917 0.5437 0.5514
13.2093 0.5426 0.5512
13.2269 0.5412 0.5508
13.2445 0.5397 0.5503
13.2620 0.5380 0.5496
13.2796 0.5361 0.5488
13.2972 0.5340 0.5478
13.3148 0.5317 0.5466
13.3324 0.5293 0.5453
13.3500 0.5268 0.5438
13.3676 0.5241 0.5422
13.3852 0.5214 0.5404
13.4028 0.5186 0.5385
13.4203 0.5157 0.5364
13.4379 0.5128 0.5343
13.4555 0.5098 0.5321
13.4731 0.5067 0.5299
13.4907 0.5037 0.5276
13.5083 0.5006 0.5253
13.5259 0.4974 0.5230
13.5435 0.4942 0.5207
13.5611 0.4910 0.5184
13.5786 0.4878 0.5162
13.5962 0.4845 0.5140
13.6138 0.4812 0.5117
13.6314 0.4779 0.5095
13.6490 0.4745 0.5072
13.6666 0.4711 0.5049
13.6842 0.4677 0.5025
13.7018 0.4642 0.5001
13.7194 0.4608 0.4975
13.7369 0.4573 0.4948
13.7545 0.4539 0.4920
13.7721 0.4505 0.4889
13.7897 0.4472 0.4857
13.8073 0.4438 0.4824
13.8249 0.4406 0.4788
13.8425 0.4374 0.4750
13.8601 0.4343 0.4710
13.8777 0.4313 0.4669
13.8952 0.4283 0.4626
13.9128 0.4255 0.4581
13.9304 0.4227 0.4534
13.9480 0.4200 0.4486
13.9656 0.4174 0.4438
13.9832 0.4148 0.4388
14.0008 0.4123 0.4338
14.0184 0.4098 0.4287
14.0360 0.4073 0.4237
14.0535 0.4048 0.4186
14.0711 0.4022 0.4136
14.0887 0.3996 0.4086
14.1063 0.3969 0.4037
14.1239 0.3940 0.3988
14.1415 0.3911 0.3940
14.1591 0.3881 0.3894
14.1767 0.3849 0.3848
14.1943 0.3816 0.3802
14.2118 0.3781 0.3758
14.2294 0.3745 0.3715
14.2470 0.3709 0.3672
14.2646 0.3671 0.3629
14.2822 0.3632 0.3588
14.2998 0.3594 0.3547
14.3174 0.3554 0.3506
14.3350 0.3515 0.3466
14.3526 0.3476 0.3426
14.3702 0.3438 0.3387
14.3877 0.3400 0.3348
14.4053 0.3363 0.3309
14.4229 0.3327 0.3272
14.4405 0.3292 0.3234
14.4581 0.3259 0.3198
14.4757 0.3227 0.3162
14.4933 0.3196 0.3127
14.5109 0.3166 0.3093
14.5285 0.3138 0.3060
14.5460 0.3111 0.3027
14.5636 0.3085 0.2995
14.5812 0.3061 0.2964
14.5988 0.3037 0.2934
14.6164 0.3015 0.2904
14.6340 0.2993 0.2875
14.6516 0.2973 0.2847
14.6692 0.2953 0.2820
14.6868 0.2935 0.2792
14.7043 0.2917 0.2766
14.7219 0.2900 0.2739
14.7395 0.2883 0.2714
14.7571 0.2867 0.2689
14.7747 0.2851 0.2664
14.7923 0.2836 0.2640
14.8099 0.2821 0.2616
14.8275 0.2805 0.2593
14.8451 0.2790 0.2571
14.8626 0.2775 0.2549
14.8802 0.2759 0.2527
14.8978 0.2743 0.2507
14.9154 0.2727 0.2487
14.9330 0.2710 0.2467
14.9506 0.2693 0.2448
14.9682 0.2674 0.2430
14.9858 0.2656 0.2412
15.0034 0.2636 0.2394
15.0209 0.2616 0.2377
15.0385 0.2595 0.2360
15.0561 0.2573 0.2343
15.0737 0.2550 0.2326
15.0913 0.2526 0.2309
15.1089 0.2502 0.2292
15.1265 0.2477 0.2275
15.1441 0.2451 0.2258
15.1617 0.2424 0.2240
15.1792 0.2396 0.2222
15.1968 0.2368 0.2204
15.2144 0.2339 0.2185
15.2320 0.2310 0.2166
15.2496 0.2280 0.2147
15.2672 0.2250 0.2127
15.2848 0.2220 0.2107
15.3024 0.2190 0.2086
15.3200 0.2160 0.2064
15.3375 0.2130 0.2043
15.3551 0.2101 0.2020
15.3727 0.2071 0.1998
15.3903 0.2043 0.1975
15.4079 0.2015 0.1951
15.4255 0.1988 0.1928
15.4431 0.1961 0.1904
15.4607 0.1936 0.1879
15.4783 0.1911 0.1855
15.4958 0.1886 0.1831
15.5134 0.1863 0.1806
15.5310 0.1840 0.1782
15.5486 0.1818 0.1758
15.5662 0.1797 0.1734
15.5838 0.1776 0.1711
15.6014 0.1756 0.1687
15.6190 0.1736 0.1665
15.6366 0.1717 0.1642
15.6541 0.1698 0.1620
15.6717 0.1679 0.1598
15.6893 0.1661 0.1577
15.7069 0.1642 0.1556
15.7245 0.1624 0.1535
15.7421 0.1606 0.1514
15.7597 0.1588 0.1494
15.7773 0.1570 0.1474
15.7949 0.1552 0.1454
15.8124 0.1534 0.1434
15.8300 0.1516 0.1414
15.8476 0.1498 0.1395
15.8652 0.1480 0.1376
15.8828 0.1462 0.1357
15.9004 0.1445 0.1338
15.9180 0.1427 0.1320
15.9356 0.1409 0.1302
15.9532 0.1391 0.1285
15.9707 0.1373 0.1268
15.9883 0.1354 0.1251
16.0059 0.1336 0.1235
16.0235 0.1318 0.1220
16.0411 0.1300 0.1206
16.0587 0.1281 0.1192
16.0763 0.1263 0.1178
16.0939 0.1244 0.1166
16.1115 0.1226 0.1154
16.1290 0.1207 0.1142
16.1466 0.1189 0.1131
16.1642 0.1171 0.1120
16.1818 0.1153 0.1109
16.1994 0.1135 0.1099
16.2170 0.1118 0.1089
16.2346 0.1100 0.1078
16.2522 0.1083 0.1068
16.2698 0.1067 0.1058
16.2873 0.1050 0.1047
16.3049 0.1034 0.1036
16.3225 0.1019 0.1025
16.3401 0.1003 0.1014
16.3577 0.0988 0.1002
16.3753 0.0973 0.0989
16.3929 0.0959 0.0977
16.4105 0.0945 0.0964
16.4281 0.0931 0.0951
16.4456 0.0917 0.0938
16.4632 0.0903 0.0924
16.4808 0.0890 0.0911
16.4984 0.0877 0.0898
16.5160 0.0864 0.0884
16.5336 0.0852 0.0871
16.5512 0.0839 0.0858
16.5688 0.0827 0.0845
16.5864 0.0815 0.0832
16.6039 0.0803 0.0820
16.6215 0.0792 0.0808
16.6391 0.0780 0.0796
16.6567 0.0769 0.0785
16.6743 0.0758 0.0773
16.6919 0.0748 0.0763
16.7095 0.0737 0.0752
16.7271 0.0727 0.0742
16.7447 0.0717 0.0732
16.7622 0.0707 0.0723
16.7798 0.0697 0.0714
16.7974 0.0687 0.0705
16.8150 0.0678 0.0696
16.8326 0.0668 0.0687
16.8502 0.0659 0.0678
16.8678 0.0650 0.0670
16.8854 0.0641 0.0661
16.9030 0.0632 0.0653
16.9205 0.0624 0.0645
16.9381 0.0615 0.0636
16.9557 0.0607 0.0628
16.9733 0.0599 0.0620
16.9909 0.0592 0.0612
17.0085 0.0584 0.0604
17.0261 0.0577 0.0596
17.0437 0.0570 0.0588
17.0613 0.0563 0.0580
17.0788 0.0557 0.0573
17.0964 0.0550 0.0565
17.1140 0.0544 0.0557
17.1316 0.0538 0.0550
17.1492 0.0532 0.0542
17.1668 0.0526 0.0534
17.1844 0.0520 0.0527
17.2020 0.0515 0.0519
17.2196 0.0509 0.0512
17.2371 0.0503 0.0504
17.2547 0.0498 0.0496
17.2723 0.0492 0.0489
17.2899 0.0487 0.0481
17.3075 0.0482 0.0473
17.3251 0.0477 0.0466
17.3427 0.0471 0.0458
17.3603 0.0466 0.0450
17.3779 0.0461 0.0442
17.3954 0.0456 0.0435
17.4130 0.0451 0.0427
17.4306 0.0446 0.0419
17.4482 0.0440 0.0412
17.4658 0.0435 0.0404
17.4834 0.0430 0.0397
17.5010 0.0425 0.0390
17.5186 0.0420 0.0383
17.5362 0.0414 0.0376
17.5537 0.0409 0.0369
17.5713 0.0404 0.0362
17.5889 0.0398 0.0356
17.6065 0.0393 0.0350
17.6241 0.0388 0.0344
17.6417 0.0382 0.0338
17.6593 0.0377 0.0332
17.6769 0.0372 0.0327
17.6945 0.0367 0.0321
17.7120 0.0361 0.0316
17.7296 0.0356 0.0311
17.7472 0.0351 0.0307
17.7648 0.0346 0.0302
17.7824 0.0341 0.0298
17.8000 0.0336 0.0293
17.8176 0.0332 0.0289
17.8352 0.0327 0.0286
17.8528 0.0323 0.0282
17.8703 0.0318 0.0278
17.8879 0.0314 0.0275
17.9055 0.0310 0.0271
17.9231 0.0306 0.0268
17.9407 0.0302 0.0265
17.9583 0.0299 0.0262
17.9759 0.0295 0.0259
17.9935 0.0291 0.0256
18.0111 0.0288 0.0253
18.0286 0.0285 0.0250
18.0462 0.0282 0.0247
18.0638 0.0278 0.0244
18.0814 0.0275 0.0241
18.0990 0.0272 0.0238
18.1166 0.0269 0.0236
18.1342 0.0266 0.0233
18.1518 0.0263 0.0230
18.1694 0.0260 0.0227
18.1869 0.0257 0.0224
18.2045 0.0254 0.0221
18.2221 0.0251 0.0219
18.2397 0.0248 0.0216
18.2573 0.0246 0.0213
18.2749 0.0243 0.0211
18.2925 0.0240 0.0208
18.3101 0.0237 0.0206
18.3277 0.0234 0.0204
18.3452 0.0232 0.0201
18.3628 0.0229 0.0199
18.3804 0.0227 0.0197
18.3980 0.0224 0.0195
18.4156 0.0222 0.0193
18.4332 0.0219 0.0191
18.4508 0.0217 0.0189
18.4684 0.0215 0.0187
18.4860 0.0212 0.0185
18.5035 0.0210 0.0183
18.5211 0.0208 0.0182
18.5387 0.0205 0.0180
18.5563 0.0203 0.0178
18.5739 0.0201 0.0176
18.5915 0.0199 0.0175
18.6091 0.0197 0.0173
18.6267 0.0194 0.0172
18.6443 0.0192 0.0170
18.6618 0.0190 0.0168
18.6794 0.0188 0.0167
18.6970 0.0186 0.0165
18.7146 0.0184 0.0163
18.7322 0.0181 0.0162
18.7498 0.0179 0.0160
18.7674 0.0177 0.0158
18.7850 0.0175 0.0156
18.8026 0.0173 0.0155
18.8201 0.0171 0.0153
18.8377 0.0169 0.0152
18.8553 0.0167 0.0150
18.8729 0.0165 0.0148
18.8905 0.0163 0.0147
18.9081 0.0161 0.0145
18.9257 0.0159 0.0144
18.9433 0.0157 0.0143
18.9609 0.0155 0.0141
18.9784 0.0154 0.0140
18.9960 0.0152 0.0139
19.0136 0.0150 0.0138
19.0312 0.0149 0.0136
19.0488 0.0147 0.0135
19.0664 0.0146 0.0134
19.0840 0.0145 0.0133
19.1016 0.0143 0.0132
19.1192 0.0142 0.0131
19.1367 0.0141 0.0130
19.1543 0.0140 0.0129
19.1719 0.0139 0.0128
19.1895 0.0138 0.0126
19.2071 0.0137 0.0125
19.2247 0.0136 0.0124
19.2423 0.0135 0.0123
19.2599 0.0134 0.0122
19.2775 0.0133 0.0121
19.2950 0.0132 0.0120
19.3126 0.0131 0.0119
19.3302 0.0130 0.0118
19.3478 0.0129 0.0117
19.3654 0.0128 0.0116
19.3830 0.0127 0.0115
19.4006 0.0126 0.0114
19.4182 0.0125 0.0113
19.4358 0.0124 0.0112
19.4533 0.0122 0.0111
19.4709 0.0121 0.0110
19.4885 0.0120 0.0108
19.5061 0.0119 0.0107
19.5237 0.0118 0.0106
19.5413 0.0117 0.0105
19.5589 0.0116 0.0104
19.5765 0.0115 0.0103
19.5941 0.0113 0.0102
19.6116 0.0112 0.0101
19.6292 0.0111 0.0100
19.6468 0.0110 0.0099
19.6644 0.0109 0.0098
19.6820 0.0108 0.0097
19.6996 0.0107 0.0096
19.7172 0.0106 0.0095
19.7348 0.0105 0.0094
19.7524 0.0104 0.0093
19.7699 0.0103 0.0093
19.7875 0.0102 0.0092
19.8051 0.0101 0.0091
19.8227 0.0100 0.0090
19.8403 0.0100 0.0090
19.8579 0.0099 0.0089
19.8755 0.0098 0.0088
19.8931 0.0097 0.0088
19.9107 0.0096 0.0087
19.9282 0.0096 0.0087
19.9458 0.0095 0.0086
19.9634 0.0094 0.0086
19.9810 0.0093 0.0085
19.9986 0.0093 0.0085
20.0162 0.0092 0.0085
20.0338 0.0092 0.0084
20.0514 0.0091 0.0084
20.0690 0.0091 0.0083
20.0866 0.0090 0.0083
20.1041 0.0089 0.0083
20.1217 0.0089 0.0082
20.1393 0.0088 0.0082
20.1569 0.0088 0.0081
20.1745 0.0087 0.0081
20.1921 0.0087 0.0080
20.2097 0.0086 0.0080
20.2273 0.0085 0.0079
20.2449 0.0085 0.0079
20.2624 0.0084 0.0078
20.2800 0.0083 0.0077
20.2976 0.0083 0.0077
20.3152 0.0082 0.0076
20.3328 0.0081 0.0076
20.3504 0.0080 0.0075
20.3680 0.0079 0.0074
20.3856 0.0079 0.0074
20.4032 0.0078 0.0073
20.4207 0.0077 0.0073
20.4383 0.0076 0.0072
20.4559 0.0075 0.0071
20.4735 0.0074 0.0071
20.4911 0.0074 0.0070
20.5087 0.0073 0.0070
20.5263 0.0072 0.0069
20.5439 0.0071 0.0069
20.5615 0.0071 0.0068
20.5790 0.0070 0.0068
20.5966 0.0069 0.0067
20.6142 0.0068 0.0067
20.6318 0.0068 0.0066
20.6494 0.0067 0.0066
20.6670 0.0066 0.0065
20.6846 0.0066 0.0065
20.7022 0.0065 0.0064
20.7198 0.0065 0.0064
20.7373 0.0064 0.0064
20.7549 0.0064 0.0063
20.7725 0.0063 0.0063
20.7901 0.0062 0.0062
20.8077 0.0062 0.0062
20.8253 0.0062 0.0061
20.8429 0.0061 0.0061
20.8605 0.0061 0.0061
20.8781 0.0060 0.0060
20.8956 0.0060 0.0060
20.9132 0.0059 0.0060
20.9308 0.0059 0.0059
20.9484 0.0059 0.0059
20.9660 0.0058 0.0059
20.9836 0.0058 0.0058
21.0012 0.0058 0.0058
21.0188 0.0057 0.0057
21.0364 0.0057 0.0057
21.0539 0.0057 0.0057
21.0715 0.0057 0.0056
21.0891 0.0056 0.0056
21.1067 0.0056 0.0056
21.1243 0.0056 0.0055
21.1419 0.0056 0.0055
21.1595 0.0056 0.0054
21.1771 0.0055 0.0054
21.1947 0.0055 0.0054
21.2122 0.0055 0.0053
21.2298 0.0055 0.0053
21.2474 0.0054 0.0052
21.2650 0.0054 0.0052
21.2826 0.0054 0.0052
21.3002 0.0053 0.0051
21.3178 0.0053 0.0051
21.3354 0.0053 0.0051
21.3530 0.0053 0.0050
21.3705 0.0052 0.0050
21.3881 0.0052 0.0050
21.4057 0.0052 0.0049
21.4233 0.0051 0.0049
21.4409 0.0051 0.0049
21.4585 0.0051 0.0049
21.4761 0.0050 0.0048
21.4937 0.0050 0.0048
21.5113 0.0049 0.0048
21.5288 0.0049 0.0048
21.5464 0.0049 0.0047
21.5640 0.0048 0.0047
21.5816 0.0048 0.0047
21.5992 0.0048 0.0047
21.6168 0.0047 0.0046
21.6344 0.0047 0.0046
21.6520 0.0047 0.0046
21.6696 0.0047 0.0045
21.6871 0.0046 0.0045
21.7047 0.0046 0.0045
21.7223 0.0046 0.0045
21.7399 0.0045 0.0044
21.7575 0.0045 0.0044
21.7751 0.0045 0.0044
21.7927 0.0045 0.0043
21.8103 0.0044 0.0043
21.8279 0.0044 0.0043
21.8454 0.0044 0.0043
21.8630 0.0044 0.0042
21.8806 0.0043 0.0042
21.8982 0.0043 0.0042
21.9158 0.0043 0.0042
21.9334 0.0043 0.0041
21.9510 0.0042 0.0041
21.9686 0.0042 0.0041
21.9862 0.0042 0.0041
22.0037 0.0042 0.0040
22.0213 0.0041 0.0040
22.0389 0.0041 0.0040
22.0565 0.0041 0.0040
22.0741 0.0040 0.0039
22.0917 0.0040 0.0039
22.1093 0.0040 0.0039
22.1269 0.0040 0.0039
22.1445 0.0039 0.0038
22.1620 0.0039 0.0038
22.1796 0.0039 0.0038
22.1972 0.0039 0.0038
22.2148 0.0038 0.0037
22.2324 0.0038 0.0037
22.2500 0.0038 0.0037
22.2676 0.0038 0.0037
22.2852 0.0038 0.0036
22.3028 0.0037 0.0036
22.3203 0.0037 0.0036
22.3379 0.0037 0.0036
22.3555 0.0037 0.0036
22.3731 0.0037 0.0035
22.3907 0.0036 0.0035
22.4083 0.0036 0.0035
22.4259 0.0036 0.0035
22.4435 0.0036 0.0035
22.4611 0.0036 0.0035
22.4786 0.0036 0.0034
22.4962 0.0035 0.0034
22.5138 0.0035 0.0034
22.5314 0.0035 0.0034
22.5490 0.0035 0.0034
22.5666 0.0035 0.0034
22.5842 0.0034 0.0034
22.6018 0.0034 0.0034
22.6194 0.0034 0.0034
22.6369 0.0034 0.0034
22.6545 0.0034 0.0034
22.6721 0.0034 0.0034
22.6897 0.0034 0.0034
22.7073 0.0034 0.0033
22.7249 0.0033 0.0033
22.7425 0.0033 0.0033
22.7601 0.0033 0.0033
22.7777 0.0033 0.0033
22.7952 0.0033 0.0033
22.8128 0.0033 0.0033
22.8304 0.0033 0.0033
22.8480 0.0033 0.0033
22.8656 0.0033 0.0032
22.8832 0.0033 0.0032
22.9008 0.0033 0.0032
22.9184 0.0033 0.0032
22.9360 0.0033 0.0032
22.9535 0.0033 0.0032
22.9711 0.0033 0.0031
22.9887 0.0032 0.0031
23.0063 0.0032 0.0031
23.0239 0.0032 0.0031
23.0415 0.0032 0.0031
23.0591 0.0032 0.0031
23.0767 0.0032 0.0030
23.0943 0.0032 0.0030
23.1118 0.0032 0.0030
23.1294 0.0032 0.0030
23.1470 0.0032 0.0030
23.1646 0.0032 0.0030
23.1822 0.0031 0.0030
23.1998 0.0031 0.0030
23.2174 0.0031 0.0030
23.2350 0.0031 0.0029
23.2526 0.0031 0.0029
23.2701 0.0031 0.0029
23.2877 0.0031 0.0029
23.3053 0.0031 0.0029
23.3229 0.0031 0.0029
23.3405 0.0030 0.0029
23.3581 0.0030 0.0029
23.3757 0.0030 0.0029
23.3933 0.0030 0.0029
23.4109 0.0030 0.0029
23.4284 0.0030 0.0029
23.4460 0.0030 0.0029
23.4636 0.0030 0.0029
23.4812 0.0030 0.0029
23.4988 0.0029 0.0029
23.5164 0.0029 0.0029
23.5340 0.0029 0.0029
23.5516 0.0029 0.0029
23.5692 0.0029 0.0029
23.5867 0.0029 0.0029
23.6043 0.0029 0.0028
23.6219 0.0029 0.0028
23.6395 0.0029 0.0028
23.6571 0.0029 0.0028
23.6747 0.0029 0.0028
23.6923 0.0029 0.0028
23.7099 0.0029 0.0028
23.7275 0.0029 0.0028
23.7450 0.0029 0.0028
23.7626 0.0028 0.0028
23.7802 0.0028 0.0028
23.7978 0.0028 0.0028
23.8154 0.0028 0.0028
23.8330 0.0028 0.0028
23.8506 0.0028 0.0028
23.8682 0.0028 0.0028
23.8858 0.0028 0.0028
23.9033 0.0028 0.0028
23.9209 0.0028 0.0028
23.9385 0.0028 0.0028
23.9561 0.0027 0.0028
23.9737 0.0027 0.0027
23.9913 0.0027 0.0027
24.0089 0.0027 0.0027
24.0265 0.0027 0.0027
24.0441 0.0027 0.0027
24.0616 0.0027 0.0027
24.0792 0.0027 0.0027
24.0968 0.0027 0.0026
24.1144 0.0026 0.0026
24.1320 0.0026 0.0026
24.1496 0.0026 0.0026
24.1672 0.0026 0.0026
24.1848 0.0026 0.0026
24.2024 0.0026 0.0025
24.2199 0.0026 0.0025
24.2375 0.0026 0.0025
24.2551 0.0025 0.0025
24.2727 0.0025 0.0025
24.2903 0.0025 0.0025
24.3079 0.0025 0.0024
24.3255 0.0025 0.0024
24.3431 0.0025 0.0024
24.3607 0.0024 0.0024
24.3782 0.0024 0.0024
24.3958 0.0024 0.0023
24.4134 0.0024 0.0023
24.4310 0.0024 0.0023
24.4486 0.0024 0.0023
24.4662 0.0023 0.0023
24.4838 0.0023 0.0022
24.5014 0.0023 0.0022
24.5190 0.0023 0.0022
24.5365 0.0023 0.0022
24.5541 0.0023 0.0022
24.5717 0.0022 0.0021
24.5893 0.0022 0.0021
24.6069 0.0022 0.0021
24.6245 0.0022 0.0021
24.6421 0.0022 0.0021
24.6597 0.0022 0.0020
24.6773 0.0022 0.0020
24.6948 0.0021 0.0020
24.7124 0.0021 0.0020
24.7300 0.0021 0.0020
24.7476 0.0021 0.0019
24.7652 0.0021 0.0019
24.7828 0.0021 0.0019
24.8004 0.0021 0.0019
24.8180 0.0020 0.0019
24.8356 0.0020 0.0019
24.8531 0.0020 0.0019
24.8707 0.0020 0.0018
24.8883 0.0020 0.0018
24.9059 0.0020 0.0018
24.9235 0.0020 0.0018
24.9411 0.0019 0.0018
24.9587 0.0019 0.0018
24.9763 0.0019 0.0018
24.9939 0.0019 0.0018
25.0114 0.0019 0.0018
25.0290 0.0019 0.0017
25.0466 0.0019 0.0017
25.0642 0.0019 0.0017
25.0818 0.0019 0.0017
25.0994 0.0018 0.0017
25.1170 0.0018 0.0017
25.1346 0.0018 0.0017
25.1522 0.0018 0.0017
25.1697 0.0018 0.0017
25.1873 0.0018 0.0017
25.2049 0.0018 0.0017
25.2225 0.0018 0.0016
25.2401 0.0018 0.0016
25.2577 0.0017 0.0016
25.2753 0.0017 0.0016
25.2929 0.0017 0.0016
25.3105 0.0017 0.0016
25.3280 0.0017 0.0016
25.3456 0.0017 0.0016
25.3632 0.0017 0.0016
25.3808 0.0017 0.0016
25.3984 0.0017 0.0015
25.4160 0.0016 0.0015
25.4336 0.0016 0.0015
25.4512 0.0016 0.0015
25.4688 0.0016 0.0015
25.4863 0.0016 0.0015
25.5039 0.0016 0.0015
25.5215 0.0016 0.0015
25.5391 0.0015 0.0015
25.5567 0.0015 0.0015
25.5743 0.0015 0.0015
25.5919 0.0015 0.0014
25.6095 0.0015 0.0014
25.6271 0.0015 0.0014
25.6446 0.0015 0.0014
25.6622 0.0015 0.0014
25.6798 0.0014 0.0014
25.6974 0.0014 0.0014
25.7150 0.0014 0.0014
25.7326 0.0014 0.0014
25.7502 0.0014 0.0014
25.7678 0.0014 0.0014
25.7854 0.0014 0.0014
25.8029 0.0014 0.0014
25.8205 0.0014 0.0014
25.8381 0.0014 0.0014
25.8557 0.0014 0.0013
25.8733 0.0014 0.0013
25.8909 0.0014 0.0013
25.9085 0.0014 0.0013
25.9261 0.0014 0.0013
25.9437 0.0013 0.0013
25.9613 0.0013 0.0013
25.9788 0.0013 0.0013
25.9964 0.0013 0.0013
26.0140 0.0013 0.0013
26.0316 0.0013 0.0013
26.0492 0.0013 0.0013
26.0668 0.0013 0.0013
26.0844 0.0013 0.0013
26.1020 0.0013 0.0013
26.1196 0.0013 0.0013
26.1371 0.0013 0.0013
26.1547 0.0013 0.0012
26.1723 0.0013 0.0012
26.1899 0.0013 0.0012
26.2075 0.0013 0.0012
26.2251 0.0013 0.0012
26.2427 0.0013 0.0012
26.2603 0.0012 0.0012
26.2779 0.0012 0.0012
26.2954 0.0012 0.0012
26.3130 0.0012 0.0012
26.3306 0.0012 0.0012
26.3482 0.0012 0.0012
26.3658 0.0012 0.0012
26.3834 0.0012 0.0012
26.4010 0.0012 0.0012
26.4186 0.0012 0.0012
26.4362 0.0012 0.0012
26.4537 0.0012 0.0012
26.4713 0.0012 0.0012
26.4889 0.0011 0.0012
26.5065 0.0011 0.0012
26.5241 0.0011 0.0011
26.5417 0.0011 0.0011
26.5593 0.0011 0.0011
26.5769 0.0011 0.0011
26.5945 0.0011 0.0011
26.6120 0.0011 0.0011
26.6296 0.0011 0.0011
26.6472 0.0011 0.0011
26.6648 0.0011 0.0011
26.6824 0.0011 0.0011
26.7000 0.0011 0.0011
26.7176 0.0011 0.0011
26.7352 0.0011 0.0011
26.7528 0.0011 0.0011
26.7703 0.0010 0.0011
26.7879 0.0010 0.0011
26.8055 0.0010 0.0010
26.8231 0.0010 0.0010
26.8407 0.0010 0.0010
26.8583 0.0010 0.0010
26.8759 0.0010 0.0010
26.8935 0.0010 0.0010
26.9111 0.0010 0.0010
26.9286 0.0010 0.0010
26.9462 0.0010 0.0010
26.9638 0.0010 0.0010
26.9814 0.0010 0.0010
26.9990 0.0010 0.0010
27.0166 0.0010 0.0010
27.0342 0.0010 0.0010
27.0518 0.0010 0.0010
27.0694 0.0010 0.0010
27.0869 0.0010 0.0010
27.1045 0.0010 0.0010
27.1221 0.0009 0.0010
27.1397 0.0009 0.0009
27.1573 0.0009 0.0009
27.1749 0.0009 0.0009
27.1925 0.0009 0.0009
27.2101 0.0009 0.0009
27.2277 0.0009 0.0009
27.2452 0.0009 0.0009
27.2628 0.0009 0.0009
27.2804 0.0009 0.0009
27.2980 0.0009 0.0009
27.3156 0.0009 0.0009
27.3332 0.0009 0.0009
27.3508 0.0009 0.0009
27.3684 0.0009 0.0009
27.3860 0.0009 0.0009
27.4035 0.0009 0.0009
27.4211 0.0009 0.0009
27.4387 0.0008 0.0008
27.4563 0.0008 0.0008
27.4739 0.0008 0.0008
27.4915 0.0008 0.0008
27.5091 0.0008 0.0008
27.5267 0.0008 0.0008
27.5443 0.0008 0.0008
27.5618 0.0008 0.0008
27.5794 0.0008 0.0008
27.5970 0.0008 0.0008
27.6146 0.0008 0.0008
27.6322 0.0008 0.0008
27.6498 0.0008 0.0008
27.6674 0.0008 0.0008
27.6850 0.0008 0.0008
27.7026 0.0008 0.0008
27.7201 0.0008 0.0008
27.7377 0.0008 0.0007
27.7553 0.0008 0.0007
27.7729 0.0008 0.0007
27.7905 0.0008 0.0007
27.8081 0.0008 0.0007
27.8257 0.0008 0.0007
27.8433 0.0008 0.0007
27.8609 0.0008 0.0007
27.8784 0.0008 0.0007
27.8960 0.0008 0.0007
27.9136 0.0008 0.0007
27.9312 0.0008 0.0007
27.9488 0.0008 0.0007
27.9664 0.0008 0.0007
27.9840 0.0007 0.0007
28.0016 0.0007 0.0007
28.0192 0.0007 0.0007
28.0367 0.0007 0.0007
28.0543 0.0007 0.0007
28.0719 0.0007 0.0007
28.0895 0.0007 0.0007
28.1071 0.0007 0.0007
28.1247 0.0007 0.0007
28.1423 0.0007 0.0007
28.1599 0.0007 0.0007
28.1775 0.0007 0.0006
28.1950 0.0007 0.0006
28.2126 0.0007 0.0006
28.2302 0.0007 0.0006
28.2478 0.0007 0.0006
28.2654 0.0007 0.0006
28.2830 0.0007 0.0006
28.3006 0.0007 0.0006
28.3182 0.0007 0.0006
28.3358 0.0007 0.0006
28.3533 0.0007 0.0006
28.3709 0.0007 0.0006
28.3885 0.0007 0.0006
28.4061 0.0007 0.0006
28.4237 0.0007 0.0006
28.4413 0.0006 0.0006
28.4589 0.0006 0.0006
28.4765 0.0006 0.0006
28.4941 0.0006 0.0006
28.5116 0.0006 0.0006
28.5292 0.0006 0.0006
28.5468 0.0006 0.0006
28.5644 0.0006 0.0006
28.5820 0.0006 0.0006
28.5996 0.0006 0.0006
28.6172 0.0006 0.0006
28.6348 0.0006 0.0006
28.6524 0.0006 0.0006
28.6699 0.0006 0.0006
28.6875 0.0006 0.0006
28.7051 0.0006 0.0006
28.7227 0.0006 0.0006
28.7403 0.0006 0.0006
28.7579 0.0006 0.0006
28.7755 0.0006 0.0006
28.7931 0.0006 0.0006
28.8107 0.0006 0.0006
28.8282 0.0006 0.0005
28.8458 0.0006 0.0005
28.8634 0.0006 0.0005
28.8810 0.0006 0.0005
28.8986 0.0006 0.0005
28.9162 0.0006 0.0005
28.9338 0.0006 0.0005
28.9514 0.0006 0.0005
28.9690 0.0006 0.0005
28.9865 0.0006 0.0005
29.0041 0.0006 0.0005
29.0217 0.0005 0.0005
29.0393 0.0005 0.0005
29.0569 0.0005 0.0005
29.0745 0.0005 0.0005
29.0921 0.0005 0.0005
29.1097 0.0005 0.0005
29.1273 0.0005 0.0005
29.1448 0.0005 0.0005
29.1624 0.0005 0.0005
29.1800 0.0005 0.0005
29.1976 0.0005 0.0005
29.2152 0.0005 0.0005
29.2328 0.0005 0.0005
29.2504 0.0005 0.0005
29.2680 0.0005 0.0005
29.2856 0.0005 0.0005
29.3031 0.0005 0.0005
29.3207 0.0005 0.0005
29.3383 0.0005 0.0005
29.3559 0.0005 0.0005
29.3735 0.0005 0.0005
29.3911 0.0005 0.0005
29.4087 0.0005 0.0005
29.4263 0.0005 0.0005
29.4439 0.0005 0.0005
29.4614 0.0005 0.0005
29.4790 0.0005 0.0005
29.4966 0.0005 0.0005
29.5142 0.0005 0.0005
29.5318 0.0005 0.0005
29.5494 0.0005 0.0005
29.5670 0.0005 0.0005
29.5846 0.0005 0.0005
29.6022 0.0005 0.0005
29.6197 0.0005 0.0005
29.6373 0.0005 0.0005
29.6549 0.0005 0.0005
29.6725 0.0005 0.0005
29.6901 0.0005 0.0005
29.7077 0.0005 0.0005
29.7253 0.0005 0.0005
29.7429 0.0005 0.0005
29.7605 0.0005 0.0005
29.7780 0.0005 0.0005
29.7956 0.0005 0.0005
29.8132 0.0005 0.0005
29.8308 0.0005 0.0005
29.8484 0.0005 0.0005
29.8660 0.0005 0.0005
29.8836 0.0005 0.0005
29.9012 0.0005 0.0005
29.9188 0.0005 0.0005
29.9363 0.0005 0.0004
29.9539 0.0005 0.0004
29.9715 0.0005 0.0004
29.9891 0.0005 0.0004
30.0067 0.0005 0.0004
30.0243 0.0005 0.0004
30.0419 0.0005 0.0004
30.0595 0.0005 0.0004
30.0771 0.0005 0.0004
30.0946 0.0005 0.0004
30.1122 0.0005 0.0004
30.1298 0.0005 0.0004
30.1474 0.0005 0.0004
30.1650 0.0005 0.0004
30.1826 0.0005 0.0004
30.2002 0.0005 0.0004
30.2178 0.0005 0.0004
30.2354 0.0004 0.0004
30.2529 0.0004 0.0004
30.2705 0.0004 0.0004
30.2881 0.0004 0.0004
30.3057 0.0004 0.0004
30.3233 0.0004 0.0004
30.3409 0.0004 0.0004
30.3585 0.0004 0.0004
30.3761 0.0004 0.0004
30.3937 0.0004 0.0004
30.4112 0.0004 0.0004
30.4288 0.0004 0.0004
30.4464 0.0004 0.0004
30.4640 0.0004 0.0004
30.4816 0.0004 0.0004
30.4992 0.0004 0.0004
30.5168 0.0004 0.0004
30.5344 0.0004 0.0004
30.5520 0.0004 0.0004
30.5695 0.0004 0.0004
30.5871 0.0004 0.0004
30.6047 0.0004 0.0004
30.6223 0.0004 0.0004
30.6399 0.0004 0.0004
30.6575 0.0004 0.0004
30.6751 0.0004 0.0004
30.6927 0.0004 0.0004
30.7103 0.0004 0.0004
30.7278 0.0004 0.0004
30.7454 0.0004 0.0004
30.7630 0.0004 0.0004
30.7806 0.0004 0.0004
30.7982 0.0004 0.0004
30.8158 0.0004 0.0004
30.8334 0.0004 0.0004
30.8510 0.0004 0.0004
30.8686 0.0004 0.0004
30.8861 0.0004 0.0004
30.9037 0.0004 0.0004
30.9213 0.0004 0.0004
30.9389 0.0004 0.0004
30.9565 0.0004 0.0004
30.9741 0.0004 0.0004
30.9917 0.0004 0.0004
31.0093 0.0004 0.0004
31.0269 0.0004 0.0004
31.0444 0.0004 0.0004
31.0620 0.0004 0.0004
31.0796 0.0004 0.0004
31.0972 0.0004 0.0004
31.1148 0.0004 0.0004
31.1324 0.0004 0.0004
31.1500 0.0004 0.0004
31.1676 0.0004 0.0004
31.1852 0.0004 0.0004
31.2027 0.0004 0.0004
31.2203 0.0004 0.0004
31.2379 0.0004 0.0004
31.2555 0.0004 0.0004
31.2731 0.0004 0.0004
31.2907 0.0004 0.0004
31.3083 0.0004 0.0004
31.3259 0.0004 0.0004
31.3435 0.0004 0.0004
31.3610 0.0004 0.0004
31.3786 0.0004 0.0004
31.3962 0.0004 0.0004
31.4138 0.0004 0.0004
31.4314 0.0004 0.0004
31.4490 0.0004 0.0004
31.4666 0.0004 0.0004
31.4842 0.0004 0.0004
31.5018 0.0004 0.0004
31.5193 0.0004 0.0004
31.5369 0.0004 0.0004
31.5545 0.0004 0.0004
31.5721 0.0004 0.0004
31.5897 0.0004 0.0004
31.6073 0.0004 0.0004
31.6249 0.0004 0.0004
31.6425 0.0004 0.0004
31.6601 0.0004 0.0004
31.6777 0.0004 0.0004
31.6952 0.0004 0.0004
31.7128 0.0004 0.0004
31.7304 0.0004 0.0004
31.7480 0.0004 0.0004
31.7656 0.0004 0.0004
31.7832 0.0004 0.0004
31.8008 0.0004 0.0004
31.8184 0.0004 0.0004
31.8360 0.0004 0.0004
31.8535 0.0004 0.0004
31.8711 0.0004 0.0004
31.8887 0.0004 0.0004
31.9063 0.0004 0.0004
31.9239 0.0004 0.0004
31.9415 0.0004 0.0004
31.9591 0.0004 0.0004
31.9767 0.0004 0.0004
31.9943 0.0004 0.0003
32.0118 0.0004 0.0003
32.0294 0.0004 0.0003
32.0470 0.0004 0.0003
32.0646 0.0004 0.0003
32.0822 0.0004 0.0003
32.0998 0.0004 0.0003
32.1174 0.0004 0.0003
32.1350 0.0004 0.0003
32.1526 0.0004 0.0003
32.1701 0.0004 0.0003
32.1877 0.0004 0.0003
32.2053 0.0004 0.0003
32.2229 0.0004 0.0003
32.2405 0.0004 0.0003
32.2581 0.0004 0.0003
32.2757 0.0004 0.0003
32.2933 0.0004 0.0003
32.3109 0.0004 0.0003
32.3284 0.0004 0.0003
32.3460 0.0003 0.0003
32.3636 0.0003 0.0003
32.3812 0.0003 0.0003
32.3988 0.0003 0.0003
32.4164 0.0003 0.0003
32.4340 0.0003 0.0003
32.4516 0.0003 0.0003
32.4692 0.0003 0.0003
32.4867 0.0003 0.0003
32.5043 0.0003 0.0003
32.5219 0.0003 0.0003
32.5395 0.0003 0.0003
32.5571 0.0003 0.0003
32.5747 0.0003 0.0003
32.5923 0.0003 0.0003
32.6099 0.0003 0.0003
32.6275 0.0003 0.0003
32.6450 0.0003 0.0003
32.6626 0.0003 0.0003
32.6802 0.0003 0.0003
32.6978 0.0003 0.0003
32.7154 0.0003 0.0003
32.7330 0.0003 0.0003
32.7506 0.0003 0.0003
32.7682 0.0003 0.0003
32.7858 0.0003 0.0003
32.8033 0.0003 0.0003
32.8209 0.0003 0.0003
32.8385 0.0003 0.0003
32.8561 0.0003 0.0003
32.8737 0.0003 0.0003
32.8913 0.0003 0.0003
32.9089 0.0003 0.0003
32.9265 0.0003 0.0003
32.9441 0.0003 0.0003
32.9616 0.0003 0.0003
32.9792 0.0003 0.0003
32.9968 0.0003 0.0003
33.0144 0.0003 0.0003
33.0320 0.0003 0.0003
33.0496 0.0003 0.0003
33.0672 0.0003 0.0003
33.0848 0.0003 0.0003
33.1024 0.0003 0.0003
33.1199 0.0003 0.0003
33.1375 0.0003 0.0003
33.1551 0.0003 0.0003
33.1727 0.0003 0.0003
33.1903 0.0003 0.0003
33.2079 0.0003 0.0003
33.2255 0.0003 0.0003
33.2431 0.0003 0.0003
33.2607 0.0003 0.0003
33.2782 0.0003 0.0003
33.2958 0.0003 0.0003
33.3134 0.0003 0.0003
33.3310 0.0003 0.0003
33.3486 0.0003 0.0003
33.3662 0.0003 0.0003
33.3838 0.0003 0.0003
33.4014 0.0003 0.0003
33.4190 0.0003 0.0003
33.4365 0.0003 0.0003
33.4541 0.0003 0.0003
33.4717 0.0003 0.0003
33.4893 0.0003 0.0003
33.5069 0.0003 0.0003
33.5245 0.0003 0.0003
33.5421 0.0003 0.0003
33.5597 0.0003 0.0003
33.5773 0.0003 0.0003
33.5948 0.0003 0.0003
33.6124 0.0003 0.0003
33.6300 0.0003 0.0003
33.6476 0.0003 0.0003
33.6652 0.0003 0.0003
33.6828 0.0003 0.0003
33.7004 0.0003 0.0003
33.7180 0.0003 0.0003
33.7356 0.0003 0.0003
33.7531 0.0003 0.0003
33.7707 0.0003 0.0003
33.7883 0.0003 0.0003
33.8059 0.0003 0.0003
33.8235 0.0003 0.0003
33.8411 0.0003 0.0003
33.8587 0.0003 0.0003
33.8763 0.0003 0.0003
33.8939 0.0003 0.0003
33.9114 0.0003 0.0003
33.9290 0.0003 0.0003
33.9466 0.0003 0.0003
33.9642 0.0003 0.0003
33.9818 0.0003 0.0003
33.9994 0.0003 0.0003
34.0170 0.0003 0.0003
34.0346 0.0003 0.0003
34.0522 0.0003 0.0003
34.0697 0.0003 0.0003
34.0873 0.0003 0.0003
34.1049 0.0003 0.0003
34.1225 0.0003 0.0003
34.1401 0.0003 0.0003
34.1577 0.0003 0.0003
34.1753 0.0003 0.0003
34.1929 0.0003 0.0003
34.2105 0.0003 0.0003
34.2280 0.0003 0.0003
34.2456 0.0003 0.0003
34.2632 0.0003 0.0003
34.2808 0.0003 0.0003
34.2984 0.0003 0.0003
34.3160 0.0003 0.0003
34.3336 0.0003 0.0003
34.3512 0.0003 0.0003
34.3688 0.0003 0.0003
34.3863 0.0003 0.0003
34.4039 0.0003 0.0003
34.4215 0.0003 0.0003
34.4391 0.0003 0.0003
34.4567 0.0003 0.0003
34.4743 0.0003 0.0003
34.4919 0.0003 0.0003
34.5095 0.0003 0.0003
34.5271 0.0003 0.0003
34.5446 0.0003 0.0003
34.5622 0.0003 0.0003
34.5798 0.0003 0.0003
34.5974 0.0003 0.0003
34.6150 0.0003 0.0003
34.6326 0.0003 0.0003
34.6502 0.0003 0.0003
34.6678 0.0003 0.0003
34.6854 0.0003 0.0003
34.7029 0.0003 0.0003
34.7205 0.0003 0.0003
34.7381 0.0003 0.0003
34.7557 0.0003 0.0003
34.7733 0.0003 0.0003
34.7909 0.0003 0.0003
34.8085 0.0003 0.0003
34.8261 0.0003 0.0003
34.8437 0.0003 0.0003
34.8612 0.0003 0.0003
34.8788 0.0003 0.0003
34.8964 0.0003 0.0003
34.9140 0.0003 0.0003
34.9316 0.0003 0.0003
34.9492 0.0003 0.0003
34.9668 0.0003 0.0003
34.9844 0.0003 0.0003
35.0020 0.0003 0.0003
35.0195 0.0003 0.0003
35.0371 0.0003 0.0003
35.0547 0.0003 0.0003
35.0723 0.0003 0.0003
35.0899 0.0003 0.0003
35.1075 0.0003 0.0003
35.1251 0.0003 0.0003
35.1427 0.0003 0.0003
35.1603 0.0003 0.0003
  
  
  
  
  
dim="1">gridpoints</dimension>  
  
  
  
  
  
  
  
  
0.0000 209.8219 157.0704
0.0176 209.8219 157.0704
0.0352 105.0823 78.5080
0.0528 70.2419 52.3110
0.0704 52.8728 39.2082
0.0879 42.4882 31.3460
0.1055 35.5918 26.1071
0.1231 30.6847 22.3702
0.1407 27.0169 19.5747
0.1583 24.1718 17.4092
0.1759 21.8992 15.6868
0.1935 20.0400 14.2882
0.2111 18.4882 13.1340
0.2287 17.1708 12.1685
0.2462 16.0359 11.3518
0.2638 15.0457 10.6544
0.2814 14.1724 10.0536
0.2990 13.3947 9.5319
0.3166 12.6967 9.0754
0.3342 12.0659 8.6728
0.3518 11.4926 8.3150
0.3694 10.9689 7.9946
0.3870 10.4885 7.7054
0.4045 10.0461 7.4422
0.4221 9.6372 7.2009
0.4397 9.2580 6.9781
0.4573 8.9049 6.7710
0.4749 8.5749 6.5776
0.4925 8.2650 6.3961
0.5101 7.9726 6.2251
0.5277 7.6953 6.0637
0.5453 7.4312 5.9110
0.5628 7.1782 5.7665
0.5804 6.9348 5.6294
0.5980 6.6998 5.4995
0.6156 6.4722 5.3760
0.6332 6.2513 5.2585
0.6508 6.0369 5.1463
0.6684 5.8287 5.0389
0.6860 5.6269 4.9355
0.7036 5.4317 4.8353
0.7211 5.2435 4.7376
0.7387 5.0629 4.6416
0.7563 4.8902 4.5468
0.7739 4.7260 4.4524
0.7915 4.5706 4.3581
0.8091 4.4243 4.2634
0.8267 4.2872 4.1683
0.8443 4.1595 4.0728
0.8619 4.0410 3.9770
0.8794 3.9315 3.8813
0.8970 3.8305 3.7861
0.9146 3.7377 3.6920
0.9322 3.6526 3.5997
0.9498 3.5745 3.5097
0.9674 3.5028 3.4227
0.9850 3.4371 3.3393
1.0026 3.3766 3.2600
1.0202 3.3209 3.1853
1.0377 3.2695 3.1153
1.0553 3.2222 3.0504
1.0729 3.1785 2.9905
1.0905 3.1382 2.9356
1.1081 3.1013 2.8854
1.1257 3.0677 2.8398
1.1433 3.0373 2.7983
1.1609 3.0101 2.7607
1.1785 2.9860 2.7264
1.1960 2.9651 2.6952
1.2136 2.9473 2.6665
1.2312 2.9324 2.6401
1.2488 2.9204 2.6156
1.2664 2.9108 2.5927
1.2840 2.9035 2.5711
1.3016 2.8982 2.5506
1.3192 2.8943 2.5310
1.3368 2.8916 2.5121
1.3543 2.8895 2.4937
1.3719 2.8878 2.4756
1.3895 2.8859 2.4577
1.4071 2.8836 2.4398
1.4247 2.8805 2.4218
1.4423 2.8763 2.4034
1.4599 2.8709 2.3847
1.4775 2.8640 2.3653
1.4951 2.8554 2.3453
1.5126 2.8452 2.3246
1.5302 2.8331 2.3030
1.5478 2.8193 2.2807
1.5654 2.8037 2.2576
1.5830 2.7862 2.2339
1.6006 2.7669 2.2096
1.6182 2.7458 2.1848
1.6358 2.7230 2.1599
1.6534 2.6985 2.1349
1.6709 2.6725 2.1102
1.6885 2.6449 2.0861
1.7061 2.6160 2.0628
1.7237 2.5858 2.0406
1.7413 2.5546 2.0199
1.7589 2.5224 2.0010
1.7765 2.4895 1.9840
1.7941 2.4559 1.9693
1.8117 2.4220 1.9571
1.8292 2.3878 1.9475
1.8468 2.3535 1.9406
1.8644 2.3192 1.9364
1.8820 2.2850 1.9349
1.8996 2.2510 1.9361
1.9172 2.2174 1.9397
1.9348 2.1841 1.9455
1.9524 2.1512 1.9532
1.9700 2.1189 1.9624
1.9875 2.0871 1.9728
2.0051 2.0559 1.9838
2.0227 2.0255 1.9951
2.0403 1.9957 2.0061
2.0579 1.9668 2.0164
2.0755 1.9388 2.0255
2.0931 1.9117 2.0329
2.1107 1.8856 2.0384
2.1283 1.8606 2.0415
2.1458 1.8366 2.0421
2.1634 1.8137 2.0399
2.1810 1.7918 2.0350
2.1986 1.7711 2.0272
2.2162 1.7515 2.0167
2.2338 1.7330 2.0036
2.2514 1.7156 1.9881
2.2690 1.6993 1.9704
2.2866 1.6841 1.9510
2.3041 1.6699 1.9300
2.3217 1.6567 1.9079
2.3393 1.6446 1.8849
2.3569 1.6334 1.8615
2.3745 1.6232 1.8379
2.3921 1.6139 1.8145
2.4097 1.6055 1.7915
2.4273 1.5980 1.7691
2.4449 1.5911 1.7476
2.4624 1.5849 1.7272
2.4800 1.5793 1.7079
2.4976 1.5743 1.6900
2.5152 1.5696 1.6734
2.5328 1.5652 1.6584
2.5504 1.5611 1.6448
2.5680 1.5571 1.6327
2.5856 1.5533 1.6221
2.6032 1.5494 1.6130
2.6207 1.5456 1.6051
2.6383 1.5416 1.5985
2.6559 1.5376 1.5929
2.6735 1.5335 1.5881
2.6911 1.5293 1.5841
2.7087 1.5250 1.5805
2.7263 1.5207 1.5773
2.7439 1.5163 1.5741
2.7615 1.5119 1.5709
2.7790 1.5075 1.5675
2.7966 1.5032 1.5638
2.8142 1.4991 1.5597
2.8318 1.4952 1.5552
2.8494 1.4915 1.5502
2.8670 1.4882 1.5449
2.8846 1.4852 1.5392
2.9022 1.4827 1.5331
2.9198 1.4807 1.5269
2.9374 1.4793 1.5205
2.9549 1.4785 1.5141
2.9725 1.4783 1.5076
2.9901 1.4787 1.5011
3.0077 1.4797 1.4947
3.0253 1.4813 1.4883
3.0429 1.4834 1.4818
3.0605 1.4859 1.4753
3.0781 1.4886 1.4686
3.0957 1.4914 1.4616
3.1132 1.4941 1.4543
3.1308 1.4966 1.4466
3.1484 1.4986 1.4383
3.1660 1.4999 1.4295
3.1836 1.5004 1.4199
3.2012 1.4999 1.4096
3.2188 1.4982 1.3985
3.2364 1.4951 1.3866
3.2540 1.4906 1.3738
3.2715 1.4845 1.3602
3.2891 1.4767 1.3458
3.3067 1.4671 1.3305
3.3243 1.4558 1.3144
3.3419 1.4427 1.2976
3.3595 1.4278 1.2800
3.3771 1.4111 1.2618
3.3947 1.3926 1.2429
3.4123 1.3726 1.2236
3.4298 1.3509 1.2037
3.4474 1.3279 1.1835
3.4650 1.3036 1.1631
3.4826 1.2783 1.1425
3.5002 1.2521 1.1220
3.5178 1.2255 1.1017
3.5354 1.1986 1.0816
3.5530 1.1717 1.0621
3.5706 1.1451 1.0432
3.5881 1.1192 1.0252
3.6057 1.0941 1.0080
3.6233 1.0701 0.9920
3.6409 1.0474 0.9771
3.6585 1.0262 0.9634
3.6761 1.0067 0.9511
3.6937 0.9888 0.9400
3.7113 0.9726 0.9302
3.7289 0.9582 0.9217
3.7464 0.9454 0.9143
3.7640 0.9342 0.9079
3.7816 0.9244 0.9025
3.7992 0.9160 0.8979
3.8168 0.9088 0.8940
3.8344 0.9027 0.8907
3.8520 0.8974 0.8878
3.8696 0.8928 0.8853
3.8872 0.8888 0.8830
3.9047 0.8852 0.8808
3.9223 0.8819 0.8787
3.9399 0.8788 0.8767
3.9575 0.8758 0.8748
3.9751 0.8729 0.8728
3.9927 0.8700 0.8709
4.0103 0.8670 0.8690
4.0279 0.8640 0.8672
4.0455 0.8610 0.8655
4.0630 0.8579 0.8638
4.0806 0.8548 0.8622
4.0982 0.8518 0.8607
4.1158 0.8489 0.8594
4.1334 0.8461 0.8581
4.1510 0.8435 0.8568
4.1686 0.8411 0.8555
4.1862 0.8389 0.8542
4.2038 0.8369 0.8527
4.2213 0.8351 0.8510
4.2389 0.8334 0.8491
4.2565 0.8319 0.8467
4.2741 0.8304 0.8440
4.2917 0.8289 0.8407
4.3093 0.8272 0.8368
4.3269 0.8254 0.8323
4.3445 0.8232 0.8270
4.3621 0.8207 0.8211
4.3796 0.8177 0.8145
4.3972 0.8143 0.8073
4.4148 0.8103 0.7994
4.4324 0.8059 0.7909
4.4500 0.8010 0.7820
4.4676 0.7956 0.7727
4.4852 0.7899 0.7631
4.5028 0.7839 0.7534
4.5204 0.7777 0.7436
4.5379 0.7714 0.7339
4.5555 0.7651 0.7244
4.5731 0.7589 0.7150
4.5907 0.7527 0.7060
4.6083 0.7468 0.6974
4.6259 0.7411 0.6891
4.6435 0.7357 0.6813
4.6611 0.7306 0.6739
4.6787 0.7257 0.6668
4.6962 0.7211 0.6601
4.7138 0.7168 0.6538
4.7314 0.7128 0.6478
4.7490 0.7090 0.6420
4.7666 0.7054 0.6364
4.7842 0.7020 0.6310
4.8018 0.6989 0.6257
4.8194 0.6960 0.6206
4.8370 0.6933 0.6155
4.8545 0.6908 0.6105
4.8721 0.6884 0.6055
4.8897 0.6862 0.6006
4.9073 0.6841 0.5956
4.9249 0.6821 0.5906
4.9425 0.6801 0.5856
4.9601 0.6781 0.5806
4.9777 0.6759 0.5756
4.9953 0.6736 0.5706
5.0128 0.6710 0.5656
5.0304 0.6681 0.5607
5.0480 0.6649 0.5558
5.0656 0.6614 0.5510
5.0832 0.6575 0.5464
5.1008 0.6531 0.5419
5.1184 0.6485 0.5376
5.1360 0.6435 0.5336
5.1536 0.6383 0.5298
5.1711 0.6328 0.5263
5.1887 0.6272 0.5232
5.2063 0.6215 0.5203
5.2239 0.6158 0.5178
5.2415 0.6101 0.5156
5.2591 0.6044 0.5137
5.2767 0.5989 0.5120
5.2943 0.5935 0.5105
5.3119 0.5882 0.5093
5.3294 0.5830 0.5081
5.3470 0.5780 0.5070
5.3646 0.5730 0.5060
5.3822 0.5682 0.5050
5.3998 0.5633 0.5039
5.4174 0.5586 0.5028
5.4350 0.5538 0.5016
5.4526 0.5491 0.5002
5.4702 0.5444 0.4988
5.4877 0.5397 0.4974
5.5053 0.5351 0.4958
5.5229 0.5305 0.4941
5.5405 0.5261 0.4924
5.5581 0.5218 0.4907
5.5757 0.5176 0.4890
5.5933 0.5136 0.4872
5.6109 0.5097 0.4854
5.6285 0.5061 0.4836
5.6460 0.5027 0.4818
5.6636 0.4995 0.4800
5.6812 0.4965 0.4781
5.6988 0.4936 0.4762
5.7164 0.4910 0.4743
5.7340 0.4884 0.4723
5.7516 0.4861 0.4702
5.7692 0.4838 0.4681
5.7868 0.4816 0.4659
5.8043 0.4794 0.4638
5.8219 0.4774 0.4616
5.8395 0.4754 0.4595
5.8571 0.4734 0.4574
5.8747 0.4715 0.4555
5.8923 0.4696 0.4536
5.9099 0.4677 0.4520
5.9275 0.4660 0.4506
5.9451 0.4642 0.4493
5.9626 0.4626 0.4483
5.9802 0.4610 0.4476
5.9978 0.4595 0.4471
6.0154 0.4581 0.4467
6.0330 0.4568 0.4466
6.0506 0.4556 0.4467
6.0682 0.4545 0.4469
6.0858 0.4534 0.4472
6.1034 0.4524 0.4476
6.1209 0.4515 0.4480
6.1385 0.4507 0.4484
6.1561 0.4499 0.4488
6.1737 0.4493 0.4491
6.1913 0.4486 0.4494
6.2089 0.4481 0.4495
6.2265 0.4476 0.4496
6.2441 0.4471 0.4495
6.2617 0.4467 0.4493
6.2792 0.4464 0.4490
6.2968 0.4461 0.4486
6.3144 0.4458 0.4480
6.3320 0.4456 0.4473
6.3496 0.4454 0.4465
6.3672 0.4452 0.4455
6.3848 0.4449 0.4444
6.4024 0.4447 0.4432
6.4200 0.4444 0.4419
6.4375 0.4440 0.4404
6.4551 0.4435 0.4389
6.4727 0.4429 0.4373
6.4903 0.4423 0.4356
6.5079 0.4415 0.4339
6.5255 0.4407 0.4322
6.5431 0.4397 0.4305
6.5607 0.4387 0.4288
6.5783 0.4376 0.4272
6.5958 0.4365 0.4258
6.6134 0.4353 0.4244
6.6310 0.4342 0.4231
6.6486 0.4331 0.4220
6.6662 0.4321 0.4209
6.6838 0.4312 0.4200
6.7014 0.4305 0.4192
6.7190 0.4299 0.4185
6.7366 0.4294 0.4178
6.7541 0.4292 0.4172
6.7717 0.4291 0.4165
6.7893 0.4292 0.4158
6.8069 0.4295 0.4150
6.8245 0.4299 0.4141
6.8421 0.4305 0.4132
6.8597 0.4312 0.4120
6.8773 0.4321 0.4108
6.8949 0.4330 0.4093
6.9124 0.4340 0.4078
6.9300 0.4350 0.4061
6.9476 0.4360 0.4043
6.9652 0.4369 0.4025
6.9828 0.4379 0.4006
7.0004 0.4387 0.3987
7.0180 0.4395 0.3968
7.0356 0.4402 0.3950
7.0532 0.4407 0.3933
7.0707 0.4411 0.3918
7.0883 0.4414 0.3903
7.1059 0.4416 0.3891
7.1235 0.4416 0.3881
7.1411 0.4414 0.3872
7.1587 0.4411 0.3865
7.1763 0.4407 0.3860
7.1939 0.4401 0.3856
7.2115 0.4394 0.3854
7.2290 0.4386 0.3853
7.2466 0.4376 0.3853
7.2642 0.4366 0.3854
7.2818 0.4355 0.3856
7.2994 0.4343 0.3858
7.3170 0.4331 0.3861
7.3346 0.4319 0.3865
7.3522 0.4308 0.3868
7.3698 0.4297 0.3873
7.3873 0.4287 0.3877
7.4049 0.4278 0.3883
7.4225 0.4270 0.3889
7.4401 0.4264 0.3896
7.4577 0.4260 0.3903
7.4753 0.4258 0.3912
7.4929 0.4258 0.3921
7.5105 0.4259 0.3932
7.5281 0.4262 0.3943
7.5456 0.4266 0.3956
7.5632 0.4272 0.3969
7.5808 0.4279 0.3983
7.5984 0.4286 0.3998
7.6160 0.4294 0.4013
7.6336 0.4301 0.4029
7.6512 0.4308 0.4044
7.6688 0.4314 0.4060
7.6864 0.4320 0.4075
7.7039 0.4324 0.4090
7.7215 0.4327 0.4105
7.7391 0.4328 0.4119
7.7567 0.4328 0.4132
7.7743 0.4327 0.4144
7.7919 0.4324 0.4155
7.8095 0.4321 0.4165
7.8271 0.4316 0.4174
7.8447 0.4311 0.4182
7.8622 0.4305 0.4189
7.8798 0.4299 0.4195
7.8974 0.4294 0.4200
7.9150 0.4288 0.4204
7.9326 0.4283 0.4208
7.9502 0.4279 0.4211
7.9678 0.4276 0.4213
7.9854 0.4274 0.4215
8.0030 0.4272 0.4216
8.0205 0.4272 0.4217
8.0381 0.4274 0.4217
8.0557 0.4276 0.4217
8.0733 0.4280 0.4217
8.0909 0.4285 0.4216
8.1085 0.4291 0.4215
8.1261 0.4299 0.4214
8.1437 0.4308 0.4213
8.1613 0.4319 0.4211
8.1788 0.4331 0.4210
8.1964 0.4343 0.4209
8.2140 0.4358 0.4208
8.2316 0.4373 0.4207
8.2492 0.4389 0.4207
8.2668 0.4406 0.4207
8.2844 0.4424 0.4208
8.3020 0.4442 0.4210
8.3196 0.4461 0.4211
8.3371 0.4480 0.4214
8.3547 0.4499 0.4217
8.3723 0.4519 0.4220
8.3899 0.4537 0.4224
8.4075 0.4556 0.4229
8.4251 0.4575 0.4234
8.4427 0.4593 0.4239
8.4603 0.4611 0.4244
8.4779 0.4629 0.4249
8.4954 0.4647 0.4254
8.5130 0.4665 0.4259
8.5306 0.4684 0.4264
8.5482 0.4703 0.4268
8.5658 0.4723 0.4272
8.5834 0.4744 0.4275
8.6010 0.4765 0.4277
8.6186 0.4788 0.4278
8.6362 0.4812 0.4278
8.6538 0.4838 0.4277
8.6713 0.4864 0.4274
8.6889 0.4892 0.4271
8.7065 0.4920 0.4266
8.7241 0.4949 0.4260
8.7417 0.4978 0.4253
8.7593 0.5008 0.4245
8.7769 0.5037 0.4236
8.7945 0.5065 0.4227
8.8121 0.5091 0.4218
8.8296 0.5116 0.4208
8.8472 0.5139 0.4199
8.8648 0.5159 0.4191
8.8824 0.5176 0.4183
8.9000 0.5190 0.4176
8.9176 0.5200 0.4170
8.9352 0.5207 0.4165
8.9528 0.5210 0.4161
8.9704 0.5209 0.4159
8.9879 0.5206 0.4158
9.0055 0.5199 0.4159
9.0231 0.5189 0.4160
9.0407 0.5177 0.4163
9.0583 0.5163 0.4168
9.0759 0.5147 0.4173
9.0935 0.5130 0.4180
9.1111 0.5113 0.4187
9.1287 0.5095 0.4196
9.1462 0.5077 0.4205
9.1638 0.5060 0.4215
9.1814 0.5044 0.4226
9.1990 0.5029 0.4238
9.2166 0.5016 0.4250
9.2342 0.5004 0.4262
9.2518 0.4993 0.4275
9.2694 0.4985 0.4288
9.2870 0.4977 0.4301
9.3045 0.4972 0.4314
9.3221 0.4967 0.4328
9.3397 0.4963 0.4341
9.3573 0.4960 0.4354
9.3749 0.4958 0.4368
9.3925 0.4955 0.4381
9.4101 0.4953 0.4393
9.4277 0.4950 0.4406
9.4453 0.4947 0.4418
9.4628 0.4943 0.4429
9.4804 0.4938 0.4440
9.4980 0.4932 0.4450
9.5156 0.4925 0.4460
9.5332 0.4918 0.4468
9.5508 0.4910 0.4477
9.5684 0.4901 0.4484
9.5860 0.4892 0.4491
9.6036 0.4883 0.4497
9.6211 0.4873 0.4503
9.6387 0.4864 0.4508
9.6563 0.4854 0.4514
9.6739 0.4845 0.4519
9.6915 0.4837 0.4524
9.7091 0.4829 0.4529
9.7267 0.4822 0.4535
9.7443 0.4816 0.4541
9.7619 0.4810 0.4547
9.7794 0.4806 0.4554
9.7970 0.4802 0.4562
9.8146 0.4800 0.4570
9.8322 0.4798 0.4578
9.8498 0.4798 0.4588
9.8674 0.4799 0.4598
9.8850 0.4801 0.4608
9.9026 0.4803 0.4619
9.9202 0.4806 0.4631
9.9377 0.4810 0.4643
9.9553 0.4815 0.4655
9.9729 0.4819 0.4667
9.9905 0.4824 0.4680
10.0081 0.4828 0.4692
10.0257 0.4832 0.4705
10.0433 0.4836 0.4717
10.0609 0.4840 0.4728
10.0785 0.4843 0.4740
10.0960 0.4846 0.4750
10.1136 0.4849 0.4759
10.1312 0.4852 0.4768
10.1488 0.4854 0.4775
10.1664 0.4857 0.4781
10.1840 0.4859 0.4785
10.2016 0.4862 0.4788
10.2192 0.4865 0.4789
10.2368 0.4869 0.4789
10.2543 0.4873 0.4787
10.2719 0.4878 0.4783
10.2895 0.4883 0.4779
10.3071 0.4889 0.4773
10.3247 0.4895 0.4767
10.3423 0.4902 0.4760
10.3599 0.4909 0.4753
10.3775 0.4916 0.4745
10.3951 0.4924 0.4738
10.4126 0.4932 0.4731
10.4302 0.4939 0.4725
10.4478 0.4947 0.4719
10.4654 0.4955 0.4714
10.4830 0.4963 0.4710
10.5006 0.4970 0.4707
10.5182 0.4976 0.4705
10.5358 0.4983 0.4704
10.5534 0.4988 0.4704
10.5709 0.4993 0.4705
10.5885 0.4997 0.4707
10.6061 0.5000 0.4710
10.6237 0.5002 0.4714
10.6413 0.5003 0.4719
10.6589 0.5003 0.4725
10.6765 0.5002 0.4733
10.6941 0.5000 0.4742
10.7117 0.4998 0.4752
10.7292 0.4994 0.4764
10.7468 0.4990 0.4777
10.7644 0.4985 0.4791
10.7820 0.4980 0.4807
10.7996 0.4975 0.4825
10.8172 0.4970 0.4844
10.8348 0.4964 0.4864
10.8524 0.4959 0.4885
10.8700 0.4955 0.4907
10.8875 0.4950 0.4930
10.9051 0.4947 0.4953
10.9227 0.4943 0.4976
10.9403 0.4941 0.4999
10.9579 0.4938 0.5021
10.9755 0.4937 0.5043
10.9931 0.4936 0.5063
11.0107 0.4935 0.5081
11.0283 0.4935 0.5098
11.0458 0.4936 0.5112
11.0634 0.4938 0.5125
11.0810 0.4940 0.5136
11.0986 0.4943 0.5144
11.1162 0.4947 0.5151
11.1338 0.4952 0.5155
11.1514 0.4958 0.5159
11.1690 0.4965 0.5160
11.1866 0.4973 0.5161
11.2041 0.4983 0.5162
11.2217 0.4994 0.5162
11.2393 0.5006 0.5162
11.2569 0.5020 0.5163
11.2745 0.5035 0.5164
11.2921 0.5051 0.5166
11.3097 0.5068 0.5169
11.3273 0.5086 0.5173
11.3449 0.5105 0.5178
11.3624 0.5124 0.5184
11.3800 0.5143 0.5192
11.3976 0.5163 0.5200
11.4152 0.5182 0.5209
11.4328 0.5200 0.5218
11.4504 0.5218 0.5228
11.4680 0.5236 0.5238
11.4856 0.5252 0.5248
11.5032 0.5267 0.5257
11.5207 0.5280 0.5265
11.5383 0.5293 0.5272
11.5559 0.5304 0.5278
11.5735 0.5313 0.5283
11.5911 0.5322 0.5285
11.6087 0.5329 0.5286
11.6263 0.5334 0.5285
11.6439 0.5339 0.5282
11.6615 0.5342 0.5277
11.6790 0.5345 0.5270
11.6966 0.5346 0.5262
11.7142 0.5348 0.5253
11.7318 0.5349 0.5243
11.7494 0.5349 0.5232
11.7670 0.5350 0.5221
11.7846 0.5352 0.5210
11.8022 0.5353 0.5200
11.8198 0.5356 0.5190
11.8373 0.5360 0.5182
11.8549 0.5364 0.5174
11.8725 0.5370 0.5169
11.8901 0.5377 0.5166
11.9077 0.5386 0.5164
11.9253 0.5396 0.5165
11.9429 0.5407 0.5168
11.9605 0.5420 0.5174
11.9781 0.5434 0.5182
11.9956 0.5450 0.5192
12.0132 0.5466 0.5204
12.0308 0.5483 0.5219
12.0484 0.5501 0.5236
12.0660 0.5519 0.5254
12.0836 0.5538 0.5275
12.1012 0.5556 0.5296
12.1188 0.5575 0.5319
12.1364 0.5594 0.5343
12.1539 0.5612 0.5368
12.1715 0.5631 0.5393
12.1891 0.5648 0.5418
12.2067 0.5666 0.5443
12.2243 0.5682 0.5467
12.2419 0.5698 0.5491
12.2595 0.5714 0.5514
12.2771 0.5728 0.5536
12.2947 0.5742 0.5556
12.3122 0.5754 0.5575
12.3298 0.5765 0.5592
12.3474 0.5775 0.5607
12.3650 0.5783 0.5620
12.3826 0.5790 0.5631
12.4002 0.5794 0.5639
12.4178 0.5797 0.5644
12.4354 0.5797 0.5647
12.4530 0.5795 0.5647
12.4705 0.5791 0.5644
12.4881 0.5785 0.5638
12.5057 0.5776 0.5630
12.5233 0.5766 0.5620
12.5409 0.5753 0.5608
12.5585 0.5739 0.5595
12.5761 0.5723 0.5580
12.5937 0.5706 0.5564
12.6113 0.5688 0.5548
12.6288 0.5669 0.5532
12.6464 0.5650 0.5517
12.6640 0.5630 0.5503
12.6816 0.5609 0.5489
12.6992 0.5590 0.5477
12.7168 0.5570 0.5467
12.7344 0.5551 0.5458
12.7520 0.5533 0.5451
12.7696 0.5516 0.5446
12.7871 0.5500 0.5442
12.8047 0.5485 0.5439
12.8223 0.5472 0.5438
12.8399 0.5461 0.5438
12.8575 0.5451 0.5439
12.8751 0.5442 0.5441
12.8927 0.5435 0.5443
12.9103 0.5430 0.5445
12.9279 0.5427 0.5448
12.9454 0.5424 0.5452
12.9630 0.5423 0.5455
12.9806 0.5423 0.5458
12.9982 0.5423 0.5461
13.0158 0.5424 0.5464
13.0334 0.5425 0.5468
13.0510 0.5426 0.5470
13.0686 0.5426 0.5473
13.0862 0.5425 0.5475
13.1037 0.5424 0.5477
13.1213 0.5421 0.5478
13.1389 0.5416 0.5479
13.1565 0.5410 0.5479
13.1741 0.5402 0.5478
13.1917 0.5392 0.5476
13.2093 0.5380 0.5472
13.2269 0.5365 0.5468
13.2445 0.5349 0.5462
13.2620 0.5331 0.5454
13.2796 0.5311 0.5445
13.2972 0.5289 0.5435
13.3148 0.5266 0.5422
13.3324 0.5241 0.5408
13.3500 0.5215 0.5392
13.3676 0.5188 0.5375
13.3852 0.5160 0.5356
13.4028 0.5131 0.5337
13.4203 0.5102 0.5316
13.4379 0.5072 0.5294
13.4555 0.5042 0.5271
13.4731 0.5011 0.5248
13.4907 0.4980 0.5225
13.5083 0.4948 0.5201
13.5259 0.4917 0.5178
13.5435 0.4885 0.5155
13.5611 0.4852 0.5132
13.5786 0.4819 0.5109
13.5962 0.4786 0.5086
13.6138 0.4753 0.5063
13.6314 0.4719 0.5040
13.6490 0.4685 0.5017
13.6666 0.4651 0.4993
13.6842 0.4616 0.4969
13.7018 0.4582 0.4944
13.7194 0.4547 0.4918
13.7369 0.4513 0.4890
13.7545 0.4478 0.4861
13.7721 0.4444 0.4830
13.7897 0.4410 0.4797
13.8073 0.4377 0.4762
13.8249 0.4345 0.4726
13.8425 0.4313 0.4687
13.8601 0.4282 0.4647
13.8777 0.4252 0.4605
13.8952 0.4222 0.4561
13.9128 0.4194 0.4515
13.9304 0.4166 0.4468
13.9480 0.4140 0.4420
13.9656 0.4113 0.4370
13.9832 0.4088 0.4320
14.0008 0.4062 0.4270
14.0184 0.4037 0.4219
14.0360 0.4012 0.4168
14.0535 0.3987 0.4118
14.0711 0.3961 0.4067
14.0887 0.3934 0.4017
14.1063 0.3907 0.3968
14.1239 0.3878 0.3920
14.1415 0.3849 0.3872
14.1591 0.3818 0.3826
14.1767 0.3786 0.3780
14.1943 0.3752 0.3735
14.2118 0.3717 0.3691
14.2294 0.3681 0.3647
14.2470 0.3644 0.3604
14.2646 0.3606 0.3562
14.2822 0.3568 0.3521
14.2998 0.3529 0.3480
14.3174 0.3490 0.3439
14.3350 0.3450 0.3399
14.3526 0.3412 0.3360
14.3702 0.3373 0.3321
14.3877 0.3336 0.3282
14.4053 0.3299 0.3244
14.4229 0.3263 0.3206
14.4405 0.3229 0.3169
14.4581 0.3196 0.3133
14.4757 0.3164 0.3098
14.4933 0.3134 0.3063
14.5109 0.3104 0.3029
14.5285 0.3076 0.2996
14.5460 0.3050 0.2964
14.5636 0.3025 0.2932
14.5812 0.3000 0.2902
14.5988 0.2977 0.2872
14.6164 0.2955 0.2842
14.6340 0.2934 0.2814
14.6516 0.2914 0.2786
14.6692 0.2895 0.2758
14.6868 0.2877 0.2731
14.7043 0.2859 0.2705
14.7219 0.2842 0.2679
14.7395 0.2826 0.2654
14.7571 0.2810 0.2629
14.7747 0.2794 0.2604
14.7923 0.2779 0.2580
14.8099 0.2764 0.2557
14.8275 0.2749 0.2534
14.8451 0.2733 0.2512
14.8626 0.2718 0.2490
14.8802 0.2702 0.2469
14.8978 0.2687 0.2449
14.9154 0.2670 0.2429
14.9330 0.2653 0.2410
14.9506 0.2635 0.2391
14.9682 0.2617 0.2373
14.9858 0.2598 0.2355
15.0034 0.2579 0.2338
15.0209 0.2558 0.2321
15.0385 0.2537 0.2304
15.0561 0.2515 0.2287
15.0737 0.2492 0.2271
15.0913 0.2468 0.2254
15.1089 0.2444 0.2237
15.1265 0.2418 0.2220
15.1441 0.2392 0.2203
15.1617 0.2365 0.2185
15.1792 0.2337 0.2167
15.1968 0.2309 0.2149
15.2144 0.2280 0.2130
15.2320 0.2251 0.2111
15.2496 0.2221 0.2092
15.2672 0.2191 0.2072
15.2848 0.2161 0.2052
15.3024 0.2131 0.2031
15.3200 0.2101 0.2009
15.3375 0.2072 0.1988
15.3551 0.2043 0.1965
15.3727 0.2014 0.1943
15.3903 0.1985 0.1920
15.4079 0.1958 0.1896
15.4255 0.1931 0.1873
15.4431 0.1905 0.1849
15.4607 0.1879 0.1825
15.4783 0.1855 0.1801
15.4958 0.1831 0.1776
15.5134 0.1808 0.1752
15.5310 0.1785 0.1728
15.5486 0.1764 0.1704
15.5662 0.1743 0.1681
15.5838 0.1722 0.1657
15.6014 0.1702 0.1634
15.6190 0.1683 0.1612
15.6366 0.1664 0.1589
15.6541 0.1645 0.1568
15.6717 0.1626 0.1546
15.6893 0.1608 0.1525
15.7069 0.1590 0.1504
15.7245 0.1572 0.1483
15.7421 0.1554 0.1463
15.7597 0.1536 0.1443
15.7773 0.1518 0.1423
15.7949 0.1500 0.1403
15.8124 0.1483 0.1384
15.8300 0.1465 0.1364
15.8476 0.1447 0.1345
15.8652 0.1429 0.1326
15.8828 0.1412 0.1307
15.9004 0.1394 0.1289
15.9180 0.1376 0.1271
15.9356 0.1358 0.1253
15.9532 0.1340 0.1236
15.9707 0.1322 0.1220
15.9883 0.1304 0.1204
16.0059 0.1286 0.1188
16.0235 0.1268 0.1173
16.0411 0.1250 0.1159
16.0587 0.1232 0.1145
16.0763 0.1214 0.1132
16.0939 0.1195 0.1120
16.1115 0.1177 0.1108
16.1290 0.1159 0.1097
16.1466 0.1141 0.1086
16.1642 0.1123 0.1075
16.1818 0.1105 0.1065
16.1994 0.1088 0.1055
16.2170 0.1070 0.1044
16.2346 0.1053 0.1034
16.2522 0.1036 0.1024
16.2698 0.1020 0.1014
16.2873 0.1004 0.1004
16.3049 0.0988 0.0993
16.3225 0.0973 0.0982
16.3401 0.0957 0.0970
16.3577 0.0943 0.0959
16.3753 0.0928 0.0946
16.3929 0.0914 0.0934
16.4105 0.0900 0.0921
16.4281 0.0886 0.0908
16.4456 0.0873 0.0895
16.4632 0.0859 0.0882
16.4808 0.0846 0.0869
16.4984 0.0834 0.0855
16.5160 0.0821 0.0842
16.5336 0.0809 0.0829
16.5512 0.0796 0.0816
16.5688 0.0784 0.0803
16.5864 0.0773 0.0791
16.6039 0.0761 0.0779
16.6215 0.0750 0.0767
16.6391 0.0739 0.0756
16.6567 0.0728 0.0744
16.6743 0.0717 0.0734
16.6919 0.0707 0.0723
16.7095 0.0697 0.0713
16.7271 0.0687 0.0703
16.7447 0.0677 0.0693
16.7622 0.0667 0.0684
16.7798 0.0657 0.0675
16.7974 0.0648 0.0666
16.8150 0.0638 0.0657
16.8326 0.0629 0.0649
16.8502 0.0620 0.0640
16.8678 0.0611 0.0632
16.8854 0.0602 0.0624
16.9030 0.0594 0.0616
16.9205 0.0585 0.0608
16.9381 0.0577 0.0600
16.9557 0.0569 0.0592
16.9733 0.0562 0.0584
16.9909 0.0554 0.0576
17.0085 0.0547 0.0568
17.0261 0.0540 0.0560
17.0437 0.0533 0.0552
17.0613 0.0527 0.0545
17.0788 0.0521 0.0537
17.0964 0.0514 0.0530
17.1140 0.0508 0.0522
17.1316 0.0502 0.0514
17.1492 0.0497 0.0507
17.1668 0.0491 0.0500
17.1844 0.0485 0.0492
17.2020 0.0480 0.0485
17.2196 0.0474 0.0477
17.2371 0.0469 0.0470
17.2547 0.0464 0.0462
17.2723 0.0458 0.0455
17.2899 0.0453 0.0447
17.3075 0.0448 0.0440
17.3251 0.0443 0.0432
17.3427 0.0438 0.0425
17.3603 0.0433 0.0417
17.3779 0.0428 0.0409
17.3954 0.0423 0.0402
17.4130 0.0418 0.0394
17.4306 0.0413 0.0387
17.4482 0.0408 0.0379
17.4658 0.0403 0.0372
17.4834 0.0398 0.0365
17.5010 0.0393 0.0358
17.5186 0.0388 0.0351
17.5362 0.0382 0.0344
17.5537 0.0377 0.0337
17.5713 0.0372 0.0331
17.5889 0.0367 0.0325
17.6065 0.0362 0.0319
17.6241 0.0357 0.0313
17.6417 0.0351 0.0307
17.6593 0.0346 0.0302
17.6769 0.0341 0.0296
17.6945 0.0336 0.0291
17.7120 0.0331 0.0286
17.7296 0.0326 0.0282
17.7472 0.0321 0.0277
17.7648 0.0316 0.0273
17.7824 0.0311 0.0269
17.8000 0.0307 0.0265
17.8176 0.0302 0.0261
17.8352 0.0298 0.0257
17.8528 0.0293 0.0253
17.8703 0.0289 0.0250
17.8879 0.0285 0.0247
17.9055 0.0281 0.0243
17.9231 0.0277 0.0240
17.9407 0.0274 0.0237
17.9583 0.0270 0.0234
17.9759 0.0267 0.0232
17.9935 0.0263 0.0229
18.0111 0.0260 0.0226
18.0286 0.0257 0.0223
18.0462 0.0254 0.0220
18.0638 0.0251 0.0218
18.0814 0.0248 0.0215
18.0990 0.0245 0.0212
18.1166 0.0242 0.0209
18.1342 0.0239 0.0207
18.1518 0.0236 0.0204
18.1694 0.0233 0.0201
18.1869 0.0230 0.0198
18.2045 0.0228 0.0196
18.2221 0.0225 0.0193
18.2397 0.0222 0.0191
18.2573 0.0219 0.0188
18.2749 0.0217 0.0186
18.2925 0.0214 0.0183
18.3101 0.0211 0.0181
18.3277 0.0209 0.0179
18.3452 0.0206 0.0177
18.3628 0.0204 0.0174
18.3804 0.0201 0.0172
18.3980 0.0199 0.0170
18.4156 0.0197 0.0168
18.4332 0.0194 0.0167
18.4508 0.0192 0.0165
18.4684 0.0190 0.0163
18.4860 0.0187 0.0161
18.5035 0.0185 0.0160
18.5211 0.0183 0.0158
18.5387 0.0181 0.0156
18.5563 0.0179 0.0155
18.5739 0.0177 0.0153
18.5915 0.0175 0.0152
18.6091 0.0173 0.0150
18.6267 0.0170 0.0149
18.6443 0.0168 0.0147
18.6618 0.0166 0.0146
18.6794 0.0164 0.0144
18.6970 0.0162 0.0142
18.7146 0.0160 0.0141
18.7322 0.0158 0.0139
18.7498 0.0156 0.0138
18.7674 0.0154 0.0136
18.7850 0.0152 0.0134
18.8026 0.0150 0.0133
18.8201 0.0148 0.0131
18.8377 0.0146 0.0130
18.8553 0.0144 0.0128
18.8729 0.0142 0.0127
18.8905 0.0141 0.0125
18.9081 0.0139 0.0124
18.9257 0.0137 0.0123
18.9433 0.0135 0.0121
18.9609 0.0134 0.0120
18.9784 0.0132 0.0119
18.9960 0.0130 0.0118
19.0136 0.0129 0.0117
19.0312 0.0127 0.0116
19.0488 0.0126 0.0115
19.0664 0.0125 0.0114
19.0840 0.0123 0.0113
19.1016 0.0122 0.0112
19.1192 0.0121 0.0111
19.1367 0.0120 0.0110
19.1543 0.0119 0.0109
19.1719 0.0118 0.0108
19.1895 0.0117 0.0107
19.2071 0.0116 0.0105
19.2247 0.0115 0.0104
19.2423 0.0114 0.0103
19.2599 0.0113 0.0102
19.2775 0.0112 0.0101
19.2950 0.0111 0.0100
19.3126 0.0111 0.0099
19.3302 0.0110 0.0098
19.3478 0.0109 0.0097
19.3654 0.0108 0.0097
19.3830 0.0107 0.0096
19.4006 0.0106 0.0095
19.4182 0.0105 0.0094
19.4358 0.0104 0.0093
19.4533 0.0103 0.0092
19.4709 0.0102 0.0091
19.4885 0.0101 0.0090
19.5061 0.0100 0.0089
19.5237 0.0099 0.0088
19.5413 0.0098 0.0087
19.5589 0.0097 0.0086
19.5765 0.0096 0.0085
19.5941 0.0094 0.0084
19.6116 0.0093 0.0083
19.6292 0.0092 0.0082
19.6468 0.0091 0.0081
19.6644 0.0090 0.0080
19.6820 0.0089 0.0079
19.6996 0.0088 0.0078
19.7172 0.0088 0.0077
19.7348 0.0087 0.0077
19.7524 0.0086 0.0076
19.7699 0.0085 0.0075
19.7875 0.0084 0.0074
19.8051 0.0083 0.0074
19.8227 0.0082 0.0073
19.8403 0.0082 0.0072
19.8579 0.0081 0.0072
19.8755 0.0080 0.0071
19.8931 0.0079 0.0071
19.9107 0.0079 0.0070
19.9282 0.0078 0.0070
19.9458 0.0077 0.0070
19.9634 0.0077 0.0069
19.9810 0.0076 0.0069
19.9986 0.0076 0.0068
20.0162 0.0075 0.0068
20.0338 0.0074 0.0068
20.0514 0.0074 0.0067
20.0690 0.0073 0.0067
20.0866 0.0073 0.0067
20.1041 0.0072 0.0066
20.1217 0.0072 0.0066
20.1393 0.0072 0.0066
20.1569 0.0071 0.0065
20.1745 0.0071 0.0065
20.1921 0.0070 0.0064
20.2097 0.0069 0.0064
20.2273 0.0069 0.0063
20.2449 0.0068 0.0063
20.2624 0.0068 0.0062
20.2800 0.0067 0.0062
20.2976 0.0066 0.0061
20.3152 0.0066 0.0061
20.3328 0.0065 0.0060
20.3504 0.0064 0.0060
20.3680 0.0063 0.0059
20.3856 0.0063 0.0058
20.4032 0.0062 0.0058
20.4207 0.0061 0.0057
20.4383 0.0060 0.0057
20.4559 0.0059 0.0056
20.4735 0.0059 0.0056
20.4911 0.0058 0.0055
20.5087 0.0057 0.0055
20.5263 0.0056 0.0054
20.5439 0.0056 0.0054
20.5615 0.0055 0.0053
20.5790 0.0054 0.0053
20.5966 0.0054 0.0053
20.6142 0.0053 0.0052
20.6318 0.0052 0.0052
20.6494 0.0052 0.0051
20.6670 0.0051 0.0051
20.6846 0.0051 0.0050
20.7022 0.0050 0.0050
20.7198 0.0050 0.0050
20.7373 0.0049 0.0049
20.7549 0.0049 0.0049
20.7725 0.0048 0.0048
20.7901 0.0048 0.0048
20.8077 0.0047 0.0048
20.8253 0.0047 0.0047
20.8429 0.0046 0.0047
20.8605 0.0046 0.0047
20.8781 0.0046 0.0046
20.8956 0.0045 0.0046
20.9132 0.0045 0.0046
20.9308 0.0045 0.0045
20.9484 0.0044 0.0045
20.9660 0.0044 0.0045
20.9836 0.0044 0.0045
21.0012 0.0044 0.0044
21.0188 0.0043 0.0044
21.0364 0.0043 0.0044
21.0539 0.0043 0.0043
21.0715 0.0043 0.0043
21.0891 0.0043 0.0043
21.1067 0.0042 0.0042
21.1243 0.0042 0.0042
21.1419 0.0042 0.0042
21.1595 0.0042 0.0041
21.1771 0.0042 0.0041
21.1947 0.0041 0.0040
21.2122 0.0041 0.0040
21.2298 0.0041 0.0040
21.2474 0.0041 0.0039
21.2650 0.0041 0.0039
21.2826 0.0040 0.0039
21.3002 0.0040 0.0038
21.3178 0.0040 0.0038
21.3354 0.0040 0.0038
21.3530 0.0039 0.0038
21.3705 0.0039 0.0037
21.3881 0.0039 0.0037
21.4057 0.0038 0.0037
21.4233 0.0038 0.0037
21.4409 0.0038 0.0036
21.4585 0.0038 0.0036
21.4761 0.0037 0.0036
21.4937 0.0037 0.0036
21.5113 0.0037 0.0036
21.5288 0.0036 0.0035
21.5464 0.0036 0.0035
21.5640 0.0036 0.0035
21.5816 0.0035 0.0035
21.5992 0.0035 0.0034
21.6168 0.0035 0.0034
21.6344 0.0035 0.0034
21.6520 0.0034 0.0034
21.6696 0.0034 0.0033
21.6871 0.0034 0.0033
21.7047 0.0034 0.0033
21.7223 0.0033 0.0033
21.7399 0.0033 0.0032
21.7575 0.0033 0.0032
21.7751 0.0033 0.0032
21.7927 0.0032 0.0032
21.8103 0.0032 0.0031
21.8279 0.0032 0.0031
21.8454 0.0032 0.0031
21.8630 0.0032 0.0031
21.8806 0.0031 0.0030
21.8982 0.0031 0.0030
21.9158 0.0031 0.0030
21.9334 0.0031 0.0030
21.9510 0.0030 0.0030
21.9686 0.0030 0.0029
21.9862 0.0030 0.0029
22.0037 0.0030 0.0029
22.0213 0.0029 0.0029
22.0389 0.0029 0.0029
22.0565 0.0029 0.0028
22.0741 0.0029 0.0028
22.0917 0.0028 0.0028
22.1093 0.0028 0.0028
22.1269 0.0028 0.0027
22.1445 0.0028 0.0027
22.1620 0.0028 0.0027
22.1796 0.0027 0.0027
22.1972 0.0027 0.0027
22.2148 0.0027 0.0026
22.2324 0.0027 0.0026
22.2500 0.0027 0.0026
22.2676 0.0026 0.0026
22.2852 0.0026 0.0026
22.3028 0.0026 0.0025
22.3203 0.0026 0.0025
22.3379 0.0026 0.0025
22.3555 0.0026 0.0025
22.3731 0.0026 0.0025
22.3907 0.0025 0.0025
22.4083 0.0025 0.0024
22.4259 0.0025 0.0024
22.4435 0.0025 0.0024
22.4611 0.0025 0.0024
22.4786 0.0025 0.0024
22.4962 0.0025 0.0024
22.5138 0.0024 0.0024
22.5314 0.0024 0.0024
22.5490 0.0024 0.0024
22.5666 0.0024 0.0024
22.5842 0.0024 0.0024
22.6018 0.0024 0.0024
22.6194 0.0024 0.0024
22.6369 0.0023 0.0024
22.6545 0.0023 0.0024
22.6721 0.0023 0.0023
22.6897 0.0023 0.0023
22.7073 0.0023 0.0023
22.7249 0.0023 0.0023
22.7425 0.0023 0.0023
22.7601 0.0023 0.0023
22.7777 0.0023 0.0023
22.7952 0.0023 0.0023
22.8128 0.0023 0.0023
22.8304 0.0023 0.0023
22.8480 0.0023 0.0023
22.8656 0.0023 0.0023
22.8832 0.0023 0.0023
22.9008 0.0023 0.0022
22.9184 0.0023 0.0022
22.9360 0.0023 0.0022
22.9535 0.0023 0.0022
22.9711 0.0023 0.0022
22.9887 0.0023 0.0022
23.0063 0.0022 0.0022
23.0239 0.0022 0.0021
23.0415 0.0022 0.0021
23.0591 0.0022 0.0021
23.0767 0.0022 0.0021
23.0943 0.0022 0.0021
23.1118 0.0022 0.0021
23.1294 0.0022 0.0021
23.1470 0.0022 0.0021
23.1646 0.0022 0.0021
23.1822 0.0022 0.0020
23.1998 0.0022 0.0020
23.2174 0.0022 0.0020
23.2350 0.0022 0.0020
23.2526 0.0021 0.0020
23.2701 0.0021 0.0020
23.2877 0.0021 0.0020
23.3053 0.0021 0.0020
23.3229 0.0021 0.0020
23.3405 0.0021 0.0020
23.3581 0.0021 0.0020
23.3757 0.0021 0.0020
23.3933 0.0021 0.0020
23.4109 0.0021 0.0020
23.4284 0.0021 0.0020
23.4460 0.0020 0.0020
23.4636 0.0020 0.0020
23.4812 0.0020 0.0020
23.4988 0.0020 0.0020
23.5164 0.0020 0.0020
23.5340 0.0020 0.0020
23.5516 0.0020 0.0020
23.5692 0.0020 0.0020
23.5867 0.0020 0.0020
23.6043 0.0020 0.0020
23.6219 0.0020 0.0020
23.6395 0.0020 0.0020
23.6571 0.0020 0.0020
23.6747 0.0020 0.0020
23.6923 0.0020 0.0020
23.7099 0.0020 0.0020
23.7275 0.0020 0.0020
23.7450 0.0020 0.0020
23.7626 0.0020 0.0020
23.7802 0.0020 0.0020
23.7978 0.0019 0.0020
23.8154 0.0019 0.0020
23.8330 0.0019 0.0020
23.8506 0.0019 0.0020
23.8682 0.0019 0.0020
23.8858 0.0019 0.0020
23.9033 0.0019 0.0020
23.9209 0.0019 0.0019
23.9385 0.0019 0.0019
23.9561 0.0019 0.0019
23.9737 0.0019 0.0019
23.9913 0.0019 0.0019
24.0089 0.0019 0.0019
24.0265 0.0018 0.0019
24.0441 0.0018 0.0019
24.0616 0.0018 0.0019
24.0792 0.0018 0.0018
24.0968 0.0018 0.0018
24.1144 0.0018 0.0018
24.1320 0.0018 0.0018
24.1496 0.0018 0.0018
24.1672 0.0018 0.0018
24.1848 0.0018 0.0018
24.2024 0.0018 0.0017
24.2199 0.0017 0.0017
24.2375 0.0017 0.0017
24.2551 0.0017 0.0017
24.2727 0.0017 0.0017
24.2903 0.0017 0.0017
24.3079 0.0017 0.0017
24.3255 0.0017 0.0016
24.3431 0.0016 0.0016
24.3607 0.0016 0.0016
24.3782 0.0016 0.0016
24.3958 0.0016 0.0016
24.4134 0.0016 0.0016
24.4310 0.0016 0.0015
24.4486 0.0016 0.0015
24.4662 0.0015 0.0015
24.4838 0.0015 0.0015
24.5014 0.0015 0.0015
24.5190 0.0015 0.0014
24.5365 0.0015 0.0014
24.5541 0.0015 0.0014
24.5717 0.0015 0.0014
24.5893 0.0014 0.0014
24.6069 0.0014 0.0013
24.6245 0.0014 0.0013
24.6421 0.0014 0.0013
24.6597 0.0014 0.0013
24.6773 0.0014 0.0013
24.6948 0.0014 0.0012
24.7124 0.0014 0.0012
24.7300 0.0013 0.0012
24.7476 0.0013 0.0012
24.7652 0.0013 0.0012
24.7828 0.0013 0.0012
24.8004 0.0013 0.0012
24.8180 0.0013 0.0011
24.8356 0.0013 0.0011
24.8531 0.0013 0.0011
24.8707 0.0013 0.0011
24.8883 0.0012 0.0011
24.9059 0.0012 0.0011
24.9235 0.0012 0.0011
24.9411 0.0012 0.0011
24.9587 0.0012 0.0011
24.9763 0.0012 0.0011
24.9939 0.0012 0.0010
25.0114 0.0012 0.0010
25.0290 0.0011 0.0010
25.0466 0.0011 0.0010
25.0642 0.0011 0.0010
25.0818 0.0011 0.0010
25.0994 0.0011 0.0010
25.1170 0.0011 0.0010
25.1346 0.0011 0.0010
25.1522 0.0011 0.0010
25.1697 0.0011 0.0010
25.1873 0.0011 0.0010
25.2049 0.0011 0.0010
25.2225 0.0011 0.0010
25.2401 0.0010 0.0009
25.2577 0.0010 0.0009
25.2753 0.0010 0.0009
25.2929 0.0010 0.0009
25.3105 0.0010 0.0009
25.3280 0.0010 0.0009
25.3456 0.0010 0.0009
25.3632 0.0010 0.0009
25.3808 0.0010 0.0009
25.3984 0.0010 0.0009
25.4160 0.0009 0.0009
25.4336 0.0009 0.0009
25.4512 0.0009 0.0008
25.4688 0.0009 0.0008
25.4863 0.0009 0.0008
25.5039 0.0009 0.0008
25.5215 0.0009 0.0008
25.5391 0.0009 0.0008
25.5567 0.0008 0.0008
25.5743 0.0008 0.0008
25.5919 0.0008 0.0008
25.6095 0.0008 0.0008
25.6271 0.0008 0.0008
25.6446 0.0008 0.0008
25.6622 0.0008 0.0008
25.6798 0.0008 0.0008
25.6974 0.0008 0.0008
25.7150 0.0008 0.0008
25.7326 0.0007 0.0007
25.7502 0.0007 0.0007
25.7678 0.0007 0.0007
25.7854 0.0007 0.0007
25.8029 0.0007 0.0007
25.8205 0.0007 0.0007
25.8381 0.0007 0.0007
25.8557 0.0007 0.0007
25.8733 0.0007 0.0007
25.8909 0.0007 0.0007
25.9085 0.0007 0.0007
25.9261 0.0007 0.0007
25.9437 0.0007 0.0007
25.9613 0.0007 0.0007
25.9788 0.0007 0.0007
25.9964 0.0007 0.0007
26.0140 0.0007 0.0007
26.0316 0.0007 0.0007
26.0492 0.0007 0.0007
26.0668 0.0007 0.0007
26.0844 0.0007 0.0007
26.1020 0.0007 0.0007
26.1196 0.0007 0.0006
26.1371 0.0007 0.0006
26.1547 0.0007 0.0006
26.1723 0.0006 0.0006
26.1899 0.0006 0.0006
26.2075 0.0006 0.0006
26.2251 0.0006 0.0006
26.2427 0.0006 0.0006
26.2603 0.0006 0.0006
26.2779 0.0006 0.0006
26.2954 0.0006 0.0006
26.3130 0.0006 0.0006
26.3306 0.0006 0.0006
26.3482 0.0006 0.0006
26.3658 0.0006 0.0006
26.3834 0.0006 0.0006
26.4010 0.0006 0.0006
26.4186 0.0006 0.0006
26.4362 0.0006 0.0006
26.4537 0.0006 0.0006
26.4713 0.0006 0.0006
26.4889 0.0005 0.0006
26.5065 0.0005 0.0006
26.5241 0.0005 0.0006
26.5417 0.0005 0.0006
26.5593 0.0005 0.0006
26.5769 0.0005 0.0006
26.5945 0.0005 0.0005
26.6120 0.0005 0.0005
26.6296 0.0005 0.0005
26.6472 0.0005 0.0005
26.6648 0.0005 0.0005
26.6824 0.0005 0.0005
26.7000 0.0005 0.0005
26.7176 0.0005 0.0005
26.7352 0.0005 0.0005
26.7528 0.0005 0.0005
26.7703 0.0005 0.0005
26.7879 0.0005 0.0005
26.8055 0.0005 0.0005
26.8231 0.0005 0.0005
26.8407 0.0005 0.0005
26.8583 0.0004 0.0005
26.8759 0.0004 0.0005
26.8935 0.0004 0.0005
26.9111 0.0004 0.0005
26.9286 0.0004 0.0005
26.9462 0.0004 0.0005
26.9638 0.0004 0.0004
26.9814 0.0004 0.0004
26.9990 0.0004 0.0004
27.0166 0.0004 0.0004
27.0342 0.0004 0.0004
27.0518 0.0004 0.0004
27.0694 0.0004 0.0004
27.0869 0.0004 0.0004
27.1045 0.0004 0.0004
27.1221 0.0004 0.0004
27.1397 0.0004 0.0004
27.1573 0.0004 0.0004
27.1749 0.0004 0.0004
27.1925 0.0004 0.0004
27.2101 0.0004 0.0004
27.2277 0.0004 0.0004
27.2452 0.0004 0.0004
27.2628 0.0004 0.0004
27.2804 0.0003 0.0004
27.2980 0.0003 0.0004
27.3156 0.0003 0.0004
27.3332 0.0003 0.0004
27.3508 0.0003 0.0004
27.3684 0.0003 0.0004
27.3860 0.0003 0.0003
27.4035 0.0003 0.0003
27.4211 0.0003 0.0003
27.4387 0.0003 0.0003
27.4563 0.0003 0.0003
27.4739 0.0003 0.0003
27.4915 0.0003 0.0003
27.5091 0.0003 0.0003
27.5267 0.0003 0.0003
27.5443 0.0003 0.0003
27.5618 0.0003 0.0003
27.5794 0.0003 0.0003
27.5970 0.0003 0.0003
27.6146 0.0003 0.0003
27.6322 0.0003 0.0003
27.6498 0.0003 0.0003
27.6674 0.0003 0.0003
27.6850 0.0003 0.0003
27.7026 0.0003 0.0003
27.7201 0.0003 0.0003
27.7377 0.0003 0.0003
27.7553 0.0003 0.0002
27.7729 0.0003 0.0002
27.7905 0.0003 0.0002
27.8081 0.0003 0.0002
27.8257 0.0003 0.0002
27.8433 0.0003 0.0002
27.8609 0.0003 0.0002
27.8784 0.0003 0.0002
27.8960 0.0003 0.0002
27.9136 0.0003 0.0002
27.9312 0.0003 0.0002
27.9488 0.0003 0.0002
27.9664 0.0003 0.0002
27.9840 0.0002 0.0002
28.0016 0.0002 0.0002
28.0192 0.0002 0.0002
28.0367 0.0002 0.0002
28.0543 0.0002 0.0002
28.0719 0.0002 0.0002
28.0895 0.0002 0.0002
28.1071 0.0002 0.0002
28.1247 0.0002 0.0002
28.1423 0.0002 0.0002
28.1599 0.0002 0.0002
28.1775 0.0002 0.0002
28.1950 0.0002 0.0002
28.2126 0.0002 0.0002
28.2302 0.0002 0.0002
28.2478 0.0002 0.0002
28.2654 0.0002 0.0002
28.2830 0.0002 0.0002
28.3006 0.0002 0.0002
28.3182 0.0002 0.0002
28.3358 0.0002 0.0002
28.3533 0.0002 0.0002
28.3709 0.0002 0.0002
28.3885 0.0002 0.0002
28.4061 0.0002 0.0002
28.4237 0.0002 0.0001
28.4413 0.0002 0.0001
28.4589 0.0002 0.0001
28.4765 0.0002 0.0001
28.4941 0.0002 0.0001
28.5116 0.0002 0.0001
28.5292 0.0002 0.0001
28.5468 0.0002 0.0001
28.5644 0.0002 0.0001
28.5820 0.0001 0.0001
28.5996 0.0001 0.0001
28.6172 0.0001 0.0001
28.6348 0.0001 0.0001
28.6524 0.0001 0.0001
28.6699 0.0001 0.0001
28.6875 0.0001 0.0001
28.7051 0.0001 0.0001
28.7227 0.0001 0.0001
28.7403 0.0001 0.0001
28.7579 0.0001 0.0001
28.7755 0.0001 0.0001
28.7931 0.0001 0.0001
28.8107 0.0001 0.0001
28.8282 0.0001 0.0001
28.8458 0.0001 0.0001
28.8634 0.0001 0.0001
28.8810 0.0001 0.0001
28.8986 0.0001 0.0001
28.9162 0.0001 0.0001
28.9338 0.0001 0.0001
28.9514 0.0001 0.0001
28.9690 0.0001 0.0001
28.9865 0.0001 0.0001
29.0041 0.0001 0.0001
29.0217 0.0001 0.0001
29.0393 0.0001 0.0001
29.0569 0.0001 0.0001
29.0745 0.0001 0.0001
29.0921 0.0001 0.0001
29.1097 0.0001 0.0001
29.1273 0.0001 0.0001
29.1448 0.0001 0.0001
29.1624 0.0001 0.0001
29.1800 0.0001 0.0001
29.1976 0.0001 0.0001
29.2152 0.0001 0.0001
29.2328 0.0001 0.0001
29.2504 0.0001 0.0001
29.2680 0.0001 0.0001
29.2856 0.0001 0.0001
29.3031 0.0001 0.0001
29.3207 0.0001 0.0001
29.3383 0.0001 0.0001
29.3559 0.0001 0.0001
29.3735 0.0001 0.0001
29.3911 0.0001 0.0001
29.4087 0.0001 0.0001
29.4263 0.0001 0.0001
29.4439 0.0001 0.0001
29.4614 0.0001 0.0001
29.4790 0.0001 0.0001
29.4966 0.0001 0.0001
29.5142 0.0001 0.0001
29.5318 0.0001 0.0001
29.5494 0.0001 0.0001
29.5670 0.0001 0.0001
29.5846 0.0001 0.0001
29.6022 0.0001 0.0001
29.6197 0.0001 0.0001
29.6373 0.0001 0.0001
29.6549 0.0001 0.0001
29.6725 0.0001 0.0001
29.6901 0.0001 0.0001
29.7077 0.0001 0.0001
29.7253 0.0001 0.0001
29.7429 0.0001 0.0001
29.7605 0.0001 0.0001
29.7780 0.0001 0.0001
29.7956 0.0001 0.0001
29.8132 0.0001 0.0001
29.8308 0.0001 0.0001
29.8484 0.0001 0.0001
29.8660 0.0001 0.0001
29.8836 0.0001 0.0001
29.9012 0.0001 0.0001
29.9188 0.0001 0.0001
29.9363 0.0001 0.0001
29.9539 0.0001 0.0001
29.9715 0.0001 0.0001
29.9891 0.0001 0.0001
30.0067 0.0001 0.0001
30.0243 0.0001 0.0001
30.0419 0.0001 0.0001
30.0595 0.0001 0.0001
30.0771 0.0001 0.0001
30.0946 0.0001 0.0001
30.1122 0.0001 0.0001
30.1298 0.0001 0.0001
30.1474 0.0001 0.0001
30.1650 0.0001 0.0001
30.1826 0.0001 0.0001
30.2002 0.0001 0.0001
30.2178 0.0001 0.0001
30.2354 0.0001 0.0001
30.2529 0.0001 0.0001
30.2705 0.0001 0.0001
30.2881 0.0001 0.0001
30.3057 0.0001 0.0001
30.3233 0.0001 0.0001
30.3409 0.0001 0.0001
30.3585 0.0001 0.0001
30.3761 0.0001 0.0001
30.3937 0.0001 0.0001
30.4112 0.0001 0.0001
30.4288 0.0001 0.0001
30.4464 0.0001 0.0001
30.4640 0.0001 0.0001
30.4816 0.0001 0.0001
30.4992 0.0001 0.0001
30.5168 0.0001 0.0001
30.5344 0.0001 0.0001
30.5520 0.0001 0.0001
30.5695 0.0001 0.0001
30.5871 0.0001 0.0001
30.6047 0.0001 0.0001
30.6223 0.0001 0.0001
30.6399 0.0001 0.0001
30.6575 0.0001 0.0001
30.6751 0.0001 0.0001
30.6927 0.0001 0.0001
30.7103 0.0001 0.0001
30.7278 0.0001 0.0001
30.7454 0.0001 0.0001
30.7630 0.0001 0.0001
30.7806 0.0001 0.0001
30.7982 0.0001 0.0001
30.8158 0.0001 0.0001
30.8334 0.0001 0.0001
30.8510 0.0001 0.0001
30.8686 0.0001 0.0001
30.8861 0.0001 0.0001
30.9037 0.0001 0.0001
30.9213 0.0001 0.0001
30.9389 0.0001 0.0001
30.9565 0.0001 0.0001
30.9741 0.0001 0.0001
30.9917 0.0001 0.0001
31.0093 0.0001 0.0001
31.0269 0.0001 0.0001
31.0444 0.0001 0.0001
31.0620 0.0001 0.0001
31.0796 0.0001 0.0001
31.0972 0.0001 0.0001
31.1148 0.0001 0.0001
31.1324 0.0001 0.0001
31.1500 0.0001 0.0001
31.1676 0.0001 0.0001
31.1852 0.0001 0.0001
31.2027 0.0001 0.0001
31.2203 0.0001 0.0001
31.2379 0.0001 0.0001
31.2555 0.0001 0.0001
31.2731 0.0001 0.0000
31.2907 0.0001 0.0000
31.3083 0.0001 0.0000
31.3259 0.0001 0.0000
31.3435 0.0001 0.0000
31.3610 0.0001 0.0000
31.3786 0.0001 0.0000
31.3962 0.0001 0.0000
31.4138 0.0000 0.0000
31.4314 0.0000 0.0000
31.4490 0.0000 0.0000
31.4666 0.0000 0.0000
31.4842 0.0000 0.0000
31.5018 0.0000 0.0000
31.5193 0.0000 0.0000
31.5369 0.0000 0.0000
31.5545 0.0000 0.0000
31.5721 0.0000 0.0000
31.5897 0.0000 0.0000
31.6073 0.0000 0.0000
31.6249 0.0000 0.0000
31.6425 0.0000 0.0000
31.6601 0.0000 0.0000
31.6777 0.0000 0.0000
31.6952 0.0000 0.0000
31.7128 0.0000 0.0000
31.7304 0.0000 0.0000
31.7480 0.0000 0.0000
31.7656 0.0000 0.0000
31.7832 0.0000 0.0000
31.8008 0.0000 0.0000
31.8184 0.0000 0.0000
31.8360 0.0000 0.0000
31.8535 0.0000 0.0000
31.8711 0.0000 0.0000
31.8887 0.0000 0.0000
31.9063 0.0000 0.0000
31.9239 0.0000 0.0000
31.9415 0.0000 0.0000
31.9591 0.0000 0.0000
31.9767 0.0000 0.0000
31.9943 0.0000 0.0000
32.0118 0.0000 0.0000
32.0294 0.0000 0.0000
32.0470 0.0000 0.0000
32.0646 0.0000 0.0000
32.0822 0.0000 0.0000
32.0998 0.0000 0.0000
32.1174 0.0000 0.0000
32.1350 0.0000 0.0000
32.1526 0.0000 0.0000
32.1701 0.0000 0.0000
32.1877 0.0000 0.0000
32.2053 0.0000 0.0000
32.2229 0.0000 0.0000
32.2405 0.0000 0.0000
32.2581 0.0000 0.0000
32.2757 0.0000 0.0000
32.2933 0.0000 0.0000
32.3109 0.0000 0.0000
32.3284 0.0000 0.0000
32.3460 0.0000 0.0000
32.3636 0.0000 0.0000
32.3812 0.0000 0.0000
32.3988 0.0000 0.0000
32.4164 0.0000 0.0000
32.4340 0.0000 0.0000
32.4516 0.0000 0.0000
32.4692 0.0000 0.0000
32.4867 0.0000 0.0000
32.5043 0.0000 0.0000
32.5219 0.0000 0.0000
32.5395 0.0000 0.0000
32.5571 0.0000 0.0000
32.5747 0.0000 0.0000
32.5923 0.0000 0.0000
32.6099 0.0000 0.0000
32.6275 0.0000 0.0000
32.6450 0.0000 0.0000
32.6626 0.0000 0.0000
32.6802 0.0000 0.0000
32.6978 0.0000 0.0000
32.7154 0.0000 0.0000
32.7330 0.0000 0.0000
32.7506 0.0000 0.0000
32.7682 0.0000 0.0000
32.7858 0.0000 0.0000
32.8033 0.0000 0.0000
32.8209 0.0000 0.0000
32.8385 0.0000 0.0000
32.8561 0.0000 0.0000
32.8737 0.0000 0.0000
32.8913 0.0000 0.0000
32.9089 0.0000 0.0000
32.9265 0.0000 0.0000
32.9441 0.0000 0.0000
32.9616 0.0000 0.0000
32.9792 0.0000 0.0000
32.9968 0.0000 0.0000
33.0144 0.0000 0.0000
33.0320 0.0000 0.0000
33.0496 0.0000 0.0000
33.0672 0.0000 0.0000
33.0848 0.0000 0.0000
33.1024 0.0000 0.0000
33.1199 0.0000 0.0000
33.1375 0.0000 0.0000
33.1551 0.0000 0.0000
33.1727 0.0000 0.0000
33.1903 0.0000 0.0000
33.2079 0.0000 0.0000
33.2255 0.0000 0.0000
33.2431 0.0000 0.0000
33.2607 0.0000 0.0000
33.2782 0.0000 0.0000
33.2958 0.0000 0.0000
33.3134 0.0000 0.0000
33.3310 0.0000 0.0000
33.3486 0.0000 0.0000
33.3662 0.0000 0.0000
33.3838 0.0000 0.0000
33.4014 0.0000 0.0000
33.4190 0.0000 0.0000
33.4365 0.0000 0.0000
33.4541 0.0000 0.0000
33.4717 0.0000 0.0000
33.4893 0.0000 0.0000
33.5069 0.0000 0.0000
33.5245 0.0000 0.0000
33.5421 0.0000 0.0000
33.5597 0.0000 0.0000
33.5773 0.0000 0.0000
33.5948 0.0000 0.0000
33.6124 0.0000 0.0000
33.6300 0.0000 0.0000
33.6476 0.0000 0.0000
33.6652 0.0000 0.0000
33.6828 0.0000 0.0000
33.7004 0.0000 0.0000
33.7180 0.0000 0.0000
33.7356 0.0000 0.0000
33.7531 0.0000 0.0000
33.7707 0.0000 0.0000
33.7883 0.0000 0.0000
33.8059 0.0000 0.0000
33.8235 0.0000 0.0000
33.8411 0.0000 0.0000
33.8587 0.0000 0.0000
33.8763 0.0000 0.0000
33.8939 0.0000 0.0000
33.9114 0.0000 0.0000
33.9290 0.0000 0.0000
33.9466 0.0000 0.0000
33.9642 0.0000 0.0000
33.9818 0.0000 0.0000
33.9994 0.0000 0.0000
34.0170 0.0000 0.0000
34.0346 0.0000 0.0000
34.0522 0.0000 0.0000
34.0697 0.0000 0.0000
34.0873 0.0000 0.0000
34.1049 0.0000 0.0000
34.1225 0.0000 0.0000
34.1401 0.0000 0.0000
34.1577 0.0000 0.0000
34.1753 0.0000 0.0000
34.1929 0.0000 0.0000
34.2105 0.0000 0.0000
34.2280 0.0000 0.0000
34.2456 0.0000 0.0000
34.2632 0.0000 0.0000
34.2808 0.0000 0.0000
34.2984 0.0000 0.0000
34.3160 0.0000 0.0000
34.3336 0.0000 0.0000
34.3512 0.0000 0.0000
34.3688 0.0000 0.0000
34.3863 0.0000 0.0000
34.4039 0.0000 0.0000
34.4215 0.0000 0.0000
34.4391 0.0000 0.0000
34.4567 0.0000 0.0000
34.4743 0.0000 0.0000
34.4919 0.0000 0.0000
34.5095 0.0000 0.0000
34.5271 0.0000 0.0000
34.5446 0.0000 0.0000
34.5622 0.0000 0.0000
34.5798 0.0000 0.0000
34.5974 0.0000 0.0000
34.6150 0.0000 0.0000
34.6326 0.0000 0.0000
34.6502 0.0000 0.0000
34.6678 0.0000 0.0000
34.6854 0.0000 0.0000
34.7029 0.0000 0.0000
34.7205 0.0000 0.0000
34.7381 0.0000 0.0000
34.7557 0.0000 0.0000
34.7733 0.0000 0.0000
34.7909 0.0000 0.0000
34.8085 0.0000 0.0000
34.8261 0.0000 0.0000
34.8437 0.0000 0.0000
34.8612 0.0000 0.0000
34.8788 0.0000 0.0000
34.8964 0.0000 0.0000
34.9140 0.0000 0.0000
34.9316 0.0000 0.0000
34.9492 0.0000 0.0000
34.9668 0.0000 0.0000
34.9844 0.0000 0.0000
35.0020 0.0000 0.0000
35.0195 0.0000 0.0000
35.0371 0.0000 0.0000
35.0547 0.0000 0.0000
35.0723 0.0000 0.0000
35.0899 0.0000 0.0000
35.1075 0.0000 0.0000
35.1251 0.0000 0.0000
35.1427 0.0000 0.0000
35.1603 0.0000 0.0000
