0.0000 0.0000 0.0000
0.0169 1.7045 1.3602
0.0339 3.3755 2.6980
0.0508 4.9810 3.9918
0.0677 6.4914 5.2218
0.0847 7.8812 6.3702
0.1016 9.1293 7.4225
0.1186 10.2200 8.3672
0.1355 11.1431 9.1964
0.1524 11.8941 9.9058
0.1694 12.4738 10.4944
0.1863 12.8876 10.9644
0.2032 13.1453 11.3208
0.2202 13.2599 11.5707
0.2371 13.2468 11.7232
0.2541 13.1230 11.7883
0.2710 12.9061 11.7769
0.2879 12.6137 11.6999
0.3049 12.2629 11.5684
0.3218 11.8695 11.3926
0.3387 11.4478 11.1821
0.3557 11.0104 10.9454
0.3726 10.5680 10.6902
0.3896 10.1296 10.4228
0.4065 9.7023 10.1486
0.4234 9.2914 9.8720
0.4404 8.9009 9.5963
0.4573 8.5334 9.3241
0.4742 8.1904 9.0571
0.4912 7.8724 8.7967
0.5081 7.5793 8.5434
0.5250 7.3103 8.2976
0.5420 7.0642 8.0595
0.5589 6.8395 7.8288
0.5759 6.6344 7.6054
0.5928 6.4472 7.3889
0.6097 6.2760 7.1791
0.6267 6.1190 6.9756
0.6436 5.9744 6.7783
0.6605 5.8405 6.5869
0.6775 5.7160 6.4014
0.6944 5.5994 6.2218
0.7114 5.4895 6.0480
0.7283 5.3853 5.8801
0.7452 5.2858 5.7182
0.7622 5.1904 5.5623
0.7791 5.0984 5.4125
0.7960 5.0094 5.2688
0.8130 4.9230 5.1312
0.8299 4.8389 4.9997
0.8469 4.7568 4.8741
0.8638 4.6767 4.7542
0.8807 4.5985 4.6400
0.8977 4.5220 4.5311
0.9146 4.4473 4.4273
0.9315 4.3742 4.3282
0.9485 4.3029 4.2336
0.9654 4.2332 4.1432
0.9823 4.1651 4.0566
0.9993 4.0986 3.9735
1.0162 4.0337 3.8937
1.0332 3.9704 3.8169
1.0501 3.9086 3.7430
1.0670 3.8484 3.6718
1.0840 3.7897 3.6032
1.1009 3.7325 3.5372
1.1178 3.6770 3.4738
1.1348 3.6230 3.4131
1.1517 3.5706 3.3550
1.1687 3.5198 3.2996
1.1856 3.4707 3.2471
1.2025 3.4233 3.1975
1.2195 3.3776 3.1508
1.2364 3.3336 3.1070
1.2533 3.2913 3.0661
1.2703 3.2506 3.0281
1.2872 3.2117 2.9927
1.3041 3.1743 2.9599
1.3211 3.1384 2.9294
1.3380 3.1039 2.9009
1.3550 3.0707 2.8742
1.3719 3.0386 2.8489
1.3888 3.0077 2.8249
1.4058 2.9776 2.8017
1.4227 2.9484 2.7790
1.4396 2.9199 2.7567
1.4566 2.8919 2.7344
1.4735 2.8646 2.7121
1.4905 2.8377 2.6894
1.5074 2.8113 2.6664
1.5243 2.7853 2.6430
1.5413 2.7598 2.6191
1.5582 2.7348 2.5949
1.5751 2.7104 2.5703
1.5921 2.6866 2.5454
1.6090 2.6635 2.5204
1.6260 2.6412 2.4955
1.6429 2.6198 2.4707
1.6598 2.5993 2.4461
1.6768 2.5797 2.4220
1.6937 2.5612 2.3985
1.7106 2.5436 2.3756
1.7276 2.5271 2.3536
1.7445 2.5116 2.3323
1.7614 2.4970 2.3120
1.7784 2.4832 2.2928
1.7953 2.4702 2.2745
1.8123 2.4578 2.2574
1.8292 2.4458 2.2413
1.8461 2.4342 2.2264
1.8631 2.4228 2.2126
1.8800 2.4114 2.1999
1.8969 2.3998 2.1882
1.9139 2.3880 2.1776
1.9308 2.3756 2.1680
1.9478 2.3627 2.1594
1.9647 2.3490 2.1515
1.9816 2.3345 2.1444
1.9986 2.3190 2.1380
2.0155 2.3025 2.1320
2.0324 2.2850 2.1265
2.0494 2.2663 2.1212
2.0663 2.2465 2.1160
2.0833 2.2257 2.1107
2.1002 2.2037 2.1053
2.1171 2.1808 2.0996
2.1341 2.1569 2.0935
2.1510 2.1323 2.0870
2.1679 2.1069 2.0799
2.1849 2.0810 2.0723
2.2018 2.0547 2.0641
2.2187 2.0281 2.0554
2.2357 2.0014 2.0461
2.2526 1.9747 2.0364
2.2696 1.9483 2.0262
2.2865 1.9222 2.0158
2.3034 1.8965 2.0051
2.3204 1.8715 1.9942
2.3373 1.8472 1.9832
2.3542 1.8237 1.9723
2.3712 1.8011 1.9614
2.3881 1.7795 1.9507
2.4051 1.7589 1.9400
2.4220 1.7394 1.9296
2.4389 1.7209 1.9193
2.4559 1.7034 1.9091
2.4728 1.6869 1.8991
2.4897 1.6713 1.8891
2.5067 1.6567 1.8791
2.5236 1.6428 1.8691
2.5406 1.6297 1.8590
2.5575 1.6172 1.8487
2.5744 1.6053 1.8382
2.5914 1.5938 1.8274
2.6083 1.5826 1.8162
2.6252 1.5716 1.8047
2.6422 1.5608 1.7927
2.6591 1.5500 1.7803
2.6760 1.5392 1.7675
2.6930 1.5282 1.7542
2.7099 1.5171 1.7404
2.7269 1.5057 1.7262
2.7438 1.4940 1.7116
2.7607 1.4821 1.6967
2.7777 1.4699 1.6815
2.7946 1.4574 1.6660
2.8115 1.4447 1.6504
2.8285 1.4318 1.6348
2.8454 1.4188 1.6192
2.8624 1.4058 1.6037
2.8793 1.3927 1.5884
2.8962 1.3797 1.5733
2.9132 1.3669 1.5585
2.9301 1.3543 1.5441
2.9470 1.3419 1.5301
2.9640 1.3298 1.5165
2.9809 1.3180 1.5032
2.9978 1.3066 1.4903
3.0148 1.2954 1.4777
3.0317 1.2846 1.4653
3.0487 1.2740 1.4530
3.0656 1.2637 1.4408
3.0825 1.2536 1.4285
3.0995 1.2437 1.4161
3.1164 1.2339 1.4034
3.1333 1.2241 1.3903
3.1503 1.2144 1.3769
3.1672 1.2047 1.3629
3.1842 1.1950 1.3485
3.2011 1.1852 1.3337
3.2180 1.1754 1.3183
3.2350 1.1655 1.3024
3.2519 1.1556 1.2862
3.2688 1.1456 1.2697
3.2858 1.1357 1.2529
3.3027 1.1258 1.2360
3.3197 1.1160 1.2190
3.3366 1.1063 1.2021
3.3535 1.0967 1.1854
3.3705 1.0873 1.1689
3.3874 1.0781 1.1527
3.4043 1.0692 1.1370
3.4213 1.0605 1.1218
3.4382 1.0521 1.1071
3.4551 1.0440 1.0930
3.4721 1.0362 1.0795
3.4890 1.0286 1.0667
3.5060 1.0214 1.0545
3.5229 1.0144 1.0429
3.5398 1.0077 1.0319
3.5568 1.0012 1.0215
3.5737 0.9949 1.0117
3.5906 0.9889 1.0023
3.6076 0.9831 0.9934
3.6245 0.9774 0.9850
3.6415 0.9720 0.9769
3.6584 0.9667 0.9692
3.6753 0.9615 0.9617
3.6923 0.9565 0.9545
3.7092 0.9516 0.9476
3.7261 0.9468 0.9409
3.7431 0.9420 0.9344
3.7600 0.9373 0.9281
3.7770 0.9325 0.9221
3.7939 0.9278 0.9162
3.8108 0.9229 0.9107
3.8278 0.9179 0.9053
3.8447 0.9127 0.9003
3.8616 0.9073 0.8956
3.8786 0.9017 0.8911
3.8955 0.8958 0.8870
3.9124 0.8896 0.8832
3.9294 0.8831 0.8797
3.9463 0.8762 0.8765
3.9633 0.8690 0.8735
3.9802 0.8614 0.8708
3.9971 0.8534 0.8683
4.0141 0.8451 0.8659
4.0310 0.8365 0.8636
4.0479 0.8276 0.8613
4.0649 0.8184 0.8591
4.0818 0.8090 0.8567
4.0988 0.7994 0.8543
4.1157 0.7896 0.8517
4.1326 0.7797 0.8489
4.1496 0.7697 0.8458
4.1665 0.7597 0.8425
4.1834 0.7497 0.8390
4.2004 0.7398 0.8352
4.2173 0.7300 0.8311
4.2343 0.7204 0.8267
4.2512 0.7110 0.8222
4.2681 0.7019 0.8174
4.2851 0.6931 0.8125
4.3020 0.6846 0.8074
4.3189 0.6766 0.8022
4.3359 0.6689 0.7968
4.3528 0.6616 0.7914
4.3697 0.6548 0.7860
4.3867 0.6485 0.7805
4.4036 0.6425 0.7749
4.4206 0.6371 0.7694
4.4375 0.6320 0.7638
4.4544 0.6273 0.7581
4.4714 0.6231 0.7525
4.4883 0.6191 0.7468
4.5052 0.6155 0.7411
4.5222 0.6122 0.7353
4.5391 0.6091 0.7296
4.5561 0.6063 0.7237
4.5730 0.6036 0.7179
4.5899 0.6011 0.7121
4.6069 0.5987 0.7062
4.6238 0.5965 0.7004
4.6407 0.5943 0.6945
4.6577 0.5922 0.6888
4.6746 0.5900 0.6830
4.6915 0.5880 0.6774
4.7085 0.5859 0.6718
4.7254 0.5837 0.6663
4.7424 0.5816 0.6608
4.7593 0.5793 0.6554
4.7762 0.5770 0.6501
4.7932 0.5746 0.6449
4.8101 0.5721 0.6396
4.8270 0.5694 0.6343
4.8440 0.5667 0.6291
4.8609 0.5637 0.6237
4.8779 0.5607 0.6183
4.8948 0.5575 0.6128
4.9117 0.5541 0.6071
4.9287 0.5506 0.6014
4.9456 0.5470 0.5955
4.9625 0.5432 0.5894
4.9795 0.5394 0.5833
4.9964 0.5354 0.5770
5.0134 0.5314 0.5707
5.0303 0.5274 0.5643
5.0472 0.5233 0.5578
5.0642 0.5193 0.5514
5.0811 0.5153 0.5450
5.0980 0.5113 0.5387
5.1150 0.5074 0.5325
5.1319 0.5036 0.5265
5.1488 0.4999 0.5206
5.1658 0.4962 0.5150
5.1827 0.4926 0.5095
5.1997 0.4891 0.5043
5.2166 0.4857 0.4993
5.2335 0.4824 0.4946
5.2505 0.4791 0.4902
5.2674 0.4759 0.4861
5.2843 0.4727 0.4822
5.3013 0.4696 0.4787
5.3182 0.4665 0.4754
5.3352 0.4634 0.4724
5.3521 0.4603 0.4697
5.3690 0.4572 0.4673
5.3860 0.4542 0.4651
5.4029 0.4512 0.4632
5.4198 0.4482 0.4616
5.4368 0.4452 0.4603
5.4537 0.4424 0.4591
5.4707 0.4396 0.4582
5.4876 0.4368 0.4574
5.5045 0.4342 0.4568
5.5215 0.4317 0.4563
5.5384 0.4293 0.4559
5.5553 0.4270 0.4556
5.5723 0.4249 0.4552
5.5892 0.4229 0.4549
5.6061 0.4211 0.4545
5.6231 0.4194 0.4541
5.6400 0.4179 0.4535
5.6570 0.4166 0.4529
5.6739 0.4153 0.4521
5.6908 0.4142 0.4512
5.7078 0.4133 0.4502
5.7247 0.4124 0.4491
5.7416 0.4116 0.4478
5.7586 0.4109 0.4464
5.7755 0.4103 0.4450
5.7925 0.4098 0.4435
5.8094 0.4092 0.4419
5.8263 0.4087 0.4402
5.8433 0.4082 0.4386
5.8602 0.4077 0.4369
5.8771 0.4072 0.4352
5.8941 0.4066 0.4335
5.9110 0.4060 0.4318
5.9280 0.4053 0.4301
5.9449 0.4045 0.4285
5.9618 0.4037 0.4268
5.9788 0.4027 0.4251
5.9957 0.4017 0.4233
6.0126 0.4006 0.4216
6.0296 0.3993 0.4198
6.0465 0.3980 0.4179
6.0634 0.3966 0.4160
6.0804 0.3951 0.4140
6.0973 0.3934 0.4120
6.1143 0.3917 0.4100
6.1312 0.3899 0.4079
6.1481 0.3881 0.4058
6.1651 0.3861 0.4036
6.1820 0.3841 0.4014
6.1989 0.3821 0.3992
6.2159 0.3800 0.3971
6.2328 0.3779 0.3949
6.2498 0.3757 0.3927
6.2667 0.3736 0.3906
6.2836 0.3714 0.3885
6.3006 0.3693 0.3864
6.3175 0.3673 0.3843
6.3344 0.3653 0.3823
6.3514 0.3634 0.3802
6.3683 0.3615 0.3783
6.3852 0.3598 0.3763
6.4022 0.3581 0.3744
6.4191 0.3565 0.3725
6.4361 0.3551 0.3707
6.4530 0.3537 0.3689
6.4699 0.3524 0.3671
6.4869 0.3512 0.3654
6.5038 0.3501 0.3638
6.5207 0.3490 0.3622
6.5377 0.3479 0.3607
6.5546 0.3469 0.3593
6.5716 0.3459 0.3579
6.5885 0.3448 0.3566
6.6054 0.3437 0.3554
6.6224 0.3426 0.3542
6.6393 0.3414 0.3531
6.6562 0.3402 0.3521
6.6732 0.3389 0.3511
6.6901 0.3375 0.3501
6.7071 0.3361 0.3492
6.7240 0.3346 0.3483
6.7409 0.3331 0.3474
6.7579 0.3315 0.3466
6.7748 0.3300 0.3457
6.7917 0.3284 0.3449
6.8087 0.3269 0.3440
6.8256 0.3253 0.3432
6.8425 0.3238 0.3424
6.8595 0.3223 0.3415
6.8764 0.3208 0.3407
6.8934 0.3194 0.3399
6.9103 0.3180 0.3392
6.9272 0.3166 0.3384
6.9442 0.3153 0.3377
6.9611 0.3139 0.3371
6.9780 0.3126 0.3364
6.9950 0.3113 0.3359
7.0119 0.3100 0.3354
7.0289 0.3087 0.3349
7.0458 0.3074 0.3345
7.0627 0.3061 0.3342
7.0797 0.3047 0.3339
7.0966 0.3034 0.3337
7.1135 0.3021 0.3335
7.1305 0.3007 0.3334
7.1474 0.2994 0.3333
7.1644 0.2981 0.3331
7.1813 0.2968 0.3330
7.1982 0.2955 0.3329
7.2152 0.2943 0.3328
7.2321 0.2931 0.3326
7.2490 0.2919 0.3324
7.2660 0.2908 0.3321
7.2829 0.2898 0.3318
7.2998 0.2887 0.3314
7.3168 0.2878 0.3308
7.3337 0.2869 0.3302
7.3507 0.2860 0.3296
7.3676 0.2851 0.3288
7.3845 0.2843 0.3279
7.4015 0.2835 0.3268
7.4184 0.2827 0.3257
7.4353 0.2820 0.3245
7.4523 0.2812 0.3232
7.4692 0.2804 0.3218
7.4862 0.2797 0.3204
7.5031 0.2789 0.3189
7.5200 0.2781 0.3173
7.5370 0.2773 0.3156
7.5539 0.2764 0.3140
7.5708 0.2756 0.3123
7.5878 0.2747 0.3107
7.6047 0.2737 0.3090
7.6217 0.2727 0.3074
7.6386 0.2717 0.3058
7.6555 0.2707 0.3042
7.6725 0.2696 0.3027
7.6894 0.2685 0.3012
7.7063 0.2674 0.2998
7.7233 0.2663 0.2985
7.7402 0.2652 0.2972
7.7571 0.2641 0.2959
7.7741 0.2630 0.2947
7.7910 0.2619 0.2936
7.8080 0.2609 0.2924
7.8249 0.2600 0.2913
7.8418 0.2591 0.2902
7.8588 0.2583 0.2891
7.8757 0.2575 0.2880
7.8926 0.2568 0.2869
7.9096 0.2561 0.2858
7.9265 0.2555 0.2847
7.9435 0.2550 0.2835
7.9604 0.2545 0.2823
7.9773 0.2541 0.2811
7.9943 0.2537 0.2799
8.0112 0.2533 0.2786
8.0281 0.2530 0.2773
8.0451 0.2527 0.2760
8.0620 0.2524 0.2747
8.0790 0.2521 0.2733
8.0959 0.2519 0.2720
8.1128 0.2516 0.2706
8.1298 0.2514 0.2692
8.1467 0.2512 0.2678
8.1636 0.2511 0.2664
8.1806 0.2509 0.2651
8.1975 0.2508 0.2637
8.2144 0.2507 0.2623
8.2314 0.2507 0.2610
8.2483 0.2506 0.2597
8.2653 0.2506 0.2584
8.2822 0.2506 0.2571
8.2991 0.2507 0.2558
8.3161 0.2507 0.2545
8.3330 0.2508 0.2533
8.3499 0.2508 0.2520
8.3669 0.2509 0.2508
8.3838 0.2510 0.2496
8.4008 0.2510 0.2484
8.4177 0.2511 0.2472
8.4346 0.2511 0.2460
8.4516 0.2511 0.2448
8.4685 0.2510 0.2436
8.4854 0.2509 0.2424
8.5024 0.2508 0.2413
8.5193 0.2507 0.2401
8.5362 0.2505 0.2390
8.5532 0.2502 0.2379
8.5701 0.2499 0.2368
8.5871 0.2496 0.2357
8.6040 0.2492 0.2347
8.6209 0.2488 0.2336
8.6379 0.2483 0.2327
8.6548 0.2478 0.2317
8.6717 0.2473 0.2307
8.6887 0.2467 0.2298
8.7056 0.2460 0.2289
8.7226 0.2454 0.2281
8.7395 0.2447 0.2272
8.7564 0.2439 0.2264
8.7734 0.2432 0.2256
8.7903 0.2424 0.2248
8.8072 0.2415 0.2239
8.8242 0.2407 0.2231
8.8411 0.2398 0.2223
8.8581 0.2388 0.2214
8.8750 0.2379 0.2205
8.8919 0.2369 0.2197
8.9089 0.2359 0.2187
8.9258 0.2349 0.2178
8.9427 0.2339 0.2169
8.9597 0.2328 0.2159
8.9766 0.2318 0.2149
8.9935 0.2307 0.2139
9.0105 0.2297 0.2129
9.0274 0.2287 0.2119
9.0444 0.2276 0.2108
9.0613 0.2266 0.2098
9.0782 0.2256 0.2088
9.0952 0.2246 0.2078
9.1121 0.2237 0.2067
9.1290 0.2227 0.2057
9.1460 0.2218 0.2047
9.1629 0.2208 0.2038
9.1799 0.2199 0.2028
9.1968 0.2191 0.2019
9.2137 0.2182 0.2010
9.2307 0.2174 0.2001
9.2476 0.2165 0.1992
9.2645 0.2157 0.1984
9.2815 0.2149 0.1975
9.2984 0.2142 0.1967
9.3154 0.2134 0.1959
9.3323 0.2127 0.1951
9.3492 0.2119 0.1943
9.3662 0.2112 0.1935
9.3831 0.2105 0.1927
9.4000 0.2098 0.1919
9.4170 0.2091 0.1911
9.4339 0.2085 0.1903
9.4508 0.2078 0.1895
9.4678 0.2072 0.1887
9.4847 0.2065 0.1879
9.5017 0.2059 0.1870
9.5186 0.2053 0.1862
9.5355 0.2047 0.1854
9.5525 0.2041 0.1845
9.5694 0.2036 0.1837
9.5863 0.2030 0.1829
9.6033 0.2025 0.1820
9.6202 0.2020 0.1812
9.6372 0.2015 0.1803
9.6541 0.2009 0.1795
9.6710 0.2004 0.1787
9.6880 0.1999 0.1778
9.7049 0.1993 0.1770
9.7218 0.1988 0.1761
9.7388 0.1982 0.1753
9.7557 0.1976 0.1745
9.7727 0.1969 0.1737
9.7896 0.1963 0.1729
9.8065 0.1956 0.1721
9.8235 0.1948 0.1713
9.8404 0.1941 0.1705
9.8573 0.1933 0.1697
9.8743 0.1924 0.1689
9.8912 0.1915 0.1682
9.9081 0.1906 0.1674
9.9251 0.1897 0.1666
9.9420 0.1888 0.1657
9.9590 0.1878 0.1649
9.9759 0.1868 0.1640
9.9928 0.1858 0.1632
10.0098 0.1848 0.1623
10.0267 0.1838 0.1613
10.0436 0.1828 0.1604
10.0606 0.1818 0.1595
10.0775 0.1808 0.1586
10.0945 0.1798 0.1576
10.1114 0.1788 0.1567
10.1283 0.1779 0.1559
10.1453 0.1769 0.1550
10.1622 0.1759 0.1542
10.1791 0.1749 0.1534
10.1961 0.1739 0.1526
10.2130 0.1729 0.1520
10.2299 0.1719 0.1513
10.2469 0.1709 0.1507
10.2638 0.1699 0.1501
10.2808 0.1689 0.1496
10.2977 0.1678 0.1491
10.3146 0.1667 0.1487
10.3316 0.1657 0.1482
10.3485 0.1646 0.1478
10.3654 0.1635 0.1473
10.3824 0.1624 0.1469
10.3993 0.1613 0.1464
10.4163 0.1602 0.1459
10.4332 0.1591 0.1454
10.4501 0.1581 0.1449
10.4671 0.1570 0.1443
10.4840 0.1560 0.1436
10.5009 0.1549 0.1429
10.5179 0.1539 0.1422
10.5348 0.1529 0.1414
10.5518 0.1519 0.1406
10.5687 0.1510 0.1397
10.5856 0.1501 0.1388
10.6026 0.1492 0.1379
10.6195 0.1483 0.1369
10.6364 0.1475 0.1359
10.6534 0.1467 0.1349
10.6703 0.1460 0.1338
10.6872 0.1452 0.1328
10.7042 0.1445 0.1318
10.7211 0.1438 0.1308
10.7381 0.1431 0.1298
10.7550 0.1425 0.1288
10.7719 0.1418 0.1278
10.7889 0.1412 0.1268
10.8058 0.1405 0.1259
10.8227 0.1399 0.1250
10.8397 0.1393 0.1241
10.8566 0.1386 0.1232
10.8736 0.1380 0.1224
10.8905 0.1374 0.1215
10.9074 0.1367 0.1207
10.9244 0.1361 0.1198
10.9413 0.1354 0.1190
10.9582 0.1347 0.1181
10.9752 0.1341 0.1173
10.9921 0.1334 0.1164
11.0091 0.1327 0.1155
11.0260 0.1320 0.1146
11.0429 0.1314 0.1137
11.0599 0.1307 0.1128
11.0768 0.1300 0.1119
11.0937 0.1293 0.1110
11.1107 0.1287 0.1100
11.1276 0.1280 0.1091
11.1445 0.1273 0.1082
11.1615 0.1267 0.1073
11.1784 0.1260 0.1064
11.1954 0.1253 0.1055
11.2123 0.1247 0.1046
11.2292 0.1240 0.1038
11.2462 0.1234 0.1029
11.2631 0.1227 0.1021
11.2800 0.1220 0.1014
11.2970 0.1214 0.1006
11.3139 0.1207 0.0999
11.3309 0.1200 0.0993
11.3478 0.1194 0.0986
11.3647 0.1187 0.0980
11.3817 0.1181 0.0974
11.3986 0.1174 0.0969
11.4155 0.1168 0.0963
11.4325 0.1161 0.0958
11.4494 0.1154 0.0953
11.4664 0.1148 0.0948
11.4833 0.1141 0.0943
11.5002 0.1135 0.0938
11.5172 0.1128 0.0933
11.5341 0.1122 0.0928
11.5510 0.1115 0.0923
11.5680 0.1109 0.0918
11.5849 0.1102 0.0912
11.6018 0.1096 0.0906
11.6188 0.1090 0.0900
11.6357 0.1083 0.0894
11.6527 0.1077 0.0887
11.6696 0.1071 0.0881
11.6865 0.1065 0.0874
11.7035 0.1059 0.0867
11.7204 0.1053 0.0861
11.7373 0.1047 0.0854
11.7543 0.1041 0.0847
11.7712 0.1035 0.0840
11.7882 0.1029 0.0834
11.8051 0.1023 0.0827
11.8220 0.1017 0.0821
11.8390 0.1011 0.0814
11.8559 0.1005 0.0808
11.8728 0.0999 0.0802
11.8898 0.0993 0.0796
11.9067 0.0987 0.0790
11.9236 0.0981 0.0784
11.9406 0.0974 0.0778
11.9575 0.0968 0.0772
11.9745 0.0961 0.0767
11.9914 0.0954 0.0761
12.0083 0.0948 0.0756
12.0253 0.0941 0.0750
12.0422 0.0935 0.0745
12.0591 0.0928 0.0740
12.0761 0.0922 0.0735
12.0930 0.0915 0.0730
12.1100 0.0909 0.0725
12.1269 0.0902 0.0720
12.1438 0.0896 0.0716
12.1608 0.0890 0.0711
12.1777 0.0884 0.0707
12.1946 0.0878 0.0702
12.2116 0.0872 0.0698
12.2285 0.0866 0.0694
12.2455 0.0861 0.0689
12.2624 0.0855 0.0685
12.2793 0.0849 0.0681
12.2963 0.0843 0.0677
12.3132 0.0837 0.0673
12.3301 0.0832 0.0669
12.3471 0.0826 0.0665
12.3640 0.0820 0.0661
12.3809 0.0814 0.0657
12.3979 0.0808 0.0653
12.4148 0.0802 0.0649
12.4318 0.0796 0.0645
12.4487 0.0790 0.0640
12.4656 0.0784 0.0636
12.4826 0.0777 0.0632
12.4995 0.0771 0.0628
12.5164 0.0765 0.0623
12.5334 0.0758 0.0619
12.5503 0.0752 0.0615
12.5673 0.0746 0.0610
12.5842 0.0740 0.0606
12.6011 0.0733 0.0602
12.6181 0.0727 0.0597
12.6350 0.0721 0.0593
12.6519 0.0715 0.0589
12.6689 0.0709 0.0585
12.6858 0.0704 0.0581
12.7028 0.0698 0.0576
12.7197 0.0692 0.0572
12.7366 0.0687 0.0568
12.7536 0.0682 0.0564
12.7705 0.0677 0.0560
12.7874 0.0672 0.0556
12.8044 0.0667 0.0553
12.8213 0.0663 0.0549
12.8382 0.0659 0.0545
12.8552 0.0654 0.0541
12.8721 0.0650 0.0538
12.8891 0.0646 0.0534
12.9060 0.0643 0.0530
12.9229 0.0639 0.0527
12.9399 0.0635 0.0524
12.9568 0.0632 0.0520
12.9737 0.0629 0.0517
12.9907 0.0626 0.0514
13.0076 0.0623 0.0511
13.0246 0.0620 0.0507
13.0415 0.0617 0.0504
13.0584 0.0615 0.0501
13.0754 0.0612 0.0498
13.0923 0.0610 0.0495
13.1092 0.0608 0.0492
13.1262 0.0605 0.0490
13.1431 0.0603 0.0487
13.1601 0.0600 0.0484
13.1770 0.0598 0.0481
13.1939 0.0596 0.0478
13.2109 0.0593 0.0475
13.2278 0.0590 0.0472
13.2447 0.0587 0.0469
13.2617 0.0584 0.0466
13.2786 0.0581 0.0463
13.2955 0.0578 0.0459
13.3125 0.0574 0.0456
13.3294 0.0570 0.0453
13.3464 0.0566 0.0450
13.3633 0.0562 0.0447
13.3802 0.0558 0.0443
13.3972 0.0553 0.0440
13.4141 0.0549 0.0436
13.4310 0.0544 0.0433
13.4480 0.0539 0.0429
13.4649 0.0534 0.0426
13.4819 0.0529 0.0422
13.4988 0.0524 0.0419
13.5157 0.0519 0.0415
13.5327 0.0513 0.0411
13.5496 0.0508 0.0408
13.5665 0.0503 0.0404
13.5835 0.0498 0.0400
13.6004 0.0493 0.0396
13.6173 0.0488 0.0393
13.6343 0.0483 0.0389
13.6512 0.0478 0.0385
13.6682 0.0473 0.0382
13.6851 0.0468 0.0378
13.7020 0.0463 0.0375
13.7190 0.0458 0.0371
13.7359 0.0453 0.0367
13.7528 0.0448 0.0364
13.7698 0.0443 0.0361
13.7867 0.0438 0.0357
13.8037 0.0433 0.0354
13.8206 0.0428 0.0350
13.8375 0.0423 0.0347
13.8545 0.0417 0.0344
13.8714 0.0412 0.0341
13.8883 0.0407 0.0337
13.9053 0.0402 0.0334
13.9222 0.0397 0.0331
13.9392 0.0392 0.0329
13.9561 0.0387 0.0326
13.9730 0.0382 0.0323
13.9900 0.0377 0.0320
14.0069 0.0373 0.0318
14.0238 0.0369 0.0315
14.0408 0.0364 0.0313
14.0577 0.0361 0.0311
14.0746 0.0357 0.0309
14.0916 0.0353 0.0307
14.1085 0.0350 0.0305
14.1255 0.0347 0.0303
14.1424 0.0344 0.0301
14.1593 0.0341 0.0299
14.1763 0.0339 0.0298
14.1932 0.0337 0.0296
14.2101 0.0335 0.0295
14.2271 0.0333 0.0293
14.2440 0.0331 0.0292
14.2610 0.0329 0.0290
14.2779 0.0327 0.0289
14.2948 0.0326 0.0287
14.3118 0.0324 0.0286
14.3287 0.0323 0.0285
14.3456 0.0321 0.0284
14.3626 0.0320 0.0282
14.3795 0.0318 0.0281
14.3965 0.0316 0.0280
14.4134 0.0315 0.0278
14.4303 0.0313 0.0277
14.4473 0.0311 0.0276
14.4642 0.0309 0.0274
14.4811 0.0307 0.0273
14.4981 0.0305 0.0272
14.5150 0.0303 0.0271
14.5319 0.0301 0.0269
14.5489 0.0299 0.0268
14.5658 0.0297 0.0266
14.5828 0.0295 0.0265
14.5997 0.0292 0.0263
14.6166 0.0290 0.0262
14.6336 0.0288 0.0260
14.6505 0.0286 0.0259
14.6674 0.0284 0.0257
14.6844 0.0281 0.0255
14.7013 0.0279 0.0254
14.7183 0.0277 0.0252
14.7352 0.0275 0.0250
14.7521 0.0273 0.0248
14.7691 0.0271 0.0246
14.7860 0.0269 0.0244
14.8029 0.0267 0.0242
14.8199 0.0265 0.0240
14.8368 0.0264 0.0238
14.8538 0.0262 0.0236
14.8707 0.0260 0.0234
14.8876 0.0258 0.0232
14.9046 0.0256 0.0230
14.9215 0.0254 0.0228
14.9384 0.0253 0.0226
14.9554 0.0251 0.0224
14.9723 0.0249 0.0222
14.9892 0.0247 0.0220
15.0062 0.0245 0.0218
15.0231 0.0243 0.0215
15.0401 0.0241 0.0213
15.0570 0.0239 0.0211
15.0739 0.0238 0.0209
15.0909 0.0236 0.0207
15.1078 0.0234 0.0204
15.1247 0.0232 0.0202
15.1417 0.0230 0.0200
15.1586 0.0228 0.0198
15.1756 0.0227 0.0196
15.1925 0.0225 0.0194
15.2094 0.0223 0.0192
15.2264 0.0221 0.0189
15.2433 0.0220 0.0187
15.2602 0.0218 0.0185
15.2772 0.0216 0.0183
15.2941 0.0215 0.0181
15.3111 0.0213 0.0180
15.3280 0.0211 0.0178
15.3449 0.0210 0.0176
15.3619 0.0208 0.0174
15.3788 0.0206 0.0172
15.3957 0.0204 0.0171
15.4127 0.0203 0.0169
15.4296 0.0201 0.0168
15.4465 0.0199 0.0166
15.4635 0.0197 0.0165
15.4804 0.0195 0.0163
15.4974 0.0194 0.0162
15.5143 0.0192 0.0160
15.5312 0.0190 0.0159
15.5482 0.0188 0.0158
15.5651 0.0186 0.0157
15.5820 0.0184 0.0155
15.5990 0.0182 0.0154
15.6159 0.0180 0.0153
15.6329 0.0178 0.0152
15.6498 0.0176 0.0151
15.6667 0.0174 0.0150
15.6837 0.0172 0.0148
15.7006 0.0170 0.0147
15.7175 0.0168 0.0146
15.7345 0.0166 0.0145
15.7514 0.0164 0.0144
15.7683 0.0162 0.0143
15.7853 0.0160 0.0142
15.8022 0.0158 0.0140
15.8192 0.0157 0.0139
15.8361 0.0155 0.0138
15.8530 0.0153 0.0137
15.8700 0.0151 0.0136
15.8869 0.0149 0.0135
15.9038 0.0147 0.0133
15.9208 0.0146 0.0132
15.9377 0.0144 0.0131
15.9547 0.0143 0.0130
15.9716 0.0141 0.0129
15.9885 0.0139 0.0127
16.0055 0.0138 0.0126
16.0224 0.0137 0.0125
16.0393 0.0135 0.0124
16.0563 0.0134 0.0123
16.0732 0.0133 0.0121
16.0902 0.0131 0.0120
16.1071 0.0130 0.0119
16.1240 0.0129 0.0118
16.1410 0.0128 0.0117
16.1579 0.0127 0.0116
16.1748 0.0126 0.0115
16.1918 0.0125 0.0114
16.2087 0.0124 0.0112
16.2256 0.0123 0.0111
16.2426 0.0122 0.0110
16.2595 0.0121 0.0109
16.2765 0.0120 0.0108
16.2934 0.0119 0.0107
16.3103 0.0118 0.0106
16.3273 0.0117 0.0105
16.3442 0.0116 0.0105
16.3611 0.0115 0.0104
16.3781 0.0114 0.0103
16.3950 0.0113 0.0102
16.4120 0.0112 0.0101
16.4289 0.0111 0.0100
16.4458 0.0110 0.0099
16.4628 0.0109 0.0098
16.4797 0.0108 0.0097
16.4966 0.0107 0.0096
16.5136 0.0106 0.0095
16.5305 0.0105 0.0094
16.5475 0.0104 0.0093
16.5644 0.0103 0.0092
16.5813 0.0102 0.0092
16.5983 0.0101 0.0091
16.6152 0.0100 0.0090
16.6321 0.0099 0.0089
16.6491 0.0098 0.0088
16.6660 0.0097 0.0087
16.6829 0.0096 0.0087
16.6999 0.0095 0.0086
16.7168 0.0094 0.0085
16.7338 0.0093 0.0084
16.7507 0.0092 0.0084
16.7676 0.0092 0.0083
16.7846 0.0091 0.0082
16.8015 0.0090 0.0081
16.8184 0.0089 0.0081
16.8354 0.0088 0.0080
16.8523 0.0087 0.0079
16.8693 0.0087 0.0079
16.8862 0.0086 0.0078
16.9031 0.0085 0.0077
16.9201 0.0084 0.0077
16.9370 0.0084 0.0076
16.9539 0.0083 0.0076
16.9709 0.0082 0.0075
16.9878 0.0082 0.0074
17.0048 0.0081 0.0074
17.0217 0.0080 0.0073
17.0386 0.0080 0.0073
17.0556 0.0079 0.0072
17.0725 0.0078 0.0072
17.0894 0.0078 0.0071
17.1064 0.0077 0.0071
17.1233 0.0076 0.0071
17.1402 0.0076 0.0070
17.1572 0.0075 0.0070
17.1741 0.0074 0.0069
17.1911 0.0073 0.0069
17.2080 0.0073 0.0069
17.2249 0.0072 0.0068
17.2419 0.0071 0.0068
17.2588 0.0070 0.0067
17.2757 0.0070 0.0067
17.2927 0.0069 0.0067
17.3096 0.0068 0.0066
17.3266 0.0067 0.0066
17.3435 0.0067 0.0066
17.3604 0.0066 0.0065
17.3774 0.0065 0.0065
17.3943 0.0065 0.0064
17.4112 0.0064 0.0064
17.4282 0.0063 0.0064
17.4451 0.0062 0.0063
17.4620 0.0062 0.0063
17.4790 0.0061 0.0063
17.4959 0.0060 0.0062
17.5129 0.0060 0.0062
17.5298 0.0059 0.0062
17.5467 0.0058 0.0061
17.5637 0.0058 0.0061
17.5806 0.0057 0.0061
17.5975 0.0057 0.0060
17.6145 0.0056 0.0060
17.6314 0.0056 0.0059
17.6484 0.0055 0.0059
17.6653 0.0055 0.0059
17.6822 0.0054 0.0058
17.6992 0.0054 0.0058
17.7161 0.0053 0.0058
17.7330 0.0053 0.0057
17.7500 0.0053 0.0057
17.7669 0.0052 0.0057
17.7839 0.0052 0.0056
17.8008 0.0052 0.0056
17.8177 0.0051 0.0055
17.8347 0.0051 0.0055
17.8516 0.0051 0.0055
17.8685 0.0050 0.0054
17.8855 0.0050 0.0054
17.9024 0.0049 0.0053
17.9193 0.0049 0.0053
17.9363 0.0049 0.0052
17.9532 0.0048 0.0052
17.9702 0.0048 0.0051
17.9871 0.0048 0.0051
18.0040 0.0047 0.0050
18.0210 0.0047 0.0050
18.0379 0.0047 0.0049
18.0548 0.0046 0.0049
18.0718 0.0046 0.0048
18.0887 0.0046 0.0048
18.1057 0.0046 0.0047
18.1226 0.0045 0.0047
18.1395 0.0045 0.0046
18.1565 0.0045 0.0046
18.1734 0.0044 0.0045
18.1903 0.0044 0.0045
18.2073 0.0044 0.0045
18.2242 0.0044 0.0044
18.2412 0.0043 0.0044
18.2581 0.0043 0.0043
18.2750 0.0043 0.0043
18.2920 0.0043 0.0043
18.3089 0.0042 0.0042
18.3258 0.0042 0.0042
18.3428 0.0042 0.0042
18.3597 0.0042 0.0041
18.3766 0.0042 0.0041
18.3936 0.0041 0.0041
18.4105 0.0041 0.0040
18.4275 0.0041 0.0040
18.4444 0.0041 0.0040
18.4613 0.0040 0.0039
18.4783 0.0040 0.0039
18.4952 0.0040 0.0039
18.5121 0.0040 0.0038
18.5291 0.0039 0.0038
18.5460 0.0039 0.0038
18.5630 0.0039 0.0038
18.5799 0.0039 0.0037
18.5968 0.0038 0.0037
18.6138 0.0038 0.0037
18.6307 0.0038 0.0036
18.6476 0.0037 0.0036
18.6646 0.0037 0.0036
18.6815 0.0037 0.0035
18.6985 0.0036 0.0035
18.7154 0.0036 0.0034
18.7323 0.0036 0.0034
18.7493 0.0035 0.0034
18.7662 0.0035 0.0033
18.7831 0.0034 0.0033
18.8001 0.0034 0.0033
18.8170 0.0034 0.0033
18.8339 0.0033 0.0032
18.8509 0.0033 0.0032
18.8678 0.0032 0.0032
18.8848 0.0032 0.0031
18.9017 0.0032 0.0031
18.9186 0.0031 0.0031
18.9356 0.0031 0.0030
18.9525 0.0031 0.0030
18.9694 0.0030 0.0030
18.9864 0.0030 0.0029
19.0033 0.0030 0.0029
19.0203 0.0030 0.0029
19.0372 0.0029 0.0029
19.0541 0.0029 0.0028
19.0711 0.0029 0.0028
19.0880 0.0029 0.0028
19.1049 0.0028 0.0027
19.1219 0.0028 0.0027
19.1388 0.0028 0.0027
19.1557 0.0028 0.0027
19.1727 0.0027 0.0026
19.1896 0.0027 0.0026
19.2066 0.0027 0.0026
19.2235 0.0027 0.0026
19.2404 0.0027 0.0026
19.2574 0.0027 0.0025
19.2743 0.0026 0.0025
19.2912 0.0026 0.0025
19.3082 0.0026 0.0025
19.3251 0.0026 0.0024
19.3421 0.0026 0.0024
19.3590 0.0026 0.0024
19.3759 0.0025 0.0024
19.3929 0.0025 0.0024
19.4098 0.0025 0.0024
19.4267 0.0025 0.0023
19.4437 0.0025 0.0023
19.4606 0.0025 0.0023
19.4776 0.0024 0.0023
19.4945 0.0024 0.0023
19.5114 0.0024 0.0022
19.5284 0.0024 0.0022
19.5453 0.0024 0.0022
19.5622 0.0024 0.0022
19.5792 0.0023 0.0022
19.5961 0.0023 0.0022
19.6130 0.0023 0.0021
19.6300 0.0023 0.0021
19.6469 0.0023 0.0021
19.6639 0.0023 0.0021
19.6808 0.0022 0.0021
19.6977 0.0022 0.0021
19.7147 0.0022 0.0021
19.7316 0.0022 0.0020
19.7485 0.0022 0.0020
19.7655 0.0022 0.0020
19.7824 0.0021 0.0020
19.7994 0.0021 0.0020
19.8163 0.0021 0.0020
19.8332 0.0021 0.0020
19.8502 0.0021 0.0020
19.8671 0.0021 0.0019
19.8840 0.0020 0.0019
19.9010 0.0020 0.0019
19.9179 0.0020 0.0019
19.9349 0.0020 0.0019
19.9518 0.0020 0.0019
19.9687 0.0020 0.0019
19.9857 0.0019 0.0018
20.0026 0.0019 0.0018
20.0195 0.0019 0.0018
20.0365 0.0019 0.0018
20.0534 0.0019 0.0018
20.0703 0.0019 0.0018
20.0873 0.0019 0.0018
20.1042 0.0018 0.0018
20.1212 0.0018 0.0017
20.1381 0.0018 0.0017
20.1550 0.0018 0.0017
20.1720 0.0018 0.0017
20.1889 0.0018 0.0017
20.2058 0.0018 0.0017
20.2228 0.0017 0.0017
20.2397 0.0017 0.0016
20.2567 0.0017 0.0016
20.2736 0.0017 0.0016
20.2905 0.0017 0.0016
20.3075 0.0017 0.0016
20.3244 0.0017 0.0016
20.3413 0.0016 0.0016
20.3583 0.0016 0.0016
20.3752 0.0016 0.0015
20.3922 0.0016 0.0015
20.4091 0.0016 0.0015
20.4260 0.0016 0.0015
20.4430 0.0016 0.0015
20.4599 0.0016 0.0015
20.4768 0.0015 0.0015
20.4938 0.0015 0.0015
20.5107 0.0015 0.0015
20.5276 0.0015 0.0014
20.5446 0.0015 0.0014
20.5615 0.0015 0.0014
20.5785 0.0015 0.0014
20.5954 0.0015 0.0014
20.6123 0.0014 0.0014
20.6293 0.0014 0.0014
20.6462 0.0014 0.0014
20.6631 0.0014 0.0014
20.6801 0.0014 0.0014
20.6970 0.0014 0.0014
20.7140 0.0014 0.0013
20.7309 0.0014 0.0013
20.7478 0.0014 0.0013
20.7648 0.0013 0.0013
20.7817 0.0013 0.0013
20.7986 0.0013 0.0013
20.8156 0.0013 0.0013
20.8325 0.0013 0.0013
20.8495 0.0013 0.0013
20.8664 0.0013 0.0013
20.8833 0.0013 0.0013
20.9003 0.0013 0.0013
20.9172 0.0013 0.0013
20.9341 0.0013 0.0013
20.9511 0.0012 0.0013
20.9680 0.0012 0.0013
20.9849 0.0012 0.0012
21.0019 0.0012 0.0012
21.0188 0.0012 0.0012
21.0358 0.0012 0.0012
21.0527 0.0012 0.0012
21.0696 0.0012 0.0012
21.0866 0.0012 0.0012
21.1035 0.0012 0.0012
21.1204 0.0012 0.0012
21.1374 0.0012 0.0012
21.1543 0.0012 0.0012
21.1713 0.0011 0.0012
21.1882 0.0011 0.0012
21.2051 0.0011 0.0012
21.2221 0.0011 0.0012
21.2390 0.0011 0.0011
21.2559 0.0011 0.0011
21.2729 0.0011 0.0011
21.2898 0.0011 0.0011
21.3067 0.0011 0.0011
21.3237 0.0011 0.0011
21.3406 0.0011 0.0011
21.3576 0.0011 0.0011
21.3745 0.0011 0.0011
21.3914 0.0011 0.0011
21.4084 0.0011 0.0011
21.4253 0.0011 0.0011
21.4422 0.0010 0.0011
21.4592 0.0010 0.0011
21.4761 0.0010 0.0011
21.4931 0.0010 0.0011
21.5100 0.0010 0.0011
21.5269 0.0010 0.0010
21.5439 0.0010 0.0010
21.5608 0.0010 0.0010
21.5777 0.0010 0.0010
21.5947 0.0010 0.0010
21.6116 0.0010 0.0010
21.6286 0.0010 0.0010
21.6455 0.0010 0.0010
21.6624 0.0010 0.0010
21.6794 0.0010 0.0010
21.6963 0.0010 0.0010
21.7132 0.0010 0.0010
21.7302 0.0010 0.0010
21.7471 0.0010 0.0010
21.7640 0.0010 0.0010
21.7810 0.0010 0.0010
21.7979 0.0010 0.0010
21.8149 0.0010 0.0010
21.8318 0.0010 0.0010
21.8487 0.0009 0.0010
21.8657 0.0009 0.0010
21.8826 0.0009 0.0010
21.8995 0.0009 0.0010
21.9165 0.0009 0.0010
21.9334 0.0009 0.0010
21.9504 0.0009 0.0010
21.9673 0.0009 0.0010
21.9842 0.0009 0.0010
22.0012 0.0009 0.0010
22.0181 0.0009 0.0009
22.0350 0.0009 0.0009
22.0520 0.0009 0.0009
22.0689 0.0009 0.0009
22.0859 0.0009 0.0009
22.1028 0.0009 0.0009
22.1197 0.0009 0.0009
22.1367 0.0009 0.0009
22.1536 0.0009 0.0009
22.1705 0.0009 0.0009
22.1875 0.0009 0.0009
22.2044 0.0009 0.0009
22.2213 0.0009 0.0009
22.2383 0.0009 0.0009
22.2552 0.0009 0.0009
22.2722 0.0009 0.0009
22.2891 0.0009 0.0009
22.3060 0.0009 0.0009
22.3230 0.0008 0.0009
22.3399 0.0008 0.0009
22.3568 0.0008 0.0009
22.3738 0.0008 0.0009
22.3907 0.0008 0.0009
22.4077 0.0008 0.0008
22.4246 0.0008 0.0008
22.4415 0.0008 0.0008
22.4585 0.0008 0.0008
22.4754 0.0008 0.0008
22.4923 0.0008 0.0008
22.5093 0.0008 0.0008
22.5262 0.0008 0.0008
22.5432 0.0008 0.0008
22.5601 0.0008 0.0008
22.5770 0.0008 0.0008
22.5940 0.0008 0.0008
22.6109 0.0008 0.0008
22.6278 0.0008 0.0008
22.6448 0.0008 0.0008
22.6617 0.0008 0.0008
22.6786 0.0008 0.0008
22.6956 0.0008 0.0008
22.7125 0.0008 0.0008
22.7295 0.0008 0.0008
22.7464 0.0008 0.0008
22.7633 0.0008 0.0008
22.7803 0.0008 0.0008
22.7972 0.0008 0.0008
22.8141 0.0008 0.0008
22.8311 0.0008 0.0008
22.8480 0.0008 0.0008
22.8650 0.0008 0.0008
22.8819 0.0008 0.0008
22.8988 0.0008 0.0008
22.9158 0.0008 0.0008
22.9327 0.0008 0.0008
22.9496 0.0008 0.0008
22.9666 0.0008 0.0008
22.9835 0.0008 0.0008
23.0004 0.0008 0.0008
23.0174 0.0008 0.0008
23.0343 0.0008 0.0008
23.0513 0.0008 0.0008
23.0682 0.0008 0.0008
23.0851 0.0008 0.0008
23.1021 0.0008 0.0008
23.1190 0.0008 0.0008
23.1359 0.0008 0.0008
23.1529 0.0008 0.0008
23.1698 0.0008 0.0008
23.1868 0.0008 0.0008
23.2037 0.0008 0.0007
23.2206 0.0007 0.0007
23.2376 0.0007 0.0007
23.2545 0.0007 0.0007
23.2714 0.0007 0.0007
23.2884 0.0007 0.0007
23.3053 0.0007 0.0007
23.3223 0.0007 0.0007
23.3392 0.0007 0.0007
23.3561 0.0007 0.0007
23.3731 0.0007 0.0007
23.3900 0.0007 0.0007
23.4069 0.0007 0.0007
23.4239 0.0007 0.0007
23.4408 0.0007 0.0007
23.4577 0.0007 0.0007
23.4747 0.0007 0.0007
23.4916 0.0007 0.0007
23.5086 0.0007 0.0007
23.5255 0.0007 0.0007
23.5424 0.0007 0.0007
23.5594 0.0007 0.0007
23.5763 0.0007 0.0007
23.5932 0.0007 0.0007
23.6102 0.0007 0.0007
23.6271 0.0007 0.0007
23.6441 0.0007 0.0007
23.6610 0.0007 0.0007
23.6779 0.0007 0.0007
23.6949 0.0007 0.0007
23.7118 0.0007 0.0007
23.7287 0.0007 0.0007
23.7457 0.0007 0.0007
23.7626 0.0007 0.0007
23.7796 0.0007 0.0007
23.7965 0.0007 0.0007
23.8134 0.0007 0.0007
23.8304 0.0007 0.0007
23.8473 0.0007 0.0007
23.8642 0.0007 0.0007
23.8812 0.0007 0.0007
23.8981 0.0007 0.0007
23.9150 0.0007 0.0007
23.9320 0.0007 0.0007
23.9489 0.0007 0.0007
23.9659 0.0007 0.0007
23.9828 0.0007 0.0007
23.9997 0.0007 0.0006
24.0167 0.0007 0.0006
24.0336 0.0007 0.0006
24.0505 0.0007 0.0006
24.0675 0.0007 0.0006
24.0844 0.0006 0.0006
24.1014 0.0006 0.0006
24.1183 0.0006 0.0006
24.1352 0.0006 0.0006
24.1522 0.0006 0.0006
24.1691 0.0006 0.0006
24.1860 0.0006 0.0006
24.2030 0.0006 0.0006
24.2199 0.0006 0.0006
24.2369 0.0006 0.0006
24.2538 0.0006 0.0006
24.2707 0.0006 0.0006
24.2877 0.0006 0.0006
24.3046 0.0006 0.0006
24.3215 0.0006 0.0006
24.3385 0.0006 0.0006
24.3554 0.0006 0.0006
24.3723 0.0006 0.0006
24.3893 0.0006 0.0006
24.4062 0.0006 0.0006
24.4232 0.0006 0.0006
24.4401 0.0006 0.0006
24.4570 0.0006 0.0006
24.4740 0.0006 0.0006
24.4909 0.0006 0.0006
24.5078 0.0006 0.0006
24.5248 0.0006 0.0006
24.5417 0.0006 0.0005
24.5587 0.0006 0.0005
24.5756 0.0006 0.0005
24.5925 0.0006 0.0005
24.6095 0.0006 0.0005
24.6264 0.0006 0.0005
24.6433 0.0005 0.0005
24.6603 0.0005 0.0005
24.6772 0.0005 0.0005
24.6941 0.0005 0.0005
24.7111 0.0005 0.0005
24.7280 0.0005 0.0005
24.7450 0.0005 0.0005
24.7619 0.0005 0.0005
24.7788 0.0005 0.0005
24.7958 0.0005 0.0005
24.8127 0.0005 0.0005
24.8296 0.0005 0.0005
24.8466 0.0005 0.0005
24.8635 0.0005 0.0005
24.8805 0.0005 0.0005
24.8974 0.0005 0.0005
24.9143 0.0005 0.0005
24.9313 0.0005 0.0005
24.9482 0.0005 0.0005
24.9651 0.0005 0.0005
24.9821 0.0005 0.0005
24.9990 0.0005 0.0005
25.0160 0.0005 0.0005
25.0329 0.0005 0.0005
25.0498 0.0005 0.0005
25.0668 0.0005 0.0005
25.0837 0.0005 0.0005
25.1006 0.0005 0.0005
25.1176 0.0005 0.0005
25.1345 0.0005 0.0005
25.1514 0.0005 0.0005
25.1684 0.0005 0.0005
25.1853 0.0005 0.0005
25.2023 0.0005 0.0005
25.2192 0.0005 0.0004
25.2361 0.0005 0.0004
25.2531 0.0004 0.0004
25.2700 0.0004 0.0004
25.2869 0.0004 0.0004
25.3039 0.0004 0.0004
25.3208 0.0004 0.0004
25.3378 0.0004 0.0004
25.3547 0.0004 0.0004
25.3716 0.0004 0.0004
25.3886 0.0004 0.0004
25.4055 0.0004 0.0004
25.4224 0.0004 0.0004
25.4394 0.0004 0.0004
25.4563 0.0004 0.0004
25.4733 0.0004 0.0004
25.4902 0.0004 0.0004
25.5071 0.0004 0.0004
25.5241 0.0004 0.0004
25.5410 0.0004 0.0004
25.5579 0.0004 0.0004
25.5749 0.0004 0.0004
25.5918 0.0004 0.0004
25.6087 0.0004 0.0004
25.6257 0.0004 0.0004
25.6426 0.0004 0.0004
25.6596 0.0004 0.0004
25.6765 0.0004 0.0004
25.6934 0.0004 0.0004
25.7104 0.0004 0.0004
25.7273 0.0004 0.0004
25.7442 0.0004 0.0004
25.7612 0.0004 0.0004
25.7781 0.0004 0.0004
25.7951 0.0004 0.0004
25.8120 0.0004 0.0004
25.8289 0.0004 0.0004
25.8459 0.0004 0.0004
25.8628 0.0004 0.0004
25.8797 0.0004 0.0004
25.8967 0.0004 0.0004
25.9136 0.0004 0.0004
25.9306 0.0004 0.0004
25.9475 0.0004 0.0004
25.9644 0.0004 0.0004
25.9814 0.0004 0.0004
25.9983 0.0004 0.0004
26.0152 0.0004 0.0004
26.0322 0.0004 0.0004
26.0491 0.0004 0.0004
26.0660 0.0004 0.0004
26.0830 0.0004 0.0004
26.0999 0.0004 0.0003
26.1169 0.0004 0.0003
26.1338 0.0004 0.0003
26.1507 0.0004 0.0003
26.1677 0.0004 0.0003
26.1846 0.0003 0.0003
26.2015 0.0003 0.0003
26.2185 0.0003 0.0003
26.2354 0.0003 0.0003
26.2524 0.0003 0.0003
26.2693 0.0003 0.0003
26.2862 0.0003 0.0003
26.3032 0.0003 0.0003
26.3201 0.0003 0.0003
26.3370 0.0003 0.0003
26.3540 0.0003 0.0003
26.3709 0.0003 0.0003
26.3878 0.0003 0.0003
26.4048 0.0003 0.0003
26.4217 0.0003 0.0003
26.4387 0.0003 0.0003
26.4556 0.0003 0.0003
26.4725 0.0003 0.0003
26.4895 0.0003 0.0003
26.5064 0.0003 0.0003
26.5233 0.0003 0.0003
26.5403 0.0003 0.0003
26.5572 0.0003 0.0003
26.5742 0.0003 0.0003
26.5911 0.0003 0.0003
26.6080 0.0003 0.0003
26.6250 0.0003 0.0003
26.6419 0.0003 0.0003
26.6588 0.0003 0.0003
26.6758 0.0003 0.0003
26.6927 0.0003 0.0003
26.7097 0.0003 0.0003
26.7266 0.0003 0.0003
26.7435 0.0003 0.0003
26.7605 0.0003 0.0003
26.7774 0.0003 0.0003
26.7943 0.0003 0.0003
26.8113 0.0003 0.0003
26.8282 0.0003 0.0003
26.8451 0.0003 0.0003
26.8621 0.0003 0.0003
26.8790 0.0003 0.0003
26.8960 0.0003 0.0003
26.9129 0.0003 0.0003
26.9298 0.0003 0.0003
26.9468 0.0003 0.0003
26.9637 0.0003 0.0003
26.9806 0.0003 0.0003
26.9976 0.0003 0.0003
27.0145 0.0003 0.0003
27.0315 0.0003 0.0003
27.0484 0.0003 0.0003
27.0653 0.0003 0.0003
27.0823 0.0003 0.0003
27.0992 0.0003 0.0003
27.1161 0.0003 0.0003
27.1331 0.0003 0.0003
27.1500 0.0003 0.0003
27.1670 0.0003 0.0003
27.1839 0.0003 0.0003
27.2008 0.0003 0.0003
27.2178 0.0003 0.0003
27.2347 0.0003 0.0003
27.2516 0.0003 0.0003
27.2686 0.0003 0.0003
27.2855 0.0003 0.0003
27.3024 0.0003 0.0003
27.3194 0.0003 0.0003
27.3363 0.0003 0.0003
27.3533 0.0003 0.0003
27.3702 0.0003 0.0003
27.3871 0.0003 0.0003
27.4041 0.0003 0.0003
27.4210 0.0003 0.0003
27.4379 0.0003 0.0003
27.4549 0.0003 0.0003
27.4718 0.0003 0.0003
27.4888 0.0003 0.0003
27.5057 0.0003 0.0003
27.5226 0.0003 0.0003
27.5396 0.0003 0.0003
27.5565 0.0003 0.0003
27.5734 0.0003 0.0003
27.5904 0.0003 0.0003
27.6073 0.0003 0.0003
27.6243 0.0003 0.0003
27.6412 0.0003 0.0003
27.6581 0.0003 0.0003
27.6751 0.0003 0.0003
27.6920 0.0003 0.0003
27.7089 0.0003 0.0003
27.7259 0.0003 0.0002
27.7428 0.0003 0.0002
27.7597 0.0003 0.0002
27.7767 0.0002 0.0002
27.7936 0.0002 0.0002
27.8106 0.0002 0.0002
27.8275 0.0002 0.0002
27.8444 0.0002 0.0002
27.8614 0.0002 0.0002
27.8783 0.0002 0.0002
27.8952 0.0002 0.0002
27.9122 0.0002 0.0002
27.9291 0.0002 0.0002
27.9461 0.0002 0.0002
27.9630 0.0002 0.0002
27.9799 0.0002 0.0002
27.9969 0.0002 0.0002
28.0138 0.0002 0.0002
28.0307 0.0002 0.0002
28.0477 0.0002 0.0002
28.0646 0.0002 0.0002
28.0816 0.0002 0.0002
28.0985 0.0002 0.0002
28.1154 0.0002 0.0002
28.1324 0.0002 0.0002
28.1493 0.0002 0.0002
28.1662 0.0002 0.0002
28.1832 0.0002 0.0002
28.2001 0.0002 0.0002
28.2170 0.0002 0.0002
28.2340 0.0002 0.0002
28.2509 0.0002 0.0002
28.2679 0.0002 0.0002
28.2848 0.0002 0.0002
28.3017 0.0002 0.0002
28.3187 0.0002 0.0002
28.3356 0.0002 0.0002
28.3525 0.0002 0.0002
28.3695 0.0002 0.0002
28.3864 0.0002 0.0002
28.4034 0.0002 0.0002
28.4203 0.0002 0.0002
28.4372 0.0002 0.0002
28.4542 0.0002 0.0002
28.4711 0.0002 0.0002
28.4880 0.0002 0.0002
28.5050 0.0002 0.0002
28.5219 0.0002 0.0002
28.5388 0.0002 0.0002
28.5558 0.0002 0.0002
28.5727 0.0002 0.0002
28.5897 0.0002 0.0002
28.6066 0.0002 0.0002
28.6235 0.0002 0.0002
28.6405 0.0002 0.0002
28.6574 0.0002 0.0002
28.6743 0.0002 0.0002
28.6913 0.0002 0.0002
28.7082 0.0002 0.0002
28.7252 0.0002 0.0002
28.7421 0.0002 0.0002
28.7590 0.0002 0.0002
28.7760 0.0002 0.0002
28.7929 0.0002 0.0002
28.8098 0.0002 0.0002
28.8268 0.0002 0.0002
28.8437 0.0002 0.0002
28.8607 0.0002 0.0002
28.8776 0.0002 0.0002
28.8945 0.0002 0.0002
28.9115 0.0002 0.0002
28.9284 0.0002 0.0002
28.9453 0.0002 0.0002
28.9623 0.0002 0.0002
28.9792 0.0002 0.0002
28.9961 0.0002 0.0002
29.0131 0.0002 0.0002
29.0300 0.0002 0.0002
29.0470 0.0002 0.0002
29.0639 0.0002 0.0002
29.0808 0.0002 0.0002
29.0978 0.0002 0.0002
29.1147 0.0002 0.0002
29.1316 0.0002 0.0002
29.1486 0.0002 0.0002
29.1655 0.0002 0.0002
29.1825 0.0002 0.0002
29.1994 0.0002 0.0002
29.2163 0.0002 0.0002
29.2333 0.0002 0.0002
29.2502 0.0002 0.0002
29.2671 0.0002 0.0002
29.2841 0.0002 0.0002
29.3010 0.0002 0.0002
29.3180 0.0002 0.0002
29.3349 0.0002 0.0002
29.3518 0.0002 0.0002
29.3688 0.0002 0.0002
29.3857 0.0002 0.0002
29.4026 0.0002 0.0002
29.4196 0.0002 0.0002
29.4365 0.0002 0.0002
29.4534 0.0002 0.0002
29.4704 0.0002 0.0002
29.4873 0.0002 0.0002
29.5043 0.0002 0.0002
29.5212 0.0002 0.0002
29.5381 0.0002 0.0002
29.5551 0.0002 0.0002
29.5720 0.0002 0.0002
29.5889 0.0002 0.0002
29.6059 0.0002 0.0002
29.6228 0.0002 0.0002
29.6398 0.0002 0.0002
29.6567 0.0002 0.0002
29.6736 0.0002 0.0002
29.6906 0.0002 0.0002
29.7075 0.0002 0.0002
29.7244 0.0002 0.0002
29.7414 0.0002 0.0002
29.7583 0.0002 0.0002
29.7753 0.0002 0.0002
29.7922 0.0002 0.0002
29.8091 0.0002 0.0002
29.8261 0.0002 0.0002
29.8430 0.0002 0.0002
29.8599 0.0002 0.0002
29.8769 0.0002 0.0002
29.8938 0.0002 0.0002
29.9107 0.0002 0.0002
29.9277 0.0002 0.0002
29.9446 0.0002 0.0002
29.9616 0.0002 0.0002
29.9785 0.0002 0.0002
29.9954 0.0002 0.0002
30.0124 0.0002 0.0002
30.0293 0.0002 0.0002
30.0462 0.0002 0.0002
30.0632 0.0002 0.0002
30.0801 0.0002 0.0002
30.0971 0.0002 0.0002
30.1140 0.0002 0.0002
30.1309 0.0002 0.0002
30.1479 0.0002 0.0002
30.1648 0.0002 0.0002
30.1817 0.0002 0.0002
30.1987 0.0002 0.0002
30.2156 0.0002 0.0002
30.2325 0.0002 0.0002
30.2495 0.0002 0.0002
30.2664 0.0002 0.0002
30.2834 0.0002 0.0002
30.3003 0.0002 0.0002
30.3172 0.0002 0.0002
30.3342 0.0002 0.0002
30.3511 0.0002 0.0002
30.3680 0.0002 0.0002
30.3850 0.0002 0.0002
30.4019 0.0002 0.0002
30.4189 0.0002 0.0002
30.4358 0.0002 0.0002
30.4527 0.0002 0.0002
30.4697 0.0002 0.0002
30.4866 0.0002 0.0002
30.5035 0.0002 0.0002
30.5205 0.0002 0.0002
30.5374 0.0002 0.0002
30.5544 0.0002 0.0002
30.5713 0.0002 0.0002
30.5882 0.0002 0.0002
30.6052 0.0002 0.0002
30.6221 0.0002 0.0002
30.6390 0.0002 0.0002
30.6560 0.0002 0.0002
30.6729 0.0002 0.0002
30.6898 0.0002 0.0002
30.7068 0.0002 0.0002
30.7237 0.0002 0.0002
30.7407 0.0002 0.0002
30.7576 0.0002 0.0002
30.7745 0.0002 0.0002
30.7915 0.0002 0.0002
30.8084 0.0002 0.0002
30.8253 0.0002 0.0002
30.8423 0.0002 0.0002
30.8592 0.0002 0.0002
30.8762 0.0002 0.0002
30.8931 0.0002 0.0002
30.9100 0.0002 0.0002
30.9270 0.0002 0.0002
30.9439 0.0002 0.0002
30.9608 0.0002 0.0002
30.9778 0.0002 0.0002
30.9947 0.0002 0.0002
31.0117 0.0002 0.0002
31.0286 0.0002 0.0002
31.0455 0.0002 0.0002
31.0625 0.0002 0.0002
31.0794 0.0002 0.0002
31.0963 0.0002 0.0002
31.1133 0.0002 0.0002
31.1302 0.0002 0.0002
31.1471 0.0002 0.0002
31.1641 0.0002 0.0002
31.1810 0.0002 0.0002
31.1980 0.0002 0.0002
31.2149 0.0002 0.0002
31.2318 0.0002 0.0002
31.2488 0.0002 0.0002
31.2657 0.0002 0.0002
31.2826 0.0002 0.0002
31.2996 0.0002 0.0002
31.3165 0.0002 0.0002
31.3335 0.0002 0.0002
31.3504 0.0002 0.0002
31.3673 0.0002 0.0002
31.3843 0.0002 0.0002
31.4012 0.0002 0.0002
31.4181 0.0002 0.0002
31.4351 0.0002 0.0002
31.4520 0.0002 0.0002
31.4690 0.0002 0.0002
31.4859 0.0002 0.0002
31.5028 0.0002 0.0002
31.5198 0.0002 0.0002
31.5367 0.0002 0.0002
31.5536 0.0002 0.0002
31.5706 0.0002 0.0002
31.5875 0.0002 0.0002
31.6044 0.0002 0.0002
31.6214 0.0002 0.0002
31.6383 0.0002 0.0002
31.6553 0.0002 0.0002
31.6722 0.0002 0.0002
31.6891 0.0002 0.0002
31.7061 0.0002 0.0002
31.7230 0.0002 0.0002
31.7399 0.0002 0.0002
31.7569 0.0002 0.0002
31.7738 0.0002 0.0002
31.7908 0.0002 0.0002
31.8077 0.0002 0.0002
31.8246 0.0002 0.0002
31.8416 0.0002 0.0002
31.8585 0.0002 0.0002
31.8754 0.0002 0.0002
31.8924 0.0002 0.0002
31.9093 0.0002 0.0002
31.9262 0.0002 0.0002
31.9432 0.0002 0.0002
31.9601 0.0002 0.0002
31.9771 0.0002 0.0002
31.9940 0.0002 0.0002
32.0109 0.0002 0.0002
32.0279 0.0002 0.0002
32.0448 0.0002 0.0002
32.0617 0.0002 0.0002
32.0787 0.0002 0.0002
32.0956 0.0002 0.0002
32.1126 0.0002 0.0002
32.1295 0.0002 0.0002
32.1464 0.0002 0.0002
32.1634 0.0002 0.0001
32.1803 0.0001 0.0001
32.1972 0.0001 0.0001
32.2142 0.0001 0.0001
32.2311 0.0001 0.0001
32.2481 0.0001 0.0001
32.2650 0.0001 0.0001
32.2819 0.0001 0.0001
32.2989 0.0001 0.0001
32.3158 0.0001 0.0001
32.3327 0.0001 0.0001
32.3497 0.0001 0.0001
32.3666 0.0001 0.0001
32.3835 0.0001 0.0001
32.4005 0.0001 0.0001
32.4174 0.0001 0.0001
32.4344 0.0001 0.0001
32.4513 0.0001 0.0001
32.4682 0.0001 0.0001
32.4852 0.0001 0.0001
32.5021 0.0001 0.0001
32.5190 0.0001 0.0001
32.5360 0.0001 0.0001
32.5529 0.0001 0.0001
32.5699 0.0001 0.0001
32.5868 0.0001 0.0001
32.6037 0.0001 0.0001
32.6207 0.0001 0.0001
32.6376 0.0001 0.0001
32.6545 0.0001 0.0001
32.6715 0.0001 0.0001
32.6884 0.0001 0.0001
32.7054 0.0001 0.0001
32.7223 0.0001 0.0001
32.7392 0.0001 0.0001
32.7562 0.0001 0.0001
32.7731 0.0001 0.0001
32.7900 0.0001 0.0001
32.8070 0.0001 0.0001
32.8239 0.0001 0.0001
32.8408 0.0001 0.0001
32.8578 0.0001 0.0001
32.8747 0.0001 0.0001
32.8917 0.0001 0.0001
32.9086 0.0001 0.0001
32.9255 0.0001 0.0001
32.9425 0.0001 0.0001
32.9594 0.0001 0.0001
32.9763 0.0001 0.0001
32.9933 0.0001 0.0001
33.0102 0.0001 0.0001
33.0272 0.0001 0.0001
33.0441 0.0001 0.0001
33.0610 0.0001 0.0001
33.0780 0.0001 0.0001
33.0949 0.0001 0.0001
33.1118 0.0001 0.0001
33.1288 0.0001 0.0001
33.1457 0.0001 0.0001
33.1627 0.0001 0.0001
33.1796 0.0001 0.0001
33.1965 0.0001 0.0001
33.2135 0.0001 0.0001
33.2304 0.0001 0.0001
33.2473 0.0001 0.0001
33.2643 0.0001 0.0001
33.2812 0.0001 0.0001
33.2981 0.0001 0.0001
33.3151 0.0001 0.0001
33.3320 0.0001 0.0001
33.3490 0.0001 0.0001
33.3659 0.0001 0.0001
33.3828 0.0001 0.0001
33.3998 0.0001 0.0001
33.4167 0.0001 0.0001
33.4336 0.0001 0.0001
33.4506 0.0001 0.0001
33.4675 0.0001 0.0001
33.4845 0.0001 0.0001
33.5014 0.0001 0.0001
33.5183 0.0001 0.0001
33.5353 0.0001 0.0001
33.5522 0.0001 0.0001
33.5691 0.0001 0.0001
33.5861 0.0001 0.0001
33.6030 0.0001 0.0001
33.6199 0.0001 0.0001
33.6369 0.0001 0.0001
33.6538 0.0001 0.0001
33.6708 0.0001 0.0001
33.6877 0.0001 0.0001
33.7046 0.0001 0.0001
33.7216 0.0001 0.0001
33.7385 0.0001 0.0001
33.7554 0.0001 0.0001
33.7724 0.0001 0.0001
33.7893 0.0001 0.0001
33.8063 0.0001 0.0001
33.8232 0.0001 0.0001
33.8401 0.0001 0.0001
33.8571 0.0001 0.0001
  
  
  
  
  
dim="1">gridpoints</dimension>  
  
  
  
  
  
  
  
  
0.0000 226.3389 244.1131
0.0169 226.3389 244.1131
0.0339 113.0638 122.0869
0.0508 75.2597 81.4246
0.0677 56.3248 61.1029
0.0847 44.9390 48.9171
0.1016 37.3295 40.7989
0.1186 31.8796 35.0046
0.1355 27.7811 30.6624
0.1524 24.5852 27.2879
0.1694 22.0230 24.5906
0.1863 19.9233 22.3855
0.2032 18.1721 20.5493
0.2202 16.6906 18.9966
0.2371 15.4224 17.6664
0.2541 14.3264 16.5141
0.2710 13.3714 15.5061
0.2879 12.5339 14.6166
0.3049 11.7953 13.8257
0.3218 11.1408 13.1174
0.3387 10.5585 12.4791
0.3557 10.0389 11.9005
0.3726 9.5736 11.3729
0.3896 9.1560 10.8894
0.4065 8.7802 10.4440
0.4234 8.4411 10.0318
0.4404 8.1345 9.6485
0.4573 7.8563 9.2905
0.4742 7.6033 8.9548
0.4912 7.3724 8.6388
0.5081 7.1608 8.3404
0.5250 6.9662 8.0576
0.5420 6.7863 7.7890
0.5589 6.6192 7.5333
0.5759 6.4633 7.2894
0.5928 6.3169 7.0566
0.6097 6.1788 6.8342
0.6267 6.0478 6.6216
0.6436 5.9229 6.4184
0.6605 5.8034 6.2243
0.6775 5.6884 6.0391
0.6944 5.5775 5.8623
0.7114 5.4702 5.6939
0.7283 5.3661 5.5335
0.7452 5.2649 5.3810
0.7622 5.1665 5.2361
0.7791 5.0707 5.0985
0.7960 4.9774 4.9679
0.8130 4.8864 4.8439
0.8299 4.7978 4.7262
0.8469 4.7116 4.6145
0.8638 4.6276 4.5083
0.8807 4.5458 4.4072
0.8977 4.4662 4.3108
0.9146 4.3888 4.2188
0.9315 4.3135 4.1308
0.9485 4.2403 4.0465
0.9654 4.1691 3.9655
0.9823 4.0998 3.8876
0.9993 4.0325 3.8127
1.0162 3.9670 3.7405
1.0332 3.9034 3.6710
1.0501 3.8416 3.6041
1.0670 3.7816 3.5397
1.0840 3.7235 3.4780
1.1009 3.6671 3.4188
1.1178 3.6126 3.3624
1.1348 3.5599 3.3088
1.1517 3.5090 3.2580
1.1687 3.4600 3.2101
1.1856 3.4128 3.1650
1.2025 3.3675 3.1229
1.2195 3.3240 3.0835
1.2364 3.2822 3.0469
1.2533 3.2421 3.0129
1.2703 3.2036 2.9811
1.2872 3.1667 2.9516
1.3041 3.1312 2.9239
1.3211 3.0970 2.8977
1.3380 3.0639 2.8729
1.3550 3.0319 2.8490
1.3719 3.0009 2.8258
1.3888 2.9706 2.8031
1.4058 2.9411 2.7804
1.4227 2.9121 2.7578
1.4396 2.8837 2.7349
1.4566 2.8558 2.7117
1.4735 2.8284 2.6880
1.4905 2.8014 2.6639
1.5074 2.7749 2.6393
1.5243 2.7489 2.6143
1.5413 2.7234 2.5889
1.5582 2.6987 2.5633
1.5751 2.6746 2.5376
1.5921 2.6513 2.5120
1.6090 2.6288 2.4865
1.6260 2.6073 2.4613
1.6429 2.5868 2.4366
1.6598 2.5672 2.4125
1.6768 2.5487 2.3891
1.6937 2.5311 2.3665
1.7106 2.5146 2.3448
1.7276 2.4989 2.3240
1.7445 2.4841 2.3042
1.7614 2.4701 2.2855
1.7784 2.4566 2.2679
1.7953 2.4437 2.2514
1.8123 2.4311 2.2360
1.8292 2.4187 2.2217
1.8461 2.4064 2.2085
1.8631 2.3939 2.1963
1.8800 2.3812 2.1852
1.8969 2.3680 2.1750
1.9139 2.3543 2.1658
1.9308 2.3398 2.1574
1.9478 2.3246 2.1497
1.9647 2.3084 2.1427
1.9816 2.2913 2.1362
1.9986 2.2732 2.1301
2.0155 2.2540 2.1243
2.0324 2.2337 2.1186
2.0494 2.2123 2.1129
2.0663 2.1900 2.1071
2.0833 2.1666 2.1010
2.1002 2.1424 2.0945
2.1171 2.1173 2.0876
2.1341 2.0916 2.0802
2.1510 2.0653 2.0722
2.1679 2.0386 2.0637
2.1849 2.0116 2.0545
2.2018 1.9844 2.0448
2.2187 1.9573 2.0346
2.2357 1.9304 2.0240
2.2526 1.9038 2.0130
2.2696 1.8777 2.0017
2.2865 1.8521 1.9902
2.3034 1.8273 1.9785
2.3204 1.8033 1.9669
2.3373 1.7802 1.9553
2.3542 1.7580 1.9438
2.3712 1.7369 1.9324
2.3881 1.7168 1.9212
2.4051 1.6978 1.9102
2.4220 1.6798 1.8993
2.4389 1.6629 1.8886
2.4559 1.6469 1.8780
2.4728 1.6319 1.8675
2.4897 1.6178 1.8570
2.5067 1.6044 1.8464
2.5236 1.5917 1.8357
2.5406 1.5797 1.8249
2.5575 1.5681 1.8138
2.5744 1.5569 1.8024
2.5914 1.5460 1.7907
2.6083 1.5354 1.7786
2.6252 1.5248 1.7660
2.6422 1.5142 1.7531
2.6591 1.5035 1.7397
2.6760 1.4927 1.7259
2.6930 1.4817 1.7116
2.7099 1.4704 1.6969
2.7269 1.4588 1.6819
2.7438 1.4470 1.6666
2.7607 1.4349 1.6510
2.7777 1.4225 1.6352
2.7946 1.4099 1.6193
2.8115 1.3971 1.6034
2.8285 1.3842 1.5875
2.8454 1.3713 1.5718
2.8624 1.3584 1.5563
2.8793 1.3455 1.5410
2.8962 1.3328 1.5261
2.9132 1.3204 1.5116
2.9301 1.3082 1.4975
2.9470 1.2962 1.4837
2.9640 1.2846 1.4704
2.9809 1.2734 1.4574
2.9978 1.2624 1.4447
3.0148 1.2518 1.4323
3.0317 1.2415 1.4200
3.0487 1.2314 1.4077
3.0656 1.2215 1.3954
3.0825 1.2118 1.3829
3.0995 1.2021 1.3702
3.1164 1.1926 1.3571
3.1333 1.1831 1.3437
3.1503 1.1736 1.3298
3.1672 1.1640 1.3154
3.1842 1.1545 1.3005
3.2011 1.1448 1.2852
3.2180 1.1352 1.2694
3.2350 1.1254 1.2533
3.2519 1.1157 1.2368
3.2688 1.1060 1.2202
3.2858 1.0963 1.2034
3.3027 1.0866 1.1865
3.3197 1.0771 1.1698
3.3366 1.0678 1.1532
3.3535 1.0586 1.1369
3.3705 1.0496 1.1210
3.3874 1.0408 1.1055
3.4043 1.0324 1.0904
3.4213 1.0241 1.0760
3.4382 1.0162 1.0622
3.4551 1.0086 1.0489
3.4721 1.0012 1.0364
3.4890 0.9942 1.0244
3.5060 0.9874 1.0131
3.5229 0.9808 1.0025
3.5398 0.9745 0.9924
3.5568 0.9685 0.9828
3.5737 0.9626 0.9738
3.5906 0.9569 0.9653
3.6076 0.9514 0.9571
3.6245 0.9461 0.9494
3.6415 0.9410 0.9419
3.6584 0.9359 0.9348
3.6753 0.9311 0.9280
3.6923 0.9263 0.9213
3.7092 0.9216 0.9149
3.7261 0.9169 0.9087
3.7431 0.9123 0.9027
3.7600 0.9077 0.8970
3.7770 0.9030 0.8914
3.7939 0.8982 0.8861
3.8108 0.8933 0.8810
3.8278 0.8883 0.8762
3.8447 0.8830 0.8717
3.8616 0.8775 0.8674
3.8786 0.8718 0.8635
3.8955 0.8657 0.8599
3.9124 0.8593 0.8565
3.9294 0.8525 0.8535
3.9463 0.8454 0.8507
3.9633 0.8380 0.8481
3.9802 0.8301 0.8457
3.9971 0.8220 0.8435
4.0141 0.8135 0.8414
4.0310 0.8048 0.8393
4.0479 0.7957 0.8371
4.0649 0.7864 0.8350
4.0818 0.7770 0.8327
4.0988 0.7673 0.8302
4.1157 0.7576 0.8276
4.1326 0.7477 0.8247
4.1496 0.7379 0.8215
4.1665 0.7280 0.8181
4.1834 0.7183 0.8144
4.2004 0.7086 0.8105
4.2173 0.6992 0.8063
4.2343 0.6899 0.8018
4.2512 0.6810 0.7972
4.2681 0.6723 0.7923
4.2851 0.6640 0.7873
4.3020 0.6560 0.7822
4.3189 0.6485 0.7769
4.3359 0.6413 0.7716
4.3528 0.6347 0.7662
4.3697 0.6284 0.7608
4.3867 0.6226 0.7553
4.4036 0.6173 0.7498
4.4206 0.6123 0.7443
4.4375 0.6078 0.7388
4.4544 0.6037 0.7332
4.4714 0.5999 0.7276
4.4883 0.5964 0.7219
4.5052 0.5932 0.7163
4.5222 0.5903 0.7106
4.5391 0.5876 0.7049
4.5561 0.5851 0.6991
4.5730 0.5828 0.6934
4.5899 0.5806 0.6876
4.6069 0.5785 0.6818
4.6238 0.5765 0.6761
4.6407 0.5745 0.6704
4.6577 0.5725 0.6647
4.6746 0.5706 0.6591
4.6915 0.5687 0.6536
4.7085 0.5667 0.6482
4.7254 0.5647 0.6428
4.7424 0.5626 0.6375
4.7593 0.5604 0.6323
4.7762 0.5582 0.6271
4.7932 0.5558 0.6219
4.8101 0.5533 0.6168
4.8270 0.5507 0.6116
4.8440 0.5480 0.6064
4.8609 0.5451 0.6011
4.8779 0.5420 0.5958
4.8948 0.5388 0.5903
4.9117 0.5354 0.5847
4.9287 0.5320 0.5789
4.9456 0.5283 0.5731
4.9625 0.5246 0.5671
4.9795 0.5208 0.5610
4.9964 0.5169 0.5548
5.0134 0.5130 0.5485
5.0303 0.5091 0.5422
5.0472 0.5051 0.5360
5.0642 0.5012 0.5297
5.0811 0.4973 0.5235
5.0980 0.4935 0.5174
5.1150 0.4898 0.5115
5.1319 0.4861 0.5057
5.1488 0.4825 0.5001
5.1658 0.4790 0.4948
5.1827 0.4756 0.4896
5.1997 0.4723 0.4847
5.2166 0.4691 0.4801
5.2335 0.4659 0.4758
5.2505 0.4628 0.4717
5.2674 0.4597 0.4679
5.2843 0.4566 0.4644
5.3013 0.4536 0.4612
5.3182 0.4507 0.4583
5.3352 0.4477 0.4556
5.3521 0.4447 0.4533
5.3690 0.4418 0.4512
5.3860 0.4389 0.4494
5.4029 0.4360 0.4478
5.4198 0.4332 0.4465
5.4368 0.4304 0.4454
5.4537 0.4276 0.4445
5.4707 0.4250 0.4439
5.4876 0.4224 0.4433
5.5045 0.4200 0.4429
5.5215 0.4177 0.4426
5.5384 0.4154 0.4424
5.5553 0.4134 0.4421
5.5723 0.4115 0.4419
5.5892 0.4097 0.4417
5.6061 0.4081 0.4414
5.6231 0.4066 0.4410
5.6400 0.4053 0.4405
5.6570 0.4041 0.4399
5.6739 0.4030 0.4391
5.6908 0.4021 0.4382
5.7078 0.4013 0.4372
5.7247 0.4006 0.4361
5.7416 0.3999 0.4348
5.7586 0.3994 0.4335
5.7755 0.3989 0.4321
5.7925 0.3984 0.4305
5.8094 0.3980 0.4290
5.8263 0.3976 0.4274
5.8433 0.3971 0.4258
5.8602 0.3967 0.4242
5.8771 0.3962 0.4225
5.8941 0.3956 0.4209
5.9110 0.3950 0.4193
5.9280 0.3944 0.4177
5.9449 0.3936 0.4160
5.9618 0.3928 0.4144
5.9788 0.3918 0.4127
5.9957 0.3908 0.4110
6.0126 0.3896 0.4093
6.0296 0.3884 0.4075
6.0465 0.3871 0.4057
6.0634 0.3856 0.4038
6.0804 0.3841 0.4019
6.0973 0.3825 0.3999
6.1143 0.3808 0.3979
6.1312 0.3790 0.3959
6.1481 0.3771 0.3938
6.1651 0.3752 0.3917
6.1820 0.3732 0.3895
6.1989 0.3712 0.3874
6.2159 0.3691 0.3853
6.2328 0.3670 0.3832
6.2498 0.3649 0.3811
6.2667 0.3628 0.3790
6.2836 0.3608 0.3770
6.3006 0.3587 0.3749
6.3175 0.3568 0.3729
6.3344 0.3548 0.3710
6.3514 0.3530 0.3690
6.3683 0.3513 0.3671
6.3852 0.3496 0.3653
6.4022 0.3481 0.3634
6.4191 0.3466 0.3616
6.4361 0.3452 0.3599
6.4530 0.3440 0.3582
6.4699 0.3428 0.3565
6.4869 0.3417 0.3549
6.5038 0.3406 0.3534
6.5207 0.3396 0.3519
6.5377 0.3386 0.3505
6.5546 0.3376 0.3491
6.5716 0.3366 0.3479
6.5885 0.3355 0.3466
6.6054 0.3345 0.3455
6.6224 0.3334 0.3444
6.6393 0.3322 0.3434
6.6562 0.3310 0.3424
6.6732 0.3297 0.3415
6.6901 0.3283 0.3406
6.7071 0.3269 0.3398
6.7240 0.3255 0.3390
6.7409 0.3240 0.3382
6.7579 0.3225 0.3374
6.7748 0.3209 0.3366
6.7917 0.3194 0.3358
6.8087 0.3179 0.3350
6.8256 0.3164 0.3342
6.8425 0.3149 0.3334
6.8595 0.3135 0.3327
6.8764 0.3120 0.3319
6.8934 0.3107 0.3312
6.9103 0.3093 0.3304
6.9272 0.3080 0.3298
6.9442 0.3067 0.3291
6.9611 0.3054 0.3285
6.9780 0.3042 0.3280
6.9950 0.3029 0.3275
7.0119 0.3016 0.3270
7.0289 0.3004 0.3267
7.0458 0.2991 0.3263
7.0627 0.2978 0.3261
7.0797 0.2965 0.3258
7.0966 0.2952 0.3257
7.1135 0.2939 0.3255
7.1305 0.2926 0.3254
7.1474 0.2913 0.3253
7.1644 0.2901 0.3252
7.1813 0.2888 0.3252
7.1982 0.2876 0.3251
7.2152 0.2864 0.3249
7.2321 0.2853 0.3247
7.2490 0.2842 0.3245
7.2660 0.2832 0.3242
7.2829 0.2822 0.3239
7.2998 0.2812 0.3234
7.3168 0.2803 0.3229
7.3337 0.2794 0.3223
7.3507 0.2786 0.3215
7.3676 0.2778 0.3207
7.3845 0.2770 0.3198
7.4015 0.2763 0.3187
7.4184 0.2755 0.3176
7.4353 0.2748 0.3164
7.4523 0.2741 0.3150
7.4692 0.2734 0.3136
7.4862 0.2726 0.3121
7.5031 0.2719 0.3106
7.5200 0.2711 0.3090
7.5370 0.2703 0.3074
7.5539 0.2695 0.3058
7.5708 0.2686 0.3041
7.5878 0.2677 0.3025
7.6047 0.2668 0.3008
7.6217 0.2658 0.2992
7.6386 0.2648 0.2977
7.6555 0.2638 0.2961
7.6725 0.2627 0.2947
7.6894 0.2617 0.2932
7.7063 0.2606 0.2919
7.7233 0.2595 0.2906
7.7402 0.2584 0.2893
7.7571 0.2574 0.2881
7.7741 0.2563 0.2869
7.7910 0.2553 0.2858
7.8080 0.2544 0.2847
7.8249 0.2535 0.2836
7.8418 0.2527 0.2825
7.8588 0.2519 0.2814
7.8757 0.2512 0.2804
7.8926 0.2505 0.2793
7.9096 0.2499 0.2782
7.9265 0.2494 0.2771
7.9435 0.2489 0.2759
7.9604 0.2485 0.2747
7.9773 0.2481 0.2735
7.9943 0.2477 0.2723
8.0112 0.2474 0.2711
8.0281 0.2471 0.2698
8.0451 0.2468 0.2685
8.0620 0.2466 0.2672
8.0790 0.2464 0.2658
8.0959 0.2461 0.2645
8.1128 0.2459 0.2631
8.1298 0.2458 0.2617
8.1467 0.2456 0.2604
8.1636 0.2455 0.2590
8.1806 0.2454 0.2577
8.1975 0.2453 0.2563
8.2144 0.2452 0.2550
8.2314 0.2452 0.2537
8.2483 0.2452 0.2524
8.2653 0.2452 0.2511
8.2822 0.2453 0.2499
8.2991 0.2453 0.2486
8.3161 0.2454 0.2474
8.3330 0.2455 0.2461
8.3499 0.2455 0.2449
8.3669 0.2456 0.2437
8.3838 0.2457 0.2425
8.4008 0.2458 0.2413
8.4177 0.2458 0.2402
8.4346 0.2458 0.2390
8.4516 0.2458 0.2378
8.4685 0.2458 0.2367
8.4854 0.2457 0.2355
8.5024 0.2455 0.2344
8.5193 0.2454 0.2333
8.5362 0.2452 0.2322
8.5532 0.2449 0.2311
8.5701 0.2446 0.2300
8.5871 0.2442 0.2290
8.6040 0.2439 0.2280
8.6209 0.2434 0.2270
8.6379 0.2429 0.2260
8.6548 0.2424 0.2251
8.6717 0.2419 0.2242
8.6887 0.2413 0.2233
8.7056 0.2406 0.2224
8.7226 0.2400 0.2216
8.7395 0.2393 0.2208
8.7564 0.2385 0.2200
8.7734 0.2377 0.2192
8.7903 0.2369 0.2184
8.8072 0.2361 0.2176
8.8242 0.2352 0.2168
8.8411 0.2343 0.2159
8.8581 0.2333 0.2151
8.8750 0.2324 0.2142
8.8919 0.2314 0.2134
8.9089 0.2304 0.2125
8.9258 0.2294 0.2115
8.9427 0.2284 0.2106
8.9597 0.2273 0.2096
8.9766 0.2263 0.2087
8.9935 0.2253 0.2077
9.0105 0.2243 0.2067
9.0274 0.2232 0.2057
9.0444 0.2222 0.2047
9.0613 0.2212 0.2037
9.0782 0.2202 0.2026
9.0952 0.2193 0.2016
9.1121 0.2183 0.2006
9.1290 0.2174 0.1997
9.1460 0.2164 0.1987
9.1629 0.2155 0.1977
9.1799 0.2146 0.1968
9.1968 0.2138 0.1959
9.2137 0.2129 0.1950
9.2307 0.2121 0.1942
9.2476 0.2113 0.1933
9.2645 0.2105 0.1925
9.2815 0.2098 0.1917
9.2984 0.2090 0.1909
9.3154 0.2083 0.1901
9.3323 0.2075 0.1893
9.3492 0.2068 0.1885
9.3662 0.2061 0.1878
9.3831 0.2054 0.1870
9.4000 0.2048 0.1862
9.4170 0.2041 0.1854
9.4339 0.2034 0.1846
9.4508 0.2028 0.1838
9.4678 0.2022 0.1830
9.4847 0.2015 0.1822
9.5017 0.2009 0.1814
9.5186 0.2003 0.1806
9.5355 0.1998 0.1798
9.5525 0.1992 0.1790
9.5694 0.1987 0.1781
9.5863 0.1981 0.1773
9.6033 0.1976 0.1765
9.6202 0.1971 0.1757
9.6372 0.1966 0.1748
9.6541 0.1961 0.1740
9.6710 0.1956 0.1732
9.6880 0.1950 0.1724
9.7049 0.1945 0.1715
9.7218 0.1939 0.1707
9.7388 0.1933 0.1699
9.7557 0.1927 0.1691
9.7727 0.1921 0.1683
9.7896 0.1914 0.1675
9.8065 0.1907 0.1667
9.8235 0.1900 0.1660
9.8404 0.1892 0.1652
9.8573 0.1884 0.1644
9.8743 0.1875 0.1637
9.8912 0.1867 0.1629
9.9081 0.1857 0.1621
9.9251 0.1848 0.1613
9.9420 0.1839 0.1605
9.9590 0.1829 0.1597
9.9759 0.1819 0.1588
9.9928 0.1809 0.1579
10.0098 0.1799 0.1571
10.0267 0.1789 0.1562
10.0436 0.1779 0.1553
10.0606 0.1769 0.1543
10.0775 0.1760 0.1534
10.0945 0.1750 0.1525
10.1114 0.1740 0.1516
10.1283 0.1730 0.1508
10.1453 0.1721 0.1499
10.1622 0.1711 0.1491
10.1791 0.1701 0.1484
10.1961 0.1691 0.1477
10.2130 0.1681 0.1470
10.2299 0.1672 0.1464
10.2469 0.1661 0.1458
10.2638 0.1651 0.1453
10.2808 0.1641 0.1448
10.2977 0.1630 0.1443
10.3146 0.1620 0.1439
10.3316 0.1609 0.1434
10.3485 0.1598 0.1430
10.3654 0.1588 0.1426
10.3824 0.1577 0.1422
10.3993 0.1566 0.1417
10.4163 0.1555 0.1412
10.4332 0.1545 0.1407
10.4501 0.1534 0.1401
10.4671 0.1524 0.1395
10.4840 0.1513 0.1389
10.5009 0.1503 0.1382
10.5179 0.1493 0.1375
10.5348 0.1483 0.1367
10.5518 0.1474 0.1358
10.5687 0.1465 0.1350
10.5856 0.1456 0.1340
10.6026 0.1447 0.1331
10.6195 0.1439 0.1321
10.6364 0.1431 0.1311
10.6534 0.1423 0.1301
10.6703 0.1416 0.1291
10.6872 0.1408 0.1281
10.7042 0.1401 0.1271
10.7211 0.1395 0.1261
10.7381 0.1388 0.1251
10.7550 0.1382 0.1241
10.7719 0.1375 0.1232
10.7889 0.1369 0.1222
10.8058 0.1363 0.1213
10.8227 0.1357 0.1204
10.8397 0.1351 0.1195
10.8566 0.1344 0.1187
10.8736 0.1338 0.1178
10.8905 0.1332 0.1170
10.9074 0.1325 0.1162
10.9244 0.1319 0.1153
10.9413 0.1312 0.1145
10.9582 0.1306 0.1136
10.9752 0.1299 0.1128
10.9921 0.1293 0.1119
11.0091 0.1286 0.1111
11.0260 0.1279 0.1102
11.0429 0.1273 0.1093
11.0599 0.1266 0.1084
11.0768 0.1259 0.1075
11.0937 0.1253 0.1066
11.1107 0.1246 0.1057
11.1276 0.1240 0.1048
11.1445 0.1233 0.1039
11.1615 0.1226 0.1030
11.1784 0.1220 0.1021
11.1954 0.1213 0.1012
11.2123 0.1207 0.1004
11.2292 0.1200 0.0995
11.2462 0.1194 0.0987
11.2631 0.1187 0.0980
11.2800 0.1181 0.0972
11.2970 0.1174 0.0965
11.3139 0.1168 0.0958
11.3309 0.1161 0.0952
11.3478 0.1155 0.0946
11.3647 0.1148 0.0940
11.3817 0.1142 0.0934
11.3986 0.1135 0.0929
11.4155 0.1129 0.0924
11.4325 0.1123 0.0919
11.4494 0.1116 0.0914
11.4664 0.1110 0.0909
11.4833 0.1103 0.0904
11.5002 0.1097 0.0899
11.5172 0.1090 0.0895
11.5341 0.1084 0.0890
11.5510 0.1078 0.0884
11.5680 0.1071 0.0879
11.5849 0.1065 0.0873
11.6018 0.1059 0.0868
11.6188 0.1052 0.0862
11.6357 0.1046 0.0856
11.6527 0.1040 0.0849
11.6696 0.1034 0.0843
11.6865 0.1028 0.0836
11.7035 0.1022 0.0830
11.7204 0.1016 0.0823
11.7373 0.1010 0.0816
11.7543 0.1004 0.0810
11.7712 0.0999 0.0803
11.7882 0.0993 0.0796
11.8051 0.0987 0.0790
11.8220 0.0981 0.0784
11.8390 0.0975 0.0777
11.8559 0.0970 0.0771
11.8728 0.0964 0.0765
11.8898 0.0957 0.0759
11.9067 0.0951 0.0754
11.9236 0.0945 0.0748
11.9406 0.0939 0.0742
11.9575 0.0932 0.0737
11.9745 0.0926 0.0731
11.9914 0.0919 0.0726
12.0083 0.0913 0.0721
12.0253 0.0906 0.0715
12.0422 0.0900 0.0710
12.0591 0.0893 0.0705
12.0761 0.0887 0.0700
12.0930 0.0881 0.0696
12.1100 0.0874 0.0691
12.1269 0.0868 0.0686
12.1438 0.0862 0.0682
12.1608 0.0856 0.0677
12.1777 0.0850 0.0673
12.1946 0.0844 0.0669
12.2116 0.0839 0.0665
12.2285 0.0833 0.0660
12.2455 0.0827 0.0656
12.2624 0.0821 0.0652
12.2793 0.0816 0.0649
12.2963 0.0810 0.0645
12.3132 0.0804 0.0641
12.3301 0.0799 0.0637
12.3471 0.0793 0.0633
12.3640 0.0787 0.0629
12.3809 0.0781 0.0625
12.3979 0.0775 0.0621
12.4148 0.0769 0.0617
12.4318 0.0763 0.0613
12.4487 0.0757 0.0609
12.4656 0.0751 0.0605
12.4826 0.0745 0.0601
12.4995 0.0739 0.0596
12.5164 0.0733 0.0592
12.5334 0.0727 0.0588
12.5503 0.0720 0.0584
12.5673 0.0714 0.0579
12.5842 0.0708 0.0575
12.6011 0.0702 0.0571
12.6181 0.0696 0.0567
12.6350 0.0690 0.0563
12.6519 0.0684 0.0559
12.6689 0.0678 0.0555
12.6858 0.0673 0.0551
12.7028 0.0667 0.0547
12.7197 0.0662 0.0543
12.7366 0.0657 0.0539
12.7536 0.0652 0.0535
12.7705 0.0647 0.0531
12.7874 0.0642 0.0527
12.8044 0.0638 0.0523
12.8213 0.0633 0.0520
12.8382 0.0629 0.0516
12.8552 0.0625 0.0512
12.8721 0.0621 0.0509
12.8891 0.0617 0.0505
12.9060 0.0614 0.0502
12.9229 0.0610 0.0499
12.9399 0.0607 0.0495
12.9568 0.0604 0.0492
12.9737 0.0601 0.0489
12.9907 0.0598 0.0486
13.0076 0.0595 0.0483
13.0246 0.0592 0.0480
13.0415 0.0590 0.0477
13.0584 0.0587 0.0474
13.0754 0.0585 0.0471
13.0923 0.0583 0.0468
13.1092 0.0580 0.0465
13.1262 0.0578 0.0463
13.1431 0.0576 0.0460
13.1601 0.0573 0.0457
13.1770 0.0571 0.0454
13.1939 0.0569 0.0451
13.2109 0.0566 0.0448
13.2278 0.0563 0.0445
13.2447 0.0561 0.0442
13.2617 0.0558 0.0439
13.2786 0.0555 0.0436
13.2955 0.0551 0.0433
13.3125 0.0548 0.0430
13.3294 0.0544 0.0427
13.3464 0.0540 0.0424
13.3633 0.0536 0.0421
13.3802 0.0531 0.0417
13.3972 0.0527 0.0414
13.4141 0.0522 0.0411
13.4310 0.0517 0.0407
13.4480 0.0513 0.0404
13.4649 0.0508 0.0400
13.4819 0.0503 0.0397
13.4988 0.0497 0.0393
13.5157 0.0492 0.0390
13.5327 0.0487 0.0386
13.5496 0.0482 0.0383
13.5665 0.0477 0.0379
13.5835 0.0472 0.0375
13.6004 0.0467 0.0372
13.6173 0.0462 0.0368
13.6343 0.0458 0.0365
13.6512 0.0453 0.0361
13.6682 0.0448 0.0357
13.6851 0.0443 0.0354
13.7020 0.0438 0.0350
13.7190 0.0433 0.0347
13.7359 0.0428 0.0344
13.7528 0.0423 0.0340
13.7698 0.0418 0.0337
13.7867 0.0413 0.0333
13.8037 0.0408 0.0330
13.8206 0.0403 0.0327
13.8375 0.0398 0.0324
13.8545 0.0393 0.0321
13.8714 0.0388 0.0317
13.8883 0.0383 0.0314
13.9053 0.0378 0.0312
13.9222 0.0373 0.0309
13.9392 0.0368 0.0306
13.9561 0.0363 0.0303
13.9730 0.0358 0.0301
13.9900 0.0354 0.0298
14.0069 0.0349 0.0296
14.0238 0.0345 0.0293
14.0408 0.0341 0.0291
14.0577 0.0337 0.0289
14.0746 0.0334 0.0287
14.0916 0.0331 0.0285
14.1085 0.0327 0.0283
14.1255 0.0324 0.0281
14.1424 0.0322 0.0280
14.1593 0.0319 0.0278
14.1763 0.0317 0.0276
14.1932 0.0315 0.0275
14.2101 0.0313 0.0274
14.2271 0.0311 0.0272
14.2440 0.0309 0.0271
14.2610 0.0307 0.0269
14.2779 0.0306 0.0268
14.2948 0.0304 0.0267
14.3118 0.0303 0.0266
14.3287 0.0302 0.0264
14.3456 0.0300 0.0263
14.3626 0.0299 0.0262
14.3795 0.0297 0.0261
14.3965 0.0295 0.0260
14.4134 0.0294 0.0258
14.4303 0.0292 0.0257
14.4473 0.0290 0.0256
14.4642 0.0289 0.0255
14.4811 0.0287 0.0253
14.4981 0.0285 0.0252
14.5150 0.0283 0.0251
14.5319 0.0281 0.0250
14.5489 0.0279 0.0248
14.5658 0.0277 0.0247
14.5828 0.0274 0.0246
14.5997 0.0272 0.0244
14.6166 0.0270 0.0243
14.6336 0.0268 0.0241
14.6505 0.0266 0.0240
14.6674 0.0264 0.0238
14.6844 0.0262 0.0236
14.7013 0.0260 0.0235
14.7183 0.0258 0.0233
14.7352 0.0256 0.0231
14.7521 0.0254 0.0229
14.7691 0.0252 0.0228
14.7860 0.0250 0.0226
14.8029 0.0248 0.0224
14.8199 0.0246 0.0222
14.8368 0.0245 0.0220
14.8538 0.0243 0.0218
14.8707 0.0241 0.0216
14.8876 0.0239 0.0214
14.9046 0.0238 0.0212
14.9215 0.0236 0.0210
14.9384 0.0234 0.0208
14.9554 0.0232 0.0206
14.9723 0.0230 0.0204
14.9892 0.0229 0.0202
15.0062 0.0227 0.0200
15.0231 0.0225 0.0197
15.0401 0.0223 0.0195
15.0570 0.0221 0.0193
15.0739 0.0220 0.0191
15.0909 0.0218 0.0189
15.1078 0.0216 0.0187
15.1247 0.0214 0.0185
15.1417 0.0212 0.0183
15.1586 0.0211 0.0180
15.1756 0.0209 0.0178
15.1925 0.0207 0.0176
15.2094 0.0206 0.0174
15.2264 0.0204 0.0172
15.2433 0.0202 0.0170
15.2602 0.0201 0.0168
15.2772 0.0199 0.0166
15.2941 0.0197 0.0165
15.3111 0.0196 0.0163
15.3280 0.0194 0.0161
15.3449 0.0192 0.0159
15.3619 0.0191 0.0158
15.3788 0.0189 0.0156
15.3957 0.0188 0.0154
15.4127 0.0186 0.0153
15.4296 0.0184 0.0151
15.4465 0.0182 0.0150
15.4635 0.0181 0.0148
15.4804 0.0179 0.0147
15.4974 0.0177 0.0146
15.5143 0.0175 0.0144
15.5312 0.0173 0.0143
15.5482 0.0172 0.0142
15.5651 0.0170 0.0141
15.5820 0.0168 0.0140
15.5990 0.0166 0.0139
15.6159 0.0164 0.0137
15.6329 0.0162 0.0136
15.6498 0.0160 0.0135
15.6667 0.0158 0.0134
15.6837 0.0156 0.0133
15.7006 0.0154 0.0132
15.7175 0.0152 0.0131
15.7345 0.0150 0.0130
15.7514 0.0149 0.0129
15.7683 0.0147 0.0128
15.7853 0.0145 0.0127
15.8022 0.0143 0.0125
15.8192 0.0141 0.0124
15.8361 0.0139 0.0123
15.8530 0.0137 0.0122
15.8700 0.0136 0.0121
15.8869 0.0134 0.0120
15.9038 0.0132 0.0119
15.9208 0.0131 0.0118
15.9377 0.0129 0.0116
15.9547 0.0127 0.0115
15.9716 0.0126 0.0114
15.9885 0.0125 0.0113
16.0055 0.0123 0.0112
16.0224 0.0122 0.0111
16.0393 0.0120 0.0110
16.0563 0.0119 0.0108
16.0732 0.0118 0.0107
16.0902 0.0117 0.0106
16.1071 0.0116 0.0105
16.1240 0.0115 0.0104
16.1410 0.0114 0.0103
16.1579 0.0113 0.0102
16.1748 0.0112 0.0101
16.1918 0.0111 0.0100
16.2087 0.0110 0.0099
16.2256 0.0109 0.0098
16.2426 0.0108 0.0097
16.2595 0.0107 0.0096
16.2765 0.0106 0.0095
16.2934 0.0105 0.0094
16.3103 0.0104 0.0093
16.3273 0.0103 0.0092
16.3442 0.0102 0.0091
16.3611 0.0101 0.0090
16.3781 0.0100 0.0089
16.3950 0.0099 0.0088
16.4120 0.0098 0.0088
16.4289 0.0097 0.0087
16.4458 0.0096 0.0086
16.4628 0.0095 0.0085
16.4797 0.0094 0.0084
16.4966 0.0093 0.0083
16.5136 0.0092 0.0082
16.5305 0.0091 0.0081
16.5475 0.0091 0.0080
16.5644 0.0090 0.0080
16.5813 0.0089 0.0079
16.5983 0.0088 0.0078
16.6152 0.0087 0.0077
16.6321 0.0086 0.0076
16.6491 0.0085 0.0076
16.6660 0.0084 0.0075
16.6829 0.0083 0.0074
16.6999 0.0082 0.0073
16.7168 0.0082 0.0073
16.7338 0.0081 0.0072
16.7507 0.0080 0.0071
16.7676 0.0079 0.0071
16.7846 0.0078 0.0070
16.8015 0.0077 0.0069
16.8184 0.0077 0.0069
16.8354 0.0076 0.0068
16.8523 0.0075 0.0067
16.8693 0.0074 0.0067
16.8862 0.0074 0.0066
16.9031 0.0073 0.0066
16.9201 0.0072 0.0065
16.9370 0.0072 0.0064
16.9539 0.0071 0.0064
16.9709 0.0070 0.0063
16.9878 0.0070 0.0063
17.0048 0.0069 0.0062
17.0217 0.0069 0.0062
17.0386 0.0068 0.0061
17.0556 0.0067 0.0061
17.0725 0.0067 0.0061
17.0894 0.0066 0.0060
17.1064 0.0065 0.0060
17.1233 0.0065 0.0059
17.1402 0.0064 0.0059
17.1572 0.0063 0.0059
17.1741 0.0063 0.0058
17.1911 0.0062 0.0058
17.2080 0.0061 0.0058
17.2249 0.0061 0.0057
17.2419 0.0060 0.0057
17.2588 0.0059 0.0057
17.2757 0.0059 0.0056
17.2927 0.0058 0.0056
17.3096 0.0057 0.0055
17.3266 0.0056 0.0055
17.3435 0.0056 0.0055
17.3604 0.0055 0.0054
17.3774 0.0054 0.0054
17.3943 0.0054 0.0054
17.4112 0.0053 0.0053
17.4282 0.0052 0.0053
17.4451 0.0052 0.0053
17.4620 0.0051 0.0052
17.4790 0.0050 0.0052
17.4959 0.0050 0.0052
17.5129 0.0049 0.0051
17.5298 0.0048 0.0051
17.5467 0.0048 0.0051
17.5637 0.0047 0.0051
17.5806 0.0047 0.0050
17.5975 0.0046 0.0050
17.6145 0.0046 0.0050
17.6314 0.0045 0.0049
17.6484 0.0045 0.0049
17.6653 0.0044 0.0049
17.6822 0.0044 0.0048
17.6992 0.0044 0.0048
17.7161 0.0043 0.0048
17.7330 0.0043 0.0047
17.7500 0.0042 0.0047
17.7669 0.0042 0.0047
17.7839 0.0042 0.0046
17.8008 0.0042 0.0046
17.8177 0.0041 0.0046
17.8347 0.0041 0.0045
17.8516 0.0041 0.0045
17.8685 0.0040 0.0044
17.8855 0.0040 0.0044
17.9024 0.0040 0.0043
17.9193 0.0039 0.0043
17.9363 0.0039 0.0043
17.9532 0.0039 0.0042
17.9702 0.0038 0.0042
17.9871 0.0038 0.0041
18.0040 0.0038 0.0041
18.0210 0.0038 0.0040
18.0379 0.0037 0.0040
18.0548 0.0037 0.0039
18.0718 0.0037 0.0039
18.0887 0.0036 0.0038
18.1057 0.0036 0.0038
18.1226 0.0036 0.0038
18.1395 0.0036 0.0037
18.1565 0.0035 0.0037
18.1734 0.0035 0.0036
18.1903 0.0035 0.0036
18.2073 0.0035 0.0036
18.2242 0.0034 0.0035
18.2412 0.0034 0.0035
18.2581 0.0034 0.0034
18.2750 0.0034 0.0034
18.2920 0.0034 0.0034
18.3089 0.0033 0.0033
18.3258 0.0033 0.0033
18.3428 0.0033 0.0033
18.3597 0.0033 0.0032
18.3766 0.0033 0.0032
18.3936 0.0032 0.0032
18.4105 0.0032 0.0032
18.4275 0.0032 0.0031
18.4444 0.0032 0.0031
18.4613 0.0032 0.0031
18.4783 0.0031 0.0030
18.4952 0.0031 0.0030
18.5121 0.0031 0.0030
18.5291 0.0031 0.0030
18.5460 0.0031 0.0029
18.5630 0.0030 0.0029
18.5799 0.0030 0.0029
18.5968 0.0030 0.0028
18.6138 0.0029 0.0028
18.6307 0.0029 0.0028
18.6476 0.0029 0.0027
18.6646 0.0029 0.0027
18.6815 0.0028 0.0027
18.6985 0.0028 0.0026
18.7154 0.0028 0.0026
18.7323 0.0027 0.0026
18.7493 0.0027 0.0026
18.7662 0.0026 0.0025
18.7831 0.0026 0.0025
18.8001 0.0026 0.0025
18.8170 0.0025 0.0024
18.8339 0.0025 0.0024
18.8509 0.0025 0.0024
18.8678 0.0024 0.0023
18.8848 0.0024 0.0023
18.9017 0.0024 0.0023
18.9186 0.0023 0.0023
18.9356 0.0023 0.0022
18.9525 0.0023 0.0022
18.9694 0.0022 0.0022
18.9864 0.0022 0.0022
19.0033 0.0022 0.0021
19.0203 0.0022 0.0021
19.0372 0.0021 0.0021
19.0541 0.0021 0.0020
19.0711 0.0021 0.0020
19.0880 0.0021 0.0020
19.1049 0.0020 0.0020
19.1219 0.0020 0.0019
19.1388 0.0020 0.0019
19.1557 0.0020 0.0019
19.1727 0.0020 0.0019
19.1896 0.0020 0.0019
19.2066 0.0019 0.0018
19.2235 0.0019 0.0018
19.2404 0.0019 0.0018
19.2574 0.0019 0.0018
19.2743 0.0019 0.0018
19.2912 0.0019 0.0017
19.3082 0.0019 0.0017
19.3251 0.0018 0.0017
19.3421 0.0018 0.0017
19.3590 0.0018 0.0017
19.3759 0.0018 0.0017
19.3929 0.0018 0.0016
19.4098 0.0018 0.0016
19.4267 0.0018 0.0016
19.4437 0.0017 0.0016
19.4606 0.0017 0.0016
19.4776 0.0017 0.0016
19.4945 0.0017 0.0015
19.5114 0.0017 0.0015
19.5284 0.0017 0.0015
19.5453 0.0017 0.0015
19.5622 0.0016 0.0015
19.5792 0.0016 0.0015
19.5961 0.0016 0.0015
19.6130 0.0016 0.0014
19.6300 0.0016 0.0014
19.6469 0.0016 0.0014
19.6639 0.0016 0.0014
19.6808 0.0015 0.0014
19.6977 0.0015 0.0014
19.7147 0.0015 0.0014
19.7316 0.0015 0.0014
19.7485 0.0015 0.0013
19.7655 0.0015 0.0013
19.7824 0.0014 0.0013
19.7994 0.0014 0.0013
19.8163 0.0014 0.0013
19.8332 0.0014 0.0013
19.8502 0.0014 0.0013
19.8671 0.0014 0.0013
19.8840 0.0014 0.0013
19.9010 0.0013 0.0012
19.9179 0.0013 0.0012
19.9349 0.0013 0.0012
19.9518 0.0013 0.0012
19.9687 0.0013 0.0012
19.9857 0.0013 0.0012
20.0026 0.0013 0.0012
20.0195 0.0013 0.0012
20.0365 0.0012 0.0012
20.0534 0.0012 0.0011
20.0703 0.0012 0.0011
20.0873 0.0012 0.0011
20.1042 0.0012 0.0011
20.1212 0.0012 0.0011
20.1381 0.0012 0.0011
20.1550 0.0012 0.0011
20.1720 0.0011 0.0011
20.1889 0.0011 0.0010
20.2058 0.0011 0.0010
20.2228 0.0011 0.0010
20.2397 0.0011 0.0010
20.2567 0.0011 0.0010
20.2736 0.0011 0.0010
20.2905 0.0011 0.0010
20.3075 0.0010 0.0010
20.3244 0.0010 0.0010
20.3413 0.0010 0.0009
20.3583 0.0010 0.0009
20.3752 0.0010 0.0009
20.3922 0.0010 0.0009
20.4091 0.0010 0.0009
20.4260 0.0010 0.0009
20.4430 0.0009 0.0009
20.4599 0.0009 0.0009
20.4768 0.0009 0.0009
20.4938 0.0009 0.0009
20.5107 0.0009 0.0008
20.5276 0.0009 0.0008
20.5446 0.0009 0.0008
20.5615 0.0009 0.0008
20.5785 0.0009 0.0008
20.5954 0.0009 0.0008
20.6123 0.0008 0.0008
20.6293 0.0008 0.0008
20.6462 0.0008 0.0008
20.6631 0.0008 0.0008
20.6801 0.0008 0.0008
20.6970 0.0008 0.0008
20.7140 0.0008 0.0008
20.7309 0.0008 0.0008
20.7478 0.0008 0.0008
20.7648 0.0008 0.0007
20.7817 0.0008 0.0007
20.7986 0.0007 0.0007
20.8156 0.0007 0.0007
20.8325 0.0007 0.0007
20.8495 0.0007 0.0007
20.8664 0.0007 0.0007
20.8833 0.0007 0.0007
20.9003 0.0007 0.0007
20.9172 0.0007 0.0007
20.9341 0.0007 0.0007
20.9511 0.0007 0.0007
20.9680 0.0007 0.0007
20.9849 0.0007 0.0007
21.0019 0.0007 0.0007
21.0188 0.0007 0.0007
21.0358 0.0006 0.0007
21.0527 0.0006 0.0007
21.0696 0.0006 0.0007
21.0866 0.0006 0.0007
21.1035 0.0006 0.0007
21.1204 0.0006 0.0007
21.1374 0.0006 0.0006
21.1543 0.0006 0.0006
21.1713 0.0006 0.0006
21.1882 0.0006 0.0006
21.2051 0.0006 0.0006
21.2221 0.0006 0.0006
21.2390 0.0006 0.0006
21.2559 0.0006 0.0006
21.2729 0.0006 0.0006
21.2898 0.0006 0.0006
21.3067 0.0006 0.0006
21.3237 0.0006 0.0006
21.3406 0.0006 0.0006
21.3576 0.0005 0.0006
21.3745 0.0005 0.0006
21.3914 0.0005 0.0006
21.4084 0.0005 0.0006
21.4253 0.0005 0.0006
21.4422 0.0005 0.0006
21.4592 0.0005 0.0006
21.4761 0.0005 0.0005
21.4931 0.0005 0.0005
21.5100 0.0005 0.0005
21.5269 0.0005 0.0005
21.5439 0.0005 0.0005
21.5608 0.0005 0.0005
21.5777 0.0005 0.0005
21.5947 0.0005 0.0005
21.6116 0.0005 0.0005
21.6286 0.0005 0.0005
21.6455 0.0005 0.0005
21.6624 0.0005 0.0005
21.6794 0.0005 0.0005
21.6963 0.0005 0.0005
21.7132 0.0005 0.0005
21.7302 0.0005 0.0005
21.7471 0.0005 0.0005
21.7640 0.0005 0.0005
21.7810 0.0005 0.0005
21.7979 0.0005 0.0005
21.8149 0.0005 0.0005
21.8318 0.0005 0.0005
21.8487 0.0005 0.0005
21.8657 0.0005 0.0005
21.8826 0.0005 0.0005
21.8995 0.0005 0.0005
21.9165 0.0004 0.0005
21.9334 0.0004 0.0005
21.9504 0.0004 0.0005
21.9673 0.0004 0.0005
21.9842 0.0004 0.0005
22.0012 0.0004 0.0005
22.0181 0.0004 0.0005
22.0350 0.0004 0.0005
22.0520 0.0004 0.0005
22.0689 0.0004 0.0005
22.0859 0.0004 0.0005
22.1028 0.0004 0.0005
22.1197 0.0004 0.0005
22.1367 0.0004 0.0004
22.1536 0.0004 0.0004
22.1705 0.0004 0.0004
22.1875 0.0004 0.0004
22.2044 0.0004 0.0004
22.2213 0.0004 0.0004
22.2383 0.0004 0.0004
22.2552 0.0004 0.0004
22.2722 0.0004 0.0004
22.2891 0.0004 0.0004
22.3060 0.0004 0.0004
22.3230 0.0004 0.0004
22.3399 0.0004 0.0004
22.3568 0.0004 0.0004
22.3738 0.0004 0.0004
22.3907 0.0004 0.0004
22.4077 0.0004 0.0004
22.4246 0.0004 0.0004
22.4415 0.0004 0.0004
22.4585 0.0004 0.0004
22.4754 0.0004 0.0004
22.4923 0.0004 0.0004
22.5093 0.0004 0.0004
22.5262 0.0004 0.0004
22.5432 0.0004 0.0004
22.5601 0.0004 0.0004
22.5770 0.0004 0.0004
22.5940 0.0004 0.0004
22.6109 0.0004 0.0004
22.6278 0.0004 0.0004
22.6448 0.0004 0.0004
22.6617 0.0004 0.0004
22.6786 0.0004 0.0004
22.6956 0.0004 0.0004
22.7125 0.0004 0.0004
22.7295 0.0004 0.0004
22.7464 0.0004 0.0004
22.7633 0.0004 0.0004
22.7803 0.0004 0.0004
22.7972 0.0004 0.0004
22.8141 0.0004 0.0004
22.8311 0.0004 0.0004
22.8480 0.0004 0.0004
22.8650 0.0004 0.0004
22.8819 0.0004 0.0004
22.8988 0.0004 0.0004
22.9158 0.0004 0.0004
22.9327 0.0004 0.0004
22.9496 0.0004 0.0004
22.9666 0.0004 0.0004
22.9835 0.0004 0.0004
23.0004 0.0004 0.0004
23.0174 0.0004 0.0004
23.0343 0.0004 0.0004
23.0513 0.0004 0.0004
23.0682 0.0004 0.0004
23.0851 0.0004 0.0004
23.1021 0.0004 0.0004
23.1190 0.0004 0.0004
23.1359 0.0004 0.0004
23.1529 0.0004 0.0004
23.1698 0.0004 0.0003
23.1868 0.0004 0.0003
23.2037 0.0004 0.0003
23.2206 0.0003 0.0003
23.2376 0.0003 0.0003
23.2545 0.0003 0.0003
23.2714 0.0003 0.0003
23.2884 0.0003 0.0003
23.3053 0.0003 0.0003
23.3223 0.0003 0.0003
23.3392 0.0003 0.0003
23.3561 0.0003 0.0003
23.3731 0.0003 0.0003
23.3900 0.0003 0.0003
23.4069 0.0003 0.0003
23.4239 0.0003 0.0003
23.4408 0.0003 0.0003
23.4577 0.0003 0.0003
23.4747 0.0003 0.0003
23.4916 0.0003 0.0003
23.5086 0.0003 0.0003
23.5255 0.0003 0.0003
23.5424 0.0003 0.0003
23.5594 0.0003 0.0003
23.5763 0.0003 0.0003
23.5932 0.0003 0.0003
23.6102 0.0003 0.0003
23.6271 0.0003 0.0003
23.6441 0.0003 0.0003
23.6610 0.0003 0.0003
23.6779 0.0003 0.0003
23.6949 0.0003 0.0003
23.7118 0.0003 0.0003
23.7287 0.0003 0.0003
23.7457 0.0003 0.0003
23.7626 0.0003 0.0003
23.7796 0.0003 0.0003
23.7965 0.0003 0.0003
23.8134 0.0003 0.0003
23.8304 0.0003 0.0003
23.8473 0.0003 0.0003
23.8642 0.0003 0.0003
23.8812 0.0003 0.0003
23.8981 0.0003 0.0003
23.9150 0.0003 0.0003
23.9320 0.0003 0.0003
23.9489 0.0003 0.0003
23.9659 0.0003 0.0003
23.9828 0.0003 0.0003
23.9997 0.0003 0.0003
24.0167 0.0003 0.0003
24.0336 0.0003 0.0003
24.0505 0.0003 0.0003
24.0675 0.0003 0.0003
24.0844 0.0003 0.0003
24.1014 0.0003 0.0003
24.1183 0.0003 0.0003
24.1352 0.0003 0.0003
24.1522 0.0003 0.0003
24.1691 0.0003 0.0003
24.1860 0.0003 0.0003
24.2030 0.0003 0.0003
24.2199 0.0003 0.0003
24.2369 0.0003 0.0003
24.2538 0.0003 0.0003
24.2707 0.0003 0.0003
24.2877 0.0003 0.0003
24.3046 0.0003 0.0002
24.3215 0.0003 0.0002
24.3385 0.0003 0.0002
24.3554 0.0003 0.0002
24.3723 0.0003 0.0002
24.3893 0.0003 0.0002
24.4062 0.0002 0.0002
24.4232 0.0002 0.0002
24.4401 0.0002 0.0002
24.4570 0.0002 0.0002
24.4740 0.0002 0.0002
24.4909 0.0002 0.0002
24.5078 0.0002 0.0002
24.5248 0.0002 0.0002
24.5417 0.0002 0.0002
24.5587 0.0002 0.0002
24.5756 0.0002 0.0002
24.5925 0.0002 0.0002
24.6095 0.0002 0.0002
24.6264 0.0002 0.0002
24.6433 0.0002 0.0002
24.6603 0.0002 0.0002
24.6772 0.0002 0.0002
24.6941 0.0002 0.0002
24.7111 0.0002 0.0002
24.7280 0.0002 0.0002
24.7450 0.0002 0.0002
24.7619 0.0002 0.0002
24.7788 0.0002 0.0002
24.7958 0.0002 0.0002
24.8127 0.0002 0.0002
24.8296 0.0002 0.0002
24.8466 0.0002 0.0002
24.8635 0.0002 0.0002
24.8805 0.0002 0.0002
24.8974 0.0002 0.0002
24.9143 0.0002 0.0002
24.9313 0.0002 0.0002
24.9482 0.0002 0.0002
24.9651 0.0002 0.0002
24.9821 0.0002 0.0002
24.9990 0.0002 0.0002
25.0160 0.0002 0.0002
25.0329 0.0002 0.0002
25.0498 0.0002 0.0002
25.0668 0.0002 0.0002
25.0837 0.0002 0.0002
25.1006 0.0002 0.0002
25.1176 0.0002 0.0002
25.1345 0.0002 0.0002
25.1514 0.0002 0.0001
25.1684 0.0002 0.0001
25.1853 0.0002 0.0001
25.2023 0.0001 0.0001
25.2192 0.0001 0.0001
25.2361 0.0001 0.0001
25.2531 0.0001 0.0001
25.2700 0.0001 0.0001
25.2869 0.0001 0.0001
25.3039 0.0001 0.0001
25.3208 0.0001 0.0001
25.3378 0.0001 0.0001
25.3547 0.0001 0.0001
25.3716 0.0001 0.0001
25.3886 0.0001 0.0001
25.4055 0.0001 0.0001
25.4224 0.0001 0.0001
25.4394 0.0001 0.0001
25.4563 0.0001 0.0001
25.4733 0.0001 0.0001
25.4902 0.0001 0.0001
25.5071 0.0001 0.0001
25.5241 0.0001 0.0001
25.5410 0.0001 0.0001
25.5579 0.0001 0.0001
25.5749 0.0001 0.0001
25.5918 0.0001 0.0001
25.6087 0.0001 0.0001
25.6257 0.0001 0.0001
25.6426 0.0001 0.0001
25.6596 0.0001 0.0001
25.6765 0.0001 0.0001
25.6934 0.0001 0.0001
25.7104 0.0001 0.0001
25.7273 0.0001 0.0001
25.7442 0.0001 0.0001
25.7612 0.0001 0.0001
25.7781 0.0001 0.0001
25.7951 0.0001 0.0001
25.8120 0.0001 0.0001
25.8289 0.0001 0.0001
25.8459 0.0001 0.0001
25.8628 0.0001 0.0001
25.8797 0.0001 0.0001
25.8967 0.0001 0.0001
25.9136 0.0001 0.0001
25.9306 0.0001 0.0001
25.9475 0.0001 0.0001
25.9644 0.0001 0.0001
25.9814 0.0001 0.0001
25.9983 0.0001 0.0001
26.0152 0.0001 0.0001
26.0322 0.0001 0.0001
26.0491 0.0001 0.0001
26.0660 0.0001 0.0001
26.0830 0.0001 0.0001
26.0999 0.0001 0.0001
26.1169 0.0001 0.0001
26.1338 0.0001 0.0001
26.1507 0.0001 0.0001
26.1677 0.0001 0.0001
26.1846 0.0001 0.0001
26.2015 0.0001 0.0001
26.2185 0.0001 0.0001
26.2354 0.0001 0.0001
26.2524 0.0001 0.0001
26.2693 0.0001 0.0001
26.2862 0.0001 0.0001
26.3032 0.0001 0.0001
26.3201 0.0001 0.0001
26.3370 0.0001 0.0001
26.3540 0.0001 0.0001
26.3709 0.0001 0.0001
26.3878 0.0001 0.0001
26.4048 0.0001 0.0001
26.4217 0.0001 0.0001
26.4387 0.0001 0.0001
26.4556 0.0001 0.0001
26.4725 0.0001 0.0001
26.4895 0.0001 0.0001
26.5064 0.0001 0.0001
26.5233 0.0001 0.0001
26.5403 0.0001 0.0001
26.5572 0.0001 0.0001
26.5742 0.0001 0.0001
26.5911 0.0001 0.0001
26.6080 0.0001 0.0001
26.6250 0.0001 0.0000
26.6419 0.0001 0.0000
26.6588 0.0001 0.0000
26.6758 0.0001 0.0000
26.6927 0.0001 0.0000
26.7097 0.0001 0.0000
26.7266 0.0001 0.0000
26.7435 0.0001 0.0000
26.7605 0.0001 0.0000
26.7774 0.0001 0.0000
26.7943 0.0000 0.0000
26.8113 0.0000 0.0000
26.8282 0.0000 0.0000
26.8451 0.0000 0.0000
26.8621 0.0000 0.0000
26.8790 0.0000 0.0000
26.8960 0.0000 0.0000
26.9129 0.0000 0.0000
26.9298 0.0000 0.0000
26.9468 0.0000 0.0000
26.9637 0.0000 0.0000
26.9806 0.0000 0.0000
26.9976 0.0000 0.0000
27.0145 0.0000 0.0000
27.0315 0.0000 0.0000
27.0484 0.0000 0.0000
27.0653 0.0000 0.0000
27.0823 0.0000 0.0000
27.0992 0.0000 0.0000
27.1161 0.0000 0.0000
27.1331 0.0000 0.0000
27.1500 0.0000 0.0000
27.1670 0.0000 0.0000
27.1839 0.0000 0.0000
27.2008 0.0000 0.0000
27.2178 0.0000 0.0000
27.2347 0.0000 0.0000
27.2516 0.0000 0.0000
27.2686 0.0000 0.0000
27.2855 0.0000 0.0000
27.3024 0.0000 0.0000
27.3194 0.0000 0.0000
27.3363 0.0000 0.0000
27.3533 0.0000 0.0000
27.3702 0.0000 0.0000
27.3871 0.0000 0.0000
27.4041 0.0000 0.0000
27.4210 0.0000 0.0000
27.4379 0.0000 0.0000
27.4549 0.0000 0.0000
27.4718 0.0000 0.0000
27.4888 0.0000 0.0000
27.5057 0.0000 0.0000
27.5226 0.0000 0.0000
27.5396 0.0000 0.0000
27.5565 0.0000 0.0000
27.5734 0.0000 0.0000
27.5904 0.0000 0.0000
27.6073 0.0000 0.0000
27.6243 0.0000 0.0000
27.6412 0.0000 0.0000
27.6581 0.0000 0.0000
27.6751 0.0000 0.0000
27.6920 0.0000 0.0000
27.7089 0.0000 0.0000
27.7259 0.0000 0.0000
27.7428 0.0000 0.0000
27.7597 0.0000 0.0000
27.7767 0.0000 0.0000
27.7936 0.0000 0.0000
27.8106 0.0000 0.0000
27.8275 0.0000 0.0000
27.8444 0.0000 0.0000
27.8614 0.0000 0.0000
27.8783 0.0000 0.0000
27.8952 0.0000 0.0000
27.9122 0.0000 0.0000
27.9291 0.0000 0.0000
27.9461 0.0000 0.0000
27.9630 0.0000 0.0000
27.9799 0.0000 0.0000
27.9969 0.0000 0.0000
28.0138 0.0000 0.0000
28.0307 0.0000 0.0000
28.0477 0.0000 0.0000
28.0646 0.0000 0.0000
28.0816 0.0000 0.0000
28.0985 0.0000 0.0000
28.1154 0.0000 0.0000
28.1324 0.0000 0.0000
28.1493 0.0000 0.0000
28.1662 0.0000 0.0000
28.1832 0.0000 0.0000
28.2001 0.0000 0.0000
28.2170 0.0000 0.0000
28.2340 0.0000 0.0000
28.2509 0.0000 0.0000
28.2679 0.0000 0.0000
28.2848 0.0000 0.0000
28.3017 0.0000 0.0000
28.3187 0.0000 0.0000
28.3356 0.0000 0.0000
28.3525 0.0000 0.0000
28.3695 0.0000 0.0000
28.3864 0.0000 0.0000
28.4034 0.0000 0.0000
28.4203 0.0000 0.0000
28.4372 0.0000 0.0000
28.4542 0.0000 0.0000
28.4711 0.0000 0.0000
28.4880 0.0000 0.0000
28.5050 0.0000 0.0000
28.5219 0.0000 0.0000
28.5388 0.0000 0.0000
28.5558 0.0000 0.0000
28.5727 0.0000 0.0000
28.5897 0.0000 0.0000
28.6066 0.0000 0.0000
28.6235 0.0000 0.0000
28.6405 0.0000 0.0000
28.6574 0.0000 0.0000
28.6743 0.0000 0.0000
28.6913 0.0000 0.0000
28.7082 0.0000 0.0000
28.7252 0.0000 0.0000
28.7421 0.0000 0.0000
28.7590 0.0000 0.0000
28.7760 0.0000 0.0000
28.7929 0.0000 0.0000
28.8098 0.0000 0.0000
28.8268 0.0000 0.0000
28.8437 0.0000 0.0000
28.8607 0.0000 0.0000
28.8776 0.0000 0.0000
28.8945 0.0000 0.0000
28.9115 0.0000 0.0000
28.9284 0.0000 0.0000
28.9453 0.0000 0.0000
28.9623 0.0000 0.0000
28.9792 0.0000 0.0000
28.9961 0.0000 0.0000
29.0131 0.0000 0.0000
29.0300 0.0000 0.0000
29.0470 0.0000 0.0000
29.0639 0.0000 0.0000
29.0808 0.0000 0.0000
29.0978 0.0000 0.0000
29.1147 0.0000 0.0000
29.1316 0.0000 0.0000
29.1486 0.0000 0.0000
29.1655 0.0000 0.0000
29.1825 0.0000 0.0000
29.1994 0.0000 0.0000
29.2163 0.0000 0.0000
29.2333 0.0000 0.0000
29.2502 0.0000 0.0000
29.2671 0.0000 0.0000
29.2841 0.0000 0.0000
29.3010 0.0000 0.0000
29.3180 0.0000 0.0000
29.3349 0.0000 0.0000
29.3518 0.0000 0.0000
29.3688 0.0000 0.0000
29.3857 0.0000 0.0000
29.4026 0.0000 0.0000
29.4196 0.0000 0.0000
29.4365 0.0000 0.0000
29.4534 0.0000 0.0000
29.4704 0.0000 0.0000
29.4873 0.0000 0.0000
29.5043 0.0000 0.0000
29.5212 0.0000 0.0000
29.5381 0.0000 0.0000
29.5551 0.0000 0.0000
29.5720 0.0000 0.0000
29.5889 0.0000 0.0000
29.6059 0.0000 0.0000
29.6228 0.0000 0.0000
29.6398 0.0000 0.0000
29.6567 0.0000 0.0000
29.6736 0.0000 0.0000
29.6906 0.0000 0.0000
29.7075 0.0000 0.0000
29.7244 0.0000 0.0000
29.7414 0.0000 0.0000
29.7583 0.0000 0.0000
29.7753 0.0000 0.0000
29.7922 0.0000 0.0000
29.8091 0.0000 0.0000
29.8261 0.0000 0.0000
29.8430 0.0000 0.0000
29.8599 0.0000 0.0000
29.8769 0.0000 0.0000
29.8938 0.0000 0.0000
29.9107 0.0000 0.0000
29.9277 0.0000 0.0000
29.9446 0.0000 0.0000
29.9616 0.0000 0.0000
29.9785 0.0000 0.0000
29.9954 0.0000 0.0000
30.0124 0.0000 0.0000
30.0293 0.0000 0.0000
30.0462 0.0000 0.0000
30.0632 0.0000 0.0000
30.0801 0.0000 0.0000
30.0971 0.0000 0.0000
30.1140 0.0000 0.0000
30.1309 0.0000 0.0000
30.1479 0.0000 0.0000
30.1648 0.0000 0.0000
30.1817 0.0000 0.0000
30.1987 0.0000 0.0000
30.2156 0.0000 0.0000
30.2325 0.0000 0.0000
30.2495 0.0000 0.0000
30.2664 0.0000 0.0000
30.2834 0.0000 0.0000
30.3003 0.0000 0.0000
30.3172 0.0000 0.0000
30.3342 0.0000 0.0000
30.3511 0.0000 0.0000
30.3680 0.0000 0.0000
30.3850 0.0000 0.0000
30.4019 0.0000 0.0000
30.4189 0.0000 0.0000
30.4358 0.0000 0.0000
30.4527 0.0000 0.0000
30.4697 0.0000 0.0000
30.4866 0.0000 0.0000
30.5035 0.0000 0.0000
30.5205 0.0000 0.0000
30.5374 0.0000 0.0000
30.5544 0.0000 0.0000
30.5713 0.0000 0.0000
30.5882 0.0000 0.0000
30.6052 0.0000 0.0000
30.6221 0.0000 0.0000
30.6390 0.0000 0.0000
30.6560 0.0000 0.0000
30.6729 0.0000 0.0000
30.6898 0.0000 0.0000
30.7068 0.0000 0.0000
30.7237 0.0000 0.0000
30.7407 0.0000 0.0000
30.7576 0.0000 0.0000
30.7745 0.0000 0.0000
30.7915 0.0000 0.0000
30.8084 0.0000 0.0000
30.8253 0.0000 0.0000
30.8423 0.0000 0.0000
30.8592 0.0000 0.0000
30.8762 0.0000 0.0000
30.8931 0.0000 0.0000
30.9100 0.0000 0.0000
30.9270 0.0000 0.0000
30.9439 0.0000 0.0000
30.9608 0.0000 0.0000
30.9778 0.0000 0.0000
30.9947 0.0000 0.0000
31.0117 0.0000 0.0000
31.0286 0.0000 0.0000
31.0455 0.0000 0.0000
31.0625 0.0000 0.0000
31.0794 0.0000 0.0000
31.0963 0.0000 0.0000
31.1133 0.0000 0.0000
31.1302 0.0000 0.0000
31.1471 0.0000 0.0000
31.1641 0.0000 0.0000
31.1810 0.0000 0.0000
31.1980 0.0000 0.0000
31.2149 0.0000 0.0000
31.2318 0.0000 0.0000
31.2488 0.0000 0.0000
31.2657 0.0000 0.0000
31.2826 0.0000 0.0000
31.2996 0.0000 0.0000
31.3165 0.0000 0.0000
31.3335 0.0000 0.0000
31.3504 0.0000 0.0000
31.3673 0.0000 0.0000
31.3843 0.0000 0.0000
31.4012 0.0000 0.0000
31.4181 0.0000 0.0000
31.4351 0.0000 0.0000
31.4520 0.0000 0.0000
31.4690 0.0000 0.0000
31.4859 0.0000 0.0000
31.5028 0.0000 0.0000
31.5198 0.0000 0.0000
31.5367 0.0000 0.0000
31.5536 0.0000 0.0000
31.5706 0.0000 0.0000
31.5875 0.0000 0.0000
31.6044 0.0000 0.0000
31.6214 0.0000 0.0000
31.6383 0.0000 0.0000
31.6553 0.0000 0.0000
31.6722 0.0000 0.0000
31.6891 0.0000 0.0000
31.7061 0.0000 0.0000
31.7230 0.0000 0.0000
31.7399 0.0000 0.0000
31.7569 0.0000 0.0000
31.7738 0.0000 0.0000
31.7908 0.0000 0.0000
31.8077 0.0000 0.0000
31.8246 0.0000 0.0000
31.8416 0.0000 0.0000
31.8585 0.0000 0.0000
31.8754 0.0000 0.0000
31.8924 0.0000 0.0000
31.9093 0.0000 0.0000
31.9262 0.0000 0.0000
31.9432 0.0000 0.0000
31.9601 0.0000 0.0000
31.9771 0.0000 0.0000
31.9940 0.0000 0.0000
32.0109 0.0000 0.0000
32.0279 0.0000 0.0000
32.0448 0.0000 0.0000
32.0617 0.0000 0.0000
32.0787 0.0000 0.0000
32.0956 0.0000 0.0000
32.1126 0.0000 0.0000
32.1295 0.0000 0.0000
32.1464 0.0000 0.0000
32.1634 0.0000 0.0000
32.1803 0.0000 0.0000
32.1972 0.0000 0.0000
32.2142 0.0000 0.0000
32.2311 0.0000 0.0000
32.2481 0.0000 0.0000
32.2650 0.0000 0.0000
32.2819 0.0000 0.0000
32.2989 0.0000 0.0000
32.3158 0.0000 0.0000
32.3327 0.0000 0.0000
32.3497 0.0000 0.0000
32.3666 0.0000 0.0000
32.3835 0.0000 0.0000
32.4005 0.0000 0.0000
32.4174 0.0000 0.0000
32.4344 0.0000 0.0000
32.4513 0.0000 0.0000
32.4682 0.0000 0.0000
32.4852 0.0000 0.0000
32.5021 0.0000 0.0000
32.5190 0.0000 0.0000
32.5360 0.0000 0.0000
32.5529 0.0000 0.0000
32.5699 0.0000 0.0000
32.5868 0.0000 0.0000
32.6037 0.0000 0.0000
32.6207 0.0000 0.0000
32.6376 0.0000 0.0000
32.6545 0.0000 0.0000
32.6715 0.0000 0.0000
32.6884 0.0000 0.0000
32.7054 0.0000 0.0000
32.7223 0.0000 0.0000
32.7392 0.0000 0.0000
32.7562 0.0000 0.0000
32.7731 0.0000 0.0000
32.7900 0.0000 0.0000
32.8070 0.0000 0.0000
32.8239 0.0000 0.0000
32.8408 0.0000 0.0000
32.8578 0.0000 0.0000
32.8747 0.0000 0.0000
32.8917 0.0000 0.0000
32.9086 0.0000 0.0000
32.9255 0.0000 0.0000
32.9425 0.0000 0.0000
32.9594 0.0000 0.0000
32.9763 0.0000 0.0000
32.9933 0.0000 0.0000
33.0102 0.0000 0.0000
33.0272 0.0000 0.0000
33.0441 0.0000 0.0000
33.0610 0.0000 0.0000
33.0780 0.0000 0.0000
33.0949 0.0000 0.0000
33.1118 0.0000 0.0000
33.1288 0.0000 0.0000
33.1457 0.0000 0.0000
33.1627 0.0000 0.0000
33.1796 0.0000 0.0000
33.1965 0.0000 0.0000
33.2135 0.0000 0.0000
33.2304 0.0000 0.0000
33.2473 0.0000 0.0000
33.2643 0.0000 0.0000
33.2812 0.0000 0.0000
33.2981 0.0000 0.0000
33.3151 0.0000 0.0000
33.3320 0.0000 0.0000
33.3490 0.0000 0.0000
33.3659 0.0000 0.0000
33.3828 0.0000 0.0000
33.3998 0.0000 0.0000
33.4167 0.0000 0.0000
33.4336 0.0000 0.0000
33.4506 0.0000 0.0000
33.4675 0.0000 0.0000
33.4845 0.0000 0.0000
33.5014 0.0000 0.0000
33.5183 0.0000 0.0000
33.5353 0.0000 0.0000
33.5522 0.0000 0.0000
33.5691 0.0000 0.0000
33.5861 0.0000 0.0000
33.6030 0.0000 0.0000
33.6199 0.0000 0.0000
33.6369 0.0000 0.0000
33.6538 0.0000 0.0000
33.6708 0.0000 0.0000
33.6877 0.0000 0.0000
33.7046 0.0000 0.0000
33.7216 0.0000 0.0000
33.7385 0.0000 0.0000
33.7554 0.0000 0.0000
33.7724 0.0000 0.0000
33.7893 0.0000 0.0000
33.8063 0.0000 0.0000
33.8232 0.0000 0.0000
33.8401 0.0000 0.0000
33.8571 0.0000 0.0000
