0.0000 0.0000 0.0000
0.0179 0.6869 1.6877
0.0358 1.3636 3.3448
0.0536 2.0206 4.9423
0.0715 2.6489 6.4532
0.0894 3.2406 7.8541
0.1073 3.7891 9.1259
0.1252 4.2893 10.2542
0.1430 4.7379 11.2297
0.1609 5.1326 12.0479
0.1788 5.4730 12.7093
0.1967 5.7599 13.2187
0.2146 5.9950 13.5845
0.2325 6.1811 13.8180
0.2503 6.3215 13.9327
0.2682 6.4199 13.9433
0.2861 6.4804 13.8651
0.3040 6.5070 13.7133
0.3219 6.5037 13.5024
0.3397 6.4743 13.2459
0.3576 6.4225 12.9557
0.3755 6.3517 12.6422
0.3934 6.2651 12.3142
0.4113 6.1657 11.9787
0.4291 6.0562 11.6413
0.4470 5.9391 11.3060
0.4649 5.8169 10.9757
0.4828 5.6916 10.6524
0.5007 5.5652 10.3371
0.5186 5.4394 10.0302
0.5364 5.3156 9.7319
0.5543 5.1950 9.4421
0.5722 5.0787 9.1603
0.5901 4.9674 8.8862
0.6080 4.8614 8.6198
0.6258 4.7611 8.3607
0.6437 4.6665 8.1089
0.6616 4.5776 7.8646
0.6795 4.4941 7.6280
0.6974 4.4158 7.3994
0.7152 4.3423 7.1792
0.7331 4.2734 6.9680
0.7510 4.2086 6.7663
0.7689 4.1478 6.5745
0.7868 4.0908 6.3932
0.8047 4.0373 6.2229
0.8225 3.9871 6.0638
0.8404 3.9402 5.9164
0.8583 3.8963 5.7807
0.8762 3.8554 5.6567
0.8941 3.8172 5.5443
0.9119 3.7814 5.4431
0.9298 3.7478 5.3524
0.9477 3.7158 5.2716
0.9656 3.6850 5.1996
0.9835 3.6551 5.1352
1.0013 3.6253 5.0771
1.0192 3.5953 5.0239
1.0371 3.5645 4.9742
1.0550 3.5326 4.9265
1.0729 3.4992 4.8793
1.0907 3.4640 4.8316
1.1086 3.4270 4.7822
1.1265 3.3882 4.7303
1.1444 3.3478 4.6754
1.1623 3.3059 4.6172
1.1802 3.2632 4.5557
1.1980 3.2200 4.4913
1.2159 3.1768 4.4245
1.2338 3.1344 4.3559
1.2517 3.0934 4.2864
1.2696 3.0542 4.2169
1.2874 3.0176 4.1483
1.3053 2.9840 4.0814
1.3232 2.9538 4.0172
1.3411 2.9274 3.9561
1.3590 2.9048 3.8987
1.3768 2.8863 3.8454
1.3947 2.8718 3.7963
1.4126 2.8612 3.7513
1.4305 2.8541 3.7105
1.4484 2.8503 3.6734
1.4663 2.8493 3.6397
1.4841 2.8506 3.6091
1.5020 2.8538 3.5812
1.5199 2.8582 3.5554
1.5378 2.8633 3.5315
1.5557 2.8683 3.5091
1.5735 2.8727 3.4879
1.5914 2.8760 3.4677
1.6093 2.8775 3.4484
1.6272 2.8767 3.4299
1.6451 2.8731 3.4123
1.6629 2.8664 3.3955
1.6808 2.8563 3.3796
1.6987 2.8425 3.3648
1.7166 2.8250 3.3510
1.7345 2.8038 3.3383
1.7523 2.7791 3.3267
1.7702 2.7512 3.3161
1.7881 2.7204 3.3064
1.8060 2.6872 3.2974
1.8239 2.6522 3.2887
1.8418 2.6160 3.2803
1.8596 2.5791 3.2715
1.8775 2.5422 3.2622
1.8954 2.5058 3.2518
1.9133 2.4705 3.2401
1.9312 2.4366 3.2266
1.9490 2.4046 3.2109
1.9669 2.3748 3.1927
1.9848 2.3471 3.1717
2.0027 2.3218 3.1477
2.0206 2.2989 3.1204
2.0384 2.2781 3.0897
2.0563 2.2594 3.0555
2.0742 2.2426 3.0177
2.0921 2.2275 2.9765
2.1100 2.2136 2.9318
2.1279 2.2009 2.8838
2.1457 2.1890 2.8327
2.1636 2.1777 2.7789
2.1815 2.1667 2.7228
2.1994 2.1557 2.6647
2.2173 2.1446 2.6051
2.2351 2.1333 2.5446
2.2530 2.1215 2.4838
2.2709 2.1091 2.4232
2.2888 2.0962 2.3633
2.3067 2.0826 2.3048
2.3245 2.0685 2.2480
2.3424 2.0538 2.1935
2.3603 2.0386 2.1416
2.3782 2.0232 2.0926
2.3961 2.0076 2.0468
2.4140 1.9921 2.0042
2.4318 1.9768 1.9649
2.4497 1.9620 1.9288
2.4676 1.9479 1.8959
2.4855 1.9348 1.8659
2.5034 1.9227 1.8387
2.5212 1.9118 1.8140
2.5391 1.9023 1.7915
2.5570 1.8941 1.7709
2.5749 1.8872 1.7520
2.5928 1.8815 1.7345
2.6106 1.8769 1.7182
2.6285 1.8733 1.7028
2.6464 1.8702 1.6882
2.6643 1.8675 1.6742
2.6822 1.8649 1.6607
2.7000 1.8620 1.6475
2.7179 1.8586 1.6345
2.7358 1.8543 1.6217
2.7537 1.8489 1.6090
2.7716 1.8423 1.5962
2.7895 1.8342 1.5832
2.8073 1.8247 1.5701
2.8252 1.8137 1.5568
2.8431 1.8013 1.5431
2.8610 1.7875 1.5291
2.8789 1.7726 1.5147
2.8967 1.7568 1.4999
2.9146 1.7403 1.4847
2.9325 1.7234 1.4692
2.9504 1.7063 1.4535
2.9683 1.6894 1.4376
2.9861 1.6728 1.4216
3.0040 1.6567 1.4057
3.0219 1.6414 1.3899
3.0398 1.6269 1.3743
3.0577 1.6134 1.3591
3.0756 1.6008 1.3444
3.0934 1.5891 1.3303
3.1113 1.5783 1.3168
3.1292 1.5684 1.3040
3.1471 1.5591 1.2919
3.1650 1.5503 1.2807
3.1828 1.5420 1.2704
3.2007 1.5339 1.2609
3.2186 1.5261 1.2524
3.2365 1.5183 1.2448
3.2544 1.5105 1.2381
3.2722 1.5027 1.2324
3.2901 1.4948 1.2277
3.3080 1.4868 1.2239
3.3259 1.4787 1.2211
3.3438 1.4706 1.2193
3.3617 1.4623 1.2184
3.3795 1.4540 1.2183
3.3974 1.4456 1.2191
3.4153 1.4371 1.2206
3.4332 1.4285 1.2228
3.4511 1.4198 1.2256
3.4689 1.4110 1.2289
3.4868 1.4019 1.2325
3.5047 1.3925 1.2364
3.5226 1.3829 1.2405
3.5405 1.3729 1.2445
3.5583 1.3624 1.2483
3.5762 1.3516 1.2519
3.5941 1.3403 1.2550
3.6120 1.3286 1.2575
3.6299 1.3165 1.2594
3.6477 1.3040 1.2604
3.6656 1.2911 1.2605
3.6835 1.2779 1.2595
3.7014 1.2644 1.2573
3.7193 1.2506 1.2539
3.7372 1.2366 1.2492
3.7550 1.2225 1.2431
3.7729 1.2083 1.2358
3.7908 1.1939 1.2270
3.8087 1.1796 1.2170
3.8266 1.1653 1.2058
3.8444 1.1511 1.1934
3.8623 1.1371 1.1799
3.8802 1.1232 1.1655
3.8981 1.1096 1.1503
3.9160 1.0964 1.1345
3.9338 1.0835 1.1181
3.9517 1.0711 1.1013
3.9696 1.0591 1.0843
3.9875 1.0476 1.0672
4.0054 1.0366 1.0500
4.0233 1.0260 1.0329
4.0411 1.0159 1.0160
4.0590 1.0062 0.9992
4.0769 0.9968 0.9828
4.0948 0.9877 0.9666
4.1127 0.9788 0.9508
4.1305 0.9699 0.9352
4.1484 0.9611 0.9199
4.1663 0.9522 0.9049
4.1842 0.9431 0.8902
4.2021 0.9339 0.8756
4.2199 0.9244 0.8613
4.2378 0.9146 0.8471
4.2557 0.9045 0.8331
4.2736 0.8942 0.8192
4.2915 0.8836 0.8054
4.3093 0.8729 0.7918
4.3272 0.8620 0.7783
4.3451 0.8511 0.7651
4.3630 0.8402 0.7520
4.3809 0.8295 0.7393
4.3988 0.8191 0.7269
4.4166 0.8090 0.7150
4.4345 0.7994 0.7035
4.4524 0.7903 0.6926
4.4703 0.7819 0.6823
4.4882 0.7741 0.6727
4.5060 0.7670 0.6638
4.5239 0.7607 0.6557
4.5418 0.7552 0.6485
4.5597 0.7503 0.6420
4.5776 0.7462 0.6365
4.5954 0.7427 0.6317
4.6133 0.7398 0.6278
4.6312 0.7373 0.6246
4.6491 0.7353 0.6222
4.6670 0.7335 0.6205
4.6849 0.7319 0.6193
4.7027 0.7304 0.6186
4.7206 0.7289 0.6183
4.7385 0.7272 0.6182
4.7564 0.7253 0.6183
4.7743 0.7231 0.6185
4.7921 0.7206 0.6185
4.8100 0.7177 0.6184
4.8279 0.7143 0.6180
4.8458 0.7105 0.6172
4.8637 0.7063 0.6160
4.8815 0.7016 0.6142
4.8994 0.6964 0.6120
4.9173 0.6909 0.6092
4.9352 0.6850 0.6060
4.9531 0.6787 0.6022
4.9710 0.6721 0.5980
4.9888 0.6653 0.5933
5.0067 0.6582 0.5884
5.0246 0.6509 0.5831
5.0425 0.6435 0.5777
5.0604 0.6360 0.5721
5.0782 0.6285 0.5664
5.0961 0.6209 0.5607
5.1140 0.6134 0.5550
5.1319 0.6060 0.5494
5.1498 0.5987 0.5439
5.1676 0.5916 0.5384
5.1855 0.5848 0.5331
5.2034 0.5783 0.5278
5.2213 0.5721 0.5226
5.2392 0.5664 0.5175
5.2570 0.5610 0.5124
5.2749 0.5561 0.5074
5.2928 0.5517 0.5025
5.3107 0.5477 0.4976
5.3286 0.5441 0.4927
5.3465 0.5410 0.4879
5.3643 0.5381 0.4831
5.3822 0.5356 0.4785
5.4001 0.5333 0.4740
5.4180 0.5311 0.4696
5.4359 0.5289 0.4654
5.4537 0.5268 0.4614
5.4716 0.5245 0.4577
5.4895 0.5220 0.4542
5.5074 0.5193 0.4509
5.5253 0.5162 0.4479
5.5431 0.5127 0.4452
5.5610 0.5088 0.4427
5.5789 0.5044 0.4405
5.5968 0.4996 0.4385
5.6147 0.4944 0.4366
5.6326 0.4888 0.4348
5.6504 0.4828 0.4332
5.6683 0.4766 0.4316
5.6862 0.4701 0.4300
5.7041 0.4635 0.4284
5.7220 0.4568 0.4268
5.7398 0.4501 0.4251
5.7577 0.4435 0.4233
5.7756 0.4370 0.4214
5.7935 0.4306 0.4194
5.8114 0.4245 0.4174
5.8292 0.4186 0.4152
5.8471 0.4129 0.4129
5.8650 0.4076 0.4106
5.8829 0.4025 0.4082
5.9008 0.3976 0.4057
5.9187 0.3930 0.4032
5.9365 0.3887 0.4006
5.9544 0.3845 0.3980
5.9723 0.3806 0.3953
5.9902 0.3769 0.3927
6.0081 0.3734 0.3899
6.0259 0.3700 0.3872
6.0438 0.3669 0.3844
6.0617 0.3639 0.3816
6.0796 0.3611 0.3787
6.0975 0.3584 0.3758
6.1153 0.3560 0.3728
6.1332 0.3537 0.3698
6.1511 0.3516 0.3667
6.1690 0.3496 0.3636
6.1869 0.3478 0.3604
6.2047 0.3462 0.3572
6.2226 0.3447 0.3540
6.2405 0.3434 0.3507
6.2584 0.3421 0.3474
6.2763 0.3409 0.3441
6.2942 0.3398 0.3408
6.3120 0.3387 0.3375
6.3299 0.3377 0.3342
6.3478 0.3366 0.3310
6.3657 0.3356 0.3278
6.3836 0.3345 0.3247
6.4014 0.3333 0.3217
6.4193 0.3322 0.3188
6.4372 0.3309 0.3160
6.4551 0.3296 0.3133
6.4730 0.3282 0.3107
6.4908 0.3266 0.3083
6.5087 0.3250 0.3060
6.5266 0.3233 0.3038
6.5445 0.3215 0.3018
6.5624 0.3196 0.2999
6.5803 0.3176 0.2982
6.5981 0.3155 0.2966
6.6160 0.3133 0.2951
6.6339 0.3110 0.2937
6.6518 0.3086 0.2924
6.6697 0.3061 0.2912
6.6875 0.3035 0.2901
6.7054 0.3009 0.2891
6.7233 0.2982 0.2881
6.7412 0.2955 0.2871
6.7591 0.2928 0.2861
6.7769 0.2901 0.2852
6.7948 0.2874 0.2842
6.8127 0.2848 0.2832
6.8306 0.2821 0.2822
6.8485 0.2796 0.2810
6.8663 0.2771 0.2799
6.8842 0.2747 0.2786
6.9021 0.2724 0.2773
6.9200 0.2702 0.2759
6.9379 0.2682 0.2744
6.9558 0.2662 0.2729
6.9736 0.2644 0.2713
6.9915 0.2627 0.2696
7.0094 0.2612 0.2678
7.0273 0.2598 0.2660
7.0452 0.2584 0.2642
7.0630 0.2572 0.2624
7.0809 0.2561 0.2605
7.0988 0.2551 0.2586
7.1167 0.2542 0.2566
7.1346 0.2534 0.2547
7.1524 0.2527 0.2528
7.1703 0.2520 0.2508
7.1882 0.2514 0.2489
7.2061 0.2508 0.2470
7.2240 0.2503 0.2451
7.2419 0.2498 0.2433
7.2597 0.2494 0.2415
7.2776 0.2490 0.2398
7.2955 0.2485 0.2381
7.3134 0.2481 0.2365
7.3313 0.2477 0.2350
7.3491 0.2473 0.2335
7.3670 0.2468 0.2322
7.3849 0.2463 0.2309
7.4028 0.2458 0.2297
7.4207 0.2452 0.2287
7.4385 0.2446 0.2277
7.4564 0.2439 0.2267
7.4743 0.2432 0.2259
7.4922 0.2424 0.2251
7.5101 0.2415 0.2243
7.5280 0.2405 0.2236
7.5458 0.2394 0.2229
7.5637 0.2383 0.2222
7.5816 0.2370 0.2216
7.5995 0.2357 0.2209
7.6174 0.2343 0.2202
7.6352 0.2328 0.2195
7.6531 0.2312 0.2187
7.6710 0.2296 0.2180
7.6889 0.2278 0.2172
7.7068 0.2261 0.2163
7.7246 0.2242 0.2154
7.7425 0.2223 0.2145
7.7604 0.2204 0.2135
7.7783 0.2185 0.2124
7.7962 0.2165 0.2113
7.8140 0.2146 0.2102
7.8319 0.2127 0.2090
7.8498 0.2107 0.2078
7.8677 0.2088 0.2065
7.8856 0.2070 0.2053
7.9035 0.2052 0.2040
7.9213 0.2034 0.2027
7.9392 0.2017 0.2015
7.9571 0.2000 0.2003
7.9750 0.1984 0.1991
7.9929 0.1968 0.1980
8.0107 0.1953 0.1969
8.0286 0.1938 0.1959
8.0465 0.1924 0.1949
8.0644 0.1911 0.1940
8.0823 0.1898 0.1931
8.1001 0.1885 0.1922
8.1180 0.1873 0.1914
8.1359 0.1862 0.1905
8.1538 0.1851 0.1897
8.1717 0.1840 0.1889
8.1896 0.1829 0.1880
8.2074 0.1819 0.1871
8.2253 0.1808 0.1862
8.2432 0.1798 0.1852
8.2611 0.1788 0.1842
8.2790 0.1777 0.1831
8.2968 0.1766 0.1819
8.3147 0.1755 0.1807
8.3326 0.1744 0.1794
8.3505 0.1733 0.1780
8.3684 0.1721 0.1766
8.3862 0.1709 0.1752
8.4041 0.1696 0.1737
8.4220 0.1684 0.1722
8.4399 0.1672 0.1706
8.4578 0.1659 0.1691
8.4757 0.1647 0.1675
8.4935 0.1634 0.1659
8.5114 0.1623 0.1644
8.5293 0.1611 0.1628
8.5472 0.1600 0.1613
8.5651 0.1589 0.1599
8.5829 0.1579 0.1584
8.6008 0.1570 0.1570
8.6187 0.1561 0.1557
8.6366 0.1553 0.1545
8.6545 0.1546 0.1533
8.6723 0.1539 0.1521
8.6902 0.1533 0.1511
8.7081 0.1528 0.1501
8.7260 0.1523 0.1492
8.7439 0.1519 0.1485
8.7617 0.1515 0.1477
8.7796 0.1512 0.1471
8.7975 0.1508 0.1466
8.8154 0.1505 0.1461
8.8333 0.1501 0.1458
8.8512 0.1497 0.1454
8.8690 0.1493 0.1452
8.8869 0.1489 0.1450
8.9048 0.1483 0.1448
8.9227 0.1478 0.1446
8.9406 0.1471 0.1445
8.9584 0.1464 0.1444
8.9763 0.1456 0.1442
8.9942 0.1447 0.1441
9.0121 0.1438 0.1439
9.0300 0.1428 0.1437
9.0478 0.1417 0.1434
9.0657 0.1406 0.1431
9.0836 0.1395 0.1428
9.1015 0.1383 0.1424
9.1194 0.1371 0.1419
9.1373 0.1359 0.1414
9.1551 0.1348 0.1409
9.1730 0.1336 0.1403
9.1909 0.1324 0.1398
9.2088 0.1313 0.1392
9.2267 0.1302 0.1386
9.2445 0.1291 0.1379
9.2624 0.1281 0.1373
9.2803 0.1271 0.1367
9.2982 0.1262 0.1362
9.3161 0.1253 0.1356
9.3339 0.1244 0.1351
9.3518 0.1236 0.1346
9.3697 0.1228 0.1341
9.3876 0.1221 0.1337
9.4055 0.1214 0.1333
9.4234 0.1207 0.1329
9.4412 0.1200 0.1325
9.4591 0.1194 0.1322
9.4770 0.1188 0.1318
9.4949 0.1182 0.1315
9.5128 0.1176 0.1311
9.5306 0.1171 0.1307
9.5485 0.1165 0.1302
9.5664 0.1159 0.1297
9.5843 0.1154 0.1292
9.6022 0.1149 0.1286
9.6200 0.1143 0.1280
9.6379 0.1138 0.1273
9.6558 0.1133 0.1266
9.6737 0.1128 0.1258
9.6916 0.1123 0.1251
9.7094 0.1118 0.1243
9.7273 0.1113 0.1235
9.7452 0.1108 0.1227
9.7631 0.1104 0.1219
9.7810 0.1099 0.1211
9.7989 0.1094 0.1203
9.8167 0.1090 0.1196
9.8346 0.1086 0.1189
9.8525 0.1082 0.1183
9.8704 0.1077 0.1177
9.8883 0.1074 0.1171
9.9061 0.1070 0.1166
9.9240 0.1066 0.1161
9.9419 0.1063 0.1157
9.9598 0.1059 0.1153
9.9777 0.1056 0.1150
9.9955 0.1053 0.1146
10.0134 0.1050 0.1143
10.0313 0.1047 0.1141
10.0492 0.1044 0.1138
10.0671 0.1041 0.1136
10.0850 0.1038 0.1133
10.1028 0.1034 0.1131
10.1207 0.1031 0.1128
10.1386 0.1028 0.1125
10.1565 0.1024 0.1122
10.1744 0.1020 0.1118
10.1922 0.1016 0.1115
10.2101 0.1012 0.1110
10.2280 0.1007 0.1106
10.2459 0.1002 0.1101
10.2638 0.0997 0.1095
10.2816 0.0991 0.1089
10.2995 0.0985 0.1082
10.3174 0.0979 0.1075
10.3353 0.0973 0.1068
10.3532 0.0966 0.1060
10.3710 0.0959 0.1052
10.3889 0.0951 0.1043
10.4068 0.0944 0.1035
10.4247 0.0936 0.1025
10.4426 0.0928 0.1016
10.4605 0.0920 0.1007
10.4783 0.0912 0.0997
10.4962 0.0905 0.0987
10.5141 0.0897 0.0978
10.5320 0.0889 0.0968
10.5499 0.0881 0.0957
10.5677 0.0873 0.0947
10.5856 0.0865 0.0937
10.6035 0.0857 0.0927
10.6214 0.0850 0.0916
10.6393 0.0842 0.0906
10.6571 0.0835 0.0895
10.6750 0.0828 0.0885
10.6929 0.0821 0.0874
10.7108 0.0815 0.0864
10.7287 0.0808 0.0854
10.7466 0.0802 0.0844
10.7644 0.0796 0.0834
10.7823 0.0791 0.0825
10.8002 0.0786 0.0815
10.8181 0.0781 0.0807
10.8360 0.0776 0.0798
10.8538 0.0772 0.0790
10.8717 0.0768 0.0782
10.8896 0.0764 0.0775
10.9075 0.0760 0.0768
10.9254 0.0756 0.0762
10.9432 0.0753 0.0756
10.9611 0.0749 0.0750
10.9790 0.0746 0.0745
10.9969 0.0743 0.0739
11.0148 0.0739 0.0735
11.0327 0.0736 0.0730
11.0505 0.0733 0.0726
11.0684 0.0729 0.0722
11.0863 0.0726 0.0717
11.1042 0.0722 0.0714
11.1221 0.0719 0.0710
11.1399 0.0715 0.0706
11.1578 0.0711 0.0702
11.1757 0.0707 0.0698
11.1936 0.0703 0.0694
11.2115 0.0699 0.0690
11.2293 0.0695 0.0686
11.2472 0.0691 0.0682
11.2651 0.0686 0.0678
11.2830 0.0682 0.0674
11.3009 0.0677 0.0669
11.3187 0.0672 0.0665
11.3366 0.0666 0.0660
11.3545 0.0661 0.0656
11.3724 0.0655 0.0651
11.3903 0.0650 0.0647
11.4082 0.0644 0.0642
11.4260 0.0638 0.0638
11.4439 0.0632 0.0633
11.4618 0.0625 0.0628
11.4797 0.0619 0.0623
11.4976 0.0613 0.0619
11.5154 0.0606 0.0614
11.5333 0.0600 0.0609
11.5512 0.0594 0.0604
11.5691 0.0587 0.0600
11.5870 0.0581 0.0595
11.6048 0.0575 0.0590
11.6227 0.0569 0.0586
11.6406 0.0563 0.0581
11.6585 0.0557 0.0577
11.6764 0.0551 0.0572
11.6943 0.0545 0.0568
11.7121 0.0540 0.0563
11.7300 0.0534 0.0559
11.7479 0.0529 0.0555
11.7658 0.0524 0.0550
11.7837 0.0519 0.0546
11.8015 0.0514 0.0542
11.8194 0.0510 0.0539
11.8373 0.0506 0.0535
11.8552 0.0502 0.0531
11.8731 0.0499 0.0528
11.8909 0.0495 0.0524
11.9088 0.0493 0.0521
11.9267 0.0490 0.0518
11.9446 0.0488 0.0515
11.9625 0.0485 0.0512
11.9804 0.0484 0.0509
11.9982 0.0482 0.0507
12.0161 0.0480 0.0504
12.0340 0.0478 0.0501
12.0519 0.0477 0.0499
12.0698 0.0475 0.0496
12.0876 0.0473 0.0494
12.1055 0.0472 0.0491
12.1234 0.0470 0.0489
12.1413 0.0468 0.0486
12.1592 0.0465 0.0483
12.1770 0.0463 0.0481
12.1949 0.0461 0.0478
12.2128 0.0458 0.0475
12.2307 0.0455 0.0472
12.2486 0.0453 0.0469
12.2664 0.0450 0.0466
12.2843 0.0447 0.0463
12.3022 0.0444 0.0459
12.3201 0.0442 0.0456
12.3380 0.0439 0.0453
12.3559 0.0436 0.0449
12.3737 0.0434 0.0446
12.3916 0.0431 0.0443
12.4095 0.0429 0.0439
12.4274 0.0427 0.0436
12.4453 0.0424 0.0432
12.4631 0.0422 0.0429
12.4810 0.0420 0.0426
12.4989 0.0418 0.0422
12.5168 0.0417 0.0419
12.5347 0.0415 0.0416
12.5525 0.0413 0.0413
12.5704 0.0411 0.0410
12.5883 0.0410 0.0406
12.6062 0.0408 0.0403
12.6241 0.0407 0.0400
12.6420 0.0405 0.0397
12.6598 0.0403 0.0394
12.6777 0.0402 0.0391
12.6956 0.0400 0.0388
12.7135 0.0399 0.0385
12.7314 0.0397 0.0382
12.7492 0.0395 0.0379
12.7671 0.0393 0.0376
12.7850 0.0392 0.0373
12.8029 0.0390 0.0370
12.8208 0.0388 0.0368
12.8386 0.0386 0.0365
12.8565 0.0384 0.0363
12.8744 0.0382 0.0360
12.8923 0.0380 0.0358
12.9102 0.0378 0.0356
12.9280 0.0376 0.0354
12.9459 0.0373 0.0351
12.9638 0.0371 0.0349
12.9817 0.0368 0.0347
12.9996 0.0366 0.0345
13.0175 0.0363 0.0343
13.0353 0.0360 0.0340
13.0532 0.0357 0.0338
13.0711 0.0354 0.0335
13.0890 0.0352 0.0333
13.1069 0.0349 0.0330
13.1247 0.0346 0.0328
13.1426 0.0343 0.0325
13.1605 0.0340 0.0323
13.1784 0.0337 0.0320
13.1963 0.0335 0.0318
13.2141 0.0332 0.0315
13.2320 0.0330 0.0313
13.2499 0.0327 0.0310
13.2678 0.0325 0.0308
13.2857 0.0323 0.0306
13.3036 0.0320 0.0303
13.3214 0.0318 0.0301
13.3393 0.0316 0.0299
13.3572 0.0314 0.0297
13.3751 0.0312 0.0296
13.3930 0.0310 0.0294
13.4108 0.0308 0.0292
13.4287 0.0305 0.0290
13.4466 0.0303 0.0288
13.4645 0.0301 0.0286
13.4824 0.0299 0.0284
13.5002 0.0297 0.0282
13.5181 0.0294 0.0280
13.5360 0.0292 0.0278
13.5539 0.0290 0.0276
13.5718 0.0287 0.0274
13.5897 0.0285 0.0272
13.6075 0.0283 0.0270
13.6254 0.0280 0.0268
13.6433 0.0278 0.0266
13.6612 0.0275 0.0264
13.6791 0.0273 0.0262
13.6969 0.0271 0.0260
13.7148 0.0269 0.0258
13.7327 0.0267 0.0257
13.7506 0.0265 0.0255
13.7685 0.0263 0.0254
13.7863 0.0261 0.0253
13.8042 0.0259 0.0252
13.8221 0.0258 0.0251
13.8400 0.0256 0.0250
13.8579 0.0255 0.0250
13.8757 0.0254 0.0249
13.8936 0.0252 0.0249
13.9115 0.0251 0.0248
13.9294 0.0250 0.0248
13.9473 0.0249 0.0248
13.9652 0.0247 0.0247
13.9830 0.0246 0.0247
14.0009 0.0245 0.0247
14.0188 0.0243 0.0246
14.0367 0.0242 0.0246
14.0546 0.0241 0.0246
14.0724 0.0239 0.0246
14.0903 0.0238 0.0245
14.1082 0.0236 0.0245
14.1261 0.0235 0.0245
14.1440 0.0234 0.0244
14.1618 0.0232 0.0244
14.1797 0.0231 0.0243
14.1976 0.0229 0.0243
14.2155 0.0228 0.0242
14.2334 0.0226 0.0242
14.2513 0.0224 0.0241
14.2691 0.0223 0.0240
14.2870 0.0221 0.0239
14.3049 0.0220 0.0238
14.3228 0.0218 0.0237
14.3407 0.0217 0.0236
14.3585 0.0216 0.0234
14.3764 0.0214 0.0233
14.3943 0.0213 0.0231
14.4122 0.0211 0.0230
14.4301 0.0210 0.0228
14.4479 0.0209 0.0226
14.4658 0.0207 0.0225
14.4837 0.0206 0.0223
14.5016 0.0205 0.0221
14.5195 0.0203 0.0219
14.5374 0.0202 0.0218
14.5552 0.0201 0.0216
14.5731 0.0200 0.0214
14.5910 0.0199 0.0213
14.6089 0.0198 0.0212
14.6268 0.0198 0.0210
14.6446 0.0197 0.0209
14.6625 0.0196 0.0208
14.6804 0.0196 0.0207
14.6983 0.0195 0.0206
14.7162 0.0195 0.0205
14.7340 0.0194 0.0205
14.7519 0.0194 0.0204
14.7698 0.0194 0.0203
14.7877 0.0193 0.0203
14.8056 0.0193 0.0202
14.8234 0.0193 0.0202
14.8413 0.0193 0.0201
14.8592 0.0192 0.0201
14.8771 0.0192 0.0200
14.8950 0.0192 0.0200
14.9129 0.0191 0.0199
14.9307 0.0191 0.0199
14.9486 0.0190 0.0198
14.9665 0.0190 0.0198
14.9844 0.0189 0.0197
15.0023 0.0189 0.0196
15.0201 0.0188 0.0195
15.0380 0.0187 0.0194
15.0559 0.0186 0.0193
15.0738 0.0185 0.0192
15.0917 0.0184 0.0191
15.1095 0.0183 0.0190
15.1274 0.0182 0.0189
15.1453 0.0181 0.0188
15.1632 0.0179 0.0186
15.1811 0.0178 0.0185
15.1990 0.0177 0.0184
15.2168 0.0176 0.0183
15.2347 0.0174 0.0181
15.2526 0.0173 0.0180
15.2705 0.0171 0.0179
15.2884 0.0170 0.0178
15.3062 0.0169 0.0176
15.3241 0.0167 0.0175
15.3420 0.0166 0.0174
15.3599 0.0165 0.0173
15.3778 0.0164 0.0171
15.3956 0.0162 0.0170
15.4135 0.0161 0.0169
15.4314 0.0160 0.0167
15.4493 0.0159 0.0166
15.4672 0.0158 0.0164
15.4850 0.0157 0.0163
15.5029 0.0156 0.0162
15.5208 0.0154 0.0160
15.5387 0.0153 0.0159
15.5566 0.0152 0.0158
15.5745 0.0151 0.0156
15.5923 0.0150 0.0155
15.6102 0.0149 0.0153
15.6281 0.0148 0.0152
15.6460 0.0147 0.0151
15.6639 0.0146 0.0149
15.6817 0.0145 0.0148
15.6996 0.0144 0.0147
15.7175 0.0143 0.0146
15.7354 0.0142 0.0144
15.7533 0.0141 0.0143
15.7711 0.0140 0.0142
15.7890 0.0139 0.0140
15.8069 0.0138 0.0139
15.8248 0.0137 0.0138
15.8427 0.0136 0.0136
15.8606 0.0135 0.0135
15.8784 0.0134 0.0134
15.8963 0.0133 0.0132
15.9142 0.0133 0.0131
15.9321 0.0132 0.0130
15.9500 0.0131 0.0128
15.9678 0.0130 0.0127
15.9857 0.0129 0.0125
16.0036 0.0128 0.0124
16.0215 0.0127 0.0122
16.0394 0.0126 0.0121
16.0572 0.0125 0.0119
16.0751 0.0124 0.0118
16.0930 0.0123 0.0116
16.1109 0.0121 0.0115
16.1288 0.0120 0.0113
16.1467 0.0119 0.0111
16.1645 0.0118 0.0110
16.1824 0.0117 0.0108
16.2003 0.0115 0.0107
16.2182 0.0114 0.0105
16.2361 0.0113 0.0104
16.2539 0.0111 0.0102
16.2718 0.0110 0.0101
16.2897 0.0109 0.0099
16.3076 0.0108 0.0098
16.3255 0.0106 0.0097
16.3433 0.0105 0.0095
16.3612 0.0104 0.0094
16.3791 0.0103 0.0093
16.3970 0.0101 0.0092
16.4149 0.0100 0.0091
16.4327 0.0099 0.0090
16.4506 0.0098 0.0089
16.4685 0.0096 0.0088
16.4864 0.0095 0.0087
16.5043 0.0094 0.0086
16.5222 0.0093 0.0085
16.5400 0.0092 0.0084
16.5579 0.0091 0.0083
16.5758 0.0090 0.0082
16.5937 0.0089 0.0081
16.6116 0.0088 0.0081
16.6294 0.0087 0.0080
16.6473 0.0086 0.0079
16.6652 0.0084 0.0078
16.6831 0.0083 0.0078
16.7010 0.0082 0.0077
16.7188 0.0081 0.0076
16.7367 0.0080 0.0076
16.7546 0.0079 0.0075
16.7725 0.0078 0.0074
16.7904 0.0077 0.0074
16.8083 0.0076 0.0073
16.8261 0.0074 0.0072
16.8440 0.0073 0.0072
16.8619 0.0072 0.0071
16.8798 0.0071 0.0070
16.8977 0.0070 0.0070
16.9155 0.0069 0.0069
16.9334 0.0068 0.0069
16.9513 0.0067 0.0068
16.9692 0.0066 0.0067
16.9871 0.0065 0.0067
17.0049 0.0064 0.0066
17.0228 0.0063 0.0065
17.0407 0.0062 0.0065
17.0586 0.0061 0.0064
17.0765 0.0060 0.0064
17.0944 0.0059 0.0063
17.1122 0.0058 0.0063
17.1301 0.0057 0.0062
17.1480 0.0056 0.0061
17.1659 0.0056 0.0061
17.1838 0.0055 0.0060
17.2016 0.0054 0.0060
17.2195 0.0053 0.0059
17.2374 0.0053 0.0058
17.2553 0.0052 0.0058
17.2732 0.0051 0.0057
17.2910 0.0051 0.0057
17.3089 0.0050 0.0056
17.3268 0.0049 0.0055
17.3447 0.0049 0.0055
17.3626 0.0048 0.0054
17.3804 0.0048 0.0053
17.3983 0.0047 0.0053
17.4162 0.0047 0.0052
17.4341 0.0046 0.0051
17.4520 0.0046 0.0051
17.4699 0.0046 0.0050
17.4877 0.0045 0.0050
17.5056 0.0045 0.0049
17.5235 0.0044 0.0049
17.5414 0.0044 0.0048
17.5593 0.0044 0.0048
17.5771 0.0044 0.0047
17.5950 0.0043 0.0047
17.6129 0.0043 0.0046
17.6308 0.0043 0.0046
17.6487 0.0043 0.0045
17.6665 0.0042 0.0045
17.6844 0.0042 0.0045
17.7023 0.0042 0.0044
17.7202 0.0042 0.0044
17.7381 0.0041 0.0044
17.7560 0.0041 0.0043
17.7738 0.0041 0.0043
17.7917 0.0041 0.0043
17.8096 0.0040 0.0042
17.8275 0.0040 0.0042
17.8454 0.0040 0.0042
17.8632 0.0040 0.0041
17.8811 0.0039 0.0041
17.8990 0.0039 0.0041
17.9169 0.0039 0.0040
17.9348 0.0038 0.0040
17.9526 0.0038 0.0040
17.9705 0.0038 0.0040
17.9884 0.0037 0.0039
18.0063 0.0037 0.0039
18.0242 0.0037 0.0039
18.0420 0.0036 0.0038
18.0599 0.0036 0.0038
18.0778 0.0036 0.0038
18.0957 0.0035 0.0037
18.1136 0.0035 0.0037
18.1315 0.0035 0.0037
18.1493 0.0034 0.0036
18.1672 0.0034 0.0036
18.1851 0.0034 0.0036
18.2030 0.0033 0.0035
18.2209 0.0033 0.0035
18.2387 0.0033 0.0034
18.2566 0.0032 0.0034
18.2745 0.0032 0.0034
18.2924 0.0032 0.0033
18.3103 0.0031 0.0033
18.3281 0.0031 0.0033
18.3460 0.0031 0.0032
18.3639 0.0030 0.0032
18.3818 0.0030 0.0032
18.3997 0.0030 0.0031
18.4176 0.0030 0.0031
18.4354 0.0029 0.0031
18.4533 0.0029 0.0030
18.4712 0.0029 0.0030
18.4891 0.0029 0.0030
18.5070 0.0028 0.0030
18.5248 0.0028 0.0029
18.5427 0.0028 0.0029
18.5606 0.0028 0.0029
18.5785 0.0027 0.0029
18.5964 0.0027 0.0028
18.6142 0.0027 0.0028
18.6321 0.0027 0.0028
18.6500 0.0027 0.0028
18.6679 0.0026 0.0028
18.6858 0.0026 0.0028
18.7037 0.0026 0.0027
18.7215 0.0026 0.0027
18.7394 0.0026 0.0027
18.7573 0.0025 0.0027
18.7752 0.0025 0.0027
18.7931 0.0025 0.0026
18.8109 0.0025 0.0026
18.8288 0.0025 0.0026
18.8467 0.0025 0.0026
18.8646 0.0024 0.0026
18.8825 0.0024 0.0025
18.9003 0.0024 0.0025
18.9182 0.0024 0.0025
18.9361 0.0024 0.0025
18.9540 0.0023 0.0025
18.9719 0.0023 0.0024
18.9897 0.0023 0.0024
19.0076 0.0023 0.0024
19.0255 0.0023 0.0024
19.0434 0.0023 0.0023
19.0613 0.0023 0.0023
19.0792 0.0022 0.0023
19.0970 0.0022 0.0023
19.1149 0.0022 0.0022
19.1328 0.0022 0.0022
19.1507 0.0022 0.0022
19.1686 0.0022 0.0022
19.1864 0.0022 0.0022
19.2043 0.0022 0.0021
19.2222 0.0021 0.0021
19.2401 0.0021 0.0021
19.2580 0.0021 0.0021
19.2758 0.0021 0.0021
19.2937 0.0021 0.0020
19.3116 0.0021 0.0020
19.3295 0.0021 0.0020
19.3474 0.0021 0.0020
19.3653 0.0020 0.0020
19.3831 0.0020 0.0020
19.4010 0.0020 0.0019
19.4189 0.0020 0.0019
19.4368 0.0020 0.0019
19.4547 0.0020 0.0019
19.4725 0.0019 0.0019
19.4904 0.0019 0.0019
19.5083 0.0019 0.0019
19.5262 0.0019 0.0019
19.5441 0.0019 0.0018
19.5619 0.0019 0.0018
19.5798 0.0019 0.0018
19.5977 0.0018 0.0018
19.6156 0.0018 0.0018
19.6335 0.0018 0.0018
19.6514 0.0018 0.0018
19.6692 0.0018 0.0018
19.6871 0.0018 0.0018
19.7050 0.0018 0.0018
19.7229 0.0018 0.0017
19.7408 0.0017 0.0017
19.7586 0.0017 0.0017
19.7765 0.0017 0.0017
19.7944 0.0017 0.0017
19.8123 0.0017 0.0017
19.8302 0.0017 0.0017
19.8480 0.0016 0.0017
19.8659 0.0016 0.0017
19.8838 0.0016 0.0016
19.9017 0.0016 0.0016
19.9196 0.0016 0.0016
19.9374 0.0016 0.0016
19.9553 0.0016 0.0016
19.9732 0.0015 0.0016
19.9911 0.0015 0.0016
20.0090 0.0015 0.0015
20.0269 0.0015 0.0015
20.0447 0.0015 0.0015
20.0626 0.0015 0.0015
20.0805 0.0015 0.0015
20.0984 0.0015 0.0015
20.1163 0.0015 0.0015
20.1341 0.0014 0.0015
20.1520 0.0014 0.0015
20.1699 0.0014 0.0015
20.1878 0.0014 0.0014
20.2057 0.0014 0.0014
20.2235 0.0014 0.0014
20.2414 0.0014 0.0014
20.2593 0.0014 0.0014
20.2772 0.0014 0.0014
20.2951 0.0014 0.0014
20.3130 0.0014 0.0014
20.3308 0.0014 0.0014
20.3487 0.0014 0.0014
20.3666 0.0014 0.0014
20.3845 0.0014 0.0014
20.4024 0.0014 0.0014
20.4202 0.0014 0.0014
20.4381 0.0014 0.0013
20.4560 0.0014 0.0013
20.4739 0.0014 0.0013
20.4918 0.0014 0.0013
20.5096 0.0014 0.0013
20.5275 0.0014 0.0013
20.5454 0.0014 0.0013
20.5633 0.0014 0.0013
20.5812 0.0014 0.0013
20.5990 0.0013 0.0013
20.6169 0.0013 0.0013
20.6348 0.0013 0.0013
20.6527 0.0013 0.0013
20.6706 0.0013 0.0013
20.6885 0.0013 0.0013
20.7063 0.0013 0.0013
20.7242 0.0013 0.0012
20.7421 0.0013 0.0012
20.7600 0.0013 0.0012
20.7779 0.0012 0.0012
20.7957 0.0012 0.0012
20.8136 0.0012 0.0012
20.8315 0.0012 0.0012
20.8494 0.0012 0.0012
20.8673 0.0012 0.0012
20.8851 0.0012 0.0012
20.9030 0.0012 0.0012
20.9209 0.0012 0.0012
20.9388 0.0011 0.0012
20.9567 0.0011 0.0012
20.9746 0.0011 0.0011
20.9924 0.0011 0.0011
21.0103 0.0011 0.0011
21.0282 0.0011 0.0011
21.0461 0.0011 0.0011
21.0640 0.0011 0.0011
21.0818 0.0011 0.0011
21.0997 0.0011 0.0011
21.1176 0.0011 0.0011
21.1355 0.0011 0.0011
21.1534 0.0011 0.0011
21.1712 0.0011 0.0011
21.1891 0.0011 0.0011
21.2070 0.0011 0.0011
21.2249 0.0011 0.0011
21.2428 0.0010 0.0011
21.2607 0.0010 0.0011
21.2785 0.0010 0.0011
21.2964 0.0010 0.0011
21.3143 0.0010 0.0011
21.3322 0.0010 0.0010
21.3501 0.0010 0.0010
21.3679 0.0010 0.0010
21.3858 0.0010 0.0010
21.4037 0.0010 0.0010
21.4216 0.0010 0.0010
21.4395 0.0010 0.0010
21.4573 0.0010 0.0010
21.4752 0.0010 0.0010
21.4931 0.0010 0.0010
21.5110 0.0010 0.0010
21.5289 0.0010 0.0010
21.5467 0.0010 0.0010
21.5646 0.0010 0.0010
21.5825 0.0010 0.0010
21.6004 0.0010 0.0010
21.6183 0.0010 0.0010
21.6362 0.0010 0.0010
21.6540 0.0010 0.0010
21.6719 0.0010 0.0010
21.6898 0.0010 0.0010
21.7077 0.0010 0.0009
21.7256 0.0010 0.0009
21.7434 0.0010 0.0009
21.7613 0.0010 0.0009
21.7792 0.0010 0.0009
21.7971 0.0010 0.0009
21.8150 0.0010 0.0009
21.8328 0.0010 0.0009
21.8507 0.0010 0.0009
21.8686 0.0009 0.0009
21.8865 0.0009 0.0009
21.9044 0.0009 0.0009
21.9223 0.0009 0.0009
21.9401 0.0009 0.0009
21.9580 0.0009 0.0009
21.9759 0.0009 0.0009
21.9938 0.0009 0.0009
22.0117 0.0009 0.0009
22.0295 0.0009 0.0009
22.0474 0.0009 0.0009
22.0653 0.0009 0.0009
22.0832 0.0009 0.0009
22.1011 0.0009 0.0009
22.1189 0.0009 0.0009
22.1368 0.0009 0.0009
22.1547 0.0009 0.0009
22.1726 0.0009 0.0009
22.1905 0.0009 0.0009
22.2084 0.0009 0.0009
22.2262 0.0009 0.0009
22.2441 0.0009 0.0009
22.2620 0.0009 0.0009
22.2799 0.0009 0.0009
22.2978 0.0009 0.0009
22.3156 0.0009 0.0008
22.3335 0.0009 0.0008
22.3514 0.0009 0.0008
22.3693 0.0009 0.0008
22.3872 0.0009 0.0008
22.4050 0.0009 0.0008
22.4229 0.0009 0.0008
22.4408 0.0009 0.0008
22.4587 0.0009 0.0008
22.4766 0.0009 0.0008
22.4944 0.0009 0.0008
22.5123 0.0009 0.0008
22.5302 0.0009 0.0008
22.5481 0.0009 0.0008
22.5660 0.0009 0.0008
22.5839 0.0008 0.0008
22.6017 0.0008 0.0008
22.6196 0.0008 0.0008
22.6375 0.0008 0.0008
22.6554 0.0008 0.0008
22.6733 0.0008 0.0008
22.6911 0.0008 0.0008
22.7090 0.0008 0.0008
22.7269 0.0008 0.0008
22.7448 0.0008 0.0008
22.7627 0.0008 0.0008
22.7805 0.0008 0.0008
22.7984 0.0008 0.0008
22.8163 0.0008 0.0008
22.8342 0.0008 0.0008
22.8521 0.0008 0.0008
22.8700 0.0009 0.0008
22.8878 0.0009 0.0008
22.9057 0.0009 0.0008
22.9236 0.0009 0.0008
22.9415 0.0009 0.0008
22.9594 0.0009 0.0008
22.9772 0.0009 0.0008
22.9951 0.0009 0.0008
23.0130 0.0009 0.0008
23.0309 0.0009 0.0008
23.0488 0.0009 0.0008
23.0666 0.0009 0.0008
23.0845 0.0009 0.0008
23.1024 0.0009 0.0008
23.1203 0.0009 0.0008
23.1382 0.0009 0.0008
23.1560 0.0009 0.0008
23.1739 0.0009 0.0008
23.1918 0.0009 0.0008
23.2097 0.0009 0.0008
23.2276 0.0009 0.0008
23.2455 0.0009 0.0008
23.2633 0.0009 0.0008
23.2812 0.0009 0.0008
23.2991 0.0009 0.0008
23.3170 0.0009 0.0008
23.3349 0.0009 0.0008
23.3527 0.0009 0.0008
23.3706 0.0009 0.0008
23.3885 0.0009 0.0008
23.4064 0.0009 0.0008
23.4243 0.0009 0.0008
23.4421 0.0009 0.0008
23.4600 0.0009 0.0008
23.4779 0.0009 0.0008
23.4958 0.0009 0.0008
23.5137 0.0009 0.0008
23.5316 0.0009 0.0008
23.5494 0.0009 0.0008
23.5673 0.0009 0.0008
23.5852 0.0009 0.0008
23.6031 0.0009 0.0008
23.6210 0.0009 0.0008
23.6388 0.0009 0.0008
23.6567 0.0009 0.0009
23.6746 0.0009 0.0009
23.6925 0.0009 0.0009
23.7104 0.0009 0.0009
23.7282 0.0009 0.0009
23.7461 0.0009 0.0009
23.7640 0.0009 0.0009
23.7819 0.0009 0.0009
23.7998 0.0009 0.0009
23.8177 0.0009 0.0009
23.8355 0.0009 0.0009
23.8534 0.0009 0.0009
23.8713 0.0009 0.0009
23.8892 0.0009 0.0009
23.9071 0.0008 0.0009
23.9249 0.0008 0.0009
23.9428 0.0008 0.0009
23.9607 0.0008 0.0009
23.9786 0.0008 0.0009
23.9965 0.0008 0.0009
24.0143 0.0008 0.0009
24.0322 0.0008 0.0009
24.0501 0.0008 0.0009
24.0680 0.0008 0.0009
24.0859 0.0008 0.0009
24.1037 0.0008 0.0009
24.1216 0.0008 0.0009
24.1395 0.0008 0.0009
24.1574 0.0008 0.0009
24.1753 0.0008 0.0009
24.1932 0.0008 0.0009
24.2110 0.0008 0.0009
24.2289 0.0008 0.0009
24.2468 0.0008 0.0009
24.2647 0.0008 0.0008
24.2826 0.0008 0.0008
24.3004 0.0008 0.0008
24.3183 0.0007 0.0008
24.3362 0.0007 0.0008
24.3541 0.0007 0.0008
24.3720 0.0007 0.0008
24.3898 0.0007 0.0008
24.4077 0.0007 0.0008
24.4256 0.0007 0.0008
24.4435 0.0007 0.0008
24.4614 0.0007 0.0008
24.4793 0.0007 0.0007
24.4971 0.0007 0.0007
24.5150 0.0007 0.0007
24.5329 0.0007 0.0007
24.5508 0.0007 0.0007
24.5687 0.0007 0.0007
24.5865 0.0007 0.0007
24.6044 0.0007 0.0007
24.6223 0.0007 0.0007
24.6402 0.0007 0.0007
24.6581 0.0007 0.0007
24.6759 0.0007 0.0007
24.6938 0.0007 0.0007
24.7117 0.0006 0.0006
24.7296 0.0006 0.0006
24.7475 0.0006 0.0006
24.7654 0.0006 0.0006
24.7832 0.0006 0.0006
24.8011 0.0006 0.0006
24.8190 0.0006 0.0006
24.8369 0.0006 0.0006
24.8548 0.0006 0.0006
24.8726 0.0006 0.0006
24.8905 0.0006 0.0006
24.9084 0.0006 0.0006
24.9263 0.0006 0.0006
24.9442 0.0006 0.0006
24.9620 0.0006 0.0006
24.9799 0.0006 0.0006
24.9978 0.0006 0.0006
25.0157 0.0006 0.0006
25.0336 0.0006 0.0006
25.0514 0.0006 0.0006
25.0693 0.0006 0.0005
25.0872 0.0006 0.0005
25.1051 0.0005 0.0005
25.1230 0.0005 0.0005
25.1409 0.0005 0.0005
25.1587 0.0005 0.0005
25.1766 0.0005 0.0005
25.1945 0.0005 0.0005
25.2124 0.0005 0.0005
25.2303 0.0005 0.0005
25.2481 0.0005 0.0005
25.2660 0.0005 0.0005
25.2839 0.0005 0.0005
25.3018 0.0005 0.0005
25.3197 0.0005 0.0005
25.3375 0.0005 0.0005
25.3554 0.0005 0.0005
25.3733 0.0005 0.0005
25.3912 0.0005 0.0005
25.4091 0.0005 0.0005
25.4270 0.0005 0.0005
25.4448 0.0005 0.0005
25.4627 0.0005 0.0005
25.4806 0.0005 0.0005
25.4985 0.0005 0.0005
25.5164 0.0005 0.0005
25.5342 0.0005 0.0005
25.5521 0.0005 0.0005
25.5700 0.0005 0.0005
25.5879 0.0004 0.0005
25.6058 0.0004 0.0005
25.6236 0.0004 0.0005
25.6415 0.0004 0.0005
25.6594 0.0004 0.0005
25.6773 0.0004 0.0005
25.6952 0.0004 0.0005
25.7131 0.0004 0.0005
25.7309 0.0004 0.0004
25.7488 0.0004 0.0004
25.7667 0.0004 0.0004
25.7846 0.0004 0.0004
25.8025 0.0004 0.0004
25.8203 0.0004 0.0004
25.8382 0.0004 0.0004
25.8561 0.0004 0.0004
25.8740 0.0004 0.0004
25.8919 0.0004 0.0004
25.9097 0.0004 0.0004
25.9276 0.0004 0.0004
25.9455 0.0004 0.0004
25.9634 0.0004 0.0004
25.9813 0.0004 0.0004
25.9991 0.0004 0.0004
26.0170 0.0004 0.0004
26.0349 0.0004 0.0004
26.0528 0.0004 0.0004
26.0707 0.0004 0.0004
26.0886 0.0004 0.0004
26.1064 0.0004 0.0004
26.1243 0.0004 0.0004
26.1422 0.0004 0.0004
26.1601 0.0004 0.0004
26.1780 0.0004 0.0004
26.1958 0.0004 0.0004
26.2137 0.0004 0.0004
26.2316 0.0004 0.0004
26.2495 0.0004 0.0004
26.2674 0.0004 0.0004
26.2852 0.0004 0.0004
26.3031 0.0004 0.0004
26.3210 0.0004 0.0004
26.3389 0.0004 0.0004
26.3568 0.0003 0.0004
26.3747 0.0003 0.0003
26.3925 0.0003 0.0003
26.4104 0.0003 0.0003
26.4283 0.0003 0.0003
26.4462 0.0003 0.0003
26.4641 0.0003 0.0003
26.4819 0.0003 0.0003
26.4998 0.0003 0.0003
26.5177 0.0003 0.0003
26.5356 0.0003 0.0003
26.5535 0.0003 0.0003
26.5713 0.0003 0.0003
26.5892 0.0003 0.0003
26.6071 0.0003 0.0003
26.6250 0.0003 0.0003
26.6429 0.0003 0.0003
26.6607 0.0003 0.0003
26.6786 0.0003 0.0003
26.6965 0.0003 0.0003
26.7144 0.0003 0.0003
26.7323 0.0003 0.0003
26.7502 0.0003 0.0003
26.7680 0.0003 0.0003
26.7859 0.0003 0.0003
26.8038 0.0003 0.0003
26.8217 0.0003 0.0003
26.8396 0.0003 0.0003
26.8574 0.0003 0.0003
26.8753 0.0003 0.0003
26.8932 0.0003 0.0003
26.9111 0.0003 0.0003
26.9290 0.0003 0.0003
26.9468 0.0003 0.0003
26.9647 0.0003 0.0003
26.9826 0.0003 0.0003
27.0005 0.0003 0.0003
27.0184 0.0003 0.0003
27.0363 0.0003 0.0003
27.0541 0.0003 0.0003
27.0720 0.0003 0.0003
27.0899 0.0003 0.0003
27.1078 0.0003 0.0003
27.1257 0.0003 0.0003
27.1435 0.0003 0.0003
27.1614 0.0003 0.0003
27.1793 0.0003 0.0003
27.1972 0.0003 0.0003
27.2151 0.0003 0.0003
27.2329 0.0003 0.0003
27.2508 0.0003 0.0003
27.2687 0.0003 0.0003
27.2866 0.0003 0.0003
27.3045 0.0003 0.0003
27.3224 0.0003 0.0003
27.3402 0.0003 0.0003
27.3581 0.0003 0.0003
27.3760 0.0003 0.0003
27.3939 0.0003 0.0003
27.4118 0.0003 0.0003
27.4296 0.0003 0.0003
27.4475 0.0003 0.0003
27.4654 0.0003 0.0003
27.4833 0.0003 0.0003
27.5012 0.0003 0.0003
27.5190 0.0003 0.0003
27.5369 0.0003 0.0003
27.5548 0.0003 0.0003
27.5727 0.0003 0.0003
27.5906 0.0003 0.0003
27.6084 0.0003 0.0003
27.6263 0.0003 0.0003
27.6442 0.0002 0.0003
27.6621 0.0002 0.0003
27.6800 0.0002 0.0003
27.6979 0.0002 0.0003
27.7157 0.0002 0.0003
27.7336 0.0002 0.0003
27.7515 0.0002 0.0003
27.7694 0.0002 0.0003
27.7873 0.0002 0.0003
27.8051 0.0002 0.0003
27.8230 0.0002 0.0003
27.8409 0.0002 0.0003
27.8588 0.0002 0.0003
27.8767 0.0002 0.0002
27.8945 0.0002 0.0002
27.9124 0.0002 0.0002
27.9303 0.0002 0.0002
27.9482 0.0002 0.0002
27.9661 0.0002 0.0002
27.9840 0.0002 0.0002
28.0018 0.0002 0.0002
28.0197 0.0002 0.0002
28.0376 0.0002 0.0002
28.0555 0.0002 0.0002
28.0734 0.0002 0.0002
28.0912 0.0002 0.0002
28.1091 0.0002 0.0002
28.1270 0.0002 0.0002
28.1449 0.0002 0.0002
28.1628 0.0002 0.0002
28.1806 0.0002 0.0002
28.1985 0.0002 0.0002
28.2164 0.0002 0.0002
28.2343 0.0002 0.0002
28.2522 0.0002 0.0002
28.2701 0.0002 0.0002
28.2879 0.0002 0.0002
28.3058 0.0002 0.0002
28.3237 0.0002 0.0002
28.3416 0.0002 0.0002
28.3595 0.0002 0.0002
28.3773 0.0002 0.0002
28.3952 0.0002 0.0002
28.4131 0.0002 0.0002
28.4310 0.0002 0.0002
28.4489 0.0002 0.0002
28.4667 0.0002 0.0002
28.4846 0.0002 0.0002
28.5025 0.0002 0.0002
28.5204 0.0002 0.0002
28.5383 0.0002 0.0002
28.5561 0.0002 0.0002
28.5740 0.0002 0.0002
28.5919 0.0002 0.0002
28.6098 0.0002 0.0002
28.6277 0.0002 0.0002
28.6456 0.0002 0.0002
28.6634 0.0002 0.0002
28.6813 0.0002 0.0002
28.6992 0.0002 0.0002
28.7171 0.0002 0.0002
28.7350 0.0002 0.0002
28.7528 0.0002 0.0002
28.7707 0.0002 0.0002
28.7886 0.0002 0.0002
28.8065 0.0002 0.0002
28.8244 0.0002 0.0002
28.8422 0.0002 0.0002
28.8601 0.0002 0.0002
28.8780 0.0002 0.0002
28.8959 0.0002 0.0002
28.9138 0.0002 0.0002
28.9317 0.0002 0.0002
28.9495 0.0002 0.0002
28.9674 0.0002 0.0002
28.9853 0.0002 0.0002
29.0032 0.0002 0.0002
29.0211 0.0002 0.0002
29.0389 0.0002 0.0002
29.0568 0.0002 0.0002
29.0747 0.0002 0.0002
29.0926 0.0002 0.0002
29.1105 0.0002 0.0002
29.1283 0.0002 0.0002
29.1462 0.0002 0.0002
29.1641 0.0002 0.0002
29.1820 0.0002 0.0002
29.1999 0.0002 0.0002
29.2177 0.0002 0.0002
29.2356 0.0002 0.0002
29.2535 0.0002 0.0002
29.2714 0.0002 0.0002
29.2893 0.0002 0.0002
29.3072 0.0002 0.0002
29.3250 0.0002 0.0002
29.3429 0.0002 0.0002
29.3608 0.0002 0.0002
29.3787 0.0002 0.0002
29.3966 0.0002 0.0002
29.4144 0.0002 0.0002
29.4323 0.0002 0.0002
29.4502 0.0002 0.0002
29.4681 0.0002 0.0002
29.4860 0.0002 0.0002
29.5038 0.0002 0.0002
29.5217 0.0002 0.0002
29.5396 0.0002 0.0002
29.5575 0.0002 0.0002
29.5754 0.0002 0.0002
29.5933 0.0002 0.0002
29.6111 0.0002 0.0002
29.6290 0.0002 0.0002
29.6469 0.0002 0.0002
29.6648 0.0002 0.0002
29.6827 0.0002 0.0002
29.7005 0.0002 0.0002
29.7184 0.0002 0.0002
29.7363 0.0002 0.0002
29.7542 0.0002 0.0002
29.7721 0.0002 0.0002
29.7899 0.0002 0.0002
29.8078 0.0002 0.0002
29.8257 0.0002 0.0002
29.8436 0.0002 0.0002
29.8615 0.0002 0.0002
29.8794 0.0002 0.0002
29.8972 0.0002 0.0002
29.9151 0.0002 0.0002
29.9330 0.0002 0.0002
29.9509 0.0002 0.0002
29.9688 0.0002 0.0002
29.9866 0.0002 0.0002
30.0045 0.0002 0.0002
30.0224 0.0002 0.0002
30.0403 0.0002 0.0002
30.0582 0.0002 0.0002
30.0760 0.0002 0.0002
30.0939 0.0002 0.0002
30.1118 0.0002 0.0002
30.1297 0.0002 0.0002
30.1476 0.0002 0.0002
30.1654 0.0002 0.0002
30.1833 0.0002 0.0002
30.2012 0.0002 0.0002
30.2191 0.0002 0.0002
30.2370 0.0002 0.0002
30.2549 0.0002 0.0002
30.2727 0.0002 0.0002
30.2906 0.0002 0.0002
30.3085 0.0002 0.0002
30.3264 0.0002 0.0002
30.3443 0.0002 0.0002
30.3621 0.0002 0.0002
30.3800 0.0002 0.0002
30.3979 0.0002 0.0002
30.4158 0.0002 0.0002
30.4337 0.0002 0.0002
30.4515 0.0002 0.0002
30.4694 0.0002 0.0002
30.4873 0.0002 0.0002
30.5052 0.0002 0.0002
30.5231 0.0002 0.0002
30.5410 0.0002 0.0002
30.5588 0.0002 0.0002
30.5767 0.0002 0.0002
30.5946 0.0002 0.0002
30.6125 0.0002 0.0002
30.6304 0.0002 0.0002
30.6482 0.0002 0.0002
30.6661 0.0002 0.0002
30.6840 0.0002 0.0002
30.7019 0.0002 0.0002
30.7198 0.0002 0.0002
30.7376 0.0002 0.0002
30.7555 0.0002 0.0002
30.7734 0.0002 0.0002
30.7913 0.0002 0.0002
30.8092 0.0002 0.0002
30.8271 0.0002 0.0002
30.8449 0.0002 0.0002
30.8628 0.0002 0.0002
30.8807 0.0002 0.0002
30.8986 0.0002 0.0002
30.9165 0.0002 0.0002
30.9343 0.0002 0.0002
30.9522 0.0002 0.0002
30.9701 0.0002 0.0002
30.9880 0.0002 0.0002
31.0059 0.0002 0.0002
31.0237 0.0002 0.0002
31.0416 0.0002 0.0002
31.0595 0.0002 0.0002
31.0774 0.0002 0.0002
31.0953 0.0002 0.0002
31.1131 0.0002 0.0002
31.1310 0.0002 0.0002
31.1489 0.0002 0.0002
31.1668 0.0002 0.0002
31.1847 0.0002 0.0002
31.2026 0.0002 0.0002
31.2204 0.0002 0.0002
31.2383 0.0002 0.0002
31.2562 0.0001 0.0002
31.2741 0.0001 0.0002
31.2920 0.0001 0.0002
31.3098 0.0001 0.0002
31.3277 0.0001 0.0002
31.3456 0.0001 0.0002
31.3635 0.0001 0.0002
31.3814 0.0001 0.0002
31.3992 0.0001 0.0002
31.4171 0.0001 0.0002
31.4350 0.0001 0.0002
31.4529 0.0001 0.0002
31.4708 0.0001 0.0002
31.4887 0.0001 0.0002
31.5065 0.0001 0.0002
31.5244 0.0001 0.0002
31.5423 0.0001 0.0002
31.5602 0.0001 0.0002
31.5781 0.0001 0.0002
31.5959 0.0001 0.0002
31.6138 0.0001 0.0002
31.6317 0.0001 0.0002
31.6496 0.0001 0.0002
31.6675 0.0001 0.0002
31.6853 0.0001 0.0002
31.7032 0.0001 0.0002
31.7211 0.0001 0.0002
31.7390 0.0001 0.0002
31.7569 0.0001 0.0002
31.7747 0.0001 0.0002
31.7926 0.0001 0.0002
31.8105 0.0001 0.0002
31.8284 0.0001 0.0002
31.8463 0.0001 0.0001
31.8642 0.0001 0.0001
31.8820 0.0001 0.0001
31.8999 0.0001 0.0001
31.9178 0.0001 0.0001
31.9357 0.0001 0.0001
31.9536 0.0001 0.0001
31.9714 0.0001 0.0001
31.9893 0.0001 0.0001
32.0072 0.0001 0.0001
32.0251 0.0001 0.0001
32.0430 0.0001 0.0001
32.0608 0.0001 0.0001
32.0787 0.0001 0.0001
32.0966 0.0001 0.0001
32.1145 0.0001 0.0001
32.1324 0.0001 0.0001
32.1503 0.0001 0.0001
32.1681 0.0001 0.0001
32.1860 0.0001 0.0001
32.2039 0.0001 0.0001
32.2218 0.0001 0.0001
32.2397 0.0001 0.0001
32.2575 0.0001 0.0001
32.2754 0.0001 0.0001
32.2933 0.0001 0.0001
32.3112 0.0001 0.0001
32.3291 0.0001 0.0001
32.3469 0.0001 0.0001
32.3648 0.0001 0.0001
32.3827 0.0001 0.0001
32.4006 0.0001 0.0001
32.4185 0.0001 0.0001
32.4364 0.0001 0.0001
32.4542 0.0001 0.0001
32.4721 0.0001 0.0001
32.4900 0.0001 0.0001
32.5079 0.0001 0.0001
32.5258 0.0001 0.0001
32.5436 0.0001 0.0001
32.5615 0.0001 0.0001
32.5794 0.0001 0.0001
32.5973 0.0001 0.0001
32.6152 0.0001 0.0001
32.6330 0.0001 0.0001
32.6509 0.0001 0.0001
32.6688 0.0001 0.0001
32.6867 0.0001 0.0001
32.7046 0.0001 0.0001
32.7224 0.0001 0.0001
32.7403 0.0001 0.0001
32.7582 0.0001 0.0001
32.7761 0.0001 0.0001
32.7940 0.0001 0.0001
32.8119 0.0001 0.0001
32.8297 0.0001 0.0001
32.8476 0.0001 0.0001
32.8655 0.0001 0.0001
32.8834 0.0001 0.0001
32.9013 0.0001 0.0001
32.9191 0.0001 0.0001
32.9370 0.0001 0.0001
32.9549 0.0001 0.0001
32.9728 0.0001 0.0001
32.9907 0.0001 0.0001
33.0085 0.0001 0.0001
33.0264 0.0001 0.0001
33.0443 0.0001 0.0001
33.0622 0.0001 0.0001
33.0801 0.0001 0.0001
33.0980 0.0001 0.0001
33.1158 0.0001 0.0001
33.1337 0.0001 0.0001
33.1516 0.0001 0.0001
33.1695 0.0001 0.0001
33.1874 0.0001 0.0001
33.2052 0.0001 0.0001
33.2231 0.0001 0.0001
33.2410 0.0001 0.0001
33.2589 0.0001 0.0001
33.2768 0.0001 0.0001
33.2946 0.0001 0.0001
33.3125 0.0001 0.0001
33.3304 0.0001 0.0001
33.3483 0.0001 0.0001
33.3662 0.0001 0.0001
33.3841 0.0001 0.0001
33.4019 0.0001 0.0001
33.4198 0.0001 0.0001
33.4377 0.0001 0.0001
33.4556 0.0001 0.0001
33.4735 0.0001 0.0001
33.4913 0.0001 0.0001
33.5092 0.0001 0.0001
33.5271 0.0001 0.0001
33.5450 0.0001 0.0001
33.5629 0.0001 0.0001
33.5807 0.0001 0.0001
33.5986 0.0001 0.0001
33.6165 0.0001 0.0001
33.6344 0.0001 0.0001
33.6523 0.0001 0.0001
33.6701 0.0001 0.0001
33.6880 0.0001 0.0001
33.7059 0.0001 0.0001
33.7238 0.0001 0.0001
33.7417 0.0001 0.0001
33.7596 0.0001 0.0001
33.7774 0.0001 0.0001
33.7953 0.0001 0.0001
33.8132 0.0001 0.0001
33.8311 0.0001 0.0001
33.8490 0.0001 0.0001
33.8668 0.0001 0.0001
33.8847 0.0001 0.0001
33.9026 0.0001 0.0001
33.9205 0.0001 0.0001
33.9384 0.0001 0.0001
33.9562 0.0001 0.0001
33.9741 0.0001 0.0001
33.9920 0.0001 0.0001
34.0099 0.0001 0.0001
34.0278 0.0001 0.0001
34.0457 0.0001 0.0001
34.0635 0.0001 0.0001
34.0814 0.0001 0.0001
34.0993 0.0001 0.0001
34.1172 0.0001 0.0001
34.1351 0.0001 0.0001
34.1529 0.0001 0.0001
34.1708 0.0001 0.0001
34.1887 0.0001 0.0001
34.2066 0.0001 0.0001
34.2245 0.0001 0.0001
34.2423 0.0001 0.0001
34.2602 0.0001 0.0001
34.2781 0.0001 0.0001
34.2960 0.0001 0.0001
34.3139 0.0001 0.0001
34.3317 0.0001 0.0001
34.3496 0.0001 0.0001
34.3675 0.0001 0.0001
34.3854 0.0001 0.0001
34.4033 0.0001 0.0001
34.4212 0.0001 0.0001
34.4390 0.0001 0.0001
34.4569 0.0001 0.0001
34.4748 0.0001 0.0001
34.4927 0.0001 0.0001
34.5106 0.0001 0.0001
34.5284 0.0001 0.0001
34.5463 0.0001 0.0001
34.5642 0.0001 0.0001
34.5821 0.0001 0.0001
34.6000 0.0001 0.0001
34.6178 0.0001 0.0001
34.6357 0.0001 0.0001
34.6536 0.0001 0.0001
34.6715 0.0001 0.0001
34.6894 0.0001 0.0001
34.7073 0.0001 0.0001
34.7251 0.0001 0.0001
34.7430 0.0001 0.0001
34.7609 0.0001 0.0001
34.7788 0.0001 0.0001
34.7967 0.0001 0.0001
34.8145 0.0001 0.0001
34.8324 0.0001 0.0001
34.8503 0.0001 0.0001
34.8682 0.0001 0.0001
34.8861 0.0001 0.0001
34.9039 0.0001 0.0001
34.9218 0.0001 0.0001
34.9397 0.0001 0.0001
34.9576 0.0001 0.0001
34.9755 0.0001 0.0001
34.9934 0.0001 0.0001
35.0112 0.0001 0.0001
35.0291 0.0001 0.0001
35.0470 0.0001 0.0001
35.0649 0.0001 0.0001
35.0828 0.0001 0.0001
35.1006 0.0001 0.0001
35.1185 0.0001 0.0001
35.1364 0.0001 0.0001
35.1543 0.0001 0.0001
35.1722 0.0001 0.0001
35.1900 0.0001 0.0001
35.2079 0.0001 0.0001
35.2258 0.0001 0.0001
35.2437 0.0001 0.0001
35.2616 0.0001 0.0001
35.2794 0.0001 0.0001
35.2973 0.0001 0.0001
35.3152 0.0001 0.0001
35.3331 0.0001 0.0001
35.3510 0.0001 0.0001
35.3689 0.0001 0.0001
35.3867 0.0001 0.0001
35.4046 0.0001 0.0001
35.4225 0.0001 0.0001
35.4404 0.0001 0.0001
35.4583 0.0001 0.0001
35.4761 0.0001 0.0001
35.4940 0.0001 0.0001
35.5119 0.0001 0.0001
35.5298 0.0001 0.0001
35.5477 0.0001 0.0001
35.5655 0.0001 0.0001
35.5834 0.0001 0.0001
35.6013 0.0001 0.0001
35.6192 0.0001 0.0001
35.6371 0.0001 0.0001
35.6550 0.0001 0.0001
35.6728 0.0001 0.0001
35.6907 0.0001 0.0001
35.7086 0.0001 0.0001
35.7265 0.0001 0.0001
35.7444 0.0001 0.0001
  
  
  
  
  
dim="1">gridpoints</dimension>  
  
  
  
  
  
  
  
  
0.0000 157.1563 278.0524
0.0179 157.1563 278.0524
0.0358 78.6956 139.0452
0.0536 52.5926 92.7182
0.0715 39.5770 69.5617
0.0894 31.7943 55.6737
0.1073 26.6258 46.4205
0.1252 22.9488 39.8161
0.1430 20.2019 34.8677
0.1609 18.0727 31.0237
0.1788 16.3739 27.9530
0.1967 14.9861 25.4450
0.2146 13.8298 23.3591
0.2325 12.8500 21.5980
0.2503 12.0076 20.0918
0.2682 11.2741 18.7894
0.2861 10.6282 17.6521
0.3040 10.0541 16.6501
0.3219 9.5396 15.7602
0.3397 9.0753 14.9639
0.3576 8.6539 14.2461
0.3755 8.2698 13.5946
0.3934 7.9185 12.9994
0.4113 7.5964 12.4522
0.4291 7.3005 11.9460
0.4470 7.0285 11.4752
0.4649 6.7783 11.0348
0.4828 6.5480 10.6210
0.5007 6.3361 10.2307
0.5186 6.1409 9.8612
0.5364 5.9612 9.5105
0.5543 5.7954 9.1770
0.5722 5.6424 8.8595
0.5901 5.5009 8.5570
0.6080 5.3697 8.2690
0.6258 5.2478 7.9949
0.6437 5.1342 7.7345
0.6616 5.0282 7.4876
0.6795 4.9289 7.2540
0.6974 4.8357 7.0338
0.7152 4.7482 6.8269
0.7331 4.6659 6.6333
0.7510 4.5885 6.4530
0.7689 4.5157 6.2859
0.7868 4.4473 6.1318
0.8047 4.3831 5.9906
0.8225 4.3227 5.8619
0.8404 4.2660 5.7453
0.8583 4.2126 5.6402
0.8762 4.1621 5.5457
0.8941 4.1141 5.4611
0.9119 4.0680 5.3851
0.9298 4.0234 5.3167
0.9477 3.9798 5.2545
0.9656 3.9365 5.1970
0.9835 3.8931 5.1429
1.0013 3.8492 5.0907
1.0192 3.8044 5.0392
1.0371 3.7584 4.9870
1.0550 3.7111 4.9332
1.0729 3.6625 4.8769
1.0907 3.6126 4.8176
1.1086 3.5618 4.7550
1.1265 3.5103 4.6891
1.1444 3.4586 4.6201
1.1623 3.4072 4.5485
1.1802 3.3567 4.4750
1.1980 3.3075 4.4003
1.2159 3.2605 4.3254
1.2338 3.2159 4.2512
1.2517 3.1745 4.1786
1.2696 3.1365 4.1084
1.2874 3.1024 4.0414
1.3053 3.0723 3.9781
1.3232 3.0463 3.9190
1.3411 3.0246 3.8643
1.3590 3.0069 3.8141
1.3768 2.9931 3.7683
1.3947 2.9829 3.7267
1.4126 2.9759 3.6890
1.4305 2.9716 3.6548
1.4484 2.9696 3.6236
1.4663 2.9693 3.5950
1.4841 2.9702 3.5686
1.5020 2.9716 3.5439
1.5199 2.9730 3.5206
1.5378 2.9737 3.4984
1.5557 2.9732 3.4771
1.5735 2.9710 3.4565
1.5914 2.9665 3.4367
1.6093 2.9593 3.4175
1.6272 2.9491 3.3990
1.6451 2.9356 3.3813
1.6629 2.9185 3.3645
1.6808 2.8979 3.3487
1.6987 2.8736 3.3338
1.7166 2.8459 3.3200
1.7345 2.8151 3.3071
1.7523 2.7815 3.2951
1.7702 2.7455 3.2837
1.7881 2.7077 3.2729
1.8060 2.6687 3.2622
1.8239 2.6290 3.2513
1.8418 2.5893 3.2400
1.8596 2.5502 3.2278
1.8775 2.5121 3.2143
1.8954 2.4755 3.1991
1.9133 2.4409 3.1820
1.9312 2.4084 3.1625
1.9490 2.3783 3.1404
1.9669 2.3506 3.1154
1.9848 2.3254 3.0873
2.0027 2.3026 3.0560
2.0206 2.2821 3.0213
2.0384 2.2636 2.9832
2.0563 2.2469 2.9417
2.0742 2.2317 2.8969
2.0921 2.2178 2.8489
2.1100 2.2049 2.7979
2.1279 2.1926 2.7441
2.1457 2.1809 2.6880
2.1636 2.1693 2.6299
2.1815 2.1577 2.5702
2.1994 2.1459 2.5095
2.2173 2.1338 2.4482
2.2351 2.1212 2.3870
2.2530 2.1080 2.3264
2.2709 2.0942 2.2670
2.2888 2.0798 2.2092
2.3067 2.0648 2.1535
2.3245 2.0494 2.1003
2.3424 2.0335 2.0500
2.3603 2.0174 2.0028
2.3782 2.0012 1.9588
2.3961 1.9852 1.9182
2.4140 1.9694 1.8810
2.4318 1.9543 1.8471
2.4497 1.9399 1.8162
2.4676 1.9264 1.7884
2.4855 1.9141 1.7632
2.5034 1.9030 1.7404
2.5212 1.8933 1.7197
2.5391 1.8849 1.7009
2.5570 1.8778 1.6837
2.5749 1.8719 1.6678
2.5928 1.8670 1.6529
2.6106 1.8630 1.6390
2.6285 1.8596 1.6256
2.6464 1.8565 1.6128
2.6643 1.8534 1.6004
2.6822 1.8500 1.5883
2.7000 1.8460 1.5763
2.7179 1.8411 1.5644
2.7358 1.8350 1.5525
2.7537 1.8277 1.5405
2.7716 1.8190 1.5283
2.7895 1.8088 1.5160
2.8073 1.7971 1.5033
2.8252 1.7840 1.4903
2.8431 1.7696 1.4769
2.8610 1.7541 1.4631
2.8789 1.7377 1.4490
2.8967 1.7206 1.4344
2.9146 1.7032 1.4196
2.9325 1.6857 1.4045
2.9504 1.6683 1.3892
2.9683 1.6513 1.3738
2.9861 1.6349 1.3585
3.0040 1.6193 1.3433
3.0219 1.6045 1.3284
3.0398 1.5907 1.3139
3.0577 1.5779 1.2998
3.0756 1.5660 1.2863
3.0934 1.5551 1.2734
3.1113 1.5449 1.2613
3.1292 1.5355 1.2499
3.1471 1.5266 1.2393
3.1650 1.5181 1.2296
3.1828 1.5100 1.2207
3.2007 1.5020 1.2128
3.2186 1.4941 1.2058
3.2365 1.4862 1.1997
3.2544 1.4783 1.1945
3.2722 1.4703 1.1903
3.2901 1.4621 1.1871
3.3080 1.4539 1.1848
3.3259 1.4455 1.1833
3.3438 1.4371 1.1828
3.3617 1.4285 1.1831
3.3795 1.4200 1.1842
3.3974 1.4113 1.1860
3.4153 1.4025 1.1885
3.4332 1.3937 1.1915
3.4511 1.3846 1.1950
3.4689 1.3754 1.1988
3.4868 1.3659 1.2028
3.5047 1.3561 1.2070
3.5226 1.3460 1.2111
3.5405 1.3354 1.2150
3.5583 1.3245 1.2186
3.5762 1.3131 1.2217
3.5941 1.3013 1.2243
3.6120 1.2892 1.2262
3.6299 1.2766 1.2272
3.6477 1.2636 1.2273
3.6656 1.2503 1.2263
3.6835 1.2368 1.2241
3.7014 1.2230 1.2207
3.7193 1.2090 1.2160
3.7372 1.1948 1.2100
3.7550 1.1806 1.2026
3.7729 1.1662 1.1939
3.7908 1.1519 1.1839
3.8087 1.1376 1.1727
3.8266 1.1235 1.1603
3.8444 1.1094 1.1468
3.8623 1.0956 1.1324
3.8802 1.0820 1.1172
3.8981 1.0688 1.1014
3.9160 1.0560 1.0850
3.9338 1.0435 1.0682
3.9517 1.0316 1.0511
3.9696 1.0201 1.0340
3.9875 1.0091 1.0168
4.0054 0.9986 0.9997
4.0233 0.9885 0.9828
4.0411 0.9788 0.9661
4.0590 0.9695 0.9496
4.0769 0.9605 0.9335
4.0948 0.9517 0.9177
4.1127 0.9430 0.9022
4.1305 0.9344 0.8871
4.1484 0.9256 0.8723
4.1663 0.9168 0.8577
4.1842 0.9078 0.8433
4.2021 0.8985 0.8292
4.2199 0.8890 0.8153
4.2378 0.8792 0.8015
4.2557 0.8691 0.7879
4.2736 0.8588 0.7744
4.2915 0.8483 0.7611
4.3093 0.8377 0.7479
4.3272 0.8270 0.7350
4.3451 0.8163 0.7222
4.3630 0.8058 0.7098
4.3809 0.7955 0.6977
4.3988 0.7855 0.6860
4.4166 0.7759 0.6747
4.4345 0.7669 0.6640
4.4524 0.7585 0.6540
4.4703 0.7507 0.6445
4.4882 0.7437 0.6358
4.5060 0.7374 0.6279
4.5239 0.7318 0.6208
4.5418 0.7270 0.6145
4.5597 0.7228 0.6090
4.5776 0.7194 0.6044
4.5954 0.7165 0.6006
4.6133 0.7141 0.5975
4.6312 0.7121 0.5953
4.6491 0.7104 0.5936
4.6670 0.7090 0.5926
4.6849 0.7076 0.5921
4.7027 0.7063 0.5919
4.7206 0.7048 0.5921
4.7385 0.7031 0.5924
4.7564 0.7012 0.5929
4.7743 0.6989 0.5932
4.7921 0.6962 0.5934
4.8100 0.6931 0.5933
4.8279 0.6896 0.5928
4.8458 0.6856 0.5920
4.8637 0.6811 0.5906
4.8815 0.6762 0.5888
4.8994 0.6709 0.5863
4.9173 0.6652 0.5834
4.9352 0.6591 0.5800
4.9531 0.6527 0.5760
4.9710 0.6460 0.5717
4.9888 0.6391 0.5670
5.0067 0.6320 0.5619
5.0246 0.6247 0.5567
5.0425 0.6173 0.5513
5.0604 0.6099 0.5457
5.0782 0.6024 0.5402
5.0961 0.5950 0.5346
5.1140 0.5877 0.5291
5.1319 0.5804 0.5237
5.1498 0.5734 0.5183
5.1676 0.5666 0.5131
5.1855 0.5601 0.5079
5.2034 0.5539 0.5029
5.2213 0.5482 0.4979
5.2392 0.5428 0.4930
5.2570 0.5378 0.4881
5.2749 0.5333 0.4833
5.2928 0.5293 0.4785
5.3107 0.5257 0.4738
5.3286 0.5225 0.4691
5.3465 0.5196 0.4645
5.3643 0.5171 0.4600
5.3822 0.5148 0.4556
5.4001 0.5127 0.4513
5.4180 0.5107 0.4472
5.4359 0.5087 0.4433
5.4537 0.5066 0.4396
5.4716 0.5043 0.4362
5.4895 0.5017 0.4330
5.5074 0.4989 0.4301
5.5253 0.4957 0.4274
5.5431 0.4921 0.4250
5.5610 0.4880 0.4228
5.5789 0.4835 0.4208
5.5968 0.4785 0.4190
5.6147 0.4732 0.4174
5.6326 0.4675 0.4158
5.6504 0.4614 0.4143
5.6683 0.4552 0.4129
5.6862 0.4487 0.4115
5.7041 0.4421 0.4100
5.7220 0.4355 0.4084
5.7398 0.4289 0.4068
5.7577 0.4225 0.4051
5.7756 0.4161 0.4033
5.7935 0.4100 0.4013
5.8114 0.4041 0.3993
5.8292 0.3985 0.3972
5.8471 0.3931 0.3950
5.8650 0.3880 0.3927
5.8829 0.3832 0.3904
5.9008 0.3786 0.3879
5.9187 0.3743 0.3855
5.9365 0.3702 0.3830
5.9544 0.3664 0.3804
5.9723 0.3627 0.3779
5.9902 0.3592 0.3753
6.0081 0.3560 0.3726
6.0259 0.3528 0.3699
6.0438 0.3499 0.3672
6.0617 0.3472 0.3645
6.0796 0.3446 0.3617
6.0975 0.3422 0.3588
6.1153 0.3399 0.3559
6.1332 0.3379 0.3529
6.1511 0.3360 0.3499
6.1690 0.3343 0.3469
6.1869 0.3327 0.3438
6.2047 0.3313 0.3407
6.2226 0.3299 0.3375
6.2405 0.3287 0.3343
6.2584 0.3276 0.3311
6.2763 0.3266 0.3279
6.2942 0.3256 0.3247
6.3120 0.3247 0.3215
6.3299 0.3237 0.3183
6.3478 0.3228 0.3152
6.3657 0.3218 0.3122
6.3836 0.3208 0.3092
6.4014 0.3197 0.3064
6.4193 0.3186 0.3036
6.4372 0.3174 0.3009
6.4551 0.3161 0.2984
6.4730 0.3147 0.2960
6.4908 0.3132 0.2937
6.5087 0.3116 0.2916
6.5266 0.3100 0.2896
6.5445 0.3082 0.2878
6.5624 0.3063 0.2860
6.5803 0.3043 0.2845
6.5981 0.3022 0.2830
6.6160 0.3000 0.2817
6.6339 0.2977 0.2804
6.6518 0.2953 0.2793
6.6697 0.2929 0.2782
6.6875 0.2904 0.2772
6.7054 0.2878 0.2763
6.7233 0.2852 0.2754
6.7412 0.2826 0.2745
6.7591 0.2799 0.2736
6.7769 0.2773 0.2728
6.7948 0.2747 0.2719
6.8127 0.2721 0.2709
6.8306 0.2696 0.2699
6.8485 0.2671 0.2688
6.8663 0.2648 0.2677
6.8842 0.2625 0.2665
6.9021 0.2604 0.2652
6.9200 0.2583 0.2638
6.9379 0.2564 0.2624
6.9558 0.2546 0.2609
6.9736 0.2529 0.2593
6.9915 0.2514 0.2576
7.0094 0.2499 0.2559
7.0273 0.2486 0.2542
7.0452 0.2475 0.2524
7.0630 0.2464 0.2506
7.0809 0.2454 0.2488
7.0988 0.2445 0.2469
7.1167 0.2437 0.2450
7.1346 0.2430 0.2432
7.1524 0.2424 0.2413
7.1703 0.2418 0.2394
7.1882 0.2413 0.2376
7.2061 0.2408 0.2358
7.2240 0.2404 0.2340
7.2419 0.2400 0.2322
7.2597 0.2396 0.2305
7.2776 0.2392 0.2289
7.2955 0.2388 0.2273
7.3134 0.2385 0.2258
7.3313 0.2381 0.2244
7.3491 0.2377 0.2230
7.3670 0.2373 0.2218
7.3849 0.2368 0.2206
7.4028 0.2363 0.2195
7.4207 0.2358 0.2185
7.4385 0.2352 0.2176
7.4564 0.2345 0.2168
7.4743 0.2338 0.2160
7.4922 0.2329 0.2153
7.5101 0.2321 0.2146
7.5280 0.2311 0.2140
7.5458 0.2300 0.2133
7.5637 0.2289 0.2127
7.5816 0.2276 0.2121
7.5995 0.2263 0.2115
7.6174 0.2249 0.2108
7.6352 0.2234 0.2102
7.6531 0.2218 0.2095
7.6710 0.2202 0.2087
7.6889 0.2184 0.2079
7.7068 0.2167 0.2071
7.7246 0.2148 0.2062
7.7425 0.2130 0.2053
7.7604 0.2111 0.2043
7.7783 0.2092 0.2033
7.7962 0.2073 0.2022
7.8140 0.2054 0.2011
7.8319 0.2035 0.2000
7.8498 0.2016 0.1988
7.8677 0.1998 0.1976
7.8856 0.1980 0.1963
7.9035 0.1962 0.1951
7.9213 0.1945 0.1939
7.9392 0.1928 0.1927
7.9571 0.1912 0.1915
7.9750 0.1897 0.1904
7.9929 0.1882 0.1894
8.0107 0.1867 0.1883
8.0286 0.1853 0.1874
8.0465 0.1840 0.1864
8.0644 0.1827 0.1856
8.0823 0.1815 0.1847
8.1001 0.1803 0.1839
8.1180 0.1791 0.1831
8.1359 0.1780 0.1823
8.1538 0.1770 0.1815
8.1717 0.1759 0.1807
8.1896 0.1749 0.1799
8.2074 0.1739 0.1790
8.2253 0.1729 0.1781
8.2432 0.1719 0.1771
8.2611 0.1709 0.1761
8.2790 0.1699 0.1750
8.2968 0.1689 0.1739
8.3147 0.1678 0.1727
8.3326 0.1667 0.1714
8.3505 0.1656 0.1700
8.3684 0.1644 0.1687
8.3862 0.1633 0.1672
8.4041 0.1621 0.1658
8.4220 0.1609 0.1643
8.4399 0.1597 0.1628
8.4578 0.1585 0.1612
8.4757 0.1573 0.1597
8.4935 0.1561 0.1582
8.5114 0.1549 0.1567
8.5293 0.1538 0.1552
8.5472 0.1528 0.1537
8.5651 0.1518 0.1523
8.5829 0.1509 0.1509
8.6008 0.1500 0.1496
8.6187 0.1492 0.1483
8.6366 0.1484 0.1471
8.6545 0.1478 0.1460
8.6723 0.1472 0.1450
8.6902 0.1466 0.1440
8.7081 0.1462 0.1431
8.7260 0.1457 0.1423
8.7439 0.1454 0.1416
8.7617 0.1450 0.1409
8.7796 0.1447 0.1404
8.7975 0.1444 0.1399
8.8154 0.1441 0.1395
8.8333 0.1437 0.1392
8.8512 0.1434 0.1390
8.8690 0.1430 0.1388
8.8869 0.1425 0.1386
8.9048 0.1420 0.1385
8.9227 0.1414 0.1384
8.9406 0.1408 0.1383
8.9584 0.1401 0.1382
8.9763 0.1393 0.1380
8.9942 0.1384 0.1379
9.0121 0.1375 0.1377
9.0300 0.1365 0.1375
9.0478 0.1354 0.1373
9.0657 0.1343 0.1370
9.0836 0.1332 0.1367
9.1015 0.1320 0.1363
9.1194 0.1309 0.1358
9.1373 0.1297 0.1354
9.1551 0.1286 0.1349
9.1730 0.1274 0.1343
9.1909 0.1263 0.1338
9.2088 0.1252 0.1332
9.2267 0.1242 0.1326
9.2445 0.1231 0.1320
9.2624 0.1221 0.1314
9.2803 0.1212 0.1309
9.2982 0.1203 0.1303
9.3161 0.1195 0.1298
9.3339 0.1186 0.1293
9.3518 0.1179 0.1288
9.3697 0.1171 0.1284
9.3876 0.1164 0.1280
9.4055 0.1157 0.1276
9.4234 0.1151 0.1273
9.4412 0.1145 0.1269
9.4591 0.1139 0.1266
9.4770 0.1133 0.1263
9.4949 0.1127 0.1259
9.5128 0.1122 0.1255
9.5306 0.1117 0.1251
9.5485 0.1111 0.1247
9.5664 0.1106 0.1242
9.5843 0.1101 0.1237
9.6022 0.1096 0.1231
9.6200 0.1091 0.1225
9.6379 0.1086 0.1218
9.6558 0.1081 0.1211
9.6737 0.1076 0.1204
9.6916 0.1072 0.1196
9.7094 0.1067 0.1188
9.7273 0.1062 0.1181
9.7452 0.1058 0.1173
9.7631 0.1053 0.1165
9.7810 0.1049 0.1158
9.7989 0.1045 0.1150
9.8167 0.1040 0.1143
9.8346 0.1036 0.1137
9.8525 0.1033 0.1131
9.8704 0.1029 0.1125
9.8883 0.1025 0.1120
9.9061 0.1022 0.1115
9.9240 0.1018 0.1110
9.9419 0.1015 0.1106
9.9598 0.1012 0.1103
9.9777 0.1009 0.1100
9.9955 0.1006 0.1097
10.0134 0.1003 0.1094
10.0313 0.1000 0.1092
10.0492 0.0997 0.1089
10.0671 0.0994 0.1087
10.0850 0.0991 0.1084
10.1028 0.0988 0.1082
10.1207 0.0985 0.1079
10.1386 0.0982 0.1077
10.1565 0.0979 0.1074
10.1744 0.0975 0.1070
10.1922 0.0971 0.1066
10.2101 0.0967 0.1062
10.2280 0.0962 0.1058
10.2459 0.0957 0.1053
10.2638 0.0952 0.1047
10.2816 0.0946 0.1041
10.2995 0.0940 0.1034
10.3174 0.0934 0.1027
10.3353 0.0927 0.1020
10.3532 0.0921 0.1012
10.3710 0.0914 0.1004
10.3889 0.0906 0.0995
10.4068 0.0899 0.0986
10.4247 0.0891 0.0977
10.4426 0.0884 0.0968
10.4605 0.0876 0.0959
10.4783 0.0868 0.0949
10.4962 0.0860 0.0940
10.5141 0.0853 0.0930
10.5320 0.0845 0.0920
10.5499 0.0837 0.0910
10.5677 0.0829 0.0900
10.5856 0.0822 0.0890
10.6035 0.0814 0.0880
10.6214 0.0807 0.0869
10.6393 0.0800 0.0859
10.6571 0.0793 0.0849
10.6750 0.0786 0.0838
10.6929 0.0779 0.0828
10.7108 0.0773 0.0818
10.7287 0.0767 0.0808
10.7466 0.0761 0.0798
10.7644 0.0756 0.0789
10.7823 0.0750 0.0780
10.8002 0.0746 0.0771
10.8181 0.0741 0.0762
10.8360 0.0737 0.0754
10.8538 0.0732 0.0746
10.8717 0.0728 0.0739
10.8896 0.0725 0.0732
10.9075 0.0721 0.0726
10.9254 0.0718 0.0719
10.9432 0.0714 0.0714
10.9611 0.0711 0.0708
10.9790 0.0708 0.0703
10.9969 0.0705 0.0698
11.0148 0.0702 0.0694
11.0327 0.0698 0.0689
11.0505 0.0695 0.0685
11.0684 0.0692 0.0681
11.0863 0.0689 0.0678
11.1042 0.0685 0.0674
11.1221 0.0682 0.0670
11.1399 0.0678 0.0666
11.1578 0.0674 0.0663
11.1757 0.0671 0.0659
11.1936 0.0667 0.0655
11.2115 0.0663 0.0651
11.2293 0.0659 0.0647
11.2472 0.0655 0.0644
11.2651 0.0650 0.0639
11.2830 0.0646 0.0635
11.3009 0.0641 0.0631
11.3187 0.0636 0.0627
11.3366 0.0631 0.0623
11.3545 0.0625 0.0618
11.3724 0.0620 0.0614
11.3903 0.0614 0.0610
11.4082 0.0608 0.0605
11.4260 0.0602 0.0601
11.4439 0.0596 0.0596
11.4618 0.0590 0.0591
11.4797 0.0584 0.0587
11.4976 0.0578 0.0582
11.5154 0.0572 0.0578
11.5333 0.0565 0.0573
11.5512 0.0559 0.0569
11.5691 0.0553 0.0564
11.5870 0.0547 0.0559
11.6048 0.0541 0.0555
11.6227 0.0535 0.0550
11.6406 0.0529 0.0546
11.6585 0.0523 0.0542
11.6764 0.0518 0.0537
11.6943 0.0512 0.0533
11.7121 0.0507 0.0529
11.7300 0.0501 0.0525
11.7479 0.0496 0.0521
11.7658 0.0491 0.0517
11.7837 0.0487 0.0513
11.8015 0.0482 0.0509
11.8194 0.0478 0.0505
11.8373 0.0474 0.0502
11.8552 0.0471 0.0498
11.8731 0.0468 0.0495
11.8909 0.0465 0.0492
11.9088 0.0462 0.0489
11.9267 0.0460 0.0486
11.9446 0.0458 0.0483
11.9625 0.0456 0.0480
11.9804 0.0454 0.0478
11.9982 0.0452 0.0475
12.0161 0.0451 0.0473
12.0340 0.0449 0.0470
12.0519 0.0448 0.0468
12.0698 0.0446 0.0465
12.0876 0.0445 0.0463
12.1055 0.0443 0.0460
12.1234 0.0441 0.0458
12.1413 0.0439 0.0455
12.1592 0.0437 0.0453
12.1770 0.0435 0.0450
12.1949 0.0432 0.0447
12.2128 0.0430 0.0445
12.2307 0.0427 0.0442
12.2486 0.0425 0.0439
12.2664 0.0422 0.0436
12.2843 0.0419 0.0433
12.3022 0.0417 0.0430
12.3201 0.0414 0.0427
12.3380 0.0412 0.0423
12.3559 0.0409 0.0420
12.3737 0.0407 0.0417
12.3916 0.0404 0.0414
12.4095 0.0402 0.0410
12.4274 0.0400 0.0407
12.4453 0.0398 0.0404
12.4631 0.0396 0.0400
12.4810 0.0394 0.0397
12.4989 0.0392 0.0394
12.5168 0.0391 0.0391
12.5347 0.0389 0.0388
12.5525 0.0387 0.0385
12.5704 0.0386 0.0382
12.5883 0.0384 0.0379
12.6062 0.0383 0.0376
12.6241 0.0381 0.0372
12.6420 0.0380 0.0369
12.6598 0.0378 0.0366
12.6777 0.0377 0.0364
12.6956 0.0375 0.0361
12.7135 0.0374 0.0358
12.7314 0.0372 0.0355
12.7492 0.0370 0.0352
12.7671 0.0369 0.0349
12.7850 0.0367 0.0347
12.8029 0.0365 0.0344
12.8208 0.0364 0.0342
12.8386 0.0362 0.0339
12.8565 0.0360 0.0337
12.8744 0.0358 0.0335
12.8923 0.0356 0.0332
12.9102 0.0354 0.0330
12.9280 0.0352 0.0328
12.9459 0.0349 0.0326
12.9638 0.0347 0.0324
12.9817 0.0344 0.0322
12.9996 0.0342 0.0320
13.0175 0.0339 0.0318
13.0353 0.0337 0.0315
13.0532 0.0334 0.0313
13.0711 0.0331 0.0311
13.0890 0.0328 0.0308
13.1069 0.0325 0.0306
13.1247 0.0323 0.0304
13.1426 0.0320 0.0301
13.1605 0.0317 0.0299
13.1784 0.0315 0.0296
13.1963 0.0312 0.0294
13.2141 0.0310 0.0291
13.2320 0.0307 0.0289
13.2499 0.0305 0.0287
13.2678 0.0303 0.0284
13.2857 0.0300 0.0282
13.3036 0.0298 0.0280
13.3214 0.0296 0.0278
13.3393 0.0294 0.0276
13.3572 0.0292 0.0274
13.3751 0.0290 0.0273
13.3930 0.0288 0.0271
13.4108 0.0286 0.0269
13.4287 0.0284 0.0267
13.4466 0.0282 0.0266
13.4645 0.0280 0.0264
13.4824 0.0278 0.0262
13.5002 0.0275 0.0260
13.5181 0.0273 0.0258
13.5360 0.0271 0.0256
13.5539 0.0269 0.0254
13.5718 0.0266 0.0252
13.5897 0.0264 0.0250
13.6075 0.0262 0.0248
13.6254 0.0259 0.0246
13.6433 0.0257 0.0244
13.6612 0.0255 0.0242
13.6791 0.0253 0.0241
13.6969 0.0251 0.0239
13.7148 0.0249 0.0237
13.7327 0.0247 0.0236
13.7506 0.0245 0.0235
13.7685 0.0243 0.0234
13.7863 0.0241 0.0232
13.8042 0.0240 0.0232
13.8221 0.0238 0.0231
13.8400 0.0237 0.0230
13.8579 0.0236 0.0230
13.8757 0.0234 0.0229
13.8936 0.0233 0.0229
13.9115 0.0232 0.0228
13.9294 0.0231 0.0228
13.9473 0.0230 0.0228
13.9652 0.0228 0.0228
13.9830 0.0227 0.0227
14.0009 0.0226 0.0227
14.0188 0.0225 0.0227
14.0367 0.0223 0.0227
14.0546 0.0222 0.0227
14.0724 0.0221 0.0226
14.0903 0.0219 0.0226
14.1082 0.0218 0.0226
14.1261 0.0217 0.0226
14.1440 0.0215 0.0225
14.1618 0.0214 0.0225
14.1797 0.0212 0.0225
14.1976 0.0211 0.0224
14.2155 0.0210 0.0224
14.2334 0.0208 0.0223
14.2513 0.0207 0.0223
14.2691 0.0205 0.0222
14.2870 0.0204 0.0221
14.3049 0.0202 0.0220
14.3228 0.0201 0.0219
14.3407 0.0200 0.0217
14.3585 0.0198 0.0216
14.3764 0.0197 0.0215
14.3943 0.0195 0.0213
14.4122 0.0194 0.0212
14.4301 0.0193 0.0210
14.4479 0.0191 0.0208
14.4658 0.0190 0.0207
14.4837 0.0189 0.0205
14.5016 0.0188 0.0203
14.5195 0.0187 0.0202
14.5374 0.0186 0.0200
14.5552 0.0185 0.0198
14.5731 0.0184 0.0197
14.5910 0.0183 0.0196
14.6089 0.0182 0.0194
14.6268 0.0181 0.0193
14.6446 0.0181 0.0192
14.6625 0.0180 0.0191
14.6804 0.0180 0.0190
14.6983 0.0179 0.0189
14.7162 0.0179 0.0188
14.7340 0.0179 0.0188
14.7519 0.0178 0.0187
14.7698 0.0178 0.0187
14.7877 0.0178 0.0186
14.8056 0.0178 0.0186
14.8234 0.0177 0.0185
14.8413 0.0177 0.0185
14.8592 0.0177 0.0184
14.8771 0.0177 0.0184
14.8950 0.0176 0.0184
14.9129 0.0176 0.0183
14.9307 0.0176 0.0183
14.9486 0.0175 0.0182
14.9665 0.0175 0.0181
14.9844 0.0174 0.0181
15.0023 0.0173 0.0180
15.0201 0.0173 0.0179
15.0380 0.0172 0.0178
15.0559 0.0171 0.0177
15.0738 0.0170 0.0176
15.0917 0.0169 0.0175
15.1095 0.0168 0.0174
15.1274 0.0167 0.0173
15.1453 0.0166 0.0172
15.1632 0.0165 0.0171
15.1811 0.0163 0.0170
15.1990 0.0162 0.0168
15.2168 0.0161 0.0167
15.2347 0.0160 0.0166
15.2526 0.0158 0.0165
15.2705 0.0157 0.0164
15.2884 0.0156 0.0162
15.3062 0.0154 0.0161
15.3241 0.0153 0.0160
15.3420 0.0152 0.0159
15.3599 0.0151 0.0157
15.3778 0.0149 0.0156
15.3956 0.0148 0.0155
15.4135 0.0147 0.0154
15.4314 0.0146 0.0152
15.4493 0.0145 0.0151
15.4672 0.0144 0.0150
15.4850 0.0143 0.0148
15.5029 0.0142 0.0147
15.5208 0.0141 0.0146
15.5387 0.0140 0.0144
15.5566 0.0139 0.0143
15.5745 0.0138 0.0142
15.5923 0.0137 0.0140
15.6102 0.0135 0.0139
15.6281 0.0134 0.0138
15.6460 0.0133 0.0136
15.6639 0.0132 0.0135
15.6817 0.0131 0.0134
15.6996 0.0130 0.0133
15.7175 0.0129 0.0131
15.7354 0.0128 0.0130
15.7533 0.0128 0.0129
15.7711 0.0127 0.0128
15.7890 0.0126 0.0126
15.8069 0.0125 0.0125
15.8248 0.0124 0.0124
15.8427 0.0123 0.0123
15.8606 0.0122 0.0121
15.8784 0.0121 0.0120
15.8963 0.0121 0.0119
15.9142 0.0120 0.0117
15.9321 0.0119 0.0116
15.9500 0.0118 0.0114
15.9678 0.0117 0.0113
15.9857 0.0116 0.0112
16.0036 0.0115 0.0110
16.0215 0.0114 0.0109
16.0394 0.0113 0.0107
16.0572 0.0112 0.0106
16.0751 0.0111 0.0104
16.0930 0.0110 0.0103
16.1109 0.0109 0.0101
16.1288 0.0108 0.0100
16.1467 0.0107 0.0098
16.1645 0.0105 0.0097
16.1824 0.0104 0.0095
16.2003 0.0103 0.0094
16.2182 0.0102 0.0092
16.2361 0.0101 0.0091
16.2539 0.0099 0.0089
16.2718 0.0098 0.0088
16.2897 0.0097 0.0087
16.3076 0.0096 0.0085
16.3255 0.0094 0.0084
16.3433 0.0093 0.0083
16.3612 0.0092 0.0082
16.3791 0.0091 0.0080
16.3970 0.0089 0.0079
16.4149 0.0088 0.0078
16.4327 0.0087 0.0077
16.4506 0.0086 0.0076
16.4685 0.0085 0.0075
16.4864 0.0084 0.0074
16.5043 0.0083 0.0073
16.5222 0.0081 0.0073
16.5400 0.0080 0.0072
16.5579 0.0079 0.0071
16.5758 0.0078 0.0070
16.5937 0.0077 0.0070
16.6116 0.0076 0.0069
16.6294 0.0075 0.0068
16.6473 0.0074 0.0067
16.6652 0.0073 0.0067
16.6831 0.0072 0.0066
16.7010 0.0071 0.0065
16.7188 0.0070 0.0065
16.7367 0.0069 0.0064
16.7546 0.0068 0.0064
16.7725 0.0067 0.0063
16.7904 0.0066 0.0062
16.8083 0.0065 0.0062
16.8261 0.0064 0.0061
16.8440 0.0062 0.0060
16.8619 0.0061 0.0060
16.8798 0.0060 0.0059
16.8977 0.0059 0.0059
16.9155 0.0058 0.0058
16.9334 0.0057 0.0057
16.9513 0.0056 0.0057
16.9692 0.0055 0.0056
16.9871 0.0054 0.0056
17.0049 0.0053 0.0055
17.0228 0.0052 0.0055
17.0407 0.0051 0.0054
17.0586 0.0050 0.0053
17.0765 0.0049 0.0053
17.0944 0.0049 0.0052
17.1122 0.0048 0.0052
17.1301 0.0047 0.0051
17.1480 0.0046 0.0051
17.1659 0.0045 0.0050
17.1838 0.0045 0.0050
17.2016 0.0044 0.0049
17.2195 0.0043 0.0049
17.2374 0.0043 0.0048
17.2553 0.0042 0.0047
17.2732 0.0041 0.0047
17.2910 0.0041 0.0046
17.3089 0.0040 0.0046
17.3268 0.0040 0.0045
17.3447 0.0039 0.0044
17.3626 0.0039 0.0044
17.3804 0.0038 0.0043
17.3983 0.0038 0.0042
17.4162 0.0037 0.0042
17.4341 0.0037 0.0041
17.4520 0.0036 0.0041
17.4699 0.0036 0.0040
17.4877 0.0036 0.0040
17.5056 0.0035 0.0039
17.5235 0.0035 0.0039
17.5414 0.0035 0.0038
17.5593 0.0035 0.0038
17.5771 0.0034 0.0037
17.5950 0.0034 0.0037
17.6129 0.0034 0.0037
17.6308 0.0034 0.0036
17.6487 0.0034 0.0036
17.6665 0.0033 0.0035
17.6844 0.0033 0.0035
17.7023 0.0033 0.0035
17.7202 0.0033 0.0034
17.7381 0.0033 0.0034
17.7560 0.0032 0.0034
17.7738 0.0032 0.0034
17.7917 0.0032 0.0033
17.8096 0.0032 0.0033
17.8275 0.0031 0.0033
17.8454 0.0031 0.0032
17.8632 0.0031 0.0032
17.8811 0.0031 0.0032
17.8990 0.0030 0.0032
17.9169 0.0030 0.0031
17.9348 0.0030 0.0031
17.9526 0.0029 0.0031
17.9705 0.0029 0.0030
17.9884 0.0029 0.0030
18.0063 0.0029 0.0030
18.0242 0.0028 0.0030
18.0420 0.0028 0.0029
18.0599 0.0028 0.0029
18.0778 0.0027 0.0029
18.0957 0.0027 0.0029
18.1136 0.0027 0.0028
18.1315 0.0026 0.0028
18.1493 0.0026 0.0028
18.1672 0.0026 0.0027
18.1851 0.0025 0.0027
18.2030 0.0025 0.0027
18.2209 0.0025 0.0026
18.2387 0.0025 0.0026
18.2566 0.0024 0.0025
18.2745 0.0024 0.0025
18.2924 0.0024 0.0025
18.3103 0.0023 0.0024
18.3281 0.0023 0.0024
18.3460 0.0023 0.0024
18.3639 0.0023 0.0023
18.3818 0.0022 0.0023
18.3997 0.0022 0.0023
18.4176 0.0022 0.0023
18.4354 0.0022 0.0022
18.4533 0.0021 0.0022
18.4712 0.0021 0.0022
18.4891 0.0021 0.0022
18.5070 0.0021 0.0021
18.5248 0.0020 0.0021
18.5427 0.0020 0.0021
18.5606 0.0020 0.0021
18.5785 0.0020 0.0021
18.5964 0.0020 0.0020
18.6142 0.0019 0.0020
18.6321 0.0019 0.0020
18.6500 0.0019 0.0020
18.6679 0.0019 0.0020
18.6858 0.0019 0.0020
18.7037 0.0019 0.0019
18.7215 0.0018 0.0019
18.7394 0.0018 0.0019
18.7573 0.0018 0.0019
18.7752 0.0018 0.0019
18.7931 0.0018 0.0019
18.8109 0.0018 0.0018
18.8288 0.0017 0.0018
18.8467 0.0017 0.0018
18.8646 0.0017 0.0018
18.8825 0.0017 0.0018
18.9003 0.0017 0.0018
18.9182 0.0017 0.0017
18.9361 0.0017 0.0017
18.9540 0.0016 0.0017
18.9719 0.0016 0.0017
18.9897 0.0016 0.0017
19.0076 0.0016 0.0016
19.0255 0.0016 0.0016
19.0434 0.0016 0.0016
19.0613 0.0016 0.0016
19.0792 0.0016 0.0016
19.0970 0.0015 0.0015
19.1149 0.0015 0.0015
19.1328 0.0015 0.0015
19.1507 0.0015 0.0015
19.1686 0.0015 0.0015
19.1864 0.0015 0.0014
19.2043 0.0015 0.0014
19.2222 0.0015 0.0014
19.2401 0.0015 0.0014
19.2580 0.0015 0.0014
19.2758 0.0014 0.0013
19.2937 0.0014 0.0013
19.3116 0.0014 0.0013
19.3295 0.0014 0.0013
19.3474 0.0014 0.0013
19.3653 0.0014 0.0013
19.3831 0.0014 0.0013
19.4010 0.0014 0.0012
19.4189 0.0013 0.0012
19.4368 0.0013 0.0012
19.4547 0.0013 0.0012
19.4725 0.0013 0.0012
19.4904 0.0013 0.0012
19.5083 0.0013 0.0012
19.5262 0.0013 0.0012
19.5441 0.0012 0.0012
19.5619 0.0012 0.0012
19.5798 0.0012 0.0012
19.5977 0.0012 0.0011
19.6156 0.0012 0.0011
19.6335 0.0012 0.0011
19.6514 0.0012 0.0011
19.6692 0.0012 0.0011
19.6871 0.0012 0.0011
19.7050 0.0011 0.0011
19.7229 0.0011 0.0011
19.7408 0.0011 0.0011
19.7586 0.0011 0.0011
19.7765 0.0011 0.0011
19.7944 0.0011 0.0011
19.8123 0.0011 0.0010
19.8302 0.0011 0.0010
19.8480 0.0010 0.0010
19.8659 0.0010 0.0010
19.8838 0.0010 0.0010
19.9017 0.0010 0.0010
19.9196 0.0010 0.0010
19.9374 0.0010 0.0010
19.9553 0.0010 0.0010
19.9732 0.0009 0.0009
19.9911 0.0009 0.0009
20.0090 0.0009 0.0009
20.0269 0.0009 0.0009
20.0447 0.0009 0.0009
20.0626 0.0009 0.0009
20.0805 0.0009 0.0009
20.0984 0.0009 0.0009
20.1163 0.0009 0.0009
20.1341 0.0009 0.0009
20.1520 0.0009 0.0008
20.1699 0.0009 0.0008
20.1878 0.0009 0.0008
20.2057 0.0009 0.0008
20.2235 0.0009 0.0008
20.2414 0.0009 0.0008
20.2593 0.0009 0.0008
20.2772 0.0009 0.0008
20.2951 0.0009 0.0008
20.3130 0.0009 0.0008
20.3308 0.0009 0.0008
20.3487 0.0009 0.0008
20.3666 0.0009 0.0008
20.3845 0.0009 0.0008
20.4024 0.0009 0.0008
20.4202 0.0009 0.0008
20.4381 0.0008 0.0008
20.4560 0.0008 0.0008
20.4739 0.0008 0.0008
20.4918 0.0008 0.0008
20.5096 0.0008 0.0007
20.5275 0.0008 0.0007
20.5454 0.0008 0.0007
20.5633 0.0008 0.0007
20.5812 0.0008 0.0007
20.5990 0.0008 0.0007
20.6169 0.0008 0.0007
20.6348 0.0008 0.0007
20.6527 0.0008 0.0007
20.6706 0.0008 0.0007
20.6885 0.0008 0.0007
20.7063 0.0008 0.0007
20.7242 0.0007 0.0007
20.7421 0.0007 0.0007
20.7600 0.0007 0.0007
20.7779 0.0007 0.0007
20.7957 0.0007 0.0007
20.8136 0.0007 0.0007
20.8315 0.0007 0.0007
20.8494 0.0007 0.0006
20.8673 0.0007 0.0006
20.8851 0.0007 0.0006
20.9030 0.0007 0.0006
20.9209 0.0006 0.0006
20.9388 0.0006 0.0006
20.9567 0.0006 0.0006
20.9746 0.0006 0.0006
20.9924 0.0006 0.0006
21.0103 0.0006 0.0006
21.0282 0.0006 0.0006
21.0461 0.0006 0.0006
21.0640 0.0006 0.0006
21.0818 0.0006 0.0006
21.0997 0.0006 0.0006
21.1176 0.0006 0.0006
21.1355 0.0006 0.0006
21.1534 0.0006 0.0006
21.1712 0.0006 0.0006
21.1891 0.0006 0.0006
21.2070 0.0006 0.0006
21.2249 0.0006 0.0006
21.2428 0.0006 0.0006
21.2607 0.0006 0.0006
21.2785 0.0006 0.0006
21.2964 0.0006 0.0006
21.3143 0.0006 0.0005
21.3322 0.0006 0.0005
21.3501 0.0006 0.0005
21.3679 0.0006 0.0005
21.3858 0.0006 0.0005
21.4037 0.0006 0.0005
21.4216 0.0006 0.0005
21.4395 0.0006 0.0005
21.4573 0.0006 0.0005
21.4752 0.0006 0.0005
21.4931 0.0005 0.0005
21.5110 0.0005 0.0005
21.5289 0.0005 0.0005
21.5467 0.0005 0.0005
21.5646 0.0005 0.0005
21.5825 0.0005 0.0005
21.6004 0.0005 0.0005
21.6183 0.0005 0.0005
21.6362 0.0005 0.0005
21.6540 0.0005 0.0005
21.6719 0.0005 0.0005
21.6898 0.0005 0.0005
21.7077 0.0005 0.0005
21.7256 0.0005 0.0005
21.7434 0.0005 0.0005
21.7613 0.0005 0.0005
21.7792 0.0005 0.0005
21.7971 0.0005 0.0005
21.8150 0.0005 0.0005
21.8328 0.0005 0.0005
21.8507 0.0005 0.0005
21.8686 0.0005 0.0005
21.8865 0.0005 0.0005
21.9044 0.0005 0.0004
21.9223 0.0005 0.0004
21.9401 0.0005 0.0004
21.9580 0.0005 0.0004
21.9759 0.0005 0.0004
21.9938 0.0005 0.0004
22.0117 0.0005 0.0004
22.0295 0.0005 0.0004
22.0474 0.0005 0.0004
22.0653 0.0005 0.0004
22.0832 0.0005 0.0004
22.1011 0.0005 0.0004
22.1189 0.0005 0.0004
22.1368 0.0005 0.0004
22.1547 0.0005 0.0004
22.1726 0.0005 0.0004
22.1905 0.0005 0.0004
22.2084 0.0005 0.0004
22.2262 0.0005 0.0004
22.2441 0.0005 0.0004
22.2620 0.0005 0.0004
22.2799 0.0005 0.0004
22.2978 0.0005 0.0004
22.3156 0.0005 0.0004
22.3335 0.0005 0.0004
22.3514 0.0005 0.0004
22.3693 0.0005 0.0004
22.3872 0.0005 0.0004
22.4050 0.0005 0.0004
22.4229 0.0005 0.0004
22.4408 0.0005 0.0004
22.4587 0.0005 0.0004
22.4766 0.0005 0.0004
22.4944 0.0005 0.0004
22.5123 0.0005 0.0004
22.5302 0.0005 0.0004
22.5481 0.0005 0.0004
22.5660 0.0005 0.0004
22.5839 0.0005 0.0004
22.6017 0.0005 0.0004
22.6196 0.0005 0.0004
22.6375 0.0005 0.0004
22.6554 0.0005 0.0004
22.6733 0.0005 0.0004
22.6911 0.0005 0.0004
22.7090 0.0005 0.0004
22.7269 0.0005 0.0004
22.7448 0.0005 0.0004
22.7627 0.0005 0.0004
22.7805 0.0005 0.0004
22.7984 0.0005 0.0004
22.8163 0.0005 0.0004
22.8342 0.0005 0.0004
22.8521 0.0005 0.0004
22.8700 0.0005 0.0004
22.8878 0.0005 0.0004
22.9057 0.0005 0.0004
22.9236 0.0005 0.0004
22.9415 0.0005 0.0004
22.9594 0.0005 0.0004
22.9772 0.0005 0.0004
22.9951 0.0005 0.0004
23.0130 0.0005 0.0004
23.0309 0.0005 0.0004
23.0488 0.0005 0.0004
23.0666 0.0005 0.0004
23.0845 0.0005 0.0004
23.1024 0.0005 0.0004
23.1203 0.0005 0.0004
23.1382 0.0005 0.0005
23.1560 0.0005 0.0005
23.1739 0.0005 0.0005
23.1918 0.0005 0.0005
23.2097 0.0005 0.0005
23.2276 0.0005 0.0005
23.2455 0.0005 0.0004
23.2633 0.0005 0.0004
23.2812 0.0005 0.0004
23.2991 0.0005 0.0004
23.3170 0.0005 0.0004
23.3349 0.0005 0.0005
23.3527 0.0005 0.0005
23.3706 0.0005 0.0005
23.3885 0.0005 0.0005
23.4064 0.0005 0.0005
23.4243 0.0005 0.0005
23.4421 0.0005 0.0005
23.4600 0.0005 0.0005
23.4779 0.0005 0.0005
23.4958 0.0005 0.0005
23.5137 0.0005 0.0005
23.5316 0.0005 0.0005
23.5494 0.0005 0.0005
23.5673 0.0005 0.0005
23.5852 0.0005 0.0005
23.6031 0.0005 0.0005
23.6210 0.0005 0.0005
23.6388 0.0005 0.0005
23.6567 0.0005 0.0005
23.6746 0.0005 0.0005
23.6925 0.0005 0.0005
23.7104 0.0005 0.0005
23.7282 0.0005 0.0005
23.7461 0.0005 0.0005
23.7640 0.0005 0.0005
23.7819 0.0005 0.0005
23.7998 0.0005 0.0005
23.8177 0.0005 0.0005
23.8355 0.0005 0.0005
23.8534 0.0005 0.0005
23.8713 0.0005 0.0005
23.8892 0.0005 0.0005
23.9071 0.0005 0.0005
23.9249 0.0005 0.0005
23.9428 0.0005 0.0006
23.9607 0.0005 0.0006
23.9786 0.0005 0.0006
23.9965 0.0005 0.0006
24.0143 0.0005 0.0006
24.0322 0.0005 0.0006
24.0501 0.0005 0.0006
24.0680 0.0005 0.0006
24.0859 0.0005 0.0006
24.1037 0.0005 0.0006
24.1216 0.0005 0.0006
24.1395 0.0005 0.0005
24.1574 0.0005 0.0005
24.1753 0.0005 0.0005
24.1932 0.0005 0.0005
24.2110 0.0005 0.0005
24.2289 0.0005 0.0005
24.2468 0.0005 0.0005
24.2647 0.0004 0.0005
24.2826 0.0004 0.0005
24.3004 0.0004 0.0005
24.3183 0.0004 0.0005
24.3362 0.0004 0.0005
24.3541 0.0004 0.0005
24.3720 0.0004 0.0005
24.3898 0.0004 0.0005
24.4077 0.0004 0.0005
24.4256 0.0004 0.0004
24.4435 0.0004 0.0004
24.4614 0.0004 0.0004
24.4793 0.0004 0.0004
24.4971 0.0004 0.0004
24.5150 0.0004 0.0004
24.5329 0.0004 0.0004
24.5508 0.0004 0.0004
24.5687 0.0004 0.0004
24.5865 0.0004 0.0004
24.6044 0.0004 0.0004
24.6223 0.0004 0.0004
24.6402 0.0004 0.0004
24.6581 0.0004 0.0003
24.6759 0.0004 0.0003
24.6938 0.0004 0.0003
24.7117 0.0003 0.0003
24.7296 0.0003 0.0003
24.7475 0.0003 0.0003
24.7654 0.0003 0.0003
24.7832 0.0003 0.0003
24.8011 0.0003 0.0003
24.8190 0.0003 0.0003
24.8369 0.0003 0.0003
24.8548 0.0003 0.0003
24.8726 0.0003 0.0003
24.8905 0.0003 0.0003
24.9084 0.0003 0.0003
24.9263 0.0003 0.0003
24.9442 0.0003 0.0003
24.9620 0.0003 0.0003
24.9799 0.0003 0.0003
24.9978 0.0003 0.0003
25.0157 0.0003 0.0003
25.0336 0.0003 0.0003
25.0514 0.0003 0.0002
25.0693 0.0003 0.0002
25.0872 0.0003 0.0002
25.1051 0.0003 0.0002
25.1230 0.0003 0.0002
25.1409 0.0003 0.0002
25.1587 0.0003 0.0002
25.1766 0.0003 0.0002
25.1945 0.0002 0.0002
25.2124 0.0002 0.0002
25.2303 0.0002 0.0002
25.2481 0.0002 0.0002
25.2660 0.0002 0.0002
25.2839 0.0002 0.0002
25.3018 0.0002 0.0002
25.3197 0.0002 0.0002
25.3375 0.0002 0.0002
25.3554 0.0002 0.0002
25.3733 0.0002 0.0002
25.3912 0.0002 0.0002
25.4091 0.0002 0.0002
25.4270 0.0002 0.0002
25.4448 0.0002 0.0002
25.4627 0.0002 0.0002
25.4806 0.0002 0.0002
25.4985 0.0002 0.0002
25.5164 0.0002 0.0002
25.5342 0.0002 0.0002
25.5521 0.0002 0.0002
25.5700 0.0002 0.0002
25.5879 0.0002 0.0002
25.6058 0.0002 0.0002
25.6236 0.0002 0.0002
25.6415 0.0002 0.0002
25.6594 0.0002 0.0002
25.6773 0.0002 0.0002
25.6952 0.0002 0.0002
25.7131 0.0002 0.0002
25.7309 0.0002 0.0002
25.7488 0.0002 0.0002
25.7667 0.0002 0.0002
25.7846 0.0002 0.0002
25.8025 0.0002 0.0002
25.8203 0.0002 0.0002
25.8382 0.0002 0.0002
25.8561 0.0002 0.0002
25.8740 0.0002 0.0002
25.8919 0.0002 0.0001
25.9097 0.0002 0.0001
25.9276 0.0002 0.0001
25.9455 0.0001 0.0001
25.9634 0.0001 0.0001
25.9813 0.0001 0.0001
25.9991 0.0001 0.0001
26.0170 0.0001 0.0001
26.0349 0.0001 0.0001
26.0528 0.0001 0.0001
26.0707 0.0001 0.0001
26.0886 0.0001 0.0001
26.1064 0.0001 0.0001
26.1243 0.0001 0.0001
26.1422 0.0001 0.0001
26.1601 0.0001 0.0001
26.1780 0.0001 0.0001
26.1958 0.0001 0.0001
26.2137 0.0001 0.0001
26.2316 0.0001 0.0001
26.2495 0.0001 0.0001
26.2674 0.0001 0.0001
26.2852 0.0001 0.0001
26.3031 0.0001 0.0001
26.3210 0.0001 0.0001
26.3389 0.0001 0.0001
26.3568 0.0001 0.0001
26.3747 0.0001 0.0001
26.3925 0.0001 0.0001
26.4104 0.0001 0.0001
26.4283 0.0001 0.0001
26.4462 0.0001 0.0001
26.4641 0.0001 0.0001
26.4819 0.0001 0.0001
26.4998 0.0001 0.0001
26.5177 0.0001 0.0001
26.5356 0.0001 0.0001
26.5535 0.0001 0.0001
26.5713 0.0001 0.0001
26.5892 0.0001 0.0001
26.6071 0.0001 0.0001
26.6250 0.0001 0.0001
26.6429 0.0001 0.0001
26.6607 0.0001 0.0001
26.6786 0.0001 0.0001
26.6965 0.0001 0.0001
26.7144 0.0001 0.0001
26.7323 0.0001 0.0001
26.7502 0.0001 0.0001
26.7680 0.0001 0.0001
26.7859 0.0001 0.0001
26.8038 0.0001 0.0001
26.8217 0.0001 0.0001
26.8396 0.0001 0.0001
26.8574 0.0001 0.0001
26.8753 0.0001 0.0001
26.8932 0.0001 0.0001
26.9111 0.0001 0.0001
26.9290 0.0001 0.0001
26.9468 0.0001 0.0001
26.9647 0.0001 0.0001
26.9826 0.0001 0.0001
27.0005 0.0001 0.0001
27.0184 0.0001 0.0001
27.0363 0.0001 0.0001
27.0541 0.0001 0.0001
27.0720 0.0001 0.0001
27.0899 0.0001 0.0001
27.1078 0.0001 0.0001
27.1257 0.0001 0.0001
27.1435 0.0001 0.0001
27.1614 0.0001 0.0001
27.1793 0.0001 0.0001
27.1972 0.0001 0.0001
27.2151 0.0001 0.0001
27.2329 0.0001 0.0001
27.2508 0.0001 0.0001
27.2687 0.0001 0.0001
27.2866 0.0001 0.0001
27.3045 0.0000 0.0000
27.3224 0.0000 0.0000
27.3402 0.0000 0.0000
27.3581 0.0000 0.0000
27.3760 0.0000 0.0000
27.3939 0.0000 0.0000
27.4118 0.0000 0.0000
27.4296 0.0000 0.0000
27.4475 0.0000 0.0000
27.4654 0.0000 0.0000
27.4833 0.0000 0.0000
27.5012 0.0000 0.0000
27.5190 0.0000 0.0000
27.5369 0.0000 0.0000
27.5548 0.0000 0.0000
27.5727 0.0000 0.0000
27.5906 0.0000 0.0000
27.6084 0.0000 0.0000
27.6263 0.0000 0.0000
27.6442 0.0000 0.0000
27.6621 0.0000 0.0000
27.6800 0.0000 0.0000
27.6979 0.0000 0.0000
27.7157 0.0000 0.0000
27.7336 0.0000 0.0000
27.7515 0.0000 0.0000
27.7694 0.0000 0.0000
27.7873 0.0000 0.0000
27.8051 0.0000 0.0000
27.8230 0.0000 0.0000
27.8409 0.0000 0.0000
27.8588 0.0000 0.0000
27.8767 0.0000 0.0000
27.8945 0.0000 0.0000
27.9124 0.0000 0.0000
27.9303 0.0000 0.0000
27.9482 0.0000 0.0000
27.9661 0.0000 0.0000
27.9840 0.0000 0.0000
28.0018 0.0000 0.0000
28.0197 0.0000 0.0000
28.0376 0.0000 0.0000
28.0555 0.0000 0.0000
28.0734 0.0000 0.0000
28.0912 0.0000 0.0000
28.1091 0.0000 0.0000
28.1270 0.0000 0.0000
28.1449 0.0000 0.0000
28.1628 0.0000 0.0000
28.1806 0.0000 0.0000
28.1985 0.0000 0.0000
28.2164 0.0000 0.0000
28.2343 0.0000 0.0000
28.2522 0.0000 0.0000
28.2701 0.0000 0.0000
28.2879 0.0000 0.0000
28.3058 0.0000 0.0000
28.3237 0.0000 0.0000
28.3416 0.0000 0.0000
28.3595 0.0000 0.0000
28.3773 0.0000 0.0000
28.3952 0.0000 0.0000
28.4131 0.0000 0.0000
28.4310 0.0000 0.0000
28.4489 0.0000 0.0000
28.4667 0.0000 0.0000
28.4846 0.0000 0.0000
28.5025 0.0000 0.0000
28.5204 0.0000 0.0000
28.5383 0.0000 0.0000
28.5561 0.0000 0.0000
28.5740 0.0000 0.0000
28.5919 0.0000 0.0000
28.6098 0.0000 0.0000
28.6277 0.0000 0.0000
28.6456 0.0000 0.0000
28.6634 0.0000 0.0000
28.6813 0.0000 0.0000
28.6992 0.0000 0.0000
28.7171 0.0000 0.0000
28.7350 0.0000 0.0000
28.7528 0.0000 0.0000
28.7707 0.0000 0.0000
28.7886 0.0000 0.0000
28.8065 0.0000 0.0000
28.8244 0.0000 0.0000
28.8422 0.0000 0.0000
28.8601 0.0000 0.0000
28.8780 0.0000 0.0000
28.8959 0.0000 0.0000
28.9138 0.0000 0.0000
28.9317 0.0000 0.0000
28.9495 0.0000 0.0000
28.9674 0.0000 0.0000
28.9853 0.0000 0.0000
29.0032 0.0000 0.0000
29.0211 0.0000 0.0000
29.0389 0.0000 0.0000
29.0568 0.0000 0.0000
29.0747 0.0000 0.0000
29.0926 0.0000 0.0000
29.1105 0.0000 0.0000
29.1283 0.0000 0.0000
29.1462 0.0000 0.0000
29.1641 0.0000 0.0000
29.1820 0.0000 0.0000
29.1999 0.0000 0.0000
29.2177 0.0000 0.0000
29.2356 0.0000 0.0000
29.2535 0.0000 0.0000
29.2714 0.0000 0.0000
29.2893 0.0000 0.0000
29.3072 0.0000 0.0000
29.3250 0.0000 0.0000
29.3429 0.0000 0.0000
29.3608 0.0000 0.0000
29.3787 0.0000 0.0000
29.3966 0.0000 0.0000
29.4144 0.0000 0.0000
29.4323 0.0000 0.0000
29.4502 0.0000 0.0000
29.4681 0.0000 0.0000
29.4860 0.0000 0.0000
29.5038 0.0000 0.0000
29.5217 0.0000 0.0000
29.5396 0.0000 0.0000
29.5575 0.0000 0.0000
29.5754 0.0000 0.0000
29.5933 0.0000 0.0000
29.6111 0.0000 0.0000
29.6290 0.0000 0.0000
29.6469 0.0000 0.0000
29.6648 0.0000 0.0000
29.6827 0.0000 0.0000
29.7005 0.0000 0.0000
29.7184 0.0000 0.0000
29.7363 0.0000 0.0000
29.7542 0.0000 0.0000
29.7721 0.0000 0.0000
29.7899 0.0000 0.0000
29.8078 0.0000 0.0000
29.8257 0.0000 0.0000
29.8436 0.0000 0.0000
29.8615 0.0000 0.0000
29.8794 0.0000 0.0000
29.8972 0.0000 0.0000
29.9151 0.0000 0.0000
29.9330 0.0000 0.0000
29.9509 0.0000 0.0000
29.9688 0.0000 0.0000
29.9866 0.0000 0.0000
30.0045 0.0000 0.0000
30.0224 0.0000 0.0000
30.0403 0.0000 0.0000
30.0582 0.0000 0.0000
30.0760 0.0000 0.0000
30.0939 0.0000 0.0000
30.1118 0.0000 0.0000
30.1297 0.0000 0.0000
30.1476 0.0000 0.0000
30.1654 0.0000 0.0000
30.1833 0.0000 0.0000
30.2012 0.0000 0.0000
30.2191 0.0000 0.0000
30.2370 0.0000 0.0000
30.2549 0.0000 0.0000
30.2727 0.0000 0.0000
30.2906 0.0000 0.0000
30.3085 0.0000 0.0000
30.3264 0.0000 0.0000
30.3443 0.0000 0.0000
30.3621 0.0000 0.0000
30.3800 0.0000 0.0000
30.3979 0.0000 0.0000
30.4158 0.0000 0.0000
30.4337 0.0000 0.0000
30.4515 0.0000 0.0000
30.4694 0.0000 0.0000
30.4873 0.0000 0.0000
30.5052 0.0000 0.0000
30.5231 0.0000 0.0000
30.5410 0.0000 0.0000
30.5588 0.0000 0.0000
30.5767 0.0000 0.0000
30.5946 0.0000 0.0000
30.6125 0.0000 0.0000
30.6304 0.0000 0.0000
30.6482 0.0000 0.0000
30.6661 0.0000 0.0000
30.6840 0.0000 0.0000
30.7019 0.0000 0.0000
30.7198 0.0000 0.0000
30.7376 0.0000 0.0000
30.7555 0.0000 0.0000
30.7734 0.0000 0.0000
30.7913 0.0000 0.0000
30.8092 0.0000 0.0000
30.8271 0.0000 0.0000
30.8449 0.0000 0.0000
30.8628 0.0000 0.0000
30.8807 0.0000 0.0000
30.8986 0.0000 0.0000
30.9165 0.0000 0.0000
30.9343 0.0000 0.0000
30.9522 0.0000 0.0000
30.9701 0.0000 0.0000
30.9880 0.0000 0.0000
31.0059 0.0000 0.0000
31.0237 0.0000 0.0000
31.0416 0.0000 0.0000
31.0595 0.0000 0.0000
31.0774 0.0000 0.0000
31.0953 0.0000 0.0000
31.1131 0.0000 0.0000
31.1310 0.0000 0.0000
31.1489 0.0000 0.0000
31.1668 0.0000 0.0000
31.1847 0.0000 0.0000
31.2026 0.0000 0.0000
31.2204 0.0000 0.0000
31.2383 0.0000 0.0000
31.2562 0.0000 0.0000
31.2741 0.0000 0.0000
31.2920 0.0000 0.0000
31.3098 0.0000 0.0000
31.3277 0.0000 0.0000
31.3456 0.0000 0.0000
31.3635 0.0000 0.0000
31.3814 0.0000 0.0000
31.3992 0.0000 0.0000
31.4171 0.0000 0.0000
31.4350 0.0000 0.0000
31.4529 0.0000 0.0000
31.4708 0.0000 0.0000
31.4887 0.0000 0.0000
31.5065 0.0000 0.0000
31.5244 0.0000 0.0000
31.5423 0.0000 0.0000
31.5602 0.0000 0.0000
31.5781 0.0000 0.0000
31.5959 0.0000 0.0000
31.6138 0.0000 0.0000
31.6317 0.0000 0.0000
31.6496 0.0000 0.0000
31.6675 0.0000 0.0000
31.6853 0.0000 0.0000
31.7032 0.0000 0.0000
31.7211 0.0000 0.0000
31.7390 0.0000 0.0000
31.7569 0.0000 0.0000
31.7747 0.0000 0.0000
31.7926 0.0000 0.0000
31.8105 0.0000 0.0000
31.8284 0.0000 0.0000
31.8463 0.0000 0.0000
31.8642 0.0000 0.0000
31.8820 0.0000 0.0000
31.8999 0.0000 0.0000
31.9178 0.0000 0.0000
31.9357 0.0000 0.0000
31.9536 0.0000 0.0000
31.9714 0.0000 0.0000
31.9893 0.0000 0.0000
32.0072 0.0000 0.0000
32.0251 0.0000 0.0000
32.0430 0.0000 0.0000
32.0608 0.0000 0.0000
32.0787 0.0000 0.0000
32.0966 0.0000 0.0000
32.1145 0.0000 0.0000
32.1324 0.0000 0.0000
32.1503 0.0000 0.0000
32.1681 0.0000 0.0000
32.1860 0.0000 0.0000
32.2039 0.0000 0.0000
32.2218 0.0000 0.0000
32.2397 0.0000 0.0000
32.2575 0.0000 0.0000
32.2754 0.0000 0.0000
32.2933 0.0000 0.0000
32.3112 0.0000 0.0000
32.3291 0.0000 0.0000
32.3469 0.0000 0.0000
32.3648 0.0000 0.0000
32.3827 0.0000 0.0000
32.4006 0.0000 0.0000
32.4185 0.0000 0.0000
32.4364 0.0000 0.0000
32.4542 0.0000 0.0000
32.4721 0.0000 0.0000
32.4900 0.0000 0.0000
32.5079 0.0000 0.0000
32.5258 0.0000 0.0000
32.5436 0.0000 0.0000
32.5615 0.0000 0.0000
32.5794 0.0000 0.0000
32.5973 0.0000 0.0000
32.6152 0.0000 0.0000
32.6330 0.0000 0.0000
32.6509 0.0000 0.0000
32.6688 0.0000 0.0000
32.6867 0.0000 0.0000
32.7046 0.0000 0.0000
32.7224 0.0000 0.0000
32.7403 0.0000 0.0000
32.7582 0.0000 0.0000
32.7761 0.0000 0.0000
32.7940 0.0000 0.0000
32.8119 0.0000 0.0000
32.8297 0.0000 0.0000
32.8476 0.0000 0.0000
32.8655 0.0000 0.0000
32.8834 0.0000 0.0000
32.9013 0.0000 0.0000
32.9191 0.0000 0.0000
32.9370 0.0000 0.0000
32.9549 0.0000 0.0000
32.9728 0.0000 0.0000
32.9907 0.0000 0.0000
33.0085 0.0000 0.0000
33.0264 0.0000 0.0000
33.0443 0.0000 0.0000
33.0622 0.0000 0.0000
33.0801 0.0000 0.0000
33.0980 0.0000 0.0000
33.1158 0.0000 0.0000
33.1337 0.0000 0.0000
33.1516 0.0000 0.0000
33.1695 0.0000 0.0000
33.1874 0.0000 0.0000
33.2052 0.0000 0.0000
33.2231 0.0000 0.0000
33.2410 0.0000 0.0000
33.2589 0.0000 0.0000
33.2768 0.0000 0.0000
33.2946 0.0000 0.0000
33.3125 0.0000 0.0000
33.3304 0.0000 0.0000
33.3483 0.0000 0.0000
33.3662 0.0000 0.0000
33.3841 0.0000 0.0000
33.4019 0.0000 0.0000
33.4198 0.0000 0.0000
33.4377 0.0000 0.0000
33.4556 0.0000 0.0000
33.4735 0.0000 0.0000
33.4913 0.0000 0.0000
33.5092 0.0000 0.0000
33.5271 0.0000 0.0000
33.5450 0.0000 0.0000
33.5629 0.0000 0.0000
33.5807 0.0000 0.0000
33.5986 0.0000 0.0000
33.6165 0.0000 0.0000
33.6344 0.0000 0.0000
33.6523 0.0000 0.0000
33.6701 0.0000 0.0000
33.6880 0.0000 0.0000
33.7059 0.0000 0.0000
33.7238 0.0000 0.0000
33.7417 0.0000 0.0000
33.7596 0.0000 0.0000
33.7774 0.0000 0.0000
33.7953 0.0000 0.0000
33.8132 0.0000 0.0000
33.8311 0.0000 0.0000
33.8490 0.0000 0.0000
33.8668 0.0000 0.0000
33.8847 0.0000 0.0000
33.9026 0.0000 0.0000
33.9205 0.0000 0.0000
33.9384 0.0000 0.0000
33.9562 0.0000 0.0000
33.9741 0.0000 0.0000
33.9920 0.0000 0.0000
34.0099 0.0000 0.0000
34.0278 0.0000 0.0000
34.0457 0.0000 0.0000
34.0635 0.0000 0.0000
34.0814 0.0000 0.0000
34.0993 0.0000 0.0000
34.1172 0.0000 0.0000
34.1351 0.0000 0.0000
34.1529 0.0000 0.0000
34.1708 0.0000 0.0000
34.1887 0.0000 0.0000
34.2066 0.0000 0.0000
34.2245 0.0000 0.0000
34.2423 0.0000 0.0000
34.2602 0.0000 0.0000
34.2781 0.0000 0.0000
34.2960 0.0000 0.0000
34.3139 0.0000 0.0000
34.3317 0.0000 0.0000
34.3496 0.0000 0.0000
34.3675 0.0000 0.0000
34.3854 0.0000 0.0000
34.4033 0.0000 0.0000
34.4212 0.0000 0.0000
34.4390 0.0000 0.0000
34.4569 0.0000 0.0000
34.4748 0.0000 0.0000
34.4927 0.0000 0.0000
34.5106 0.0000 0.0000
34.5284 0.0000 0.0000
34.5463 0.0000 0.0000
34.5642 0.0000 0.0000
34.5821 0.0000 0.0000
34.6000 0.0000 0.0000
34.6178 0.0000 0.0000
34.6357 0.0000 0.0000
34.6536 0.0000 0.0000
34.6715 0.0000 0.0000
34.6894 0.0000 0.0000
34.7073 0.0000 0.0000
34.7251 0.0000 0.0000
34.7430 0.0000 0.0000
34.7609 0.0000 0.0000
34.7788 0.0000 0.0000
34.7967 0.0000 0.0000
34.8145 0.0000 0.0000
34.8324 0.0000 0.0000
34.8503 0.0000 0.0000
34.8682 0.0000 0.0000
34.8861 0.0000 0.0000
34.9039 0.0000 0.0000
34.9218 0.0000 0.0000
34.9397 0.0000 0.0000
34.9576 0.0000 0.0000
34.9755 0.0000 0.0000
34.9934 0.0000 0.0000
35.0112 0.0000 0.0000
35.0291 0.0000 0.0000
35.0470 0.0000 0.0000
35.0649 0.0000 0.0000
35.0828 0.0000 0.0000
35.1006 0.0000 0.0000
35.1185 0.0000 0.0000
35.1364 0.0000 0.0000
35.1543 0.0000 0.0000
35.1722 0.0000 0.0000
35.1900 0.0000 0.0000
35.2079 0.0000 0.0000
35.2258 0.0000 0.0000
35.2437 0.0000 0.0000
35.2616 0.0000 0.0000
35.2794 0.0000 0.0000
35.2973 0.0000 0.0000
35.3152 0.0000 0.0000
35.3331 0.0000 0.0000
35.3510 0.0000 0.0000
35.3689 0.0000 0.0000
35.3867 0.0000 0.0000
35.4046 0.0000 0.0000
35.4225 0.0000 0.0000
35.4404 0.0000 0.0000
35.4583 0.0000 0.0000
35.4761 0.0000 0.0000
35.4940 0.0000 0.0000
35.5119 0.0000 0.0000
35.5298 0.0000 0.0000
35.5477 0.0000 0.0000
35.5655 0.0000 0.0000
35.5834 0.0000 0.0000
35.6013 0.0000 0.0000
35.6192 0.0000 0.0000
35.6371 0.0000 0.0000
35.6550 0.0000 0.0000
35.6728 0.0000 0.0000
35.6907 0.0000 0.0000
35.7086 0.0000 0.0000
35.7265 0.0000 0.0000
35.7444 0.0000 0.0000
