0.0000 0.0000 0.0000
0.0171 2.2877 1.6694
0.0343 4.5332 3.3081
0.0514 6.6959 4.8866
0.0685 8.7386 6.3777
0.0856 10.6282 7.7571
0.1028 12.3376 9.0045
0.1199 13.8459 10.1041
0.1370 15.1390 11.0448
0.1541 16.2097 11.8206
0.1713 17.0576 12.4302
0.1884 17.6882 12.8771
0.2055 18.1126 13.1684
0.2226 18.3460 13.3150
0.2398 18.4072 13.3302
0.2569 18.3169 13.2295
0.2740 18.0974 13.0292
0.2912 17.7708 12.7463
0.3083 17.3589 12.3975
0.3254 16.8821 11.9988
0.3425 16.3590 11.5648
0.3597 15.8062 11.1088
0.3768 15.2378 10.6424
0.3939 14.6656 10.1752
0.4110 14.0993 9.7153
0.4282 13.5463 9.2688
0.4453 13.0122 8.8405
0.4624 12.5007 8.4337
0.4795 12.0146 8.0506
0.4967 11.5550 7.6923
0.5138 11.1224 7.3594
0.5309 10.7166 7.0514
0.5481 10.3369 6.7680
0.5652 9.9819 6.5080
0.5823 9.6505 6.2704
0.5994 9.3409 6.0539
0.6166 9.0516 5.8570
0.6337 8.7809 5.6784
0.6508 8.5270 5.5166
0.6679 8.2882 5.3703
0.6851 8.0630 5.2380
0.7022 7.8497 5.1183
0.7193 7.6470 5.0099
0.7364 7.4534 4.9114
0.7536 7.2678 4.8214
0.7707 7.0892 4.7388
0.7878 6.9166 4.6624
0.8050 6.7493 4.5910
0.8221 6.5869 4.5236
0.8392 6.4289 4.4593
0.8563 6.2752 4.3971
0.8735 6.1257 4.3365
0.8906 5.9805 4.2768
0.9077 5.8398 4.2176
0.9248 5.7039 4.1584
0.9420 5.5729 4.0991
0.9591 5.4472 4.0394
0.9762 5.3270 3.9795
0.9933 5.2127 3.9192
1.0105 5.1042 3.8588
1.0276 5.0017 3.7985
1.0447 4.9052 3.7385
1.0619 4.8144 3.6792
1.0790 4.7292 3.6208
1.0961 4.6493 3.5636
1.1132 4.5741 3.5081
1.1304 4.5032 3.4546
1.1475 4.4361 3.4033
1.1646 4.3722 3.3546
1.1817 4.3110 3.3086
1.1989 4.2521 3.2656
1.2160 4.1948 3.2255
1.2331 4.1390 3.1885
1.2503 4.0842 3.1545
1.2674 4.0301 3.1234
1.2845 3.9767 3.0951
1.3016 3.9237 3.0693
1.3188 3.8711 3.0458
1.3359 3.8189 3.0242
1.3530 3.7671 3.0041
1.3701 3.7156 2.9853
1.3873 3.6645 2.9673
1.4044 3.6138 2.9498
1.4215 3.5635 2.9323
1.4386 3.5135 2.9145
1.4558 3.4640 2.8961
1.4729 3.4148 2.8768
1.4900 3.3661 2.8563
1.5072 3.3178 2.8343
1.5243 3.2700 2.8106
1.5414 3.2227 2.7852
1.5585 3.1761 2.7578
1.5757 3.1302 2.7283
1.5928 3.0850 2.6967
1.6099 3.0407 2.6631
1.6270 2.9974 2.6273
1.6442 2.9551 2.5897
1.6613 2.9139 2.5502
1.6784 2.8738 2.5092
1.6955 2.8347 2.4668
1.7127 2.7966 2.4235
1.7298 2.7594 2.3795
1.7469 2.7230 2.3352
1.7641 2.6873 2.2912
1.7812 2.6522 2.2477
1.7983 2.6174 2.2051
1.8154 2.5830 2.1639
1.8326 2.5489 2.1244
1.8497 2.5150 2.0868
1.8668 2.4812 2.0512
1.8839 2.4478 2.0179
1.9011 2.4148 1.9869
1.9182 2.3822 1.9581
1.9353 2.3504 1.9313
1.9524 2.3196 1.9066
1.9696 2.2898 1.8836
1.9867 2.2614 1.8622
2.0038 2.2346 1.8420
2.0210 2.2094 1.8229
2.0381 2.1861 1.8046
2.0552 2.1647 1.7869
2.0723 2.1451 1.7696
2.0895 2.1273 1.7527
2.1066 2.1111 1.7360
2.1237 2.0965 1.7195
2.1408 2.0830 1.7032
2.1580 2.0705 1.6871
2.1751 2.0586 1.6712
2.1922 2.0472 1.6558
2.2093 2.0357 1.6408
2.2265 2.0241 1.6264
2.2436 2.0121 1.6128
2.2607 1.9995 1.6000
2.2779 1.9862 1.5883
2.2950 1.9721 1.5777
2.3121 1.9574 1.5683
2.3292 1.9419 1.5603
2.3464 1.9259 1.5536
2.3635 1.9093 1.5484
2.3806 1.8925 1.5446
2.3977 1.8755 1.5422
2.4149 1.8585 1.5411
2.4320 1.8416 1.5412
2.4491 1.8250 1.5424
2.4662 1.8086 1.5445
2.4834 1.7927 1.5473
2.5005 1.7772 1.5505
2.5176 1.7621 1.5540
2.5348 1.7475 1.5574
2.5519 1.7332 1.5605
2.5690 1.7194 1.5630
2.5861 1.7059 1.5649
2.6033 1.6926 1.5657
2.6204 1.6797 1.5654
2.6375 1.6671 1.5639
2.6546 1.6547 1.5610
2.6718 1.6425 1.5568
2.6889 1.6306 1.5512
2.7060 1.6188 1.5443
2.7231 1.6073 1.5362
2.7403 1.5960 1.5271
2.7574 1.5849 1.5170
2.7745 1.5739 1.5062
2.7917 1.5630 1.4947
2.8088 1.5521 1.4829
2.8259 1.5413 1.4707
2.8430 1.5305 1.4583
2.8602 1.5196 1.4459
2.8773 1.5086 1.4334
2.8944 1.4974 1.4210
2.9115 1.4860 1.4087
2.9287 1.4744 1.3964
2.9458 1.4625 1.3842
2.9629 1.4504 1.3720
2.9800 1.4380 1.3597
2.9972 1.4254 1.3474
3.0143 1.4126 1.3349
3.0314 1.3997 1.3223
3.0486 1.3867 1.3096
3.0657 1.3736 1.2966
3.0828 1.3605 1.2835
3.0999 1.3476 1.2702
3.1171 1.3347 1.2568
3.1342 1.3222 1.2433
3.1513 1.3099 1.2298
3.1684 1.2979 1.2163
3.1856 1.2864 1.2029
3.2027 1.2752 1.1896
3.2198 1.2645 1.1765
3.2370 1.2541 1.1637
3.2541 1.2441 1.1511
3.2712 1.2345 1.1389
3.2883 1.2252 1.1270
3.3055 1.2160 1.1154
3.3226 1.2070 1.1043
3.3397 1.1981 1.0935
3.3568 1.1891 1.0831
3.3740 1.1800 1.0730
3.3911 1.1706 1.0633
3.4082 1.1610 1.0540
3.4253 1.1510 1.0451
3.4425 1.1406 1.0365
3.4596 1.1298 1.0282
3.4767 1.1184 1.0202
3.4939 1.1066 1.0126
3.5110 1.0944 1.0053
3.5281 1.0818 0.9984
3.5452 1.0688 0.9918
3.5624 1.0556 0.9855
3.5795 1.0422 0.9796
3.5966 1.0286 0.9740
3.6137 1.0151 0.9687
3.6309 1.0017 0.9637
3.6480 0.9884 0.9589
3.6651 0.9754 0.9545
3.6822 0.9627 0.9502
3.6994 0.9504 0.9462
3.7165 0.9384 0.9423
3.7336 0.9269 0.9386
3.7508 0.9159 0.9350
3.7679 0.9053 0.9315
3.7850 0.8952 0.9280
3.8021 0.8855 0.9245
3.8193 0.8763 0.9211
3.8364 0.8675 0.9177
3.8535 0.8590 0.9142
3.8706 0.8509 0.9107
3.8878 0.8432 0.9072
3.9049 0.8357 0.9036
3.9220 0.8285 0.9000
3.9391 0.8215 0.8963
3.9563 0.8147 0.8926
3.9734 0.8080 0.8888
3.9905 0.8014 0.8850
4.0077 0.7950 0.8811
4.0248 0.7886 0.8771
4.0419 0.7822 0.8732
4.0590 0.7758 0.8693
4.0762 0.7695 0.8655
4.0933 0.7632 0.8617
4.1104 0.7569 0.8581
4.1275 0.7506 0.8545
4.1447 0.7443 0.8512
4.1618 0.7381 0.8479
4.1789 0.7319 0.8449
4.1960 0.7258 0.8420
4.2132 0.7197 0.8392
4.2303 0.7138 0.8366
4.2474 0.7080 0.8341
4.2646 0.7023 0.8316
4.2817 0.6968 0.8291
4.2988 0.6914 0.8266
4.3159 0.6863 0.8240
4.3331 0.6813 0.8213
4.3502 0.6765 0.8184
4.3673 0.6720 0.8152
4.3844 0.6677 0.8118
4.4016 0.6636 0.8081
4.4187 0.6598 0.8041
4.4358 0.6563 0.7998
4.4529 0.6531 0.7952
4.4701 0.6501 0.7903
4.4872 0.6475 0.7852
4.5043 0.6453 0.7798
4.5215 0.6434 0.7743
4.5386 0.6420 0.7686
4.5557 0.6409 0.7627
4.5728 0.6402 0.7569
4.5900 0.6400 0.7509
4.6071 0.6401 0.7450
4.6242 0.6405 0.7392
4.6413 0.6413 0.7333
4.6585 0.6423 0.7276
4.6756 0.6434 0.7219
4.6927 0.6447 0.7163
4.7098 0.6460 0.7108
4.7270 0.6473 0.7054
4.7441 0.6484 0.7001
4.7612 0.6494 0.6948
4.7784 0.6500 0.6896
4.7955 0.6503 0.6844
4.8126 0.6502 0.6793
4.8297 0.6497 0.6742
4.8469 0.6488 0.6693
4.8640 0.6475 0.6644
4.8811 0.6458 0.6596
4.8982 0.6438 0.6549
4.9154 0.6414 0.6504
4.9325 0.6388 0.6461
4.9496 0.6360 0.6420
4.9667 0.6330 0.6382
4.9839 0.6299 0.6346
5.0010 0.6268 0.6312
5.0181 0.6237 0.6282
5.0353 0.6207 0.6255
5.0524 0.6178 0.6230
5.0695 0.6150 0.6208
5.0866 0.6123 0.6189
5.1038 0.6098 0.6173
5.1209 0.6074 0.6158
5.1380 0.6052 0.6146
5.1551 0.6031 0.6136
5.1723 0.6012 0.6128
5.1894 0.5993 0.6121
5.2065 0.5976 0.6116
5.2236 0.5960 0.6111
5.2408 0.5945 0.6108
5.2579 0.5931 0.6105
5.2750 0.5917 0.6102
5.2922 0.5905 0.6099
5.3093 0.5893 0.6096
5.3264 0.5882 0.6092
5.3435 0.5872 0.6086
5.3607 0.5862 0.6079
5.3778 0.5854 0.6070
5.3949 0.5846 0.6059
5.4120 0.5839 0.6046
5.4292 0.5832 0.6029
5.4463 0.5827 0.6010
5.4634 0.5822 0.5987
5.4806 0.5817 0.5962
5.4977 0.5813 0.5935
5.5148 0.5810 0.5905
5.5319 0.5807 0.5874
5.5491 0.5805 0.5841
5.5662 0.5803 0.5808
5.5833 0.5802 0.5775
5.6004 0.5801 0.5743
5.6176 0.5800 0.5711
5.6347 0.5800 0.5682
5.6518 0.5800 0.5654
5.6689 0.5801 0.5629
5.6861 0.5801 0.5607
5.7032 0.5802 0.5588
5.7203 0.5802 0.5571
5.7375 0.5802 0.5558
5.7546 0.5801 0.5547
5.7717 0.5800 0.5538
5.7888 0.5797 0.5531
5.8060 0.5793 0.5526
5.8231 0.5787 0.5522
5.8402 0.5778 0.5520
5.8573 0.5768 0.5518
5.8745 0.5755 0.5516
5.8916 0.5739 0.5515
5.9087 0.5720 0.5514
5.9258 0.5698 0.5512
5.9430 0.5672 0.5510
5.9601 0.5644 0.5507
5.9772 0.5613 0.5504
5.9944 0.5579 0.5500
6.0115 0.5543 0.5494
6.0286 0.5504 0.5487
6.0457 0.5464 0.5479
6.0629 0.5422 0.5468
6.0800 0.5380 0.5456
6.0971 0.5337 0.5441
6.1142 0.5294 0.5423
6.1314 0.5251 0.5404
6.1485 0.5208 0.5381
6.1656 0.5167 0.5357
6.1827 0.5127 0.5330
6.1999 0.5088 0.5301
6.2170 0.5052 0.5270
6.2341 0.5017 0.5238
6.2513 0.4984 0.5205
6.2684 0.4953 0.5172
6.2855 0.4924 0.5140
6.3026 0.4897 0.5108
6.3198 0.4872 0.5077
6.3369 0.4849 0.5048
6.3540 0.4828 0.5021
6.3711 0.4808 0.4997
6.3883 0.4790 0.4976
6.4054 0.4772 0.4957
6.4225 0.4756 0.4940
6.4396 0.4741 0.4927
6.4568 0.4727 0.4915
6.4739 0.4713 0.4906
6.4910 0.4699 0.4899
6.5082 0.4686 0.4893
6.5253 0.4674 0.4887
6.5424 0.4662 0.4883
6.5595 0.4650 0.4879
6.5767 0.4639 0.4874
6.5938 0.4629 0.4869
6.6109 0.4620 0.4864
6.6280 0.4611 0.4858
6.6452 0.4604 0.4852
6.6623 0.4597 0.4844
6.6794 0.4592 0.4836
6.6965 0.4588 0.4828
6.7137 0.4586 0.4819
6.7308 0.4584 0.4810
6.7479 0.4584 0.4800
6.7651 0.4584 0.4791
6.7822 0.4585 0.4781
6.7993 0.4586 0.4771
6.8164 0.4586 0.4762
6.8336 0.4587 0.4752
6.8507 0.4587 0.4742
6.8678 0.4586 0.4732
6.8849 0.4583 0.4722
6.9021 0.4580 0.4712
6.9192 0.4575 0.4702
6.9363 0.4568 0.4692
6.9534 0.4559 0.4682
6.9706 0.4549 0.4672
6.9877 0.4538 0.4663
7.0048 0.4524 0.4653
7.0220 0.4510 0.4644
7.0391 0.4494 0.4635
7.0562 0.4478 0.4626
7.0733 0.4460 0.4618
7.0905 0.4441 0.4610
7.1076 0.4422 0.4603
7.1247 0.4403 0.4596
7.1418 0.4382 0.4589
7.1590 0.4362 0.4582
7.1761 0.4342 0.4576
7.1932 0.4321 0.4569
7.2103 0.4300 0.4562
7.2275 0.4279 0.4555
7.2446 0.4259 0.4547
7.2617 0.4239 0.4539
7.2789 0.4219 0.4530
7.2960 0.4200 0.4521
7.3131 0.4181 0.4512
7.3302 0.4164 0.4502
7.3474 0.4147 0.4493
7.3645 0.4131 0.4483
7.3816 0.4117 0.4474
7.3987 0.4104 0.4465
7.4159 0.4093 0.4457
7.4330 0.4083 0.4450
7.4501 0.4076 0.4445
7.4673 0.4070 0.4441
7.4844 0.4066 0.4439
7.5015 0.4064 0.4438
7.5186 0.4065 0.4440
7.5358 0.4068 0.4444
7.5529 0.4073 0.4449
7.5700 0.4080 0.4456
7.5871 0.4089 0.4465
7.6043 0.4100 0.4474
7.6214 0.4113 0.4484
7.6385 0.4127 0.4494
7.6556 0.4144 0.4504
7.6728 0.4162 0.4514
7.6899 0.4181 0.4522
7.7070 0.4201 0.4529
7.7242 0.4223 0.4534
7.7413 0.4245 0.4537
7.7584 0.4268 0.4538
7.7755 0.4291 0.4536
7.7927 0.4315 0.4532
7.8098 0.4339 0.4526
7.8269 0.4363 0.4517
7.8440 0.4387 0.4506
7.8612 0.4411 0.4494
7.8783 0.4435 0.4479
7.8954 0.4457 0.4464
7.9125 0.4480 0.4447
7.9297 0.4501 0.4429
7.9468 0.4522 0.4412
7.9639 0.4542 0.4394
7.9811 0.4561 0.4376
7.9982 0.4579 0.4358
8.0153 0.4596 0.4341
8.0324 0.4612 0.4325
8.0496 0.4626 0.4309
8.0667 0.4639 0.4295
8.0838 0.4651 0.4281
8.1009 0.4661 0.4269
8.1181 0.4669 0.4258
8.1352 0.4675 0.4248
8.1523 0.4680 0.4239
8.1694 0.4683 0.4232
8.1866 0.4685 0.4226
8.2037 0.4684 0.4220
8.2208 0.4683 0.4216
8.2380 0.4680 0.4213
8.2551 0.4676 0.4211
8.2722 0.4671 0.4211
8.2893 0.4665 0.4211
8.3065 0.4660 0.4212
8.3236 0.4655 0.4215
8.3407 0.4650 0.4218
8.3578 0.4646 0.4223
8.3750 0.4643 0.4229
8.3921 0.4642 0.4236
8.4092 0.4642 0.4244
8.4263 0.4644 0.4254
8.4435 0.4648 0.4265
8.4606 0.4654 0.4277
8.4777 0.4662 0.4290
8.4949 0.4672 0.4305
8.5120 0.4684 0.4321
8.5291 0.4697 0.4338
8.5462 0.4713 0.4356
8.5634 0.4730 0.4374
8.5805 0.4748 0.4394
8.5976 0.4767 0.4414
8.6147 0.4787 0.4434
8.6319 0.4808 0.4455
8.6490 0.4830 0.4475
8.6661 0.4852 0.4495
8.6832 0.4874 0.4515
8.7004 0.4896 0.4535
8.7175 0.4917 0.4554
8.7346 0.4938 0.4572
8.7518 0.4958 0.4589
8.7689 0.4976 0.4605
8.7860 0.4994 0.4621
8.8031 0.5010 0.4636
8.8203 0.5024 0.4649
8.8374 0.5036 0.4662
8.8545 0.5046 0.4674
8.8716 0.5054 0.4685
8.8888 0.5060 0.4695
8.9059 0.5064 0.4704
8.9230 0.5066 0.4714
8.9401 0.5067 0.4722
8.9573 0.5066 0.4730
8.9744 0.5063 0.4738
8.9915 0.5059 0.4745
9.0087 0.5055 0.4753
9.0258 0.5050 0.4760
9.0429 0.5045 0.4766
9.0600 0.5040 0.4773
9.0772 0.5035 0.4779
9.0943 0.5030 0.4785
9.1114 0.5027 0.4791
9.1285 0.5024 0.4796
9.1457 0.5022 0.4802
9.1628 0.5021 0.4807
9.1799 0.5021 0.4811
9.1970 0.5022 0.4816
9.2142 0.5024 0.4821
9.2313 0.5027 0.4825
9.2484 0.5031 0.4830
9.2656 0.5035 0.4834
9.2827 0.5040 0.4839
9.2998 0.5045 0.4845
9.3169 0.5050 0.4850
9.3341 0.5055 0.4857
9.3512 0.5060 0.4863
9.3683 0.5065 0.4870
9.3854 0.5070 0.4877
9.4026 0.5075 0.4885
9.4197 0.5079 0.4892
9.4368 0.5083 0.4900
9.4540 0.5086 0.4907
9.4711 0.5089 0.4914
9.4882 0.5091 0.4920
9.5053 0.5094 0.4925
9.5225 0.5095 0.4929
9.5396 0.5097 0.4932
9.5567 0.5098 0.4933
9.5738 0.5098 0.4932
9.5910 0.5098 0.4930
9.6081 0.5098 0.4925
9.6252 0.5097 0.4919
9.6423 0.5095 0.4910
9.6595 0.5093 0.4899
9.6766 0.5090 0.4886
9.6937 0.5086 0.4872
9.7109 0.5081 0.4855
9.7280 0.5075 0.4836
9.7451 0.5068 0.4816
9.7622 0.5060 0.4795
9.7794 0.5051 0.4772
9.7965 0.5040 0.4749
9.8136 0.5029 0.4725
9.8307 0.5016 0.4700
9.8479 0.5002 0.4675
9.8650 0.4988 0.4651
9.8821 0.4972 0.4627
9.8992 0.4955 0.4604
9.9164 0.4937 0.4582
9.9335 0.4919 0.4561
9.9506 0.4900 0.4543
9.9678 0.4880 0.4526
9.9849 0.4861 0.4511
10.0020 0.4841 0.4499
10.0191 0.4822 0.4489
10.0363 0.4804 0.4482
10.0534 0.4786 0.4478
10.0705 0.4770 0.4475
10.0876 0.4755 0.4476
10.1048 0.4742 0.4478
10.1219 0.4731 0.4482
10.1390 0.4722 0.4488
10.1561 0.4715 0.4495
10.1733 0.4710 0.4503
10.1904 0.4708 0.4511
10.2075 0.4708 0.4520
10.2247 0.4710 0.4528
10.2418 0.4714 0.4536
10.2589 0.4720 0.4544
10.2760 0.4727 0.4551
10.2932 0.4736 0.4556
10.3103 0.4745 0.4561
10.3274 0.4755 0.4565
10.3445 0.4766 0.4567
10.3617 0.4776 0.4568
10.3788 0.4786 0.4568
10.3959 0.4795 0.4568
10.4130 0.4804 0.4566
10.4302 0.4812 0.4564
10.4473 0.4819 0.4562
10.4644 0.4824 0.4559
10.4816 0.4829 0.4556
10.4987 0.4832 0.4554
10.5158 0.4833 0.4551
10.5329 0.4834 0.4549
10.5501 0.4833 0.4547
10.5672 0.4831 0.4546
10.5843 0.4827 0.4546
10.6014 0.4822 0.4546
10.6186 0.4816 0.4547
10.6357 0.4809 0.4548
10.6528 0.4801 0.4551
10.6699 0.4792 0.4554
10.6871 0.4781 0.4558
10.7042 0.4771 0.4562
10.7213 0.4759 0.4568
10.7385 0.4747 0.4574
10.7556 0.4735 0.4582
10.7727 0.4722 0.4590
10.7898 0.4710 0.4599
10.8070 0.4698 0.4610
10.8241 0.4687 0.4621
10.8412 0.4677 0.4634
10.8583 0.4668 0.4648
10.8755 0.4660 0.4662
10.8926 0.4654 0.4678
10.9097 0.4649 0.4695
10.9268 0.4646 0.4713
10.9440 0.4644 0.4731
10.9611 0.4644 0.4749
10.9782 0.4645 0.4767
10.9954 0.4648 0.4785
11.0125 0.4651 0.4803
11.0296 0.4655 0.4819
11.0467 0.4660 0.4834
11.0639 0.4665 0.4848
11.0810 0.4669 0.4859
11.0981 0.4673 0.4867
11.1152 0.4676 0.4874
11.1324 0.4678 0.4877
11.1495 0.4680 0.4878
11.1666 0.4679 0.4875
11.1837 0.4678 0.4870
11.2009 0.4675 0.4862
11.2180 0.4671 0.4851
11.2351 0.4665 0.4838
11.2523 0.4658 0.4823
11.2694 0.4650 0.4805
11.2865 0.4641 0.4786
11.3036 0.4630 0.4766
11.3208 0.4618 0.4745
11.3379 0.4606 0.4723
11.3550 0.4593 0.4701
11.3721 0.4579 0.4679
11.3893 0.4564 0.4657
11.4064 0.4549 0.4635
11.4235 0.4533 0.4614
11.4406 0.4517 0.4594
11.4578 0.4501 0.4574
11.4749 0.4485 0.4556
11.4920 0.4470 0.4539
11.5092 0.4454 0.4524
11.5263 0.4440 0.4510
11.5434 0.4427 0.4498
11.5605 0.4415 0.4487
11.5777 0.4404 0.4479
11.5948 0.4395 0.4473
11.6119 0.4388 0.4468
11.6290 0.4382 0.4467
11.6462 0.4379 0.4467
11.6633 0.4377 0.4470
11.6804 0.4377 0.4476
11.6976 0.4378 0.4485
11.7147 0.4382 0.4497
11.7318 0.4386 0.4511
11.7489 0.4391 0.4529
11.7661 0.4397 0.4550
11.7832 0.4404 0.4573
11.8003 0.4410 0.4599
11.8174 0.4417 0.4628
11.8346 0.4423 0.4660
11.8517 0.4430 0.4693
11.8688 0.4435 0.4729
11.8859 0.4441 0.4766
11.9031 0.4446 0.4804
11.9202 0.4450 0.4843
11.9373 0.4454 0.4883
11.9545 0.4459 0.4922
11.9716 0.4463 0.4961
11.9887 0.4468 0.4998
12.0058 0.4474 0.5034
12.0230 0.4480 0.5067
12.0401 0.4487 0.5098
12.0572 0.4495 0.5125
12.0743 0.4505 0.5149
12.0915 0.4515 0.5169
12.1086 0.4527 0.5186
12.1257 0.4540 0.5197
12.1428 0.4554 0.5205
12.1600 0.4570 0.5208
12.1771 0.4586 0.5207
12.1942 0.4603 0.5202
12.2114 0.4620 0.5193
12.2285 0.4639 0.5181
12.2456 0.4657 0.5166
12.2627 0.4676 0.5148
12.2799 0.4695 0.5128
12.2970 0.4713 0.5106
12.3141 0.4732 0.5083
12.3312 0.4750 0.5058
12.3484 0.4768 0.5034
12.3655 0.4786 0.5009
12.3826 0.4803 0.4985
12.3997 0.4820 0.4962
12.4169 0.4837 0.4939
12.4340 0.4853 0.4919
12.4511 0.4868 0.4899
12.4683 0.4884 0.4882
12.4854 0.4899 0.4866
12.5025 0.4913 0.4853
12.5196 0.4928 0.4841
12.5368 0.4942 0.4831
12.5539 0.4956 0.4824
12.5710 0.4971 0.4817
12.5881 0.4985 0.4812
12.6053 0.4999 0.4808
12.6224 0.5014 0.4805
12.6395 0.5028 0.4803
12.6566 0.5043 0.4801
12.6738 0.5058 0.4799
12.6909 0.5073 0.4797
12.7080 0.5087 0.4795
12.7252 0.5102 0.4792
12.7423 0.5117 0.4790
12.7594 0.5131 0.4786
12.7765 0.5146 0.4783
12.7937 0.5159 0.4779
12.8108 0.5172 0.4774
12.8279 0.5185 0.4769
12.8450 0.5196 0.4764
12.8622 0.5206 0.4759
12.8793 0.5215 0.4754
12.8964 0.5222 0.4748
12.9135 0.5228 0.4742
12.9307 0.5232 0.4736
12.9478 0.5233 0.4729
12.9649 0.5233 0.4722
12.9821 0.5231 0.4714
12.9992 0.5226 0.4706
13.0163 0.5219 0.4697
13.0334 0.5210 0.4688
13.0506 0.5199 0.4678
13.0677 0.5187 0.4667
13.0848 0.5172 0.4656
13.1019 0.5157 0.4645
13.1191 0.5141 0.4633
13.1362 0.5124 0.4621
13.1533 0.5106 0.4609
13.1704 0.5089 0.4597
13.1876 0.5072 0.4585
13.2047 0.5056 0.4574
13.2218 0.5040 0.4563
13.2390 0.5025 0.4552
13.2561 0.5011 0.4542
13.2732 0.4998 0.4532
13.2903 0.4986 0.4523
13.3075 0.4975 0.4514
13.3246 0.4965 0.4505
13.3417 0.4956 0.4497
13.3588 0.4947 0.4490
13.3760 0.4939 0.4482
13.3931 0.4930 0.4475
13.4102 0.4922 0.4468
13.4273 0.4913 0.4460
13.4445 0.4904 0.4453
13.4616 0.4894 0.4446
13.4787 0.4884 0.4438
13.4959 0.4873 0.4430
13.5130 0.4862 0.4423
13.5301 0.4850 0.4414
13.5472 0.4837 0.4406
13.5644 0.4824 0.4398
13.5815 0.4810 0.4389
13.5986 0.4796 0.4380
13.6157 0.4782 0.4370
13.6329 0.4767 0.4360
13.6500 0.4753 0.4349
13.6671 0.4738 0.4338
13.6843 0.4723 0.4326
13.7014 0.4707 0.4314
13.7185 0.4692 0.4300
13.7356 0.4676 0.4286
13.7528 0.4659 0.4271
13.7699 0.4643 0.4255
13.7870 0.4625 0.4239
13.8041 0.4606 0.4221
13.8213 0.4587 0.4203
13.8384 0.4567 0.4184
13.8555 0.4545 0.4165
13.8726 0.4522 0.4145
13.8898 0.4498 0.4125
13.9069 0.4473 0.4105
13.9240 0.4446 0.4085
13.9412 0.4419 0.4065
13.9583 0.4390 0.4045
13.9754 0.4359 0.4025
13.9925 0.4329 0.4005
14.0097 0.4297 0.3985
14.0268 0.4264 0.3966
14.0439 0.4231 0.3946
14.0610 0.4198 0.3926
14.0782 0.4165 0.3907
14.0953 0.4132 0.3887
14.1124 0.4098 0.3867
14.1295 0.4065 0.3846
14.1467 0.4032 0.3825
14.1638 0.3999 0.3803
14.1809 0.3967 0.3781
14.1981 0.3935 0.3758
14.2152 0.3903 0.3734
14.2323 0.3871 0.3710
14.2494 0.3839 0.3685
14.2666 0.3807 0.3659
14.2837 0.3774 0.3632
14.3008 0.3742 0.3605
14.3179 0.3709 0.3578
14.3351 0.3675 0.3550
14.3522 0.3641 0.3521
14.3693 0.3606 0.3493
14.3864 0.3571 0.3464
14.4036 0.3536 0.3436
14.4207 0.3499 0.3408
14.4378 0.3463 0.3379
14.4550 0.3426 0.3352
14.4721 0.3389 0.3324
14.4892 0.3353 0.3297
14.5063 0.3316 0.3270
14.5235 0.3280 0.3244
14.5406 0.3244 0.3219
14.5577 0.3208 0.3193
14.5748 0.3174 0.3169
14.5920 0.3140 0.3145
14.6091 0.3107 0.3121
14.6262 0.3075 0.3097
14.6433 0.3043 0.3074
14.6605 0.3012 0.3052
14.6776 0.2982 0.3029
14.6947 0.2952 0.3007
14.7119 0.2923 0.2986
14.7290 0.2894 0.2964
14.7461 0.2865 0.2942
14.7632 0.2836 0.2921
14.7804 0.2807 0.2900
14.7975 0.2778 0.2879
14.8146 0.2749 0.2858
14.8317 0.2719 0.2837
14.8489 0.2689 0.2816
14.8660 0.2659 0.2795
14.8831 0.2628 0.2774
14.9002 0.2597 0.2753
14.9174 0.2566 0.2733
14.9345 0.2535 0.2712
14.9516 0.2504 0.2691
14.9688 0.2474 0.2670
14.9859 0.2444 0.2649
15.0030 0.2414 0.2628
15.0201 0.2385 0.2607
15.0373 0.2356 0.2586
15.0544 0.2329 0.2565
15.0715 0.2301 0.2543
15.0886 0.2275 0.2522
15.1058 0.2249 0.2500
15.1229 0.2224 0.2478
15.1400 0.2200 0.2456
15.1571 0.2176 0.2433
15.1743 0.2153 0.2411
15.1914 0.2130 0.2388
15.2085 0.2107 0.2365
15.2257 0.2085 0.2341
15.2428 0.2063 0.2318
15.2599 0.2041 0.2294
15.2770 0.2019 0.2270
15.2942 0.1998 0.2246
15.3113 0.1976 0.2222
15.3284 0.1954 0.2198
15.3455 0.1932 0.2174
15.3627 0.1911 0.2150
15.3798 0.1889 0.2126
15.3969 0.1867 0.2102
15.4140 0.1845 0.2078
15.4312 0.1824 0.2055
15.4483 0.1802 0.2032
15.4654 0.1780 0.2010
15.4826 0.1759 0.1988
15.4997 0.1737 0.1966
15.5168 0.1716 0.1945
15.5339 0.1695 0.1925
15.5511 0.1674 0.1905
15.5682 0.1653 0.1885
15.5853 0.1632 0.1866
15.6024 0.1611 0.1848
15.6196 0.1590 0.1829
15.6367 0.1570 0.1812
15.6538 0.1549 0.1794
15.6709 0.1529 0.1777
15.6881 0.1509 0.1760
15.7052 0.1489 0.1743
15.7223 0.1469 0.1726
15.7395 0.1450 0.1709
15.7566 0.1431 0.1692
15.7737 0.1413 0.1675
15.7908 0.1395 0.1658
15.8080 0.1377 0.1641
15.8251 0.1361 0.1623
15.8422 0.1344 0.1605
15.8593 0.1329 0.1587
15.8765 0.1314 0.1569
15.8936 0.1300 0.1551
15.9107 0.1286 0.1532
15.9279 0.1273 0.1513
15.9450 0.1260 0.1494
15.9621 0.1249 0.1476
15.9792 0.1237 0.1457
15.9964 0.1226 0.1438
16.0135 0.1215 0.1420
16.0306 0.1205 0.1401
16.0477 0.1195 0.1383
16.0649 0.1185 0.1366
16.0820 0.1175 0.1348
16.0991 0.1165 0.1331
16.1162 0.1154 0.1315
16.1334 0.1144 0.1298
16.1505 0.1134 0.1282
16.1676 0.1124 0.1267
16.1848 0.1114 0.1251
16.2019 0.1103 0.1236
16.2190 0.1093 0.1221
16.2361 0.1082 0.1206
16.2533 0.1072 0.1192
16.2704 0.1061 0.1177
16.2875 0.1051 0.1163
16.3046 0.1041 0.1149
16.3218 0.1030 0.1135
16.3389 0.1020 0.1120
16.3560 0.1009 0.1106
16.3731 0.0999 0.1092
16.3903 0.0989 0.1079
16.4074 0.0978 0.1065
16.4245 0.0967 0.1051
16.4417 0.0956 0.1037
16.4588 0.0945 0.1024
16.4759 0.0934 0.1011
16.4930 0.0923 0.0997
16.5102 0.0911 0.0984
16.5273 0.0899 0.0972
16.5444 0.0887 0.0959
16.5615 0.0875 0.0947
16.5787 0.0863 0.0935
16.5958 0.0851 0.0923
16.6129 0.0839 0.0911
16.6300 0.0827 0.0899
16.6472 0.0815 0.0888
16.6643 0.0803 0.0876
16.6814 0.0792 0.0865
16.6986 0.0781 0.0854
16.7157 0.0770 0.0843
16.7328 0.0760 0.0831
16.7499 0.0750 0.0820
16.7671 0.0741 0.0809
16.7842 0.0732 0.0797
16.8013 0.0723 0.0786
16.8184 0.0715 0.0774
16.8356 0.0706 0.0762
16.8527 0.0699 0.0750
16.8698 0.0691 0.0738
16.8869 0.0684 0.0726
16.9041 0.0677 0.0713
16.9212 0.0669 0.0701
16.9383 0.0662 0.0689
16.9555 0.0656 0.0677
16.9726 0.0649 0.0664
16.9897 0.0642 0.0652
17.0068 0.0635 0.0640
17.0240 0.0628 0.0629
17.0411 0.0621 0.0617
17.0582 0.0614 0.0606
17.0753 0.0608 0.0596
17.0925 0.0601 0.0585
17.1096 0.0594 0.0575
17.1267 0.0587 0.0565
17.1438 0.0581 0.0556
17.1610 0.0574 0.0547
17.1781 0.0568 0.0538
17.1952 0.0561 0.0530
17.2124 0.0555 0.0522
17.2295 0.0549 0.0514
17.2466 0.0543 0.0506
17.2637 0.0537 0.0499
17.2809 0.0531 0.0492
17.2980 0.0525 0.0485
17.3151 0.0520 0.0478
17.3322 0.0514 0.0471
17.3494 0.0509 0.0464
17.3665 0.0503 0.0458
17.3836 0.0498 0.0451
17.4007 0.0492 0.0445
17.4179 0.0486 0.0439
17.4350 0.0481 0.0432
17.4521 0.0475 0.0426
17.4693 0.0469 0.0420
17.4864 0.0463 0.0414
17.5035 0.0456 0.0408
17.5206 0.0450 0.0403
17.5378 0.0443 0.0397
17.5549 0.0437 0.0391
17.5720 0.0430 0.0386
17.5891 0.0423 0.0381
17.6063 0.0417 0.0376
17.6234 0.0410 0.0371
17.6405 0.0403 0.0366
17.6576 0.0397 0.0362
17.6748 0.0391 0.0358
17.6919 0.0384 0.0353
17.7090 0.0378 0.0349
17.7262 0.0373 0.0345
17.7433 0.0367 0.0341
17.7604 0.0362 0.0338
17.7775 0.0357 0.0334
17.7947 0.0352 0.0330
17.8118 0.0347 0.0327
17.8289 0.0342 0.0324
17.8460 0.0338 0.0320
17.8632 0.0334 0.0317
17.8803 0.0329 0.0314
17.8974 0.0325 0.0310
17.9146 0.0321 0.0307
17.9317 0.0317 0.0304
17.9488 0.0314 0.0301
17.9659 0.0310 0.0297
17.9831 0.0306 0.0294
18.0002 0.0302 0.0291
18.0173 0.0298 0.0288
18.0344 0.0295 0.0285
18.0516 0.0291 0.0281
18.0687 0.0287 0.0278
18.0858 0.0284 0.0275
18.1029 0.0280 0.0272
18.1201 0.0277 0.0269
18.1372 0.0273 0.0266
18.1543 0.0270 0.0263
18.1715 0.0266 0.0260
18.1886 0.0263 0.0257
18.2057 0.0260 0.0254
18.2228 0.0257 0.0251
18.2400 0.0254 0.0248
18.2571 0.0251 0.0245
18.2742 0.0248 0.0242
18.2913 0.0245 0.0240
18.3085 0.0242 0.0237
18.3256 0.0239 0.0234
18.3427 0.0237 0.0232
18.3598 0.0234 0.0229
18.3770 0.0231 0.0227
18.3941 0.0229 0.0225
18.4112 0.0227 0.0222
18.4284 0.0224 0.0220
18.4455 0.0222 0.0218
18.4626 0.0220 0.0216
18.4797 0.0218 0.0214
18.4969 0.0216 0.0212
18.5140 0.0214 0.0210
18.5311 0.0212 0.0209
18.5482 0.0210 0.0207
18.5654 0.0208 0.0205
18.5825 0.0207 0.0203
18.5996 0.0205 0.0202
18.6167 0.0203 0.0200
18.6339 0.0201 0.0199
18.6510 0.0200 0.0197
18.6681 0.0198 0.0196
18.6853 0.0196 0.0195
18.7024 0.0195 0.0193
18.7195 0.0193 0.0192
18.7366 0.0191 0.0191
18.7538 0.0190 0.0189
18.7709 0.0188 0.0188
18.7880 0.0186 0.0187
18.8051 0.0184 0.0185
18.8223 0.0182 0.0184
18.8394 0.0181 0.0183
18.8565 0.0179 0.0182
18.8736 0.0177 0.0180
18.8908 0.0175 0.0179
18.9079 0.0174 0.0178
18.9250 0.0172 0.0176
18.9422 0.0170 0.0175
18.9593 0.0168 0.0173
18.9764 0.0167 0.0172
18.9935 0.0165 0.0170
19.0107 0.0163 0.0169
19.0278 0.0161 0.0167
19.0449 0.0160 0.0165
19.0620 0.0158 0.0164
19.0792 0.0156 0.0162
19.0963 0.0155 0.0160
19.1134 0.0153 0.0158
19.1305 0.0152 0.0157
19.1477 0.0150 0.0155
19.1648 0.0148 0.0153
19.1819 0.0147 0.0152
19.1991 0.0145 0.0150
19.2162 0.0144 0.0148
19.2333 0.0142 0.0147
19.2504 0.0141 0.0146
19.2676 0.0139 0.0144
19.2847 0.0138 0.0143
19.3018 0.0137 0.0141
19.3189 0.0135 0.0140
19.3361 0.0134 0.0139
19.3532 0.0133 0.0138
19.3703 0.0132 0.0136
19.3874 0.0130 0.0135
19.4046 0.0129 0.0134
19.4217 0.0128 0.0133
19.4388 0.0126 0.0132
19.4560 0.0125 0.0131
19.4731 0.0124 0.0129
19.4902 0.0123 0.0128
19.5073 0.0122 0.0127
19.5245 0.0120 0.0126
19.5416 0.0119 0.0125
19.5587 0.0118 0.0124
19.5758 0.0117 0.0123
19.5930 0.0116 0.0121
19.6101 0.0115 0.0120
19.6272 0.0114 0.0119
19.6443 0.0113 0.0118
19.6615 0.0112 0.0117
19.6786 0.0111 0.0116
19.6957 0.0110 0.0115
19.7129 0.0109 0.0114
19.7300 0.0108 0.0113
19.7471 0.0107 0.0113
19.7642 0.0106 0.0112
19.7814 0.0105 0.0111
19.7985 0.0104 0.0110
19.8156 0.0103 0.0109
19.8327 0.0102 0.0109
19.8499 0.0102 0.0108
19.8670 0.0101 0.0107
19.8841 0.0100 0.0106
19.9013 0.0099 0.0106
19.9184 0.0098 0.0105
19.9355 0.0098 0.0104
19.9526 0.0097 0.0103
19.9698 0.0096 0.0102
19.9869 0.0096 0.0102
20.0040 0.0095 0.0101
20.0211 0.0094 0.0100
20.0383 0.0094 0.0099
20.0554 0.0093 0.0098
20.0725 0.0092 0.0097
20.0896 0.0092 0.0097
20.1068 0.0091 0.0096
20.1239 0.0091 0.0095
20.1410 0.0090 0.0094
20.1582 0.0089 0.0093
20.1753 0.0089 0.0093
20.1924 0.0088 0.0092
20.2095 0.0087 0.0091
20.2267 0.0087 0.0090
20.2438 0.0086 0.0090
20.2609 0.0085 0.0089
20.2780 0.0084 0.0088
20.2952 0.0084 0.0087
20.3123 0.0083 0.0087
20.3294 0.0082 0.0086
20.3465 0.0082 0.0085
20.3637 0.0081 0.0085
20.3808 0.0080 0.0084
20.3979 0.0080 0.0083
20.4151 0.0079 0.0083
20.4322 0.0078 0.0082
20.4493 0.0077 0.0082
20.4664 0.0077 0.0081
20.4836 0.0076 0.0081
20.5007 0.0076 0.0080
20.5178 0.0075 0.0080
20.5349 0.0074 0.0079
20.5521 0.0074 0.0079
20.5692 0.0073 0.0078
20.5863 0.0073 0.0078
20.6034 0.0072 0.0077
20.6206 0.0072 0.0077
20.6377 0.0071 0.0076
20.6548 0.0071 0.0076
20.6720 0.0070 0.0075
20.6891 0.0070 0.0075
20.7062 0.0069 0.0075
20.7233 0.0069 0.0074
20.7405 0.0068 0.0074
20.7576 0.0068 0.0073
20.7747 0.0067 0.0072
20.7918 0.0067 0.0072
20.8090 0.0066 0.0071
20.8261 0.0066 0.0071
20.8432 0.0065 0.0070
20.8603 0.0065 0.0069
20.8775 0.0064 0.0069
20.8946 0.0064 0.0068
20.9117 0.0063 0.0068
20.9289 0.0063 0.0067
20.9460 0.0062 0.0066
20.9631 0.0062 0.0066
20.9802 0.0061 0.0065
20.9974 0.0061 0.0065
21.0145 0.0061 0.0064
21.0316 0.0060 0.0063
21.0487 0.0060 0.0063
21.0659 0.0059 0.0062
21.0830 0.0059 0.0062
21.1001 0.0058 0.0061
21.1172 0.0058 0.0061
21.1344 0.0057 0.0060
21.1515 0.0057 0.0060
21.1686 0.0057 0.0059
21.1858 0.0056 0.0059
21.2029 0.0056 0.0058
21.2200 0.0055 0.0058
21.2371 0.0055 0.0057
21.2543 0.0055 0.0057
21.2714 0.0054 0.0057
21.2885 0.0054 0.0056
21.3056 0.0053 0.0056
21.3228 0.0053 0.0055
21.3399 0.0053 0.0055
21.3570 0.0052 0.0055
21.3741 0.0052 0.0054
21.3913 0.0052 0.0054
21.4084 0.0051 0.0054
21.4255 0.0051 0.0053
21.4427 0.0051 0.0053
21.4598 0.0051 0.0053
21.4769 0.0050 0.0053
21.4940 0.0050 0.0052
21.5112 0.0050 0.0052
21.5283 0.0050 0.0052
21.5454 0.0049 0.0051
21.5625 0.0049 0.0051
21.5797 0.0049 0.0051
21.5968 0.0049 0.0051
21.6139 0.0049 0.0050
21.6310 0.0048 0.0050
21.6482 0.0048 0.0050
21.6653 0.0048 0.0050
21.6824 0.0048 0.0049
21.6996 0.0047 0.0049
21.7167 0.0047 0.0049
21.7338 0.0047 0.0048
21.7509 0.0047 0.0048
21.7681 0.0047 0.0048
21.7852 0.0046 0.0048
21.8023 0.0046 0.0047
21.8194 0.0046 0.0047
21.8366 0.0046 0.0047
21.8537 0.0045 0.0046
21.8708 0.0045 0.0046
21.8879 0.0045 0.0046
21.9051 0.0045 0.0046
21.9222 0.0045 0.0045
21.9393 0.0045 0.0045
21.9565 0.0044 0.0045
21.9736 0.0044 0.0045
21.9907 0.0044 0.0045
22.0078 0.0044 0.0044
22.0250 0.0044 0.0044
22.0421 0.0044 0.0044
22.0592 0.0043 0.0044
22.0763 0.0043 0.0044
22.0935 0.0043 0.0043
22.1106 0.0043 0.0043
22.1277 0.0043 0.0043
22.1449 0.0043 0.0043
22.1620 0.0043 0.0043
22.1791 0.0043 0.0043
22.1962 0.0042 0.0042
22.2134 0.0042 0.0042
22.2305 0.0042 0.0042
22.2476 0.0042 0.0042
22.2647 0.0042 0.0042
22.2819 0.0042 0.0042
22.2990 0.0042 0.0041
22.3161 0.0041 0.0041
22.3332 0.0041 0.0041
22.3504 0.0041 0.0041
22.3675 0.0041 0.0041
22.3846 0.0041 0.0041
22.4018 0.0041 0.0040
22.4189 0.0041 0.0040
22.4360 0.0040 0.0040
22.4531 0.0040 0.0040
22.4703 0.0040 0.0040
22.4874 0.0040 0.0040
22.5045 0.0040 0.0039
22.5216 0.0040 0.0039
22.5388 0.0039 0.0039
22.5559 0.0039 0.0039
22.5730 0.0039 0.0039
22.5901 0.0039 0.0038
22.6073 0.0039 0.0038
22.6244 0.0038 0.0038
22.6415 0.0038 0.0038
22.6587 0.0038 0.0037
22.6758 0.0038 0.0037
22.6929 0.0037 0.0037
22.7100 0.0037 0.0037
22.7272 0.0037 0.0037
22.7443 0.0037 0.0036
22.7614 0.0036 0.0036
22.7785 0.0036 0.0036
22.7957 0.0036 0.0036
22.8128 0.0035 0.0036
22.8299 0.0035 0.0036
22.8470 0.0035 0.0036
22.8642 0.0035 0.0035
22.8813 0.0034 0.0035
22.8984 0.0034 0.0035
22.9156 0.0034 0.0035
22.9327 0.0033 0.0035
22.9498 0.0033 0.0035
22.9669 0.0033 0.0035
22.9841 0.0033 0.0035
23.0012 0.0033 0.0035
23.0183 0.0032 0.0035
23.0354 0.0032 0.0035
23.0526 0.0032 0.0035
23.0697 0.0032 0.0035
23.0868 0.0032 0.0035
23.1039 0.0032 0.0035
23.1211 0.0031 0.0035
23.1382 0.0031 0.0035
23.1553 0.0031 0.0034
23.1725 0.0031 0.0034
23.1896 0.0031 0.0034
23.2067 0.0031 0.0034
23.2238 0.0031 0.0034
23.2410 0.0031 0.0034
23.2581 0.0031 0.0034
23.2752 0.0031 0.0034
23.2923 0.0031 0.0034
23.3095 0.0031 0.0034
23.3266 0.0031 0.0034
23.3437 0.0031 0.0034
23.3608 0.0031 0.0034
23.3780 0.0030 0.0033
23.3951 0.0030 0.0033
23.4122 0.0030 0.0033
23.4294 0.0030 0.0033
23.4465 0.0030 0.0033
23.4636 0.0030 0.0033
23.4807 0.0030 0.0033
23.4979 0.0030 0.0033
23.5150 0.0030 0.0032
23.5321 0.0029 0.0032
23.5492 0.0029 0.0032
23.5664 0.0029 0.0032
23.5835 0.0029 0.0032
23.6006 0.0029 0.0032
23.6177 0.0029 0.0032
23.6349 0.0029 0.0032
23.6520 0.0028 0.0031
23.6691 0.0028 0.0031
23.6863 0.0028 0.0031
23.7034 0.0028 0.0031
23.7205 0.0028 0.0031
23.7376 0.0028 0.0031
23.7548 0.0028 0.0031
23.7719 0.0027 0.0030
23.7890 0.0027 0.0030
23.8061 0.0027 0.0030
23.8233 0.0027 0.0030
23.8404 0.0027 0.0030
23.8575 0.0027 0.0030
23.8746 0.0027 0.0030
23.8918 0.0026 0.0029
23.9089 0.0026 0.0029
23.9260 0.0026 0.0029
23.9432 0.0026 0.0029
23.9603 0.0026 0.0029
23.9774 0.0026 0.0029
23.9945 0.0025 0.0029
24.0117 0.0025 0.0028
24.0288 0.0025 0.0028
24.0459 0.0025 0.0028
24.0630 0.0025 0.0028
24.0802 0.0024 0.0028
24.0973 0.0024 0.0027
24.1144 0.0024 0.0027
24.1316 0.0024 0.0027
24.1487 0.0024 0.0027
24.1658 0.0024 0.0027
24.1829 0.0024 0.0026
24.2001 0.0023 0.0026
24.2172 0.0023 0.0026
24.2343 0.0023 0.0026
24.2514 0.0023 0.0025
24.2686 0.0023 0.0025
24.2857 0.0023 0.0025
24.3028 0.0023 0.0025
24.3199 0.0023 0.0025
24.3371 0.0023 0.0024
24.3542 0.0023 0.0024
24.3713 0.0023 0.0024
24.3885 0.0023 0.0024
24.4056 0.0023 0.0023
24.4227 0.0022 0.0023
24.4398 0.0022 0.0023
24.4570 0.0022 0.0023
24.4741 0.0022 0.0023
24.4912 0.0022 0.0023
24.5083 0.0022 0.0022
24.5255 0.0022 0.0022
24.5426 0.0022 0.0022
24.5597 0.0022 0.0022
24.5768 0.0021 0.0022
24.5940 0.0021 0.0022
24.6111 0.0021 0.0022
24.6282 0.0021 0.0021
24.6454 0.0021 0.0021
24.6625 0.0021 0.0021
24.6796 0.0021 0.0021
24.6967 0.0021 0.0021
24.7139 0.0020 0.0021
24.7310 0.0020 0.0021
24.7481 0.0020 0.0020
24.7652 0.0020 0.0020
24.7824 0.0020 0.0020
24.7995 0.0020 0.0020
24.8166 0.0020 0.0020
24.8337 0.0019 0.0020
24.8509 0.0019 0.0019
24.8680 0.0019 0.0019
24.8851 0.0019 0.0019
24.9023 0.0019 0.0019
24.9194 0.0019 0.0019
24.9365 0.0018 0.0019
24.9536 0.0018 0.0018
24.9708 0.0018 0.0018
24.9879 0.0018 0.0018
25.0050 0.0018 0.0018
25.0221 0.0018 0.0018
25.0393 0.0018 0.0018
25.0564 0.0017 0.0018
25.0735 0.0017 0.0018
25.0906 0.0017 0.0018
25.1078 0.0017 0.0017
25.1249 0.0017 0.0017
25.1420 0.0017 0.0017
25.1592 0.0017 0.0017
25.1763 0.0017 0.0017
25.1934 0.0017 0.0017
25.2105 0.0017 0.0017
25.2277 0.0017 0.0017
25.2448 0.0016 0.0017
25.2619 0.0016 0.0017
25.2790 0.0016 0.0017
25.2962 0.0016 0.0016
25.3133 0.0016 0.0016
25.3304 0.0016 0.0016
25.3475 0.0016 0.0016
25.3647 0.0016 0.0016
25.3818 0.0016 0.0016
25.3989 0.0016 0.0016
25.4161 0.0016 0.0016
25.4332 0.0016 0.0016
25.4503 0.0016 0.0016
25.4674 0.0016 0.0016
25.4846 0.0016 0.0016
25.5017 0.0016 0.0016
25.5188 0.0016 0.0016
25.5359 0.0016 0.0016
25.5531 0.0016 0.0016
25.5702 0.0015 0.0016
25.5873 0.0015 0.0016
25.6044 0.0015 0.0016
25.6216 0.0015 0.0015
25.6387 0.0015 0.0015
25.6558 0.0015 0.0015
25.6730 0.0015 0.0015
25.6901 0.0015 0.0015
25.7072 0.0015 0.0015
25.7243 0.0015 0.0015
25.7415 0.0015 0.0015
25.7586 0.0015 0.0015
25.7757 0.0015 0.0015
25.7928 0.0015 0.0015
25.8100 0.0015 0.0015
25.8271 0.0015 0.0015
25.8442 0.0015 0.0015
25.8613 0.0015 0.0015
25.8785 0.0014 0.0015
25.8956 0.0014 0.0015
25.9127 0.0014 0.0015
25.9299 0.0014 0.0015
25.9470 0.0014 0.0015
25.9641 0.0014 0.0015
25.9812 0.0014 0.0015
25.9984 0.0014 0.0015
26.0155 0.0014 0.0015
26.0326 0.0014 0.0015
26.0497 0.0014 0.0015
26.0669 0.0014 0.0014
26.0840 0.0014 0.0014
26.1011 0.0014 0.0014
26.1182 0.0014 0.0014
26.1354 0.0013 0.0014
26.1525 0.0013 0.0014
26.1696 0.0013 0.0014
26.1868 0.0013 0.0014
26.2039 0.0013 0.0014
26.2210 0.0013 0.0014
26.2381 0.0013 0.0014
26.2553 0.0013 0.0014
26.2724 0.0013 0.0014
26.2895 0.0013 0.0014
26.3066 0.0013 0.0013
26.3238 0.0013 0.0013
26.3409 0.0012 0.0013
26.3580 0.0012 0.0013
26.3752 0.0012 0.0013
26.3923 0.0012 0.0013
26.4094 0.0012 0.0013
26.4265 0.0012 0.0013
26.4437 0.0012 0.0013
26.4608 0.0012 0.0013
26.4779 0.0012 0.0013
26.4950 0.0012 0.0012
26.5122 0.0012 0.0012
26.5293 0.0012 0.0012
26.5464 0.0012 0.0012
26.5635 0.0011 0.0012
26.5807 0.0011 0.0012
26.5978 0.0011 0.0012
26.6149 0.0011 0.0012
26.6321 0.0011 0.0012
26.6492 0.0011 0.0012
26.6663 0.0011 0.0012
26.6834 0.0011 0.0011
26.7006 0.0011 0.0011
26.7177 0.0011 0.0011
26.7348 0.0011 0.0011
26.7519 0.0011 0.0011
26.7691 0.0011 0.0011
26.7862 0.0011 0.0011
26.8033 0.0011 0.0011
26.8204 0.0010 0.0011
26.8376 0.0010 0.0011
26.8547 0.0010 0.0011
26.8718 0.0010 0.0011
26.8890 0.0010 0.0010
26.9061 0.0010 0.0010
26.9232 0.0010 0.0010
26.9403 0.0010 0.0010
26.9575 0.0010 0.0010
26.9746 0.0010 0.0010
26.9917 0.0010 0.0010
27.0088 0.0010 0.0010
27.0260 0.0010 0.0010
27.0431 0.0010 0.0010
27.0602 0.0010 0.0010
27.0773 0.0010 0.0010
27.0945 0.0010 0.0010
27.1116 0.0010 0.0010
27.1287 0.0010 0.0010
27.1459 0.0010 0.0009
27.1630 0.0009 0.0009
27.1801 0.0009 0.0009
27.1972 0.0009 0.0009
27.2144 0.0009 0.0009
27.2315 0.0009 0.0009
27.2486 0.0009 0.0009
27.2657 0.0009 0.0009
27.2829 0.0009 0.0009
27.3000 0.0009 0.0009
27.3171 0.0009 0.0009
27.3342 0.0009 0.0009
27.3514 0.0009 0.0009
27.3685 0.0009 0.0009
27.3856 0.0009 0.0009
27.4028 0.0009 0.0009
27.4199 0.0009 0.0009
27.4370 0.0009 0.0009
27.4541 0.0009 0.0009
27.4713 0.0009 0.0009
27.4884 0.0009 0.0008
27.5055 0.0008 0.0008
27.5226 0.0008 0.0008
27.5398 0.0008 0.0008
27.5569 0.0008 0.0008
27.5740 0.0008 0.0008
27.5911 0.0008 0.0008
27.6083 0.0008 0.0008
27.6254 0.0008 0.0008
27.6425 0.0008 0.0008
27.6597 0.0008 0.0008
27.6768 0.0008 0.0008
27.6939 0.0008 0.0008
27.7110 0.0008 0.0008
27.7282 0.0008 0.0008
27.7453 0.0008 0.0008
27.7624 0.0008 0.0008
27.7795 0.0007 0.0008
27.7967 0.0007 0.0008
27.8138 0.0007 0.0008
27.8309 0.0007 0.0008
27.8480 0.0007 0.0008
27.8652 0.0007 0.0007
27.8823 0.0007 0.0007
27.8994 0.0007 0.0007
27.9166 0.0007 0.0007
27.9337 0.0007 0.0007
27.9508 0.0007 0.0007
27.9679 0.0007 0.0007
27.9851 0.0007 0.0007
28.0022 0.0007 0.0007
28.0193 0.0007 0.0007
28.0364 0.0007 0.0007
28.0536 0.0007 0.0007
28.0707 0.0007 0.0007
28.0878 0.0007 0.0007
28.1049 0.0007 0.0007
28.1221 0.0007 0.0007
28.1392 0.0006 0.0007
28.1563 0.0006 0.0007
28.1735 0.0006 0.0007
28.1906 0.0006 0.0006
28.2077 0.0006 0.0006
28.2248 0.0006 0.0006
28.2420 0.0006 0.0006
28.2591 0.0006 0.0006
28.2762 0.0006 0.0006
28.2933 0.0006 0.0006
28.3105 0.0006 0.0006
28.3276 0.0006 0.0006
28.3447 0.0006 0.0006
28.3619 0.0006 0.0006
28.3790 0.0006 0.0006
28.3961 0.0006 0.0006
28.4132 0.0006 0.0006
28.4304 0.0006 0.0006
28.4475 0.0006 0.0006
28.4646 0.0006 0.0006
28.4817 0.0006 0.0006
28.4989 0.0006 0.0006
28.5160 0.0006 0.0006
28.5331 0.0006 0.0006
28.5502 0.0006 0.0006
28.5674 0.0006 0.0006
28.5845 0.0006 0.0006
28.6016 0.0006 0.0006
28.6188 0.0006 0.0006
28.6359 0.0006 0.0006
28.6530 0.0006 0.0005
28.6701 0.0006 0.0005
28.6873 0.0006 0.0005
28.7044 0.0006 0.0005
28.7215 0.0006 0.0005
28.7386 0.0006 0.0005
28.7558 0.0006 0.0005
28.7729 0.0005 0.0005
28.7900 0.0005 0.0005
28.8071 0.0005 0.0005
28.8243 0.0005 0.0005
28.8414 0.0005 0.0005
28.8585 0.0005 0.0005
28.8757 0.0005 0.0005
28.8928 0.0005 0.0005
28.9099 0.0005 0.0005
28.9270 0.0005 0.0005
28.9442 0.0005 0.0005
28.9613 0.0005 0.0005
28.9784 0.0005 0.0005
28.9955 0.0005 0.0005
29.0127 0.0005 0.0005
29.0298 0.0005 0.0005
29.0469 0.0005 0.0005
29.0640 0.0005 0.0005
29.0812 0.0005 0.0005
29.0983 0.0005 0.0005
29.1154 0.0005 0.0005
29.1326 0.0005 0.0005
29.1497 0.0005 0.0005
29.1668 0.0005 0.0005
29.1839 0.0005 0.0005
29.2011 0.0005 0.0005
29.2182 0.0005 0.0005
29.2353 0.0005 0.0005
29.2524 0.0005 0.0005
29.2696 0.0005 0.0005
29.2867 0.0005 0.0005
29.3038 0.0005 0.0005
29.3209 0.0005 0.0005
29.3381 0.0005 0.0005
29.3552 0.0005 0.0005
29.3723 0.0005 0.0005
29.3895 0.0005 0.0005
29.4066 0.0005 0.0005
29.4237 0.0005 0.0005
29.4408 0.0005 0.0005
29.4580 0.0005 0.0005
29.4751 0.0005 0.0005
29.4922 0.0005 0.0005
29.5093 0.0005 0.0005
29.5265 0.0005 0.0005
29.5436 0.0005 0.0005
29.5607 0.0005 0.0005
29.5778 0.0005 0.0005
29.5950 0.0005 0.0005
29.6121 0.0005 0.0005
29.6292 0.0005 0.0005
29.6464 0.0005 0.0005
29.6635 0.0005 0.0005
29.6806 0.0005 0.0005
29.6977 0.0005 0.0005
29.7149 0.0005 0.0005
29.7320 0.0005 0.0005
29.7491 0.0005 0.0005
29.7662 0.0005 0.0005
29.7834 0.0005 0.0005
29.8005 0.0005 0.0005
29.8176 0.0005 0.0005
29.8347 0.0005 0.0005
29.8519 0.0005 0.0005
29.8690 0.0005 0.0005
29.8861 0.0005 0.0005
29.9033 0.0005 0.0005
29.9204 0.0005 0.0005
29.9375 0.0005 0.0005
29.9546 0.0005 0.0005
29.9718 0.0005 0.0004
29.9889 0.0005 0.0004
30.0060 0.0005 0.0004
30.0231 0.0005 0.0004
30.0403 0.0005 0.0004
30.0574 0.0005 0.0004
30.0745 0.0005 0.0004
30.0916 0.0005 0.0004
30.1088 0.0005 0.0004
30.1259 0.0005 0.0004
30.1430 0.0005 0.0004
30.1602 0.0005 0.0004
30.1773 0.0005 0.0004
30.1944 0.0004 0.0004
30.2115 0.0004 0.0004
30.2287 0.0004 0.0004
30.2458 0.0004 0.0004
30.2629 0.0004 0.0004
30.2800 0.0004 0.0004
30.2972 0.0004 0.0004
30.3143 0.0004 0.0004
30.3314 0.0004 0.0004
30.3485 0.0004 0.0004
30.3657 0.0004 0.0004
30.3828 0.0004 0.0004
30.3999 0.0004 0.0004
30.4171 0.0004 0.0004
30.4342 0.0004 0.0004
30.4513 0.0004 0.0004
30.4684 0.0004 0.0004
30.4856 0.0004 0.0004
30.5027 0.0004 0.0004
30.5198 0.0004 0.0004
30.5369 0.0004 0.0004
30.5541 0.0004 0.0004
30.5712 0.0004 0.0004
30.5883 0.0004 0.0004
30.6055 0.0004 0.0004
30.6226 0.0004 0.0004
30.6397 0.0004 0.0004
30.6568 0.0004 0.0004
30.6740 0.0004 0.0004
30.6911 0.0004 0.0004
30.7082 0.0004 0.0004
30.7253 0.0004 0.0004
30.7425 0.0004 0.0004
30.7596 0.0004 0.0004
30.7767 0.0004 0.0004
30.7938 0.0004 0.0004
30.8110 0.0004 0.0004
30.8281 0.0004 0.0004
30.8452 0.0004 0.0004
30.8624 0.0004 0.0004
30.8795 0.0004 0.0004
30.8966 0.0004 0.0004
30.9137 0.0004 0.0004
30.9309 0.0004 0.0004
30.9480 0.0004 0.0004
30.9651 0.0004 0.0004
30.9822 0.0004 0.0004
30.9994 0.0004 0.0004
31.0165 0.0004 0.0004
31.0336 0.0004 0.0004
31.0507 0.0004 0.0004
31.0679 0.0004 0.0004
31.0850 0.0004 0.0004
31.1021 0.0004 0.0004
31.1193 0.0004 0.0004
31.1364 0.0004 0.0004
31.1535 0.0004 0.0004
31.1706 0.0004 0.0004
31.1878 0.0004 0.0004
31.2049 0.0004 0.0004
31.2220 0.0004 0.0004
31.2391 0.0004 0.0004
31.2563 0.0004 0.0004
31.2734 0.0004 0.0004
31.2905 0.0004 0.0004
31.3076 0.0004 0.0004
31.3248 0.0004 0.0004
31.3419 0.0004 0.0004
31.3590 0.0004 0.0004
31.3762 0.0004 0.0004
31.3933 0.0004 0.0004
31.4104 0.0004 0.0004
31.4275 0.0004 0.0004
31.4447 0.0004 0.0004
31.4618 0.0004 0.0004
31.4789 0.0004 0.0004
31.4960 0.0004 0.0004
31.5132 0.0004 0.0004
31.5303 0.0004 0.0004
31.5474 0.0004 0.0004
31.5645 0.0004 0.0004
31.5817 0.0004 0.0004
31.5988 0.0004 0.0004
31.6159 0.0004 0.0004
31.6331 0.0004 0.0004
31.6502 0.0004 0.0004
31.6673 0.0004 0.0004
31.6844 0.0004 0.0004
31.7016 0.0004 0.0004
31.7187 0.0004 0.0004
31.7358 0.0004 0.0004
31.7529 0.0004 0.0004
31.7701 0.0004 0.0004
31.7872 0.0004 0.0004
31.8043 0.0004 0.0004
31.8214 0.0004 0.0004
31.8386 0.0004 0.0004
31.8557 0.0004 0.0004
31.8728 0.0004 0.0004
31.8900 0.0004 0.0004
31.9071 0.0004 0.0004
31.9242 0.0004 0.0004
31.9413 0.0004 0.0004
31.9585 0.0004 0.0004
31.9756 0.0004 0.0004
31.9927 0.0004 0.0004
32.0098 0.0004 0.0004
32.0270 0.0004 0.0004
32.0441 0.0004 0.0003
32.0612 0.0004 0.0003
32.0783 0.0004 0.0003
32.0955 0.0004 0.0003
32.1126 0.0004 0.0003
32.1297 0.0004 0.0003
32.1469 0.0004 0.0003
32.1640 0.0004 0.0003
32.1811 0.0004 0.0003
32.1982 0.0004 0.0003
32.2154 0.0004 0.0003
32.2325 0.0004 0.0003
32.2496 0.0004 0.0003
32.2667 0.0004 0.0003
32.2839 0.0004 0.0003
32.3010 0.0004 0.0003
32.3181 0.0003 0.0003
32.3352 0.0003 0.0003
32.3524 0.0003 0.0003
32.3695 0.0003 0.0003
32.3866 0.0003 0.0003
32.4038 0.0003 0.0003
32.4209 0.0003 0.0003
32.4380 0.0003 0.0003
32.4551 0.0003 0.0003
32.4723 0.0003 0.0003
32.4894 0.0003 0.0003
32.5065 0.0003 0.0003
32.5236 0.0003 0.0003
32.5408 0.0003 0.0003
32.5579 0.0003 0.0003
32.5750 0.0003 0.0003
32.5922 0.0003 0.0003
32.6093 0.0003 0.0003
32.6264 0.0003 0.0003
32.6435 0.0003 0.0003
32.6607 0.0003 0.0003
32.6778 0.0003 0.0003
32.6949 0.0003 0.0003
32.7120 0.0003 0.0003
32.7292 0.0003 0.0003
32.7463 0.0003 0.0003
32.7634 0.0003 0.0003
32.7805 0.0003 0.0003
32.7977 0.0003 0.0003
32.8148 0.0003 0.0003
32.8319 0.0003 0.0003
32.8491 0.0003 0.0003
32.8662 0.0003 0.0003
32.8833 0.0003 0.0003
32.9004 0.0003 0.0003
32.9176 0.0003 0.0003
32.9347 0.0003 0.0003
32.9518 0.0003 0.0003
32.9689 0.0003 0.0003
32.9861 0.0003 0.0003
33.0032 0.0003 0.0003
33.0203 0.0003 0.0003
33.0374 0.0003 0.0003
33.0546 0.0003 0.0003
33.0717 0.0003 0.0003
33.0888 0.0003 0.0003
33.1060 0.0003 0.0003
33.1231 0.0003 0.0003
33.1402 0.0003 0.0003
33.1573 0.0003 0.0003
33.1745 0.0003 0.0003
33.1916 0.0003 0.0003
33.2087 0.0003 0.0003
33.2258 0.0003 0.0003
33.2430 0.0003 0.0003
33.2601 0.0003 0.0003
33.2772 0.0003 0.0003
33.2943 0.0003 0.0003
33.3115 0.0003 0.0003
33.3286 0.0003 0.0003
33.3457 0.0003 0.0003
33.3629 0.0003 0.0003
33.3800 0.0003 0.0003
33.3971 0.0003 0.0003
33.4142 0.0003 0.0003
33.4314 0.0003 0.0003
33.4485 0.0003 0.0003
33.4656 0.0003 0.0003
33.4827 0.0003 0.0003
33.4999 0.0003 0.0003
33.5170 0.0003 0.0003
33.5341 0.0003 0.0003
33.5512 0.0003 0.0003
33.5684 0.0003 0.0003
33.5855 0.0003 0.0003
33.6026 0.0003 0.0003
33.6198 0.0003 0.0003
33.6369 0.0003 0.0003
33.6540 0.0003 0.0003
33.6711 0.0003 0.0003
33.6883 0.0003 0.0003
33.7054 0.0003 0.0003
33.7225 0.0003 0.0003
33.7396 0.0003 0.0003
33.7568 0.0003 0.0003
33.7739 0.0003 0.0003
33.7910 0.0003 0.0003
33.8081 0.0003 0.0003
33.8253 0.0003 0.0003
33.8424 0.0003 0.0003
33.8595 0.0003 0.0003
33.8767 0.0003 0.0003
33.8938 0.0003 0.0003
33.9109 0.0003 0.0003
33.9280 0.0003 0.0003
33.9452 0.0003 0.0003
33.9623 0.0003 0.0003
33.9794 0.0003 0.0003
33.9965 0.0003 0.0003
34.0137 0.0003 0.0003
34.0308 0.0003 0.0003
34.0479 0.0003 0.0003
34.0650 0.0003 0.0003
34.0822 0.0003 0.0003
34.0993 0.0003 0.0003
34.1164 0.0003 0.0003
34.1336 0.0003 0.0003
34.1507 0.0003 0.0003
34.1678 0.0003 0.0003
34.1849 0.0003 0.0003
34.2021 0.0003 0.0003
34.2192 0.0003 0.0003
34.2363 0.0003 0.0003
  
  
  
  
  
dim="1">gridpoints</dimension>  
  
  
  
  
  
  
  
  
0.0000 333.1053 242.3146
0.0171 333.1053 242.3146
0.0343 166.3759 120.9197
0.0514 110.7241 80.3526
0.0685 82.8450 59.9963
0.0856 66.0788 47.7285
0.1028 54.8726 39.5091
0.1199 46.8471 33.6073
0.1370 40.8130 29.1582
0.1541 36.1095 25.6814
0.1713 32.3403 22.8887
0.1884 29.2529 20.5969
0.2055 26.6790 18.6837
0.2226 24.5019 17.0643
0.2398 22.6379 15.6780
0.2569 21.0256 14.4800
0.2740 19.6187 13.4366
0.2912 18.3816 12.5218
0.3083 17.2865 11.7151
0.3254 16.3112 11.0001
0.3425 15.4380 10.3637
0.3597 14.6525 9.7951
0.3768 13.9426 9.2853
0.3939 13.2986 8.8268
0.4110 12.7121 8.4133
0.4282 12.1762 8.0396
0.4453 11.6850 7.7011
0.4624 11.2334 7.3940
0.4795 10.8170 7.1150
0.4967 10.4321 6.8613
0.5138 10.0754 6.6305
0.5309 9.7439 6.4202
0.5481 9.4350 6.2287
0.5652 9.1463 6.0541
0.5823 8.8756 5.8949
0.5994 8.6210 5.7496
0.6166 8.3807 5.6168
0.6337 8.1529 5.4952
0.6508 7.9363 5.3835
0.6679 7.7293 5.2806
0.6851 7.5309 5.1852
0.7022 7.3399 5.0963
0.7193 7.1555 5.0128
0.7364 6.9770 4.9338
0.7536 6.8039 4.8584
0.7707 6.6357 4.7857
0.7878 6.4723 4.7150
0.8050 6.3135 4.6458
0.8221 6.1594 4.5775
0.8392 6.0102 4.5097
0.8563 5.8659 4.4421
0.8735 5.7269 4.3744
0.8906 5.5934 4.3067
0.9077 5.4657 4.2388
0.9248 5.3439 4.1707
0.9420 5.2283 4.1027
0.9591 5.1188 4.0349
0.9762 5.0156 3.9675
0.9933 4.9186 3.9007
1.0105 4.8274 3.8350
1.0276 4.7420 3.7705
1.0447 4.6618 3.7076
1.0619 4.5864 3.6467
1.0790 4.5155 3.5879
1.0961 4.4483 3.5317
1.1132 4.3843 3.4781
1.1304 4.3231 3.4275
1.1475 4.2641 3.3799
1.1646 4.2067 3.3355
1.1817 4.1507 3.2943
1.1989 4.0956 3.2562
1.2160 4.0413 3.2212
1.2331 3.9874 3.1890
1.2503 3.9339 3.1596
1.2674 3.8808 3.1325
1.2845 3.8279 3.1076
1.3016 3.7754 3.0844
1.3188 3.7232 3.0626
1.3359 3.6714 3.0418
1.3530 3.6199 3.0217
1.3701 3.5689 3.0019
1.3873 3.5183 2.9820
1.4044 3.4682 2.9617
1.4215 3.4185 2.9407
1.4386 3.3693 2.9186
1.4558 3.3206 2.8954
1.4729 3.2723 2.8706
1.4900 3.2246 2.8443
1.5072 3.1775 2.8162
1.5243 3.1310 2.7862
1.5414 3.0852 2.7542
1.5585 3.0403 2.7203
1.5757 2.9963 2.6844
1.5928 2.9533 2.6467
1.6099 2.9114 2.6071
1.6270 2.8705 2.5659
1.6442 2.8308 2.5232
1.6613 2.7922 2.4794
1.6784 2.7546 2.4347
1.6955 2.7180 2.3895
1.7127 2.6822 2.3441
1.7298 2.6472 2.2990
1.7469 2.6127 2.2545
1.7641 2.5788 2.2111
1.7812 2.5452 2.1690
1.7983 2.5119 2.1287
1.8154 2.4788 2.0904
1.8326 2.4460 2.0542
1.8497 2.4134 2.0203
1.8668 2.3811 1.9888
1.8839 2.3492 1.9597
1.9011 2.3180 1.9327
1.9182 2.2877 1.9078
1.9353 2.2583 1.8849
1.9524 2.2302 1.8635
1.9696 2.2036 1.8436
1.9867 2.1786 1.8248
2.0038 2.1553 1.8069
2.0210 2.1338 1.7897
2.0381 2.1142 1.7730
2.0552 2.0965 1.7566
2.0723 2.0804 1.7405
2.0895 2.0659 1.7245
2.1066 2.0526 1.7087
2.1237 2.0405 1.6930
2.1408 2.0291 1.6776
2.1580 2.0182 1.6624
2.1751 2.0074 1.6476
2.1922 1.9966 1.6334
2.2093 1.9854 1.6198
2.2265 1.9736 1.6069
2.2436 1.9612 1.5950
2.2607 1.9481 1.5841
2.2779 1.9341 1.5743
2.2950 1.9194 1.5658
2.3121 1.9039 1.5586
2.3292 1.8879 1.5528
2.3464 1.8715 1.5483
2.3635 1.8548 1.5452
2.3806 1.8379 1.5435
2.3977 1.8211 1.5430
2.4149 1.8044 1.5436
2.4320 1.7880 1.5451
2.4491 1.7720 1.5475
2.4662 1.7564 1.5504
2.4834 1.7413 1.5537
2.5005 1.7265 1.5570
2.5176 1.7122 1.5602
2.5348 1.6984 1.5630
2.5519 1.6848 1.5652
2.5690 1.6717 1.5665
2.5861 1.6588 1.5668
2.6033 1.6462 1.5658
2.6204 1.6338 1.5636
2.6375 1.6217 1.5600
2.6546 1.6098 1.5550
2.6718 1.5982 1.5487
2.6889 1.5867 1.5411
2.7060 1.5754 1.5323
2.7231 1.5643 1.5224
2.7403 1.5534 1.5117
2.7574 1.5426 1.5002
2.7745 1.5319 1.4881
2.7917 1.5212 1.4757
2.8088 1.5106 1.4630
2.8259 1.4999 1.4501
2.8430 1.4891 1.4373
2.8602 1.4782 1.4244
2.8773 1.4672 1.4117
2.8944 1.4559 1.3990
2.9115 1.4444 1.3864
2.9287 1.4327 1.3739
2.9458 1.4207 1.3615
2.9629 1.4084 1.3490
2.9800 1.3960 1.3365
2.9972 1.3833 1.3239
3.0143 1.3705 1.3111
3.0314 1.3576 1.2982
3.0486 1.3447 1.2852
3.0657 1.3318 1.2720
3.0828 1.3189 1.2586
3.0999 1.3063 1.2452
3.1171 1.2939 1.2316
3.1342 1.2818 1.2181
3.1513 1.2700 1.2046
3.1684 1.2586 1.1912
3.1856 1.2476 1.1780
3.2027 1.2371 1.1649
3.2198 1.2269 1.1521
3.2370 1.2171 1.1397
3.2541 1.2076 1.1275
3.2712 1.1985 1.1157
3.2883 1.1895 1.1043
3.3055 1.1807 1.0932
3.3226 1.1719 1.0826
3.3397 1.1631 1.0723
3.3568 1.1542 1.0625
3.3740 1.1451 1.0530
3.3911 1.1356 1.0438
3.4082 1.1258 1.0350
3.4253 1.1156 1.0266
3.4425 1.1050 1.0185
3.4596 1.0939 1.0107
3.4767 1.0823 1.0033
3.4939 1.0703 0.9962
3.5110 1.0579 0.9894
3.5281 1.0451 0.9830
3.5452 1.0321 0.9768
3.5624 1.0189 0.9711
3.5795 1.0056 0.9656
3.5966 0.9923 0.9604
3.6137 0.9791 0.9556
3.6309 0.9661 0.9510
3.6480 0.9533 0.9467
3.6651 0.9408 0.9426
3.6822 0.9287 0.9387
3.6994 0.9170 0.9349
3.7165 0.9057 0.9313
3.7336 0.8949 0.9278
3.7508 0.8846 0.9244
3.7679 0.8747 0.9210
3.7850 0.8653 0.9177
3.8021 0.8564 0.9143
3.8193 0.8478 0.9110
3.8364 0.8397 0.9077
3.8535 0.8319 0.9043
3.8706 0.8244 0.9008
3.8878 0.8172 0.8974
3.9049 0.8103 0.8938
3.9220 0.8036 0.8902
3.9391 0.7971 0.8865
3.9563 0.7907 0.8828
3.9734 0.7844 0.8790
3.9905 0.7783 0.8752
4.0077 0.7721 0.8713
4.0248 0.7661 0.8675
4.0419 0.7600 0.8636
4.0590 0.7540 0.8598
4.0762 0.7480 0.8561
4.0933 0.7420 0.8524
4.1104 0.7360 0.8489
4.1275 0.7300 0.8455
4.1447 0.7240 0.8423
4.1618 0.7181 0.8392
4.1789 0.7123 0.8363
4.1960 0.7065 0.8335
4.2132 0.7008 0.8309
4.2303 0.6952 0.8283
4.2474 0.6898 0.8259
4.2646 0.6845 0.8234
4.2817 0.6794 0.8209
4.2988 0.6745 0.8184
4.3159 0.6698 0.8157
4.3331 0.6652 0.8128
4.3502 0.6609 0.8097
4.3673 0.6568 0.8064
4.3844 0.6530 0.8028
4.4016 0.6494 0.7988
4.4187 0.6460 0.7946
4.4358 0.6430 0.7901
4.4529 0.6402 0.7853
4.4701 0.6378 0.7802
4.4872 0.6357 0.7749
4.5043 0.6340 0.7694
4.5215 0.6326 0.7637
4.5386 0.6317 0.7580
4.5557 0.6311 0.7521
4.5728 0.6309 0.7462
4.5900 0.6311 0.7403
4.6071 0.6316 0.7344
4.6242 0.6325 0.7286
4.6413 0.6336 0.7229
4.6585 0.6349 0.7172
4.6756 0.6363 0.7117
4.6927 0.6378 0.7062
4.7098 0.6392 0.7008
4.7270 0.6405 0.6955
4.7441 0.6416 0.6903
4.7612 0.6425 0.6852
4.7784 0.6430 0.6801
4.7955 0.6432 0.6750
4.8126 0.6429 0.6700
4.8297 0.6422 0.6651
4.8469 0.6412 0.6603
4.8640 0.6397 0.6556
4.8811 0.6378 0.6510
4.8982 0.6356 0.6465
4.9154 0.6331 0.6423
4.9325 0.6304 0.6382
4.9496 0.6275 0.6343
4.9667 0.6246 0.6308
4.9839 0.6215 0.6274
5.0010 0.6185 0.6244
5.0181 0.6155 0.6217
5.0353 0.6126 0.6192
5.0524 0.6098 0.6170
5.0695 0.6072 0.6151
5.0866 0.6047 0.6135
5.1038 0.6023 0.6121
5.1209 0.6001 0.6109
5.1380 0.5981 0.6099
5.1551 0.5962 0.6091
5.1723 0.5944 0.6084
5.1894 0.5927 0.6079
5.2065 0.5911 0.6075
5.2236 0.5897 0.6072
5.2408 0.5883 0.6069
5.2579 0.5870 0.6067
5.2750 0.5858 0.6064
5.2922 0.5846 0.6062
5.3093 0.5836 0.6058
5.3264 0.5826 0.6054
5.3435 0.5817 0.6048
5.3607 0.5809 0.6040
5.3778 0.5801 0.6031
5.3949 0.5795 0.6018
5.4120 0.5789 0.6003
5.4292 0.5783 0.5985
5.4463 0.5779 0.5964
5.4634 0.5775 0.5941
5.4806 0.5771 0.5915
5.4977 0.5768 0.5886
5.5148 0.5766 0.5856
5.5319 0.5764 0.5824
5.5491 0.5762 0.5791
5.5662 0.5761 0.5758
5.5833 0.5760 0.5726
5.6004 0.5759 0.5694
5.6176 0.5759 0.5664
5.6347 0.5759 0.5636
5.6518 0.5760 0.5610
5.6689 0.5760 0.5587
5.6861 0.5761 0.5567
5.7032 0.5761 0.5550
5.7203 0.5762 0.5536
5.7375 0.5761 0.5524
5.7546 0.5760 0.5514
5.7717 0.5758 0.5507
5.7888 0.5754 0.5502
5.8060 0.5749 0.5498
5.8231 0.5742 0.5495
5.8402 0.5732 0.5493
5.8573 0.5720 0.5492
5.8745 0.5705 0.5491
5.8916 0.5688 0.5490
5.9087 0.5667 0.5489
5.9258 0.5643 0.5487
5.9430 0.5616 0.5485
5.9601 0.5586 0.5482
5.9772 0.5553 0.5479
5.9944 0.5518 0.5474
6.0115 0.5480 0.5468
6.0286 0.5441 0.5460
6.0457 0.5400 0.5450
6.0629 0.5358 0.5439
6.0800 0.5315 0.5425
6.0971 0.5272 0.5409
6.1142 0.5229 0.5390
6.1314 0.5187 0.5369
6.1485 0.5146 0.5346
6.1656 0.5105 0.5320
6.1827 0.5066 0.5292
6.1999 0.5029 0.5262
6.2170 0.4994 0.5231
6.2341 0.4960 0.5199
6.2513 0.4929 0.5166
6.2684 0.4900 0.5133
6.2855 0.4872 0.5101
6.3026 0.4847 0.5070
6.3198 0.4824 0.5041
6.3369 0.4802 0.5013
6.3540 0.4782 0.4988
6.3711 0.4764 0.4965
6.3883 0.4747 0.4945
6.4054 0.4731 0.4928
6.4225 0.4716 0.4914
6.4396 0.4702 0.4901
6.4568 0.4689 0.4892
6.4739 0.4676 0.4884
6.4910 0.4663 0.4877
6.5082 0.4651 0.4872
6.5253 0.4639 0.4868
6.5424 0.4628 0.4864
6.5595 0.4617 0.4860
6.5767 0.4607 0.4855
6.5938 0.4598 0.4851
6.6109 0.4590 0.4846
6.6280 0.4582 0.4840
6.6452 0.4576 0.4833
6.6623 0.4570 0.4826
6.6794 0.4566 0.4818
6.6965 0.4564 0.4809
6.7137 0.4562 0.4801
6.7308 0.4561 0.4791
6.7479 0.4562 0.4782
6.7651 0.4562 0.4773
6.7822 0.4564 0.4763
6.7993 0.4565 0.4754
6.8164 0.4566 0.4744
6.8336 0.4567 0.4734
6.8507 0.4566 0.4725
6.8678 0.4565 0.4715
6.8849 0.4562 0.4705
6.9021 0.4558 0.4696
6.9192 0.4553 0.4686
6.9363 0.4545 0.4676
6.9534 0.4536 0.4666
6.9706 0.4526 0.4657
6.9877 0.4514 0.4647
7.0048 0.4500 0.4638
7.0220 0.4485 0.4629
7.0391 0.4469 0.4621
7.0562 0.4452 0.4612
7.0733 0.4435 0.4605
7.0905 0.4416 0.4597
7.1076 0.4397 0.4590
7.1247 0.4377 0.4583
7.1418 0.4357 0.4577
7.1590 0.4337 0.4570
7.1761 0.4317 0.4564
7.1932 0.4297 0.4557
7.2103 0.4276 0.4550
7.2275 0.4256 0.4543
7.2446 0.4236 0.4535
7.2617 0.4217 0.4527
7.2789 0.4198 0.4519
7.2960 0.4180 0.4510
7.3131 0.4162 0.4501
7.3302 0.4145 0.4491
7.3474 0.4130 0.4482
7.3645 0.4115 0.4472
7.3816 0.4102 0.4464
7.3987 0.4090 0.4455
7.4159 0.4080 0.4448
7.4330 0.4072 0.4442
7.4501 0.4066 0.4437
7.4673 0.4062 0.4435
7.4844 0.4060 0.4433
7.5015 0.4060 0.4434
7.5186 0.4062 0.4437
7.5358 0.4066 0.4442
7.5529 0.4072 0.4448
7.5700 0.4081 0.4456
7.5871 0.4091 0.4465
7.6043 0.4104 0.4474
7.6214 0.4118 0.4485
7.6385 0.4134 0.4495
7.6556 0.4151 0.4505
7.6728 0.4170 0.4514
7.6899 0.4190 0.4522
7.7070 0.4212 0.4528
7.7242 0.4234 0.4532
7.7413 0.4257 0.4534
7.7584 0.4280 0.4534
7.7755 0.4304 0.4532
7.7927 0.4329 0.4526
7.8098 0.4353 0.4519
7.8269 0.4377 0.4509
7.8440 0.4401 0.4498
7.8612 0.4425 0.4484
7.8783 0.4448 0.4469
7.8954 0.4471 0.4453
7.9125 0.4493 0.4436
7.9297 0.4515 0.4419
7.9468 0.4535 0.4401
7.9639 0.4555 0.4383
7.9811 0.4573 0.4365
7.9982 0.4591 0.4348
8.0153 0.4607 0.4331
8.0324 0.4622 0.4315
8.0496 0.4636 0.4300
8.0667 0.4648 0.4287
8.0838 0.4659 0.4274
8.1009 0.4668 0.4262
8.1181 0.4675 0.4252
8.1352 0.4681 0.4243
8.1523 0.4685 0.4235
8.1694 0.4687 0.4228
8.1866 0.4688 0.4222
8.2037 0.4687 0.4218
8.2208 0.4685 0.4215
8.2380 0.4681 0.4212
8.2551 0.4677 0.4211
8.2722 0.4672 0.4211
8.2893 0.4666 0.4212
8.3065 0.4661 0.4214
8.3236 0.4656 0.4217
8.3407 0.4651 0.4222
8.3578 0.4647 0.4227
8.3750 0.4645 0.4234
8.3921 0.4644 0.4242
8.4092 0.4645 0.4251
8.4263 0.4648 0.4261
8.4435 0.4653 0.4273
8.4606 0.4660 0.4286
8.4777 0.4669 0.4300
8.4949 0.4679 0.4315
8.5120 0.4692 0.4332
8.5291 0.4706 0.4349
8.5462 0.4722 0.4367
8.5634 0.4739 0.4387
8.5805 0.4758 0.4406
8.5976 0.4778 0.4426
8.6147 0.4798 0.4447
8.6319 0.4819 0.4467
8.6490 0.4841 0.4488
8.6661 0.4863 0.4508
8.6832 0.4885 0.4528
8.7004 0.4906 0.4547
8.7175 0.4927 0.4565
8.7346 0.4947 0.4583
8.7518 0.4967 0.4600
8.7689 0.4985 0.4616
8.7860 0.5001 0.4631
8.8031 0.5016 0.4645
8.8203 0.5030 0.4658
8.8374 0.5041 0.4671
8.8545 0.5050 0.4682
8.8716 0.5057 0.4692
8.8888 0.5062 0.4702
8.9059 0.5065 0.4711
8.9230 0.5066 0.4720
8.9401 0.5066 0.4728
8.9573 0.5064 0.4736
8.9744 0.5060 0.4743
8.9915 0.5056 0.4750
9.0087 0.5051 0.4757
9.0258 0.5046 0.4764
9.0429 0.5040 0.4770
9.0600 0.5035 0.4777
9.0772 0.5030 0.4783
9.0943 0.5026 0.4788
9.1114 0.5022 0.4794
9.1285 0.5019 0.4799
9.1457 0.5017 0.4804
9.1628 0.5017 0.4809
9.1799 0.5017 0.4813
9.1970 0.5018 0.4818
9.2142 0.5020 0.4822
9.2313 0.5023 0.4826
9.2484 0.5027 0.4831
9.2656 0.5031 0.4835
9.2827 0.5036 0.4840
9.2998 0.5041 0.4845
9.3169 0.5046 0.4851
9.3341 0.5051 0.4857
9.3512 0.5056 0.4863
9.3683 0.5060 0.4870
9.3854 0.5065 0.4877
9.4026 0.5069 0.4884
9.4197 0.5073 0.4892
9.4368 0.5076 0.4899
9.4540 0.5079 0.4906
9.4711 0.5082 0.4912
9.4882 0.5084 0.4917
9.5053 0.5085 0.4922
9.5225 0.5087 0.4925
9.5396 0.5088 0.4927
9.5567 0.5088 0.4927
9.5738 0.5088 0.4925
9.5910 0.5088 0.4922
9.6081 0.5087 0.4916
9.6252 0.5086 0.4909
9.6423 0.5084 0.4899
9.6595 0.5081 0.4887
9.6766 0.5077 0.4873
9.6937 0.5072 0.4858
9.7109 0.5067 0.4840
9.7280 0.5060 0.4821
9.7451 0.5053 0.4800
9.7622 0.5044 0.4778
9.7794 0.5034 0.4755
9.7965 0.5023 0.4731
9.8136 0.5011 0.4707
9.8307 0.4998 0.4682
9.8479 0.4984 0.4657
9.8650 0.4968 0.4633
9.8821 0.4952 0.4609
9.8992 0.4934 0.4586
9.9164 0.4916 0.4564
9.9335 0.4898 0.4545
9.9506 0.4878 0.4526
9.9678 0.4859 0.4510
9.9849 0.4839 0.4497
10.0020 0.4820 0.4485
10.0191 0.4801 0.4477
10.0363 0.4783 0.4470
10.0534 0.4766 0.4467
10.0705 0.4750 0.4465
10.0876 0.4735 0.4466
10.1048 0.4723 0.4469
10.1219 0.4712 0.4474
10.1390 0.4704 0.4480
10.1561 0.4698 0.4487
10.1733 0.4694 0.4496
10.1904 0.4692 0.4504
10.2075 0.4693 0.4513
10.2247 0.4696 0.4521
10.2418 0.4700 0.4529
10.2589 0.4707 0.4537
10.2760 0.4715 0.4543
10.2932 0.4723 0.4549
10.3103 0.4733 0.4553
10.3274 0.4743 0.4556
10.3445 0.4754 0.4558
10.3617 0.4764 0.4559
10.3788 0.4774 0.4559
10.3959 0.4783 0.4558
10.4130 0.4791 0.4556
10.4302 0.4799 0.4554
10.4473 0.4805 0.4551
10.4644 0.4810 0.4549
10.4816 0.4814 0.4546
10.4987 0.4816 0.4543
10.5158 0.4817 0.4541
10.5329 0.4817 0.4539
10.5501 0.4816 0.4537
10.5672 0.4813 0.4536
10.5843 0.4809 0.4536
10.6014 0.4803 0.4536
10.6186 0.4797 0.4537
10.6357 0.4789 0.4539
10.6528 0.4781 0.4542
10.6699 0.4771 0.4545
10.6871 0.4760 0.4549
10.7042 0.4749 0.4554
10.7213 0.4737 0.4560
10.7385 0.4725 0.4566
10.7556 0.4712 0.4574
10.7727 0.4700 0.4583
10.7898 0.4688 0.4592
10.8070 0.4676 0.4603
10.8241 0.4665 0.4615
10.8412 0.4655 0.4628
10.8583 0.4647 0.4642
10.8755 0.4639 0.4657
10.8926 0.4633 0.4673
10.9097 0.4629 0.4689
10.9268 0.4626 0.4707
10.9440 0.4625 0.4725
10.9611 0.4625 0.4743
10.9782 0.4627 0.4761
10.9954 0.4629 0.4779
11.0125 0.4633 0.4796
11.0296 0.4637 0.4812
11.0467 0.4642 0.4826
11.0639 0.4646 0.4838
11.0810 0.4650 0.4848
11.0981 0.4654 0.4856
11.1152 0.4657 0.4861
11.1324 0.4659 0.4864
11.1495 0.4659 0.4863
11.1666 0.4659 0.4859
11.1837 0.4657 0.4853
11.2009 0.4653 0.4844
11.2180 0.4649 0.4832
11.2351 0.4643 0.4818
11.2523 0.4635 0.4802
11.2694 0.4626 0.4784
11.2865 0.4616 0.4764
11.3036 0.4606 0.4744
11.3208 0.4594 0.4722
11.3379 0.4581 0.4700
11.3550 0.4567 0.4678
11.3721 0.4553 0.4655
11.3893 0.4538 0.4633
11.4064 0.4523 0.4612
11.4235 0.4507 0.4591
11.4406 0.4491 0.4571
11.4578 0.4475 0.4552
11.4749 0.4459 0.4534
11.4920 0.4444 0.4517
11.5092 0.4429 0.4502
11.5263 0.4415 0.4489
11.5434 0.4402 0.4478
11.5605 0.4390 0.4468
11.5777 0.4380 0.4460
11.5948 0.4371 0.4454
11.6119 0.4365 0.4451
11.6290 0.4360 0.4450
11.6462 0.4357 0.4451
11.6633 0.4356 0.4455
11.6804 0.4356 0.4462
11.6976 0.4358 0.4472
11.7147 0.4362 0.4485
11.7318 0.4366 0.4500
11.7489 0.4372 0.4519
11.7661 0.4378 0.4540
11.7832 0.4385 0.4564
11.8003 0.4392 0.4591
11.8174 0.4398 0.4621
11.8346 0.4405 0.4653
11.8517 0.4411 0.4687
11.8688 0.4417 0.4723
11.8859 0.4422 0.4760
11.9031 0.4427 0.4799
11.9202 0.4431 0.4838
11.9373 0.4436 0.4877
11.9545 0.4440 0.4916
11.9716 0.4445 0.4954
11.9887 0.4450 0.4990
12.0058 0.4456 0.5025
12.0230 0.4462 0.5058
12.0401 0.4470 0.5087
12.0572 0.4478 0.5113
12.0743 0.4488 0.5136
12.0915 0.4499 0.5154
12.1086 0.4511 0.5169
12.1257 0.4524 0.5179
12.1428 0.4539 0.5185
12.1600 0.4554 0.5187
12.1771 0.4570 0.5184
12.1942 0.4588 0.5178
12.2114 0.4605 0.5167
12.2285 0.4623 0.5154
12.2456 0.4642 0.5138
12.2627 0.4661 0.5119
12.2799 0.4679 0.5097
12.2970 0.4698 0.5075
12.3141 0.4716 0.5051
12.3312 0.4735 0.5026
12.3484 0.4752 0.5001
12.3655 0.4770 0.4976
12.3826 0.4787 0.4952
12.3997 0.4803 0.4928
12.4169 0.4820 0.4906
12.4340 0.4835 0.4885
12.4511 0.4851 0.4866
12.4683 0.4866 0.4849
12.4854 0.4880 0.4834
12.5025 0.4895 0.4821
12.5196 0.4909 0.4809
12.5368 0.4923 0.4800
12.5539 0.4937 0.4792
12.5710 0.4951 0.4786
12.5881 0.4965 0.4781
12.6053 0.4979 0.4777
12.6224 0.4993 0.4774
12.6395 0.5008 0.4772
12.6566 0.5022 0.4770
12.6738 0.5036 0.4768
12.6909 0.5051 0.4766
12.7080 0.5065 0.4763
12.7252 0.5080 0.4761
12.7423 0.5094 0.4757
12.7594 0.5108 0.4754
12.7765 0.5122 0.4750
12.7937 0.5135 0.4745
12.8108 0.5147 0.4741
12.8279 0.5159 0.4736
12.8450 0.5170 0.4730
12.8622 0.5179 0.4725
12.8793 0.5187 0.4719
12.8964 0.5194 0.4713
12.9135 0.5198 0.4707
12.9307 0.5201 0.4700
12.9478 0.5202 0.4693
12.9649 0.5201 0.4686
12.9821 0.5197 0.4678
12.9992 0.5192 0.4669
13.0163 0.5184 0.4660
13.0334 0.5174 0.4650
13.0506 0.5162 0.4640
13.0677 0.5149 0.4629
13.0848 0.5134 0.4618
13.1019 0.5118 0.4606
13.1191 0.5101 0.4594
13.1362 0.5083 0.4582
13.1533 0.5066 0.4570
13.1704 0.5048 0.4558
13.1876 0.5031 0.4546
13.2047 0.5014 0.4534
13.2218 0.4998 0.4523
13.2390 0.4983 0.4512
13.2561 0.4969 0.4501
13.2732 0.4956 0.4492
13.2903 0.4944 0.4482
13.3075 0.4933 0.4474
13.3246 0.4923 0.4465
13.3417 0.4914 0.4457
13.3588 0.4905 0.4449
13.3760 0.4896 0.4442
13.3931 0.4887 0.4434
13.4102 0.4878 0.4427
13.4273 0.4869 0.4419
13.4445 0.4860 0.4412
13.4616 0.4849 0.4404
13.4787 0.4839 0.4396
13.4959 0.4828 0.4388
13.5130 0.4816 0.4380
13.5301 0.4803 0.4372
13.5472 0.4790 0.4363
13.5644 0.4776 0.4354
13.5815 0.4762 0.4345
13.5986 0.4748 0.4336
13.6157 0.4733 0.4326
13.6329 0.4718 0.4316
13.6500 0.4703 0.4305
13.6671 0.4688 0.4293
13.6843 0.4673 0.4281
13.7014 0.4657 0.4268
13.7185 0.4641 0.4254
13.7356 0.4625 0.4240
13.7528 0.4608 0.4224
13.7699 0.4590 0.4208
13.7870 0.4572 0.4191
13.8041 0.4553 0.4173
13.8213 0.4533 0.4154
13.8384 0.4512 0.4135
13.8555 0.4490 0.4116
13.8726 0.4467 0.4096
13.8898 0.4442 0.4076
13.9069 0.4416 0.4055
13.9240 0.4389 0.4035
13.9412 0.4361 0.4014
13.9583 0.4331 0.3994
13.9754 0.4301 0.3974
13.9925 0.4269 0.3954
14.0097 0.4237 0.3934
14.0268 0.4204 0.3914
14.0439 0.4171 0.3895
14.0610 0.4138 0.3875
14.0782 0.4104 0.3855
14.0953 0.4071 0.3835
14.1124 0.4037 0.3814
14.1295 0.4004 0.3794
14.1467 0.3971 0.3772
14.1638 0.3938 0.3750
14.1809 0.3905 0.3728
14.1981 0.3873 0.3704
14.2152 0.3841 0.3680
14.2323 0.3809 0.3656
14.2494 0.3777 0.3630
14.2666 0.3745 0.3604
14.2837 0.3712 0.3577
14.3008 0.3679 0.3550
14.3179 0.3646 0.3522
14.3351 0.3612 0.3494
14.3522 0.3578 0.3466
14.3693 0.3543 0.3437
14.3864 0.3508 0.3409
14.4036 0.3472 0.3380
14.4207 0.3436 0.3352
14.4378 0.3399 0.3324
14.4550 0.3362 0.3296
14.4721 0.3325 0.3268
14.4892 0.3289 0.3241
14.5063 0.3252 0.3215
14.5235 0.3216 0.3189
14.5406 0.3180 0.3163
14.5577 0.3145 0.3138
14.5748 0.3110 0.3114
14.5920 0.3077 0.3090
14.6091 0.3044 0.3066
14.6262 0.3012 0.3043
14.6433 0.2980 0.3020
14.6605 0.2950 0.2997
14.6776 0.2920 0.2975
14.6947 0.2890 0.2953
14.7119 0.2861 0.2931
14.7290 0.2832 0.2910
14.7461 0.2803 0.2888
14.7632 0.2775 0.2867
14.7804 0.2746 0.2846
14.7975 0.2717 0.2825
14.8146 0.2687 0.2804
14.8317 0.2657 0.2783
14.8489 0.2627 0.2762
14.8660 0.2597 0.2741
14.8831 0.2566 0.2720
14.9002 0.2536 0.2699
14.9174 0.2505 0.2679
14.9345 0.2474 0.2658
14.9516 0.2443 0.2637
14.9688 0.2413 0.2616
14.9859 0.2383 0.2595
15.0030 0.2354 0.2575
15.0201 0.2325 0.2553
15.0373 0.2296 0.2532
15.0544 0.2269 0.2511
15.0715 0.2242 0.2490
15.0886 0.2216 0.2468
15.1058 0.2191 0.2446
15.1229 0.2166 0.2424
15.1400 0.2142 0.2402
15.1571 0.2118 0.2380
15.1743 0.2095 0.2357
15.1914 0.2073 0.2334
15.2085 0.2050 0.2311
15.2257 0.2028 0.2288
15.2428 0.2006 0.2264
15.2599 0.1985 0.2241
15.2770 0.1963 0.2217
15.2942 0.1941 0.2193
15.3113 0.1920 0.2169
15.3284 0.1898 0.2145
15.3455 0.1877 0.2120
15.3627 0.1855 0.2096
15.3798 0.1833 0.2072
15.3969 0.1812 0.2049
15.4140 0.1790 0.2025
15.4312 0.1769 0.2002
15.4483 0.1747 0.1980
15.4654 0.1726 0.1957
15.4826 0.1705 0.1936
15.4997 0.1683 0.1914
15.5168 0.1662 0.1894
15.5339 0.1641 0.1873
15.5511 0.1620 0.1854
15.5682 0.1599 0.1834
15.5853 0.1579 0.1816
15.6024 0.1558 0.1797
15.6196 0.1537 0.1779
15.6367 0.1517 0.1762
15.6538 0.1497 0.1744
15.6709 0.1477 0.1727
15.6881 0.1457 0.1710
15.7052 0.1437 0.1694
15.7223 0.1418 0.1677
15.7395 0.1399 0.1660
15.7566 0.1380 0.1643
15.7737 0.1362 0.1626
15.7908 0.1345 0.1609
15.8080 0.1328 0.1592
15.8251 0.1311 0.1575
15.8422 0.1295 0.1557
15.8593 0.1280 0.1539
15.8765 0.1265 0.1521
15.8936 0.1251 0.1502
15.9107 0.1238 0.1484
15.9279 0.1225 0.1465
15.9450 0.1213 0.1446
15.9621 0.1202 0.1428
15.9792 0.1190 0.1409
15.9964 0.1180 0.1391
16.0135 0.1169 0.1372
16.0306 0.1159 0.1354
16.0477 0.1149 0.1336
16.0649 0.1139 0.1319
16.0820 0.1129 0.1302
16.0991 0.1119 0.1285
16.1162 0.1110 0.1269
16.1334 0.1100 0.1252
16.1505 0.1090 0.1237
16.1676 0.1080 0.1221
16.1848 0.1069 0.1206
16.2019 0.1059 0.1191
16.2190 0.1049 0.1176
16.2361 0.1039 0.1162
16.2533 0.1028 0.1147
16.2704 0.1018 0.1133
16.2875 0.1008 0.1119
16.3046 0.0997 0.1105
16.3218 0.0987 0.1091
16.3389 0.0977 0.1077
16.3560 0.0967 0.1063
16.3731 0.0956 0.1049
16.3903 0.0946 0.1035
16.4074 0.0936 0.1022
16.4245 0.0925 0.1008
16.4417 0.0914 0.0995
16.4588 0.0904 0.0981
16.4759 0.0892 0.0968
16.4930 0.0881 0.0955
16.5102 0.0870 0.0943
16.5273 0.0858 0.0930
16.5444 0.0846 0.0918
16.5615 0.0834 0.0905
16.5787 0.0822 0.0893
16.5958 0.0810 0.0882
16.6129 0.0798 0.0870
16.6300 0.0786 0.0859
16.6472 0.0775 0.0847
16.6643 0.0763 0.0836
16.6814 0.0752 0.0825
16.6986 0.0741 0.0814
16.7157 0.0731 0.0803
16.7328 0.0721 0.0792
16.7499 0.0711 0.0781
16.7671 0.0702 0.0769
16.7842 0.0693 0.0758
16.8013 0.0685 0.0747
16.8184 0.0677 0.0735
16.8356 0.0669 0.0723
16.8527 0.0661 0.0711
16.8698 0.0654 0.0699
16.8869 0.0647 0.0687
16.9041 0.0640 0.0675
16.9212 0.0633 0.0663
16.9383 0.0626 0.0651
16.9555 0.0619 0.0639
16.9726 0.0612 0.0627
16.9897 0.0606 0.0615
17.0068 0.0599 0.0603
17.0240 0.0592 0.0592
17.0411 0.0586 0.0581
17.0582 0.0579 0.0570
17.0753 0.0572 0.0559
17.0925 0.0566 0.0549
17.1096 0.0559 0.0539
17.1267 0.0552 0.0530
17.1438 0.0546 0.0521
17.1610 0.0540 0.0512
17.1781 0.0533 0.0503
17.1952 0.0527 0.0495
17.2124 0.0521 0.0487
17.2295 0.0515 0.0480
17.2466 0.0509 0.0472
17.2637 0.0503 0.0465
17.2809 0.0498 0.0458
17.2980 0.0492 0.0451
17.3151 0.0486 0.0444
17.3322 0.0481 0.0438
17.3494 0.0476 0.0431
17.3665 0.0470 0.0425
17.3836 0.0465 0.0419
17.4007 0.0459 0.0412
17.4179 0.0454 0.0406
17.4350 0.0448 0.0400
17.4521 0.0442 0.0394
17.4693 0.0436 0.0388
17.4864 0.0430 0.0382
17.5035 0.0424 0.0377
17.5206 0.0418 0.0371
17.5378 0.0412 0.0366
17.5549 0.0405 0.0360
17.5720 0.0399 0.0355
17.5891 0.0392 0.0350
17.6063 0.0385 0.0346
17.6234 0.0379 0.0341
17.6405 0.0372 0.0336
17.6576 0.0366 0.0332
17.6748 0.0360 0.0328
17.6919 0.0354 0.0324
17.7090 0.0348 0.0320
17.7262 0.0342 0.0316
17.7433 0.0337 0.0312
17.7604 0.0332 0.0309
17.7775 0.0327 0.0305
17.7947 0.0322 0.0302
17.8118 0.0318 0.0298
17.8289 0.0313 0.0295
17.8460 0.0309 0.0292
17.8632 0.0305 0.0289
17.8803 0.0301 0.0286
17.8974 0.0297 0.0283
17.9146 0.0293 0.0279
17.9317 0.0289 0.0276
17.9488 0.0285 0.0273
17.9659 0.0282 0.0270
17.9831 0.0278 0.0267
18.0002 0.0274 0.0264
18.0173 0.0271 0.0261
18.0344 0.0267 0.0258
18.0516 0.0263 0.0255
18.0687 0.0260 0.0252
18.0858 0.0256 0.0249
18.1029 0.0253 0.0246
18.1201 0.0250 0.0243
18.1372 0.0246 0.0240
18.1543 0.0243 0.0237
18.1715 0.0240 0.0234
18.1886 0.0237 0.0231
18.2057 0.0234 0.0228
18.2228 0.0231 0.0225
18.2400 0.0228 0.0223
18.2571 0.0225 0.0220
18.2742 0.0222 0.0217
18.2913 0.0219 0.0215
18.3085 0.0217 0.0212
18.3256 0.0214 0.0210
18.3427 0.0211 0.0207
18.3598 0.0209 0.0205
18.3770 0.0206 0.0203
18.3941 0.0204 0.0200
18.4112 0.0202 0.0198
18.4284 0.0199 0.0196
18.4455 0.0197 0.0194
18.4626 0.0195 0.0192
18.4797 0.0193 0.0190
18.4969 0.0191 0.0189
18.5140 0.0190 0.0187
18.5311 0.0188 0.0185
18.5482 0.0186 0.0183
18.5654 0.0184 0.0182
18.5825 0.0183 0.0180
18.5996 0.0181 0.0179
18.6167 0.0180 0.0177
18.6339 0.0178 0.0176
18.6510 0.0176 0.0175
18.6681 0.0175 0.0173
18.6853 0.0173 0.0172
18.7024 0.0172 0.0171
18.7195 0.0170 0.0170
18.7366 0.0168 0.0168
18.7538 0.0167 0.0167
18.7709 0.0165 0.0166
18.7880 0.0163 0.0165
18.8051 0.0162 0.0164
18.8223 0.0160 0.0162
18.8394 0.0158 0.0161
18.8565 0.0157 0.0160
18.8736 0.0155 0.0159
18.8908 0.0153 0.0158
18.9079 0.0151 0.0156
18.9250 0.0150 0.0155
18.9422 0.0148 0.0154
18.9593 0.0146 0.0152
18.9764 0.0145 0.0151
18.9935 0.0143 0.0149
19.0107 0.0142 0.0148
19.0278 0.0140 0.0146
19.0449 0.0138 0.0144
19.0620 0.0137 0.0143
19.0792 0.0135 0.0141
19.0963 0.0134 0.0140
19.1134 0.0132 0.0138
19.1305 0.0131 0.0136
19.1477 0.0129 0.0135
19.1648 0.0128 0.0133
19.1819 0.0126 0.0131
19.1991 0.0125 0.0130
19.2162 0.0123 0.0128
19.2333 0.0122 0.0127
19.2504 0.0121 0.0126
19.2676 0.0119 0.0124
19.2847 0.0118 0.0123
19.3018 0.0117 0.0122
19.3189 0.0115 0.0121
19.3361 0.0114 0.0119
19.3532 0.0113 0.0118
19.3703 0.0112 0.0117
19.3874 0.0111 0.0116
19.4046 0.0109 0.0115
19.4217 0.0108 0.0114
19.4388 0.0107 0.0113
19.4560 0.0106 0.0112
19.4731 0.0105 0.0111
19.4902 0.0104 0.0110
19.5073 0.0102 0.0108
19.5245 0.0101 0.0107
19.5416 0.0100 0.0106
19.5587 0.0099 0.0105
19.5758 0.0098 0.0104
19.5930 0.0097 0.0103
19.6101 0.0096 0.0102
19.6272 0.0095 0.0101
19.6443 0.0094 0.0100
19.6615 0.0093 0.0099
19.6786 0.0092 0.0098
19.6957 0.0091 0.0097
19.7129 0.0090 0.0097
19.7300 0.0089 0.0096
19.7471 0.0089 0.0095
19.7642 0.0088 0.0094
19.7814 0.0087 0.0093
19.7985 0.0086 0.0093
19.8156 0.0085 0.0092
19.8327 0.0085 0.0091
19.8499 0.0084 0.0091
19.8670 0.0083 0.0090
19.8841 0.0082 0.0089
19.9013 0.0082 0.0088
19.9184 0.0081 0.0088
19.9355 0.0080 0.0087
19.9526 0.0080 0.0086
19.9698 0.0079 0.0085
19.9869 0.0078 0.0085
20.0040 0.0078 0.0084
20.0211 0.0077 0.0083
20.0383 0.0077 0.0082
20.0554 0.0076 0.0082
20.0725 0.0076 0.0081
20.0896 0.0075 0.0080
20.1068 0.0074 0.0079
20.1239 0.0074 0.0079
20.1410 0.0073 0.0078
20.1582 0.0073 0.0077
20.1753 0.0072 0.0076
20.1924 0.0071 0.0076
20.2095 0.0071 0.0075
20.2267 0.0070 0.0074
20.2438 0.0070 0.0074
20.2609 0.0069 0.0073
20.2780 0.0068 0.0072
20.2952 0.0068 0.0072
20.3123 0.0067 0.0071
20.3294 0.0066 0.0070
20.3465 0.0066 0.0070
20.3637 0.0065 0.0069
20.3808 0.0064 0.0069
20.3979 0.0064 0.0068
20.4151 0.0063 0.0067
20.4322 0.0062 0.0067
20.4493 0.0062 0.0066
20.4664 0.0061 0.0066
20.4836 0.0061 0.0065
20.5007 0.0060 0.0065
20.5178 0.0059 0.0065
20.5349 0.0059 0.0064
20.5521 0.0058 0.0064
20.5692 0.0058 0.0063
20.5863 0.0057 0.0063
20.6034 0.0057 0.0062
20.6206 0.0056 0.0062
20.6377 0.0056 0.0062
20.6548 0.0055 0.0061
20.6720 0.0055 0.0061
20.6891 0.0055 0.0060
20.7062 0.0054 0.0060
20.7233 0.0054 0.0060
20.7405 0.0053 0.0059
20.7576 0.0053 0.0059
20.7747 0.0052 0.0058
20.7918 0.0052 0.0058
20.8090 0.0051 0.0057
20.8261 0.0051 0.0056
20.8432 0.0051 0.0056
20.8603 0.0050 0.0055
20.8775 0.0050 0.0055
20.8946 0.0049 0.0054
20.9117 0.0049 0.0054
20.9289 0.0049 0.0053
20.9460 0.0048 0.0052
20.9631 0.0048 0.0052
20.9802 0.0047 0.0051
20.9974 0.0047 0.0051
21.0145 0.0046 0.0050
21.0316 0.0046 0.0050
21.0487 0.0046 0.0049
21.0659 0.0045 0.0049
21.0830 0.0045 0.0048
21.1001 0.0044 0.0048
21.1172 0.0044 0.0047
21.1344 0.0044 0.0047
21.1515 0.0043 0.0046
21.1686 0.0043 0.0046
21.1858 0.0042 0.0046
21.2029 0.0042 0.0045
21.2200 0.0042 0.0045
21.2371 0.0041 0.0044
21.2543 0.0041 0.0044
21.2714 0.0041 0.0044
21.2885 0.0040 0.0043
21.3056 0.0040 0.0043
21.3228 0.0040 0.0043
21.3399 0.0040 0.0042
21.3570 0.0039 0.0042
21.3741 0.0039 0.0042
21.3913 0.0039 0.0041
21.4084 0.0038 0.0041
21.4255 0.0038 0.0041
21.4427 0.0038 0.0041
21.4598 0.0038 0.0040
21.4769 0.0037 0.0040
21.4940 0.0037 0.0040
21.5112 0.0037 0.0040
21.5283 0.0037 0.0039
21.5454 0.0037 0.0039
21.5625 0.0036 0.0039
21.5797 0.0036 0.0039
21.5968 0.0036 0.0038
21.6139 0.0036 0.0038
21.6310 0.0036 0.0038
21.6482 0.0036 0.0038
21.6653 0.0035 0.0037
21.6824 0.0035 0.0037
21.6996 0.0035 0.0037
21.7167 0.0035 0.0037
21.7338 0.0035 0.0036
21.7509 0.0035 0.0036
21.7681 0.0034 0.0036
21.7852 0.0034 0.0036
21.8023 0.0034 0.0035
21.8194 0.0034 0.0035
21.8366 0.0034 0.0035
21.8537 0.0033 0.0035
21.8708 0.0033 0.0035
21.8879 0.0033 0.0034
21.9051 0.0033 0.0034
21.9222 0.0033 0.0034
21.9393 0.0033 0.0034
21.9565 0.0033 0.0034
21.9736 0.0032 0.0033
21.9907 0.0032 0.0033
22.0078 0.0032 0.0033
22.0250 0.0032 0.0033
22.0421 0.0032 0.0033
22.0592 0.0032 0.0033
22.0763 0.0032 0.0032
22.0935 0.0032 0.0032
22.1106 0.0032 0.0032
22.1277 0.0031 0.0032
22.1449 0.0031 0.0032
22.1620 0.0031 0.0032
22.1791 0.0031 0.0032
22.1962 0.0031 0.0031
22.2134 0.0031 0.0031
22.2305 0.0031 0.0031
22.2476 0.0031 0.0031
22.2647 0.0031 0.0031
22.2819 0.0031 0.0031
22.2990 0.0030 0.0031
22.3161 0.0030 0.0030
22.3332 0.0030 0.0030
22.3504 0.0030 0.0030
22.3675 0.0030 0.0030
22.3846 0.0030 0.0030
22.4018 0.0030 0.0030
22.4189 0.0030 0.0030
22.4360 0.0029 0.0029
22.4531 0.0029 0.0029
22.4703 0.0029 0.0029
22.4874 0.0029 0.0029
22.5045 0.0029 0.0029
22.5216 0.0029 0.0029
22.5388 0.0029 0.0029
22.5559 0.0028 0.0028
22.5730 0.0028 0.0028
22.5901 0.0028 0.0028
22.6073 0.0028 0.0028
22.6244 0.0028 0.0028
22.6415 0.0028 0.0027
22.6587 0.0027 0.0027
22.6758 0.0027 0.0027
22.6929 0.0027 0.0027
22.7100 0.0027 0.0027
22.7272 0.0026 0.0027
22.7443 0.0026 0.0026
22.7614 0.0026 0.0026
22.7785 0.0026 0.0026
22.7957 0.0025 0.0026
22.8128 0.0025 0.0026
22.8299 0.0025 0.0026
22.8470 0.0025 0.0026
22.8642 0.0024 0.0026
22.8813 0.0024 0.0025
22.8984 0.0024 0.0025
22.9156 0.0024 0.0025
22.9327 0.0023 0.0025
22.9498 0.0023 0.0025
22.9669 0.0023 0.0025
22.9841 0.0023 0.0025
23.0012 0.0023 0.0025
23.0183 0.0022 0.0025
23.0354 0.0022 0.0025
23.0526 0.0022 0.0025
23.0697 0.0022 0.0025
23.0868 0.0022 0.0025
23.1039 0.0022 0.0025
23.1211 0.0022 0.0025
23.1382 0.0022 0.0025
23.1553 0.0022 0.0025
23.1725 0.0021 0.0025
23.1896 0.0021 0.0025
23.2067 0.0021 0.0025
23.2238 0.0021 0.0025
23.2410 0.0021 0.0025
23.2581 0.0021 0.0025
23.2752 0.0021 0.0025
23.2923 0.0021 0.0025
23.3095 0.0021 0.0025
23.3266 0.0021 0.0025
23.3437 0.0021 0.0024
23.3608 0.0021 0.0024
23.3780 0.0021 0.0024
23.3951 0.0021 0.0024
23.4122 0.0021 0.0024
23.4294 0.0021 0.0024
23.4465 0.0021 0.0024
23.4636 0.0021 0.0024
23.4807 0.0021 0.0024
23.4979 0.0021 0.0024
23.5150 0.0020 0.0024
23.5321 0.0020 0.0023
23.5492 0.0020 0.0023
23.5664 0.0020 0.0023
23.5835 0.0020 0.0023
23.6006 0.0020 0.0023
23.6177 0.0020 0.0023
23.6349 0.0020 0.0023
23.6520 0.0019 0.0023
23.6691 0.0019 0.0023
23.6863 0.0019 0.0023
23.7034 0.0019 0.0022
23.7205 0.0019 0.0022
23.7376 0.0019 0.0022
23.7548 0.0019 0.0022
23.7719 0.0019 0.0022
23.7890 0.0018 0.0022
23.8061 0.0018 0.0022
23.8233 0.0018 0.0022
23.8404 0.0018 0.0021
23.8575 0.0018 0.0021
23.8746 0.0018 0.0021
23.8918 0.0018 0.0021
23.9089 0.0018 0.0021
23.9260 0.0017 0.0021
23.9432 0.0017 0.0021
23.9603 0.0017 0.0020
23.9774 0.0017 0.0020
23.9945 0.0017 0.0020
24.0117 0.0017 0.0020
24.0288 0.0016 0.0020
24.0459 0.0016 0.0020
24.0630 0.0016 0.0020
24.0802 0.0016 0.0019
24.0973 0.0016 0.0019
24.1144 0.0016 0.0019
24.1316 0.0016 0.0019
24.1487 0.0015 0.0019
24.1658 0.0015 0.0019
24.1829 0.0015 0.0018
24.2001 0.0015 0.0018
24.2172 0.0015 0.0018
24.2343 0.0015 0.0018
24.2514 0.0015 0.0017
24.2686 0.0015 0.0017
24.2857 0.0015 0.0017
24.3028 0.0015 0.0017
24.3199 0.0015 0.0017
24.3371 0.0015 0.0016
24.3542 0.0015 0.0016
24.3713 0.0015 0.0016
24.3885 0.0015 0.0016
24.4056 0.0014 0.0016
24.4227 0.0014 0.0015
24.4398 0.0014 0.0015
24.4570 0.0014 0.0015
24.4741 0.0014 0.0015
24.4912 0.0014 0.0015
24.5083 0.0014 0.0015
24.5255 0.0014 0.0015
24.5426 0.0014 0.0014
24.5597 0.0014 0.0014
24.5768 0.0014 0.0014
24.5940 0.0014 0.0014
24.6111 0.0013 0.0014
24.6282 0.0013 0.0014
24.6454 0.0013 0.0014
24.6625 0.0013 0.0014
24.6796 0.0013 0.0014
24.6967 0.0013 0.0013
24.7139 0.0013 0.0013
24.7310 0.0013 0.0013
24.7481 0.0012 0.0013
24.7652 0.0012 0.0013
24.7824 0.0012 0.0013
24.7995 0.0012 0.0012
24.8166 0.0012 0.0012
24.8337 0.0012 0.0012
24.8509 0.0012 0.0012
24.8680 0.0012 0.0012
24.8851 0.0011 0.0012
24.9023 0.0011 0.0012
24.9194 0.0011 0.0012
24.9365 0.0011 0.0011
24.9536 0.0011 0.0011
24.9708 0.0011 0.0011
24.9879 0.0011 0.0011
25.0050 0.0010 0.0011
25.0221 0.0010 0.0011
25.0393 0.0010 0.0011
25.0564 0.0010 0.0011
25.0735 0.0010 0.0011
25.0906 0.0010 0.0011
25.1078 0.0010 0.0010
25.1249 0.0010 0.0010
25.1420 0.0010 0.0010
25.1592 0.0010 0.0010
25.1763 0.0010 0.0010
25.1934 0.0009 0.0010
25.2105 0.0009 0.0010
25.2277 0.0009 0.0010
25.2448 0.0009 0.0010
25.2619 0.0009 0.0010
25.2790 0.0009 0.0010
25.2962 0.0009 0.0010
25.3133 0.0009 0.0009
25.3304 0.0009 0.0009
25.3475 0.0009 0.0009
25.3647 0.0009 0.0009
25.3818 0.0009 0.0009
25.3989 0.0009 0.0009
25.4161 0.0009 0.0009
25.4332 0.0009 0.0009
25.4503 0.0009 0.0009
25.4674 0.0009 0.0009
25.4846 0.0009 0.0009
25.5017 0.0009 0.0009
25.5188 0.0009 0.0009
25.5359 0.0009 0.0009
25.5531 0.0009 0.0009
25.5702 0.0009 0.0009
25.5873 0.0009 0.0009
25.6044 0.0009 0.0009
25.6216 0.0009 0.0009
25.6387 0.0009 0.0009
25.6558 0.0008 0.0009
25.6730 0.0008 0.0009
25.6901 0.0008 0.0009
25.7072 0.0008 0.0009
25.7243 0.0008 0.0009
25.7415 0.0008 0.0009
25.7586 0.0008 0.0009
25.7757 0.0008 0.0009
25.7928 0.0008 0.0009
25.8100 0.0008 0.0009
25.8271 0.0008 0.0009
25.8442 0.0008 0.0009
25.8613 0.0008 0.0009
25.8785 0.0008 0.0009
25.8956 0.0008 0.0009
25.9127 0.0008 0.0009
25.9299 0.0008 0.0009
25.9470 0.0008 0.0009
25.9641 0.0008 0.0008
25.9812 0.0008 0.0008
25.9984 0.0008 0.0008
26.0155 0.0008 0.0008
26.0326 0.0008 0.0008
26.0497 0.0007 0.0008
26.0669 0.0007 0.0008
26.0840 0.0007 0.0008
26.1011 0.0007 0.0008
26.1182 0.0007 0.0008
26.1354 0.0007 0.0008
26.1525 0.0007 0.0008
26.1696 0.0007 0.0008
26.1868 0.0007 0.0008
26.2039 0.0007 0.0008
26.2210 0.0007 0.0008
26.2381 0.0007 0.0008
26.2553 0.0007 0.0008
26.2724 0.0007 0.0008
26.2895 0.0006 0.0008
26.3066 0.0006 0.0007
26.3238 0.0006 0.0007
26.3409 0.0006 0.0007
26.3580 0.0006 0.0007
26.3752 0.0006 0.0007
26.3923 0.0006 0.0007
26.4094 0.0006 0.0007
26.4265 0.0006 0.0007
26.4437 0.0006 0.0007
26.4608 0.0006 0.0007
26.4779 0.0006 0.0007
26.4950 0.0006 0.0007
26.5122 0.0006 0.0007
26.5293 0.0006 0.0006
26.5464 0.0006 0.0006
26.5635 0.0005 0.0006
26.5807 0.0005 0.0006
26.5978 0.0005 0.0006
26.6149 0.0005 0.0006
26.6321 0.0005 0.0006
26.6492 0.0005 0.0006
26.6663 0.0005 0.0006
26.6834 0.0005 0.0006
26.7006 0.0005 0.0006
26.7177 0.0005 0.0006
26.7348 0.0005 0.0006
26.7519 0.0005 0.0005
26.7691 0.0005 0.0005
26.7862 0.0005 0.0005
26.8033 0.0005 0.0005
26.8204 0.0005 0.0005
26.8376 0.0005 0.0005
26.8547 0.0005 0.0005
26.8718 0.0005 0.0005
26.8890 0.0004 0.0005
26.9061 0.0004 0.0005
26.9232 0.0004 0.0005
26.9403 0.0004 0.0005
26.9575 0.0004 0.0005
26.9746 0.0004 0.0005
26.9917 0.0004 0.0005
27.0088 0.0004 0.0005
27.0260 0.0004 0.0004
27.0431 0.0004 0.0004
27.0602 0.0004 0.0004
27.0773 0.0004 0.0004
27.0945 0.0004 0.0004
27.1116 0.0004 0.0004
27.1287 0.0004 0.0004
27.1459 0.0004 0.0004
27.1630 0.0004 0.0004
27.1801 0.0004 0.0004
27.1972 0.0004 0.0004
27.2144 0.0004 0.0004
27.2315 0.0004 0.0004
27.2486 0.0004 0.0004
27.2657 0.0004 0.0004
27.2829 0.0004 0.0004
27.3000 0.0004 0.0004
27.3171 0.0004 0.0004
27.3342 0.0004 0.0004
27.3514 0.0004 0.0004
27.3685 0.0004 0.0004
27.3856 0.0003 0.0004
27.4028 0.0003 0.0004
27.4199 0.0003 0.0003
27.4370 0.0003 0.0003
27.4541 0.0003 0.0003
27.4713 0.0003 0.0003
27.4884 0.0003 0.0003
27.5055 0.0003 0.0003
27.5226 0.0003 0.0003
27.5398 0.0003 0.0003
27.5569 0.0003 0.0003
27.5740 0.0003 0.0003
27.5911 0.0003 0.0003
27.6083 0.0003 0.0003
27.6254 0.0003 0.0003
27.6425 0.0003 0.0003
27.6597 0.0003 0.0003
27.6768 0.0003 0.0003
27.6939 0.0003 0.0003
27.7110 0.0003 0.0003
27.7282 0.0002 0.0003
27.7453 0.0002 0.0003
27.7624 0.0002 0.0003
27.7795 0.0002 0.0003
27.7967 0.0002 0.0003
27.8138 0.0002 0.0003
27.8309 0.0002 0.0003
27.8480 0.0002 0.0003
27.8652 0.0002 0.0003
27.8823 0.0002 0.0003
27.8994 0.0002 0.0002
27.9166 0.0002 0.0002
27.9337 0.0002 0.0002
27.9508 0.0002 0.0002
27.9679 0.0002 0.0002
27.9851 0.0002 0.0002
28.0022 0.0002 0.0002
28.0193 0.0002 0.0002
28.0364 0.0002 0.0002
28.0536 0.0002 0.0002
28.0707 0.0002 0.0002
28.0878 0.0002 0.0002
28.1049 0.0002 0.0002
28.1221 0.0002 0.0002
28.1392 0.0002 0.0002
28.1563 0.0002 0.0002
28.1735 0.0002 0.0002
28.1906 0.0002 0.0002
28.2077 0.0001 0.0002
28.2248 0.0001 0.0002
28.2420 0.0001 0.0002
28.2591 0.0001 0.0002
28.2762 0.0001 0.0002
28.2933 0.0001 0.0002
28.3105 0.0001 0.0001
28.3276 0.0001 0.0001
28.3447 0.0001 0.0001
28.3619 0.0001 0.0001
28.3790 0.0001 0.0001
28.3961 0.0001 0.0001
28.4132 0.0001 0.0001
28.4304 0.0001 0.0001
28.4475 0.0001 0.0001
28.4646 0.0001 0.0001
28.4817 0.0001 0.0001
28.4989 0.0001 0.0001
28.5160 0.0001 0.0001
28.5331 0.0001 0.0001
28.5502 0.0001 0.0001
28.5674 0.0001 0.0001
28.5845 0.0001 0.0001
28.6016 0.0001 0.0001
28.6188 0.0001 0.0001
28.6359 0.0001 0.0001
28.6530 0.0001 0.0001
28.6701 0.0001 0.0001
28.6873 0.0001 0.0001
28.7044 0.0001 0.0001
28.7215 0.0001 0.0001
28.7386 0.0001 0.0001
28.7558 0.0001 0.0001
28.7729 0.0001 0.0001
28.7900 0.0001 0.0001
28.8071 0.0001 0.0001
28.8243 0.0001 0.0001
28.8414 0.0001 0.0001
28.8585 0.0001 0.0001
28.8757 0.0001 0.0001
28.8928 0.0001 0.0001
28.9099 0.0001 0.0001
28.9270 0.0001 0.0001
28.9442 0.0001 0.0001
28.9613 0.0001 0.0001
28.9784 0.0001 0.0001
28.9955 0.0001 0.0001
29.0127 0.0001 0.0001
29.0298 0.0001 0.0001
29.0469 0.0001 0.0001
29.0640 0.0001 0.0001
29.0812 0.0001 0.0001
29.0983 0.0001 0.0001
29.1154 0.0001 0.0001
29.1326 0.0001 0.0001
29.1497 0.0001 0.0001
29.1668 0.0001 0.0001
29.1839 0.0001 0.0001
29.2011 0.0001 0.0001
29.2182 0.0001 0.0001
29.2353 0.0001 0.0001
29.2524 0.0001 0.0001
29.2696 0.0001 0.0001
29.2867 0.0001 0.0001
29.3038 0.0001 0.0001
29.3209 0.0001 0.0001
29.3381 0.0001 0.0001
29.3552 0.0001 0.0001
29.3723 0.0001 0.0001
29.3895 0.0001 0.0001
29.4066 0.0001 0.0001
29.4237 0.0001 0.0001
29.4408 0.0001 0.0001
29.4580 0.0001 0.0001
29.4751 0.0001 0.0001
29.4922 0.0001 0.0001
29.5093 0.0001 0.0001
29.5265 0.0001 0.0001
29.5436 0.0001 0.0001
29.5607 0.0001 0.0001
29.5778 0.0001 0.0001
29.5950 0.0001 0.0001
29.6121 0.0001 0.0001
29.6292 0.0001 0.0001
29.6464 0.0001 0.0001
29.6635 0.0001 0.0001
29.6806 0.0001 0.0001
29.6977 0.0001 0.0001
29.7149 0.0001 0.0001
29.7320 0.0001 0.0001
29.7491 0.0001 0.0001
29.7662 0.0001 0.0001
29.7834 0.0001 0.0001
29.8005 0.0001 0.0001
29.8176 0.0001 0.0001
29.8347 0.0001 0.0001
29.8519 0.0001 0.0001
29.8690 0.0001 0.0001
29.8861 0.0001 0.0001
29.9033 0.0001 0.0001
29.9204 0.0001 0.0001
29.9375 0.0001 0.0001
29.9546 0.0001 0.0001
29.9718 0.0001 0.0001
29.9889 0.0001 0.0001
30.0060 0.0001 0.0001
30.0231 0.0001 0.0001
30.0403 0.0001 0.0001
30.0574 0.0001 0.0001
30.0745 0.0001 0.0001
30.0916 0.0001 0.0001
30.1088 0.0001 0.0001
30.1259 0.0001 0.0001
30.1430 0.0001 0.0001
30.1602 0.0001 0.0001
30.1773 0.0001 0.0001
30.1944 0.0001 0.0001
30.2115 0.0001 0.0001
30.2287 0.0001 0.0001
30.2458 0.0001 0.0001
30.2629 0.0001 0.0001
30.2800 0.0001 0.0001
30.2972 0.0001 0.0001
30.3143 0.0001 0.0001
30.3314 0.0001 0.0001
30.3485 0.0001 0.0001
30.3657 0.0001 0.0001
30.3828 0.0001 0.0001
30.3999 0.0001 0.0001
30.4171 0.0001 0.0001
30.4342 0.0001 0.0001
30.4513 0.0001 0.0001
30.4684 0.0001 0.0001
30.4856 0.0001 0.0001
30.5027 0.0001 0.0001
30.5198 0.0001 0.0001
30.5369 0.0001 0.0001
30.5541 0.0001 0.0001
30.5712 0.0001 0.0001
30.5883 0.0001 0.0001
30.6055 0.0001 0.0001
30.6226 0.0001 0.0001
30.6397 0.0001 0.0001
30.6568 0.0001 0.0001
30.6740 0.0001 0.0001
30.6911 0.0001 0.0001
30.7082 0.0001 0.0001
30.7253 0.0001 0.0001
30.7425 0.0001 0.0001
30.7596 0.0001 0.0001
30.7767 0.0001 0.0001
30.7938 0.0001 0.0001
30.8110 0.0001 0.0001
30.8281 0.0001 0.0001
30.8452 0.0001 0.0001
30.8624 0.0001 0.0001
30.8795 0.0001 0.0001
30.8966 0.0001 0.0001
30.9137 0.0001 0.0001
30.9309 0.0001 0.0001
30.9480 0.0001 0.0001
30.9651 0.0001 0.0001
30.9822 0.0001 0.0001
30.9994 0.0001 0.0001
31.0165 0.0001 0.0001
31.0336 0.0001 0.0001
31.0507 0.0001 0.0001
31.0679 0.0001 0.0001
31.0850 0.0001 0.0001
31.1021 0.0001 0.0001
31.1193 0.0001 0.0001
31.1364 0.0001 0.0001
31.1535 0.0001 0.0001
31.1706 0.0001 0.0001
31.1878 0.0001 0.0001
31.2049 0.0001 0.0001
31.2220 0.0001 0.0001
31.2391 0.0000 0.0001
31.2563 0.0000 0.0001
31.2734 0.0000 0.0001
31.2905 0.0000 0.0000
31.3076 0.0000 0.0000
31.3248 0.0000 0.0000
31.3419 0.0000 0.0000
31.3590 0.0000 0.0000
31.3762 0.0000 0.0000
31.3933 0.0000 0.0000
31.4104 0.0000 0.0000
31.4275 0.0000 0.0000
31.4447 0.0000 0.0000
31.4618 0.0000 0.0000
31.4789 0.0000 0.0000
31.4960 0.0000 0.0000
31.5132 0.0000 0.0000
31.5303 0.0000 0.0000
31.5474 0.0000 0.0000
31.5645 0.0000 0.0000
31.5817 0.0000 0.0000
31.5988 0.0000 0.0000
31.6159 0.0000 0.0000
31.6331 0.0000 0.0000
31.6502 0.0000 0.0000
31.6673 0.0000 0.0000
31.6844 0.0000 0.0000
31.7016 0.0000 0.0000
31.7187 0.0000 0.0000
31.7358 0.0000 0.0000
31.7529 0.0000 0.0000
31.7701 0.0000 0.0000
31.7872 0.0000 0.0000
31.8043 0.0000 0.0000
31.8214 0.0000 0.0000
31.8386 0.0000 0.0000
31.8557 0.0000 0.0000
31.8728 0.0000 0.0000
31.8900 0.0000 0.0000
31.9071 0.0000 0.0000
31.9242 0.0000 0.0000
31.9413 0.0000 0.0000
31.9585 0.0000 0.0000
31.9756 0.0000 0.0000
31.9927 0.0000 0.0000
32.0098 0.0000 0.0000
32.0270 0.0000 0.0000
32.0441 0.0000 0.0000
32.0612 0.0000 0.0000
32.0783 0.0000 0.0000
32.0955 0.0000 0.0000
32.1126 0.0000 0.0000
32.1297 0.0000 0.0000
32.1469 0.0000 0.0000
32.1640 0.0000 0.0000
32.1811 0.0000 0.0000
32.1982 0.0000 0.0000
32.2154 0.0000 0.0000
32.2325 0.0000 0.0000
32.2496 0.0000 0.0000
32.2667 0.0000 0.0000
32.2839 0.0000 0.0000
32.3010 0.0000 0.0000
32.3181 0.0000 0.0000
32.3352 0.0000 0.0000
32.3524 0.0000 0.0000
32.3695 0.0000 0.0000
32.3866 0.0000 0.0000
32.4038 0.0000 0.0000
32.4209 0.0000 0.0000
32.4380 0.0000 0.0000
32.4551 0.0000 0.0000
32.4723 0.0000 0.0000
32.4894 0.0000 0.0000
32.5065 0.0000 0.0000
32.5236 0.0000 0.0000
32.5408 0.0000 0.0000
32.5579 0.0000 0.0000
32.5750 0.0000 0.0000
32.5922 0.0000 0.0000
32.6093 0.0000 0.0000
32.6264 0.0000 0.0000
32.6435 0.0000 0.0000
32.6607 0.0000 0.0000
32.6778 0.0000 0.0000
32.6949 0.0000 0.0000
32.7120 0.0000 0.0000
32.7292 0.0000 0.0000
32.7463 0.0000 0.0000
32.7634 0.0000 0.0000
32.7805 0.0000 0.0000
32.7977 0.0000 0.0000
32.8148 0.0000 0.0000
32.8319 0.0000 0.0000
32.8491 0.0000 0.0000
32.8662 0.0000 0.0000
32.8833 0.0000 0.0000
32.9004 0.0000 0.0000
32.9176 0.0000 0.0000
32.9347 0.0000 0.0000
32.9518 0.0000 0.0000
32.9689 0.0000 0.0000
32.9861 0.0000 0.0000
33.0032 0.0000 0.0000
33.0203 0.0000 0.0000
33.0374 0.0000 0.0000
33.0546 0.0000 0.0000
33.0717 0.0000 0.0000
33.0888 0.0000 0.0000
33.1060 0.0000 0.0000
33.1231 0.0000 0.0000
33.1402 0.0000 0.0000
33.1573 0.0000 0.0000
33.1745 0.0000 0.0000
33.1916 0.0000 0.0000
33.2087 0.0000 0.0000
33.2258 0.0000 0.0000
33.2430 0.0000 0.0000
33.2601 0.0000 0.0000
33.2772 0.0000 0.0000
33.2943 0.0000 0.0000
33.3115 0.0000 0.0000
33.3286 0.0000 0.0000
33.3457 0.0000 0.0000
33.3629 0.0000 0.0000
33.3800 0.0000 0.0000
33.3971 0.0000 0.0000
33.4142 0.0000 0.0000
33.4314 0.0000 0.0000
33.4485 0.0000 0.0000
33.4656 0.0000 0.0000
33.4827 0.0000 0.0000
33.4999 0.0000 0.0000
33.5170 0.0000 0.0000
33.5341 0.0000 0.0000
33.5512 0.0000 0.0000
33.5684 0.0000 0.0000
33.5855 0.0000 0.0000
33.6026 0.0000 0.0000
33.6198 0.0000 0.0000
33.6369 0.0000 0.0000
33.6540 0.0000 0.0000
33.6711 0.0000 0.0000
33.6883 0.0000 0.0000
33.7054 0.0000 0.0000
33.7225 0.0000 0.0000
33.7396 0.0000 0.0000
33.7568 0.0000 0.0000
33.7739 0.0000 0.0000
33.7910 0.0000 0.0000
33.8081 0.0000 0.0000
33.8253 0.0000 0.0000
33.8424 0.0000 0.0000
33.8595 0.0000 0.0000
33.8767 0.0000 0.0000
33.8938 0.0000 0.0000
33.9109 0.0000 0.0000
33.9280 0.0000 0.0000
33.9452 0.0000 0.0000
33.9623 0.0000 0.0000
33.9794 0.0000 0.0000
33.9965 0.0000 0.0000
34.0137 0.0000 0.0000
34.0308 0.0000 0.0000
34.0479 0.0000 0.0000
34.0650 0.0000 0.0000
34.0822 0.0000 0.0000
34.0993 0.0000 0.0000
34.1164 0.0000 0.0000
34.1336 0.0000 0.0000
34.1507 0.0000 0.0000
34.1678 0.0000 0.0000
34.1849 0.0000 0.0000
34.2021 0.0000 0.0000
34.2192 0.0000 0.0000
34.2363 0.0000 0.0000
